600056 中国医药 日线 前复权
      日期	    开盘	    最高	    最低	    收盘	    成交量	    成交额
20111010	9.38	9.47	9.10	9.16	293579	5998488.00
20111011	9.47	9.47	9.07	9.15	951357	19544996.00
20111012	9.08	9.56	9.03	9.52	863558	17984164.00
20111013	9.52	10.02	9.52	9.89	1111891	24122976.00
20111014	9.94	10.14	9.86	9.90	893775	19617232.00
20111017	9.94	10.02	9.80	9.92	335188	7282759.00
20111018	9.86	9.88	9.52	9.61	357814	7612657.00
20111019	9.55	9.71	9.28	9.41	582451	12230711.00
20111020	9.30	9.30	8.91	8.92	1023869	20425444.00
20111021	8.92	9.00	8.02	8.09	1390557	25955244.00
20111024	8.12	8.24	7.62	8.18	1863174	33255424.00
20111025	8.10	8.77	8.03	8.72	1325154	24988052.00
20111026	8.62	9.20	8.55	9.10	1370319	27484540.00
20111027	9.10	9.35	8.91	8.94	1120131	22622612.00
20111028	9.05	9.30	8.95	9.10	1380269	27872968.00
20111031	9.09	9.57	9.09	9.50	1177524	24528036.00
20111101	9.43	9.57	9.29	9.52	955843	19973280.00
20111102	9.30	10.47	9.24	10.40	2175454	47343244.00
20111103	10.36	10.82	9.81	10.02	14623938	322680160.00
20111104	9.89	10.01	9.53	9.75	6331513	135192048.00
20111107	9.63	9.74	9.41	9.49	4500063	94590040.00
20111108	9.49	9.55	9.17	9.17	4076355	84056648.00
20111109	9.27	9.40	9.15	9.39	2658058	54705596.00
20111110	9.29	9.35	8.99	8.99	3318943	67380288.00
20111111	9.08	9.17	8.76	8.82	6315511	125735488.00
20111114	8.93	9.05	8.80	9.05	4128717	81742256.00
20111115	9.02	9.15	8.93	9.14	3367324	67465472.00
20120507	10.01	10.01	9.28	9.71	28505449	603604544.00
20120508	9.57	9.70	9.41	9.49	10272868	216250112.00
20120509	9.43	9.69	9.40	9.49	6852386	143952160.00
20120510	9.57	9.87	9.52	9.76	10439055	223746304.00
20120511	9.76	10.83	9.56	10.46	18049692	405199936.00
20120514	10.52	11.48	10.51	11.07	25657829	612703104.00
20120515	10.92	10.92	10.30	10.62	14105881	324310656.00
20120516	10.52	10.82	10.45	10.46	9411778	218967728.00
20120517	10.32	10.44	10.12	10.29	7483836	168018976.00
20120518	10.25	10.47	10.17	10.17	4627839	104414520.00
20120521	10.20	10.27	9.83	10.11	4442921	97693712.00
20120522	10.15	10.57	10.15	10.44	6454288	147135408.00
20120523	10.41	10.51	10.10	10.41	5133858	116543384.00
20120524	10.37	10.39	10.08	10.09	4971040	111260448.00
20120525	10.09	10.28	10.05	10.09	3248168	72191312.00
20120528	9.88	10.02	9.58	9.93	4641340	99921776.00
20120529	9.92	10.15	9.78	10.10	4469443	98214928.00
20120530	10.11	10.19	9.92	9.96	2877684	63443768.00
20120531	9.92	10.10	9.80	10.00	2658790	58311688.00
20120601	10.02	10.09	9.89	9.95	2147551	46963276.00
20120604	9.82	9.89	9.53	9.54	3340534	71456624.00
20120605	9.57	10.05	9.57	9.94	5342622	116451256.00
20120606	10.00	10.02	9.76	9.80	2122125	45980544.00
20120607	9.95	10.42	9.95	10.01	5634778	125410768.00
20120608	10.17	10.19	9.97	10.02	2687697	59295636.00
20120611	10.07	10.14	9.85	10.05	3163138	69580408.00
20120612	10.08	10.31	10.08	10.13	4300258	95974192.00
20120613	10.17	10.58	10.14	10.53	6783032	153733840.00
20120614	10.46	10.62	10.41	10.48	5151085	118292000.00
20120615	10.48	10.72	10.48	10.62	4802278	111488744.00
20120618	10.61	10.76	10.42	10.45	4051552	93624048.00
20120619	10.47	10.71	10.38	10.48	3577899	82327984.00
20120620	10.54	10.55	10.13	10.18	3540088	79613928.00
20120621	10.17	10.24	9.97	10.22	1536222	33983936.00
20120625	10.17	10.26	9.82	9.83	2955542	64651496.00
20120626	9.80	10.02	9.73	9.94	2008560	43330124.00
20120627	9.99	10.22	9.95	10.05	2531455	55938540.00
20120628	10.12	10.20	9.72	9.73	1848261	40235448.00
20120629	9.73	10.07	9.73	10.05	1864043	40285172.00
20120702	10.12	10.30	9.98	10.23	1927841	42746952.00
20120703	10.19	10.31	10.03	10.09	2750178	61194188.00
20120704	10.10	10.19	9.82	9.87	2874210	62492948.00
20120705	9.87	9.98	9.77	9.87	2387820	51469800.00
20120706	9.96	10.09	9.68	10.02	3159935	68114248.00
20120709	10.00	10.22	9.91	9.98	3193567	70309896.00
20120710	9.98	9.98	9.58	9.62	5214239	111187672.00
20120711	9.70	9.70	9.57	9.69	1909514	40268224.00
20120712	9.70	9.93	9.60	9.73	4641597	99471608.00
20120713	9.74	9.85	9.59	9.71	1957806	41630264.00
20120716	9.67	9.81	9.51	9.60	2644982	55928848.00
20120717	9.57	9.71	9.56	9.65	1005700	21248772.00
20120718	9.65	9.73	9.58	9.70	1036611	21907086.00
20120719	9.72	9.85	9.63	9.69	1973634	42133432.00
20120720	9.64	9.73	9.58	9.62	918651	19419420.00
20120723	9.63	9.64	9.50	9.56	1213635	25474920.00
20120724	9.54	9.60	9.33	9.52	2340094	48477824.00
20120725	9.75	9.85	9.68	9.75	2685093	57452756.00
20120726	9.80	9.80	9.58	9.60	1275532	27068112.00
20120727	9.67	9.72	9.42	9.46	2017014	41992200.00
20120730	9.46	9.49	9.36	9.41	1850451	38262220.00
20120731	9.32	9.40	9.15	9.25	2156332	43992152.00
20120801	9.28	9.38	9.18	9.35	1459896	29899524.00
20120802	9.35	9.47	9.30	9.42	1138859	23538332.00
20120803	9.49	9.50	9.33	9.48	771804	15982784.00
20120806	9.41	9.70	9.41	9.70	2882098	60435540.00
20120807	9.67	9.75	9.58	9.62	1999878	42402032.00
20120808	9.61	9.67	9.47	9.53	1420041	29811392.00
20120809	9.51	9.66	9.42	9.62	2098661	43896960.00
20120810	9.62	9.77	9.54	9.71	2206395	46835252.00
20120813	9.71	9.79	9.55	9.60	1889824	39986944.00
20120814	9.66	9.75	9.51	9.71	1960956	41399540.00
20120815	9.82	10.27	9.80	9.82	7799353	170547280.00
20120816	9.86	9.86	9.40	9.42	4430116	92509920.00
20120817	9.47	9.55	9.40	9.44	1688786	35144972.00
20120820	9.46	9.46	9.24	9.39	1793581	36800460.00
20120821	9.33	9.58	9.33	9.43	3027596	62880940.00
20120822	9.43	9.52	9.23	9.27	2859372	59011884.00
20120823	9.27	9.35	9.15	9.17	2564201	52038516.00
20120824	8.82	9.07	8.69	8.69	3816018	74507120.00
20120827	8.59	8.67	8.33	8.37	2580419	48547692.00
20120828	8.38	8.47	8.08	8.24	3704835	67881088.00
20120829	8.22	8.36	8.10	8.11	2004136	36605920.00
20120830	8.13	8.19	7.67	7.77	4144582	72511752.00
20120831	7.71	7.87	7.68	7.82	3043837	52949428.00
20120903	7.78	8.01	7.72	7.98	3322059	58591096.00
20120904	7.98	8.02	7.75	7.79	2193069	38583908.00
20120905	7.79	7.92	7.68	7.89	2344756	41060372.00
20120906	7.89	8.25	7.89	8.23	3512443	63715932.00
20120907	8.22	8.73	8.22	8.57	7237405	137160224.00
20120910	8.67	8.97	8.55	8.93	7416812	144597904.00
20120911	9.40	9.73	9.19	9.53	13431840	277449728.00
20120912	9.43	9.57	9.32	9.39	4586705	94607240.00
20120913	9.39	9.50	9.34	9.37	3862142	79918088.00
20120914	9.42	9.55	9.34	9.49	3996109	82910392.00
20120917	9.57	9.77	9.39	9.40	4429893	92399248.00
20120918	9.40	9.60	9.40	9.54	3491658	72788224.00
20120919	9.47	9.60	9.37	9.47	4945296	102550504.00
20120920	9.51	9.62	9.42	9.51	3113656	65018552.00
20120921	9.52	9.60	9.30	9.45	3655831	75723320.00
20120924	9.42	9.42	9.19	9.31	6007917	122347912.00
20120925	9.31	9.37	8.97	9.10	3111451	62689652.00
20120926	9.10	9.45	9.03	9.27	8005448	162083984.00
20120927	9.22	9.35	8.91	9.02	6622010	132694712.00
20120928	8.81	8.81	8.39	8.70	6090317	114946416.00
20121008	8.62	8.63	8.43	8.50	2664134	50256100.00
20121009	8.50	8.90	8.50	8.89	3995841	77020144.00
20121010	8.82	9.22	8.78	9.02	3613698	72091248.00
20121011	8.98	9.05	8.75	8.75	2256854	44324964.00
20121012	8.82	8.93	8.75	8.89	2259481	44142140.00
20121015	8.91	9.00	8.79	8.97	1558928	30645158.00
20121016	8.99	9.16	8.90	9.01	2712023	54278396.00
20121017	9.07	9.11	8.89	8.94	1807571	35711272.00
20121018	8.90	9.03	8.90	8.99	1909290	37879244.00
20121019	8.99	9.03	8.71	8.85	2684824	52422172.00
20121022	8.83	8.91	8.74	8.90	1299609	25387212.00
20121023	9.00	9.02	8.72	8.76	2819495	54921712.00
20121024	8.72	8.90	8.71	8.81	1395458	27194752.00
20121025	8.81	8.84	8.71	8.73	1095858	21234416.00
20121026	8.68	8.77	8.50	8.59	1721892	32725460.00
20121029	8.64	8.64	8.50	8.55	955478	18106714.00
20121030	8.55	8.62	8.47	8.52	701772	13274566.00
20121031	8.50	8.57	8.47	8.53	617171	11665692.00
20121101	8.54	8.71	8.54	8.69	2061204	39524880.00
20121102	8.69	8.74	8.62	8.71	1662913	31971660.00
20121105	8.90	8.98	8.73	8.76	3544969	69068536.00
20121106	8.72	8.84	8.68	8.82	1636155	31749068.00
20121107	8.82	8.87	8.76	8.82	1635566	31906564.00
20121108	8.82	8.98	8.72	8.85	2114135	41455692.00
20121109	8.80	8.89	8.75	8.78	1971706	38385912.00
20121112	8.75	8.81	8.72	8.80	1232523	23919924.00
20121113	8.77	8.81	8.42	8.56	2730557	51802680.00
20121114	8.47	8.54	8.35	8.41	1721239	32106392.00
20121115	8.41	8.44	8.26	8.31	1557613	28820200.00
20121116	8.25	8.35	8.13	8.33	1507300	27606674.00
20121119	8.23	8.44	8.23	8.42	1103727	20510700.00
20121120	8.45	8.50	8.39	8.50	617244	11549833.00
20121121	8.42	8.59	8.40	8.57	779410	14670334.00
20121122	8.56	8.60	8.45	8.60	580081	10980932.00
20121123	8.54	8.70	8.53	8.66	1326894	25352532.00
20121126	8.61	8.72	8.61	8.63	944080	18137036.00
20121127	8.59	8.60	8.38	8.41	1656908	31029180.00
20121128	8.39	8.39	8.21	8.36	833706	15339457.00
20121129	8.28	8.42	8.23	8.26	735923	13665549.00
20121130	8.26	8.51	8.16	8.48	668174	12434741.00
20121203	8.48	8.68	8.47	8.48	1018712	19289236.00
20121204	8.43	8.66	8.33	8.49	789441	14800463.00
20121205	8.45	8.80	8.41	8.74	1797367	34490072.00
20121206	8.76	8.87	8.64	8.85	1964111	38028320.00
20121207	8.84	8.96	8.75	8.95	2243580	44075824.00
20121210	9.00	9.23	8.89	9.13	3282780	65570056.00
20121211	9.05	9.29	8.98	9.09	4094277	82352856.00
20121213	9.00	9.06	8.41	8.51	2569726	49295608.00
20121214	8.50	8.75	8.43	8.70	2889920	55250916.00
20121217	8.66	8.81	8.54	8.68	3107352	59436704.00
20121218	8.64	8.67	8.55	8.64	2570098	48981112.00
20121219	8.64	8.64	8.56	8.59	1870697	35603568.00
20121220	8.57	8.62	8.38	8.61	2438037	46026148.00
20121221	8.60	8.67	8.54	8.66	2071589	39537068.00
20121224	8.67	9.00	8.67	8.95	4031819	79005208.00
20121225	8.95	9.17	8.87	9.15	3991950	79675256.00
20121226	9.14	9.18	9.00	9.15	3135124	62776824.00
20121227	9.12	9.12	8.93	8.96	2746906	54770040.00
20121228	8.93	9.03	8.85	8.99	2692827	53104396.00
20121231	9.00	9.18	8.91	9.17	3210672	63769928.00
20130104	9.19	9.26	8.89	8.96	3084347	61284620.00
20130107	9.01	9.17	9.01	9.14	3129516	62825692.00
20130108	9.12	9.52	9.12	9.31	4445906	91470320.00
20130109	9.17	9.30	9.16	9.20	2410212	48955376.00
20130110	9.21	9.56	9.17	9.37	3711210	76740648.00
20130111	9.45	9.45	9.06	9.11	2586528	52557520.00
20130114	9.13	9.45	9.13	9.42	4285999	88118024.00
20130115	9.57	10.46	9.54	10.46	15492836	346859648.00
20130116	10.57	10.57	10.12	10.25	7630060	171219776.00
20130117	10.27	10.52	10.18	10.25	5545726	124843248.00
20130118	10.26	10.37	10.13	10.35	3681743	82381984.00
20130121	10.42	10.50	10.07	10.22	4305529	95989216.00
20130122	10.22	10.25	9.87	10.00	3810530	83547064.00
20130123	9.97	10.07	9.76	10.03	2326386	50284036.00
20130124	10.00	10.30	9.72	9.77	3623902	79387816.00
20130125	9.72	10.11	9.70	9.83	2517843	54470168.00
20130128	9.86	10.20	9.86	10.13	3684294	81229144.00
20130129	10.16	10.27	10.04	10.09	2208633	48899592.00
20130130	10.02	10.44	10.01	10.37	3783190	84992504.00
20130131	10.34	10.42	10.20	10.37	2276906	51267324.00
20130201	10.29	10.53	10.10	10.15	3539535	79639648.00
20130204	10.17	10.17	9.96	10.01	2585512	56626340.00
20130205	9.98	10.11	9.91	10.06	1477157	32408992.00
20130206	10.08	10.13	9.97	10.10	1582858	34773552.00
20130207	10.10	10.20	10.00	10.19	1922541	42415024.00
20130208	10.20	10.51	10.15	10.35	2869930	64936864.00
20130218	10.47	10.47	10.07	10.11	3001073	67369312.00
20130219	10.07	10.26	10.05	10.18	2398615	53086624.00
20130220	10.16	10.69	10.09	10.68	6083908	139469888.00
20130221	10.58	10.77	10.25	10.43	4954472	113690608.00
20130222	10.40	10.77	10.37	10.58	5296993	121874496.00
20130225	10.54	11.07	10.52	11.00	6063960	143816208.00
20130226	10.92	11.05	10.73	10.78	4783982	113490184.00
20130227	10.74	10.92	10.47	10.58	3705786	85524408.00
20130228	10.69	10.77	10.47	10.71	2146169	49678272.00
20130301	10.67	10.98	10.60	10.93	3946971	92658320.00
20130304	10.85	11.32	10.72	10.85	5727937	137052768.00
20130305	10.90	11.15	10.75	11.09	4415732	105032128.00
20130306	11.09	11.51	11.03	11.33	5013731	122389792.00
20130307	11.30	11.30	10.26	10.32	12293423	281502144.00
20130308	10.19	10.19	9.82	9.98	8814488	192497040.00
20130311	10.01	10.11	9.81	10.07	3467509	75879888.00
20130312	10.05	10.07	9.45	9.67	4999731	106281272.00
20130313	9.58	9.71	9.50	9.68	1687539	35463292.00
20130314	9.70	9.75	9.61	9.63	1285623	27249668.00
20130315	9.60	9.87	9.49	9.64	2624387	55712860.00
20130318	9.72	9.78	9.43	9.58	1944792	41002848.00
20130319	9.53	9.61	9.41	9.54	2009061	41821924.00
20130320	9.44	9.76	9.44	9.71	2132524	45206188.00
20130321	9.72	9.89	9.71	9.76	3015842	64741756.00
20130322	9.77	10.05	9.77	9.99	3712192	80747360.00
20130325	10.02	10.15	9.90	9.98	2959020	64628512.00
20130326	10.00	10.00	9.73	9.93	2257877	48545820.00
20130327	9.92	9.97	9.80	9.89	2010180	43443848.00
20130328	9.87	9.87	9.46	9.51	2493115	52341576.00
20130329	9.56	9.56	9.42	9.54	1310411	27349016.00
20130401	9.51	9.67	9.51	9.55	1938290	40727544.00
20130402	9.56	9.62	9.29	9.40	2007071	41562496.00
20130412	9.47	9.82	9.45	9.56	6348805	134715968.00
20130415	9.47	9.52	9.12	9.18	2327015	47463996.00
20130416	9.08	9.12	8.84	9.10	1706188	33671768.00
20130417	9.11	9.39	9.11	9.33	1700431	34585472.00
20130418	9.32	9.32	9.12	9.19	1192712	24122726.00
20130419	9.20	9.37	9.18	9.32	1730824	35394656.00
20130422	9.39	9.56	9.37	9.43	2074637	43011228.00
20130423	9.44	9.47	9.03	9.04	1960234	39528036.00
20130424	9.06	9.27	9.02	9.20	1210294	24458592.00
20130425	9.20	9.20	9.01	9.06	1696114	33933300.00
20130426	9.16	9.22	8.99	9.03	1427279	28604088.00
20130502	9.01	9.03	8.80	8.87	1296604	25471362.00
20130503	8.87	9.18	8.86	9.10	1731525	34495368.00
20130506	9.10	9.30	9.07	9.26	2452077	49670680.00
20130507	9.22	9.24	9.13	9.20	1409987	28514124.00
20130508	9.18	9.26	9.12	9.20	1577405	31885936.00
20130509	9.29	9.91	9.20	9.57	3502499	71582384.00
20130510	9.50	9.80	9.46	9.60	1989667	41208296.00
20130513	9.67	9.67	9.44	9.47	1293918	26512540.00
20130514	9.53	9.71	9.22	9.65	3397763	69617152.00
20130515	9.60	9.71	9.50	9.61	2318352	48041544.00
20130516	9.59	9.65	9.44	9.56	2293086	47205280.00
20130517	9.56	9.66	9.52	9.59	2550947	52896184.00
20130520	9.71	9.73	9.25	9.29	6524656	132259648.00
20130521	9.25	9.34	9.20	9.32	3788806	75895688.00
20130522	9.25	9.39	9.21	9.28	3144547	63053608.00
20130523	9.25	9.33	9.20	9.22	2204761	44131652.00
20130524	9.24	9.32	9.20	9.31	2208641	44257792.00
20130527	9.32	9.40	9.28	9.39	3043092	61429816.00
20130528	9.42	9.46	9.20	9.31	4777716	95910632.00
20130529	9.35	9.46	9.27	9.45	3673260	74412120.00
20130530	9.42	9.58	9.38	9.55	4598223	94169224.00
20130531	9.53	9.62	9.46	9.49	4435893	91401920.00
20130603	9.50	9.88	9.49	9.81	6986256	146407584.00
20130604	9.91	10.00	9.56	9.61	5818082	122063360.00
20130605	9.58	9.74	9.41	9.52	3228424	66414148.00
20130606	9.49	9.58	9.30	9.32	2605008	52928356.00
20130619	9.30	9.30	8.35	8.75	4779699	90274440.00
20130620	8.68	8.68	8.33	8.36	2249208	41617656.00
20130621	8.25	8.40	8.02	8.35	1283887	23045780.00
20130624	8.31	8.31	7.52	7.60	2556802	44017656.00
20130625	7.55	7.68	6.77	7.37	3126428	50206648.00
20130626	7.35	7.53	7.24	7.40	2045738	33204900.00
20130627	7.40	7.73	7.40	7.44	2390410	39714784.00
20130628	7.44	7.59	7.26	7.44	1404298	22992112.00
20130701	7.40	7.57	7.30	7.56	1743858	28655278.00
20130702	7.62	7.82	7.50	7.79	2576000	43438856.00
20130703	7.78	7.78	7.54	7.64	2073350	34705524.00
20130704	7.60	7.75	7.45	7.63	1993689	33339758.00
20130705	7.65	7.70	7.53	7.54	1524596	25532496.00
20130708	7.50	7.50	7.09	7.09	1913325	30611844.00
20130709	7.09	7.17	6.93	7.10	1973972	30773180.00
20130710	7.19	7.88	7.10	7.88	2508824	42362808.00
20130711	8.75	8.75	8.75	8.75	1492340	28354460.00
20130712	9.69	9.70	9.34	9.70	25418507	526955040.00
20130715	9.70	9.75	9.43	9.73	17046706	353626368.00
20130716	9.79	10.50	9.79	9.98	16112211	349547296.00
20130717	9.81	9.96	9.60	9.84	9937815	208603072.00
20130718	9.77	9.77	9.52	9.66	5824660	121148392.00
20130719	9.54	9.99	9.51	9.60	7560581	158904624.00
20130722	9.44	9.68	9.25	9.66	5789025	118332704.00
20130723	9.61	9.95	9.50	9.94	8100523	169762304.00
20130724	9.85	9.90	9.65	9.81	5459875	114985144.00
20130725	9.81	10.34	9.50	9.55	9833499	211536816.00
20130726	9.35	9.49	9.05	9.18	6206064	124375168.00
20130729	9.12	9.14	8.87	9.13	3283541	64030656.00
20130730	9.15	9.27	8.96	9.17	2939901	58141576.00
20130731	9.17	9.34	8.85	9.01	3154240	61939312.00
20130801	8.85	9.07	8.66	9.06	7589556	146003888.00
20130802	9.06	9.23	8.96	9.03	6160403	121300368.00
20130805	8.95	9.21	8.85	9.15	5901366	115775792.00
20130806	9.13	9.18	9.03	9.12	4661038	91844584.00
20130807	9.10	9.10	8.85	8.89	5805367	112601560.00
20130808	8.85	9.01	8.78	8.90	5242732	101310568.00
20130809	8.92	8.99	8.70	8.87	4503252	86442288.00
20130812	9.10	9.21	8.98	9.14	7639424	150294080.00
20130813	9.14	9.50	9.09	9.44	8618938	174309648.00
20130814	9.50	9.54	9.17	9.24	6583467	132389232.00
20130815	9.24	9.32	8.97	9.00	5232594	103224696.00
20130816	8.90	9.11	8.61	8.64	5705524	109343000.00
20130819	8.54	8.82	8.50	8.74	2181932	41226844.00
20130820	8.74	8.76	8.52	8.58	3350741	62998240.00
20130821	8.58	8.82	8.44	8.76	3882780	73084928.00
20130822	8.72	8.81	8.66	8.79	2871029	54583720.00
20130823	8.86	8.89	8.50	8.63	3001957	56726824.00
20130826	8.63	8.82	8.63	8.80	2491947	47477696.00
20130827	8.81	8.82	8.65	8.79	2929682	55622392.00
20130828	8.76	8.76	8.57	8.61	3932596	73846232.00
20130829	8.61	8.69	8.56	8.61	2297161	43040528.00
20130830	8.64	9.02	8.55	8.84	7616257	145555040.00
20130902	8.92	8.93	8.67	8.86	3771752	72105912.00
20130903	8.85	9.18	8.79	9.11	6141023	120700016.00
20130904	9.10	9.27	9.05	9.11	6146593	121988272.00
20130905	9.09	9.25	8.91	9.19	4544580	89373768.00
20130906	9.15	9.17	9.02	9.05	2834585	55758920.00
20130909	9.00	9.03	8.89	8.99	3820797	74191608.00
20130910	9.01	9.02	8.84	8.89	6625034	127910656.00
20130911	8.90	8.90	8.73	8.83	4078998	77925984.00
20130912	8.82	8.89	8.78	8.83	2601069	49872080.00
20130913	8.89	9.02	8.84	8.92	4223222	81860656.00
20130916	9.07	9.11	8.91	8.92	3041091	59226496.00
20130917	8.95	8.99	8.69	8.71	3647184	69844072.00
20130918	8.65	8.90	8.65	8.88	2408354	46067684.00
20130923	8.93	9.01	8.85	9.01	3588176	69509616.00
20130924	8.95	9.29	8.90	9.28	8786565	174395264.00
20130925	9.25	9.47	9.16	9.26	7541862	151615872.00
20130926	9.30	9.70	9.15	9.57	12551308	258977392.00
20130927	9.57	9.74	9.46	9.50	7146562	147602448.00
20130930	9.51	9.97	9.51	9.90	7939451	168645824.00
20131008	9.87	10.02	9.71	9.88	6170048	130990800.00
20131009	9.87	10.37	9.81	10.37	11164032	245105120.00
20131010	10.42	10.44	10.14	10.18	5735794	126327328.00
20131011	10.54	10.95	10.40	10.43	11055383	251896016.00
20131014	10.43	10.68	10.29	10.61	7171917	161925632.00
20131015	10.62	10.92	10.41	10.50	6518235	148528848.00
20131016	10.38	10.38	9.74	9.94	9923012	213137888.00
20131017	10.05	10.31	9.97	10.04	5753644	125514592.00
20131018	9.91	10.17	9.86	10.03	2957186	63826176.00
20131021	10.04	10.39	10.04	10.37	5063849	111444144.00
20131022	10.39	10.63	10.33	10.44	6969835	156726720.00
20131023	10.43	10.71	10.19	10.23	6392836	143692704.00
20131024	10.23	10.49	10.19	10.30	3588872	79353736.00
20131025	10.28	10.34	9.78	9.93	3395733	72924488.00
20131028	9.93	10.09	9.45	9.47	5260114	110205808.00
20131029	9.50	9.66	9.01	9.41	4198004	84554336.00
20131030	9.40	9.58	9.31	9.54	2521442	51512732.00
20131031	9.58	9.58	9.10	9.26	2638217	53334060.00
20131101	9.23	9.35	9.09	9.20	2126746	42262000.00
20131104	9.31	9.34	9.20	9.29	1415278	28397024.00
20131105	9.27	9.52	9.18	9.47	2004381	40622472.00
20131106	9.40	9.46	9.26	9.29	2079633	41984836.00
20131107	9.26	9.32	9.08	9.10	2731947	54165836.00
20131108	9.01	9.10	8.90	8.91	1497173	29140248.00
20131111	8.92	9.11	8.91	9.10	2463632	48105844.00
20131112	9.08	9.40	9.07	9.39	2296238	46021776.00
20131113	9.42	9.59	9.30	9.32	2646446	54058672.00
20131114	9.26	9.56	9.20	9.42	1894333	38420832.00
20131115	9.46	9.70	9.40	9.54	2976825	61699000.00
20131118	9.58	9.71	9.50	9.62	2621450	54233056.00
20131119	9.62	9.62	9.40	9.44	2834541	57872640.00
20131120	9.48	9.72	9.37	9.69	3342856	69020680.00
20131121	9.63	9.63	9.43	9.51	2193683	44986068.00
20131122	9.46	9.57	9.35	9.44	1365028	27819988.00
20131125	9.40	9.49	9.35	9.38	2004779	40802248.00
20131126	9.35	9.42	9.12	9.17	3184940	63396332.00
20131127	9.20	9.35	9.15	9.27	2909923	58146532.00
20131128	9.15	9.70	9.15	9.67	6487759	133662616.00
20131129	9.75	10.10	9.63	10.03	7329306	155747584.00
20131202	9.90	10.36	9.71	9.99	7880820	170003920.00
20131203	9.90	10.32	9.89	10.28	5819619	126519856.00
20131204	10.24	10.37	10.09	10.17	8082030	177288896.00
20131205	10.20	10.22	9.95	10.07	4315887	93047064.00
20131206	10.13	10.16	9.96	9.99	2159573	46594496.00
20131209	10.05	10.18	9.96	10.07	2423340	52261768.00
20131210	10.08	10.12	9.91	9.95	2347965	50632176.00
20131211	9.91	10.10	9.85	10.03	3823215	82124680.00
20131212	10.15	10.32	10.05	10.05	3977094	87016456.00
20131213	9.96	10.00	9.78	9.81	4363065	92576576.00
20131216	9.84	9.89	9.48	9.48	2831056	58804992.00
20131217	9.49	9.61	9.46	9.56	1681532	34598412.00
20131218	9.59	9.72	9.51	9.68	2137317	44467260.00
20131219	9.65	9.70	9.50	9.55	1620886	33593756.00
20131220	9.53	9.59	9.46	9.55	1770749	36382984.00
20131223	9.65	10.04	9.47	9.99	5102414	108667712.00
20131224	10.00	10.03	9.86	9.98	2084099	44576408.00
20131225	9.98	10.17	9.91	10.13	3303589	71494656.00
20131226	10.10	10.24	9.97	9.99	3554966	77105344.00
20131227	9.98	10.21	9.97	10.05	4234803	92257992.00
20131230	10.13	10.34	10.06	10.25	3874957	85279640.00
20131231	10.25	10.34	10.09	10.15	2405475	52588664.00
20140102	10.14	10.14	9.50	9.86	3446229	73195768.00
20140103	9.86	9.89	9.55	9.61	3062356	63675072.00
20140106	9.61	9.74	9.54	9.64	1961791	40726804.00
20140107	9.69	9.87	9.49	9.81	2539097	52655312.00
20140108	9.87	9.89	9.52	9.68	4406364	91924032.00
20140109	9.58	9.69	9.48	9.50	3719674	77007048.00
20140110	9.55	9.60	9.45	9.52	3144259	64619320.00
20140113	9.59	9.60	9.10	9.26	2480532	49675020.00
20140114	9.25	9.32	9.12	9.28	1851686	36910204.00
20140115	9.32	9.32	9.13	9.23	1109738	22098376.00
20140116	9.22	9.34	9.21	9.25	1430098	28644716.00
20140117	9.22	9.25	8.95	9.01	2298884	45209392.00
20140120	9.02	9.20	8.89	9.18	2031365	39800252.00
20140121	9.15	9.22	9.05	9.10	1523057	30086560.00
20140122	9.13	9.29	9.06	9.26	2374152	47379772.00
20140123	9.24	9.30	9.19	9.24	2342793	46848080.00
20140124	9.25	9.36	9.15	9.32	3073786	61682244.00
20140127	9.23	9.30	9.10	9.11	2178485	43228040.00
20140128	9.17	9.31	9.11	9.20	1786934	35607560.00
20140129	9.15	9.23	9.04	9.06	2747690	54097152.00
20140130	9.14	9.14	9.04	9.11	1494061	29383536.00
20140207	9.08	9.23	9.00	9.20	2162865	42803396.00
20140210	9.24	9.57	9.24	9.51	5078433	103598128.00
20140211	9.51	9.51	9.34	9.45	3342902	68102592.00
20140212	9.42	9.75	9.40	9.69	4931452	102088576.00
20140213	9.65	9.78	9.55	9.62	5221133	109093072.00
20140214	9.63	9.69	9.55	9.67	2767089	57431408.00
20140217	9.72	9.83	9.69	9.82	4398961	92571952.00
20140218	9.87	9.94	9.65	9.68	4147362	87274520.00
20140219	9.67	10.73	9.66	10.73	16909819	383717312.00
20140220	10.97	10.97	10.19	10.28	14826398	335255520.00
20140221	10.25	11.20	10.25	11.09	16499578	378713920.00
20140224	11.00	11.09	10.69	11.01	10681038	248585056.00
20140225	11.09	11.40	10.35	10.42	12661773	294890816.00
20140226	10.52	10.71	10.12	10.64	9984481	224415760.00
20140227	10.65	11.32	10.45	11.09	11971967	280164896.00
20140228	10.99	11.07	10.60	10.87	6661273	153861040.00
20140303	10.90	11.58	10.90	10.99	12449827	299105472.00
20140304	10.87	11.14	10.59	10.67	8331022	192042864.00
20140305	10.72	11.13	10.54	10.71	6415545	148169328.00
20140306	10.69	10.69	10.32	10.54	3846837	86563832.00
20140307	10.50	10.71	10.40	10.60	3295048	74624448.00
20140310	10.41	10.57	9.95	10.04	4908784	107439616.00
20140311	10.10	10.32	10.02	10.17	3056721	66715688.00
20140312	10.02	10.22	9.86	10.07	2740080	59018012.00
20140313	10.07	10.32	9.90	10.28	2766865	60435156.00
20140314	10.22	10.30	9.92	10.02	2932498	63589280.00
20140317	10.10	10.39	10.03	10.37	3317066	73040696.00
20140318	10.50	10.75	10.36	10.38	5842959	132118152.00
20140319	10.30	10.57	10.30	10.44	2740904	61280972.00
20140320	10.54	10.75	10.20	10.29	4233177	95895072.00
20140321	10.42	10.81	10.37	10.76	5713848	130154648.00
20140324	10.78	11.25	10.78	11.24	8952405	211385040.00
20140325	11.25	11.33	10.80	10.94	10901480	256983776.00
20140326	11.03	11.12	10.86	11.03	5685716	133511184.00
20140327	10.95	11.01	10.65	10.65	5296001	122155256.00
20140328	10.60	10.72	10.29	10.37	3577705	80353000.00
20140331	10.45	10.49	10.30	10.41	2107882	47007884.00
20140401	10.32	10.54	10.32	10.53	1922343	43093464.00
20140402	10.59	10.79	10.51	10.58	3841180	87542848.00
20140403	10.51	10.66	10.49	10.54	2433650	55131436.00
20140404	10.49	10.60	10.45	10.58	2042244	46100740.00
20140408	10.58	11.00	10.52	10.91	6672455	154663296.00
20140409	10.94	10.96	10.85	10.95	3527949	82223072.00
20140410	10.99	11.11	10.87	10.95	5777496	135525920.00
20140411	10.92	11.27	10.86	11.22	8207091	195122208.00
20140414	11.16	11.37	11.05	11.10	6289577	150323264.00
20140415	11.12	11.19	10.69	10.70	5972012	138806112.00
20140416	10.71	10.79	10.62	10.71	2883550	66036156.00
20140417	10.78	10.80	10.47	10.51	3830899	87358768.00
20140418	10.49	10.60	10.34	10.58	3755287	84373200.00
20140421	10.47	10.61	10.40	10.43	2820974	63404396.00
20140422	10.41	10.64	10.39	10.60	3778648	85254296.00
20140423	10.62	10.64	10.47	10.54	2358401	53263200.00
20140424	10.52	10.52	10.15	10.19	4191179	92835720.00
20140425	10.19	10.37	10.05	10.11	2860390	62641728.00
20140428	10.17	10.17	9.50	9.54	4820825	100807600.00
20140429	9.46	9.65	9.33	9.63	3257957	66843116.00
20140430	9.59	9.67	9.49	9.63	1529944	31658892.00
20140505	9.64	9.77	9.59	9.75	2427544	50589184.00
20140506	9.74	9.84	9.70	9.77	1581351	33284488.00
20140507	9.74	9.74	9.49	9.56	1965321	40722440.00
20140508	9.55	9.73	9.51	9.57	1276766	26524104.00
20140509	9.53	9.68	9.45	9.60	1276519	26318696.00
20140512	9.67	9.89	9.64	9.87	1964439	41482744.00
20140513	9.88	9.89	9.78	9.81	1349657	28519632.00
20140514	9.81	9.85	9.70	9.75	1379776	29005628.00
20140515	9.74	9.77	9.56	9.58	998075	20776464.00
20140516	9.55	9.61	9.41	9.52	1246437	25532198.00
20140519	9.49	9.52	9.19	9.22	3599459	72285584.00
20140520	9.32	9.39	9.24	9.29	1629622	32767760.00
20140521	9.32	9.37	9.21	9.36	1490769	30016056.00
20140522	9.36	9.45	9.29	9.33	1524224	30889410.00
20140523	9.35	9.40	9.29	9.39	1324414	26770280.00
20140526	9.41	9.63	9.41	9.58	3198703	65802168.00
20140527	9.59	9.60	9.48	9.49	2245278	46163712.00
20140528	9.46	9.55	9.37	9.55	3102588	63418940.00
20140529	9.55	9.74	9.50	9.51	3121049	64756680.00
20140530	9.54	9.54	9.42	9.47	1845546	37745796.00
20140603	9.47	9.62	9.47	9.52	1446503	29830864.00
20140604	9.55	9.61	9.36	9.44	2096841	42814796.00
20140605	9.45	9.53	9.33	9.46	2140634	43445488.00
20140606	9.44	9.53	9.40	9.52	1939035	39588156.00
20140609	9.51	9.72	9.50	9.62	4151390	86420488.00
20140610	9.64	9.77	9.55	9.75	3455006	72188288.00
20140611	9.80	9.86	9.72	9.80	3371080	71189984.00
20140612	9.75	10.00	9.71	9.97	3548575	75319920.00
20140613	10.00	10.07	9.86	9.99	4245577	90983440.00
20140616	10.10	10.10	9.96	10.01	3778763	81335584.00
20140617	9.98	10.00	9.80	9.87	3089857	65658332.00
20140618	9.88	9.96	9.66	9.69	3597848	75935040.00
20140619	9.79	9.79	9.34	9.48	3048571	30993936.00
20140620	9.34	9.45	9.21	9.30	5397226	53550624.00
20140623	9.30	9.43	9.24	9.32	5444134	54038000.00
20140624	9.35	9.38	9.23	9.32	4961439	49083552.00
20140625	9.32	9.38	9.12	9.38	6431613	63449880.00
20140626	9.49	9.57	9.38	9.44	6242080	62942484.00
20140627	9.37	9.56	9.37	9.50	5286115	53437696.00
20140630	9.50	10.14	9.47	10.02	12384789	129878816.00
20140701	10.09	10.26	9.87	9.97	11867297	126686904.00
20140702	9.90	10.36	9.90	10.35	14991292	162574304.00
20140703	10.20	10.45	10.19	10.27	12750828	139597600.00
20140704	10.32	10.37	10.05	10.16	8046984	86485640.00
20140707	10.14	10.20	10.01	10.08	7403907	79169600.00
20140708	10.08	10.18	9.97	10.16	5533607	59075948.00
20140709	10.24	10.42	10.09	10.18	9662126	105124872.00
20140710	10.14	10.24	10.04	10.11	4483504	48116440.00
20140711	10.19	10.78	10.13	10.65	19244249	212794240.00
20140714	10.64	10.85	10.39	10.79	18512272	207444144.00
20140715	10.79	11.51	10.67	11.35	29934297	351063584.00
20140716	11.35	12.55	11.12	12.55	83826037	1081406720.00
20140717	11.77	12.19	11.42	11.68	44953772	555863360.00
20140718	11.49	12.36	11.11	11.68	40021907	499991008.00
20140721	11.49	11.73	11.30	11.51	18200623	220904224.00
20140722	11.40	12.01	11.34	11.86	22438445	278307648.00
20140723	11.66	11.88	11.53	11.74	16031351	196695104.00
20140724	11.70	11.85	11.55	11.80	15661486	193099024.00
20140725	11.84	11.84	11.35	11.47	20576060	249424240.00
20140728	11.49	11.69	11.37	11.53	22507088	272492160.00
20140729	11.55	11.83	11.45	11.78	21255860	261119216.00
20140730	11.78	11.83	11.50	11.76	16496994	202529584.00
20140731	11.75	11.89	11.66	11.76	15854471	196087728.00
20140801	11.77	12.89	11.77	12.41	50378165	652516352.00
20140804	12.57	12.59	12.13	12.42	30908745	399688448.00
20140805	12.34	12.37	12.04	12.19	23165180	296023648.00
20140806	12.19	12.30	12.11	12.23	13310454	170806784.00
20140807	12.10	12.22	11.89	11.90	15400326	194928752.00
20140808	11.90	12.01	11.86	11.95	8352197	104701920.00
20140811	11.97	12.24	11.94	12.17	11199462	142539056.00
20140812	12.15	12.33	12.09	12.24	13058123	167875680.00
20140813	12.24	12.32	11.90	12.06	12618305	159444416.00
20140814	12.04	12.04	11.69	11.69	13575846	169388448.00
20140815	11.67	11.87	11.65	11.81	6967216	86396368.00
20140818	11.84	12.00	11.84	11.97	9295434	116534896.00
20140819	11.94	11.94	11.76	11.84	12700056	157713104.00
20140820	11.82	12.19	11.79	12.09	18342359	232020992.00
20140821	12.09	12.12	11.81	11.99	8423088	105676480.00
20140822	11.99	12.07	11.82	11.98	8657940	108514848.00
20140825	11.94	11.95	11.70	11.74	11379400	140976352.00
20140826	11.74	11.88	11.48	11.49	9926464	121946984.00
20140827	11.49	11.61	11.19	11.33	14571657	174495120.00
20140828	11.34	11.48	11.20	11.43	8624687	102891192.00
20140829	11.42	11.45	11.27	11.41	7089043	84929560.00
20140901	11.41	11.59	11.40	11.54	6573110	79681704.00
20140902	11.58	11.82	11.52	11.79	11651307	143446544.00
20140903	11.88	12.01	11.79	11.93	17054019	213816272.00
20140904	11.94	11.97	11.74	11.91	13024218	162307872.00
20140905	11.91	11.98	11.77	11.90	13937651	174028544.00
20140909	12.11	13.15	12.11	12.89	59006439	785831808.00
20140910	12.79	12.79	12.47	12.63	29693617	392322784.00
20140911	12.61	12.75	12.42	12.53	25029008	330089536.00
20140912	12.48	12.57	12.41	12.55	12356878	162170720.00
20140915	12.59	12.87	12.56	12.64	18784944	249920608.00
20140916	12.63	12.65	12.00	12.01	21703143	280948672.00
20140917	11.98	12.11	11.81	12.02	11292952	141754560.00
20140918	12.03	12.24	11.90	12.19	10673765	135870816.00
20140919	12.19	12.29	12.11	12.22	8643787	110786576.00
20140922	12.21	12.21	11.91	11.94	9450502	119751824.00
20140923	11.91	12.16	11.90	12.15	7606691	96568144.00
20140924	12.09	12.49	12.05	12.37	16538466	213962624.00
20140925	12.46	12.59	12.27	12.32	12406082	161726576.00
20140926	12.28	12.34	12.19	12.32	8152243	105083624.00
20140929	12.31	12.43	12.30	12.41	12168123	157953440.00
20140930	12.41	12.74	12.41	12.64	18547054	245456784.00
20141008	12.69	12.84	12.63	12.79	17982182	240131184.00
20141009	12.84	13.19	12.79	12.95	27614048	375090144.00
20141010	12.89	13.51	12.75	13.46	40052254	556481664.00
20141013	13.47	14.28	13.24	14.02	45374495	653137984.00
20141014	14.02	14.29	13.59	13.82	31772521	459051360.00
20141015	13.75	14.36	13.65	14.07	36488244	535634368.00
20141016	14.07	14.38	13.37	13.41	37917283	550803648.00
20141017	13.29	13.42	12.75	13.00	22631151	309553408.00
20141020	13.02	13.45	13.02	13.28	12996202	180831920.00
20141021	13.30	13.35	12.95	13.00	11043024	151134368.00
20141022	13.09	13.27	12.74	12.86	9753177	133074608.00
20141023	12.77	12.96	12.39	12.55	11386665	150939824.00
20141024	12.54	12.66	12.47	12.56	7670896	101070808.00
20141027	12.55	12.82	12.46	12.81	6806767	90453488.00
20141028	12.93	13.17	12.85	13.12	10152163	138762304.00
20141029	13.17	13.27	12.99	13.12	14564964	199664240.00
20141030	13.12	13.38	13.06	13.22	14092850	195203232.00
20141031	13.29	13.36	12.99	13.17	12187571	167167360.00
20141103	13.19	13.25	12.97	13.04	12095626	165236784.00
20141104	13.04	13.04	12.77	12.84	11224755	151511008.00
20141105	12.83	13.06	12.65	13.06	9774904	131571360.00
20141106	13.04	13.04	12.79	12.91	6805184	92007136.00
20141107	12.89	12.89	12.57	12.68	11548280	154500112.00
20141110	12.71	12.87	12.67	12.81	7260194	97244888.00
20141111	12.83	13.06	12.69	13.04	19033308	257606880.00
20141112	13.09	13.22	13.01	13.21	15181997	208413056.00
20141113	13.21	13.21	12.67	12.75	13993274	188689712.00
20141114	12.74	12.82	12.60	12.74	7578423	100835640.00
20141117	12.79	12.87	12.70	12.76	6491515	86973280.00
20141118	12.76	12.81	12.60	12.65	6813870	90405712.00
20141119	12.62	12.77	12.57	12.72	6986122	92667640.00
20141120	12.70	12.70	12.61	12.64	5466984	72441376.00
20141121	12.64	12.69	12.59	12.66	7487897	99213408.00
20141124	12.77	12.85	12.61	12.75	12997004	173543008.00
20141125	12.78	13.04	12.75	13.04	15775496	213206880.00
20141126	13.06	13.10	12.89	13.07	14490356	197052080.00
20141127	13.19	13.48	13.11	13.37	25019181	348474336.00
20141128	13.42	13.44	13.08	13.22	17895063	246951184.00
20141201	13.23	13.38	13.04	13.22	15118285	207933680.00
20141202	13.19	13.37	13.17	13.33	19976713	277207776.00
20141203	13.33	14.67	13.09	14.28	54905371	793888000.00
20141204	14.22	14.59	14.01	14.53	42233982	632764288.00
20141205	14.61	16.00	14.44	15.31	67352106	1067296576.00
20141208	15.39	16.08	15.01	15.58	48508008	780875392.00
20141209	15.57	15.57	13.99	14.10	43368924	673262848.00
20141210	13.95	15.04	13.90	14.97	29701408	447888864.00
20141211	14.99	15.51	14.89	15.33	31254083	494060864.00
20141212	15.38	15.44	14.89	15.03	18361795	287643456.00
20141215	14.89	15.44	14.66	15.32	24773199	389980800.00
20141216	15.30	15.44	15.02	15.14	17946191	283148640.00
20141217	15.15	15.18	14.51	14.63	21086428	323295744.00
20141218	14.68	14.84	14.54	14.63	12790904	195657104.00
20141219	14.60	15.69	14.40	15.62	31493215	490149600.00
20141222	15.64	16.07	14.83	15.10	31532873	504255584.00
20141223	14.89	15.13	14.47	14.56	16294286	250693664.00
20141224	14.58	15.03	14.49	14.93	14144431	217301712.00
20141225	14.89	15.21	14.74	15.19	15125089	235944368.00
20141226	15.19	15.62	15.09	15.20	21583966	344087104.00
20141229	15.24	15.29	14.85	15.01	16675437	260670944.00
20141230	14.90	16.04	14.90	15.84	43055685	700803776.00
20141231	15.71	15.93	15.37	15.80	23314766	378337536.00
20150105	15.80	16.50	15.68	16.34	39252064	661805568.00
20150106	16.09	17.38	15.96	16.95	51918349	904611712.00
20150128	18.57	18.57	16.87	16.92	67209596	1212124032.00
20150129	16.40	16.47	15.65	15.99	32877603	545170496.00
20150130	15.82	16.23	15.59	15.61	18635921	305520160.00
20150202	15.44	15.44	14.89	15.12	16922523	266694096.00
20150203	15.12	15.59	15.09	15.52	14265272	228129808.00
20150204	15.51	15.51	14.89	14.94	17307115	272757216.00
20150205	15.14	15.24	14.69	14.71	14859013	229929440.00
20150206	14.61	15.39	14.61	15.05	19221532	302676192.00
20150209	14.90	14.90	14.45	14.51	10392130	157683648.00
20150210	14.55	15.05	14.44	14.90	10165833	155466864.00
20150211	14.92	15.19	14.72	15.07	9624756	150364656.00
20150212	15.08	15.22	14.86	15.06	9960375	155783776.00
20150213	15.09	15.83	15.09	15.66	19481617	314185440.00
20150216	15.69	15.88	15.53	15.79	15373945	250928560.00
20150217	15.79	16.23	15.70	15.85	14961910	247983968.00
20150225	15.87	15.99	15.64	15.74	11130658	182600160.00
20150226	15.71	15.73	15.32	15.64	14164823	228413104.00
20150227	15.64	16.19	15.57	15.89	18132722	298873792.00
20150302	15.95	16.05	15.78	16.02	18614452	307564800.00
20150303	16.02	16.02	15.49	15.53	20733266	338813888.00
20150304	15.46	16.14	15.46	16.10	21676386	356454240.00
20150305	16.01	16.60	15.92	16.49	34133325	580982912.00
20150306	16.39	16.49	15.91	15.93	18394845	307962592.00
20150309	15.95	16.03	15.56	15.87	13495216	221579472.00
20150310	15.92	16.25	15.92	16.09	14908616	248738272.00
20150311	16.08	16.08	15.57	15.63	17873996	292061472.00
20150312	15.61	15.69	15.39	15.50	15046586	242390432.00
20150313	15.54	15.76	15.54	15.70	11269512	183237328.00
20150316	15.73	16.04	15.50	16.03	48649810	797155456.00
20150317	16.15	16.37	15.95	16.36	45007628	755009408.00
20150318	16.44	16.91	16.28	16.82	52475499	902174656.00
20150319	16.82	16.82	16.38	16.58	33406524	574325312.00
20150320	16.54	17.00	16.48	16.79	29964668	520836480.00
20150323	16.83	17.26	16.63	17.23	44161503	776988928.00
20150324	17.20	17.20	16.40	16.86	40030121	699673856.00
20150325	16.88	17.52	16.61	17.36	49512410	874758656.00
20150326	17.34	17.69	16.99	17.36	38948138	701558080.00
20150327	17.40	17.95	17.29	17.78	36206029	661046208.00
20150330	17.79	18.07	17.62	17.85	30829975	567782464.00
20150331	17.86	18.02	17.44	17.57	35637995	650179072.00
20150401	17.65	17.75	17.43	17.66	29206408	532223680.00
20150402	17.71	18.15	17.52	17.87	38257276	707615040.00
20150403	17.76	17.89	17.55	17.78	27545362	504428160.00
20150407	17.77	18.26	17.61	18.21	48805994	901992576.00
20150408	18.25	18.25	17.39	17.54	49133406	899426624.00
20150409	17.54	17.54	16.67	17.20	36587357	648698048.00
20150410	17.10	17.65	16.93	17.52	27100966	490071456.00
20150413	17.57	18.54	17.55	18.30	50559787	946369024.00
20150414	18.39	18.64	17.86	18.05	37461886	705342400.00
20150415	18.02	18.02	17.22	17.39	25921146	471843680.00
20150416	17.19	17.69	16.87	17.53	20811193	374722880.00
20150417	17.61	18.11	17.61	18.01	38390790	711552896.00
20150420	17.99	18.54	17.42	17.88	49528089	921569920.00
20150421	17.78	19.58	17.75	19.38	67569984	1314860544.00
20150422	19.44	19.74	19.06	19.54	56927536	1138710144.00
20150423	19.58	19.58	18.92	19.25	37790567	749008064.00
20150424	18.78	19.35	18.67	18.90	32114133	628302080.00
20150427	19.09	20.49	18.79	20.11	50755409	1016359424.00
20150428	19.99	19.99	18.79	19.04	40934478	818622912.00
20150429	18.94	19.57	18.71	19.28	29027756	578957952.00
20150430	19.64	20.29	19.49	20.04	45184909	925096384.00
20150504	20.14	20.84	19.69	20.77	53045717	1113513216.00
20150505	20.70	20.70	19.26	19.30	36940852	761101632.00
20150506	19.28	19.71	18.05	18.49	31635430	621560640.00
20150507	18.49	18.56	17.34	17.77	23652164	438053216.00
20150508	17.94	18.23	17.67	18.21	20202108	375718048.00
20150511	18.39	18.86	18.01	18.78	27010963	516405472.00
20150512	18.79	18.96	18.64	18.88	29380894	570303552.00
20150513	18.84	19.04	18.49	18.76	30319192	585735360.00
20150514	18.69	19.52	18.60	19.36	35709276	703406528.00
20150515	19.39	19.39	18.39	18.45	27604658	533144128.00
20150518	18.33	18.69	18.15	18.47	19388422	370126176.00
20150519	18.50	19.07	18.50	18.91	28257184	549166208.00
20150520	19.01	19.52	18.91	18.97	36295774	721138816.00
20150521	18.96	19.72	18.67	19.68	42418231	848952512.00
20150522	19.72	20.67	19.29	20.30	60297977	1239044864.00
20150525	20.07	20.92	19.93	20.70	48537881	1024340928.00
20150526	20.74	21.28	20.19	21.09	52894106	1133063936.00
20150527	21.07	23.11	20.45	22.58	72330357	1606949248.00
20150528	22.14	22.99	20.26	20.27	56002968	1249863808.00
20150529	20.41	21.07	19.52	20.52	40625900	855042304.00
20150601	20.61	22.27	20.60	22.03	43681309	972381376.00
20150602	22.14	22.69	21.70	22.68	41346392	944756096.00
20150603	22.71	22.87	21.47	22.20	31189988	712285888.00
20150604	22.32	23.89	21.17	23.80	52917982	1246776704.00
20150605	24.29	24.48	23.09	23.88	48185643	1183231616.00
20150608	23.69	23.88	22.24	23.29	42140855	999750848.00
20150609	23.39	23.74	22.49	23.02	31171535	740112384.00
20150610	22.89	23.79	22.56	23.25	31538875	755407168.00
20150611	23.09	23.35	22.61	23.32	34745113	816513472.00
20150612	23.79	23.83	23.10	23.56	40093347	967313088.00
20150615	23.52	23.52	22.30	22.36	38243247	894823040.00
20150616	22.37	22.68	21.19	21.44	28499271	643890304.00
20150617	21.41	23.39	20.90	23.37	37265186	850758720.00
20150618	23.36	24.19	22.29	22.43	39755957	956680128.00
20150619	21.70	22.13	20.27	20.32	22279200	481719584.00
20150623	20.55	22.40	20.13	22.40	34286678	744996288.00
20150624	22.87	24.69	22.87	24.69	79482361	1942975488.00
20150625	24.65	25.95	22.95	23.77	104757252	2615393536.00
20150626	22.45	23.29	21.35	21.35	44098879	996395328.00
20150629	22.34	23.05	19.76	22.07	73694405	1651015552.00
20150630	21.55	24.32	19.96	23.89	66181503	1508665472.00
20150701	23.54	24.75	21.55	21.72	65108953	1561625088.00
20150702	21.65	21.65	19.50	19.50	42957230	889709568.00
20150703	17.63	19.55	17.51	17.51	33986776	624216512.00
20150706	19.27	19.27	15.71	16.04	56482267	969883136.00
20150707	15.40	15.40	14.39	14.39	28993991	434275264.00
20150708	12.91	14.05	12.91	12.91	94195261	1281391616.00
20150709	12.15	14.25	12.15	14.25	31649326	448898912.00
20150710	15.19	15.72	14.72	15.72	20770928	332102720.00
20150713	17.03	17.34	16.37	17.34	35513490	620238080.00
20150714	17.55	18.82	16.82	17.38	48116688	876801088.00
20150715	16.65	17.25	15.60	15.60	28297042	470476480.00
20150716	15.60	16.75	14.78	16.22	27529451	454255168.00
20150717	16.34	17.55	16.32	17.25	23463067	410632448.00
20150720	17.37	18.17	16.77	17.38	27386835	492521760.00
20150721	17.11	18.37	16.75	18.03	33540076	614507456.00
20150722	18.03	19.74	17.23	19.15	48495960	921196864.00
20150723	18.74	20.05	18.65	19.24	46120277	913585664.00
20150724	19.15	19.53	18.00	18.46	37099630	721693248.00
20150727	17.87	19.11	16.57	16.57	35890852	660588480.00
20150728	16.22	17.91	15.25	17.44	39482102	670816960.00
20150729	17.75	18.95	17.25	18.87	35842995	667791296.00
20150730	18.56	19.20	17.15	17.99	36474282	694510464.00
20150731	17.62	18.13	17.62	17.83	18090696	329566624.00
20150803	17.55	17.65	16.15	16.32	18042701	308709504.00
20150804	16.37	17.75	16.37	17.69	16705913	293514912.00
20150805	17.70	18.12	17.12	17.52	20524510	372982688.00
20150806	16.80	17.68	16.65	17.08	11854736	208979120.00
20150807	17.35	17.74	16.55	17.63	16332507	293772384.00
20150810	17.97	19.44	17.97	19.44	39063472	760743488.00
20150811	20.00	20.15	19.10	19.61	50880073	1025174080.00
20150812	19.25	21.05	19.10	20.41	42791926	886723968.00
20150813	19.97	20.93	19.41	20.69	37008988	762628800.00
20150814	20.69	22.13	20.15	21.63	43128726	914810176.00
20150817	21.06	22.17	20.65	21.34	42400942	926494400.00
20150818	20.85	21.11	19.16	19.16	42363969	861753856.00
20150819	18.13	19.62	17.23	19.37	28766789	544667072.00
20150820	19.23	19.23	17.76	17.79	18789955	357677888.00
20150821	17.55	18.43	16.95	17.01	20601306	372530912.00
20150824	16.26	16.31	15.26	15.26	22504595	355878560.00
20150825	13.69	14.35	13.69	13.69	28946913	412057856.00
20150826	14.10	14.54	12.98	13.44	26629937	383212736.00
20150827	13.85	14.75	13.56	14.71	21541603	312236768.00
20150828	15.12	15.93	14.75	15.73	28797747	454795968.00
20150831	15.65	15.65	14.73	14.75	19978984	310069536.00
20150901	14.61	14.80	13.35	13.47	23460370	335153024.00
20150902	12.75	14.15	12.13	13.86	23311105	326129824.00
20150907	14.16	14.73	13.73	13.81	15846630	234447840.00
20150908	13.85	14.65	13.55	14.55	12891257	187071200.00
20150909	14.85	15.21	14.65	15.04	19142361	294689536.00
20150910	14.75	15.03	14.57	14.61	11085236	169215248.00
20150911	14.54	14.80	14.17	14.52	10226858	153320672.00
20150914	15.03	15.37	13.37	13.79	24648291	372732416.00
20150915	13.25	13.66	12.45	12.54	16495293	221990208.00
20150916	12.82	13.84	12.65	13.84	14182604	193739184.00
20150917	13.78	14.30	13.35	13.44	18027080	258610928.00
20150918	13.65	13.80	13.30	13.55	10307535	144151136.00
20150921	13.39	14.05	13.28	14.04	12634546	180267344.00
20150922	14.06	14.38	13.94	14.09	14354273	209646000.00
20150923	13.88	13.98	13.50	13.67	11837867	168149744.00
20150924	13.67	13.93	13.59	13.82	8049383	114463280.00
20150925	13.86	14.40	13.76	13.85	19598261	285030016.00
20150928	13.83	13.99	13.26	13.95	9480229	133516528.00
20150929	13.55	13.71	13.37	13.48	7387048	103374544.00
20150930	13.55	13.70	13.30	13.44	6368890	88722504.00
20151008	14.05	14.29	13.97	14.09	14059958	204755712.00
20151009	14.09	14.20	13.92	14.13	12427427	180179728.00
20151012	14.16	15.03	14.16	14.75	21329981	321457120.00
20151013	14.73	14.82	14.57	14.80	13162110	199625168.00
20151014	14.71	14.82	14.38	14.39	13223784	198750752.00
20151015	14.35	15.06	14.32	15.04	18032302	275510112.00
20151016	15.21	15.55	14.91	15.35	22271668	350416384.00
20151019	15.29	15.47	14.86	15.09	18067681	282450976.00
20151020	15.09	15.35	14.96	15.30	15132628	237151872.00
20151021	16.05	16.88	15.78	16.88	91739008	1581112448.00
20151022	16.34	18.44	16.03	18.14	86891145	1526343168.00
20151023	17.75	18.13	17.35	17.66	62235922	1130230016.00
20151026	17.84	17.93	16.87	17.32	39885209	705722560.00
20151027	17.05	17.29	16.13	17.07	30105576	517510432.00
20151028	16.87	17.09	16.25	16.34	22079083	378211456.00
20151029	16.43	16.95	16.43	16.59	17919304	307097952.00
20151030	16.81	16.82	16.35	16.48	15135777	257494032.00
20151102	16.15	16.61	15.76	15.85	14600719	243006384.00
20151103	16.05	16.24	15.76	16.11	13778633	226665376.00
20151104	16.27	16.85	16.19	16.85	24794281	422710016.00
20151105	16.87	17.54	16.58	16.61	46042847	801203648.00
20151106	16.75	17.02	16.64	16.95	28060052	484578272.00
20151109	16.90	17.36	16.68	17.05	36125878	632080320.00
20151110	16.97	17.23	16.31	16.68	33446341	580765248.00
20151111	16.71	17.04	16.66	17.03	24304788	420544800.00
20151112	17.10	17.15	16.59	16.76	26529891	458054816.00
20151113	16.56	16.63	16.21	16.22	20377272	342989376.00
20151116	16.00	16.50	15.97	16.49	10134435	170221552.00
20151117	16.73	16.79	16.25	16.31	21311397	362413728.00
20151118	16.40	16.41	16.07	16.11	11546775	193008992.00
20151119	16.16	16.43	16.00	16.39	11127861	185387136.00
20151120	16.38	16.48	16.23	16.36	20084698	337164704.00
20151123	16.35	16.51	16.06	16.16	17134707	287377024.00
20151124	16.13	16.22	15.85	16.03	12144506	199356288.00
20151125	16.05	16.35	15.98	16.34	14129792	235615664.00
20151126	16.40	16.50	16.19	16.23	13187509	220721456.00
20151127	16.19	16.23	14.82	14.97	19345668	310839264.00
20151130	14.99	15.17	14.07	14.73	15441828	233132128.00
20151201	14.76	15.09	14.46	14.96	9472211	145103296.00
20151202	15.04	15.57	14.99	15.45	12013471	189172592.00
20151203	15.45	15.72	15.34	15.59	8962400	143284720.00
20151204	15.49	15.55	15.20	15.34	8156706	129514600.00
20151207	15.36	15.65	15.30	15.51	7653133	122071872.00
20151208	15.35	15.50	14.91	14.96	9447393	147268368.00
20151209	14.82	15.13	14.65	14.78	7975442	122117456.00
20151210	14.78	15.05	14.76	14.90	8240067	126246560.00
20151211	14.90	15.09	14.78	14.83	7269444	111779016.00
20151214	14.75	15.51	14.61	15.30	10271518	158940992.00
20151215	15.33	15.41	15.20	15.23	8615222	135617344.00
20151216	15.30	15.45	15.17	15.22	7765396	122346968.00
20151217	15.31	15.63	15.29	15.55	13174826	210112592.00
20151218	15.58	15.82	15.49	15.75	13289679	214612368.00
20151221	15.68	16.30	15.62	16.16	18451173	305999904.00
20151222	16.20	16.33	15.90	16.18	11545628	190778304.00
20151223	16.25	16.63	16.03	16.06	16807777	283138208.00
20151224	16.10	16.20	15.62	15.93	11416512	186955424.00
20151225	15.92	16.31	15.90	16.20	8650105	143096992.00
20151228	16.25	16.49	15.81	15.82	14349966	238696240.00
20151229	15.87	16.19	15.75	16.15	7644384	125506792.00
20151230	16.26	16.64	16.25	16.54	19634131	332953056.00
20151231	16.54	16.60	16.12	16.18	11016172	185347536.00
20160104	16.18	16.30	14.52	14.61	9246240	148325344.00
20160105	14.40	15.11	14.10	14.93	15352647	232860704.00
20160106	15.05	15.22	14.85	15.14	9154897	141577168.00
20160107	14.70	14.80	13.59	13.62	2638396	38578696.00
20160108	14.06	14.45	13.55	14.17	14327326	207704896.00
20160111	13.98	14.16	12.71	12.80	14344349	199526320.00
20160112	13.00	13.24	12.80	12.96	9249792	124847512.00
20160113	13.10	13.25	12.56	12.71	6665796	89646672.00
20160114	12.46	13.14	12.25	13.10	8256984	109724736.00
20160115	12.98	13.14	12.46	12.70	7830810	103779288.00
20160118	12.58	13.09	12.55	12.95	6114010	81568392.00
20160119	12.92	13.51	12.85	13.41	10240833	140200064.00
20160120	13.40	13.49	13.06	13.18	6408351	87995680.00
20160121	13.05	13.43	12.85	12.88	6707777	91180472.00
20160122	13.04	13.13	12.60	12.98	5700116	76028984.00
20160125	13.08	13.29	12.96	13.11	4365567	59202988.00
20160126	12.98	13.07	11.91	12.14	9722807	125968920.00
20160127	12.17	12.30	11.35	11.86	9603361	116707392.00
20160128	11.62	11.82	11.13	11.26	7420121	88815600.00
20160129	11.32	11.76	11.21	11.67	7988577	95854936.00
20160201	11.64	11.70	11.15	11.32	7019484	83393456.00
20160202	11.32	11.78	11.32	11.74	8945094	108199200.00
20160203	11.61	11.68	11.38	11.63	6426896	76992072.00
20160204	11.70	11.89	11.67	11.81	9641185	117875224.00
20160205	11.81	11.88	11.58	11.64	6415769	78153800.00
20160215	11.40	11.79	11.26	11.73	7254840	87151904.00
20160216	11.76	12.22	11.75	12.14	9774549	122033072.00
20160217	12.13	12.48	12.02	12.43	12206642	155619072.00
20160218	12.45	12.53	12.28	12.31	10589572	135685584.00
20160219	12.27	12.35	12.13	12.27	6582964	83598920.00
20160222	12.55	12.67	12.39	12.54	10695720	138785072.00
20160223	12.70	12.91	12.44	12.68	13200679	173463584.00
20160224	12.66	13.35	12.55	13.03	16916308	226591104.00
20160225	13.00	13.00	11.68	11.75	15791338	201188496.00
20160226	11.93	12.01	11.57	11.80	8043489	98670336.00
20160229	11.77	11.80	10.96	11.02	9905045	115143160.00
20160301	11.06	11.40	10.98	11.35	7511301	87365504.00
20160302	11.40	11.89	11.35	11.85	11141050	135212768.00
20160303	11.85	11.97	11.77	11.84	11228121	138388304.00
20160304	11.85	11.88	11.31	11.52	12518907	151116016.00
20160307	11.63	11.90	11.63	11.87	9140652	111990616.00
20160308	11.83	11.85	11.42	11.84	7791706	94209616.00
20160309	11.70	11.73	11.45	11.62	6158872	74446120.00
20160310	11.62	11.78	11.35	11.46	7585580	91259328.00
20160311	11.40	11.85	11.33	11.56	6259621	75154936.00
20160314	11.73	12.08	11.65	11.99	11928064	147725792.00
20160315	11.91	12.02	11.74	11.85	6861107	84493904.00
20160316	11.87	11.99	11.62	11.66	6636518	80961184.00
20160317	11.70	12.02	11.65	11.95	9770402	120350416.00
20160318	11.99	12.33	11.98	12.30	14918998	188615760.00
20160321	12.41	12.63	12.37	12.56	15476493	200357792.00
20160322	12.51	12.51	12.36	12.45	8734267	112571688.00
20160323	12.42	12.53	12.31	12.47	8373994	107701712.00
20160324	12.43	12.51	12.26	12.27	9424894	120946808.00
20160325	12.25	12.39	12.18	12.31	5997841	76270168.00
20160328	12.35	12.68	12.33	12.52	15509630	201258256.00
20160329	12.43	12.43	12.03	12.10	10670978	134825536.00
20160330	12.22	12.48	12.15	12.45	10607654	135718528.00
20160331	12.54	12.91	12.50	12.63	17217835	226719376.00
20160401	12.55	12.63	12.27	12.45	8054081	103783688.00
20160405	12.54	12.82	12.45	12.80	12501337	164128304.00
20160406	12.81	13.10	12.68	13.05	16717006	223646880.00
20160407	13.05	13.35	12.85	12.93	15303111	207413280.00
20160408	12.90	12.90	12.44	12.66	11694453	153191920.00
20160411	12.71	13.16	12.70	13.06	12879384	173235712.00
20160412	13.12	13.17	12.75	12.94	9362092	125709832.00
20160413	13.01	13.33	13.01	13.06	12514195	170511968.00
20160414	13.10	13.19	12.96	13.19	7160439	96966280.00
20160415	13.24	13.49	13.22	13.30	10601213	146279744.00
20160418	13.20	13.29	12.96	13.06	8193953	110894080.00
20160419	13.13	13.28	13.00	13.12	11667539	158424448.00
20160420	13.20	13.65	12.70	12.95	31117601	426651488.00
20160421	12.95	13.52	12.85	13.46	22277328	305931168.00
20160422	13.32	13.47	12.88	13.08	15325192	209106848.00
20160425	13.02	13.03	12.56	12.69	9146426	120524280.00
20160426	12.63	12.87	12.52	12.86	6611812	87014208.00
20160427	12.86	12.89	12.57	12.64	5749217	75861784.00
20160428	12.75	12.84	12.46	12.79	7914542	103745496.00
20160429	13.15	13.35	13.06	13.16	16774941	229525056.00
20160503	13.31	13.91	13.18	13.80	19982779	282274848.00
20160504	13.80	14.11	13.67	13.83	15121041	217292944.00
20160505	13.82	14.03	13.75	13.91	8439702	121040208.00
20160506	13.93	14.13	13.45	13.46	13315464	189054848.00
20160509	13.35	13.68	13.25	13.49	13508219	188193296.00
20160510	13.45	13.65	12.92	13.56	15075587	206704592.00
20160511	13.50	14.27	13.49	14.12	22276683	321968224.00
20160512	13.85	14.25	13.67	14.23	14282884	206166576.00
20160513	14.16	14.64	14.01	14.11	16713135	248420080.00
20160516	13.91	14.80	13.91	14.73	18287114	273051296.00
20160517	14.65	14.83	14.33	14.42	12190226	183382128.00
20160518	14.42	14.77	14.13	14.45	13594921	202519280.00
20160519	14.65	15.07	14.55	14.59	17827621	272297536.00
20160520	14.41	14.98	14.36	14.90	11896554	180780416.00
20160523	15.01	15.53	15.01	15.46	16757573	263356464.00
20160524	15.40	15.51	14.94	15.14	11203337	174478800.00
20160525	15.22	15.32	14.79	14.86	11383919	176038576.00
20160526	14.81	14.96	14.27	14.87	10834574	162979632.00
20160527	14.87	14.87	14.46	14.58	8848912	133297136.00
20160530	14.63	14.76	14.35	14.40	6688303	98862328.00
20160531	14.47	15.19	14.43	15.09	13027273	197373312.00
20160601	15.09	15.79	15.04	15.49	17310965	273449472.00
20160602	15.43	15.56	15.08	15.38	9662654	150044880.00
20160603	15.29	15.44	15.08	15.27	10020538	155285616.00
20160606	15.33	15.56	14.83	15.02	11716505	180708080.00
20160607	15.03	15.15	14.73	15.11	11598168	175908928.00
20160608	14.97	15.00	14.73	14.83	8530032	129055232.00
20160613	14.73	14.73	14.06	14.13	9827306	144964192.00
20160614	14.21	14.32	13.93	14.06	8367600	120116552.00
20160615	13.98	14.69	13.91	14.62	9680299	142774512.00
20160616	14.53	14.61	14.18	14.31	7811765	114287672.00
20160617	14.23	15.22	14.23	14.96	17728653	269046272.00
20160620	14.83	15.31	14.77	15.29	12795264	196606880.00
20160621	15.22	15.38	15.07	15.16	8279236	128394448.00
20160622	15.08	15.49	15.01	15.35	9707961	151878656.00
20160623	15.33	15.48	15.00	15.32	8152347	126263880.00
20160624	15.31	15.44	14.91	15.19	8806706	136294176.00
20160627	15.06	15.98	14.99	15.86	14905966	238324224.00
20160628	15.84	16.08	15.60	15.86	10357124	167090976.00
20160629	15.88	16.14	15.64	15.78	8931500	144583088.00
20160630	15.76	15.88	15.49	15.59	7368402	117025640.00
20160701	15.63	15.76	15.48	15.60	6679421	105991168.00
20160704	15.46	15.83	15.46	15.76	7604629	121362200.00
20160705	15.81	16.41	15.64	16.21	16790371	275900960.00
20160706	16.19	16.34	16.02	16.23	5789100	95237488.00
20160707	16.31	16.41	16.08	16.24	6541200	108005104.00
20160708	16.25	16.26	15.97	16.01	5175700	84583264.00
20160711	15.93	16.26	15.93	16.01	6809700	111481128.00
20160712	15.97	16.53	15.95	16.44	13257800	220036160.00
20160713	16.44	16.72	16.22	16.47	9170400	152728432.00
20160714	16.41	16.47	16.03	16.20	7419800	122278376.00
20160715	16.22	16.44	16.09	16.40	9656000	160446400.00
20160718	16.27	16.71	16.18	16.53	7751400	129877728.00
20160719	16.53	16.79	16.43	16.78	10086300	170877248.00
20160720	16.79	18.09	16.69	17.71	20990800	371222432.00
20160721	17.54	18.08	17.40	17.70	15877400	286903264.00
20160722	17.48	18.05	17.41	17.53	11631200	209395296.00
20160725	17.62	17.71	17.24	17.44	6196600	109665536.00
20160726	17.41	18.07	17.29	18.03	10472000	189877120.00
20160727	18.03	18.53	16.85	17.31	20692080	373982720.00
20160728	17.23	17.86	17.04	17.57	18762221	332685888.00
20160729	17.44	17.77	17.29	17.32	9797538	173890016.00
20160801	17.15	17.16	16.16	16.53	14882992	250210384.00
20160802	16.52	16.79	16.37	16.65	5799349	97748096.00
20160803	16.55	17.03	16.53	16.99	7590459	129461232.00
20160804	16.90	17.38	16.88	17.21	7164327	124841048.00
20160805	17.11	17.33	16.96	17.06	4979615	86821536.00
20160808	17.06	17.19	16.63	17.14	4256727	73596304.00
20160809	17.23	17.53	17.09	17.44	7022900	123561272.00
20160810	17.38	17.61	16.94	17.18	14830200	258618608.00
20160811	17.03	17.20	16.81	16.90	5489462	94642616.00
20160812	16.87	17.13	16.82	17.10	5038431	86858824.00
20160815	17.15	17.56	16.96	17.34	9441260	165709360.00
20160816	17.33	17.56	17.28	17.35	6010358	106065896.00
20160817	17.08	17.36	17.03	17.14	7842944	136766320.00
20160818	16.91	17.23	16.88	16.96	7172367	124084480.00
20160819	17.01	17.13	16.92	16.98	6076804	104960480.00
20160822	16.99	17.45	16.99	17.37	9946200	174483504.00
20160823	17.28	18.87	17.28	18.32	23069800	426786336.00
20160824	18.34	18.93	18.11	18.56	13829700	260675616.00
20160825	18.56	18.83	18.13	18.41	9600900	179315840.00
20160826	18.33	18.81	18.31	18.48	10061300	189716032.00
20160829	19.03	19.06	18.29	18.58	14236076	268629920.00
20160830	18.50	18.75	18.21	18.32	8805973	164883168.00
20160831	18.34	18.51	18.18	18.45	6388483	119053984.00
20160901	18.36	19.09	18.34	18.82	12042191	230296768.00
20160902	18.74	19.15	18.52	18.56	13157463	251278208.00
20160905	18.51	18.87	18.46	18.84	9192322	174195504.00
20160906	18.93	19.04	18.43	18.84	6851209	130090280.00
20160907	18.78	18.92	18.48	18.51	9667059	182565056.00
20160908	18.44	18.70	18.33	18.57	7781400	146085456.00
20160909	18.60	18.86	18.45	18.76	9669756	183639024.00
20160912	18.52	18.52	17.71	18.04	16123621	295640576.00
20160913	18.17	18.45	18.01	18.05	7834105	144947328.00
20160914	18.40	18.86	18.23	18.35	7783111	145960240.00
20160919	18.29	18.87	18.29	18.73	7283838	138025488.00
20160920	18.73	18.83	18.48	18.70	6539646	123987656.00
20160921	18.64	19.50	18.63	19.40	12962054	252657264.00
20160922	19.66	19.99	19.34	19.72	10530163	209576272.00
20160923	19.72	20.18	19.59	20.01	7850536	158559008.00
20160926	19.99	20.26	19.18	19.25	10426333	206849392.00
20160927	19.33	19.51	19.00	19.34	5316540	103582000.00
20160928	19.48	19.51	19.03	19.14	4281462	83444312.00
20160929	19.16	19.41	19.13	19.19	3706113	72446544.00
20160930	19.31	19.32	18.99	19.18	3997914	77623656.00
20161010	19.19	19.99	19.13	19.84	7709441	153515296.00
20161011	19.85	20.08	19.75	19.91	6791529	137022880.00
20161012	19.88	20.04	19.61	19.72	5876342	117751720.00
20161013	19.73	19.91	19.56	19.72	4869648	97213928.00
20161014	19.72	20.11	19.56	20.10	7123704	143676976.00
20161017	20.11	20.28	19.78	19.97	5445471	110708144.00
20161018	19.97	20.13	19.78	20.03	5021762	101566576.00
20161019	20.11	20.13	19.77	19.87	4558935	91972432.00
20161020	19.93	19.93	19.48	19.76	5281642	105385040.00
20161021	19.73	19.76	19.34	19.58	5994340	118900680.00
20161024	19.60	19.90	19.56	19.72	4865806	97588520.00
20161025	19.66	19.81	19.57	19.67	4913656	98090672.00
20161026	19.73	19.92	19.60	19.77	4845324	97292640.00
20161027	19.78	19.97	19.66	19.85	3666978	73701104.00
20161028	19.88	20.06	19.77	19.81	4610302	93127552.00
20161031	20.33	20.42	19.53	20.11	9794132	198457712.00
20161101	20.12	20.83	19.92	20.80	10362000	215189376.00
20161102	20.73	21.21	20.63	20.70	8433400	178366928.00
20161103	20.66	21.08	20.50	20.59	5745042	120780968.00
20161104	20.60	20.91	20.26	20.33	6771300	140998784.00
20161107	20.33	20.53	20.01	20.49	4929257	101224616.00
20161108	20.51	20.62	20.35	20.53	3795526	78805792.00
20161109	20.48	20.56	20.12	20.26	5411927	111415584.00
20161110	20.39	20.75	20.33	20.66	5265548	109799608.00
20161111	20.66	20.69	19.43	19.70	20465037	412047264.00
20161114	19.63	19.63	18.73	18.90	28289618	546630208.00
20161115	18.90	19.51	18.90	19.35	12910819	252181840.00
20161116	19.39	19.83	19.36	19.53	11692900	233024864.00
20161117	19.68	19.68	19.33	19.53	5553700	109554224.00
20161118	19.53	19.85	19.52	19.71	8654600	173130192.00
20161121	19.73	19.73	18.98	19.14	12398600	242293568.00
20161122	19.15	19.38	19.03	19.14	7299184	141713104.00
20161123	19.23	19.24	18.88	18.93	6382431	122846624.00
20161124	18.92	19.16	18.85	18.98	6574500	126513328.00
20161125	18.98	19.01	18.76	18.99	4904500	93988848.00
20161128	19.03	19.16	18.76	18.87	5846100	112607520.00
20161129	18.88	19.08	18.78	18.89	5893500	113296336.00
20161130	18.88	18.96	18.31	18.43	9052600	171031680.00
20161201	18.43	18.68	18.41	18.58	7774380	146511872.00
20161202	18.59	19.03	18.59	18.72	7264000	138863584.00
20161205	18.39	18.87	18.13	18.30	8722100	163363216.00
20161206	18.35	18.59	18.25	18.36	6826200	127475160.00
20161207	18.24	19.04	18.24	18.98	8038100	152985680.00
20161208	18.96	19.18	18.71	18.83	8125100	156604336.00
20161209	18.82	19.26	18.73	19.01	10031600	194114848.00
20161212	18.76	19.11	18.48	18.52	6205337	117765128.00
20161213	18.41	19.18	18.35	19.16	8567208	164929984.00
20161214	19.16	19.25	18.75	18.78	6404927	123423728.00
20161215	18.79	19.08	18.72	18.88	4865652	93276400.00
20161216	18.90	19.13	18.86	19.13	4734027	91274952.00
20161219	19.13	19.68	19.00	19.58	10208436	201125136.00
20161220	19.59	19.59	19.15	19.28	5492237	107695632.00
20161221	19.20	19.43	19.19	19.31	3749601	73447768.00
20161222	19.48	19.85	19.18	19.32	5914865	116697880.00
20161223	19.17	19.29	18.67	18.73	9466742	180632944.00
20161226	18.74	18.93	18.48	18.92	4134965	78687720.00
20161227	19.02	19.04	18.70	18.72	6469325	123379824.00
20161228	18.66	18.85	18.53	18.59	4426293	83751888.00
20161229	18.60	18.78	18.24	18.38	7613800	142061024.00
20161230	18.48	18.77	18.30	18.76	7899900	149455248.00
20170103	18.76	19.15	18.65	19.05	6428201	123907176.00
20170104	19.05	19.75	18.99	19.55	9886492	194910720.00
20170105	19.55	19.72	19.34	19.50	3469819	68528432.00
20170106	19.50	19.74	19.37	19.53	4230953	83985160.00
20170109	19.63	19.90	19.51	19.82	9002831	180116880.00
20170110	19.81	19.86	19.56	19.65	4906168	98148168.00
20170111	19.52	19.82	19.46	19.63	3301303	65836056.00
20170112	19.53	19.62	19.01	19.11	5096209	99369576.00
20170113	19.11	19.35	19.02	19.31	5028690	98061240.00
20170116	19.23	19.72	18.86	19.51	10402878	203686512.00
20170117	19.35	19.63	19.29	19.43	3677511	72437760.00
20170118	19.47	19.88	19.34	19.79	6011048	119812064.00
20170119	19.78	19.81	19.63	19.75	2862758	57270268.00
20170120	19.63	20.28	19.61	20.15	5061463	102976264.00
20170123	20.42	20.89	20.42	20.63	7250810	151810864.00
20170124	20.69	20.87	20.46	20.70	5639102	118444992.00
20170125	20.72	21.13	20.53	21.08	7110348	150642752.00
20170126	21.06	21.12	20.78	20.96	4004249	84942008.00
20170203	20.93	21.09	20.43	20.58	3545832	73950328.00
20170206	20.57	20.85	20.44	20.70	4364401	91546192.00
20170207	20.66	20.79	20.43	20.60	3736749	78121296.00
20170208	20.59	20.77	20.56	20.75	3857518	80877712.00
20170209	20.73	21.16	20.42	20.63	6850521	144027760.00
20170210	20.71	20.73	20.50	20.60	4891041	102248808.00
20170213	20.83	20.83	20.51	20.73	4585419	96091864.00
20170214	20.73	21.05	20.57	21.00	5257841	110485880.00
20170215	20.99	21.09	20.49	20.58	4935677	104188432.00
20170216	20.44	20.74	20.44	20.61	2789589	58116384.00
20170217	20.83	20.93	19.96	20.06	6083693	124819544.00
20170220	20.08	20.71	20.05	20.46	7599700	156993488.00
20170221	20.43	20.68	20.36	20.57	2686700	56056916.00
20170222	20.65	21.04	20.54	21.03	5671692	119425376.00
20170223	21.02	22.38	20.90	22.04	14158740	312360704.00
20170224	22.00	22.08	21.54	21.79	5604000	123582048.00
20170227	21.64	21.87	21.43	21.63	4513700	98811472.00
20170228	21.53	21.72	21.36	21.60	3304589	72184776.00
20170301	21.60	22.05	21.53	21.86	6465404	142745056.00
20170302	21.88	21.88	21.57	21.65	2096554	46017500.00
20170303	21.66	21.74	21.44	21.66	2630741	57425976.00
20170306	21.59	22.02	21.43	21.66	5134102	112719408.00
20170307	21.61	21.72	21.23	21.31	6569400	142132128.00
20170308	21.33	21.50	21.21	21.43	2817087	60911952.00
20170309	21.44	21.53	21.04	21.13	4744531	101725120.00
20170310	21.07	21.34	20.91	20.94	7126098	152267008.00
20170313	21.06	21.40	20.83	21.39	7010628	150149200.00
20170314	21.38	21.55	21.23	21.46	3973225	86090008.00
20170315	21.46	21.92	21.35	21.81	6855423	150967376.00
20170316	21.91	22.06	21.57	21.73	5769693	126890800.00
20170317	21.73	21.79	21.28	21.39	4094075	89474400.00
20170320	21.36	21.62	21.30	21.58	5113400	111216672.00
20170321	21.56	22.39	21.41	22.37	11335500	253854416.00
20170322	22.26	23.40	22.16	22.95	11329710	260759696.00
20170323	22.92	23.43	22.58	22.86	6822548	158356544.00
20170324	22.93	23.21	22.67	23.09	6145800	143003392.00
20170327	23.03	23.31	22.65	22.88	6173488	143117664.00
20170328	23.03	23.21	22.31	23.11	7804744	178960912.00
20170329	22.93	23.31	22.63	22.74	5539079	128123984.00
20170330	22.76	22.93	22.33	22.69	5965648	136705568.00
20170331	22.73	23.53	22.73	23.37	8548008	200788384.00
20170405	23.08	23.89	23.08	23.69	8184373	195114352.00
20170406	23.68	23.93	23.35	23.64	8342703	199000608.00
20170407	23.48	23.63	23.33	23.37	7069714	167598640.00
20170410	23.41	23.41	22.60	22.83	8934323	206239552.00
20170411	22.78	23.15	22.52	23.01	6712400	155216448.00
20170412	23.01	23.11	22.84	22.97	3092700	71886712.00
20170413	23.01	23.60	22.92	23.46	4821305	114207008.00
20170414	23.33	23.60	23.02	23.25	4619268	108750528.00
20170417	23.25	23.34	22.93	23.16	3328379	77642824.00
20170418	23.16	23.74	22.96	23.73	8750154	207882160.00
20170419	23.68	24.00	23.33	23.83	7393308	176990976.00
20170420	23.75	24.38	23.69	24.25	10546256	257584864.00
20170421	24.22	24.37	23.88	24.12	6020277	146974480.00
20170424	23.75	23.93	23.01	23.65	6085800	145316432.00
20170425	23.68	23.88	23.38	23.80	5074100	121485376.00
20170426	23.78	24.81	23.54	24.16	8241200	201514432.00
20170427	24.12	24.68	23.48	24.65	6330600	154395264.00
20170428	24.53	24.68	24.09	24.22	6263955	153956688.00
20170502	23.98	24.32	23.94	24.15	4735891	115476216.00
20170503	24.15	24.15	23.72	23.84	5511635	133107048.00
20170504	23.75	24.25	23.67	24.21	4859700	117867504.00
20170505	24.21	24.42	24.00	24.26	4762700	116819568.00
20170508	24.13	24.13	22.94	23.37	9641600	229848784.00
20170509	23.32	23.43	22.65	23.29	6646200	154725376.00
20170510	23.26	23.81	23.14	23.53	4940400	118100632.00
20170511	23.48	24.01	23.29	24.00	5965700	142793360.00
20170512	24.00	24.20	23.82	23.92	2295754	55697904.00
20170515	24.02	24.96	23.93	24.89	7534190	187863152.00
20170516	24.83	25.18	24.46	25.02	6634449	167210128.00
20170517	25.02	25.38	24.84	25.21	6178020	157005920.00
20170518	25.06	25.41	24.63	24.80	5152700	130586720.00
20170519	24.91	25.02	24.48	24.95	4652360	116686888.00
20170522	24.73	25.31	24.70	25.29	3327029	84470000.00
20170523	25.42	25.61	24.93	25.31	4477900	114384976.00
20170524	25.07	25.18	24.38	24.84	6055300	151025904.00
20170525	24.73	25.03	24.48	24.73	5115500	127755104.00
20170526	24.73	24.93	24.31	24.58	5166100	128690288.00
20170531	24.71	24.88	24.48	24.81	4767766	118876304.00
20170601	24.88	24.88	24.58	24.77	4345062	108686624.00
20170602	24.73	24.80	23.44	24.13	10493184	255149712.00
20170605	24.03	24.09	23.64	23.87	6740132	162378320.00
20170606	23.83	24.39	23.73	24.37	5775229	140915648.00
20170607	24.46	25.17	24.24	24.93	7394672	185410768.00
20170608	25.03	25.56	25.02	25.42	7496455	191720416.00
20170609	25.44	25.71	25.28	25.41	4778132	123111120.00
20170612	25.24	25.83	25.23	25.81	6883400	178368896.00
20170613	25.70	25.81	25.41	25.65	3883688	100419960.00
20170614	25.68	25.68	24.85	25.00	5150564	129246672.00
20170615	24.89	25.09	24.55	24.97	6335111	156998736.00
20170616	24.95	24.97	24.68	24.81	3651797	90625160.00
20170619	24.75	25.42	24.75	25.42	4302659	108103920.00
20170620	25.44	25.56	25.10	25.21	3865252	98145680.00
20170621	25.26	25.60	24.98	25.57	5041549	127436632.00
20170622	25.55	25.57	24.96	24.97	6241906	157507376.00
20170623	24.91	25.18	24.65	25.04	6114517	152187184.00
20170626	25.00	25.85	24.88	25.81	9093893	230438512.00
20170627	25.71	25.85	25.40	25.80	5664265	145212896.00
20170628	25.68	25.76	25.38	25.44	3107137	79352840.00
20170629	25.41	26.13	25.35	25.97	8038674	207727040.00
20170630	25.93	26.12	25.61	25.95	5771908	149509200.00
20170703	25.90	26.23	25.72	25.78	6269903	162830496.00
20170704	25.61	25.80	25.00	25.55	5317339	134829024.00
20170705	25.50	26.19	25.41	26.14	6951167	180343520.00
20170706	26.15	26.19	25.52	25.91	5478208	141154496.00
20170707	25.74	25.93	25.49	25.64	3633848	93313240.00
20170710	25.61	25.61	24.36	24.90	13761576	341512384.00
20170711	24.80	25.14	24.48	24.86	5579053	138517440.00
数据来源:通达信
