600020 中原高速 日线 前复权
      日期	    开盘	    最高	    最低	    收盘	    成交量	    成交额
20111010	2.16	2.27	2.16	2.23	18072070	52527088.00
20111011	2.27	2.29	2.20	2.21	7105377	20601692.00
20111012	2.20	2.27	2.16	2.27	7368349	21436768.00
20111013	2.28	2.28	2.23	2.27	7510297	22002728.00
20111014	2.26	2.27	2.21	2.25	3439680	10009906.00
20111017	2.24	2.26	2.21	2.24	2924031	8487962.00
20111018	2.23	2.23	2.20	2.21	3077083	8857196.00
20111019	2.21	2.21	2.17	2.20	2917667	8333356.00
20111020	2.19	2.19	2.12	2.15	2807483	7906253.00
20111021	2.13	2.16	2.12	2.14	1759760	4936488.00
20111024	2.15	2.17	2.11	2.17	2546848	7151334.00
20111025	2.17	2.24	2.13	2.21	4142942	11862874.00
20111026	2.20	2.24	2.18	2.22	4244438	12271081.00
20111027	2.20	2.25	2.20	2.22	3543510	10291897.00
20111028	2.25	2.26	2.23	2.25	4832975	14074570.00
20111031	2.25	2.25	2.22	2.23	2913350	8453144.00
20111101	2.22	2.25	2.21	2.24	2199897	6391619.00
20111102	2.21	2.27	2.19	2.27	4708355	13687418.00
20111103	2.27	2.30	2.26	2.27	6954560	20539300.00
20111104	2.27	2.29	2.26	2.28	4131292	12178688.00
20111107	2.28	2.31	2.26	2.27	4650125	13755146.00
20111108	2.26	2.39	2.24	2.35	17724588	53226720.00
20111109	2.33	2.36	2.31	2.36	12099935	36415980.00
20111110	2.32	2.44	2.32	2.38	19518029	59922608.00
20111111	2.36	2.38	2.25	2.27	15502132	46144032.00
20111114	2.30	2.32	2.27	2.32	6110328	18174768.00
20111115	2.32	2.32	2.28	2.31	3668279	10886182.00
20111116	2.32	2.34	2.26	2.28	4891246	14554466.00
20111117	2.27	2.29	2.26	2.26	2332963	6864009.00
20111118	2.26	2.26	2.19	2.19	4463805	12879557.00
20111121	2.17	2.22	2.17	2.21	1988216	5684940.00
20111122	2.20	2.23	2.19	2.23	2170097	6251262.00
20111123	2.23	2.24	2.21	2.21	2120073	6131556.00
20111124	2.20	2.21	2.16	2.19	2116533	6046374.00
20111125	2.21	2.21	2.10	2.16	3787412	10708322.00
20111128	2.15	2.17	2.14	2.16	1210400	3416047.00
20111129	2.17	2.19	2.15	2.19	1598032	4538036.00
20111130	2.19	2.19	2.10	2.12	3701903	10317761.00
20111202	2.16	2.16	2.09	2.11	1746177	4858202.00
20111205	2.12	2.12	2.07	2.08	1679380	4609319.00
20111206	2.08	2.10	2.04	2.07	1498684	4088120.00
20111207	2.08	2.10	2.06	2.09	939412	2578472.00
20111208	2.09	2.10	2.05	2.10	1316828	3613279.00
20111209	2.09	2.10	2.06	2.08	881929	2416891.00
20111212	2.09	2.10	2.06	2.09	1453667	3992208.00
20111213	2.07	2.08	2.01	2.04	3129110	8477926.00
20111214	2.02	2.06	2.01	2.03	1462235	3942595.00
20111215	2.03	2.04	1.94	1.95	3017984	7949674.00
20111216	1.95	2.01	1.91	2.00	2478290	6468220.00
20111219	1.98	1.99	1.94	1.98	1936863	5069891.00
20111220	1.97	2.00	1.96	1.97	678561	1790624.00
20111221	1.99	2.00	1.93	1.93	1305862	3433575.00
20111222	1.92	1.92	1.87	1.90	1798983	4592576.00
20111223	1.90	1.95	1.88	1.93	1225573	3163190.00
20111226	1.93	1.96	1.92	1.93	1219690	3173878.00
20111227	1.93	1.94	1.91	1.92	940202	2423560.00
20111228	1.92	1.92	1.87	1.90	1444261	3668851.00
20111229	1.90	1.92	1.90	1.91	966617	2471710.00
20111230	1.92	1.93	1.91	1.92	1187579	3056450.00
20120104	1.93	1.94	1.92	1.92	1286500	3326598.00
20120105	1.90	1.94	1.90	1.90	1770719	4551848.00
20120106	1.89	1.92	1.86	1.92	1686574	4278029.00
20120109	1.92	2.00	1.90	2.00	3591947	9407344.00
20120110	2.00	2.06	1.96	2.05	4887893	13114290.00
20120111	2.05	2.05	2.00	2.01	3887458	10418529.00
20120112	2.01	2.04	2.00	2.01	1992620	5338766.00
20120113	2.02	2.03	1.95	1.96	2062205	5422446.00
20120116	1.95	1.99	1.93	1.95	2720540	7148630.00
20120117	1.96	2.05	1.92	2.04	4306143	11473803.00
20120118	2.03	2.07	1.99	2.00	2664653	7166100.00
20120119	2.00	2.04	1.99	2.03	2034711	5451903.00
20120120	2.03	2.06	2.02	2.05	2411525	6522025.00
20120130	2.05	2.05	2.01	2.01	1685968	4535605.00
20120131	2.00	2.03	1.99	2.02	1693887	4517509.00
20120201	2.02	2.04	1.99	1.99	1141801	3046802.00
20120202	2.00	2.03	1.98	2.03	1102449	2940627.00
20120203	2.03	2.06	2.01	2.04	2386704	6440891.00
20120206	2.03	2.05	2.03	2.04	1976502	5335594.00
20120207	2.04	2.04	1.99	2.00	1678245	4472735.00
20120208	2.00	2.04	1.99	2.04	3649654	9803644.00
20120209	2.04	2.06	2.03	2.04	3526336	9534086.00
20120210	2.04	2.08	2.04	2.06	4092345	11117288.00
20120213	2.05	2.08	2.04	2.06	2501866	6804181.00
20120214	2.07	2.08	2.04	2.06	1881784	5101294.00
20120215	2.05	2.10	2.04	2.09	3923148	10755728.00
20120216	2.08	2.10	2.07	2.09	3310862	9086719.00
20120217	2.09	2.11	2.06	2.09	1689503	4628289.00
20120220	2.11	2.12	2.08	2.09	2087923	5763543.00
20120221	2.09	2.10	2.06	2.09	1855368	5083153.00
20120222	2.08	2.12	2.08	2.12	3719674	10305311.00
20120223	2.12	2.13	2.11	2.12	3362120	9366635.00
20120224	2.13	2.17	2.11	2.16	5308200	14945584.00
20120227	2.17	2.23	2.16	2.18	7163740	20551640.00
20120228	2.19	2.20	2.15	2.17	4833959	13759791.00
20120229	2.18	2.18	2.12	2.12	3017858	8508448.00
20120301	2.12	2.14	2.12	2.13	3355741	9376716.00
20120302	2.13	2.18	2.12	2.17	3623073	10226073.00
20120305	2.17	2.20	2.15	2.16	4060337	11562291.00
20120306	2.15	2.16	2.12	2.13	2783600	7770448.00
20120307	2.12	2.15	2.08	2.12	2675722	7448231.00
20120308	2.13	2.18	2.13	2.14	3984106	11220559.00
20120309	2.14	2.16	2.12	2.16	2585463	7243112.00
20120312	2.16	2.16	2.12	2.14	2515561	7050393.00
20120313	2.12	2.15	2.12	2.15	2875293	8068764.00
20120314	2.15	2.18	2.06	2.07	6485400	18126160.00
20120315	2.07	2.09	2.02	2.02	4240135	11474545.00
20120316	2.05	2.06	2.01	2.06	3014999	8132568.00
20120319	2.05	2.07	2.03	2.06	1799455	4874202.00
20120320	2.05	2.06	2.02	2.02	2320758	6251254.00
20120321	2.02	2.07	2.01	2.06	3016694	8135613.00
20120322	2.06	2.07	2.02	2.04	2898670	7832227.00
20120323	2.04	2.04	2.00	2.02	1755662	4701221.00
20120326	2.02	2.03	1.99	2.00	1664392	4445650.00
20120327	2.01	2.03	2.00	2.00	788192	2105662.00
20120328	2.00	2.00	1.92	1.93	3728802	9738844.00
20120329	1.93	1.93	1.87	1.89	2248241	5756408.00
20120330	1.90	1.92	1.87	1.89	1927209	4906339.00
20120405	1.90	1.93	1.89	1.93	1791743	4607483.00
20120406	1.93	1.94	1.92	1.93	1016405	2627678.00
20120409	1.93	2.05	1.92	2.00	6484458	17274778.00
20120410	1.97	1.99	1.94	1.98	2704037	7076911.00
20120411	1.97	1.99	1.95	1.96	1909335	5014256.00
20120412	1.96	2.01	1.96	2.01	2914302	7708061.00
20120413	2.02	2.03	2.00	2.01	3052470	8161383.00
20120416	2.01	2.12	2.00	2.11	13409830	36804184.00
20120417	2.20	2.29	2.12	2.12	22774984	65404712.00
20120418	2.06	2.16	2.00	2.13	15136170	41682336.00
20120419	2.19	2.21	2.12	2.14	10926501	30886236.00
20120420	2.14	2.21	2.13	2.18	10216749	29114520.00
20120423	2.17	2.18	2.11	2.12	8084490	22706202.00
20120424	2.09	2.15	2.07	2.13	6946788	19313440.00
20120425	2.12	2.19	2.11	2.19	11214945	31805420.00
20120426	2.20	2.22	2.16	2.19	8186388	23374944.00
20120427	2.18	2.19	2.13	2.15	4339368	12241904.00
20120502	2.17	2.18	2.15	2.16	7424112	21075864.00
20120503	2.16	2.16	2.12	2.12	4793088	13430148.00
20120507	2.12	2.12	2.09	2.11	3995354	11056734.00
20120508	2.11	2.12	2.10	2.12	3230860	8955736.00
20120509	2.12	2.12	2.06	2.07	2923107	8012545.00
20120510	2.07	2.08	2.04	2.04	2745980	7455521.00
20120511	2.04	2.07	2.02	2.03	1836100	4961495.00
20120514	2.06	2.07	2.03	2.04	2152200	5821816.00
20120515	2.04	2.04	2.01	2.04	1572019	4217396.00
20120516	2.04	2.08	2.01	2.04	2213135	5986778.00
20120517	2.04	2.16	2.03	2.11	6608508	18263128.00
20120518	2.08	2.25	2.07	2.13	13411508	38048516.00
20120521	2.13	2.13	2.07	2.09	5099204	14052101.00
20120522	2.09	2.11	2.07	2.11	2455470	6762549.00
20120523	2.10	2.11	2.06	2.08	2084689	5718289.00
20120524	2.06	2.10	2.06	2.08	1822810	4985042.00
20120525	2.06	2.08	2.04	2.05	2787564	7568580.00
20120528	2.05	2.09	2.01	2.08	2937428	7956412.00
20120529	2.06	2.12	2.06	2.11	2883037	7931819.00
20120530	2.11	2.13	2.10	2.10	2777239	7711934.00
20120531	2.09	2.11	2.08	2.10	1849685	5100353.00
20120601	2.11	2.11	2.08	2.10	1334689	3678964.00
20120604	2.06	2.07	2.01	2.02	2883300	7780652.00
20120605	2.02	2.07	2.01	2.04	2476505	6686504.00
20120606	2.04	2.06	2.03	2.03	1178118	3182557.00
20120607	2.05	2.06	1.99	2.02	1624445	4360322.00
20120608	2.04	2.04	2.00	2.01	1382728	3705827.00
20120611	2.01	2.03	1.98	2.03	1592243	4244480.00
20120612	2.01	2.02	2.00	2.01	1088289	2905469.00
20120613	2.01	2.04	2.00	2.04	2076289	5581615.00
20120614	2.03	2.05	2.01	2.02	1928355	5188331.00
20120615	2.04	2.04	2.00	2.03	985288	2640784.00
20120618	2.04	2.05	2.02	2.04	1624301	4379227.00
20120619	2.04	2.04	2.00	2.01	1612464	4316490.00
20120620	2.02	2.02	1.99	2.00	1402726	3738649.00
20120621	2.02	2.03	2.00	2.01	2041847	5452633.00
20120625	1.99	2.01	1.97	1.98	1359305	3595461.00
20120626	1.97	1.98	1.88	1.97	4164725	10837150.00
20120627	1.96	1.97	1.94	1.96	1353578	3548062.00
20120628	1.98	1.98	1.92	1.93	1198200	2961740.00
20120629	1.93	1.95	1.90	1.94	1501603	3674238.00
20120702	1.95	1.96	1.92	1.93	1319338	3240451.00
20120703	1.94	1.99	1.92	1.95	2224097	5523075.00
20120704	1.94	1.97	1.93	1.94	861099	2123608.00
20120705	1.94	1.94	1.90	1.91	1368183	3325954.00
20120706	1.91	1.94	1.89	1.94	1483510	3610502.00
20120709	1.93	1.94	1.87	1.88	1374374	3323399.00
20120710	1.87	1.89	1.85	1.87	1190015	2839900.00
20120711	1.87	1.89	1.85	1.88	1402469	3352207.00
20120712	1.88	1.90	1.85	1.89	1264082	3026830.00
20120713	1.89	1.90	1.87	1.89	763470	1839092.00
20120716	1.89	1.89	1.80	1.81	2269017	5353942.00
20120717	1.82	1.87	1.81	1.86	1795945	4229964.00
20120718	1.84	1.86	1.82	1.85	1484542	3495311.00
20120719	1.84	1.87	1.81	1.86	3271349	7736106.00
20120720	1.85	1.87	1.84	1.86	1626982	3860436.00
20120723	1.85	1.85	1.82	1.84	1237424	2912511.00
20120724	1.81	1.86	1.81	1.85	1466354	3463567.00
20120725	1.84	1.95	1.84	1.87	4594520	11089734.00
20120726	1.90	1.91	1.83	1.84	3204386	7624489.00
20120727	1.85	1.85	1.81	1.82	1590843	3742769.00
20120730	1.82	1.85	1.80	1.81	1002816	2346716.00
20120731	1.80	1.82	1.77	1.78	2167478	4990591.00
20120801	1.77	1.81	1.77	1.81	1238001	2869836.00
20120802	1.80	1.84	1.78	1.82	1749311	4100385.00
20120803	1.81	1.84	1.79	1.83	1044154	2442159.00
20120806	1.83	1.85	1.81	1.84	1601971	3775683.00
20120807	1.85	1.86	1.83	1.86	1785612	4226395.00
20120808	1.85	1.87	1.84	1.85	1625661	3861832.00
20120809	1.85	1.87	1.83	1.87	2382810	5656302.00
20120810	1.86	1.87	1.85	1.87	1677225	3991084.00
20120813	1.87	1.87	1.81	1.83	1291883	3049637.00
20120814	1.82	1.83	1.78	1.81	3129437	7276365.00
20120815	1.80	1.82	1.79	1.80	2315432	5390848.00
20120816	1.80	1.82	1.78	1.79	1437739	3323953.00
20120817	1.79	1.81	1.78	1.81	1243594	2879151.00
20120820	1.80	1.80	1.77	1.80	1217635	2806785.00
20120821	1.78	1.81	1.78	1.80	1491570	3464779.00
20120822	1.80	1.81	1.77	1.78	1514290	3495423.00
20120823	1.78	1.80	1.77	1.79	1408200	3248687.00
20120824	1.79	1.79	1.76	1.76	2077974	4765875.00
20120827	1.76	1.76	1.71	1.71	1538109	3464913.00
20120828	1.71	1.74	1.71	1.73	1261770	2838124.00
20120829	1.74	1.75	1.72	1.73	1130157	2546346.00
20120830	1.74	1.74	1.69	1.70	1578725	3520444.00
20120831	1.69	1.72	1.69	1.72	1233277	2744977.00
20120903	1.72	1.73	1.70	1.73	1094870	2450157.00
20120904	1.73	1.74	1.69	1.70	1429232	3191875.00
20120905	1.70	1.72	1.69	1.70	1004885	2231893.00
20120906	1.71	1.82	1.48	1.75	4622808	10428849.00
20120907	1.75	1.82	1.73	1.81	6558859	15126808.00
20120910	1.79	1.80	1.77	1.78	3601416	8301666.00
20120911	1.78	1.79	1.74	1.76	1752452	3991515.00
20120912	1.77	1.78	1.75	1.78	1722996	3938758.00
20120913	1.78	1.78	1.74	1.74	1849481	4200703.00
20120914	1.76	1.78	1.73	1.77	2955735	6726407.00
20120917	1.76	1.77	1.69	1.71	1521796	3412451.00
20120918	1.72	1.72	1.68	1.69	1350669	2989837.00
20120919	1.70	1.71	1.68	1.70	746066	1654922.00
20120920	1.71	1.71	1.63	1.65	1784872	3904543.00
20120921	1.64	1.66	1.63	1.63	1058368	2287857.00
20120924	1.63	1.64	1.58	1.62	1114092	2371601.00
20120925	1.62	1.62	1.59	1.61	1030023	2189816.00
20120926	1.61	1.62	1.58	1.58	984454	2086668.00
20120927	1.58	1.64	1.57	1.62	1665318	3542752.00
20120928	1.62	1.64	1.60	1.63	1116516	2398453.00
20121009	1.61	1.67	1.60	1.66	3905834	8450434.00
20121010	1.65	1.74	1.64	1.71	3372122	7442523.00
20121011	1.70	1.74	1.67	1.68	2348404	5223308.00
20121012	1.70	1.72	1.66	1.69	1402863	3096632.00
20121015	1.67	1.68	1.65	1.67	1156555	2528111.00
20121016	1.67	1.68	1.65	1.67	1160628	2539098.00
20121017	1.67	1.68	1.64	1.65	1794556	3899746.00
20121018	1.65	1.74	1.65	1.71	5826789	13021839.00
20121019	1.70	1.72	1.69	1.71	2421165	5380705.00
20121022	1.70	1.72	1.68	1.71	1508185	3347003.00
20121023	1.71	1.73	1.70	1.73	2824208	6331613.00
20121024	1.72	1.80	1.71	1.78	4863274	11093719.00
20121025	1.76	1.85	1.75	1.79	8078996	18840344.00
20121026	1.79	1.79	1.69	1.74	4977172	11216115.00
20121029	1.75	1.82	1.71	1.76	4893992	11234119.00
20121030	1.63	1.78	1.63	1.72	2221412	4973825.00
20121031	1.72	1.74	1.70	1.74	1470410	3290745.00
20121101	1.74	1.77	1.72	1.76	2456669	5592070.00
20121102	1.77	1.78	1.73	1.76	2678647	6084058.00
20121105	1.78	1.78	1.73	1.74	1557172	3538166.00
20121106	1.74	1.76	1.71	1.73	1926469	4331379.00
20121107	1.73	1.74	1.71	1.73	1336715	2999831.00
20121108	1.73	1.73	1.68	1.68	1655840	3680778.00
20121109	1.68	1.70	1.67	1.68	1251110	2758210.00
20121112	1.69	1.71	1.68	1.71	975775	2160940.00
20121113	1.70	1.72	1.67	1.68	2186596	4843698.00
20121114	1.68	1.72	1.68	1.71	1461076	3241718.00
20121115	1.71	1.71	1.68	1.68	1098992	2425848.00
20121116	1.68	1.68	1.63	1.65	1237858	2682330.00
20121119	1.64	1.67	1.64	1.67	866201	1887018.00
20121120	1.67	1.68	1.65	1.66	801249	1745564.00
20121121	1.66	1.70	1.66	1.70	1939984	4266328.00
20121122	1.70	1.70	1.67	1.68	1524100	3356584.00
20121123	1.67	1.69	1.66	1.68	662828	1456962.00
20121126	1.67	1.68	1.65	1.65	912468	1991826.00
20121127	1.65	1.67	1.60	1.60	2224978	4777562.00
20121128	1.60	1.60	1.57	1.59	1707984	3599062.00
20121129	1.59	1.64	1.58	1.61	1478254	3149139.00
20121130	1.60	1.64	1.60	1.63	1670704	3572771.00
20121203	1.65	1.66	1.62	1.63	1538013	3322363.00
20121204	1.61	1.65	1.60	1.64	1582207	3386080.00
20121205	1.64	1.72	1.62	1.71	5075853	11187561.00
20121206	1.70	1.70	1.67	1.68	2186808	4818572.00
20121207	1.69	1.71	1.68	1.70	3410473	7562332.00
20121210	1.71	1.73	1.69	1.73	3660689	8169183.00
20121211	1.72	1.72	1.70	1.70	1704575	3796795.00
20121212	1.71	1.71	1.68	1.69	1604749	3557729.00
20121213	1.70	1.75	1.70	1.70	3586463	8032514.00
20121214	1.69	1.77	1.69	1.75	6858781	15513233.00
20121217	1.76	1.78	1.75	1.76	5131825	11714504.00
20121218	1.76	1.78	1.74	1.76	3306301	7541230.00
20121219	1.76	1.76	1.73	1.74	2301816	5214118.00
20121220	1.75	1.75	1.72	1.74	2200763	4963068.00
20121221	1.73	1.77	1.73	1.75	2385201	5406438.00
20121224	1.74	1.76	1.73	1.73	2347329	5304176.00
20121225	1.73	1.79	1.71	1.77	5922541	13525957.00
20121226	1.77	1.80	1.76	1.79	4796072	11058447.00
20121227	1.80	1.80	1.77	1.78	3971037	9134368.00
20121228	1.78	1.79	1.76	1.79	4351263	9988215.00
20121231	1.79	1.81	1.78	1.81	4294675	9945342.00
20130104	1.82	1.82	1.80	1.82	5534983	12889358.00
20130107	1.81	1.82	1.79	1.81	3928636	9128551.00
20130108	1.81	1.82	1.79	1.81	3302911	7685158.00
20130109	1.81	1.82	1.79	1.81	3005695	6987045.00
20130110	1.81	1.82	1.79	1.81	2673957	6225805.00
20130111	1.80	1.81	1.76	1.76	3678875	8481080.00
20130114	1.75	1.82	1.75	1.82	4873189	11260345.00
20130115	1.82	1.84	1.80	1.84	7753649	18146428.00
20130116	1.83	1.83	1.80	1.82	4435055	10355533.00
20130117	1.81	1.82	1.79	1.80	2506140	5824093.00
20130118	1.80	1.82	1.80	1.82	3833703	8940417.00
20130121	1.82	1.86	1.82	1.85	6262672	14802259.00
20130122	1.86	1.87	1.82	1.84	5994191	14175017.00
20130123	1.84	1.85	1.80	1.83	2706459	6344971.00
20130124	1.83	1.86	1.78	1.81	5932388	13941473.00
20130125	1.79	1.81	1.79	1.80	1833592	4250942.00
20130128	1.80	1.83	1.80	1.83	3141830	7350586.00
20130129	1.84	1.84	1.82	1.84	3795366	8921588.00
20130130	1.85	2.03	1.83	2.00	31050301	76663872.00
20130131	1.98	1.98	1.92	1.94	13584415	33535476.00
20130201	1.94	1.95	1.90	1.94	7445298	18221386.00
20130204	1.93	1.97	1.93	1.95	7920249	19551032.00
20130205	1.93	1.95	1.89	1.95	6788850	16532891.00
20130206	1.94	1.95	1.88	1.92	7266698	17688296.00
20130207	1.92	1.92	1.89	1.91	4324542	10472645.00
20130208	1.90	1.98	1.90	1.95	5069511	12460188.00
20130218	1.95	1.96	1.93	1.94	4374860	10793932.00
20130219	1.93	1.95	1.90	1.90	3371035	8209230.00
20130220	1.90	1.93	1.90	1.93	2338471	5687942.00
20130221	1.93	1.93	1.85	1.86	4394554	10547163.00
20130222	1.87	1.88	1.83	1.84	2749319	6528162.00
20130225	1.84	1.87	1.84	1.86	1746262	4145045.00
20130226	1.85	1.86	1.82	1.82	2014376	4756611.00
20130227	1.83	1.84	1.82	1.82	1737233	4079582.00
20130228	1.83	1.88	1.83	1.87	3571976	8472227.00
20130301	1.91	2.04	1.91	2.00	25480221	63749760.00
20130304	1.99	1.99	1.91	1.93	9489782	23328484.00
20130305	1.93	1.95	1.87	1.92	11084976	26858790.00
20130306	1.93	1.96	1.90	1.94	7165440	17610398.00
20130307	1.94	1.95	1.89	1.92	5810561	14211682.00
20130308	1.91	1.93	1.90	1.92	3132854	7624934.00
20130311	1.92	1.94	1.90	1.92	2611291	6372914.00
20130312	1.92	1.92	1.86	1.88	4346826	10458719.00
20130313	1.87	1.93	1.84	1.91	4177863	10009730.00
20130314	1.89	1.90	1.84	1.87	3220435	7686881.00
20130315	1.87	1.89	1.86	1.87	2527954	6048741.00
20130318	1.87	1.87	1.84	1.84	1517600	3596386.00
20130319	1.84	1.86	1.83	1.85	1286734	3044210.00
20130320	1.85	1.91	1.85	1.91	3591578	8651187.00
20130321	1.91	1.91	1.89	1.90	2711206	6549137.00
20130322	1.90	1.92	1.89	1.91	3557764	8619779.00
20130325	1.90	1.94	1.90	1.93	4260554	10399220.00
20130326	1.92	1.92	1.89	1.90	2361903	5710043.00
20130327	1.89	1.93	1.89	1.91	2833490	6884168.00
20130328	1.91	1.91	1.85	1.85	2672705	6397124.00
20130329	1.86	1.87	1.85	1.86	2013609	4787124.00
20130401	1.86	1.88	1.85	1.85	1792976	4275933.00
20130402	1.86	1.88	1.82	1.84	4283055	10115187.00
20130403	1.84	1.85	1.83	1.85	1833251	4328063.00
20130408	1.84	1.84	1.80	1.83	2018890	4722974.00
20130409	1.83	1.86	1.82	1.85	1472369	3480022.00
20130410	1.85	1.86	1.83	1.86	2165510	5122273.00
20130411	1.88	1.89	1.85	1.86	1873553	4472601.00
20130412	1.86	1.87	1.83	1.85	1396107	3308359.00
20130415	1.84	1.89	1.82	1.88	3454111	8198402.00
20130416	1.85	1.87	1.84	1.87	2560331	6076983.00
20130417	1.88	1.89	1.85	1.89	1976676	4728484.00
20130418	1.87	1.92	1.86	1.90	3373510	8162138.00
20130419	1.91	1.93	1.89	1.92	4486185	10910035.00
20130422	1.91	1.92	1.87	1.89	3795389	9163189.00
20130423	1.89	1.90	1.84	1.86	3223825	7663566.00
20130424	1.85	1.87	1.80	1.87	4564491	10773239.00
20130425	1.86	1.86	1.83	1.84	2277419	5381493.00
20130426	1.82	1.84	1.80	1.82	2789770	6536413.00
20130502	1.81	1.83	1.80	1.82	1714337	3995130.00
20130503	1.82	1.85	1.82	1.85	2098012	4953347.00
20130506	1.84	1.86	1.84	1.86	1848274	4381801.00
20130507	1.86	1.89	1.84	1.88	4217638	10065285.00
20130508	1.93	1.99	1.91	1.92	14660929	36039216.00
20130509	1.90	1.90	1.85	1.86	5761516	13777837.00
20130510	1.85	1.87	1.84	1.87	2768072	6565868.00
20130513	1.86	1.87	1.85	1.87	2679812	6379751.00
20130514	1.87	1.87	1.83	1.84	2494585	5892899.00
20130515	1.83	1.85	1.83	1.84	2086809	4913146.00
20130516	1.84	1.86	1.83	1.85	2449796	5791291.00
20130517	1.85	1.87	1.84	1.87	3119527	7414945.00
20130520	1.87	1.92	1.86	1.91	7726478	18648748.00
20130521	1.91	1.93	1.88	1.91	6750662	16318846.00
20130522	1.90	1.91	1.88	1.90	3296620	7954899.00
20130523	1.88	1.90	1.87	1.89	3288951	7914074.00
20130524	1.88	1.90	1.88	1.89	2038256	4905995.00
20130527	1.89	1.90	1.87	1.89	2419585	5825395.00
20130528	1.89	1.92	1.88	1.92	5217193	12651857.00
20130529	1.92	1.93	1.91	1.92	3751900	9144874.00
20130530	1.91	1.92	1.89	1.91	2257470	5465043.00
20130531	1.90	1.92	1.90	1.92	3760008	9137269.00
20130603	1.91	1.92	1.90	1.92	3012966	7332022.00
20130604	1.92	1.92	1.86	1.87	3336496	8013588.00
20130605	1.87	1.88	1.85	1.86	1987924	4733781.00
20130606	1.85	1.86	1.84	1.84	1837955	4350883.00
20130607	1.85	1.86	1.82	1.83	2147541	5069084.00
20130613	1.82	1.82	1.74	1.76	3499347	8004143.00
20130614	1.77	1.77	1.75	1.76	1635396	3730017.00
20130617	1.76	1.77	1.74	1.76	1227990	2796854.00
20130618	1.76	1.78	1.75	1.76	1390157	3170983.00
20130619	1.77	1.77	1.68	1.74	1822647	4093844.00
20130620	1.73	1.74	1.67	1.68	1886912	4196153.00
20130621	1.67	1.68	1.62	1.67	1585589	3451910.00
20130624	1.67	1.70	1.58	1.58	2863746	6156888.00
20130625	1.57	1.61	1.42	1.53	5090557	10409422.00
20130626	1.54	1.58	1.53	1.58	3117955	6464019.00
20130627	1.58	1.61	1.56	1.58	2620489	5524758.00
20130628	1.58	1.62	1.55	1.62	2936030	6232434.00
20130701	1.62	1.65	1.59	1.64	3428097	7372095.00
20130702	1.67	1.67	1.59	1.61	2387003	4845305.00
20130703	1.62	1.62	1.57	1.60	1437942	2887164.00
20130704	1.58	1.63	1.58	1.61	1625956	3303512.00
20130705	1.62	1.64	1.61	1.62	2703065	5531314.00
20130708	1.61	1.61	1.56	1.56	2300123	4595528.00
20130709	1.56	1.58	1.55	1.57	1434140	2850718.00
20130710	1.58	1.62	1.56	1.62	1680533	3392640.00
20130711	1.61	1.67	1.61	1.67	4220781	8750400.00
20130712	1.66	1.66	1.63	1.64	2011051	4157639.00
20130715	1.65	1.68	1.64	1.67	1999828	4162829.00
20130716	1.67	1.67	1.64	1.67	1632679	3387859.00
20130717	1.67	1.67	1.63	1.64	1631145	3369359.00
20130718	1.65	1.65	1.61	1.61	1310705	2677721.00
20130719	1.61	1.63	1.58	1.60	2109258	4263377.00
20130722	1.60	1.60	1.57	1.58	1903378	3808683.00
20130723	1.59	1.67	1.58	1.67	6277107	12852015.00
20130724	1.67	1.69	1.62	1.64	5011131	10373381.00
20130725	1.63	1.65	1.60	1.61	2518741	5135644.00
20130726	1.61	1.62	1.60	1.60	1051527	2131420.00
20130729	1.60	1.61	1.58	1.59	1825885	3675205.00
20130730	1.60	1.61	1.58	1.60	994838	2009121.00
20130731	1.60	1.62	1.58	1.59	1578001	3176642.00
20130801	1.59	1.62	1.58	1.62	1834353	3713917.00
20130802	1.61	1.63	1.60	1.62	2218607	4515737.00
20130805	1.62	1.63	1.60	1.63	3661686	7439439.00
20130806	1.62	1.64	1.61	1.63	2566885	5251212.00
20130807	1.62	1.65	1.62	1.64	2820359	5802599.00
20130808	1.65	1.65	1.63	1.64	1877314	3858721.00
20130809	1.63	1.64	1.61	1.63	2469204	5039593.00
20130812	1.62	1.66	1.62	1.66	4472025	9235066.00
20130813	1.65	1.68	1.64	1.68	4467943	9302993.00
20130814	1.68	1.70	1.65	1.67	5357958	11230487.00
20130815	1.66	1.67	1.65	1.66	2773192	5768149.00
20130816	1.65	1.73	1.64	1.66	7638994	16055109.00
20130819	1.65	1.75	1.64	1.71	10176361	21542106.00
20130820	1.72	1.72	1.68	1.68	4144014	8765025.00
20130821	1.68	1.70	1.66	1.67	4149736	8697015.00
20130822	1.67	1.68	1.65	1.66	2595935	5403333.00
20130823	1.66	1.67	1.63	1.64	3042851	6298622.00
20130826	1.65	1.69	1.64	1.68	3109062	6501102.00
20130827	1.68	1.79	1.67	1.75	14092559	30385570.00
20130828	1.73	1.76	1.72	1.73	9219036	19893784.00
20130829	1.73	1.82	1.72	1.79	16052833	35233640.00
20130830	1.77	1.89	1.75	1.84	19271360	43510352.00
20130902	1.86	1.87	1.73	1.77	12279782	27136916.00
20130903	1.76	1.86	1.75	1.84	10735564	23760132.00
20130904	1.80	1.96	1.80	1.92	23997722	55527596.00
20130905	1.88	1.89	1.82	1.86	10288195	23358804.00
20130906	1.83	1.86	1.81	1.85	6362422	14336901.00
20130909	1.84	1.90	1.84	1.88	9379248	21537028.00
20130910	1.87	1.92	1.86	1.91	8669164	20085904.00
20130911	1.90	1.96	1.88	1.91	11851998	27821916.00
20130912	1.91	2.07	1.88	1.97	24877119	59899916.00
20130913	1.94	1.97	1.90	1.92	11666881	27376936.00
20130916	1.94	2.02	1.94	1.96	13690583	32773252.00
20130917	2.00	2.07	1.93	1.94	12776296	30905338.00
20130918	1.93	1.94	1.90	1.93	6813440	15903951.00
20130923	1.94	2.01	1.93	1.99	8886575	21325646.00
20130924	1.99	1.99	1.93	1.96	5792644	13759549.00
20130925	1.96	1.96	1.90	1.91	6039653	14170000.00
20130926	1.91	1.92	1.84	1.84	5137500	11760161.00
20130927	1.84	1.87	1.83	1.85	2817511	6404710.00
20130930	1.84	1.88	1.82	1.84	4331470	9818814.00
20131008	1.84	1.90	1.81	1.89	6655915	15103603.00
20131009	1.87	1.92	1.84	1.92	5510798	12703548.00
20131010	1.91	1.92	1.88	1.89	4776536	11060264.00
20131011	1.89	1.92	1.88	1.90	4359047	10116280.00
20131014	1.90	2.00	1.89	1.97	11955826	28441284.00
20131015	1.95	1.97	1.92	1.95	7895996	18649556.00
20131016	1.94	1.94	1.85	1.89	5487954	12686137.00
20131017	1.90	1.91	1.86	1.87	3738884	8619392.00
20131018	1.87	1.89	1.86	1.88	2069330	4755898.00
20131021	1.89	1.92	1.85	1.91	3978745	9185745.00
20131022	1.91	1.92	1.89	1.90	3096679	7191790.00
20131023	1.92	1.95	1.88	1.90	6909549	16105024.00
20131024	1.88	1.90	1.86	1.87	4053084	9305645.00
20131025	1.86	1.88	1.82	1.83	4169915	9430522.00
20131028	1.84	1.85	1.82	1.83	2458741	5541859.00
20131029	1.84	1.85	1.75	1.80	5825051	12936919.00
20131030	1.80	1.86	1.77	1.84	3819771	8572844.00
20131031	1.85	1.85	1.80	1.83	2239934	5043730.00
20131101	1.83	1.84	1.81	1.84	2086496	4689673.00
20131104	1.84	1.85	1.82	1.84	1975651	4449412.00
20131105	1.83	1.84	1.80	1.83	2351306	5269949.00
20131106	1.83	1.83	1.81	1.81	1691680	3786589.00
20131107	1.81	1.82	1.78	1.78	1742742	3868876.00
20131108	1.79	1.80	1.77	1.79	1649486	3639297.00
20131111	1.79	1.80	1.77	1.79	1119755	2470462.00
20131112	1.79	1.80	1.77	1.80	1513623	3348107.00
20131113	1.80	1.80	1.74	1.76	1871548	4088270.00
20131114	1.76	1.77	1.74	1.76	1202598	2617538.00
20131115	1.76	1.82	1.76	1.79	3511043	7775046.00
20131118	1.79	1.82	1.79	1.82	4549220	10134045.00
20131119	1.82	1.83	1.80	1.82	2547756	5690216.00
20131120	1.81	1.83	1.81	1.83	2356838	5283336.00
20131121	1.83	1.86	1.81	1.84	3961043	8930298.00
20131122	1.84	1.84	1.80	1.81	1839251	4121960.00
20131125	1.81	1.84	1.81	1.82	2045440	4591225.00
20131126	1.82	1.87	1.82	1.86	3759276	8515817.00
20131127	1.85	1.88	1.84	1.87	5063787	11561934.00
20131128	1.87	1.92	1.87	1.90	6699690	15505164.00
20131129	1.89	1.90	1.85	1.88	7173034	16382040.00
20131202	1.85	1.89	1.82	1.83	4779560	10829801.00
20131203	1.83	1.87	1.81	1.86	2604843	5896699.00
20131204	1.86	1.91	1.86	1.90	6384956	14763718.00
20131205	1.90	1.91	1.88	1.90	3863300	8949695.00
20131206	1.90	1.94	1.90	1.92	6332761	14826927.00
20131209	1.92	1.94	1.89	1.91	3041422	7075846.00
20131210	1.92	1.92	1.89	1.91	2452007	5683311.00
20131211	1.91	1.91	1.86	1.87	3566941	8173832.00
20131212	1.87	1.88	1.85	1.88	1808875	4138821.00
20131213	1.88	1.88	1.84	1.87	2701145	6156829.00
20131216	1.87	1.87	1.82	1.83	3549721	8021097.00
20131217	1.83	1.84	1.81	1.82	2208102	4952884.00
20131218	1.81	1.83	1.81	1.82	1626444	3637003.00
20131219	1.82	1.83	1.81	1.82	1236762	2765492.00
20131220	1.82	1.82	1.78	1.79	1479792	3275088.00
20131223	1.80	1.80	1.76	1.78	1496377	3290494.00
20131224	1.77	1.80	1.77	1.78	1484159	3268886.00
20131225	1.78	1.79	1.77	1.79	1339214	2948077.00
20131226	1.79	1.79	1.76	1.76	1585404	3475265.00
20131227	1.76	1.79	1.75	1.79	1230154	2700013.00
20131230	1.80	1.80	1.77	1.79	1608505	3545254.00
20131231	1.77	1.81	1.77	1.80	2278695	5040767.00
20140102	1.80	1.81	1.78	1.80	1178967	2619457.00
20140103	1.80	1.80	1.76	1.77	1766648	3880079.00
20140106	1.77	1.77	1.71	1.72	2200697	4726808.00
20140107	1.73	1.74	1.71	1.73	885976	1901403.00
20140108	1.73	1.75	1.71	1.71	1180092	2525478.00
20140109	1.71	1.72	1.67	1.68	1617536	3428439.00
20140110	1.68	1.68	1.65	1.65	1770187	3684296.00
20140113	1.65	1.67	1.64	1.65	1190883	2465864.00
20140114	1.65	1.68	1.64	1.67	1836460	3819349.00
20140115	1.67	1.68	1.65	1.67	1108629	2312465.00
20140116	1.68	1.68	1.65	1.67	1710098	3571975.00
20140117	1.67	1.67	1.62	1.63	2106891	4347374.00
20140120	1.63	1.65	1.63	1.64	1481848	3055539.00
20140121	1.64	1.66	1.63	1.65	1187378	2456933.00
20140122	1.65	1.70	1.65	1.70	4640350	9736588.00
20140123	1.69	1.70	1.67	1.69	2418472	5088602.00
20140124	1.69	1.71	1.67	1.69	2453856	5189552.00
20140127	1.69	1.70	1.67	1.70	2603155	5473669.00
20140128	1.68	1.70	1.68	1.69	878352	1850429.00
20140129	1.69	1.70	1.68	1.70	1502476	3170694.00
20140130	1.68	1.70	1.68	1.69	1336643	2817551.00
20140207	1.69	1.73	1.67	1.72	2966550	6309680.00
20140210	1.72	1.76	1.71	1.75	3825648	8263054.00
20140211	1.74	1.76	1.73	1.75	3281926	7104778.00
20140212	1.75	1.76	1.74	1.76	3097679	6707938.00
20140213	1.75	1.76	1.70	1.72	5616198	12089762.00
20140214	1.71	1.75	1.70	1.74	3789685	8119283.00
20140217	1.75	1.76	1.73	1.75	3199346	6939860.00
20140218	1.76	1.76	1.73	1.74	2644045	5698678.00
20140219	1.73	1.76	1.73	1.76	2810732	6088185.00
20140220	1.78	1.95	1.77	1.86	28915094	66207672.00
20140221	1.81	1.82	1.74	1.78	18281342	40042476.00
20140224	1.75	1.79	1.73	1.76	6171285	13444646.00
20140225	1.75	1.77	1.71	1.72	5348088	11571704.00
20140226	1.72	1.76	1.70	1.73	4186443	9001140.00
20140227	1.74	1.75	1.72	1.74	3553470	7673667.00
20140228	1.74	1.75	1.71	1.74	2975268	6409721.00
20140303	1.75	1.76	1.72	1.75	4170330	9017904.00
20140304	1.75	1.79	1.74	1.78	5943757	13008097.00
20140305	1.79	1.79	1.75	1.76	2842611	6216719.00
20140306	1.75	1.76	1.73	1.76	2433701	5275501.00
20140307	1.75	1.76	1.73	1.76	2620430	5672528.00
20140310	1.75	1.75	1.69	1.71	4043457	8645602.00
20140311	1.69	1.71	1.67	1.69	2944467	6219774.00
20140312	1.69	1.70	1.66	1.68	2467060	5182497.00
20140313	1.69	1.71	1.68	1.70	2926826	6187816.00
20140314	1.70	1.70	1.68	1.69	2207861	4648385.00
20140317	1.68	1.71	1.66	1.70	3461561	7285836.00
20140318	1.70	1.71	1.69	1.70	1699280	3600531.00
20140319	1.70	1.71	1.68	1.71	2088297	4423645.00
20140320	1.71	1.72	1.68	1.69	2440762	5176400.00
20140321	1.68	1.74	1.68	1.73	6814010	14500753.00
20140324	1.73	1.77	1.73	1.77	5695154	12376087.00
20140325	1.77	1.78	1.75	1.76	3012300	6586831.00
20140326	1.77	1.78	1.75	1.76	2159991	4720506.00
20140327	1.76	1.78	1.75	1.75	3762076	8208742.00
20140328	1.74	1.78	1.74	1.76	3499795	7626870.00
20140331	1.76	1.78	1.72	1.74	4029861	8725294.00
20140401	1.73	1.76	1.73	1.76	1988783	4317640.00
20140402	1.76	1.77	1.75	1.76	2173194	4740786.00
20140403	1.76	1.78	1.74	1.75	2952891	6447900.00
20140404	1.75	1.77	1.74	1.76	1338887	2913150.00
20140408	1.76	1.79	1.76	1.79	5049907	11075995.00
20140409	1.79	1.80	1.78	1.80	3735437	8251676.00
20140410	1.79	1.82	1.76	1.80	8264184	18271496.00
20140411	1.80	1.82	1.79	1.81	7998805	17767528.00
20140414	1.80	1.84	1.78	1.83	6951837	15501406.00
20140415	1.83	1.83	1.78	1.80	6728216	14916482.00
20140416	1.80	1.80	1.78	1.79	2375375	5247231.00
20140417	1.79	1.79	1.77	1.78	2050440	4513161.00
20140418	1.77	1.82	1.77	1.80	4486969	9956553.00
20140421	1.77	1.79	1.75	1.76	3107721	6813340.00
20140422	1.76	1.77	1.74	1.76	2207080	4793820.00
20140423	1.75	1.76	1.74	1.75	2453629	5312680.00
20140424	1.75	1.76	1.73	1.75	1831867	3965797.00
20140425	1.75	1.75	1.73	1.74	1943282	4189886.00
20140428	1.73	1.74	1.70	1.71	4206537	9000586.00
20140429	1.70	1.72	1.70	1.72	1810354	3862117.00
20140430	1.72	1.74	1.71	1.74	1358563	2918502.00
20140505	1.74	1.76	1.72	1.75	4754728	10289886.00
20140506	1.75	1.76	1.73	1.75	3753461	8108867.00
20140507	1.74	1.74	1.72	1.73	2151947	4627765.00
20140508	1.72	1.75	1.72	1.73	1793334	3869197.00
20140509	1.73	1.74	1.71	1.73	1848429	3957779.00
20140512	1.73	1.77	1.73	1.77	3403403	7401500.00
20140513	1.76	1.80	1.76	1.78	5074114	11190239.00
20140514	1.78	1.79	1.76	1.78	2168391	4753466.00
20140515	1.78	1.78	1.75	1.77	2272222	4960855.00
20140516	1.76	1.77	1.74	1.77	3568617	7765054.00
20140519	1.76	1.77	1.74	1.77	1969766	4289125.00
20140520	1.77	1.77	1.75	1.76	1370998	2986358.00
20140521	1.75	1.76	1.74	1.76	1824779	3962770.00
20140522	1.76	1.77	1.73	1.74	2371285	5152961.00
20140523	1.74	1.75	1.73	1.75	1482566	3206415.00
20140526	1.75	1.77	1.74	1.76	2387039	5201040.00
20140527	1.76	1.77	1.75	1.76	1453199	3164409.00
20140528	1.76	1.77	1.75	1.77	1935769	4225583.00
20140529	1.77	1.77	1.75	1.76	1652174	3601610.00
20140530	1.75	1.76	1.74	1.75	2160328	4678490.00
20140603	1.75	1.76	1.74	1.75	1267319	2741094.00
20140604	1.74	1.75	1.72	1.74	2077137	4475504.00
20140605	1.73	1.75	1.73	1.75	1678576	3616614.00
20140606	1.74	1.75	1.73	1.74	1295296	2790856.00
20140609	1.74	1.74	1.73	1.74	885867	1906715.00
20140610	1.74	1.75	1.72	1.75	1832053	3947298.00
20140611	1.74	1.75	1.73	1.74	2078816	4479231.00
20140612	1.75	1.75	1.73	1.75	2773614	5990911.00
20140613	1.75	1.76	1.73	1.75	3160258	6851435.00
20140616	1.75	1.77	1.74	1.76	2626569	5717111.00
20140617	1.76	1.76	1.74	1.74	2184651	4741705.00
20140618	1.74	1.75	1.73	1.74	2224811	4807773.00
20140619	1.74	1.75	1.70	1.71	2896650	6223124.00
20140620	1.71	1.72	1.70	1.71	1652919	3518289.00
20140623	1.71	1.73	1.71	1.72	1828288	3903563.00
20140624	1.71	1.73	1.71	1.73	1890369	4046291.00
20140625	1.72	1.73	1.71	1.72	1043603	2230337.00
20140626	1.72	1.77	1.72	1.76	7442448	16185225.00
20140627	1.76	1.89	1.76	1.84	37572410	84668160.00
20140630	1.79	1.84	1.77	1.81	17260825	38333248.00
20140701	1.80	1.82	1.79	1.80	7789526	17321196.00
20140702	1.79	1.81	1.77	1.81	9326472	20613384.00
20140703	1.81	1.82	1.78	1.82	10872750	24166904.00
20140704	1.82	1.82	1.79	1.80	3476657	7725830.00
20140707	1.80	1.82	1.79	1.81	5632836	12514206.00
20140708	1.81	1.82	1.79	1.81	4657045	10370315.00
20140709	1.80	1.81	1.77	1.77	5567200	12292226.00
20140710	1.79	1.79	1.76	1.77	5398070	11572057.00
20140711	1.77	1.80	1.76	1.80	4511537	9742827.00
20140714	1.79	1.81	1.79	1.81	5409681	11747502.00
20140715	1.81	1.82	1.80	1.82	4710559	10263015.00
20140716	1.82	1.85	1.81	1.83	9361168	20602742.00
20140717	1.83	1.83	1.81	1.83	4047140	8857785.00
20140718	1.81	1.85	1.81	1.84	6688368	14730785.00
20140721	1.83	1.84	1.82	1.83	3649836	8019137.00
20140722	1.83	1.87	1.82	1.85	7784731	17252772.00
20140723	1.86	1.91	1.84	1.87	14361604	32332700.00
20140724	1.87	1.89	1.86	1.88	7476857	16811240.00
20140725	1.88	1.91	1.87	1.91	9540503	21571196.00
20140728	1.92	1.95	1.91	1.93	16519069	37979672.00
20140729	1.93	1.95	1.91	1.93	9503744	21852932.00
20140730	1.93	1.95	1.92	1.94	7942038	18308320.00
20140731	1.94	1.95	1.91	1.95	6530852	15036236.00
20140801	1.94	1.95	1.91	1.92	8628084	19874184.00
20140804	1.91	1.94	1.91	1.94	5990659	13776478.00
20140805	1.94	1.95	1.92	1.95	5658093	13042781.00
20140806	1.94	1.98	1.92	1.98	10500592	24370084.00
20140807	1.98	1.98	1.93	1.93	7730021	17954680.00
20140808	1.92	1.94	1.91	1.93	6391421	14689266.00
20140811	1.94	1.97	1.93	1.97	7645743	17776436.00
20140812	1.96	1.97	1.94	1.96	4325682	10055724.00
20140813	1.96	1.97	1.94	1.95	6262127	14526283.00
20140814	1.95	1.99	1.94	1.95	10381100	24271572.00
20140815	1.95	1.97	1.95	1.97	5480004	12759744.00
20140818	1.98	1.99	1.96	1.98	9252778	21733562.00
20140819	1.98	2.02	1.97	2.02	15177094	36026656.00
20140820	2.01	2.07	2.00	2.05	16797034	40543296.00
20140821	2.05	2.06	2.00	2.02	9673968	23148028.00
20140822	2.02	2.04	2.01	2.04	6528974	15661982.00
20140825	2.05	2.05	2.01	2.02	6457214	15490674.00
20140826	2.02	2.02	1.95	1.96	10017158	23622336.00
20140827	1.96	1.98	1.95	1.97	5029049	11733202.00
20140828	1.96	1.97	1.92	1.92	7368699	17017316.00
20140829	1.93	1.95	1.93	1.95	4429172	10230228.00
20140901	1.95	1.98	1.95	1.98	5155812	12070172.00
20140902	1.99	2.02	1.98	2.01	7895680	18717436.00
20140903	2.02	2.05	2.00	2.02	9512935	22776790.00
20140904	2.02	2.11	2.02	2.11	21521226	52597120.00
20140905	2.13	2.14	2.08	2.11	15666207	38778320.00
20140909	2.11	2.12	2.09	2.11	10151253	25089102.00
20140910	2.10	2.14	2.08	2.14	11620937	28919072.00
20140911	2.14	2.32	2.13	2.21	42524568	110873608.00
20140912	2.20	2.29	2.18	2.28	26292005	68602808.00
20140915	2.28	2.39	2.28	2.36	23187367	62950960.00
20140916	2.39	2.46	2.29	2.30	37429097	102789144.00
20140917	2.31	2.34	2.26	2.34	21810315	58377152.00
20140918	2.44	2.61	2.44	2.61	53048573	157553280.00
20140924	2.60	2.60	2.48	2.56	70161905	203770096.00
20140925	2.51	2.54	2.49	2.51	33139215	95622592.00
20140926	2.50	2.52	2.48	2.52	16480763	47324336.00
20140929	2.52	2.53	2.48	2.50	19241213	55153148.00
20140930	2.49	2.51	2.47	2.51	13757915	39376340.00
20141008	2.51	2.53	2.48	2.53	17830087	51389068.00
20141009	2.53	2.54	2.51	2.53	16504845	47714424.00
20141010	2.52	2.53	2.50	2.51	11111575	32026684.00
20141013	2.52	2.52	2.45	2.48	13806839	39211924.00
20141014	2.47	2.51	2.46	2.47	12582917	35905156.00
20141015	2.47	2.54	2.46	2.53	22450225	64624528.00
20141016	2.51	2.55	2.49	2.49	21141015	61206360.00
20141017	2.48	2.49	2.36	2.40	19526946	54513400.00
20141020	2.41	2.57	2.40	2.53	21638128	61898340.00
20141021	2.52	2.53	2.48	2.49	14827215	42616252.00
20141022	2.48	2.52	2.44	2.44	9649907	27548120.00
20141023	2.43	2.44	2.36	2.37	10594882	29246604.00
20141024	2.36	2.54	2.35	2.43	12754258	35843904.00
20141027	2.39	2.42	2.37	2.40	8796722	24279994.00
20141028	2.40	2.47	2.39	2.47	7421132	20872204.00
20141029	2.47	2.57	2.45	2.55	30048814	87345408.00
20141030	2.55	2.77	2.52	2.68	49605274	149982784.00
20141031	2.66	2.75	2.65	2.68	35138352	107409992.00
20141103	2.68	2.88	2.68	2.83	42859953	134646512.00
20141104	2.81	2.91	2.76	2.86	37060555	118670584.00
20141105	2.81	2.85	2.76	2.78	22692025	71740976.00
20141106	2.79	2.80	2.70	2.75	16794828	52270236.00
20141107	2.75	2.80	2.69	2.70	23709907	74044160.00
20141110	2.72	2.87	2.72	2.85	29752467	94885512.00
20141111	2.88	3.00	2.74	2.78	39130054	126373816.00
20141112	2.78	2.82	2.71	2.81	13803819	43460592.00
20141113	2.82	2.84	2.76	2.83	17810166	56580176.00
20141114	2.81	2.82	2.75	2.79	11009499	34661752.00
20141117	2.80	2.81	2.76	2.76	10128213	31893524.00
20141118	2.76	2.77	2.71	2.74	14170606	44000996.00
20141119	2.75	2.75	2.72	2.74	6905677	21447116.00
20141120	2.73	2.75	2.71	2.73	8369924	25911428.00
20141121	2.74	2.77	2.71	2.76	10118035	31450204.00
20141124	2.79	2.82	2.77	2.81	20621560	65319956.00
20141125	2.81	2.85	2.78	2.83	22503161	71829352.00
20141126	2.83	2.87	2.81	2.85	15734846	50394952.00
20141127	2.90	3.03	2.88	3.00	49117634	163201824.00
20141128	3.03	3.18	2.94	3.00	58857854	201778704.00
20141201	3.03	3.16	3.02	3.09	48450033	167875392.00
20141202	3.09	3.12	3.00	3.09	31110733	106542960.00
20141203	3.17	3.26	3.09	3.16	53244279	189428400.00
20141204	3.16	3.25	3.06	3.22	45748988	162936992.00
20141205	3.21	3.22	2.98	3.08	42469327	148248992.00
20141208	3.05	3.22	3.03	3.19	39000392	136558592.00
20141209	3.16	3.51	3.08	3.16	74858836	273092928.00
20141210	3.13	3.35	3.07	3.33	50511851	181508640.00
20141211	3.33	3.44	3.28	3.37	49717781	185481408.00
20141212	3.50	3.71	3.50	3.57	87117868	344778432.00
20141215	3.51	3.62	3.46	3.60	49597359	193282336.00
20141216	3.58	3.60	3.53	3.59	30385305	119408408.00
20141217	3.58	3.70	3.54	3.62	43674547	174429456.00
20141218	3.63	3.64	3.52	3.54	34063547	134379136.00
20141219	3.51	3.71	3.44	3.70	59942580	235820112.00
20141222	3.77	3.87	3.61	3.69	62356020	255829600.00
20141223	3.65	3.65	3.47	3.47	31069562	121686152.00
20141224	3.46	3.55	3.36	3.41	25424298	96806312.00
20141225	3.45	3.52	3.42	3.50	18815887	72259640.00
20141226	3.50	3.63	3.48	3.61	31997821	126833248.00
20141229	3.66	3.85	3.66	3.81	68851728	284402880.00
20141230	3.78	3.78	3.62	3.65	38848350	157187808.00
20141231	3.64	3.72	3.63	3.69	23170845	93755976.00
20150105	3.69	3.79	3.69	3.78	40524298	167041616.00
20150106	3.76	3.98	3.71	3.87	59908485	253688096.00
20150107	3.81	3.83	3.76	3.81	30105622	125220600.00
20150108	3.78	3.80	3.63	3.66	27050189	109965560.00
20150109	3.64	3.71	3.64	3.64	20112936	81327736.00
20150112	3.61	3.61	3.44	3.47	22224980	86455736.00
20150113	3.46	3.49	3.43	3.45	11749519	45041976.00
20150114	3.46	3.49	3.38	3.40	10649517	40646096.00
20150115	3.40	3.51	3.36	3.51	13196400	50232228.00
20150116	3.51	3.61	3.49	3.61	20551700	80473632.00
20150119	3.52	3.52	3.21	3.25	31016591	115754976.00
20150120	3.26	3.35	3.25	3.33	17210199	63380128.00
20150121	3.34	3.48	3.33	3.48	17672647	67053972.00
20150122	3.59	3.70	3.59	3.69	48498300	194833280.00
20150123	3.72	3.81	3.63	3.67	47314909	193289696.00
20150126	3.74	3.83	3.61	3.77	42123447	172526432.00
20150127	3.75	3.76	3.61	3.71	37492138	152229376.00
20150128	3.69	3.72	3.64	3.67	19148259	77498680.00
20150129	3.71	3.78	3.66	3.68	31739455	130111952.00
20150130	3.70	3.72	3.60	3.61	22470608	90065784.00
20150202	3.53	3.54	3.45	3.49	18410695	71210312.00
20150203	3.47	3.52	3.41	3.51	20923654	80252136.00
20150204	3.52	3.53	3.44	3.44	14026815	54044160.00
20150205	3.50	3.53	3.38	3.38	14549653	55427528.00
20150206	3.38	3.40	3.23	3.26	15655956	57553792.00
20150209	3.23	3.29	3.23	3.26	9215460	33491100.00
20150210	3.28	3.37	3.27	3.35	8935826	33085656.00
20150211	3.38	3.39	3.34	3.38	6877755	25679362.00
20150212	3.38	3.41	3.35	3.40	7488373	28090014.00
20150213	3.43	3.50	3.42	3.47	12686895	48791860.00
20150216	3.49	3.57	3.47	3.56	13858437	54074568.00
20150217	3.58	3.61	3.54	3.56	11353775	44712412.00
20150225	3.55	3.55	3.47	3.50	11396126	44185108.00
20150226	3.47	3.59	3.47	3.59	17368480	67997840.00
20150227	3.60	3.61	3.56	3.58	13135944	52047012.00
20150302	3.60	3.62	3.57	3.59	13602721	53904124.00
20150303	3.58	3.58	3.50	3.51	18913743	73863680.00
20150304	3.51	3.54	3.48	3.54	11302468	43949360.00
20150305	3.54	3.55	3.49	3.53	12963420	50402616.00
20150306	3.53	3.54	3.50	3.52	8929328	34705000.00
20150309	3.50	3.54	3.45	3.54	12739366	49255344.00
20150310	3.52	3.60	3.52	3.57	17925662	70668464.00
20150311	3.57	3.58	3.51	3.54	14104287	55291256.00
20150312	3.53	3.57	3.51	3.56	15707609	61544468.00
20150313	3.56	3.59	3.55	3.58	14585280	57548584.00
20150316	3.61	3.69	3.60	3.68	30624138	123288288.00
20150317	3.70	3.88	3.67	3.87	63608195	264542176.00
20150318	3.90	4.29	3.90	4.29	160384367	733986240.00
20150319	4.43	4.76	4.34	4.76	221312437	1117073920.00
20150320	5.11	5.11	4.74	4.80	285665472	1510655872.00
20150323	4.83	5.07	4.64	4.99	192676265	994939328.00
20150324	4.92	5.53	4.87	5.53	239627321	1330110336.00
20150325	5.62	5.66	5.33	5.42	180626230	1051912064.00
20150326	5.33	5.33	5.13	5.16	93515817	521991072.00
20150327	5.15	5.31	5.10	5.20	54415211	303622048.00
20150330	5.20	5.25	5.14	5.24	66222249	368970592.00
20150331	5.28	5.31	5.10	5.13	78064979	430752800.00
20150401	5.11	5.22	5.08	5.19	54568388	301718592.00
20150402	5.27	5.50	5.24	5.37	104859667	597448512.00
20150403	5.37	5.42	5.25	5.37	76988794	439550048.00
20150407	5.43	5.89	5.43	5.76	114496182	695661888.00
20150408	5.75	5.79	5.53	5.63	96553356	581520896.00
20150409	5.66	5.69	5.28	5.47	69527882	403999744.00
20150410	5.47	5.68	5.37	5.59	61182627	364388288.00
20150413	5.68	6.19	5.68	6.19	127293294	827031680.00
20150414	6.72	6.85	6.52	6.85	79828216	568050432.00
20150415	7.57	7.57	7.53	7.57	62360063	495064736.00
20150416	7.63	8.19	6.78	7.54	253766102	2013126144.00
20150417	7.49	8.09	7.26	7.68	163795766	1324718208.00
20150420	7.47	7.83	7.03	7.35	149145427	1159744128.00
20150421	7.23	7.45	7.06	7.43	81738404	622155072.00
20150422	7.39	7.73	7.23	7.47	103533972	814800832.00
20150423	7.47	7.58	7.32	7.47	68212313	532523840.00
20150424	7.34	7.42	7.15	7.33	62315161	477991712.00
20150427	7.54	7.70	7.29	7.44	82301142	645767232.00
20150428	7.43	8.22	7.19	8.22	167362109	1339688704.00
20150429	8.31	8.42	7.68	7.96	129974992	1090852992.00
20150430	8.01	8.22	7.83	7.88	84703381	706489472.00
20150504	7.82	8.13	7.55	7.91	74152657	607879744.00
20150505	7.91	7.91	7.16	7.26	73935732	584862656.00
20150506	7.23	7.41	6.66	6.83	66901131	494763680.00
20150507	6.77	6.77	6.23	6.26	61763728	420328000.00
20150508	6.36	6.61	6.33	6.56	54476897	371794624.00
20150511	6.83	6.88	6.58	6.84	48869325	348339776.00
20150512	6.85	7.13	6.74	6.98	53567224	393301216.00
20150513	7.63	7.72	7.63	7.72	35932378	290008448.00
20150514	8.53	8.53	7.69	7.71	181603888	1529495296.00
20150515	7.47	7.47	7.09	7.24	98849243	753957568.00
20150518	7.12	7.32	6.97	7.09	51294281	384603040.00
20150519	7.10	7.76	7.10	7.52	84993317	667058112.00
20150520	7.50	7.62	7.34	7.43	70671278	554147200.00
20150521	7.46	7.60	7.39	7.49	57241604	449069568.00
20150522	7.55	7.80	7.46	7.75	95976950	767651776.00
20150525	7.72	8.29	7.61	8.28	135728994	1146981248.00
20150526	8.29	8.37	7.93	8.21	134793454	1150181248.00
20150527	8.21	8.27	7.83	7.98	102580248	863471872.00
20150528	7.97	8.28	7.68	7.73	136612295	1144943488.00
20150529	7.78	7.84	7.04	7.41	96715080	754892672.00
20150601	7.33	7.91	7.33	7.85	84082483	678638336.00
20150602	7.85	8.07	7.79	8.03	83408811	692798976.00
20150603	8.06	8.87	7.97	8.87	180016438	1618132480.00
20150604	8.89	8.89	8.08	8.54	125435065	1111212672.00
20150605	8.68	8.86	8.33	8.59	105746623	945983744.00
20150608	8.61	9.49	8.61	9.49	151953849	1446903552.00
20150609	9.68	9.73	9.25	9.50	138322482	1366506240.00
20150610	9.27	9.53	9.12	9.45	92587806	897121472.00
20150611	9.34	9.48	9.19	9.42	70731734	684377472.00
20150612	9.47	10.09	9.32	9.75	126402110	1268559488.00
20150615	9.79	10.23	9.58	9.94	110738859	1138226688.00
20150616	9.93	9.93	9.02	9.24	91326897	899804032.00
20150617	9.13	9.54	8.65	9.41	73215216	694998016.00
20150618	9.41	9.41	8.83	8.86	56816723	534173088.00
20150619	8.63	8.78	7.95	7.95	54571742	466663520.00
20150623	7.95	8.16	7.13	8.06	62466205	498935616.00
20150624	8.05	8.52	8.00	8.34	64732820	549722752.00
20150625	8.34	8.35	7.63	7.79	51700294	430683904.00
20150626	7.45	7.61	6.99	6.99	64127308	477001216.00
20150629	7.24	7.33	6.27	6.54	78211095	540898176.00
20150630	6.55	7.20	5.91	7.17	75902141	522639456.00
20150701	7.10	7.43	6.55	6.66	67407188	495740224.00
20150702	6.75	6.84	5.97	6.04	57959165	383595520.00
20150703	5.83	6.33	5.41	5.50	61976917	369615648.00
20150706	6.08	6.08	5.09	5.48	71052979	414934816.00
20150707	5.25	5.70	4.91	4.91	74425371	404041344.00
20150708	4.39	4.52	4.39	4.39	54526597	253426528.00
20150709	3.96	4.85	3.96	4.85	82995744	404531872.00
20150710	5.13	5.36	4.91	5.36	68482418	378167424.00
20150713	5.67	5.92	5.55	5.92	92467098	557321280.00
20150714	6.01	6.45	5.67	5.83	139225738	867512000.00
20150715	5.60	5.71	5.22	5.31	87435306	494053504.00
20150716	5.09	5.62	4.94	5.44	56621992	317504896.00
20150717	5.45	5.87	5.44	5.80	64213930	381385664.00
20150720	5.82	5.97	5.68	5.79	65563218	397937472.00
20150721	5.69	6.39	5.60	6.39	102687682	656483712.00
20150722	6.84	6.85	6.17	6.39	160431951	1087768832.00
20150723	6.22	6.75	6.15	6.58	105370893	702326720.00
20150724	6.58	6.58	6.20	6.26	80821343	540281984.00
20150727	6.05	6.20	5.61	5.61	80141190	495215840.00
20150728	5.15	5.60	5.03	5.25	64219358	354050176.00
20150729	5.41	5.65	5.15	5.64	52034963	292441120.00
20150730	5.56	5.93	5.47	5.55	60743214	359170240.00
20150731	5.41	5.61	5.22	5.34	40355677	227614320.00
20150803	5.26	5.31	4.87	5.05	36044835	192494336.00
20150804	5.09	5.46	5.08	5.45	37336177	206489280.00
20150805	5.42	5.74	5.30	5.47	51598554	296347072.00
20150806	5.29	5.48	5.24	5.33	28118689	157895984.00
20150807	5.39	5.55	5.39	5.49	32943265	188823088.00
20150810	5.55	5.89	5.55	5.85	60655692	363943168.00
20150811	5.85	6.15	5.77	5.94	67811168	421272800.00
20150812	5.82	6.09	5.76	5.85	60281174	372771168.00
20150813	5.80	6.02	5.75	5.99	50966034	312943680.00
20150814	5.98	6.30	5.97	6.13	80166638	511249952.00
20150817	6.05	6.34	5.97	6.32	68784750	440483584.00
20150818	6.32	6.36	5.66	5.66	84759589	529335360.00
20150819	5.45	5.91	5.27	5.84	57143235	332864000.00
20150820	6.20	6.45	6.05	6.45	122215119	805468864.00
20150821	6.35	6.35	5.83	5.99	125040524	785012288.00
20150824	5.64	5.68	5.37	5.37	50027354	284910976.00
20150825	4.91	5.19	4.81	4.81	54333835	280452800.00
20150826	4.89	5.20	4.61	4.94	75838139	393726528.00
20150827	5.08	5.23	4.82	5.21	52975082	281577856.00
20150828	5.32	5.62	5.21	5.60	69105203	390251520.00
20150831	5.50	5.53	5.27	5.32	49375521	277766560.00
20150901	5.34	5.48	5.06	5.12	48470229	266158608.00
20150902	4.90	5.26	4.79	4.93	47058073	248418080.00
20150907	5.06	5.25	4.97	5.08	42749091	229714608.00
20150908	5.08	5.29	4.97	5.27	45263822	243338304.00
20150909	5.27	5.49	5.20	5.47	66186818	372334752.00
20150910	5.40	5.44	5.26	5.29	33720606	188659040.00
20150911	5.28	5.35	5.21	5.29	25672479	141970672.00
20150914	5.34	5.34	4.83	4.96	39888257	211123936.00
20150915	4.85	4.97	4.65	4.70	30568663	154508432.00
20150916	4.71	5.20	4.70	5.20	51746181	270990048.00
20150917	5.32	5.40	5.04	5.05	73081938	401136864.00
20150918	5.12	5.14	4.97	5.07	34282542	181655296.00
20150921	5.01	5.25	4.95	5.21	34894323	187530512.00
20150922	5.20	5.28	5.14	5.20	38142667	208150240.00
20150923	5.11	5.15	5.00	5.11	26868838	143159008.00
20150924	5.08	5.30	5.08	5.21	37866566	207064656.00
20150925	5.20	5.28	5.01	5.05	31343571	168486720.00
20150928	4.97	5.08	4.93	5.06	17562081	92402448.00
20150929	4.97	5.01	4.90	4.93	15457959	80430784.00
20150930	4.96	5.01	4.93	4.98	13347604	69624496.00
20151008	5.15	5.19	5.08	5.14	26250395	141482240.00
20151009	5.14	5.23	5.09	5.22	27073098	146562208.00
20151012	5.23	5.51	5.22	5.43	53704617	302590784.00
20151013	5.40	5.56	5.35	5.51	46744516	266301056.00
20151014	5.46	5.49	5.32	5.33	35573785	200989408.00
20151015	5.30	5.52	5.28	5.49	45790335	260873104.00
20151016	5.56	5.66	5.50	5.63	65476855	381057344.00
20151019	5.67	5.70	5.47	5.57	46129242	268260128.00
20151020	5.54	5.62	5.48	5.61	37127608	215111456.00
20151021	5.63	5.67	5.20	5.27	51838819	296505152.00
20151022	5.30	5.41	5.26	5.39	32532252	181902592.00
20151023	5.41	5.51	5.35	5.49	38840021	220821872.00
20151026	5.55	5.71	5.52	5.65	52495093	307193408.00
20151027	5.62	5.69	5.40	5.67	37089969	215400688.00
20151028	5.73	5.78	5.49	5.51	56667211	332681984.00
20151029	5.54	5.65	5.52	5.56	37786525	220206336.00
20151030	5.53	5.58	5.40	5.47	29338121	168519936.00
20151102	5.44	5.56	5.39	5.43	31905756	182483232.00
20151103	5.44	5.49	5.38	5.43	18964040	107714424.00
20151104	5.45	5.77	5.45	5.74	80599437	476398240.00
20151105	5.80	6.14	5.75	5.93	142978145	884226112.00
20151106	5.86	6.10	5.84	6.00	94970296	588749056.00
20151109	6.10	6.24	6.01	6.08	95627430	608737344.00
20151110	6.04	6.14	5.95	6.01	66783821	419587872.00
20151111	5.99	6.01	5.88	6.00	52469997	325607168.00
20151112	6.05	6.13	5.93	5.96	51758405	324527296.00
20151113	5.90	5.95	5.79	5.86	37845223	231956704.00
20151116	5.75	5.90	5.73	5.90	31870558	193638304.00
20151117	5.94	6.03	5.85	5.86	46296875	287270208.00
20151118	5.90	5.90	5.80	5.81	26109370	158974528.00
20151119	5.79	5.89	5.78	5.89	23332757	142077312.00
20151120	5.87	6.21	5.86	6.09	77875306	490726176.00
20151123	6.25	6.45	6.11	6.21	107718183	706961344.00
20151124	6.16	6.20	5.96	6.09	49085542	309603840.00
20151125	6.05	6.09	5.99	6.08	39241131	246884672.00
20151126	6.12	6.16	6.02	6.04	35781968	226657760.00
20151127	6.01	6.04	5.55	5.68	48018123	292254464.00
20151130	5.68	5.77	5.49	5.73	38269782	225844528.00
20151201	5.74	5.87	5.66	5.81	35068220	211003200.00
20151202	5.81	6.05	5.71	6.03	50871123	313348032.00
20151203	6.02	6.13	5.99	6.05	42709959	269528000.00
20151204	6.01	6.19	5.93	6.09	63341594	401290720.00
20151207	6.14	6.51	6.08	6.41	88678654	582829696.00
20151208	6.34	6.39	6.11	6.11	68176201	440028960.00
20151209	6.08	6.16	6.01	6.07	44557547	282145120.00
20151210	6.12	6.38	6.05	6.25	59918054	387650560.00
20151211	6.19	6.22	6.07	6.13	32567225	208123904.00
20151214	6.05	6.30	6.02	6.29	43514626	279603840.00
20151215	6.26	6.48	6.22	6.35	60058448	395392704.00
20151216	6.37	6.38	6.21	6.23	37737015	247001632.00
20151217	6.30	6.39	6.27	6.31	51454941	338295904.00
20151218	6.32	6.52	6.27	6.48	63244151	419531040.00
20151221	6.44	6.82	6.41	6.69	81960407	564875840.00
20151222	6.66	6.72	6.52	6.69	51082528	351067360.00
20151223	6.69	6.93	6.59	6.63	75538323	527345408.00
20151224	6.58	6.63	6.42	6.53	47442450	320891136.00
20151225	6.52	6.70	6.52	6.67	41942829	288939968.00
20151228	6.70	7.01	6.58	6.60	84046694	592415488.00
20151229	6.55	6.81	6.54	6.80	44181383	305253920.00
20151230	6.78	6.88	6.70	6.77	38981505	273823456.00
20151231	6.78	6.82	6.57	6.59	36659864	253935968.00
20160104	6.59	6.62	5.95	5.96	40803898	267872560.00
20160105	5.83	6.15	5.77	6.06	55062333	342716608.00
20160106	6.04	6.26	6.00	6.23	43303422	276065216.00
20160107	6.10	6.12	5.60	5.61	14058100	85963432.00
20160108	5.78	5.88	5.47	5.80	46588268	280197056.00
20160111	5.68	5.84	5.36	5.39	46488801	272652544.00
20160112	5.50	5.54	5.31	5.46	26943052	153626864.00
20160113	5.51	5.57	5.25	5.30	28356391	161875664.00
20160114	5.10	5.53	5.05	5.50	30203010	168502896.00
20160115	5.44	5.49	5.10	5.21	33308589	184059600.00
20160118	5.10	5.29	5.06	5.19	22443150	122183240.00
20160119	5.17	5.42	5.16	5.38	27934126	155207424.00
20160120	5.33	5.43	5.26	5.29	25659736	143292272.00
20160121	5.17	5.34	5.10	5.13	24907322	136100512.00
20160122	5.17	5.22	5.07	5.19	21231678	114734944.00
20160125	5.22	5.31	5.12	5.24	16031017	87716888.00
20160126	5.17	5.20	4.75	4.80	27613750	144685248.00
20160127	4.79	4.85	4.45	4.71	31497454	154388768.00
20160128	4.65	4.79	4.54	4.57	20964779	103396616.00
20160129	4.60	4.80	4.55	4.72	20324048	100708704.00
20160201	4.71	4.74	4.56	4.64	15672117	76872232.00
20160202	4.65	4.79	4.63	4.77	18475952	92170816.00
20160203	4.72	4.79	4.65	4.76	15782755	78196184.00
20160204	4.76	4.87	4.76	4.84	19727152	100124832.00
20160205	4.86	4.88	4.77	4.79	13068340	66161144.00
20160215	4.65	4.78	4.62	4.74	12753642	63167792.00
20160216	4.76	4.91	4.76	4.90	22191455	113597008.00
20160217	4.90	4.95	4.86	4.94	20874826	107626816.00
20160218	4.98	5.01	4.88	4.89	19253524	99899968.00
20160219	4.89	4.91	4.84	4.89	14773867	75786008.00
20160222	4.94	5.05	4.92	5.04	24281609	127254240.00
20160223	5.04	5.12	4.94	5.03	23027209	121356672.00
20160224	5.00	5.12	4.96	5.11	25377515	134268208.00
20160225	5.06	5.09	4.59	4.65	36300439	185374304.00
20160226	4.73	4.82	4.65	4.77	21480260	106859040.00
20160229	4.76	4.77	4.47	4.64	20743039	100868080.00
20160301	4.66	4.81	4.61	4.76	19523002	96608976.00
20160302	4.76	5.10	4.75	5.06	31340034	161620256.00
20160303	5.10	5.14	5.00	5.02	33218914	176494128.00
20160304	4.96	5.01	4.86	5.00	31233184	162492112.00
20160307	5.04	5.13	5.00	5.10	39238886	208823920.00
20160308	5.07	5.07	4.84	5.02	31063601	161041920.00
20160309	4.91	4.95	4.81	4.92	22771970	116918496.00
20160310	4.90	4.93	4.82	4.82	14224205	72890464.00
20160311	4.77	4.86	4.75	4.84	10808993	54767808.00
20160314	4.88	5.02	4.87	4.94	23966201	124835720.00
20160315	4.90	4.96	4.84	4.91	16751217	86086736.00
20160316	4.90	5.00	4.85	4.95	30041445	155733568.00
20160317	4.95	5.05	4.92	5.02	28914173	151612880.00
20160318	5.02	5.15	5.01	5.13	33138790	177116352.00
20160321	5.17	5.27	5.13	5.20	38708661	210502912.00
20160322	5.16	5.19	5.12	5.14	21636626	116816728.00
20160323	5.11	5.16	5.07	5.12	21317964	114330632.00
20160324	5.08	5.11	5.02	5.02	21035784	111704760.00
20160325	5.01	5.07	4.99	5.07	17261891	91093544.00
20160328	5.09	5.14	5.01	5.03	20968737	111849656.00
20160329	5.04	5.05	4.92	4.94	17222336	89937784.00
20160330	4.98	5.08	4.98	5.07	21600315	113808528.00
20160331	5.11	5.16	5.09	5.12	27309700	146487008.00
20160401	5.09	5.13	4.98	5.10	24523159	130153192.00
20160405	5.06	5.20	5.04	5.18	31534764	169816976.00
20160406	5.15	5.18	5.09	5.14	25522133	137549888.00
20160407	5.15	5.18	5.07	5.07	22823983	122353000.00
20160408	5.04	5.05	4.96	5.01	18545694	97458040.00
20160411	5.03	5.12	5.02	5.10	19199439	102509952.00
20160412	5.09	5.11	5.02	5.08	14759022	78256952.00
20160413	5.10	5.19	5.09	5.14	31937269	172583216.00
20160414	5.18	5.20	5.12	5.19	18957151	102489232.00
20160415	5.18	5.19	5.12	5.15	17020135	91940560.00
20160418	5.11	5.13	5.06	5.09	16119617	86034120.00
20160419	5.12	5.14	5.07	5.09	10347988	55391496.00
20160420	5.11	5.11	4.85	4.92	24614050	128251528.00
20160421	4.90	4.95	4.88	4.89	11941144	61687684.00
20160422	4.90	4.92	4.86	4.92	11651287	59883496.00
20160425	4.90	4.92	4.86	4.91	9470085	48658976.00
20160426	4.92	5.03	4.90	5.03	16375229	85341408.00
20160427	5.03	5.06	5.00	5.05	14067188	74291168.00
20160428	4.87	4.88	4.65	4.73	65853105	327577056.00
20160429	4.67	4.70	4.64	4.67	18363234	90357872.00
20160503	4.67	4.74	4.62	4.73	31273339	154363264.00
20160504	4.71	4.71	4.68	4.69	20472022	101193944.00
20160505	4.68	4.69	4.65	4.67	14965268	73638160.00
20160506	4.67	4.69	4.50	4.51	30908175	149525216.00
20160509	4.49	4.50	4.30	4.32	21050173	97420992.00
20160510	4.31	4.36	4.30	4.33	12214220	55817056.00
20160511	4.36	4.37	4.30	4.31	9811262	44911412.00
20160512	4.30	4.31	4.20	4.27	13283459	59706708.00
20160513	4.26	4.34	4.24	4.28	10811479	49119192.00
20160516	4.26	4.30	4.23	4.30	9901889	44773900.00
20160517	4.31	4.31	4.24	4.27	10447548	47239656.00
20160518	4.25	4.25	4.09	4.14	17126634	75408752.00
20160519	4.14	4.18	4.11	4.14	9572780	42088684.00
20160520	4.10	4.15	4.09	4.15	7110371	31066308.00
20160523	4.15	4.18	4.13	4.17	8236918	36340360.00
20160524	4.17	4.17	4.12	4.13	7020453	30765652.00
20160525	4.16	4.19	4.12	4.13	8017805	35338684.00
20160526	4.14	4.16	4.06	4.13	8030805	34987240.00
20160527	4.12	4.16	4.08	4.15	8135882	35614640.00
20160530	4.16	4.20	4.11	4.15	9419118	41481256.00
20160531	4.16	4.30	4.15	4.29	21298056	95838648.00
20160601	4.29	4.30	4.25	4.28	15607007	70640664.00
20160602	4.27	4.29	4.24	4.28	10576716	47766200.00
20160603	4.28	4.29	4.25	4.28	10580257	47812224.00
20160606	4.27	4.40	4.25	4.32	21699582	99456272.00
20160607	4.28	4.33	4.26	4.27	10793760	48901568.00
20160608	4.27	4.28	4.22	4.25	7051611	31719094.00
20160613	4.21	4.21	4.10	4.11	12795254	56393672.00
20160614	4.10	4.12	4.07	4.09	9110383	39526144.00
20160615	4.07	4.19	4.06	4.16	9918054	43550692.00
20160616	4.15	4.16	4.08	4.10	9949988	43421032.00
20160617	4.11	4.16	4.09	4.13	9733683	42696112.00
20160620	4.12	4.14	4.10	4.12	7604947	33181546.00
20160621	4.14	4.20	4.11	4.13	14606122	64361248.00
20160622	4.11	4.20	4.11	4.18	9576049	42205656.00
20160623	4.16	4.17	4.11	4.15	8928094	39192988.00
20160624	4.15	4.17	4.05	4.09	16357640	71140368.00
20160627	4.09	4.13	4.06	4.13	9254581	40350288.00
20160628	4.13	4.16	4.10	4.15	10913389	47750140.00
20160629	4.16	4.19	4.14	4.17	12698230	56117600.00
20160630	4.18	4.19	4.15	4.17	10052568	44357664.00
20160701	4.17	4.20	4.16	4.18	9156818	40579804.00
20160704	4.15	4.25	4.15	4.24	15960064	71350872.00
20160705	4.24	4.29	4.23	4.27	13134192	59271872.00
20160706	4.25	4.27	4.22	4.26	11634400	52283116.00
20160707	4.26	4.26	4.21	4.24	13159900	59055596.00
20160708	4.24	4.26	4.21	4.25	10204600	45765096.00
20160711	4.24	4.28	4.22	4.24	13093400	58994076.00
20160712	4.25	4.34	4.23	4.33	26374300	119699512.00
20160713	4.34	4.43	4.33	4.39	25872500	120020744.00
20160714	4.38	4.43	4.37	4.41	15288300	71085160.00
20160715	4.41	4.47	4.39	4.42	20351000	95143608.00
20160718	4.41	4.41	4.35	4.37	17321800	77277032.00
20160719	4.37	4.38	4.32	4.35	10912200	48409964.00
20160720	4.34	4.35	4.32	4.33	7951100	35210944.00
20160721	4.33	4.40	4.33	4.36	12263800	54778972.00
20160722	4.35	4.37	4.29	4.29	12150200	53615176.00
20160725	4.29	4.35	4.28	4.31	9402400	41384040.00
20160726	4.32	4.35	4.30	4.35	11330500	50067132.00
20160727	4.35	4.40	4.22	4.25	22520868	99042848.00
20160728	4.27	4.46	4.25	4.44	45772981	204788512.00
20160729	4.44	4.58	4.44	4.47	53493554	245965248.00
20160801	4.45	4.49	4.33	4.40	25400024	114022456.00
20160802	4.39	4.43	4.35	4.43	16783633	75013640.00
20160803	4.41	4.43	4.37	4.42	17617202	79117664.00
20160804	4.42	4.51	4.37	4.49	28199853	128056720.00
20160805	4.47	4.55	4.43	4.44	20930759	95661216.00
20160808	4.43	4.49	4.40	4.47	17190373	78206208.00
20160809	4.46	4.53	4.44	4.51	22073700	101107200.00
20160810	4.49	4.53	4.46	4.47	16558600	75841048.00
20160811	4.46	4.48	4.43	4.43	15377686	69810608.00
20160812	4.43	4.52	4.42	4.51	18871816	86057768.00
20160815	4.51	4.66	4.50	4.63	44752489	209582896.00
20160816	4.69	4.69	4.58	4.60	23849752	112106496.00
20160817	4.60	4.60	4.55	4.58	19148626	89274768.00
20160818	4.58	4.60	4.56	4.59	20004015	93422240.00
20160819	4.57	4.60	4.57	4.58	10831483	50639748.00
20160822	4.57	4.59	4.49	4.50	19663600	90784856.00
20160823	4.49	4.52	4.49	4.51	7408600	34057508.00
20160824	4.51	4.54	4.50	4.54	10375500	47869156.00
20160825	4.41	4.45	4.33	4.39	38056300	170226816.00
20160826	4.38	4.40	4.33	4.35	21116300	93995472.00
20160829	4.34	4.36	4.32	4.35	13255285	58703224.00
20160830	4.35	4.37	4.33	4.36	10309829	45805024.00
20160831	4.35	4.40	4.33	4.39	15693949	69922968.00
20160901	4.48	4.54	4.41	4.42	31478307	143826576.00
20160902	4.39	4.42	4.37	4.38	14035671	62861224.00
20160905	4.39	4.41	4.37	4.39	7723626	34614232.00
20160906	4.38	4.41	4.35	4.41	9620422	43039312.00
20160907	4.40	4.43	4.38	4.40	11067975	49811196.00
20160908	4.40	4.43	4.39	4.42	7344500	33056794.00
20160909	4.41	4.42	4.37	4.37	10178910	45609448.00
20160912	4.33	4.34	4.26	4.29	16249178	71372088.00
20160913	4.30	4.31	4.27	4.29	6407939	28063890.00
20160914	4.27	4.29	4.26	4.28	6013883	26221652.00
20160919	4.27	4.31	4.27	4.30	6813228	29830926.00
20160920	4.29	4.40	4.28	4.33	11813030	52126220.00
20160921	4.33	4.34	4.30	4.31	5761566	25379116.00
20160922	4.32	4.35	4.31	4.33	7291701	32202524.00
20160923	4.34	4.34	4.31	4.32	6038341	26667168.00
20160926	4.30	4.30	4.22	4.24	9217233	40199436.00
20160927	4.24	4.26	4.22	4.25	8135712	35219592.00
20160928	4.25	4.27	4.23	4.26	6033915	26196520.00
20160929	4.26	4.28	4.25	4.26	4995705	21753132.00
20160930	4.25	4.27	4.24	4.26	3984953	17320500.00
20161010	4.27	4.31	4.27	4.31	8086300	35484628.00
20161011	4.32	4.46	4.30	4.45	35150809	157704272.00
20161012	4.41	4.42	4.34	4.35	24902904	110886488.00
20161013	4.35	4.51	4.35	4.48	43443717	197305216.00
20161014	4.43	4.47	4.40	4.45	25706359	116187608.00
20161017	4.45	4.47	4.36	4.37	17408720	78324144.00
20161018	4.37	4.44	4.36	4.43	12457946	55981444.00
20161019	4.42	4.45	4.39	4.41	10157408	45797324.00
20161020	4.41	4.41	4.38	4.39	10864462	48715704.00
20161021	4.39	4.42	4.36	4.38	12904195	57734456.00
20161024	4.38	4.43	4.37	4.43	15420487	69399584.00
20161025	4.43	4.43	4.40	4.42	11183997	50373104.00
20161026	4.41	4.42	4.39	4.40	14471095	64994632.00
20161027	4.40	4.41	4.38	4.40	7391994	33141954.00
20161028	4.40	4.45	4.39	4.41	13439120	60623356.00
20161031	4.39	4.42	4.37	4.41	8109481	36368120.00
20161101	4.41	4.42	4.39	4.42	8676700	39018632.00
20161102	4.41	4.42	4.37	4.38	9656500	43226424.00
20161103	4.37	4.41	4.36	4.40	10362592	46416024.00
20161104	4.40	4.41	4.37	4.38	7427200	33254826.00
20161107	4.38	4.39	4.36	4.38	9719877	43395512.00
20161108	4.39	4.45	4.38	4.43	21850063	98521800.00
20161109	4.42	4.44	4.34	4.37	16334887	73025696.00
20161110	4.39	4.45	4.39	4.44	21286589	96049272.00
20161111	4.44	4.47	4.42	4.45	22035477	99936016.00
20161114	4.47	4.54	4.45	4.51	32836060	150615680.00
20161115	4.50	4.51	4.47	4.49	15120158	69242672.00
20161116	4.49	4.55	4.48	4.52	21613200	99532048.00
20161117	4.52	4.53	4.48	4.51	14364800	65894144.00
20161118	4.51	4.52	4.46	4.47	13821200	63186212.00
20161121	4.47	4.65	4.46	4.54	36003300	167083760.00
20161122	4.54	4.58	4.52	4.57	23127391	107392056.00
20161123	4.57	4.59	4.53	4.53	17584326	81626288.00
20161124	4.54	4.60	4.52	4.57	23719500	110431216.00
20161125	4.55	4.60	4.51	4.60	19768800	91912096.00
20161128	4.61	4.68	4.60	4.65	32290800	152863760.00
20161129	4.62	4.68	4.60	4.61	32995600	155832704.00
20161130	4.58	4.63	4.56	4.58	19832500	93036456.00
20161201	4.57	4.61	4.57	4.61	13645946	63893972.00
20161202	4.61	4.65	4.55	4.56	16372447	76839952.00
20161205	4.54	4.56	4.48	4.49	17863300	82372960.00
20161206	4.50	4.52	4.48	4.49	8903200	40894752.00
20161207	4.48	4.55	4.48	4.54	10979300	50581976.00
20161208	4.55	4.56	4.51	4.51	8366900	38708244.00
20161209	4.52	4.55	4.51	4.55	10898500	50371076.00
20161212	4.56	4.57	4.42	4.43	22774918	104157048.00
20161213	4.43	4.44	4.37	4.43	10994072	49517816.00
20161214	4.43	4.46	4.41	4.43	9434810	42648348.00
20161215	4.42	4.45	4.40	4.43	9666116	43628196.00
20161216	4.43	4.44	4.40	4.43	8814655	39747668.00
20161219	4.43	4.44	4.40	4.43	9746225	43900828.00
20161220	4.42	4.43	4.40	4.42	8843977	39820056.00
20161221	4.42	4.49	4.41	4.48	14772485	67049824.00
20161222	4.47	4.49	4.44	4.48	9466112	43146856.00
20161223	4.46	4.47	4.42	4.42	9131416	41320228.00
20161226	4.41	4.45	4.38	4.44	7278967	32744614.00
20161227	4.43	4.44	4.41	4.43	7168218	32385896.00
20161228	4.42	4.44	4.40	4.40	5697422	25683436.00
20161229	4.40	4.42	4.39	4.41	5826800	26197324.00
20161230	4.41	4.42	4.39	4.40	7071900	31785500.00
20170103	4.41	4.45	4.41	4.44	11580468	52374104.00
20170104	4.45	4.49	4.43	4.49	14432620	65715200.00
20170105	4.52	4.59	4.52	4.53	24750510	114830384.00
20170106	4.52	4.55	4.50	4.52	13551414	62563552.00
20170109	4.52	4.56	4.50	4.55	9987490	46156336.00
20170110	4.54	4.60	4.51	4.57	16502145	76803800.00
20170111	4.58	4.58	4.49	4.53	16691719	77145400.00
20170112	4.52	4.57	4.50	4.52	11231182	52005348.00
20170113	4.52	4.53	4.47	4.49	11259360	51644232.00
20170116	4.49	4.49	4.31	4.38	22790338	102663880.00
20170117	4.38	4.42	4.37	4.42	11002157	49356348.00
20170118	4.42	4.45	4.39	4.43	7946288	35852408.00
20170119	4.41	4.44	4.40	4.42	7688187	34651868.00
20170120	4.41	4.46	4.41	4.45	10755534	48739896.00
20170123	4.45	4.54	4.44	4.52	17126224	78589416.00
20170124	4.50	4.53	4.49	4.51	11084191	50936148.00
20170125	4.49	4.52	4.48	4.51	8466044	38932800.00
20170126	4.51	4.53	4.49	4.51	8281873	38052880.00
20170203	4.51	4.52	4.48	4.49	6885545	31595660.00
20170206	4.49	4.52	4.46	4.51	14075894	64577748.00
20170207	4.51	4.58	4.49	4.53	20942330	96733952.00
20170208	4.52	4.55	4.49	4.55	11796158	54445600.00
20170209	4.56	4.60	4.53	4.56	20635999	96034040.00
20170210	4.56	4.62	4.55	4.62	33343439	156154416.00
20170213	4.65	4.88	4.60	4.81	67034861	322820416.00
20170214	4.73	4.80	4.71	4.78	47503572	229939344.00
20170215	4.76	4.80	4.69	4.71	39440969	190740000.00
20170216	4.71	4.77	4.68	4.74	26124925	125845576.00
20170217	4.73	4.74	4.66	4.67	25582629	122507816.00
20170220	4.68	4.79	4.67	4.77	33258000	160702992.00
20170221	4.81	4.86	4.77	4.80	33409145	163708816.00
20170222	4.78	4.94	4.74	4.88	45806216	226572464.00
20170223	4.86	4.88	4.80	4.83	23384820	115169056.00
20170224	4.83	4.84	4.76	4.81	18797400	91802624.00
20170227	4.80	4.81	4.70	4.72	20965900	101541440.00
20170228	4.71	4.74	4.70	4.73	11812424	56871756.00
20170301	4.73	4.76	4.71	4.74	15808041	76362456.00
20170302	4.72	4.75	4.66	4.67	16867316	80894776.00
20170303	4.66	4.71	4.64	4.69	13446451	64084352.00
20170306	4.69	4.75	4.69	4.72	16559616	79651680.00
20170307	4.71	4.72	4.67	4.69	14916400	71265184.00
20170308	4.68	4.70	4.66	4.68	10042285	47841696.00
20170309	4.67	4.68	4.60	4.61	16591534	78243728.00
20170310	4.61	4.63	4.59	4.61	9202443	43248260.00
20170313	4.61	4.67	4.58	4.67	12984564	61315684.00
20170314	4.65	4.67	4.63	4.65	7867300	37315240.00
20170315	4.64	4.66	4.62	4.65	8242080	38984896.00
20170316	4.65	4.71	4.65	4.70	18986458	90536512.00
20170317	4.69	4.70	4.61	4.63	14103373	67010256.00
20170320	4.63	4.67	4.60	4.65	10769200	50832232.00
20170321	4.65	4.66	4.63	4.66	10014200	47464148.00
20170322	4.63	4.64	4.58	4.61	13260119	62293456.00
20170323	4.60	4.63	4.57	4.61	14621387	68640232.00
20170324	4.60	4.69	4.60	4.67	18290800	86641904.00
20170327	4.67	4.70	4.65	4.68	14086579	67168144.00
20170328	4.67	4.67	4.63	4.63	7948423	37627776.00
20170329	4.65	4.88	4.62	4.77	69874886	340523072.00
20170330	4.74	4.96	4.72	4.93	81230956	398384736.00
20170331	4.85	4.89	4.76	4.82	55496424	271972864.00
20170405	4.88	4.90	4.78	4.84	41112896	202320128.00
20170406	4.84	4.92	4.76	4.88	49017904	241570272.00
20170407	4.84	4.84	4.78	4.80	29972822	146776400.00
20170410	4.79	4.81	4.76	4.78	20125124	98162056.00
20170411	4.78	4.83	4.71	4.83	37523300	182586128.00
20170412	4.81	4.92	4.77	4.82	41800900	206542016.00
20170413	4.80	4.90	4.79	4.86	28728293	141863648.00
20170414	4.85	4.85	4.73	4.74	28901002	140860576.00
20170417	4.73	4.73	4.66	4.70	16166082	77355528.00
20170418	4.69	4.72	4.64	4.65	12492475	59616072.00
20170419	4.65	4.65	4.53	4.59	18657640	87088592.00
20170420	4.57	4.61	4.52	4.56	13463156	62662240.00
20170421	4.56	4.60	4.55	4.58	9420058	43962564.00
20170424	4.58	4.58	4.49	4.50	14171300	65261776.00
20170425	4.51	4.54	4.49	4.52	7746500	35703588.00
20170426	4.60	4.68	4.58	4.66	25672900	121127832.00
20170427	4.63	4.71	4.61	4.68	21264400	101065008.00
20170428	4.69	4.71	4.66	4.69	10037639	47917488.00
20170502	4.67	4.79	4.67	4.77	22521292	108965992.00
20170503	4.77	4.78	4.72	4.76	13749587	66564488.00
20170504	4.73	4.77	4.72	4.76	14367600	69526504.00
20170505	4.74	4.75	4.69	4.70	10612700	50943364.00
20170508	4.67	4.67	4.61	4.62	16324300	77099168.00
20170509	4.60	4.68	4.60	4.67	11193300	52944032.00
20170510	4.67	4.68	4.60	4.61	8099400	38395144.00
20170511	4.59	4.63	4.53	4.62	15307800	71506008.00
20170512	4.62	4.68	4.59	4.66	12932695	61183224.00
20170515	4.66	4.69	4.65	4.66	10200237	48529364.00
20170516	4.65	4.76	4.63	4.75	19793272	94855160.00
20170517	4.74	4.76	4.71	4.74	17469600	84271704.00
20170518	4.71	4.73	4.69	4.72	11006100	52848488.00
20170519	4.71	4.74	4.68	4.72	7666317	36846808.00
20170522	4.70	4.73	4.62	4.64	11652543	55474152.00
20170523	4.64	4.67	4.59	4.61	11558000	54556120.00
20170524	4.59	4.65	4.58	4.65	10968900	51583160.00
20170525	4.65	4.75	4.62	4.75	22799300	109355672.00
20170526	4.75	4.77	4.72	4.76	17709200	85716576.00
20170531	4.79	4.81	4.74	4.77	16817586	81687328.00
20170601	4.75	4.78	4.72	4.72	14487139	70052776.00
20170602	4.73	4.87	4.69	4.85	41403516	203119488.00
20170605	4.84	4.87	4.80	4.83	25841329	127346504.00
20170606	4.81	4.85	4.78	4.85	17476843	85636808.00
20170607	4.84	4.89	4.82	4.88	31775469	157238944.00
20170608	4.87	4.89	4.80	4.84	21955541	108426312.00
20170609	4.82	4.86	4.82	4.84	14554123	71760072.00
20170612	4.85	4.98	4.82	4.87	45854200	229084112.00
20170613	4.84	4.89	4.83	4.87	22551695	111478984.00
20170614	4.86	4.90	4.82	4.84	15320972	75744536.00
20170615	4.85	4.86	4.83	4.84	14844761	73269640.00
20170616	4.84	4.85	4.76	4.77	24964300	121964000.00
20170619	4.77	4.83	4.75	4.82	16310441	79769400.00
20170620	4.84	4.90	4.82	4.86	24146471	119597168.00
20170621	4.88	4.88	4.83	4.87	14292172	70637688.00
20170622	4.86	4.93	4.84	4.86	28720855	142917664.00
20170623	4.85	4.86	4.77	4.83	24253669	118823472.00
20170626	4.81	4.89	4.81	4.89	22171034	109827424.00
20170627	4.91	4.94	4.86	4.93	29456456	147109504.00
20170628	4.95	5.05	4.93	4.96	47457072	240872320.00
20170629	4.94	4.99	4.92	4.95	18831207	94822744.00
20170630	4.97	4.99	4.92	4.95	21426459	107955112.00
20170703	4.96	5.07	4.93	5.05	42447703	216951824.00
20170704	5.05	5.08	4.98	5.01	30023171	150654320.00
20170705	4.99	5.06	4.98	5.04	24135608	121221728.00
20170706	5.02	5.16	5.01	5.14	48086205	245464256.00
20170707	5.10	5.20	5.07	5.18	40339512	207062448.00
20170710	5.16	5.25	5.10	5.13	34285214	176861328.00
20170711	5.14	5.16	5.07	5.08	27877441	142457344.00
数据来源:通达信
