600060 海信电器 日线 前复权
      日期	    开盘	    最高	    最低	    收盘	    成交量	    成交额
20111010	6.77	6.92	6.76	6.83	4536409	56071284.00
20111011	7.08	7.13	6.40	6.60	7392905	90739608.00
20111012	6.55	6.96	6.47	6.90	7065025	87034184.00
20111013	6.85	7.10	6.83	7.01	6802125	85810496.00
20111014	6.98	6.99	6.77	6.89	6364364	79051032.00
20111017	6.92	7.05	6.85	7.01	5721071	71645632.00
20111018	6.96	7.06	6.84	6.86	5622372	70682160.00
20111019	6.92	6.97	6.73	6.76	4998447	61648012.00
20111020	6.72	6.73	6.20	6.24	11396517	134016512.00
20111021	6.55	6.65	6.44	6.47	14953048	177970432.00
20111024	6.51	6.85	6.41	6.81	9010213	109173968.00
20111025	6.80	7.05	6.73	7.00	13347146	166091472.00
20111026	6.93	7.27	6.91	7.13	12451434	159177840.00
20111027	7.14	7.20	7.03	7.08	7697467	98206248.00
20111028	7.21	7.26	7.07	7.18	9523535	122309424.00
20111031	7.14	7.25	7.10	7.20	6846407	88020712.00
20111101	7.12	7.23	7.06	7.09	6556296	83988904.00
20111102	6.94	7.29	6.93	7.27	7703696	98286192.00
20111103	7.27	7.63	7.25	7.48	18203387	242657104.00
20111104	7.52	7.63	7.39	7.59	8550265	114385056.00
20111107	7.55	7.60	7.41	7.44	4782901	63920424.00
20111108	7.44	7.52	7.35	7.37	5250242	69500728.00
20111109	7.39	7.50	7.19	7.43	9526757	124627040.00
20111110	7.27	7.30	7.11	7.11	14777144	190260112.00
20111111	7.18	7.21	7.05	7.12	6428735	82187824.00
20111114	7.17	7.33	7.17	7.31	8200060	106774464.00
20111115	7.29	7.32	7.18	7.25	5168372	66929436.00
20111116	7.27	7.30	7.00	7.12	7897403	101007320.00
20111117	7.10	7.15	6.99	7.04	5731069	72652424.00
20111118	6.97	6.97	6.73	6.75	7600553	93693344.00
20111121	6.80	6.82	6.57	6.69	6601165	79940848.00
20111122	6.60	6.67	6.46	6.65	5847435	69829808.00
20111123	6.65	6.68	6.53	6.57	3470790	41625760.00
20111124	6.50	6.65	6.48	6.61	3315622	39586120.00
20111125	6.59	6.65	6.53	6.59	3453082	41377612.00
20111128	6.60	6.65	6.43	6.47	6239608	74038752.00
20111129	6.54	6.57	6.45	6.57	5305311	62922420.00
20111130	6.55	6.55	6.21	6.31	8751640	101635728.00
20111201	6.55	6.70	6.51	6.54	9519698	114149256.00
20111202	6.47	6.50	6.25	6.31	7522936	87343184.00
20111205	6.31	6.33	6.15	6.15	4047456	46252848.00
20111206	6.17	6.23	6.13	6.18	3121460	35435000.00
20111207	6.19	6.24	6.14	6.19	3253477	37037964.00
20111208	6.19	6.22	5.95	6.09	6396729	71799192.00
20111209	5.98	6.08	5.95	6.03	4184079	46475896.00
20111212	6.00	6.03	5.93	5.95	3213344	35490032.00
20111213	5.91	5.92	5.70	5.78	5657255	61345936.00
20111214	5.73	5.79	5.65	5.68	3457541	36917184.00
20111215	5.63	5.71	5.52	5.63	6398996	67363136.00
20111216	5.61	5.93	5.61	5.91	6258568	67148144.00
20111219	5.85	6.23	5.73	6.12	8487619	93263168.00
20111220	6.07	6.22	6.03	6.04	5028832	56794100.00
20111221	6.13	6.19	6.03	6.08	5907788	66698636.00
20111222	6.03	6.33	5.93	6.23	6421781	72236408.00
20111223	6.20	6.39	6.16	6.31	5997362	69238984.00
20111227	6.20	6.25	6.02	6.15	7209852	81427504.00
20111228	6.11	6.35	6.04	6.33	4692858	53267784.00
20111229	6.27	6.42	6.23	6.26	3798813	44039072.00
20111230	6.30	6.55	6.30	6.52	6426748	75564712.00
20120104	6.59	6.72	6.40	6.49	8524384	101900176.00
20120105	6.41	6.63	6.21	6.27	8044029	94714392.00
20120106	6.30	6.47	6.07	6.21	5972073	68610560.00
20120109	6.25	6.74	6.19	6.73	13602514	162478528.00
20120110	6.67	6.97	6.63	6.91	15434592	191353184.00
20120111	6.87	7.03	6.79	6.85	7461262	92879488.00
20120112	6.89	6.91	6.75	6.77	4589291	56660620.00
20120113	7.59	7.59	7.59	7.59	20341897	274412192.00
20120116	7.67	7.90	7.43	7.53	33117848	449995424.00
20120117	7.57	8.10	7.43	7.99	23448395	322207744.00
20120118	7.93	8.03	7.65	7.75	19554867	270856256.00
20120119	7.75	8.07	7.70	7.96	12964376	181514160.00
20120120	8.00	8.21	7.99	8.16	12714840	181945440.00
20120130	8.20	8.30	8.01	8.03	13024157	187009280.00
20120131	8.01	8.12	7.87	7.95	8841874	123939328.00
20120201	7.94	8.17	7.88	7.93	9048778	127487288.00
20120202	7.94	8.44	7.93	8.44	17304575	249254848.00
20120203	8.40	8.68	8.33	8.54	13702250	203644064.00
20120206	8.54	8.67	8.41	8.50	10471669	156271584.00
20120207	8.46	8.67	8.42	8.56	15168773	226512672.00
20120208	8.53	8.73	8.48	8.63	12590186	188778160.00
20120209	8.59	8.70	8.42	8.55	14859217	221772544.00
20120210	8.51	8.67	8.47	8.51	8830343	132006392.00
20120213	8.43	8.63	8.43	8.52	9508191	141581712.00
20120214	8.54	8.58	8.20	8.27	17791158	260176752.00
20120215	8.27	8.46	8.20	8.43	10639207	155703888.00
20120216	8.41	8.43	8.16	8.18	10361457	150209168.00
20120217	8.25	8.77	8.25	8.76	25845003	385406752.00
20120220	8.87	9.60	8.87	9.43	39773324	637717632.00
20120221	9.37	9.66	9.29	9.55	19073875	311126944.00
20120222	9.55	10.59	9.51	10.55	33672429	579243392.00
20120223	10.53	10.80	10.35	10.55	24794042	445221184.00
20120224	10.47	10.59	10.29	10.53	17001149	301492352.00
20120227	10.54	11.72	10.54	11.71	67906016	1313769856.00
20120228	11.79	12.03	11.48	11.57	28668436	563246656.00
20120229	11.47	12.32	11.15	12.06	36850691	723561280.00
20120301	11.95	12.21	11.69	11.95	19652440	392220544.00
20120302	11.96	12.71	11.88	12.65	20634877	423064672.00
20120305	12.56	13.75	12.47	12.64	39084569	843537472.00
20120306	12.53	12.91	12.41	12.80	26301208	554480576.00
20120307	12.60	12.79	12.32	12.51	27522462	575953664.00
20120308	12.53	12.77	12.29	12.73	28897187	601640768.00
20120309	12.70	12.89	12.39	12.67	22148679	465910240.00
20120312	12.69	13.09	12.47	12.90	27708703	589148160.00
20120313	12.93	13.09	12.47	12.73	20698257	438080064.00
20120314	12.72	12.93	11.32	11.46	41492168	834473344.00
20120315	11.49	11.95	11.30	11.61	33722244	657510528.00
20120316	11.63	11.73	11.13	11.63	36309919	698261248.00
20120319	11.54	11.58	11.25	11.48	20902533	402060224.00
20120320	11.40	12.05	11.30	11.62	36886104	725294720.00
20120321	11.57	11.59	10.80	11.36	31721408	601814848.00
20120322	11.18	11.59	11.17	11.31	15894334	304843072.00
20120323	11.27	11.32	10.85	11.00	16138967	301268000.00
20120326	11.01	11.51	10.95	11.33	20236774	384498592.00
20120327	11.43	11.53	11.15	11.21	14927527	285750784.00
20120328	11.08	11.09	10.46	10.61	27088916	491546624.00
20120329	10.47	10.83	10.26	10.67	22288200	399793088.00
20120330	10.59	10.71	10.35	10.52	12300876	220021456.00
20120405	10.53	11.29	10.47	11.24	26550594	489473568.00
20120406	11.13	11.43	11.05	11.39	20309071	383956576.00
20120409	11.28	11.38	10.80	10.83	17472712	326523328.00
20120410	10.97	11.05	10.45	10.97	20927586	381406496.00
20120411	10.78	11.70	10.68	11.59	26256548	501039552.00
20120412	11.55	12.10	11.51	12.00	30434786	606727040.00
20120413	12.11	12.13	11.75	11.92	17615311	351651584.00
20120416	11.79	11.90	11.55	11.72	13886853	273260608.00
20120417	11.67	11.99	11.51	11.69	11857616	233992720.00
20120418	11.74	12.39	11.67	12.23	19719127	399401568.00
20120419	12.23	12.49	12.09	12.13	10505574	214878112.00
20120420	12.13	12.34	11.77	11.98	16763600	336771776.00
20120423	11.27	11.33	10.64	10.64	54943656	1001171968.00
20120424	10.40	10.80	10.01	10.65	35612835	629068224.00
20120425	10.51	10.61	10.20	10.36	19508283	343240544.00
20120426	10.37	10.53	10.07	10.44	17552868	308252768.00
20120427	10.34	10.44	10.23	10.28	7290717	128540432.00
20120502	10.43	10.79	10.43	10.55	14778631	266261936.00
20120503	10.48	10.63	10.40	10.54	8133690	145251984.00
20120504	10.53	10.78	10.48	10.72	11291895	204631760.00
20120507	10.70	10.71	10.40	10.56	14505764	258657424.00
20120508	10.53	10.57	10.34	10.40	8722323	154510608.00
20120509	10.32	10.32	9.85	9.86	20764555	355757888.00
20120510	9.82	10.09	9.77	9.94	9808933	166562944.00
20120511	9.94	10.14	9.87	10.08	10537339	180924240.00
20120514	10.18	10.38	10.09	10.25	13461059	235447952.00
20120515	10.17	11.00	10.07	10.99	38425497	699286208.00
20120516	11.01	11.41	10.93	11.01	33103765	623516288.00
20120517	11.09	11.25	10.60	10.93	25074174	461457344.00
20120518	10.73	10.95	10.47	10.48	11971874	216581920.00
20120521	10.41	10.79	10.41	10.60	8306478	149584832.00
20120522	10.65	10.89	10.58	10.72	8387184	152121136.00
20120523	10.65	10.68	10.27	10.52	8625670	153929648.00
20120524	10.59	10.70	10.41	10.48	6364273	114255160.00
20120525	10.47	10.77	10.40	10.46	9505102	170993680.00
20120528	10.40	10.50	10.06	10.49	9774543	171545408.00
20120529	10.65	11.40	10.65	11.19	33896870	638893376.00
20120531	11.07	11.48	10.90	11.37	20519255	386369792.00
20120601	11.38	11.43	11.15	11.19	9310545	176827376.00
20120604	10.91	11.45	10.81	10.99	14497309	273595296.00
20120605	11.14	11.21	10.61	10.69	9606564	176164256.00
20120606	10.79	10.79	10.29	10.46	12238068	218592928.00
20120607	10.60	10.71	10.22	10.30	9401944	166838640.00
20120608	10.43	10.43	10.00	10.09	8702086	151139616.00
20120611	10.09	10.47	10.09	10.38	6420172	112741672.00
20120612	10.30	10.30	10.07	10.11	7600715	131430776.00
20120613	10.13	10.40	9.97	10.31	8178806	142362096.00
20120614	10.25	10.45	10.17	10.22	5291153	92597856.00
20120615	10.21	10.35	10.11	10.27	5328548	92925344.00
20120618	10.35	10.40	10.20	10.39	5494994	96716600.00
20120619	10.38	10.74	10.33	10.51	10802519	194166576.00
20120620	10.52	10.59	10.39	10.42	7427403	132325168.00
20120621	10.40	10.40	9.80	9.95	17223365	293661440.00
20120625	9.85	9.91	9.65	9.72	7879845	132082520.00
20120626	9.73	9.87	9.64	9.84	6701601	112348424.00
20120627	9.80	9.89	9.73	9.80	4365563	73336712.00
20120628	9.82	9.83	9.55	9.66	4408544	73478288.00
20120629	9.80	9.82	9.61	9.81	5907110	98565648.00
20120702	9.91	10.25	9.87	10.14	9052232	156287536.00
20120703	10.11	10.39	9.99	10.08	7484254	130272240.00
20120704	10.06	10.13	9.82	9.89	6642687	112654528.00
20120705	9.89	9.95	9.39	9.60	8346867	91612288.00
20120706	9.65	9.75	9.10	9.32	22237573	237654240.00
20120709	9.10	9.12	8.25	8.25	43758742	433527552.00
20120710	8.25	8.29	7.60	7.91	36888641	341888576.00
20120711	7.88	8.09	7.70	8.09	21423265	198942544.00
20120712	8.03	8.38	7.87	8.27	23880058	228477376.00
20120713	8.20	8.38	8.15	8.18	12305680	118618992.00
20120716	8.16	8.16	7.48	7.65	13425787	121887168.00
20120717	7.54	7.86	7.47	7.81	15408273	140771888.00
20120718	7.84	8.24	7.80	8.14	24168808	229607872.00
20120719	8.15	8.26	7.98	8.13	15235754	145350368.00
20120720	8.09	8.09	7.59	7.63	35281021	323240352.00
20120723	7.55	7.55	7.36	7.47	16580022	146256112.00
20120724	7.37	7.72	7.31	7.65	14493856	130462768.00
20120725	7.60	7.75	7.48	7.55	13837363	124674920.00
20120726	7.54	7.66	7.51	7.53	12139411	109271600.00
20120727	7.56	7.60	7.36	7.42	9645404	85671632.00
20120730	7.42	7.49	7.10	7.22	14024748	122077816.00
20120731	7.18	7.34	6.96	7.28	13277235	113727480.00
20120801	7.24	7.43	7.19	7.29	11712931	101874576.00
20120802	7.25	7.27	6.96	7.01	11475078	97329880.00
20120803	7.09	7.16	6.92	7.15	12695234	106768880.00
20120806	7.05	7.34	6.97	7.32	21243852	181970160.00
20120807	7.32	7.48	7.27	7.47	20571041	180627072.00
20120808	7.47	7.50	7.34	7.45	11883124	104833152.00
20120809	7.40	7.64	7.39	7.61	13049293	116741536.00
20120810	7.64	7.66	7.41	7.44	10533581	93694032.00
20120813	7.38	7.38	7.14	7.16	11593808	100259072.00
20120814	7.14	7.23	7.00	7.19	8169430	69530968.00
20120815	7.25	7.25	7.00	7.07	8264285	70249744.00
20120816	7.01	7.09	6.95	6.98	7457937	62710776.00
20120817	6.97	7.11	6.88	7.10	10857517	91230232.00
20120820	7.03	7.03	6.85	7.00	6632223	55338000.00
20120821	6.98	7.13	6.97	7.06	7257654	61345944.00
20120822	7.08	7.13	6.90	6.98	8114236	68314424.00
20120823	6.94	7.02	6.88	6.98	8514935	70967680.00
20120824	6.91	6.96	6.78	6.80	8279110	68279984.00
20120827	6.75	6.75	6.48	6.50	9589936	76565568.00
20120828	6.46	6.70	6.46	6.59	7856987	62889120.00
20120829	6.57	6.64	6.52	6.57	4557678	36330064.00
20120830	6.56	6.59	6.43	6.51	7630849	60366084.00
20120831	6.50	6.84	6.43	6.71	13118603	106659760.00
20120903	6.68	7.09	6.64	7.07	17228039	143929616.00
20120904	7.05	7.16	6.89	6.90	9487434	79677384.00
20120905	6.87	7.23	6.86	7.11	15887983	135383872.00
20120906	7.16	7.47	7.13	7.37	17110552	149901488.00
20120907	7.45	8.05	7.39	7.82	29603749	271448352.00
20120910	7.82	7.87	7.60	7.70	15195834	138011408.00
20120911	7.66	7.68	7.40	7.54	11622499	103563104.00
20120912	7.58	7.82	7.58	7.72	13297359	121104368.00
20120913	7.79	7.89	7.67	7.70	13640648	125348976.00
20120914	7.85	8.07	7.54	7.93	19570820	181405616.00
20120917	8.02	8.35	7.76	7.80	20281821	191733760.00
20120918	7.72	7.87	7.55	7.72	8720516	79329544.00
20120919	7.67	8.57	7.67	8.30	33691085	324861312.00
20120920	8.17	8.54	8.13	8.20	21857187	213095776.00
20120921	8.30	8.40	7.76	8.06	13563238	127236120.00
20120924	7.95	8.31	7.84	8.18	8678044	82766968.00
20120925	8.18	8.18	7.80	7.89	7149859	66916660.00
20120926	7.87	7.97	7.65	7.69	7690075	70544872.00
20120927	7.69	8.19	7.55	8.08	12386850	115753512.00
20120928	8.06	8.46	8.01	8.39	14532159	141698640.00
20121008	8.38	8.53	8.18	8.30	7498973	72919640.00
20121009	8.33	8.70	8.33	8.66	18505657	185197696.00
20121010	8.60	8.85	8.58	8.66	9514488	96035728.00
20121011	8.65	8.88	8.54	8.65	11598224	117419792.00
20121012	8.66	8.83	8.31	8.55	12304732	121916752.00
20121015	8.45	8.57	8.37	8.56	5550764	54715784.00
20121016	8.58	8.88	8.55	8.69	13263951	134704528.00
20121017	8.66	8.76	8.40	8.46	10190742	100886960.00
20121018	8.49	8.68	8.35	8.64	10347222	102654728.00
20121019	8.64	8.66	8.44	8.56	6846937	68149840.00
20121022	8.46	8.75	8.40	8.69	9094262	91006624.00
20121023	8.71	8.78	8.53	8.54	7059413	70880120.00
20121024	8.50	8.60	8.42	8.46	5329170	52719064.00
20121025	8.45	8.66	8.42	8.57	10191362	101675704.00
20121026	8.19	8.19	7.57	7.57	30914118	278918272.00
20121029	7.30	7.30	6.80	6.98	42832449	358029120.00
20121030	6.92	7.03	6.88	6.98	14680329	122530016.00
20121031	6.95	6.97	6.75	6.83	18609377	153091040.00
20121101	6.85	7.16	6.82	7.05	20865087	176081408.00
20121102	7.05	7.10	6.85	7.05	14096429	118246248.00
20121105	7.05	7.08	6.92	7.00	12349179	103534080.00
20121106	6.98	6.98	6.78	6.90	13661806	112820888.00
20121107	6.92	6.93	6.80	6.89	8836109	73019152.00
20121108	6.80	6.83	6.67	6.68	9692326	79162928.00
20121109	6.69	6.73	6.54	6.60	8974872	72000424.00
20121112	6.60	6.72	6.60	6.71	6408018	51643240.00
20121113	6.71	6.72	6.57	6.62	7033125	56459016.00
20121114	6.60	6.68	6.53	6.65	5146334	41184768.00
20121115	6.61	6.85	6.58	6.63	11101573	90230032.00
20121116	6.59	6.63	6.46	6.60	10383109	82357712.00
20121119	6.56	6.61	6.41	6.56	6289456	49796720.00
20121120	6.60	6.76	6.58	6.65	10875108	87833656.00
20121121	6.64	6.94	6.64	6.93	15096669	123964096.00
20121122	6.90	6.93	6.79	6.88	14203404	117215224.00
20121123	6.87	7.07	6.83	6.91	8724826	72855640.00
20121126	6.93	7.00	6.81	6.83	7356738	60986908.00
20121127	6.81	6.81	6.60	6.61	7071052	57191020.00
20121128	6.53	6.58	6.45	6.51	5611206	44414152.00
20121129	6.51	6.59	6.48	6.52	4497018	35666824.00
20121130	6.53	6.79	6.47	6.77	9462255	76519800.00
20121203	6.77	6.90	6.71	6.75	10306470	84727392.00
20121204	6.71	6.95	6.69	6.93	11048367	91212592.00
20121205	6.94	7.27	6.89	7.21	14031346	120014800.00
20121206	7.17	7.28	7.12	7.22	8188719	70391320.00
20121207	7.18	7.36	7.07	7.30	12438961	107729240.00
20121210	7.32	7.43	7.26	7.37	11742358	102664992.00
20121211	7.35	7.54	7.19	7.33	10355559	90430888.00
20121212	7.30	7.40	7.21	7.29	6686195	58169568.00
20121213	7.28	7.31	7.18	7.24	5711731	49332276.00
20121214	7.21	7.75	7.21	7.74	17733811	159113568.00
20121217	7.75	7.98	7.69	7.79	13618637	125571912.00
20121218	7.73	7.97	7.71	7.86	14380352	133015920.00
20121219	7.82	7.90	7.78	7.85	6964321	64287256.00
20121220	7.78	8.17	7.75	8.10	13727327	128977560.00
20121221	8.12	8.90	8.03	8.41	34080108	337196256.00
20121224	8.37	8.62	8.27	8.52	16948654	167739872.00
20121225	8.42	8.81	8.41	8.80	18923917	190617488.00
20121226	8.85	8.91	8.61	8.81	14786936	150029184.00
20121227	8.80	8.86	8.57	8.65	19719854	198728256.00
20121228	8.62	8.78	8.47	8.74	15330752	153541232.00
20121231	8.69	8.83	8.60	8.71	13017698	131349648.00
20130104	8.79	8.83	8.53	8.56	11776817	117900864.00
20130107	8.61	9.06	8.56	9.05	18169783	186947552.00
20130108	9.06	9.10	8.83	8.88	12225867	126388336.00
20130109	8.89	9.18	8.87	8.98	19195744	200716784.00
20130110	8.97	9.15	8.88	8.99	9983493	103712928.00
20130111	9.08	9.09	8.50	8.53	19390740	195714480.00
20130114	8.50	9.09	8.45	9.01	16958958	173778464.00
20130115	9.03	9.56	8.96	9.41	20139347	217260400.00
20130116	9.41	9.65	9.22	9.57	17325491	188223728.00
20130117	9.54	9.69	9.37	9.53	12131343	132318496.00
20130118	9.55	9.90	9.33	9.76	14310192	157353232.00
20130121	9.84	10.34	9.79	10.19	16719812	193137568.00
20130122	10.35	10.54	10.00	10.14	16584221	193004096.00
20130123	10.04	10.26	9.60	10.21	16412143	186143072.00
20130124	10.11	10.34	9.58	9.77	15974798	181402016.00
20130125	9.74	10.28	9.66	10.09	12540687	143032592.00
20130128	10.08	10.59	10.02	10.57	16027116	187894832.00
20130129	10.56	10.63	10.40	10.56	8819629	104972560.00
20130130	10.59	10.66	10.36	10.57	9238204	110181016.00
20130131	10.54	10.55	10.16	10.35	13675949	159388160.00
20130201	10.26	10.34	9.71	10.22	12742368	147355024.00
20130204	10.10	10.18	9.82	9.87	17248894	195673280.00
20130205	9.85	10.14	9.72	10.02	9690110	110606784.00
20130206	10.01	10.14	9.94	10.04	9339180	106681016.00
20130207	10.05	10.33	9.95	10.24	17032337	196266880.00
20130208	10.24	10.52	10.22	10.46	14311797	169169632.00
20130218	10.51	10.55	10.18	10.26	14941936	175314928.00
20130219	10.21	10.21	9.61	9.66	20164850	226365936.00
20130220	9.65	10.03	9.61	9.94	10795342	121551936.00
20130221	9.85	9.85	9.40	9.50	11166767	122622960.00
20130222	9.47	9.55	9.27	9.32	7743000	83771416.00
20130225	9.36	9.55	9.20	9.50	9172831	99009160.00
20130226	9.45	10.11	9.35	9.81	15924242	178937872.00
20130227	9.80	9.98	9.50	9.74	5366328	59859648.00
20130228	9.80	10.28	9.70	10.21	14275393	162819296.00
20130301	10.20	10.79	10.10	10.66	24922852	297496544.00
20130304	10.48	10.84	9.89	10.10	28065134	331240576.00
20130305	9.95	10.54	9.95	10.45	8760536	103283912.00
20130306	10.47	11.36	10.47	11.08	22645840	282618752.00
20130307	11.06	11.35	10.68	10.96	14964661	186297920.00
20130308	11.03	11.51	11.03	11.13	13771270	174917936.00
20130311	11.16	11.25	10.85	11.06	5688190	70654880.00
20130312	10.91	11.29	10.48	10.67	11568251	140877040.00
20130313	10.64	10.69	10.22	10.26	9610189	113227176.00
20130314	10.26	10.48	10.01	10.29	7050653	82398352.00
20130315	10.26	10.70	10.01	10.44	7446073	87929104.00
20130318	10.40	10.64	10.11	10.19	3980931	46671576.00
20130319	10.16	10.37	9.93	10.25	5056165	58426468.00
20130320	10.30	10.95	10.26	10.94	12724844	153858640.00
20130321	10.91	11.39	10.89	11.38	14473828	182682800.00
20130322	11.30	11.65	11.28	11.52	13020612	168364640.00
20130325	11.55	11.62	11.20	11.28	7216921	92238280.00
20130326	11.20	11.53	11.10	11.29	8704479	110654560.00
20130327	11.30	11.82	11.30	11.75	10380560	135727840.00
20130328	11.57	11.72	11.25	11.41	9684365	124765528.00
20130329	11.41	11.78	11.26	11.33	6615232	85465672.00
20130401	11.33	11.57	11.03	11.51	7961823	100607336.00
20130402	11.50	11.59	11.08	11.11	7666581	97408248.00
20130403	11.28	11.72	11.28	11.54	18244601	236029120.00
20130408	11.39	11.64	11.06	11.58	7328697	93752848.00
20130409	11.56	12.36	11.56	12.28	19122718	257698592.00
20130410	12.27	12.72	12.11	12.61	18991970	262730448.00
20130411	12.60	12.91	12.42	12.81	14419342	203999776.00
20130412	12.78	12.78	12.30	12.37	8072616	112482336.00
20130415	12.32	12.75	12.10	12.34	9344019	128852360.00
20130416	12.13	12.70	12.06	12.60	8617146	119818672.00
20130417	13.05	13.86	12.86	13.58	33134358	488411552.00
20130418	13.60	14.71	13.42	14.24	27970781	435218816.00
20130419	14.24	14.58	14.06	14.40	17866062	280175744.00
20130422	14.36	14.62	14.02	14.46	12897834	203720592.00
20130423	14.50	14.58	13.77	13.82	13634508	210806112.00
20130424	13.87	15.34	13.64	15.33	26573438	422075680.00
20130425	15.05	15.25	14.15	14.29	23665620	384190752.00
20130426	14.19	14.59	13.79	13.90	15158826	235902704.00
20130502	13.80	13.80	12.70	12.91	36541697	527792992.00
20130503	13.02	13.69	13.00	13.07	45217354	665501696.00
20130506	13.20	13.77	13.07	13.50	26536635	393088832.00
20130507	13.46	13.66	13.36	13.62	22411777	334364384.00
20130508	12.90	13.00	12.12	12.41	76314673	1052706112.00
20130509	12.21	12.40	11.61	11.97	68375155	914509120.00
20130510	11.99	12.41	11.88	12.35	46892458	640447360.00
20130513	12.35	12.45	11.80	12.05	35996971	483046272.00
20130514	11.92	12.09	11.56	11.78	33382739	438570080.00
20130515	11.80	11.84	11.50	11.59	34967778	455610592.00
20130516	11.56	11.87	11.27	11.83	53610543	694795584.00
20130517	11.79	12.09	11.59	11.94	46238823	611460928.00
20130520	11.97	12.58	11.80	12.51	55956699	764675456.00
20130521	12.47	12.68	12.26	12.47	31898142	442209536.00
20130522	12.45	12.56	12.28	12.47	20412263	282100736.00
20130523	12.40	12.62	12.31	12.32	21821641	301942400.00
20130524	12.42	12.42	11.92	12.04	23556906	308686912.00
20130527	12.05	12.05	11.62	11.72	32893094	420524832.00
20130528	11.78	12.26	11.78	12.25	31745952	415677248.00
20130529	12.27	12.35	12.06	12.16	24251275	320314656.00
20130530	11.97	12.05	11.86	11.90	21329479	276578944.00
20130531	11.88	12.02	11.71	11.72	17394960	223416096.00
20130603	11.71	11.90	11.60	11.83	15188754	194071072.00
20130604	11.77	11.80	11.32	11.38	20322108	255411952.00
20130605	11.39	11.45	11.02	11.17	19822065	241866128.00
20130606	11.13	11.27	10.99	11.06	16061785	194714080.00
20130607	11.07	11.16	10.42	10.56	28660060	336484800.00
20130613	10.37	10.37	9.82	10.26	16245000	181563104.00
20130614	10.32	10.46	10.24	10.40	15619198	177362448.00
20130617	10.42	10.82	10.33	10.75	18922867	220898096.00
20130618	10.78	10.84	10.57	10.71	12390626	145834800.00
20130619	10.68	10.68	10.35	10.60	9943612	114583160.00
20130620	10.50	10.55	10.24	10.30	8740782	99780784.00
20130621	10.08	10.20	9.89	10.05	15036808	166325440.00
20130624	10.01	10.01	9.17	9.33	15461526	163570112.00
20130625	9.07	9.33	8.47	9.21	21268566	213565216.00
20130626	9.41	9.57	9.14	9.48	15459592	161677856.00
20130627	9.56	9.70	9.15	9.23	17219814	180338720.00
20130628	9.16	9.45	8.97	9.36	17765495	182511712.00
20130701	9.40	9.42	9.06	9.34	11367030	117091816.00
20130702	9.30	9.37	9.11	9.31	19824002	203251520.00
20130703	9.57	10.18	9.57	10.14	37311153	410035072.00
20130704	9.95	10.83	9.88	10.56	33638772	388869536.00
20130705	10.57	10.72	10.39	10.42	14293763	165113536.00
20130708	10.28	10.70	10.10	10.51	16325248	187397200.00
20130709	10.50	10.56	9.97	10.09	15906616	177661616.00
20130710	10.09	10.53	9.99	10.50	16385918	184618928.00
20130711	10.52	10.87	10.33	10.74	29001963	338609728.00
20130712	10.73	10.74	10.28	10.32	23377442	269414112.00
20130715	10.33	10.52	10.22	10.36	15555606	177135552.00
20130716	10.27	10.57	10.12	10.56	15234540	173167808.00
20130717	10.57	10.57	10.20	10.23	13504390	153908064.00
20130718	10.21	10.29	9.87	9.91	20776731	229971264.00
20130719	9.87	9.97	9.34	9.38	24555587	261299856.00
20130722	9.20	9.50	9.19	9.45	9774601	101554504.00
20130723	9.44	10.32	9.44	10.30	28978318	321081888.00
20130724	10.76	11.43	10.67	11.35	69886565	842871360.00
20130725	11.45	11.56	11.12	11.17	35960758	444354368.00
20130726	11.22	12.12	10.85	12.05	52164029	656361216.00
20130729	12.07	12.30	11.44	11.76	46050373	597713152.00
20130730	11.87	11.92	11.03	11.29	35626753	442291680.00
20130731	11.32	11.85	11.08	11.26	26163554	325487264.00
20130801	11.27	11.89	11.09	11.86	32420730	409511680.00
20130802	11.76	11.91	11.46	11.55	23847706	301883072.00
20130805	11.56	11.87	11.42	11.66	15462058	196547472.00
20130806	11.67	12.49	11.59	12.46	48570904	642891200.00
20130807	12.37	12.39	11.98	12.07	26044204	343760736.00
20130808	12.03	12.48	11.93	12.18	24320112	322631264.00
20130809	12.18	12.24	11.65	11.79	27647689	356965408.00
20130812	11.82	12.05	11.77	11.94	17481600	225783952.00
20130813	11.95	12.22	11.69	11.99	20088178	261259152.00
20130814	12.04	12.30	11.80	11.89	25226307	328424832.00
20130815	11.82	11.87	11.40	11.49	27964003	352335680.00
20130816	11.44	12.07	11.08	11.09	29728338	368107552.00
20130819	10.92	11.37	10.78	11.36	22382881	272806560.00
20130820	11.30	11.40	10.94	11.04	20457301	248886592.00
20130821	11.02	11.16	10.92	11.08	11176705	134765920.00
20130822	11.07	11.09	10.90	10.92	12723765	152890720.00
20130823	10.93	11.05	10.37	10.55	23962473	279950016.00
20130826	10.61	11.01	10.48	11.00	19432387	230650064.00
20130827	11.04	11.07	10.85	11.06	13974540	167483872.00
20130828	10.95	10.95	10.57	10.70	19317665	227402096.00
20130829	10.70	10.79	10.40	10.54	15770355	183241792.00
20130830	10.62	10.74	10.39	10.46	19347683	224810512.00
20130902	10.40	10.50	10.20	10.26	18149421	205781632.00
20130903	10.28	10.72	10.25	10.70	25723519	295287904.00
20130904	10.69	10.81	10.43	10.49	20425385	237538896.00
20130905	10.45	10.69	10.43	10.49	14507058	167748672.00
20130906	10.41	10.42	10.11	10.16	34436608	386820544.00
20130909	10.09	10.34	10.02	10.25	38296105	430772480.00
20130910	10.25	10.54	10.22	10.48	29458417	336537984.00
20130911	10.48	10.80	10.47	10.70	36717914	428510624.00
20130912	10.70	10.70	10.53	10.58	21524405	250344160.00
20130913	10.58	10.92	10.57	10.83	32679133	385216544.00
20130916	10.87	11.00	10.57	10.70	24954699	294291840.00
20130917	10.70	10.70	10.29	10.31	20034565	229791792.00
20130918	10.27	10.33	10.05	10.24	18325451	205339744.00
20130923	10.27	10.86	10.16	10.79	32980239	382196480.00
20130924	10.83	11.11	10.59	11.01	41370310	492665376.00
20130925	11.01	11.13	10.76	10.83	30342420	362583808.00
20130926	10.81	10.93	10.36	10.37	24129854	280618240.00
20130927	10.37	10.51	10.27	10.38	12925115	147650320.00
20130930	10.41	10.78	10.40	10.69	15838579	184386560.00
20131008	10.64	10.72	10.44	10.63	15239333	176718752.00
20131009	10.61	10.97	10.50	10.96	28659917	337249888.00
20131010	10.87	12.12	10.85	11.68	82520822	1033602368.00
20131011	11.62	11.73	11.28	11.49	45594832	570217088.00
20131014	11.48	11.86	11.29	11.57	39317565	495470624.00
20131015	11.56	11.72	11.09	11.32	30191373	376295168.00
20131016	11.22	11.32	10.79	10.99	25336369	305213248.00
20131017	11.05	11.12	10.55	10.57	27498948	325222048.00
20131018	10.52	10.74	10.37	10.62	16414574	190488960.00
20131021	10.62	11.24	10.48	11.20	31842138	382535520.00
20131022	11.16	11.31	10.76	11.01	31007379	373727744.00
20131023	10.99	11.13	10.58	10.61	21621121	255325680.00
20131024	10.54	11.06	10.50	10.72	16969476	200585504.00
20131025	10.57	11.03	10.47	10.72	27595016	326469664.00
20131028	10.76	10.82	10.30	10.40	24249285	278828608.00
20131029	10.42	10.51	9.82	10.14	31830645	354748768.00
20131030	10.05	10.45	10.00	10.36	24751837	278711808.00
20131031	10.28	10.54	10.15	10.50	19865270	227040448.00
20131101	10.59	10.86	10.48	10.60	22160299	259266160.00
20131104	10.60	10.72	10.47	10.48	12153945	141100496.00
20131105	10.42	10.45	10.17	10.40	12560812	142221488.00
20131106	10.40	10.72	10.32	10.40	14604078	169172432.00
20131107	10.41	10.46	10.21	10.24	8249689	93325496.00
20131108	10.24	10.32	10.02	10.15	10966233	123101848.00
20131111	10.12	10.22	9.97	10.12	7762935	86447008.00
20131112	10.15	10.41	10.15	10.34	12409753	141019056.00
20131113	10.35	10.68	10.27	10.42	27468123	317389536.00
20131114	10.40	10.77	10.37	10.57	21072834	245488928.00
20131115	10.61	10.77	10.52	10.61	21475342	250754080.00
20131118	10.57	10.88	10.53	10.87	24574988	288891456.00
20131119	10.88	11.12	10.76	11.02	28496100	342680256.00
20131120	11.08	11.12	10.87	11.04	14188744	170068784.00
20131121	11.03	11.03	10.76	10.84	13898389	164954000.00
20131122	10.83	10.94	10.74	10.77	8355865	99000528.00
20131125	10.73	10.83	10.64	10.68	9737574	114398616.00
20131126	10.59	10.71	10.49	10.56	13170961	152766656.00
20131127	10.56	10.74	10.54	10.66	12551197	146576544.00
20131128	10.69	11.01	10.62	10.85	20948090	249389216.00
20131129	10.95	10.95	10.64	10.69	18904577	222950000.00
20131202	10.55	10.59	10.12	10.26	20918555	238290608.00
20131203	10.27	10.95	10.22	10.93	22400547	260635504.00
20131204	10.87	11.02	10.82	10.83	37692968	451145504.00
20131205	10.84	11.25	10.77	11.11	46324315	558850752.00
20131206	11.07	11.35	10.95	11.04	34791402	424184256.00
20131209	11.10	11.55	11.01	11.42	41421757	513371520.00
20131210	11.52	11.82	11.30	11.57	47418880	597666368.00
20131211	11.51	11.51	11.07	11.15	29501340	361528256.00
20131212	11.13	11.31	11.02	11.05	19081810	232364032.00
20131213	10.97	11.32	10.89	11.25	19212780	234376032.00
20131216	11.20	11.42	11.02	11.06	18848166	231269648.00
20131217	11.03	11.10	10.58	10.64	21790049	256147440.00
20131218	10.63	10.75	10.52	10.61	9582652	111790072.00
20131219	10.67	10.89	10.47	10.70	14450768	169562992.00
20131220	10.71	10.71	10.27	10.47	16163179	185334704.00
20131223	10.45	10.60	10.24	10.58	9610839	110404560.00
20131224	10.59	10.73	10.49	10.59	8658844	100811152.00
20131225	10.62	10.72	10.48	10.60	10717094	124368832.00
20131226	10.56	10.56	10.20	10.27	12701555	144381824.00
20131227	10.27	10.54	10.21	10.38	10806048	123454144.00
20131230	10.43	10.46	10.34	10.36	7218439	82349368.00
20131231	10.39	10.53	10.27	10.51	13264345	152002352.00
20140102	10.48	10.48	10.27	10.33	12121470	137700864.00
20140103	10.27	10.32	9.85	9.94	23655961	261086080.00
20140106	9.97	10.05	9.54	9.57	16880252	181390976.00
20140107	9.55	9.75	9.48	9.66	10214412	108738328.00
20140108	9.67	10.03	9.63	9.96	24279228	264849872.00
20140109	9.90	10.03	9.77	9.89	19777621	216355584.00
20140110	9.90	9.93	9.58	9.72	8196671	88483808.00
20140113	9.68	9.80	9.50	9.56	6585411	69810616.00
20140114	9.55	9.84	9.32	9.71	14677313	156143168.00
20140115	9.80	10.08	9.72	9.82	11966608	130723440.00
20140116	9.87	10.17	9.67	10.00	17487906	192451152.00
20140117	9.92	10.12	9.79	9.83	11591697	127302176.00
20140120	9.79	9.96	9.71	9.83	7671170	83176160.00
20140121	9.85	10.04	9.82	9.89	11932583	130554552.00
20140122	9.91	10.18	9.87	10.15	15645587	173457072.00
20140123	10.14	10.37	10.04	10.19	17301161	194722224.00
20140124	10.17	10.40	10.13	10.33	14767930	167175456.00
20140127	10.27	10.69	10.16	10.52	24412415	280259552.00
20140128	10.52	10.63	10.32	10.43	12878875	147358048.00
20140129	10.56	10.59	10.43	10.48	10046557	115936520.00
20140130	10.46	10.53	10.18	10.23	11967617	135354320.00
20140207	10.14	10.59	10.03	10.53	12238822	138990848.00
20140210	10.55	10.79	10.49	10.71	24360211	285444992.00
20140211	10.70	10.75	10.61	10.69	17038719	199452000.00
20140212	10.69	10.74	10.55	10.63	13587223	158141328.00
20140213	10.64	10.68	10.33	10.37	16941861	194917744.00
20140214	10.38	10.49	10.29	10.38	14611212	166662464.00
20140217	10.45	10.94	10.41	10.87	30105833	353828480.00
20140218	10.82	11.04	10.69	10.72	21871679	259104080.00
20140219	10.74	10.84	10.55	10.83	22187089	260390784.00
20140220	11.43	11.77	10.90	10.96	50975239	624508288.00
20140221	10.89	11.12	10.65	10.73	15472528	183901808.00
20140224	10.64	10.64	10.17	10.34	22249368	253020944.00
20140225	10.42	10.44	9.77	9.93	26426157	294809216.00
20140226	9.87	10.02	9.69	9.94	13179921	143783856.00
20140227	9.93	10.07	9.57	9.64	19110460	207150000.00
20140228	9.67	9.87	9.55	9.84	14298384	153715888.00
20140303	9.82	10.00	9.78	9.94	11461400	125518184.00
20140304	9.91	9.91	9.65	9.77	10040122	108096712.00
20140305	9.79	9.83	9.68	9.75	7201680	77553400.00
20140306	9.71	9.81	9.55	9.77	8403849	89820064.00
20140307	9.75	9.82	9.64	9.70	7831205	84230944.00
20140310	9.59	9.64	9.33	9.37	9829016	103196504.00
20140311	9.40	9.87	9.34	9.69	8018490	84189680.00
20140312	9.57	9.82	9.44	9.76	7974856	84423928.00
20140313	9.63	9.78	9.60	9.74	10736708	115421536.00
20140314	9.68	9.68	9.50	9.56	10443020	110611528.00
20140317	9.60	9.77	9.54	9.76	9222089	98749232.00
20140318	9.79	10.84	9.70	10.84	42053258	477054144.00
20140319	11.37	11.42	10.64	10.79	88441850	1066344448.00
20140320	10.82	11.07	10.65	10.74	42934523	510926496.00
20140321	10.64	11.32	10.58	11.02	33782587	406951168.00
20140324	10.90	11.25	10.87	11.00	24351477	294675392.00
20140325	11.01	11.01	10.34	10.43	40552246	470559424.00
20140326	10.47	10.61	10.37	10.52	17352224	200174144.00
20140327	10.52	10.54	10.20	10.27	16680466	189566320.00
20140328	10.28	10.54	10.17	10.43	13478425	153985872.00
20140331	10.48	10.59	10.12	10.23	11039415	125381680.00
20140401	10.19	10.43	10.14	10.39	10939183	124327528.00
20140402	10.44	10.61	10.38	10.53	11096556	128101016.00
20140403	10.52	10.71	10.47	10.53	10807354	125303288.00
20140404	10.48	10.76	10.46	10.72	11252435	131662120.00
20140408	10.63	11.12	10.62	10.98	23339440	280017952.00
20140409	11.01	11.25	10.80	10.91	24159126	290291936.00
20140410	10.88	11.13	10.85	10.91	17425555	208853152.00
20140411	10.82	11.22	10.75	11.19	21010664	253411472.00
20140414	11.23	11.31	10.93	10.95	20878412	252399568.00
20140415	10.94	11.00	10.67	10.69	14711969	174068512.00
20140416	10.72	11.53	10.72	11.51	44435377	546423808.00
20140417	11.43	11.53	11.22	11.25	23470131	289882432.00
20140418	11.18	11.23	10.49	10.77	46560115	549649536.00
20140421	10.57	10.71	10.47	10.52	18448664	214038944.00
20140422	10.47	10.58	10.22	10.37	17133585	195669824.00
20140423	10.37	10.52	10.32	10.48	9643439	110433952.00
20140424	10.48	10.52	10.30	10.34	8382073	95721456.00
20140425	9.97	9.97	9.56	9.74	31738881	341827648.00
20140428	9.67	9.67	9.34	9.43	27869368	292048608.00
20140429	9.43	9.61	9.43	9.60	10502805	110777872.00
20140430	9.62	9.66	9.41	9.52	12571401	132661712.00
20140505	9.51	9.62	9.43	9.61	7411833	78345304.00
20140506	9.63	9.75	9.59	9.60	10902057	116508400.00
20140507	9.59	9.59	9.43	9.46	10382667	109217864.00
20140508	9.47	9.58	9.36	9.42	11585928	121622208.00
20140509	9.42	9.51	9.34	9.48	11296967	117866304.00
20140512	9.60	9.74	9.45	9.71	15988901	170070992.00
20140513	9.75	9.75	9.56	9.63	10750605	114821096.00
20140514	9.63	9.83	9.60	9.79	9949942	106955496.00
20140515	9.77	9.77	9.55	9.57	8899829	94887680.00
20140516	9.55	9.60	9.43	9.55	8719983	91887272.00
20140519	9.46	9.51	9.32	9.40	7563938	78945520.00
20140520	9.43	9.52	9.35	9.42	7389587	77240288.00
20140521	9.42	9.49	9.34	9.48	7366646	76982912.00
20140522	9.47	9.62	9.40	9.41	9856179	103753672.00
20140523	9.42	9.52	9.40	9.48	10267009	107507712.00
20140526	9.51	9.60	9.49	9.57	8949222	94678328.00
20140527	9.57	9.59	9.51	9.53	5788982	61189512.00
20140528	9.53	9.62	9.42	9.60	17103493	180823136.00
20140529	9.59	9.62	9.39	9.42	15487651	162857072.00
20140530	9.42	9.48	9.40	9.43	12558545	131351712.00
20140603	9.45	9.54	9.42	9.44	8651934	90880840.00
20140604	9.40	9.42	9.04	9.10	25578865	260216704.00
20140605	9.09	9.23	8.93	9.18	17551919	177513024.00
20140606	9.20	9.20	9.00	9.04	9401463	94899248.00
20140609	9.07	9.19	9.04	9.07	11388963	115584736.00
20140610	9.11	9.43	9.05	9.30	17042536	175369904.00
20140611	9.29	9.36	9.22	9.28	14444970	148766688.00
20140612	9.28	9.28	9.09	9.15	14360550	146181680.00
20140613	9.24	9.27	9.12	9.22	11797521	116543712.00
20140616	9.23	9.28	9.18	9.26	10264138	101604408.00
20140617	9.23	9.24	9.02	9.05	19469709	190140448.00
20140618	9.03	9.06	8.94	9.03	9930697	95896120.00
20140619	9.01	9.07	8.76	8.79	11508461	110104336.00
20140620	8.82	8.87	8.77	8.85	5470411	51912588.00
20140623	8.87	8.88	8.79	8.84	6289987	59667016.00
20140624	8.82	9.00	8.82	8.93	9553500	91776896.00
20140625	8.94	8.94	8.81	8.91	5405086	51450192.00
20140626	8.91	9.03	8.91	8.97	7189630	69321000.00
20140627	8.95	9.04	8.90	8.98	7329500	70610704.00
20140630	9.00	9.04	8.96	8.99	8295195	80072120.00
20140701	8.99	9.03	8.90	9.02	9937485	95555736.00
20140702	9.02	9.05	8.96	9.05	9741618	94255352.00
20140703	9.04	9.08	8.98	9.06	10649454	103300352.00
20140704	9.07	9.11	8.99	9.03	7528383	73075040.00
20140707	8.96	8.99	8.84	8.89	14114024	134997936.00
20140708	8.86	8.94	8.84	8.92	8333624	79679632.00
20140709	8.93	8.93	8.76	8.77	11116300	105528728.00
20140710	8.77	8.84	8.75	8.77	6048485	57163376.00
20140711	8.80	8.92	8.79	8.88	8842681	84326216.00
20140714	8.93	9.08	8.86	9.07	16021450	154310960.00
20140715	9.09	9.14	9.04	9.11	18067769	176207552.00
20140716	9.09	9.17	9.04	9.07	10569542	103277504.00
20140717	9.09	9.28	9.03	9.28	26514803	261733072.00
20140718	9.31	9.32	9.20	9.21	13567527	134385904.00
20140721	9.20	9.25	9.07	9.13	11906555	116592408.00
20140722	9.10	9.20	9.09	9.13	18444116	180750768.00
20140723	9.14	9.18	9.05	9.06	14608121	142695680.00
20140724	9.05	9.22	9.03	9.18	32112998	313117824.00
20140725	9.22	9.31	9.15	9.30	23159890	229435760.00
20140728	9.34	9.55	9.31	9.48	33490219	337841280.00
20140729	9.50	9.57	9.43	9.51	21753546	220920032.00
20140730	9.50	9.51	9.40	9.44	17247356	174466928.00
20140731	9.44	9.52	9.37	9.51	16706768	168928016.00
20140801	9.48	9.57	9.37	9.38	23637383	239947440.00
20140804	9.38	9.60	9.38	9.59	19701451	200428272.00
20140805	9.62	9.63	9.52	9.59	15940772	162996480.00
20140806	9.57	9.57	9.44	9.52	19513835	198290432.00
20140807	9.52	9.56	9.37	9.39	19071153	192882112.00
20140808	9.36	9.43	9.32	9.38	14388083	144397504.00
20140811	9.42	9.55	9.41	9.53	18065695	183308416.00
20140812	9.53	9.96	9.46	9.77	42645789	442834592.00
20140813	9.67	9.77	9.56	9.68	22876261	236153152.00
20140814	9.71	9.87	9.61	9.64	22725726	236307728.00
20140815	9.63	9.82	9.62	9.77	21481382	223730880.00
20140818	9.82	10.05	9.81	9.94	27234082	288513664.00
20140819	9.94	9.95	9.72	9.83	21099894	221263664.00
20140820	9.83	10.00	9.76	9.88	17507871	184651376.00
20140821	9.85	9.92	9.66	9.76	14309017	149278576.00
20140822	9.58	9.58	9.36	9.49	49554019	501235904.00
20140825	9.45	9.47	9.32	9.36	20044901	201019456.00
20140826	9.34	9.40	9.16	9.20	18565304	184321616.00
20140827	9.21	9.27	9.17	9.24	10903300	107691560.00
20140828	9.24	9.28	9.14	9.15	10476657	103397904.00
20140829	9.18	9.26	9.14	9.26	8237939	81245152.00
20140901	9.28	9.36	9.23	9.35	15395352	153108000.00
20140902	9.36	9.43	9.31	9.42	22058406	221327344.00
20140903	9.44	9.48	9.39	9.44	24585901	248404592.00
20140904	9.45	9.67	9.42	9.61	43972431	450270976.00
20140905	9.74	9.80	9.61	9.67	24925105	257608800.00
20140909	9.71	9.77	9.59	9.73	24591839	254365872.00
20140910	9.65	9.93	9.59	9.73	26971885	280309024.00
20140911	9.99	10.77	9.99	10.77	127241167	1428360448.00
20140912	11.13	11.34	10.66	10.70	163999210	1913927680.00
20140915	10.57	11.84	10.57	11.84	146359452	1751802752.00
20140916	12.12	12.27	11.28	11.44	140881058	1748739712.00
20140917	11.51	12.14	11.18	11.67	115280502	1422989440.00
20140918	11.47	11.54	11.04	11.23	72436198	863755904.00
20140919	11.16	11.58	11.14	11.24	57287888	687818944.00
20140922	11.14	11.20	10.76	10.85	49650252	576328192.00
20140923	10.87	11.28	10.79	11.06	49772597	582870464.00
20140924	11.02	11.43	10.99	11.23	49997829	594148928.00
20140925	11.15	11.27	10.90	10.98	44973840	529083392.00
20140926	10.99	11.20	10.85	11.10	35397201	414172256.00
20140929	11.10	11.13	10.92	11.02	41406598	482503552.00
20140930	11.05	11.14	10.92	10.96	32590159	379552128.00
20141008	10.97	11.14	10.84	11.11	38227430	445804992.00
20141009	11.07	11.20	10.92	11.01	37274175	436055584.00
20141010	10.92	11.17	10.85	11.05	39545939	462094208.00
20141013	11.01	11.01	10.67	10.74	36654140	419521760.00
20141014	10.70	10.80	10.58	10.65	37376313	423612384.00
20141015	10.63	10.76	10.62	10.73	21700695	246303168.00
20141016	10.67	10.70	10.40	10.43	33006489	371078304.00
20141017	10.41	10.46	10.14	10.26	29295769	320136608.00
20141020	10.35	10.54	10.30	10.47	22343700	247643248.00
20141021	10.45	10.50	10.30	10.33	13615385	150485376.00
20141022	10.31	10.56	10.30	10.36	18159161	200862064.00
20141023	10.37	10.53	10.26	10.37	16650226	184048544.00
20141024	10.40	10.44	10.10	10.15	18485152	201551408.00
20141027	10.14	10.36	9.99	10.35	16788682	182450480.00
20141028	10.35	10.64	10.33	10.58	31559899	352509216.00
20141029	10.54	10.63	10.44	10.60	25044133	280796288.00
20141030	10.60	10.69	10.46	10.62	27377284	307549216.00
20141031	10.60	10.81	10.54	10.74	40014500	454441472.00
20141103	10.80	10.85	10.66	10.73	31364467	357843392.00
20141104	10.74	10.74	10.54	10.59	23029743	259212256.00
20141105	10.59	10.90	10.52	10.72	29558222	336928384.00
20141106	10.72	10.86	10.60	10.68	20687367	235378496.00
20141107	10.68	10.72	10.36	10.41	28582440	319910496.00
20141110	10.42	10.61	10.41	10.59	17653273	197496704.00
20141111	10.64	10.66	10.19	10.25	27329707	302195456.00
20141112	10.24	10.41	10.18	10.37	16651897	182368544.00
20141113	10.37	10.39	10.21	10.28	15790453	173040672.00
20141114	10.25	10.41	10.19	10.41	12638062	138507664.00
20141117	10.46	10.55	10.37	10.44	20163542	224344384.00
20141118	10.42	10.50	10.39	10.45	10694208	118786664.00
20141119	10.43	10.56	10.38	10.55	16180992	180118032.00
20141120	10.52	10.53	10.43	10.46	10819185	120515776.00
20141121	10.46	10.49	10.37	10.47	16025142	177839024.00
20141124	10.49	10.78	10.49	10.69	37258495	421857504.00
20141125	10.70	10.77	10.61	10.75	30293118	343924832.00
20141126	10.74	10.88	10.64	10.78	30840202	351947200.00
20141127	10.83	10.83	10.66	10.75	27385739	311724096.00
20141128	10.73	10.75	10.60	10.72	28275077	320046592.00
20141201	10.78	11.10	10.71	10.99	59092187	685117760.00
20141202	10.93	11.08	10.86	11.02	39426792	458420480.00
20141203	11.04	11.52	11.01	11.19	72117093	863101568.00
20141204	11.26	11.39	11.16	11.34	51501774	614922176.00
20141205	11.35	11.54	10.84	11.00	57086082	674307008.00
20141208	10.94	11.38	10.87	11.33	52717364	627264640.00
20141209	11.25	11.99	11.06	11.27	91414725	1111909760.00
20141210	11.24	11.89	11.11	11.75	59063570	723003392.00
20141211	11.65	11.91	11.45	11.61	38473788	473734400.00
20141212	11.54	11.69	11.35	11.51	33830734	411414848.00
20141215	11.50	11.66	11.41	11.64	33000417	403005760.00
20141216	11.64	11.64	11.35	11.48	32393533	392835648.00
20141217	11.49	11.69	11.25	11.30	40228699	486741952.00
20141218	11.29	11.64	11.24	11.38	32640190	394116896.00
20141219	11.37	11.38	10.79	10.98	49252713	573864384.00
20141222	10.96	10.96	10.52	10.68	40871443	465473696.00
20141223	10.67	11.01	10.62	10.71	28030491	322222240.00
20141224	10.80	10.85	10.56	10.68	21330882	241684880.00
20141225	10.70	10.95	10.67	10.89	24538523	280781792.00
20141226	10.92	11.01	10.82	10.97	24916820	288428928.00
20141229	11.00	11.07	10.76	10.79	32135547	371034304.00
20141230	10.84	10.84	10.54	10.58	22016357	249078976.00
20141231	10.58	10.80	10.54	10.77	21793494	247297488.00
20150105	10.82	11.58	10.81	11.44	67407304	805900160.00
20150106	11.39	11.92	11.17	11.60	72662762	892154176.00
20150107	11.60	11.64	11.23	11.53	37130754	448903872.00
20150108	11.48	11.56	11.25	11.28	26917549	324083936.00
20150109	11.29	11.63	11.15	11.18	42003152	507924128.00
20150112	11.19	11.72	11.15	11.70	52349916	633534720.00
20150113	11.68	11.89	11.53	11.81	53370136	661756096.00
20150114	11.80	12.26	11.76	11.93	69321076	881683648.00
20150115	11.94	12.01	11.67	11.92	35127600	438362656.00
20150116	12.01	12.07	11.76	11.93	34518200	434216928.00
20150119	11.52	11.99	10.88	11.10	55032376	666832000.00
20150120	11.22	11.46	11.13	11.39	45427544	542540608.00
20150121	11.39	11.75	11.29	11.73	43270495	528253120.00
20150122	11.68	11.80	11.48	11.71	33997100	419068224.00
20150123	11.70	11.82	11.48	11.56	28356707	348824928.00
20150126	11.53	12.12	11.47	12.09	52433158	653721664.00
20150127	12.11	12.70	12.00	12.55	90227786	1178626048.00
20150128	12.47	12.84	12.30	12.44	46468089	612453568.00
20150129	12.39	12.50	12.04	12.24	39430172	510598496.00
20150130	13.24	13.53	12.96	13.53	180085456	2539093504.00
20150202	13.13	14.32	13.04	13.90	129327715	1860774016.00
20150203	13.79	15.32	13.76	14.87	92761567	1401339264.00
20150204	14.72	15.27	14.45	14.62	69481841	1072904192.00
20150205	14.64	15.39	14.34	15.13	81632009	1266778752.00
20150206	15.04	15.04	13.86	14.06	67383377	1020183808.00
20150209	14.14	14.61	13.87	14.33	52029194	779124416.00
20150210	14.32	14.39	13.84	14.27	40371064	597768640.00
20150211	14.31	15.76	14.29	15.76	111141384	1793213440.00
20150212	15.64	17.40	15.60	17.40	64796492	1127461120.00
20150213	18.26	18.52	17.39	18.13	102141233	1895418752.00
20150216	18.23	20.01	17.74	20.01	91968100	1815587584.00
20150217	20.12	21.14	19.07	20.00	66679377	1370662400.00
20150225	19.77	20.22	18.73	18.97	60423481	1211531136.00
20150226	18.94	19.43	18.10	19.20	56928479	1105893760.00
20150227	19.04	20.12	18.50	19.54	65975679	1313895552.00
20150302	19.52	21.56	19.04	21.56	72427678	1547402880.00
20150303	21.14	21.91	20.75	20.81	54445220	1186619136.00
20150304	20.59	21.11	19.75	20.79	58534740	1232743424.00
20150305	20.56	21.03	19.99	20.69	32555357	684592256.00
20150306	20.64	20.64	18.56	19.05	64271420	1274871808.00
20150309	18.84	19.63	18.16	19.04	46089870	908899904.00
20150310	18.94	20.46	18.94	20.00	59047526	1216818688.00
20150311	20.04	21.61	19.34	19.48	49716697	1047575616.00
20150312	19.54	19.54	18.74	18.98	33829138	666023872.00
20150313	19.09	19.57	18.54	19.52	38070083	752531136.00
20150316	19.46	21.03	19.38	20.46	57640981	1209802880.00
20150317	20.74	20.84	19.64	20.04	49803609	1038723840.00
20150318	20.04	22.11	19.87	22.04	88836484	1911926656.00
20150319	21.54	22.11	21.27	21.66	50906309	1133850112.00
20150320	21.54	21.99	21.31	21.51	31599659	701552512.00
20150323	21.95	23.73	21.95	22.43	58489712	1374023808.00
20150324	22.54	22.73	20.84	22.44	43953074	1003105920.00
20150325	22.74	24.64	22.35	23.85	51458049	1255051648.00
20150326	23.72	23.72	21.99	22.24	57572259	1352027520.00
20150327	22.34	22.45	20.94	22.31	52091863	1163624320.00
20150330	22.19	22.84	21.96	22.49	36934387	851482112.00
20150331	22.64	23.86	22.24	22.57	36300058	860895488.00
20150401	22.75	23.61	22.37	23.24	33891498	808863744.00
20150402	23.16	23.72	22.80	23.62	34645190	826433472.00
20150403	23.37	23.46	23.02	23.18	31037085	740656320.00
20150407	23.25	23.71	22.87	23.26	34715357	830335616.00
20150408	23.09	23.19	22.04	22.49	43324649	1006251200.00
20150409	22.44	22.44	20.76	21.28	34522718	764271360.00
20150410	21.28	22.34	21.02	21.89	28663659	643012480.00
20150413	21.88	22.60	21.22	22.20	40720713	914988416.00
20150414	22.26	22.26	21.12	21.27	40895474	909869504.00
20150415	21.29	21.53	20.34	20.41	29254056	629589312.00
20150416	20.33	21.41	20.05	21.21	26832989	581694592.00
20150417	21.44	22.34	21.36	21.64	33730130	757113728.00
20150420	21.62	21.99	21.13	21.33	26582783	589091328.00
20150421	21.36	23.34	21.36	23.33	64439914	1509463296.00
20150422	23.53	24.91	23.53	24.13	60798171	1517760384.00
20150423	24.34	24.90	23.54	24.47	40613606	1012479552.00
20150424	24.34	26.98	24.06	26.98	63295645	1717546880.00
20150427	26.84	27.63	26.10	26.58	52328686	1426091008.00
20150428	26.36	26.70	24.25	24.57	44772276	1165715968.00
20150429	24.59	26.00	24.58	25.54	27287944	713428480.00
20150430	25.52	26.79	25.39	26.37	37887656	1017639936.00
20150504	26.37	26.81	25.42	26.16	22057478	589299456.00
20150505	25.88	25.94	23.74	24.33	29477872	749893184.00
20150506	24.41	25.21	23.52	23.79	19769821	497307168.00
20150507	23.65	24.65	23.14	24.18	27497002	674832192.00
20150508	24.53	25.54	24.25	24.99	28698261	734488320.00
20150511	25.53	27.56	24.83	27.56	55946486	1515418368.00
20150512	28.04	29.84	28.04	29.69	62671851	1861532672.00
20150513	29.72	31.48	29.44	29.51	43119654	1348336896.00
20150514	29.14	32.34	28.99	32.05	38267466	1199304960.00
20150515	32.34	32.74	30.55	31.49	31537556	1014648320.00
20150518	30.84	32.44	30.64	31.63	29734928	964078464.00
20150519	31.65	32.62	31.34	32.02	23370469	760491200.00
20150520	32.38	35.29	32.06	34.65	29148989	1018205760.00
20150521	35.34	36.14	32.94	34.31	32816682	1157971840.00
20150522	34.34	35.15	32.52	33.81	31290225	1072824704.00
20150525	33.14	34.45	32.84	33.88	24036178	827630592.00
20150526	33.92	36.21	33.28	36.12	34923310	1239418496.00
20150527	36.14	36.34	34.24	35.14	31217004	1110029312.00
20150528	34.79	35.32	31.56	31.56	35185393	1200035456.00
20150529	31.24	32.14	28.35	31.37	35263397	1116599808.00
20150601	31.39	32.83	30.85	32.74	30069514	987011712.00
20150602	34.64	35.53	32.84	34.44	38664474	1350583296.00
20150603	34.52	34.54	32.34	33.01	29181443	991407232.00
20150604	33.01	33.26	29.67	31.75	33393539	1064977408.00
20150605	32.79	33.23	31.09	31.87	38159781	1247509760.00
20150608	32.36	34.34	32.36	33.82	50178836	1713988480.00
20150609	34.34	34.46	31.97	32.89	35499369	1195637632.00
20150610	32.40	33.64	30.85	32.95	34225361	1135926272.00
20150611	32.63	33.32	31.94	32.72	44963234	1487912320.00
20150612	32.72	33.59	32.44	33.48	19807150	665970624.00
20150616	32.69	35.54	31.69	34.14	49778410	1728876800.00
20150617	33.77	33.77	31.09	32.88	30580095	1013605696.00
20150618	32.22	32.34	30.52	30.60	24577220	794791488.00
20150619	29.62	29.85	27.47	27.57	32887689	956434944.00
20150623	27.54	27.65	24.84	27.64	32347920	880784320.00
20150624	27.79	29.19	26.76	29.09	47505035	1352913024.00
20150625	29.24	29.24	27.09	27.28	30546443	875795456.00
20150626	26.55	26.55	24.52	24.52	33186737	837622912.00
20150629	24.96	25.44	22.03	22.07	44294534	1039012032.00
20150630	22.16	24.31	19.95	24.25	47798645	1087540224.00
20150701	23.17	24.96	21.92	22.08	35164445	850112192.00
20150702	22.36	23.21	19.87	20.18	46431844	1020982208.00
20150703	19.76	21.76	18.13	19.11	51589524	1014968704.00
20150706	21.06	21.06	17.46	19.49	66395599	1320430208.00
20150707	18.66	19.46	17.51	17.51	63297954	1149332480.00
20150708	15.73	16.46	15.73	15.73	73372470	1181632768.00
20150710	17.34	17.34	17.34	17.34	4925941	87090640.00
20150713	19.11	19.11	19.11	19.11	4030623	78395616.00
20150714	21.06	21.06	20.67	21.06	41326841	883274944.00
20150715	21.06	21.06	18.92	18.92	57846521	1167239936.00
20150716	18.16	19.65	17.17	19.35	81328583	1541629824.00
20150717	19.41	21.16	19.06	20.69	68123879	1385408000.00
20150720	20.75	21.80	20.36	21.04	65975727	1413806336.00
20150721	20.74	21.30	20.29	20.95	46707943	986385344.00
20150722	20.66	22.54	20.44	22.06	63047217	1392033024.00
20150723	22.12	24.21	21.76	23.54	59134164	1366945408.00
20150724	23.16	24.06	21.96	22.24	54352621	1267561728.00
20150727	21.66	21.94	19.98	19.98	60549166	1289745152.00
20150728	18.54	19.86	17.95	18.26	94414432	1770255360.00
20150729	18.71	19.30	17.68	19.06	68473293	1278190592.00
20150730	18.90	19.56	18.06	18.18	54015463	1044547456.00
20150731	17.80	19.28	17.26	19.16	73196872	1378543872.00
20150803	18.55	18.84	17.74	18.78	53416413	998694784.00
20150804	18.78	20.01	18.66	20.00	48586280	959049984.00
20150805	19.96	20.64	19.36	19.47	46996683	956589760.00
20150806	18.96	19.61	18.76	18.98	27014928	525170560.00
20150807	19.43	19.83	19.17	19.66	31579936	628424832.00
20150810	19.93	21.41	19.66	21.05	49121449	1024172352.00
20150811	21.06	21.85	20.73	21.35	50278046	1086183936.00
20150812	21.14	22.11	20.74	20.79	39354407	855050176.00
20150813	20.76	21.86	20.57	21.77	50426468	1093352192.00
20150814	21.67	21.90	21.26	21.36	39131732	858435072.00
20150817	21.26	21.41	20.52	21.19	38168893	812080192.00
20150818	20.98	21.05	19.04	19.04	47034881	959556480.00
20150819	18.26	19.15	17.25	18.84	49655623	926633152.00
20150820	18.46	18.84	17.74	17.78	31217641	580918848.00
20150821	17.26	17.71	16.46	16.67	32432129	564098752.00
20150824	15.74	15.96	14.97	14.97	29499042	455023328.00
20150825	13.46	14.26	13.44	13.44	62856846	875499904.00
20150826	13.72	14.42	13.04	13.25	44500077	623809536.00
20150827	13.66	14.22	13.16	14.20	33639464	473846496.00
20150828	14.53	15.29	14.23	15.26	43422408	650403200.00
20150831	14.92	15.06	13.95	14.51	43617587	641440512.00
20150901	14.23	14.25	13.26	14.03	38647449	550558464.00
20150902	13.21	14.41	13.05	13.98	38375820	546836544.00
20150907	14.08	14.75	13.91	14.00	36107556	531209792.00
20150908	13.86	14.63	13.39	14.59	25114094	360180384.00
20150909	14.64	15.28	14.52	15.27	38292085	587207872.00
20150910	14.96	15.14	14.64	14.67	20598024	313791648.00
20150911	14.68	14.96	14.17	14.53	17339474	259258272.00
20150914	14.66	14.72	13.04	13.64	32519377	456884736.00
20150915	13.26	13.45	12.44	12.48	21387186	284170784.00
20150916	12.66	13.76	12.55	13.66	21152339	284676544.00
20150917	13.54	13.92	13.09	13.15	23634613	331324544.00
20150918	13.26	13.39	12.97	13.21	18579037	250644064.00
20150921	12.98	13.89	12.94	13.81	19719206	272627168.00
20150922	13.84	14.26	13.61	14.04	19068828	271905920.00
20150923	13.69	13.85	13.32	13.48	17530043	244634512.00
20150924	13.62	14.38	13.50	13.86	18715481	267927680.00
20150925	13.81	13.85	13.06	13.17	18325460	251453776.00
20150928	13.23	13.41	12.98	13.37	8739812	118572856.00
20150929	13.12	13.21	12.80	12.93	10953450	146433904.00
20150930	13.07	13.16	12.95	13.05	7114074	95427264.00
20151008	13.55	13.96	13.46	13.69	21659713	304633312.00
20151009	13.66	14.14	13.62	13.98	16845299	240217888.00
20151012	14.01	15.03	14.01	14.80	29879229	447776448.00
20151013	14.66	15.16	14.50	15.00	21926173	331946304.00
20151014	14.91	15.02	14.61	14.64	18731293	283809984.00
20151015	14.55	15.51	14.47	15.48	35150199	541880512.00
20151016	15.62	15.75	15.36	15.61	27914602	443426720.00
20151019	15.56	16.04	15.26	15.32	35570419	567107968.00
20151020	15.23	15.80	15.21	15.66	24251172	384736032.00
20151021	15.66	15.71	14.08	14.16	47418668	721900544.00
20151022	14.26	14.63	14.07	14.61	23963890	353182592.00
20151023	14.79	15.38	14.62	15.19	31261336	477449280.00
20151026	15.46	15.92	15.37	15.47	38405550	610838720.00
20151027	15.36	15.75	14.72	15.67	32269838	502453664.00
20151028	15.58	16.60	15.38	15.67	49255563	806239744.00
20151029	15.86	16.06	15.36	15.76	32247335	517623616.00
20151030	15.69	15.79	15.26	15.38	23484787	372219712.00
20151102	15.05	15.91	14.97	15.31	23413295	371434592.00
20151103	15.46	15.56	15.15	15.16	16395020	257113840.00
20151104	15.26	16.31	15.22	16.29	41153617	665979584.00
20151105	16.34	17.57	16.24	16.94	69622754	1204855936.00
20151106	17.06	17.78	17.06	17.41	43432428	772961920.00
20151109	17.37	17.70	17.10	17.41	34061511	604425600.00
20151110	17.27	17.96	17.23	17.32	32808344	585908352.00
20151111	17.32	17.42	16.97	17.28	25083055	439607648.00
20151112	17.34	17.41	16.69	16.89	26376220	454789408.00
20151113	16.76	16.99	16.54	16.77	18276037	313183744.00
20151116	16.54	16.98	16.46	16.90	21217088	361951520.00
20151117	17.04	17.56	16.66	16.82	34194025	599450496.00
20151118	16.88	16.93	16.36	16.41	17773626	301576960.00
20151119	16.46	16.82	16.34	16.80	17511632	295964352.00
20151120	16.91	17.11	16.69	16.86	24332740	420357120.00
20151123	16.90	17.27	16.78	16.94	22939355	398697120.00
20151124	17.03	17.80	16.34	17.70	53156054	922220096.00
20151125	17.47	17.73	17.27	17.61	33771572	602576256.00
20151126	17.81	17.94	17.18	17.20	30300438	538938688.00
20151127	17.35	17.35	15.56	15.90	29085756	490651744.00
20151130	15.78	16.46	15.24	15.91	20510082	330360128.00
20151201	15.95	16.50	15.82	16.40	21407302	354728352.00
20151202	16.35	17.58	16.18	17.40	43322685	754772416.00
20151203	17.45	18.49	16.98	18.29	56791972	1033503168.00
20151204	18.03	18.11	17.69	17.79	22570660	411448512.00
20151207	17.89	18.85	17.84	17.95	39026075	728425664.00
20151208	17.86	18.69	17.66	18.41	35289655	656660032.00
20151209	18.16	18.36	17.45	17.60	24488966	445501280.00
20151210	17.61	17.92	17.31	17.39	21712395	390194688.00
20151211	17.21	17.21	16.55	16.81	21938466	377469696.00
20151214	16.56	18.53	16.51	18.53	32803938	591747008.00
20151215	18.76	19.46	18.76	18.98	37493485	727750912.00
20151216	18.96	19.78	18.85	19.03	26376674	516744256.00
20151217	19.21	19.56	18.90	19.25	26050761	508902048.00
20151218	19.27	20.74	19.09	20.26	45919298	933597056.00
20151221	19.96	21.65	19.84	21.15	39696140	850385408.00
20151222	20.87	21.12	20.49	20.99	22221557	468810592.00
20151223	21.01	21.57	20.37	20.47	23093420	489664960.00
20151224	20.33	20.44	19.66	20.17	19022108	386311680.00
20151225	20.33	20.99	20.14	20.86	16236471	341096544.00
20151228	20.72	20.86	18.74	18.93	49646575	979047232.00
20151229	18.66	19.34	18.34	19.24	36558485	699288832.00
20151230	19.19	19.49	18.79	19.10	18602435	362331584.00
20151231	19.17	19.93	18.98	19.33	21984820	433566752.00
20160104	19.06	19.33	17.37	17.39	18513778	343756576.00
20160105	16.71	17.96	16.70	17.78	24344842	431570688.00
20160106	17.79	18.21	17.47	18.08	16704424	304288896.00
20160107	17.70	17.71	16.24	16.24	6445218	109752320.00
20160108	16.71	17.02	15.68	16.49	27341210	462085248.00
20160111	16.06	16.26	14.81	14.81	27738478	434877504.00
20160112	15.01	15.12	14.28	14.70	20212885	304682016.00
20160113	14.91	15.30	14.46	14.51	22705563	348208000.00
20160114	14.05	15.17	13.78	15.11	17918121	267794064.00
20160115	15.05	15.46	14.02	14.32	22248997	336666688.00
20160118	13.95	15.31	13.87	14.91	23746995	360267520.00
20160119	14.76	15.42	14.69	15.30	23255923	360127232.00
20160120	15.17	15.36	14.66	14.74	19336112	295904512.00
20160121	14.58	14.99	13.97	14.06	19598452	290898400.00
20160122	14.26	14.40	13.81	14.31	14894348	215950288.00
20160125	14.41	14.80	14.35	14.55	13190818	196532480.00
20160126	14.33	14.66	13.46	13.55	16262299	235131712.00
20160127	13.71	13.81	12.97	13.76	19098072	263830752.00
20160128	13.57	13.85	13.25	13.29	13142843	183051168.00
20160129	13.33	13.99	13.17	13.82	14762252	207349632.00
20160201	13.72	13.90	12.98	13.26	13482922	186261040.00
20160202	13.31	13.83	13.31	13.74	11597181	162271168.00
20160203	13.56	13.91	13.46	13.87	10860164	152091968.00
20160204	13.87	14.25	13.87	14.10	14671568	211221456.00
20160205	14.16	14.19	13.80	13.81	9327670	133225376.00
20160215	13.26	13.65	13.17	13.51	9017157	123910552.00
20160216	13.66	14.29	13.62	14.21	14333717	205748800.00
20160217	14.11	14.43	13.97	14.37	14932711	216563840.00
20160218	14.39	14.72	14.21	14.23	16919154	250250448.00
20160219	14.21	14.41	14.11	14.37	14429721	210395952.00
20160222	14.57	14.98	14.38	14.84	23265394	349214464.00
20160223	14.81	14.81	14.16	14.43	18431105	272625728.00
20160224	14.29	14.69	14.21	14.68	15758297	232853104.00
20160225	14.56	14.64	13.18	13.28	22777852	321437440.00
20160226	13.38	13.56	13.04	13.35	11441649	156787632.00
20160229	13.28	13.28	12.09	12.54	18354385	234275904.00
20160301	12.54	12.87	12.24	12.77	14180531	182599856.00
20160302	12.81	13.66	12.71	13.63	21957364	297707488.00
20160303	13.52	13.97	13.49	13.76	20641298	291494144.00
20160304	13.74	13.81	13.30	13.61	19711802	276036992.00
20160307	13.74	14.23	13.74	13.86	13213844	189092736.00
20160308	13.81	14.15	13.32	14.13	17423973	244621184.00
20160309	13.77	13.86	13.42	13.76	13929070	194757008.00
20160310	13.62	13.77	13.29	13.31	6907681	95630456.00
20160311	13.09	13.33	12.98	13.21	8121186	109635840.00
20160314	13.36	13.83	13.34	13.56	13660157	191248976.00
20160315	13.54	13.76	13.31	13.74	10787021	149827184.00
20160316	13.62	13.84	13.61	13.67	11502166	161728032.00
20160317	13.80	14.29	13.70	14.09	15990894	230242400.00
20160318	14.24	15.21	14.21	14.58	37605756	568115200.00
20160321	14.75	15.30	14.66	14.86	20663873	315830816.00
20160322	14.76	14.92	14.57	14.64	15759879	237099728.00
20160323	14.58	14.76	14.50	14.69	11737531	175882512.00
20160324	14.58	15.37	14.56	15.04	28166563	434684256.00
20160325	15.04	15.31	14.86	15.17	13504387	208693808.00
20160328	15.22	16.21	15.22	15.63	28717941	458556672.00
20160329	15.51	16.34	15.36	15.89	28888812	469101888.00
20160330	16.04	16.23	15.56	16.06	18989973	308641984.00
20160331	15.96	16.52	15.89	16.30	17560100	292274688.00
20160401	16.20	16.24	15.54	16.08	14502899	234794064.00
20160405	15.82	16.31	15.66	16.05	20022306	328011680.00
20160406	15.86	16.73	15.84	16.65	20926956	347778528.00
20160407	16.62	16.68	16.17	16.19	12888852	216262512.00
20160408	16.05	16.09	15.55	15.87	11650605	187934320.00
20160411	15.96	16.46	15.96	16.18	10856666	180175712.00
20160412	16.21	16.33	15.81	16.06	7778932	127434760.00
20160413	16.16	16.56	16.07	16.10	12488687	208706816.00
20160414	16.26	16.31	16.03	16.24	6872431	113435360.00
20160415	16.25	16.44	16.11	16.22	9486517	157268208.00
20160418	16.06	16.06	15.81	15.91	7779166	126288560.00
20160419	16.06	16.87	15.81	16.84	23354972	393419648.00
20160420	16.91	17.99	16.57	17.57	45668824	810324928.00
20160421	17.04	17.69	16.97	17.24	16131196	283902624.00
20160422	17.02	17.62	17.02	17.57	12736740	225570096.00
20160425	17.52	17.92	17.08	17.81	13388575	239870528.00
20160426	17.83	18.32	17.29	17.49	16172360	292747968.00
20160427	17.11	17.11	16.46	16.53	22425817	382715168.00
20160428	16.70	16.92	16.16	16.89	17754957	299467712.00
20160429	16.66	16.88	16.41	16.54	11616901	197068208.00
20160503	16.61	17.10	16.36	16.80	18759427	322061728.00
20160504	16.75	17.76	16.65	17.56	20322641	357340992.00
20160505	17.41	17.54	17.10	17.20	14389023	252896880.00
20160506	17.26	17.42	16.77	16.87	12876074	224166016.00
20160509	16.51	16.66	15.89	16.09	16044193	265473936.00
20160510	15.97	16.59	15.87	16.29	17884301	295814112.00
20160511	16.41	17.24	16.30	16.94	23490424	402981728.00
20160512	16.56	17.15	16.36	17.13	15072809	257926368.00
20160513	17.01	17.22	16.79	16.89	10235524	177470160.00
20160516	16.72	17.18	16.58	17.15	12641702	218652544.00
20160517	17.18	17.18	16.37	16.39	14341795	245072464.00
20160518	16.26	16.29	15.48	15.77	18531676	299884640.00
20160519	15.66	15.97	15.60	15.70	8469961	136691216.00
20160520	15.51	15.69	15.35	15.62	10072501	159664032.00
20160523	15.61	15.90	15.61	15.80	7307225	117668672.00
20160524	15.81	15.84	15.11	15.28	11246200	176793872.00
20160525	15.41	15.51	15.16	15.26	6382458	100070464.00
20160526	15.32	15.43	14.61	15.04	12883130	196522304.00
20160527	14.95	15.48	14.91	15.26	12479697	194267088.00
20160530	15.18	15.20	14.87	14.98	10373600	159312112.00
20160531	15.03	15.76	14.99	15.70	18828453	299213536.00
20160601	15.69	16.34	15.63	15.95	17970145	294913024.00
20160602	15.98	16.08	15.82	16.05	10126483	164938400.00
20160603	16.06	16.25	15.87	16.13	12223408	200433792.00
20160606	16.31	16.31	15.92	16.07	9863211	162400864.00
20160607	16.11	16.41	15.97	16.36	14615850	242542384.00
20160608	16.35	16.71	16.25	16.64	21375031	360422144.00
20160613	16.56	17.31	16.46	16.47	25694923	442065888.00
20160614	16.33	16.54	15.96	16.11	9609572	158210976.00
20160615	15.86	16.55	15.74	16.46	11229288	186866784.00
20160616	16.36	16.64	15.98	16.11	11287840	187914032.00
20160617	16.37	17.76	16.37	17.76	32320435	579791872.00
20160620	17.83	17.86	17.23	17.54	24765486	441666720.00
20160621	17.65	17.83	17.04	17.15	15813339	281773760.00
20160622	17.21	17.41	16.93	17.38	13097012	229652560.00
20160623	17.56	17.56	16.84	17.05	13190215	229840560.00
20160624	16.91	17.20	16.40	16.89	14588567	250999584.00
20160627	16.78	17.27	16.71	17.23	11083792	193023248.00
20160628	17.08	17.50	16.83	17.45	14581994	255817104.00
20160629	17.43	17.48	17.21	17.31	10597410	187047872.00
20160630	17.37	17.51	17.26	17.34	9989893	177280512.00
20160701	17.33	17.41	17.04	17.07	8597506	150639568.00
20160704	17.05	17.47	16.98	17.42	14148285	250031136.00
20160705	17.49	17.59	17.36	17.46	13409870	238759552.00
20160706	17.47	17.48	17.13	17.34	13604500	239817648.00
20160707	17.31	17.46	17.14	17.30	13718200	241649744.00
20160708	17.35	17.35	17.01	17.13	8439700	144590448.00
20160711	17.14	17.51	17.14	17.27	15102300	261733408.00
20160712	17.52	18.87	17.40	18.77	44469900	811784704.00
20160713	18.59	18.73	18.30	18.44	20877100	385404128.00
20160714	18.42	18.68	18.31	18.40	12529100	231150880.00
20160715	18.44	18.93	18.32	18.61	21284000	397980864.00
20160718	18.49	18.65	18.11	18.32	14618400	267829072.00
20160719	18.32	18.36	17.92	18.23	10946600	198532752.00
20160720	18.28	18.35	18.06	18.28	7114800	129743160.00
20160721	18.21	18.87	18.20	18.42	19395300	360547552.00
20160722	18.31	18.38	17.94	17.98	13845800	250706400.00
20160725	17.96	18.16	17.90	18.08	7776500	140144880.00
20160726	18.06	18.50	17.99	18.42	13171100	239859056.00
20160727	18.36	18.47	16.58	17.55	23393069	411681280.00
20160728	17.42	17.95	17.31	17.75	18316168	324663904.00
20160729	17.68	18.39	17.65	17.83	19273632	348453824.00
20160801	17.93	17.93	17.12	17.27	14029603	243391088.00
20160802	17.28	17.63	17.28	17.61	8788519	153370592.00
20160803	17.50	17.75	17.40	17.52	7660495	134128352.00
20160804	17.49	17.59	17.34	17.55	6920049	120847248.00
20160805	17.58	17.66	17.42	17.53	6496742	114025456.00
20160808	17.53	17.71	17.30	17.59	14481844	254152032.00
20160809	17.67	18.48	17.57	18.23	25390100	460947616.00
20160810	18.10	18.45	17.98	18.03	12824000	233539360.00
20160811	18.05	18.26	17.86	18.04	14113319	254836496.00
20160812	18.05	18.56	18.04	18.41	19694339	361886656.00
20160815	18.55	19.18	18.36	18.81	29993974	563496384.00
20160816	18.85	19.18	18.08	18.34	104405716	1912062848.00
20160817	18.11	18.32	18.11	18.25	18203330	331123552.00
20160818	18.20	18.63	18.20	18.30	23304988	430721888.00
20160819	18.29	18.29	17.93	18.05	19700665	355448416.00
20160822	18.05	18.07	17.64	17.66	14536000	258520800.00
20160823	17.69	17.83	17.59	17.73	10722000	189992688.00
20160824	17.78	17.98	17.70	17.80	9449000	168543008.00
20160825	17.70	17.71	17.38	17.54	13336200	233492992.00
20160826	17.58	17.85	17.46	17.52	12188300	215007312.00
20160829	17.55	17.75	17.25	17.30	14559876	253793712.00
20160830	17.35	17.46	17.10	17.29	13960216	240480064.00
20160831	17.23	17.36	17.08	17.31	11268389	193948336.00
20160901	17.27	17.37	17.12	17.13	10415181	179590368.00
20160902	17.20	17.23	16.79	16.87	19660539	333726336.00
20160905	16.93	17.06	16.86	16.99	9136092	155208992.00
20160906	17.04	17.32	16.87	17.29	13492228	231466880.00
20160907	17.33	17.53	17.19	17.23	14871282	258442272.00
20160908	17.23	17.56	17.23	17.45	10970700	191412752.00
20160909	17.48	17.49	17.25	17.25	8296545	144010464.00
20160912	17.04	17.04	16.46	16.71	19380729	324059616.00
20160913	16.76	16.79	16.53	16.65	7961289	132462624.00
20160914	16.60	16.67	16.55	16.63	4287675	71288552.00
20160919	16.64	16.92	16.62	16.84	7405331	123975888.00
20160920	16.75	16.85	16.55	16.61	8304554	138321616.00
20160921	16.69	16.74	16.62	16.69	5663459	94486312.00
20160922	16.77	17.15	16.77	16.87	12840497	217653776.00
20160923	16.92	16.95	16.74	16.75	7270766	122286680.00
20160926	16.74	16.79	16.43	16.46	6602803	109627688.00
20160927	16.42	16.65	16.40	16.64	5676459	93715280.00
20160928	16.69	16.78	16.60	16.64	4334989	72323328.00
20160929	16.65	16.74	16.53	16.56	11516935	191110144.00
20160930	16.55	16.71	16.53	16.64	8065829	134082352.00
20161010	16.78	16.95	16.62	16.89	13965477	234437392.00
20161011	16.91	16.94	16.82	16.89	6982172	117748304.00
20161012	16.85	16.89	16.68	16.75	9332668	156543072.00
20161013	16.78	16.96	16.75	16.91	10511243	177267312.00
20161014	16.90	16.90	16.74	16.85	5153660	86644304.00
20161017	16.86	16.92	16.57	16.63	7912505	132727488.00
20161018	16.64	16.92	16.62	16.92	9959732	167167632.00
20161019	16.90	16.97	16.72	16.83	9101626	153196736.00
20161020	16.83	16.85	16.65	16.76	7177046	120119920.00
20161021	16.80	16.80	16.60	16.69	6670627	111343568.00
20161024	16.75	17.05	16.70	17.00	17259483	292144480.00
20161025	17.16	17.31	16.91	17.10	22369350	382414208.00
20161026	17.16	17.20	16.94	17.11	13084513	223238784.00
20161027	17.12	17.23	16.95	17.03	13365521	227701936.00
20161028	17.05	17.22	17.01	17.07	13087267	224489952.00
20161031	17.06	17.09	16.91	17.07	11612289	197603680.00
20161101	17.07	17.16	17.02	17.12	12147500	207510080.00
20161102	17.05	17.12	16.83	16.85	15460600	262180912.00
20161103	16.82	17.04	16.79	16.92	14048339	237732976.00
20161104	16.90	16.95	16.55	16.63	16152200	270292320.00
20161107	16.71	17.35	16.71	17.33	46554424	796727808.00
20161108	17.33	17.75	17.17	17.41	29380208	514653344.00
20161109	17.34	17.65	17.01	17.41	20526935	355919008.00
20161110	17.60	17.70	17.43	17.53	21218552	372566624.00
20161111	17.55	17.79	17.45	17.59	21486200	378376288.00
20161114	17.63	17.78	17.35	17.43	22686109	398368800.00
20161115	17.46	17.55	17.29	17.50	11083947	192755248.00
20161116	17.50	17.52	17.37	17.43	9329400	162818144.00
20161117	17.37	17.41	17.23	17.39	9396400	162828448.00
20161118	17.40	17.66	17.39	17.44	12975000	227426048.00
20161121	17.36	17.48	17.33	17.39	12399300	215690528.00
20161122	17.44	17.89	17.42	17.69	23938627	424231936.00
20161123	17.80	17.85	17.52	17.62	12240859	215996480.00
20161124	17.57	18.10	17.38	17.87	27179300	482881920.00
20161125	17.81	18.43	17.70	18.28	37303000	676230848.00
20161128	18.41	18.66	18.27	18.33	42319200	780783424.00
20161129	18.37	18.85	18.13	18.17	30131900	557067392.00
20161130	18.10	18.23	17.83	18.00	16360300	294257664.00
20161201	18.23	18.49	18.01	18.14	21685947	396078592.00
20161202	18.10	18.58	18.05	18.16	25841563	473177376.00
20161205	17.85	18.07	17.58	17.97	19151300	340813312.00
20161206	17.91	18.04	17.73	17.76	9251600	164985232.00
20161207	17.76	17.80	17.43	17.68	14003900	246088032.00
20161208	17.73	17.85	17.58	17.75	10742900	190392352.00
20161209	17.75	17.87	17.61	17.65	8461900	149966720.00
20161212	17.71	17.73	17.13	17.33	19066765	330574336.00
20161213	17.20	17.40	16.91	16.99	16452601	282434880.00
20161214	16.88	17.13	16.78	16.97	9872658	167588864.00
20161215	16.90	17.04	16.66	16.73	12204020	205357680.00
20161216	16.74	16.95	16.70	16.90	8539235	143806944.00
20161219	16.95	17.08	16.86	16.97	10484772	178229392.00
20161220	17.00	17.20	16.91	17.02	9878101	168575760.00
20161221	17.04	17.21	17.00	17.14	8100736	138693424.00
20161222	17.14	17.15	16.97	17.01	3923694	66900664.00
20161223	17.09	17.09	16.69	16.80	7904653	132981152.00
20161226	16.70	17.00	16.68	16.97	6563111	110657112.00
20161227	16.99	17.07	16.93	16.98	4111991	69888056.00
20161228	16.91	17.23	16.91	17.15	9413143	160969120.00
20161229	17.14	17.21	16.98	17.10	5896100	100727760.00
20161230	17.10	17.20	17.06	17.12	6772500	115965016.00
20170103	17.12	17.38	17.11	17.26	7912564	136771920.00
20170104	17.28	17.54	17.24	17.48	8172236	142214608.00
20170105	17.48	17.51	17.30	17.33	6633098	115264336.00
20170106	17.35	17.37	17.18	17.20	8348581	144026208.00
20170109	17.20	17.45	17.20	17.44	8606965	149429792.00
20170110	17.53	17.65	17.36	17.40	6890040	120406800.00
20170111	17.37	17.50	17.17	17.42	6926850	120204064.00
20170112	17.58	17.64	17.00	17.04	10839564	187253408.00
20170113	17.01	17.15	16.94	17.10	8535042	145485344.00
20170116	17.09	17.35	16.61	17.22	17912576	303918912.00
20170117	17.02	17.13	16.82	17.05	10202420	172836896.00
20170118	17.00	17.09	16.90	16.97	8198660	139263728.00
20170119	16.90	17.05	16.90	16.97	5533911	93881824.00
20170120	16.94	17.24	16.90	17.14	7154111	122526056.00
20170123	17.13	17.38	17.11	17.19	8947024	154099056.00
20170124	17.13	17.42	17.09	17.34	8725647	150771168.00
20170125	17.29	17.37	17.28	17.33	3254077	56374624.00
20170126	17.33	17.50	17.30	17.44	5836049	101756840.00
20170203	17.48	17.49	17.16	17.29	5318347	91949496.00
20170206	17.28	17.45	17.20	17.28	7988409	138121520.00
20170207	17.30	17.32	17.20	17.28	5360145	92514664.00
20170208	17.28	17.76	17.21	17.70	16422986	288305856.00
20170209	17.70	17.74	17.57	17.69	10542366	185973920.00
20170210	17.69	17.84	17.60	17.70	10895771	193230624.00
20170213	17.70	17.92	17.66	17.86	12821569	228260384.00
20170214	17.90	18.45	17.88	18.16	19436453	353814880.00
20170215	18.11	18.19	17.91	17.94	9751490	175886176.00
20170216	17.94	18.10	17.85	18.02	8950818	160618624.00
20170217	18.03	18.32	17.86	17.86	13736114	248952496.00
20170220	17.90	18.72	17.90	18.65	32804600	605639616.00
20170221	18.73	19.34	18.73	18.92	30438284	578613440.00
20170222	18.85	19.03	18.73	18.87	13973259	264026944.00
20170223	18.95	19.27	18.78	18.97	18298731	347795264.00
20170224	19.03	19.05	18.61	18.79	11119200	208080608.00
20170227	18.77	18.87	18.50	18.71	12332200	230475200.00
20170228	18.71	18.90	18.46	18.85	12427008	232546368.00
20170301	18.80	19.16	18.71	18.91	13228659	250539808.00
20170302	18.95	18.99	18.60	18.72	10925363	204752816.00
20170303	18.66	19.25	18.56	19.23	23485820	444175264.00
20170306	19.22	19.80	19.10	19.54	21196190	413305120.00
20170307	19.51	19.72	19.35	19.54	13091700	255614000.00
20170308	19.50	19.52	19.21	19.26	9442815	182143408.00
20170309	19.21	19.26	18.98	19.11	9112974	174359536.00
20170310	19.10	19.79	19.04	19.48	16166046	315279744.00
20170313	19.46	19.75	19.30	19.53	16011973	313232640.00
20170314	19.02	19.14	18.22	18.47	66351099	1233649280.00
20170315	18.43	18.61	18.28	18.43	27878254	513950656.00
20170316	18.46	18.52	18.14	18.25	42655196	780565312.00
20170317	18.25	18.28	17.93	18.10	47435400	857260928.00
20170320	18.06	18.12	17.84	18.06	31606311	567727040.00
20170321	18.07	18.32	17.94	18.30	36410261	660603136.00
20170322	18.20	18.23	17.98	18.05	25240931	456903744.00
20170323	18.18	18.34	18.00	18.25	29963619	545549760.00
20170324	18.22	18.45	18.20	18.39	33076500	607283328.00
20170327	18.48	18.68	18.36	18.38	25242788	467216224.00
20170328	18.31	18.35	18.01	18.11	25914005	469345152.00
20170329	18.15	18.15	17.97	18.02	18396994	332239328.00
20170330	18.01	18.04	17.64	17.80	19118069	340984608.00
20170331	17.78	18.18	17.75	18.09	16694087	300228416.00
20170405	18.09	18.23	17.96	18.17	22824630	414209376.00
20170407	18.18	18.24	17.81	17.91	23730599	426148576.00
20170410	17.91	17.96	17.52	17.68	24075771	427356608.00
20170411	17.66	17.82	17.47	17.77	18926200	334035680.00
20170412	17.77	17.77	17.62	17.67	11742439	207469424.00
20170413	17.66	17.85	17.58	17.63	15813659	280068608.00
20170414	17.62	17.69	17.37	17.44	12902068	226319904.00
20170417	17.41	17.50	17.26	17.48	12027296	208963328.00
20170418	17.48	17.94	17.45	17.75	25801002	458731008.00
20170419	17.77	17.91	17.61	17.88	21227981	377782240.00
20170420	17.83	18.53	17.78	18.31	43585805	795913472.00
20170421	18.24	18.32	18.00	18.26	22425050	407524096.00
20170424	18.14	18.22	17.77	18.16	23571600	424800992.00
20170425	18.09	18.36	17.96	18.27	18558500	337239552.00
20170426	18.32	18.66	17.92	17.99	40374500	740932736.00
20170427	17.76	17.76	17.10	17.43	32349700	563316032.00
20170428	17.31	17.43	16.97	17.15	24580218	421790560.00
20170502	15.44	15.79	15.44	15.44	39218500	606044224.00
20170503	14.89	14.94	14.52	14.62	62981708	928951744.00
20170504	14.63	14.73	14.41	14.57	33101200	482505216.00
20170505	14.50	14.55	14.31	14.48	27229056	392383104.00
20170508	14.41	14.56	14.16	14.52	33795900	484818240.00
20170509	14.38	14.52	14.28	14.43	15886700	228916480.00
20170510	14.48	14.48	13.99	14.00	18911200	269781024.00
20170511	13.95	13.98	13.61	13.89	19568400	270823712.00
20170512	13.90	14.00	13.85	13.91	11896319	165857648.00
20170515	13.93	13.98	13.76	13.81	14318118	198165040.00
20170516	13.81	14.24	13.63	14.21	20961647	291845504.00
20170517	14.14	14.25	14.06	14.07	13523830	191199888.00
20170518	13.95	14.05	13.86	13.88	12949500	180701744.00
20170519	13.91	14.03	13.77	14.00	11890311	165415920.00
20170522	14.00	14.03	13.85	13.85	12202313	169775712.00
20170523	13.86	13.93	13.56	13.62	12468300	172042544.00
20170524	13.60	13.93	13.33	13.89	20330200	278119584.00
20170525	13.88	14.13	13.68	14.05	13730500	191454224.00
20170526	14.03	14.08	13.98	14.01	7390700	103653616.00
20170531	14.08	14.27	14.08	14.15	13748836	195030960.00
20170601	14.16	14.16	13.76	13.83	11237680	157143440.00
20170602	13.80	13.99	13.68	13.97	8256195	114287832.00
20170605	13.98	14.17	13.96	14.13	8454043	119114888.00
20170606	14.11	14.42	14.06	14.41	12539752	178633200.00
20170607	14.41	14.56	14.32	14.50	13959687	201890864.00
20170608	14.43	14.66	14.40	14.64	12461390	181482640.00
20170609	14.63	14.65	14.48	14.60	10273224	149400848.00
20170612	14.57	14.90	14.53	14.67	14777100	217886320.00
20170613	14.62	14.74	14.45	14.65	10541620	153981808.00
20170614	14.58	14.64	14.44	14.50	7935966	115183776.00
20170615	14.56	14.56	14.41	14.54	8691217	126114552.00
20170616	14.53	14.54	14.30	14.35	9361787	134874416.00
20170619	14.35	14.91	14.32	14.83	20030355	294581024.00
20170620	14.80	14.82	14.68	14.75	9603267	141552512.00
20170621	14.72	15.17	14.72	15.13	17362203	259302560.00
20170622	15.12	15.25	14.85	14.87	15748370	237311488.00
20170623	14.83	15.09	14.77	15.03	12764200	190562736.00
20170626	15.11	15.28	14.91	15.09	24469279	369433088.00
20170627	15.06	15.23	15.01	15.11	12441699	187887024.00
20170628	15.13	15.47	15.12	15.26	22413596	343739360.00
20170629	15.23	15.28	15.00	15.18	13586572	205541184.00
20170630	15.15	15.18	15.06	15.17	6956403	105160720.00
20170703	15.16	15.16	14.93	15.04	12544833	188233664.00
20170704	15.03	15.03	14.70	14.79	14554678	215872416.00
20170705	14.78	14.97	14.72	14.91	8141576	121276480.00
20170706	14.91	14.96	14.73	14.85	8765461	130019400.00
20170707	14.84	14.85	14.72	14.80	8390213	124023440.00
20170710	14.80	14.83	14.73	14.78	8292054	122483992.00
20170711	14.75	15.02	14.74	14.87	12236492	182405552.00
数据来源:通达信
