600019 宝钢股份 日线 前复权
      日期	    开盘	    最高	    最低	    收盘	    成交量	    成交额
20111010	4.21	4.26	4.19	4.21	17382083	88990608.00
20111011	4.30	4.33	4.20	4.25	33802701	174095776.00
20111012	4.22	4.38	4.20	4.37	52395993	273208160.00
20111013	4.34	4.51	4.31	4.43	56204942	297590496.00
20111014	4.38	4.42	4.33	4.38	23665904	124391872.00
20111017	4.39	4.45	4.34	4.36	19250756	101525168.00
20111018	4.33	4.34	4.16	4.21	36210754	186164128.00
20111019	4.22	4.27	4.22	4.24	14991605	76895528.00
20111020	4.21	4.24	4.13	4.17	22960372	116406928.00
20111021	4.18	4.21	4.17	4.18	15711103	79770904.00
20111024	4.19	4.32	4.17	4.31	29669291	152828320.00
20111025	4.31	4.37	4.25	4.35	30704803	160105648.00
20111026	4.32	4.47	4.31	4.40	54288010	287148512.00
20111027	4.40	4.48	4.39	4.40	30159462	160574320.00
20111028	4.46	4.49	4.41	4.47	46508661	248564320.00
20111031	4.42	4.43	4.37	4.38	42875062	226427216.00
20111101	4.35	4.42	4.33	4.36	33390246	175815200.00
20111102	4.31	4.41	4.28	4.40	42976591	224527424.00
20111103	4.41	4.49	4.38	4.47	82260025	439261440.00
20111104	4.48	4.53	4.43	4.49	40265010	216187360.00
20111107	4.49	4.55	4.46	4.47	40055208	216390624.00
20111108	4.50	4.52	4.38	4.42	45818215	244135792.00
20111109	4.41	4.45	4.38	4.43	28789784	152610352.00
20111110	4.39	4.48	4.33	4.36	53200113	281164224.00
20111111	4.37	4.38	4.32	4.34	19447300	101861600.00
20111114	4.37	4.42	4.35	4.39	35942079	189577376.00
20111115	4.39	4.39	4.34	4.36	35093520	184004848.00
20111116	4.35	4.36	4.22	4.24	35465294	183457312.00
20111117	4.26	4.26	4.20	4.23	20697553	105957072.00
20111118	4.20	4.22	4.15	4.17	33460175	169460816.00
20111121	4.17	4.21	4.15	4.21	14689980	74398544.00
20111122	4.18	4.22	4.14	4.18	20189032	102230448.00
20111123	4.17	4.19	4.13	4.14	16984502	85587872.00
20111124	4.11	4.15	4.10	4.13	15489148	77654120.00
20111125	4.13	4.17	4.11	4.12	15331757	76974040.00
20111128	4.15	4.15	4.05	4.09	30019312	149598416.00
20111129	4.11	4.13	4.08	4.12	21791719	108814232.00
20111130	4.11	4.11	3.92	3.95	38990778	190554192.00
20111201	4.03	4.09	3.99	4.02	42904976	211513792.00
20111202	4.00	4.01	3.96	3.96	16589435	80887536.00
20111205	3.97	3.99	3.92	3.99	18986558	91801904.00
20111212	3.99	4.04	3.94	3.96	20483435	100034664.00
20111213	3.94	3.97	3.86	3.88	24025650	115550408.00
20111214	3.88	3.92	3.84	3.86	13504572	64418040.00
20111215	3.84	3.88	3.76	3.77	19925317	93516480.00
20111216	3.77	3.85	3.75	3.83	20748569	97188136.00
20111219	3.81	3.83	3.67	3.82	25523815	118634776.00
20111220	3.81	3.90	3.78	3.87	47451790	225138064.00
20111221	3.89	3.95	3.87	3.92	57496035	276053664.00
20111222	3.89	3.95	3.84	3.91	44475320	212747312.00
20111223	3.90	3.99	3.87	3.97	33559436	162487664.00
20111226	3.95	4.09	3.93	4.08	47557495	233722752.00
20111227	4.03	4.09	3.99	3.99	22915512	112770376.00
20111228	3.99	4.04	3.97	4.02	19295574	94438544.00
20111229	4.01	4.04	3.95	3.96	13143630	64154192.00
20111230	3.98	3.99	3.94	3.96	16929145	82059856.00
20120104	3.97	3.99	3.93	3.97	29754936	144351328.00
20120105	3.95	4.00	3.93	3.95	18198618	88479944.00
20120106	3.95	4.03	3.93	4.01	22830120	111453720.00
20120109	4.01	4.08	3.96	4.07	35994080	177429104.00
20120110	4.08	4.21	4.07	4.20	51972467	262220800.00
20120111	4.21	4.30	4.17	4.17	50031918	255622240.00
20120112	4.17	4.22	4.16	4.18	15806384	80162328.00
20120113	4.19	4.21	4.10	4.11	23865926	120494032.00
20120116	4.09	4.22	4.07	4.18	37786712	191558592.00
20120117	4.18	4.31	4.12	4.30	43066413	220889120.00
20120118	4.31	4.32	4.19	4.21	31263531	161021984.00
20120119	4.23	4.33	4.20	4.29	40065400	207726016.00
20120120	4.29	4.33	4.25	4.31	19769301	102518000.00
20120130	4.31	4.32	4.23	4.24	26605181	137582496.00
20120131	4.23	4.26	4.16	4.20	21775198	110729536.00
20120201	4.20	4.23	4.11	4.13	22200525	112188480.00
20120202	4.15	4.19	4.11	4.19	20098412	101172528.00
20120203	4.16	4.19	4.13	4.19	25596078	129292400.00
20120206	4.19	4.21	4.15	4.19	28714422	145603712.00
20120207	4.17	4.19	4.09	4.10	25277444	126739488.00
20120208	4.10	4.21	4.09	4.19	22089653	111666512.00
20120209	4.20	4.22	4.17	4.20	20327779	103320496.00
20120210	4.18	4.28	4.18	4.22	30099827	154307456.00
20120213	4.19	4.27	4.18	4.22	23292961	119054248.00
20120214	4.22	4.25	4.18	4.19	10959092	55799068.00
20120215	4.19	4.26	4.18	4.24	19320086	98936320.00
20120216	4.23	4.24	4.17	4.19	21625248	110141616.00
20120217	4.21	4.23	4.19	4.20	12001796	61242176.00
20120220	4.24	4.26	4.19	4.20	15787812	80656824.00
20120221	4.21	4.23	4.18	4.20	18196814	92561504.00
20120222	4.20	4.23	4.16	4.23	40745335	207208560.00
20120223	4.22	4.31	4.20	4.25	48418242	248927456.00
20120224	4.25	4.28	4.20	4.28	59953138	307600512.00
20120227	4.28	4.33	4.28	4.30	86083588	447171936.00
20120228	4.29	4.44	4.25	4.41	91599811	479841824.00
20120229	4.39	4.47	4.37	4.38	54041553	286528672.00
20120301	4.39	4.40	4.32	4.34	26100259	137072080.00
20120302	4.34	4.37	4.29	4.36	79716831	416013760.00
20120305	4.35	4.36	4.29	4.29	36558721	190396112.00
20120306	4.28	4.29	4.23	4.24	30911214	159261728.00
20120307	4.22	4.26	4.19	4.21	30051635	153500864.00
20120308	4.21	4.25	4.20	4.24	22650118	115938144.00
20120309	4.24	4.27	4.21	4.25	22770146	116815864.00
20120312	4.24	4.26	4.21	4.22	18361965	94039320.00
20120313	4.22	4.25	4.20	4.25	24978490	127822896.00
20120314	4.26	4.33	4.17	4.19	78640730	405038432.00
20120316	4.18	4.18	4.07	4.16	60968521	305971328.00
20120319	4.14	4.15	4.08	4.11	26984806	135137616.00
20120320	4.11	4.13	4.08	4.09	21659401	108092064.00
20120321	4.11	4.13	4.09	4.11	23911955	119542904.00
20120322	4.11	4.13	4.07	4.09	10808379	53874600.00
20120323	4.09	4.09	4.01	4.02	22886336	112854176.00
20120326	4.01	4.05	3.99	4.03	18824309	92535888.00
20120327	4.04	4.12	4.02	4.07	20321005	100701984.00
20120328	4.06	4.08	3.95	3.96	29346663	143858160.00
20120329	3.96	3.96	3.85	3.86	31564400	151514832.00
20120330	3.88	3.90	3.86	3.88	17499506	83481408.00
20120405	3.88	3.95	3.86	3.93	24712352	118466984.00
20120406	3.94	3.95	3.90	3.93	15637730	75115160.00
20120409	3.92	3.93	3.88	3.89	16295862	78056520.00
20120410	3.88	3.90	3.80	3.90	28608245	135745408.00
20120411	3.86	3.90	3.83	3.88	14349235	68273520.00
20120412	3.88	3.94	3.87	3.93	31109283	149103520.00
20120413	3.92	3.96	3.92	3.94	25449755	122784872.00
20120416	3.91	3.94	3.90	3.92	22021527	105862296.00
20120417	3.93	3.96	3.90	3.91	25345659	122057688.00
20120418	3.93	4.01	3.91	3.99	33081896	160295056.00
20120419	3.98	4.04	3.95	4.02	30489777	148968896.00
20120420	4.00	4.12	3.99	4.10	30518798	151044000.00
20120423	4.09	4.10	4.05	4.07	20902010	103778400.00
20120424	4.04	4.11	3.98	4.06	34805159	171709296.00
20120425	4.04	4.12	4.02	4.10	28031368	139358384.00
20120426	4.11	4.13	4.07	4.11	21934077	109400664.00
20120502	4.16	4.21	4.13	4.19	36741637	186125760.00
20120503	4.19	4.19	4.15	4.17	17039037	86281296.00
20120504	4.17	4.20	4.15	4.19	22660196	114961464.00
20120507	4.16	4.21	4.16	4.20	27981678	141965760.00
20120508	4.19	4.19	4.12	4.14	39040149	196851088.00
20120509	4.12	4.13	4.04	4.06	31087560	154354784.00
20120510	4.08	4.10	4.05	4.07	20226349	100373568.00
20120511	4.06	4.07	4.02	4.03	14876641	73435632.00
20120514	4.06	4.06	3.99	3.99	19443789	95635984.00
20120515	3.97	3.99	3.92	3.94	23552480	113780856.00
20120516	3.94	3.94	3.87	3.90	22073525	105795104.00
20120517	3.90	3.95	3.87	3.93	22799459	109202040.00
20120518	3.91	3.95	3.88	3.90	20705553	99289720.00
20120521	3.89	3.93	3.89	3.91	12340018	59248352.00
20120522	3.93	3.97	3.91	3.96	16710747	80750896.00
20120523	3.96	3.99	3.93	3.95	15179415	73519536.00
20120524	3.95	3.98	3.92	3.93	12362518	59836248.00
20120525	3.93	3.98	3.90	3.91	21698802	104692496.00
20120528	3.92	4.00	3.91	3.99	37244804	181074560.00
20120529	4.01	4.06	3.98	4.01	38946348	190882576.00
20120530	4.01	4.03	3.95	3.96	24500153	119218232.00
20120531	3.96	3.97	3.92	3.95	27801111	134514704.00
20120601	3.95	3.97	3.93	3.95	12971886	62858500.00
20120604	3.90	3.92	3.85	3.85	20663048	98731336.00
20120605	3.86	3.93	3.86	3.91	18089560	86514784.00
20120606	3.92	3.94	3.88	3.91	12444768	59741640.00
20120607	3.94	3.95	3.89	3.91	14700140	70709480.00
20120608	3.93	3.94	3.89	3.91	22252549	106953056.00
20120611	3.90	3.91	3.83	3.89	15472068	70546728.00
20120612	3.86	3.87	3.74	3.74	38278727	170878272.00
20120613	3.75	3.79	3.72	3.75	31240461	138588224.00
20120614	3.74	3.75	3.68	3.69	27243898	120002216.00
20120615	3.71	3.75	3.70	3.74	18406852	81174304.00
20120618	3.75	3.78	3.74	3.76	14858306	66167716.00
20120619	3.76	3.76	3.72	3.73	9338012	41356160.00
20120620	3.74	3.77	3.73	3.76	13617808	60529804.00
20120621	3.76	3.77	3.71	3.72	13561794	59976804.00
20120625	3.72	3.75	3.70	3.70	14531341	64229072.00
20120626	3.69	3.71	3.68	3.70	9976218	43760616.00
20120627	3.70	3.72	3.62	3.67	15610859	68203472.00
20120628	3.69	3.69	3.61	3.62	15975196	69181976.00
20120629	3.63	3.64	3.59	3.63	14377390	61841328.00
20120702	3.65	3.65	3.58	3.59	20206582	86713384.00
20120703	3.60	3.61	3.57	3.59	18017697	77091008.00
20120704	3.59	3.62	3.58	3.61	12539304	53781188.00
20120705	3.61	3.62	3.54	3.55	18500402	78751728.00
20120706	3.56	3.59	3.52	3.59	21079586	89310912.00
20120709	3.56	3.56	3.46	3.48	19522307	82208176.00
20120710	3.48	3.50	3.43	3.46	18674238	77495008.00
20120711	3.46	3.49	3.44	3.47	17178896	71382360.00
20120712	3.47	3.50	3.44	3.47	21382777	88827872.00
20120713	3.46	3.49	3.45	3.49	13488764	56161856.00
20120716	3.48	3.48	3.43	3.44	16088588	66638056.00
20120717	3.42	3.46	3.42	3.45	10130675	41949828.00
20120718	3.45	3.50	3.44	3.49	18063990	75179344.00
20120719	3.49	3.51	3.46	3.49	16375173	68417744.00
20120720	3.48	3.51	3.47	3.48	13396358	55961592.00
20120723	3.46	3.46	3.41	3.42	13024839	53595404.00
20120724	3.39	3.45	3.39	3.42	15949609	65599296.00
20120725	3.41	3.45	3.41	3.42	11743114	48417980.00
20120726	3.41	3.49	3.41	3.47	19743666	81935136.00
20120727	3.47	3.49	3.45	3.48	12147640	50586360.00
20120730	3.49	3.55	3.48	3.53	24449447	103079784.00
20120731	3.53	3.55	3.49	3.51	13666991	57622736.00
20120801	3.51	3.54	3.49	3.50	12819499	53924448.00
20120802	3.52	3.62	3.51	3.55	23631957	100776632.00
20120803	3.54	3.58	3.52	3.56	13586292	57574408.00
20120806	3.55	3.58	3.52	3.56	20648133	87578192.00
20120807	3.56	3.62	3.54	3.58	20188604	86064016.00
20120808	3.58	3.59	3.55	3.55	14850256	63192208.00
20120809	3.55	3.57	3.54	3.55	11600863	49221648.00
20120810	3.55	3.56	3.53	3.55	13917633	58980520.00
20120813	3.54	3.55	3.51	3.52	16598467	70101104.00
20120814	3.53	3.54	3.48	3.49	15481793	64888632.00
20120815	3.48	3.50	3.44	3.45	8304546	34531788.00
20120816	3.45	3.48	3.44	3.46	7162006	29735194.00
20120817	3.46	3.48	3.44	3.46	9711452	40256204.00
20120820	3.44	3.46	3.39	3.42	11356886	46720944.00
20120821	3.42	3.45	3.41	3.43	11658469	48057312.00
20120822	3.42	3.44	3.41	3.42	12508674	51462348.00
20120823	3.42	3.44	3.40	3.42	16701635	68742008.00
20120824	3.42	3.44	3.41	3.41	14552077	59880752.00
20120827	3.41	3.42	3.38	3.38	18092768	73888104.00
20120828	3.76	3.79	3.67	3.79	154930938	693013952.00
20120829	3.78	3.80	3.65	3.67	126397191	558105600.00
20120830	3.65	3.72	3.62	3.70	71566109	312653376.00
20120831	3.68	3.73	3.66	3.67	45801686	200785648.00
20120903	3.66	3.71	3.65	3.66	41486179	181368960.00
20120904	3.67	3.68	3.62	3.64	39911630	173370544.00
20120905	3.63	3.73	3.63	3.69	44222555	193151200.00
20120906	3.70	3.77	3.69	3.76	45736182	202675584.00
20120907	3.78	3.92	3.78	3.81	131786830	597993216.00
20120910	3.82	3.92	3.79	3.89	70724953	321643328.00
20120911	3.87	3.91	3.85	3.89	29341888	133927448.00
20120912	3.89	3.94	3.83	3.86	49410663	225365376.00
20120913	3.88	3.94	3.86	3.90	41037777	188433520.00
20120914	3.92	3.96	3.89	3.94	40503240	186899168.00
20120917	3.94	3.99	3.88	3.94	47071013	217644096.00
20120918	3.95	3.96	3.92	3.95	37535061	173730016.00
20120919	3.94	3.95	3.90	3.91	39032270	180004208.00
20120920	3.94	4.00	3.90	3.92	64576829	299552480.00
20120921	3.94	3.97	3.93	3.97	39857653	184829632.00
20120924	3.96	3.97	3.84	3.85	50683518	231683344.00
20120925	3.85	3.91	3.81	3.87	59013668	268432816.00
20120926	3.86	3.90	3.84	3.85	26069745	119199000.00
20120927	3.85	3.91	3.82	3.88	42611066	194438800.00
20120928	3.86	3.91	3.85	3.89	41381951	189412864.00
20121008	3.89	3.90	3.86	3.88	27817218	127281176.00
20121009	3.89	3.94	3.88	3.94	47762009	220111296.00
20121010	3.94	3.97	3.92	3.95	34059580	157921168.00
20121011	3.95	3.96	3.92	3.94	31592876	146266304.00
20121012	3.95	3.95	3.92	3.92	26435042	122323584.00
20121015	3.92	3.95	3.90	3.91	37920023	174980528.00
20121016	3.88	3.88	3.77	3.81	25759619	115873040.00
20121017	3.81	3.81	3.78	3.80	18305671	82122656.00
20121018	3.81	3.87	3.80	3.85	19320695	87478784.00
20121019	3.85	3.89	3.84	3.86	13981871	63789320.00
20121022	3.86	3.90	3.85	3.88	15811647	72158448.00
20121023	3.88	3.89	3.86	3.87	12385613	56524556.00
20121024	3.87	3.89	3.86	3.88	11115504	50796976.00
20121025	3.88	3.99	3.87	3.90	33614934	155248880.00
20121026	3.89	3.90	3.83	3.90	31384370	142905168.00
20121029	3.88	3.91	3.86	3.89	14657079	66973896.00
20121030	3.89	3.92	3.88	3.92	27601813	126946312.00
20121031	3.91	3.96	3.90	3.94	17328217	80220928.00
20121101	3.95	3.99	3.94	3.98	24436022	113967032.00
20121102	3.98	4.01	3.96	3.99	15488645	72491632.00
20121105	3.99	4.00	3.95	4.00	16435191	76605256.00
20121106	3.99	3.99	3.91	3.98	26563045	123363184.00
20121107	3.96	4.00	3.95	3.98	13078885	61110180.00
20121108	3.96	3.98	3.95	3.95	17921416	83411592.00
20121109	3.95	3.97	3.94	3.96	11717767	54452796.00
20121112	3.96	3.97	3.95	3.97	13373813	62196760.00
20121113	3.96	3.97	3.94	3.95	22357647	103921104.00
20121114	3.94	3.97	3.93	3.96	24082409	111698136.00
20121115	3.95	3.96	3.93	3.94	19478170	90243688.00
20121116	3.93	3.94	3.90	3.93	20257874	93426184.00
20121119	3.91	3.92	3.86	3.91	16403258	75112864.00
20121120	3.91	3.91	3.89	3.90	15355893	70430432.00
20121121	3.90	3.93	3.89	3.92	11019160	50764416.00
20121122	3.91	3.94	3.90	3.92	12633128	58202208.00
20121123	3.93	3.97	3.92	3.94	13557392	62917844.00
20121126	3.93	3.95	3.92	3.94	8630997	39936632.00
20121127	3.94	3.97	3.93	3.96	18829564	87548640.00
20121128	3.95	3.97	3.94	3.96	21212524	98491072.00
20121129	3.95	3.98	3.94	3.97	14877668	69294824.00
20121130	3.96	3.99	3.96	3.98	18838662	87981536.00
20121203	3.98	3.98	3.93	3.94	16967109	78614080.00
20121204	3.94	3.97	3.93	3.94	9861083	45785652.00
20121205	3.95	4.00	3.92	4.00	32946087	153663824.00
20121206	4.00	4.01	3.97	3.98	17384194	81387992.00
20121207	3.98	4.02	3.97	4.02	33253501	155863824.00
20121210	4.03	4.06	4.01	4.05	31702454	150037312.00
20121211	4.05	4.06	4.03	4.04	18813087	89137256.00
20121212	4.05	4.08	4.03	4.06	17096526	81052856.00
20121213	4.06	4.08	4.01	4.02	16636846	78616832.00
20121214	4.04	4.18	4.02	4.17	49411221	236690800.00
20121217	4.18	4.24	4.14	4.16	55728027	272199680.00
20121218	4.14	4.21	4.10	4.15	43752557	211407008.00
20121219	4.17	4.19	4.12	4.15	34378391	166544320.00
20121220	4.16	4.18	4.13	4.17	26521494	128568888.00
20121221	4.18	4.20	4.10	4.13	33393996	161569504.00
20121224	4.13	4.16	4.11	4.12	16105412	77593480.00
20121225	4.12	4.19	4.10	4.18	42762329	207016864.00
20121226	4.17	4.18	4.15	4.17	23710880	115027920.00
20121227	4.17	4.21	4.14	4.17	36759979	178536096.00
20121228	4.16	4.18	4.14	4.17	30372040	147251200.00
20121231	4.16	4.22	4.15	4.20	35888821	175043520.00
20130104	4.27	4.31	4.21	4.26	66463822	329590976.00
20130107	4.25	4.27	4.22	4.26	29833907	147168368.00
20130108	4.26	4.30	4.23	4.28	32761775	162621888.00
20130109	4.28	4.30	4.25	4.28	28163275	140097712.00
20130110	4.30	4.38	4.28	4.34	40559136	203876208.00
20130111	4.35	4.37	4.27	4.31	34735387	174211536.00
20130114	4.31	4.44	4.27	4.40	39805160	201395456.00
20130115	4.41	4.43	4.38	4.41	26265606	133687912.00
20130116	4.40	4.40	4.30	4.34	30221719	152094880.00
20130117	4.34	4.34	4.26	4.27	27109568	135045472.00
20130118	4.29	4.34	4.28	4.32	21320038	106635008.00
20130121	4.32	4.34	4.27	4.30	22098081	110224240.00
20130122	4.30	4.30	4.26	4.28	23063504	114510008.00
20130123	4.30	4.39	4.29	4.35	38306785	193304128.00
20130124	4.36	4.38	4.28	4.30	41043189	205714160.00
20130125	4.31	4.31	4.26	4.29	19170698	95487376.00
20130128	4.30	4.34	4.29	4.33	27767863	138862224.00
20130129	4.33	4.34	4.30	4.32	23824404	119140696.00
20130130	4.32	4.35	4.29	4.34	29245340	146441008.00
20130131	4.34	4.37	4.31	4.32	39249697	197429024.00
20130201	4.32	4.35	4.30	4.34	30805351	154467616.00
20130204	4.34	4.46	4.33	4.44	58589960	297173664.00
20130205	4.41	4.48	4.39	4.47	50687882	260885520.00
20130206	4.47	4.49	4.41	4.43	35047636	179649568.00
20130207	4.43	4.47	4.41	4.46	32819995	168616736.00
20130208	4.46	4.52	4.46	4.49	30516787	158407184.00
20130218	4.50	4.51	4.43	4.44	26573648	136863648.00
20130219	4.43	4.46	4.35	4.36	31246590	158818816.00
20130220	4.39	4.41	4.33	4.36	32678014	164988096.00
20130221	4.34	4.34	4.22	4.26	48806705	241792272.00
20130222	4.25	4.28	4.22	4.26	24876455	122961568.00
20130225	4.27	4.29	4.23	4.25	23165236	114516304.00
20130226	4.23	4.27	4.17	4.18	29211431	143912816.00
20130227	4.17	4.32	4.17	4.30	37719665	186797344.00
20130228	4.30	4.35	4.27	4.32	38726714	193796576.00
20130301	4.33	4.33	4.25	4.31	25765162	128295240.00
20130304	4.29	4.33	4.24	4.25	41883761	208192960.00
20130305	4.27	4.31	4.22	4.26	33080943	163864064.00
20130306	4.28	4.30	4.24	4.29	32243545	159938672.00
20130307	4.29	4.30	4.25	4.26	26438235	131305352.00
20130308	4.27	4.32	4.26	4.28	26648937	132716864.00
20130311	4.29	4.30	4.25	4.27	24201976	120061616.00
20130312	4.26	4.29	4.22	4.23	33289067	164662224.00
20130313	4.23	4.25	4.19	4.20	31941070	156727936.00
20130314	4.18	4.22	4.18	4.19	27766710	135846224.00
20130315	4.20	4.25	4.15	4.18	54059501	264333360.00
20130318	4.18	4.20	4.11	4.12	25385681	122690496.00
20130319	4.12	4.14	4.08	4.10	17279905	82926384.00
20130320	4.11	4.16	4.09	4.15	24891197	120118232.00
20130321	4.15	4.18	4.14	4.16	14520551	70411440.00
20130322	4.15	4.17	4.13	4.15	12415645	60086508.00
20130325	4.16	4.19	4.14	4.18	21573717	104736232.00
20130326	4.16	4.16	4.05	4.08	26597488	127236664.00
20130327	4.08	4.11	4.05	4.08	15106805	72058512.00
20130328	4.06	4.08	4.00	4.04	27455941	129504824.00
20130329	4.04	4.06	4.02	4.04	12894002	61021124.00
20130401	4.03	4.14	4.02	4.11	38865686	185552688.00
20130402	4.12	4.17	4.09	4.14	32631446	157445040.00
20130403	4.15	4.19	4.13	4.16	33338202	161576272.00
20130408	4.14	4.21	4.09	4.15	39930549	193570176.00
20130409	4.16	4.22	4.15	4.18	36191168	176579040.00
20130410	4.18	4.22	4.15	4.19	32816384	160129856.00
20130411	4.21	4.25	4.18	4.20	33524038	164616192.00
20130412	4.18	4.22	4.14	4.16	10687975	51949192.00
20130415	4.16	4.20	4.12	4.12	13595957	65844412.00
20130416	4.13	4.15	4.12	4.13	16770013	80922112.00
20130417	4.15	4.15	4.07	4.09	14030889	67252960.00
20130418	4.09	4.12	4.07	4.07	12140686	58001072.00
20130419	4.07	4.13	4.07	4.12	24758138	118703984.00
20130422	4.12	4.14	4.11	4.13	14733274	71008496.00
20130423	4.12	4.13	4.04	4.06	19488853	92804696.00
20130424	4.06	4.12	4.05	4.10	19454521	92973768.00
20130425	4.10	4.11	4.06	4.10	15934772	76122912.00
20130426	4.11	4.15	4.07	4.11	37907083	182296960.00
20130502	4.10	4.17	4.08	4.13	33981299	163923152.00
20130503	4.15	4.21	4.13	4.19	34232262	166652432.00
20130506	4.19	4.25	4.18	4.22	31637281	155397232.00
20130507	4.22	4.27	4.21	4.25	28417912	140274528.00
20130508	4.26	4.29	4.24	4.27	37392061	185552272.00
20130509	4.28	4.29	4.25	4.26	30135007	149367584.00
20130510	4.25	4.28	4.25	4.27	23987818	118940768.00
20130513	4.27	4.28	4.24	4.27	21360758	105834208.00
20130514	4.26	4.27	4.25	4.25	23635430	117006576.00
20130515	4.25	4.27	4.24	4.24	25438460	125839184.00
20130516	4.24	4.30	4.23	4.27	25425806	126034976.00
20130517	4.27	4.29	4.26	4.27	33521173	166508912.00
20130520	4.31	4.31	4.27	4.28	24371603	121214024.00
20130521	4.28	4.31	4.26	4.29	25411731	126561320.00
20130522	4.28	4.28	4.23	4.25	11438459	56508684.00
20130523	4.23	4.24	4.16	4.18	15740955	76966632.00
20130524	4.21	4.23	4.16	4.18	11462850	55868308.00
20130527	4.16	4.18	4.13	4.14	12475796	60416552.00
20130528	4.14	4.19	4.12	4.18	17759468	85943496.00
20130529	4.18	4.19	4.15	4.15	14381786	69913616.00
20130530	4.15	4.17	4.13	4.14	12469036	60355520.00
20130531	4.14	4.16	4.10	4.10	16711466	80440736.00
20130603	4.11	4.14	4.10	4.12	11510098	55395376.00
20130604	4.12	4.12	4.07	4.08	13557601	64677144.00
20130605	4.07	4.08	4.04	4.07	8183772	38822520.00
20130606	4.07	4.07	4.01	4.02	9123329	43101132.00
20130607	4.02	4.03	3.95	3.97	14869354	69705792.00
20130613	3.92	3.93	3.75	3.84	26719115	119959760.00
20130614	3.82	3.87	3.77	3.86	17967373	81123064.00
20130617	3.86	3.86	3.80	3.82	9631371	43431728.00
20130618	3.86	3.86	3.75	3.78	10206755	44138032.00
20130619	3.78	3.78	3.65	3.73	20950285	89337440.00
20130620	3.70	3.72	3.61	3.62	11388964	47891528.00
20130621	3.61	3.69	3.58	3.60	16448882	68604224.00
20130624	3.60	3.62	3.48	3.50	25439750	104304344.00
20130625	3.48	3.51	3.30	3.48	38652779	153909040.00
20130626	3.49	3.50	3.34	3.37	33360623	130893984.00
20130627	3.37	3.40	3.34	3.37	45303235	177214480.00
20130628	3.35	3.40	3.32	3.38	35776740	139739184.00
20130701	3.37	3.37	3.30	3.36	20520667	79860376.00
20130702	3.35	3.38	3.31	3.37	23811584	92726544.00
20130703	3.35	3.48	3.32	3.39	33148608	130435216.00
20130704	3.40	3.42	3.36	3.39	28015911	110459456.00
20130705	3.38	3.45	3.37	3.40	24965545	98762512.00
20130708	3.38	3.38	3.30	3.32	22457296	86985496.00
20130709	3.32	3.40	3.30	3.39	21079184	82308240.00
20130710	3.38	3.44	3.35	3.43	19905829	78661312.00
20130711	3.44	3.57	3.43	3.55	38640862	156954512.00
20130712	3.54	3.55	3.47	3.48	21448710	87257624.00
20130715	3.50	3.56	3.48	3.52	18005072	73173288.00
20130716	3.50	3.57	3.46	3.54	18471004	75148400.00
20130717	3.53	3.57	3.51	3.54	17562940	71915960.00
20130718	3.52	3.55	3.48	3.51	14096122	57244988.00
20130719	3.51	3.52	3.45	3.45	14348073	58000008.00
20130722	3.41	3.54	3.41	3.49	13113122	52637452.00
20130723	3.52	3.57	3.47	3.55	17240782	70575904.00
20130724	3.54	3.54	3.46	3.51	14166198	57503372.00
20130725	3.53	3.56	3.47	3.51	18154241	73906200.00
20130726	3.51	3.52	3.47	3.49	7734115	31281464.00
20130729	3.47	3.48	3.41	3.43	10577132	42142012.00
20130730	3.42	3.52	3.42	3.47	10959132	44111020.00
20130731	3.50	3.51	3.43	3.45	8439980	33912704.00
20130801	3.47	3.53	3.45	3.50	15944027	64449020.00
20130802	3.52	3.54	3.48	3.49	12268813	49787528.00
20130805	3.49	3.51	3.47	3.50	10555618	42614880.00
20130806	3.49	3.53	3.47	3.51	12772811	51660984.00
20130807	3.50	3.52	3.48	3.49	12195020	49379024.00
20130808	3.50	3.51	3.46	3.47	9546846	38514164.00
20130809	3.50	3.51	3.45	3.50	13845816	55831844.00
20130812	3.51	3.60	3.50	3.60	35205461	143987920.00
20130813	3.59	3.66	3.57	3.63	22907150	95730960.00
20130814	3.65	3.65	3.58	3.60	20282389	84437440.00
20130815	3.61	3.66	3.58	3.60	20134319	84044608.00
20130816	3.60	4.02	3.54	3.58	43681591	184293056.00
20130819	3.56	3.61	3.54	3.58	17202182	70789776.00
20130820	3.58	3.59	3.53	3.54	12714638	52284232.00
20130821	3.58	3.58	3.50	3.53	12877892	52549380.00
20130822	3.53	3.55	3.50	3.52	14381656	58544296.00
20130823	3.52	3.54	3.43	3.48	14890495	60119996.00
20130826	3.48	3.54	3.46	3.53	18310429	74415200.00
20130827	3.53	3.58	3.52	3.54	21103608	86445376.00
20130828	3.52	3.69	3.50	3.63	44453769	184117952.00
20130829	3.62	3.64	3.55	3.58	21945642	90716576.00
20130830	3.59	3.75	3.59	3.75	58578148	248277312.00
20130902	3.79	3.81	3.64	3.66	44619529	189450976.00
20130903	3.63	3.73	3.63	3.70	25000599	106062024.00
20130904	3.73	4.12	3.69	3.95	115264328	514033760.00
20130905	3.88	3.93	3.78	3.92	53591413	235630544.00
20130906	3.88	4.02	3.83	3.94	64133290	288261632.00
20130909	3.95	4.08	3.92	4.07	79672763	364776992.00
20130910	4.07	4.13	4.00	4.09	66181442	305797920.00
20130911	4.10	4.26	4.01	4.03	112607296	527538208.00
20130912	4.01	4.02	3.92	3.98	56125262	253094416.00
20130913	3.95	4.00	3.92	3.93	30602204	137767504.00
20130916	3.94	3.98	3.83	3.86	35600154	158485168.00
20130917	3.85	3.85	3.76	3.78	29888791	130058816.00
20130918	3.78	3.81	3.76	3.79	17829035	77370032.00
20130923	3.80	3.84	3.79	3.81	22682359	98923744.00
20130924	3.80	3.81	3.69	3.72	38493834	165184720.00
20130925	3.71	3.74	3.68	3.70	18145468	77348832.00
20130926	3.69	3.69	3.62	3.64	25014054	104980664.00
20130927	3.63	3.67	3.62	3.65	12407373	52042364.00
20130930	3.65	3.66	3.62	3.65	16958793	71040752.00
20131008	3.64	3.69	3.61	3.69	20927171	87958648.00
20131009	3.68	3.69	3.64	3.68	24042301	101146248.00
20131010	3.67	3.68	3.63	3.65	27137862	113870120.00
20131011	3.65	3.71	3.64	3.70	32397178	137207904.00
20131014	3.70	3.72	3.67	3.71	24320476	103230296.00
20131015	3.72	3.73	3.65	3.67	25082630	106004584.00
20131016	3.70	3.71	3.63	3.66	30722011	129625024.00
20131017	3.65	3.71	3.64	3.67	24271981	102534856.00
20131018	3.68	3.73	3.64	3.68	28101511	119077328.00
20131021	3.67	3.70	3.64	3.68	25194045	106260688.00
20131022	3.68	3.68	3.64	3.65	20753997	87486752.00
20131023	3.66	3.69	3.61	3.61	25358963	106396424.00
20131024	3.62	3.62	3.54	3.56	26250857	108096296.00
20131025	3.56	3.57	3.46	3.49	33434288	135720224.00
20131028	3.49	3.51	3.47	3.51	15315773	61819184.00
20131029	3.50	3.53	3.45	3.48	30044687	121393336.00
20131030	3.47	3.54	3.46	3.52	20739792	83951152.00
20131031	3.53	3.53	3.48	3.51	13544146	54866476.00
20131101	3.51	3.54	3.50	3.53	11295555	45989136.00
20131104	3.54	3.56	3.52	3.53	10517662	43025496.00
20131105	3.51	3.55	3.49	3.54	13535345	55039840.00
20131106	3.53	3.57	3.52	3.55	15254039	62413744.00
20131107	3.55	3.56	3.51	3.53	10980983	44767256.00
20131108	3.52	3.56	3.50	3.51	14151999	57661440.00
20131111	3.52	3.54	3.48	3.50	11320927	45924696.00
20131112	3.51	3.54	3.50	3.52	11896252	48368172.00
20131113	3.51	3.52	3.47	3.48	12768655	51479016.00
20131114	3.49	3.50	3.45	3.46	12091633	48671056.00
20131115	3.48	3.54	3.47	3.52	22405143	91040912.00
20131118	3.53	3.66	3.52	3.62	53583206	222385424.00
20131119	3.63	3.63	3.56	3.59	21154349	87526560.00
20131120	3.60	3.63	3.58	3.62	18605676	77405440.00
20131121	3.61	3.61	3.56	3.58	18737916	77345144.00
20131122	3.60	3.61	3.55	3.56	20235308	83523776.00
20131125	3.56	3.62	3.55	3.60	31995107	132915800.00
20131126	3.59	3.69	3.59	3.64	42201214	177550624.00
20131127	3.66	3.70	3.64	3.69	26486011	111885056.00
20131128	3.68	3.81	3.67	3.77	48912974	210604464.00
20131129	3.77	3.77	3.70	3.75	18708980	80114208.00
20131202	3.72	3.73	3.63	3.66	40504497	170757952.00
20131203	3.65	3.77	3.64	3.74	42681452	183127984.00
20131204	3.76	3.88	3.74	3.84	54840347	240726224.00
20131205	3.85	3.92	3.78	3.84	23189977	101604032.00
20131206	3.83	3.88	3.81	3.85	32712624	144083856.00
20131209	3.87	3.91	3.85	3.89	30907073	137266272.00
20131210	3.89	3.95	3.85	3.88	27719032	123443832.00
20131211	3.87	3.89	3.78	3.79	24566580	107506664.00
20131212	3.78	3.80	3.74	3.76	21113638	91234208.00
20131213	3.72	3.76	3.65	3.67	26777414	114297920.00
20131216	3.67	3.70	3.61	3.63	26965672	113448112.00
20131217	3.63	3.65	3.57	3.59	19475866	80829216.00
20131218	3.59	3.62	3.57	3.61	7833768	32448540.00
20131219	3.61	3.63	3.55	3.55	16595770	68517568.00
20131220	3.57	3.57	3.46	3.49	29435858	119453560.00
20131223	3.51	3.51	3.45	3.47	18344122	74001880.00
20131224	3.47	3.56	3.47	3.53	24030095	97190784.00
20131225	3.51	3.55	3.49	3.53	8892288	36209280.00
20131226	3.53	3.54	3.48	3.49	7897411	31964096.00
20131227	3.51	3.59	3.48	3.54	22846615	93845240.00
20131230	3.57	3.61	3.46	3.51	26339241	107671240.00
20131231	3.49	3.55	3.48	3.54	24824867	100870592.00
20140102	3.52	3.52	3.45	3.49	35306964	142205280.00
20140103	3.46	3.49	3.44	3.46	20078241	80521360.00
20140106	3.46	3.47	3.24	3.35	36729822	143026352.00
20140107	3.32	3.37	3.31	3.34	9467061	36821072.00
20140108	3.36	3.36	3.17	3.28	34324685	130951952.00
20140109	3.25	3.26	3.22	3.24	19200443	72782128.00
20140110	3.25	3.26	3.18	3.23	19751190	74222024.00
20140113	3.24	3.31	3.21	3.29	22269980	84745080.00
20140114	3.30	3.36	3.29	3.36	18215145	70738680.00
20140115	3.36	3.36	3.30	3.31	6490233	25110824.00
20140116	3.32	3.36	3.30	3.32	13698924	53201968.00
20140117	3.32	3.33	3.13	3.19	43858995	164629888.00
20140120	3.18	3.20	3.16	3.18	13591887	50658452.00
20140121	3.17	3.22	3.16	3.19	16922287	63226496.00
20140122	3.19	3.28	3.18	3.27	20706716	78475904.00
20140123	3.25	3.26	3.20	3.21	17289824	65137424.00
20140124	3.21	3.27	3.19	3.23	22039273	83612904.00
20140127	3.21	3.22	3.19	3.21	10155402	38134964.00
20140128	3.22	3.24	3.20	3.22	14155201	53340408.00
20140129	3.22	3.28	3.21	3.27	18352085	69734200.00
20140130	3.25	3.27	3.23	3.24	8778699	33307636.00
20140207	3.23	3.24	3.21	3.24	8641734	32579576.00
20140210	3.24	3.29	3.23	3.28	18662297	71306864.00
20140211	3.27	3.32	3.25	3.29	35396825	135494992.00
20140212	3.29	3.30	3.27	3.29	18736792	71813648.00
20140213	3.29	3.30	3.27	3.28	22086555	84646896.00
20140214	3.28	3.30	3.26	3.30	19956737	76402928.00
20140217	3.31	3.32	3.28	3.31	29468540	113370056.00
20140218	3.30	3.31	3.25	3.27	24571418	93858576.00
20140219	3.26	3.30	3.25	3.29	25856860	98921000.00
20140220	3.29	3.36	3.28	3.30	46374666	179387776.00
20140221	3.30	3.31	3.25	3.27	23466815	89818616.00
20140224	3.26	3.26	3.16	3.19	24173032	90497384.00
20140225	3.18	3.19	3.13	3.15	27038534	100481264.00
20140226	3.14	3.15	3.09	3.11	27635157	101255232.00
20140227	3.12	3.17	3.08	3.17	28182627	103479336.00
20140228	3.16	3.16	3.10	3.13	29333663	107602912.00
20140303	3.12	3.17	3.10	3.14	28243032	104013400.00
20140304	3.12	3.14	3.09	3.13	24270339	88860200.00
20140305	3.13	3.14	3.09	3.11	17284092	63239528.00
20140306	3.10	3.12	3.07	3.11	19278509	70275312.00
20140307	3.11	3.13	3.09	3.09	22076789	80758392.00
20140310	3.08	3.11	3.00	3.01	34900829	125874944.00
20140311	3.01	3.09	3.00	3.06	27901531	100409584.00
20140312	3.04	3.09	3.03	3.06	17836110	64364560.00
20140313	3.07	3.11	3.05	3.07	17712150	64237260.00
20140314	3.06	3.06	3.02	3.04	14365725	51577892.00
20140317	3.05	3.08	3.04	3.07	13258578	47830272.00
20140318	3.08	3.09	3.05	3.08	19235202	69673112.00
20140319	3.07	3.08	3.03	3.06	15301465	55175000.00
20140320	3.06	3.08	2.99	3.03	14891030	53594104.00
20140321	3.02	3.12	3.00	3.10	26548963	95958080.00
20140324	3.11	3.27	3.11	3.23	60735732	227461600.00
20140325	3.22	3.28	3.20	3.23	31842016	120997120.00
20140326	3.23	3.26	3.19	3.21	12906871	48601788.00
20140327	3.20	3.35	3.16	3.25	28716838	108497072.00
20140328	3.24	3.30	3.22	3.26	19096941	72912304.00
20140331	3.26	3.34	3.24	3.30	42180708	162457488.00
20140401	3.30	3.41	3.28	3.37	38136121	149624880.00
20140402	3.35	3.47	3.35	3.42	43924926	174591680.00
20140403	3.44	3.44	3.26	3.33	51720932	200619392.00
20140404	3.30	3.38	3.28	3.38	22089158	86070816.00
20140408	3.36	3.45	3.35	3.45	40876699	162125152.00
20140409	3.44	3.47	3.40	3.41	17071727	68023920.00
20140410	3.41	3.56	3.37	3.52	62438016	252084896.00
20140411	3.53	3.62	3.52	3.57	45714394	188883424.00
20140414	3.57	3.60	3.50	3.52	18021825	73410496.00
20140415	3.50	3.53	3.42	3.43	18064500	72480688.00
20140416	3.43	3.48	3.41	3.44	10021337	40086260.00
20140417	3.44	3.46	3.43	3.44	8046834	32140556.00
20140418	3.42	3.42	3.37	3.40	12490633	49224592.00
20140421	3.36	3.40	3.35	3.35	11488637	45093880.00
20140422	3.35	3.38	3.33	3.35	12595005	49101888.00
20140423	3.35	3.38	3.33	3.35	8885377	34644256.00
20140424	3.34	3.40	3.33	3.36	15517811	60740928.00
20140425	3.38	3.38	3.33	3.34	8180435	31892984.00
20140428	3.35	3.35	3.30	3.33	10971547	42471328.00
20140429	3.33	3.35	3.31	3.33	10813222	41928656.00
20140430	3.35	3.35	3.30	3.33	7781177	30127032.00
20140505	3.33	3.37	3.32	3.36	14920283	58042528.00
20140506	3.37	3.40	3.35	3.36	12742040	50015472.00
20140507	3.34	3.35	3.32	3.32	8623252	33510108.00
20140508	3.32	3.39	3.31	3.35	12162132	47485916.00
20140509	3.37	3.38	3.33	3.34	11595605	45223352.00
20140512	3.36	3.44	3.35	3.43	24409815	96626560.00
20140513	3.42	3.43	3.37	3.39	11683979	46047936.00
20140514	3.38	3.41	3.36	3.37	12165721	47813548.00
20140515	3.37	3.39	3.31	3.31	12005807	46764696.00
20140516	3.31	3.34	3.30	3.32	6726137	26075860.00
20140519	3.32	3.33	3.26	3.31	8998279	34582356.00
20140520	3.31	3.33	3.30	3.31	4346886	16813708.00
20140521	3.29	3.32	3.28	3.31	11036377	42534624.00
20140522	3.31	3.35	3.30	3.31	10535258	40835044.00
20140523	3.33	3.34	3.31	3.32	5473949	21215204.00
20140526	3.35	3.40	3.34	3.39	19769420	77591624.00
20140527	3.39	3.42	3.37	3.39	13445564	53152480.00
20140528	3.40	3.42	3.36	3.40	13703441	54091664.00
20140529	3.42	3.43	3.40	3.41	10233421	40568932.00
20140530	3.41	3.44	3.38	3.39	30211658	119943032.00
20140603	3.39	3.41	3.37	3.38	13386530	52789768.00
20140604	3.40	3.40	3.36	3.37	8347347	32768604.00
20140605	3.37	3.39	3.35	3.38	9782382	38331280.00
20140606	3.38	3.40	3.34	3.38	14952227	58705756.00
20140609	3.37	3.40	3.35	3.38	6730695	26434094.00
20140610	3.38	3.40	3.36	3.40	12273021	48248320.00
20140611	3.39	3.41	3.35	3.36	15770704	61851560.00
20140612	3.35	3.38	3.35	3.38	9293949	36426896.00
20140613	3.38	3.40	3.36	3.40	12801019	50434128.00
20140616	3.39	3.41	3.38	3.41	14293368	56424420.00
20140617	3.40	3.40	3.37	3.39	10425897	41043568.00
20140618	3.38	3.40	3.37	3.38	11014830	43309120.00
20140619	3.38	3.40	3.35	3.37	9603075	37652208.00
20140620	3.37	3.39	3.36	3.37	7804978	30612148.00
20140623	3.37	3.38	3.36	3.36	6170432	24178912.00
20140624	3.37	3.39	3.36	3.38	8436992	33094198.00
20140625	3.38	3.45	3.37	3.44	24111360	95742272.00
20140626	3.44	3.55	3.43	3.53	41179702	167070320.00
20140627	3.53	3.63	3.51	3.63	50097939	207924016.00
20140630	3.64	3.77	3.62	3.65	48177633	200032240.00
20140701	3.65	3.70	3.62	3.63	28976471	118919120.00
20140702	3.63	3.68	3.58	3.63	25201829	102979024.00
20140703	3.62	3.73	3.61	3.65	30948976	127953512.00
20140704	3.67	3.67	3.59	3.60	22301618	90724168.00
20140707	3.60	3.67	3.59	3.64	10676505	43533696.00
20140708	3.63	3.65	3.60	3.62	8791483	35766376.00
20140709	3.62	3.62	3.57	3.58	13141235	53072660.00
20140710	3.57	3.59	3.51	3.55	20409582	81425712.00
20140711	3.54	3.61	3.53	3.55	18497988	74353736.00
20140714	3.56	3.60	3.55	3.58	12055120	48604056.00
20140715	3.59	3.63	3.58	3.63	26770902	108610760.00
20140716	3.63	3.73	3.63	3.72	60633927	251679120.00
20140717	3.72	3.75	3.69	3.72	38748148	161855712.00
20140718	3.71	3.77	3.67	3.69	44289389	185189536.00
20140721	3.69	3.76	3.66	3.72	19062750	79382088.00
20140722	3.71	3.80	3.70	3.78	29871916	126070048.00
20140723	3.78	3.85	3.77	3.83	38184881	163484320.00
20140724	3.83	3.88	3.79	3.87	25726495	110503520.00
20140725	3.87	3.94	3.84	3.86	33762761	146652640.00
20140728	3.88	4.00	3.87	4.00	44704579	197400224.00
20140729	3.99	3.99	3.90	3.94	33952184	148667072.00
20140730	3.90	3.94	3.83	3.87	35443080	153893184.00
20140731	3.86	3.87	3.80	3.87	35893470	153612704.00
20140801	3.87	4.04	3.85	3.96	72068609	319524768.00
20140804	3.96	4.20	3.93	4.16	79858293	362477760.00
20140805	4.15	4.17	4.09	4.15	34416441	157461760.00
20140806	4.15	4.25	4.07	4.25	38964709	180268832.00
20140807	4.25	4.29	4.20	4.24	34993991	164301568.00
20140808	4.23	4.25	4.15	4.17	24192209	111812728.00
20140811	4.18	4.27	4.13	4.23	33704087	157223456.00
20140812	4.19	4.23	4.08	4.12	46056019	210473808.00
20140813	4.12	4.13	4.00	4.10	41320870	186578736.00
20140814	4.08	4.08	4.00	4.01	31512857	141222976.00
20140815	3.98	4.05	3.98	4.04	31715031	141884144.00
20140818	4.03	4.07	4.00	4.02	29953222	133806664.00
20140819	4.00	4.06	3.97	4.06	39184392	174680416.00
20140820	4.04	4.07	4.01	4.04	25689433	115538816.00
20140821	4.05	4.06	4.00	4.05	21963085	98438816.00
20140822	4.05	4.11	4.02	4.11	26971087	121967152.00
20140825	4.08	4.20	3.84	3.97	69465293	308062624.00
20140826	3.94	3.99	3.90	3.92	28348418	124597048.00
20140827	3.92	3.95	3.89	3.91	13368657	58415484.00
20140828	3.92	3.96	3.87	3.89	26434319	115577000.00
20140829	3.89	3.99	3.88	3.98	18412569	80976976.00
20140901	3.99	4.08	3.94	4.05	32127409	144259232.00
20140902	4.06	4.11	4.03	4.10	33541330	151788864.00
20140903	4.11	4.14	4.09	4.09	28230391	128903048.00
20140904	4.10	4.12	4.04	4.06	38087676	172026832.00
20140905	4.07	4.10	4.06	4.09	23437193	106229760.00
20140909	4.09	4.13	4.06	4.12	29928882	136482592.00
20140910	4.10	4.14	4.05	4.11	31501194	143226560.00
20140911	4.11	4.13	4.05	4.06	36594366	166007440.00
20140912	4.06	4.07	3.99	4.03	45437773	202897392.00
20140915	4.03	4.04	3.99	4.03	34351143	153388640.00
20140916	4.03	4.15	4.02	4.06	77834610	353663488.00
20140917	4.05	4.07	3.94	3.98	53858247	239057376.00
20140918	3.97	4.01	3.95	3.98	30186966	133542160.00
20140919	3.98	3.98	3.93	3.96	37529500	165043376.00
20140922	3.94	3.95	3.74	3.78	68794239	294829280.00
20140923	3.78	3.80	3.74	3.80	48435658	204573328.00
20140924	3.78	3.87	3.76	3.86	46377480	198109728.00
20140925	3.88	3.89	3.83	3.85	39137133	168745968.00
20140926	3.82	3.87	3.81	3.84	29220334	125262504.00
20140929	3.84	3.87	3.84	3.85	29324780	126141992.00
20140930	3.86	3.90	3.85	3.89	33624768	145532656.00
20141008	3.89	3.91	3.88	3.90	45452252	197361536.00
20141009	3.89	3.91	3.84	3.87	74490458	321954848.00
20141010	3.86	3.87	3.82	3.85	40330132	173335808.00
20141013	3.85	3.85	3.79	3.83	37193181	158709872.00
20141014	3.82	3.92	3.80	3.85	60785757	262026432.00
20141015	3.84	4.01	3.79	3.97	111814602	488412192.00
20141016	3.93	3.98	3.86	3.87	88288814	386189248.00
20141017	3.89	3.96	3.86	3.90	65109968	283501984.00
20141020	3.95	4.00	3.91	3.93	46827854	205726160.00
20141021	3.92	3.93	3.87	3.88	29083556	126531544.00
20141022	3.88	3.90	3.82	3.83	40409298	174078288.00
20141023	3.84	3.84	3.73	3.75	47208573	199294176.00
20141024	3.75	3.77	3.72	3.74	21998134	92254056.00
20141027	3.73	3.73	3.66	3.68	32165732	132946792.00
20141028	3.68	3.77	3.68	3.77	34723498	145196704.00
20141029	3.79	3.90	3.76	3.87	64548065	276807392.00
20141030	3.86	3.93	3.84	3.91	62978057	273941920.00
20141031	3.97	4.14	3.96	4.00	142590697	639824896.00
20141103	4.00	4.11	3.98	4.07	97680445	441197344.00
20141104	4.07	4.16	4.04	4.11	91284587	416331040.00
20141105	4.13	4.32	4.10	4.16	139668638	648800320.00
20141106	4.12	4.15	4.02	4.06	66232743	298926624.00
20141107	4.05	4.09	4.00	4.01	61292527	275817600.00
20141110	4.05	4.26	4.05	4.25	115275802	536096448.00
20141111	4.27	4.34	4.18	4.24	129217429	610022080.00
20141112	4.20	4.28	4.18	4.26	54437742	255055888.00
20141113	4.29	4.48	4.27	4.42	136859446	660246912.00
20141114	4.38	4.49	4.31	4.34	94789852	457934880.00
20141117	4.47	4.48	4.26	4.27	97865803	470639552.00
20141118	4.27	4.28	4.08	4.11	90830461	416370080.00
20141119	4.10	4.17	4.05	4.09	53692356	244548000.00
20141120	4.08	4.11	4.06	4.08	37537315	169998528.00
20141121	4.07	4.15	4.05	4.14	41703430	189704528.00
20141124	4.23	4.37	4.17	4.29	120776454	573815552.00
20141125	4.30	4.42	4.26	4.35	75404195	361996608.00
20141126	4.35	4.38	4.27	4.34	61811807	295197376.00
20141127	4.37	4.41	4.23	4.34	107886172	515911136.00
20141128	4.33	4.60	4.28	4.59	204984202	1006807744.00
20141201	4.62	5.00	4.62	4.90	262785432	1384985600.00
20141202	4.85	5.17	4.69	5.08	231518084	1241983616.00
20141203	5.07	5.52	5.03	5.18	283106226	1618687232.00
20141204	5.22	5.45	5.11	5.42	206393618	1189541376.00
20141205	5.44	5.52	5.09	5.24	246821435	1423599488.00
20141208	5.15	5.81	5.06	5.73	257374798	1527400064.00
20141209	5.63	6.23	5.36	5.44	296837543	1866943488.00
20141210	5.45	5.70	5.24	5.63	179983725	1067595904.00
20141211	5.56	6.15	5.46	6.12	250426513	1566123520.00
20141212	6.13	6.16	5.82	5.88	164722971	1052389696.00
20141215	5.85	5.85	5.59	5.75	118309425	727318016.00
20141216	5.72	6.09	5.71	5.96	175945635	1122510976.00
20141217	6.00	6.10	5.81	5.94	144367191	926970048.00
20141218	5.96	6.11	5.91	5.92	131702721	851696384.00
20141219	5.91	6.56	5.87	6.56	322961257	2169391360.00
20141222	6.83	7.24	6.51	6.70	295142898	2162572800.00
20141223	6.45	6.64	6.15	6.21	175717546	1194390016.00
20141224	6.16	6.21	5.73	5.92	157761132	1005155776.00
20141225	5.92	6.33	5.86	6.30	131258140	857470336.00
20141226	6.24	6.50	6.13	6.46	152535651	1038233600.00
20141229	6.46	6.72	6.25	6.39	151781341	1054072960.00
20141230	6.40	6.45	6.25	6.39	96185639	654860032.00
20141231	6.38	6.60	6.33	6.56	127038254	881249024.00
20150105	6.55	7.05	6.53	7.02	237633079	1742212736.00
20150106	6.91	6.91	6.59	6.72	206087855	1477008000.00
20150107	6.63	6.75	6.48	6.61	145624295	1026463552.00
20150108	6.60	6.65	6.28	6.34	133665438	913779712.00
20150109	6.32	6.50	6.13	6.18	192657575	1294452096.00
20150112	6.10	6.10	5.78	5.90	171654080	1094573696.00
20150113	5.87	5.96	5.82	5.88	76586190	485139552.00
20150114	5.89	5.92	5.71	5.78	98376466	617419584.00
20150115	5.69	5.99	5.62	5.99	155865100	969840256.00
20150116	5.97	6.02	5.90	5.96	112810500	725038144.00
20150119	5.55	5.71	5.32	5.36	187409981	1113071744.00
20150120	5.39	5.49	5.34	5.44	98145788	577022400.00
20150121	5.46	5.70	5.35	5.67	188488912	1126932096.00
20150122	5.66	5.83	5.61	5.76	153000300	946951232.00
20150123	5.76	5.83	5.65	5.69	109262033	677157120.00
20150126	5.68	5.80	5.67	5.80	86769992	537925504.00
20150127	5.81	5.81	5.53	5.66	118157395	721947008.00
20150128	5.64	5.65	5.54	5.58	70318183	424903808.00
20150129	5.50	5.67	5.47	5.60	110870430	667110336.00
20150130	5.61	5.63	5.48	5.49	70576326	423218304.00
20150202	5.39	5.41	5.25	5.26	97137529	560917248.00
20150203	5.31	5.39	5.26	5.38	63438020	365425120.00
20150204	5.70	5.96	5.58	5.96	228652016	1435777024.00
20150205	6.25	6.25	5.70	5.73	366819698	2374922752.00
20150206	5.66	6.17	5.63	5.98	344122855	2201047552.00
20150209	5.90	6.30	5.86	6.18	261555328	1722132864.00
20150210	6.20	6.27	6.01	6.16	167511267	1099707264.00
20150211	6.10	6.16	6.00	6.04	146414592	956155392.00
20150212	6.02	6.03	5.73	5.96	196290572	1240540544.00
20150213	5.93	6.21	5.91	6.04	186290005	1217677568.00
20150216	6.04	6.07	5.91	6.02	109192957	702132224.00
20150217	6.05	6.29	6.01	6.17	163271916	1081274240.00
20150225	6.17	6.24	6.03	6.08	125748804	827798976.00
20150226	6.06	6.18	5.95	6.17	112789132	736432896.00
20150227	6.16	6.30	6.10	6.23	145762230	970513664.00
20150302	6.27	6.65	6.21	6.48	247700914	1704014720.00
20150303	6.40	6.40	6.12	6.16	152896979	1025282176.00
20150304	6.15	6.23	6.05	6.13	93055189	612367104.00
20150305	6.07	6.16	5.84	5.90	120660195	774695360.00
20150306	5.90	5.96	5.80	5.85	104609788	660031872.00
20150309	5.80	5.94	5.73	5.93	73177786	459534336.00
20150310	5.91	5.92	5.83	5.86	72686943	459604704.00
20150311	5.86	5.92	5.80	5.84	70199561	442786656.00
20150312	5.83	5.93	5.82	5.91	85643675	542391744.00
20150313	5.94	6.01	5.90	5.98	85478301	547557760.00
20150316	6.00	6.23	6.00	6.15	136781481	902412160.00
20150317	6.18	6.34	6.13	6.20	184354071	1231890816.00
20150318	6.23	6.53	6.21	6.48	253953236	1742551168.00
20150319	6.52	6.52	6.32	6.38	183319263	1254033792.00
20150320	6.38	6.45	6.31	6.39	136529719	932205504.00
20150323	6.49	6.58	6.48	6.53	197809394	1379377536.00
20150324	6.55	7.18	6.52	6.90	393389199	2875792384.00
20150325	6.81	6.82	6.56	6.59	204835289	1452722944.00
20150326	6.59	6.84	6.58	6.69	169729789	1212765184.00
20150327	6.68	6.72	6.58	6.62	121103897	858581504.00
20150330	6.66	6.87	6.64	6.82	200406948	1444043008.00
20150331	6.86	7.05	6.64	6.67	237714843	1736260736.00
20150401	6.65	6.73	6.60	6.69	144286216	1025721536.00
20150402	6.73	6.75	6.55	6.63	149618558	1059950080.00
20150403	6.56	6.82	6.54	6.70	168587571	1204018688.00
20150407	6.74	6.90	6.69	6.83	192233318	1389963904.00
20150408	6.83	6.94	6.63	6.87	262581258	1904531328.00
20150409	7.00	7.12	6.78	7.10	339405826	2518652416.00
20150410	7.09	7.14	6.96	7.12	260215593	1956675584.00
20150413	7.18	7.33	7.11	7.18	264732897	2022038016.00
20150414	7.11	7.20	6.98	7.10	210122344	1581483392.00
20150415	7.05	7.06	6.81	6.87	171948209	1270884608.00
20150416	6.79	7.05	6.76	7.02	177931521	1311395968.00
20150417	7.10	7.77	7.06	7.54	504203301	3989778944.00
20150420	7.37	8.13	7.30	7.68	557412653	4521397248.00
20150421	7.75	7.94	7.50	7.87	302611235	2470008576.00
20150422	7.86	8.07	7.75	7.98	293689579	2465495808.00
20150423	7.93	8.53	7.93	8.34	367394149	3207451648.00
20150424	8.24	8.30	7.85	7.96	274256810	2331725568.00
20150427	8.03	8.80	7.95	8.80	509320411	4575624192.00
20150428	8.76	9.40	8.45	9.10	636825933	6033103360.00
20150429	9.00	9.49	8.73	8.86	328533131	3123884288.00
20150430	8.75	8.80	8.46	8.52	250195623	2262631680.00
20150504	8.54	9.42	8.54	9.42	391081105	3765178112.00
20150505	9.63	9.70	8.45	8.70	413627589	3928372992.00
20150506	8.70	8.80	7.96	8.21	287461992	2541969408.00
20150507	8.05	8.16	7.55	7.57	236615248	1942499584.00
20150508	7.83	8.06	7.61	8.04	239869422	1989856000.00
20150511	8.22	8.33	7.93	8.24	221305850	1906107648.00
20150512	8.24	8.53	8.16	8.42	227847963	2007551744.00
20150513	8.38	8.72	8.19	8.31	226395251	2014450688.00
20150514	8.37	8.37	7.94	8.23	201111177	1684666368.00
20150515	8.09	8.13	7.83	7.89	170269088	1399014528.00
20150518	7.88	8.00	7.81	7.86	121357594	990943552.00
20150519	7.84	8.11	7.81	8.08	163778986	1354607232.00
20150520	8.10	8.33	8.00	8.13	225945460	1904645760.00
20150521	8.08	8.18	8.00	8.15	161577505	1349288192.00
20150522	8.21	8.76	8.20	8.63	322766779	2835394560.00
20150525	8.68	9.02	8.63	9.00	309900181	2832298752.00
20150526	9.04	9.19	8.74	9.17	305813829	2841199616.00
20150527	9.20	9.36	8.90	9.20	288710150	2720731136.00
20150528	9.13	9.28	8.25	8.29	298420594	2719771136.00
20150529	8.28	8.37	7.82	8.04	192287412	1606871680.00
20150601	8.06	8.54	8.05	8.54	182299719	1574122240.00
20150602	8.55	8.84	8.43	8.77	206039499	1844413440.00
20150603	8.78	8.81	8.33	8.56	179774738	1588034688.00
20150604	8.56	8.72	8.02	8.70	198162868	1732285952.00
20150605	8.77	9.40	8.70	9.27	380335414	3556935680.00
20150608	9.31	9.56	9.03	9.43	356089079	3414740480.00
20150609	9.44	9.50	9.07	9.25	227396226	2172165376.00
20150610	9.11	9.32	8.97	9.10	181805831	1711262080.00
20150611	9.04	9.23	8.96	9.19	170117188	1595582336.00
20150612	9.21	9.32	9.07	9.30	216484528	2050469632.00
20150615	9.18	9.91	9.08	9.44	364465269	3534646016.00
20150616	9.23	9.30	8.69	8.79	218925946	2029201536.00
20150617	8.71	9.03	8.42	8.97	180375937	1633321728.00
20150618	8.87	9.31	8.72	8.74	190113699	1768664832.00
20150619	8.51	8.70	7.95	7.98	167870224	1448791040.00
20150623	8.01	8.27	7.64	8.23	153844549	1280417024.00
20150624	8.27	8.70	8.24	8.62	209013311	1829413888.00
20150625	8.62	9.00	8.34	8.71	260793034	2327678976.00
20150626	8.34	8.63	7.81	7.90	209085495	1768868736.00
20150629	8.10	8.38	7.15	7.90	259591147	2123556736.00
20150630	7.78	8.58	7.43	8.47	248430752	2064641280.00
20150701	8.44	8.83	8.05	8.09	265096720	2333327104.00
20150702	8.14	8.23	7.28	7.36	253681409	2025018112.00
20150703	7.13	7.52	6.60	6.60	225217700	1625720064.00
20150706	7.23	7.28	6.46	6.92	275875966	1979220096.00
20150707	6.78	7.31	6.24	7.23	340396645	2436437248.00
20150708	6.68	7.02	6.48	6.48	199335843	1378374528.00
20150709	6.48	7.16	6.03	7.16	282312143	1992272512.00
20150710	7.22	7.90	6.99	7.89	338057010	2699589376.00
20150713	7.74	8.21	7.60	7.93	375082135	3078145792.00
20150714	7.72	7.72	7.23	7.31	262737194	2043480448.00
20150715	7.13	7.29	6.74	6.82	149568802	1083063424.00
20150716	6.82	7.22	6.68	6.96	124657573	899954176.00
20150717	7.07	7.27	6.96	7.18	142243781	1048472896.00
20150720	7.20	7.25	7.00	7.09	122555366	906109312.00
20150721	7.03	7.21	6.89	7.06	114727759	841331712.00
20150722	7.06	7.20	6.91	7.11	120135564	882280576.00
20150723	7.18	7.53	7.15	7.34	202039419	1537092096.00
20150724	7.28	7.48	7.11	7.16	185630344	1402555904.00
20150727	6.98	7.08	6.42	6.42	181545388	1274898688.00
20150728	6.23	6.49	6.04	6.36	219668415	1438234752.00
20150729	6.44	6.66	6.29	6.65	122538448	823349248.00
20150730	6.59	6.68	6.35	6.38	115287079	788595776.00
20150731	6.24	6.56	6.24	6.52	105946240	707870656.00
20150803	6.45	6.97	6.40	6.96	148430803	1028038144.00
20150804	6.91	7.01	6.74	6.98	117363872	841854016.00
20150805	6.93	6.98	6.76	6.79	64343010	459321056.00
20150806	6.63	6.73	6.55	6.61	47697407	330750080.00
20150807	6.68	6.82	6.65	6.75	53908226	378171520.00
20150810	7.10	7.45	7.10	7.45	211094210	1609239936.00
20150811	7.45	7.73	7.40	7.48	237059554	1849522304.00
20150812	7.43	7.74	7.28	7.44	154582027	1208762112.00
20150813	7.39	7.52	7.17	7.46	136953946	1048380800.00
20150814	7.48	7.51	7.32	7.34	103059162	791677056.00
20150817	7.30	7.62	7.19	7.50	134823159	1033570880.00
20150818	7.48	7.48	6.72	6.72	159567558	1177450240.00
20150819	6.59	7.39	6.52	7.22	155857965	1125025664.00
20150820	7.13	7.13	6.82	6.86	90024437	651750080.00
20150821	6.75	6.86	6.34	6.52	94489495	651346752.00
20150824	6.31	6.31	5.84	5.84	115236524	714385984.00
20150825	5.33	5.53	5.23	5.23	120341481	670274240.00
20150826	4.87	5.40	4.76	4.89	320300506	1690118784.00
20150827	4.99	5.12	4.77	5.11	164402110	862579776.00
20150828	5.20	5.48	5.11	5.45	187727006	1037100288.00
20150831	5.38	5.48	5.13	5.44	151121792	840835776.00
20150901	5.48	5.77	5.38	5.65	259288242	1526724224.00
20150902	5.35	6.19	5.33	5.97	277441904	1678728064.00
20150907	5.83	6.17	5.63	5.70	114724376	704699904.00
20150908	5.70	5.82	5.45	5.79	74828449	445106496.00
20150909	5.83	6.03	5.78	5.90	91497168	562695360.00
20150910	5.78	5.85	5.71	5.76	59129246	357743296.00
20150911	5.76	5.81	5.67	5.71	38863814	233181184.00
20150914	5.83	5.87	5.47	5.77	86610222	517917408.00
20150915	5.65	5.71	5.38	5.40	49396833	286450176.00
20150916	5.25	5.87	5.25	5.74	77444122	450624096.00
20150917	5.65	5.77	5.55	5.56	64479806	382500704.00
20150918	5.61	5.65	5.51	5.55	34308527	200388256.00
20150921	5.54	5.61	5.51	5.59	34711389	202439152.00
20150922	5.60	5.69	5.57	5.64	50770679	299838176.00
20150923	5.56	5.58	5.40	5.42	46657358	268203392.00
20150924	5.44	5.48	5.38	5.44	27535257	156912528.00
20150925	5.43	5.43	5.28	5.29	29722157	166722256.00
20150928	5.28	5.35	5.24	5.33	18926864	105414416.00
20150929	5.26	5.26	5.16	5.20	24742685	135626048.00
20150930	5.23	5.43	5.21	5.32	44547147	249218992.00
20151008	5.48	5.57	5.38	5.50	60045242	345680288.00
20151009	5.52	5.56	5.46	5.53	30460767	176478624.00
20151012	5.54	5.78	5.53	5.71	62880589	373724640.00
20151013	5.67	5.70	5.65	5.67	35680195	211819008.00
20151014	5.63	5.79	5.59	5.61	49891969	297824160.00
20151015	5.60	5.72	5.57	5.70	48723414	288772544.00
20151016	5.71	5.78	5.69	5.76	70922286	425909792.00
20151019	5.78	5.81	5.67	5.70	55425126	333158016.00
20151020	5.68	5.78	5.61	5.76	54555787	325445952.00
20151021	5.76	5.83	5.51	5.53	86108455	515387392.00
20151022	5.58	5.61	5.45	5.59	46132278	267910992.00
20151023	5.59	5.68	5.54	5.65	48117830	282660192.00
20151026	5.71	5.73	5.63	5.66	54658686	324783488.00
20151027	5.64	5.67	5.53	5.61	37010719	217120848.00
20151028	5.58	5.68	5.56	5.57	42751321	251927280.00
20151029	5.57	5.59	5.49	5.51	38804126	225108496.00
20151030	5.48	5.49	5.35	5.40	48464316	275936960.00
20151102	5.33	5.38	5.27	5.28	31805699	177930080.00
20151103	5.29	5.34	5.27	5.30	20759815	115596472.00
20151104	5.33	5.48	5.30	5.48	55794852	316885984.00
20151105	5.47	5.87	5.44	5.65	140054724	830341184.00
20151106	5.62	5.71	5.57	5.69	98196590	580372672.00
20151109	5.69	5.81	5.67	5.76	90263569	543925696.00
20151110	5.70	5.77	5.68	5.74	75451049	452075136.00
20151111	5.73	5.93	5.72	5.78	101360587	617941632.00
20151112	5.78	5.78	5.61	5.65	78756552	468205888.00
20151113	5.60	5.62	5.50	5.52	51042604	297033632.00
20151116	5.44	5.55	5.43	5.54	28000834	161218912.00
20151117	5.56	5.65	5.56	5.61	58904747	346313600.00
20151118	5.61	5.67	5.56	5.59	44585497	263033920.00
20151119	5.62	5.65	5.56	5.64	27221059	160160048.00
20151120	5.62	5.65	5.59	5.62	33785603	198874240.00
20151123	5.62	5.64	5.55	5.56	37256455	218596816.00
20151124	5.55	5.56	5.45	5.53	34640896	199796896.00
20151125	5.50	5.56	5.50	5.54	23440010	135840304.00
20151126	5.54	5.59	5.51	5.53	34240454	199154752.00
20151127	5.51	5.52	5.16	5.24	53881376	303168640.00
20151130	5.26	5.27	5.10	5.21	34840350	190199120.00
20151201	5.21	5.29	5.15	5.25	27832063	152586320.00
20151202	5.25	5.46	5.20	5.41	81512193	455535360.00
20151203	5.38	5.53	5.35	5.40	79016539	450216288.00
20151204	5.38	5.39	5.23	5.26	49228988	274574240.00
20151207	5.25	5.28	5.21	5.24	25016720	137933344.00
20151208	5.22	5.23	5.11	5.13	33356985	181018432.00
20151209	5.11	5.18	5.10	5.14	18673930	101171544.00
20151210	5.16	5.18	5.10	5.11	24207913	130998608.00
20151211	5.10	5.17	5.05	5.15	26641826	142873280.00
20151214	5.10	5.24	5.07	5.24	56557614	308459008.00
20151215	5.23	5.27	5.15	5.18	38326910	209637328.00
20151216	5.20	5.23	5.14	5.15	32479086	177251792.00
20151217	5.19	5.40	5.18	5.37	107210481	598832576.00
20151218	5.34	5.35	5.24	5.25	87062125	484434304.00
20151221	5.23	5.41	5.22	5.38	77363814	434472320.00
20151222	5.37	5.65	5.37	5.50	121569796	704658048.00
20151223	5.52	5.56	5.41	5.41	72215568	413719328.00
20151224	5.43	5.45	5.30	5.42	49342887	278751552.00
20151225	5.46	5.46	5.33	5.38	48050638	271395520.00
20151228	5.37	5.40	5.25	5.26	43198949	241384192.00
20151229	5.23	5.39	5.23	5.36	43779356	244121920.00
20151230	5.37	5.38	5.27	5.32	32337701	180714128.00
20151231	5.31	5.37	5.29	5.31	35446885	198713360.00
20160104	5.33	5.35	4.94	4.96	44732837	245549760.00
20160105	4.93	5.26	4.88	5.16	86707909	466681952.00
20160106	5.17	5.70	5.12	5.70	291901237	1705365760.00
20160107	5.58	5.59	5.10	5.11	52582300	295596128.00
20160108	5.33	5.65	5.24	5.65	224377656	1306365952.00
20160111	5.64	5.82	5.32	5.46	182344722	1062165312.00
20160112	5.51	5.58	5.17	5.23	97321505	544761920.00
20160113	5.27	5.78	5.20	5.46	179130512	1053892544.00
20160114	5.19	5.88	4.96	5.77	233359804	1360076544.00
20160115	5.61	5.72	5.43	5.59	136296303	797904448.00
20160118	5.47	5.79	5.39	5.57	101196227	591455104.00
20160119	5.53	5.77	5.31	5.75	128490075	753416064.00
20160120	5.61	5.65	5.28	5.39	130754347	748843200.00
20160121	5.24	5.43	5.12	5.13	90472980	501334144.00
20160122	5.26	5.35	5.09	5.22	73922137	406439296.00
20160125	5.29	5.51	5.24	5.36	83217352	470542912.00
20160126	5.29	5.47	4.82	4.86	112682012	617143424.00
20160127	4.92	5.24	4.86	5.17	106909439	566513088.00
20160128	5.11	5.17	4.86	4.91	58765849	310694464.00
20160129	4.91	5.03	4.82	4.94	79124212	410624288.00
20160201	4.94	4.97	4.54	4.67	79682117	400806144.00
20160202	4.61	4.77	4.61	4.68	69972272	346896864.00
20160203	4.63	4.64	4.49	4.57	49656737	239331952.00
20160204	4.62	4.66	4.57	4.63	43623132	213212592.00
20160205	4.67	4.75	4.65	4.66	42432174	211076256.00
20160215	4.55	4.60	4.49	4.56	38553020	185883840.00
20160216	4.58	4.74	4.57	4.72	55037329	272300544.00
20160217	4.70	4.83	4.67	4.79	54352069	273781408.00
20160218	4.80	5.01	4.78	4.81	63238057	326069696.00
20160219	4.81	4.89	4.74	4.77	44090073	223968704.00
20160222	4.84	5.27	4.84	5.10	128653789	690400512.00
20160223	5.10	5.12	4.90	5.11	77411517	408795104.00
20160224	5.07	5.20	5.01	5.15	54559944	293320160.00
20160225	5.13	5.13	4.76	4.81	62565715	325373376.00
20160226	4.83	5.02	4.79	4.96	51169175	265085536.00
20160229	4.91	5.02	4.64	4.80	66422137	338692320.00
20160301	4.86	4.89	4.73	4.86	39835628	203741680.00
20160302	4.86	5.28	4.83	5.17	99891062	537153280.00
20160303	5.10	5.19	5.06	5.10	64645482	348337920.00
20160304	5.10	5.28	5.04	5.12	71120994	385542208.00
20160307	5.40	5.64	5.29	5.33	90095494	511066048.00
20160308	5.54	5.58	5.10	5.31	112372671	629452352.00
20160309	5.10	5.12	4.95	5.04	81478866	431666464.00
20160310	5.07	5.11	4.89	4.91	61221021	321131712.00
20160311	4.88	4.95	4.83	4.91	33213193	170933120.00
20160314	4.95	5.07	4.91	4.99	57677847	304310560.00
20160315	4.98	4.98	4.88	4.92	47336268	245208096.00
20160316	4.92	4.95	4.87	4.94	37918203	196722832.00
20160317	4.93	5.02	4.91	4.98	59386444	311189728.00
20160318	5.01	5.11	4.98	5.10	69777106	371967456.00
20160321	5.09	5.18	5.08	5.17	89225538	481796512.00
20160322	5.11	5.12	5.02	5.06	69886068	373215008.00
20160323	5.08	5.11	5.03	5.08	43762752	233772720.00
20160324	5.05	5.05	4.96	4.97	41158392	217040672.00
20160325	4.97	4.99	4.92	4.96	31224932	163162608.00
20160328	4.97	5.01	4.89	4.93	31212479	163218976.00
20160329	4.93	4.94	4.83	4.86	31539942	162050320.00
20160330	4.92	5.00	4.89	4.99	41721244	218099920.00
20160331	4.99	5.01	4.95	4.98	40735392	214035520.00
20160401	4.97	5.11	4.96	5.05	54109181	286812672.00
20160405	5.03	5.11	5.01	5.11	55878681	298529440.00
20160406	5.10	5.15	5.04	5.06	37950230	203439744.00
20160407	5.08	5.18	5.00	5.09	65467834	352295392.00
20160408	5.06	5.36	5.04	5.24	153231177	845046464.00
20160411	5.40	5.75	5.40	5.59	178545359	1048287040.00
20160412	5.54	5.85	5.48	5.64	129765789	772930496.00
20160413	5.75	5.88	5.63	5.64	139798355	847632704.00
20160414	5.73	5.77	5.55	5.68	51753381	306664576.00
20160415	5.69	5.70	5.48	5.55	62945499	365351456.00
20160418	5.57	5.58	5.41	5.52	58834617	338256512.00
20160419	5.53	5.61	5.45	5.58	51446698	298323616.00
20160420	5.70	5.75	5.37	5.53	70508548	410906560.00
20160421	5.55	5.71	5.46	5.59	76206109	447788736.00
20160422	5.44	5.53	5.33	5.43	58146354	329751936.00
20160425	5.40	5.57	5.37	5.51	51722655	297063968.00
20160426	5.48	5.57	5.43	5.50	26911873	154690480.00
20160427	5.49	5.50	5.39	5.42	29705500	169028992.00
20160428	5.40	5.43	5.26	5.29	42532384	237666960.00
20160429	5.29	5.37	5.25	5.30	24385889	136410384.00
20160503	5.31	5.38	5.29	5.37	31717148	178136624.00
20160504	5.35	5.38	5.26	5.33	47337821	264377936.00
20160505	5.33	5.33	5.27	5.29	24797417	137989456.00
20160506	5.28	5.30	5.12	5.14	48836131	267153328.00
20160509	5.09	5.11	4.85	4.90	61026300	318353216.00
20160510	4.90	4.97	4.88	4.94	25906016	134747584.00
20160511	4.95	4.98	4.88	4.95	21299670	110828776.00
20160512	4.91	5.04	4.85	4.98	26492304	138296944.00
20160513	4.95	5.01	4.93	4.96	16953458	88810280.00
20160516	4.91	4.95	4.88	4.93	29472390	152423648.00
20160517	4.93	5.04	4.91	4.98	35131644	184661872.00
20160518	4.93	4.94	4.84	4.88	34098001	175556816.00
20160519	4.90	4.98	4.89	4.92	21510596	112024496.00
20160520	4.88	4.95	4.86	4.94	15997777	82936264.00
20160523	4.94	4.97	4.90	4.95	17542631	91361768.00
20160524	4.93	4.93	4.87	4.89	15588836	80405696.00
20160525	4.92	4.94	4.88	4.90	11585439	59963988.00
20160526	4.88	4.92	4.84	4.90	12183939	62661820.00
20160527	4.88	5.02	4.87	4.94	19192907	99790328.00
20160530	4.91	4.94	4.87	4.91	15860831	81980136.00
20160531	4.91	5.03	4.90	5.02	47801334	251220032.00
20160601	5.00	5.03	4.97	4.99	37634637	198084832.00
20160602	4.99	4.99	4.95	4.98	21912489	114830152.00
20160603	4.98	4.99	4.94	4.98	23284912	121947384.00
20160606	4.98	5.00	4.94	4.99	26402935	138375952.00
20160607	4.98	4.99	4.94	4.96	18219759	95316520.00
20160608	4.98	4.98	4.92	4.94	20987207	108095872.00
20160613	4.90	4.90	4.81	4.82	29576837	150121792.00
20160614	4.82	4.85	4.79	4.83	19603491	98579392.00
20160615	4.80	4.88	4.78	4.86	33630814	169983504.00
20160616	4.85	4.86	4.75	4.78	45357998	227334592.00
20160617	4.79	4.87	4.78	4.80	43761562	219903792.00
20160620	4.82	4.82	4.77	4.80	22102894	110490192.00
20160621	4.81	4.82	4.74	4.77	27819014	139130224.00
20160622	4.77	4.81	4.75	4.80	27422590	136767600.00
20160623	4.79	4.80	4.75	4.77	18464026	91939424.00
20160624	4.77	4.79	4.63	4.69	34683292	170663648.00
20161010	5.18	5.18	5.18	5.18	7498375	40416240.00
20161011	5.49	5.62	5.34	5.58	256844071	1456307840.00
20161012	5.47	5.48	5.36	5.38	104172598	584867904.00
20161013	5.33	5.38	5.27	5.34	70820601	391618496.00
20161014	5.34	5.34	5.25	5.31	41141096	226409760.00
20161017	5.32	5.37	5.26	5.28	35084885	193978448.00
20161018	5.27	5.35	5.26	5.33	45214432	249238592.00
20161019	5.35	5.41	5.30	5.32	46879944	261075168.00
20161020	5.31	5.32	5.26	5.29	32700766	179938672.00
20161021	5.29	5.32	5.26	5.29	32367534	177782160.00
20161024	5.30	5.39	5.28	5.36	57283675	318270048.00
20161025	5.46	5.58	5.46	5.48	93371347	533162112.00
20161026	5.49	5.49	5.42	5.47	54133105	306648608.00
20161027	5.47	5.48	5.43	5.43	25525620	144351600.00
20161028	5.42	5.47	5.39	5.39	31447459	177115312.00
20161031	5.41	5.44	5.39	5.40	26950402	151562848.00
20161101	5.41	5.43	5.39	5.42	29458600	165670720.00
20161102	5.42	5.43	5.34	5.34	28419700	158700544.00
20161103	5.32	5.38	5.30	5.36	36899138	204815424.00
20161104	5.37	5.40	5.34	5.37	30178500	168445952.00
20161107	5.39	5.49	5.35	5.48	56775149	320929472.00
20161108	5.50	5.56	5.45	5.46	38600920	220017952.00
20161109	5.47	5.49	5.33	5.39	39547082	221914736.00
20161110	5.44	5.51	5.43	5.48	53279577	303195552.00
20161111	5.49	5.70	5.46	5.69	120234171	698824576.00
20161114	5.62	5.96	5.60	5.88	153764072	925746112.00
20161115	5.89	5.91	5.73	5.77	61463898	369195584.00
20161116	5.76	5.77	5.66	5.71	34076600	201721712.00
20161117	5.70	5.71	5.62	5.70	30354700	178404448.00
20161118	5.70	5.89	5.64	5.77	54821900	328629984.00
20161121	5.77	5.83	5.70	5.74	38828000	231566208.00
20161122	5.74	5.97	5.73	5.95	98356880	601095424.00
20161123	5.98	6.07	5.86	5.91	99208023	612616640.00
20161124	5.91	6.06	5.89	5.97	67832800	420544032.00
20161125	5.95	6.12	5.91	6.10	109854200	685610176.00
20161128	6.11	6.26	6.09	6.17	80591500	514409504.00
20161129	6.19	6.53	6.13	6.36	144969700	957664320.00
20161130	6.22	6.34	6.13	6.19	56504500	363328160.00
20161208	6.69	6.72	6.38	6.39	119105600	801918528.00
20161209	6.32	6.83	6.14	6.69	160771600	1081422080.00
20161212	6.69	7.21	6.66	6.69	172900974	1233836416.00
20161213	6.62	7.04	6.57	6.98	142743896	1013525824.00
20161214	6.84	6.99	6.54	6.66	138597417	970497984.00
20161215	6.54	6.62	6.39	6.49	106157608	709673344.00
20161216	6.43	6.46	6.28	6.29	80289746	526027648.00
20161219	6.25	6.44	6.22	6.36	60548618	398741440.00
20161220	6.35	6.35	6.02	6.16	83816357	530320224.00
20161221	6.16	6.27	6.11	6.21	62239581	398694144.00
20161222	6.18	6.23	6.07	6.11	65852369	417036480.00
20161223	6.10	6.17	5.97	6.11	56372204	353415840.00
20161226	6.04	6.08	5.89	5.99	56066104	345473120.00
20161227	6.02	6.03	5.96	5.99	34164729	212043648.00
20161228	6.02	6.11	5.99	6.03	45178647	282942080.00
20161229	6.01	6.13	5.97	6.08	37404100	234427264.00
20161230	6.10	6.22	6.08	6.14	49432900	314911808.00
20170103	6.14	6.20	6.05	6.14	55313278	350971488.00
20170104	6.18	6.27	6.14	6.26	59349772	382062112.00
20170105	6.24	6.31	6.23	6.27	40998475	265525296.00
20170106	6.27	6.43	6.27	6.40	61530572	405587680.00
20170109	6.39	6.54	6.37	6.43	48881925	325607744.00
20170110	6.43	6.67	6.38	6.59	72593680	490776448.00
20170111	6.66	6.93	6.62	6.66	111030789	777500096.00
20170112	6.61	6.87	6.46	6.58	56456156	387401184.00
20170113	6.54	6.76	6.43	6.63	58826031	401868032.00
20170116	6.71	6.82	6.49	6.75	116312106	799112832.00
20170117	6.70	6.70	6.57	6.63	43112613	294747264.00
20170118	6.68	6.85	6.65	6.79	90436710	631568832.00
20170119	6.84	6.99	6.76	6.78	79685670	562901184.00
20170120	6.78	6.81	6.70	6.72	50196268	348898944.00
20170123	6.72	6.73	6.57	6.59	82166381	560835648.00
20170227	6.92	7.26	6.85	7.10	363487700	2641306880.00
20170228	7.00	7.03	6.83	6.88	159544797	1136118016.00
20170301	6.84	6.98	6.74	6.87	125511464	884960256.00
20170302	6.87	6.98	6.77	6.79	94698543	670520384.00
20170303	6.73	6.73	6.63	6.64	87898145	604290944.00
20170306	6.60	6.69	6.60	6.67	52796175	362208928.00
20170307	6.65	6.67	6.60	6.61	45219100	309201888.00
20170308	6.62	6.62	6.45	6.47	89995126	603219200.00
20170309	6.46	6.48	6.32	6.44	66512246	439142880.00
20170310	6.45	6.63	6.44	6.59	83945433	568979520.00
20170313	6.57	6.63	6.47	6.62	55460971	375211584.00
20170314	6.60	6.77	6.59	6.69	75536956	521954816.00
20170315	6.66	6.76	6.64	6.67	48146840	332678176.00
20170316	6.69	6.76	6.65	6.70	55757780	385135808.00
20170317	6.69	6.73	6.49	6.51	69788184	476145408.00
20170320	6.56	6.57	6.47	6.52	49689900	333959008.00
20170321	6.53	6.53	6.44	6.47	55315900	369634944.00
20170322	6.43	6.43	6.24	6.30	102825407	670769728.00
20170323	6.29	6.34	6.20	6.25	61427575	397729696.00
20170324	6.26	6.37	6.21	6.36	52770000	343155968.00
20170327	6.36	6.37	6.22	6.28	64266054	418004896.00
20170328	6.25	6.30	6.22	6.28	38844500	251070544.00
20170329	6.30	6.38	6.25	6.32	43955158	287041536.00
20170330	6.30	6.35	6.22	6.23	43312446	280260384.00
20170331	6.25	6.32	6.23	6.30	38689607	250979936.00
20170405	6.37	6.54	6.36	6.52	114285451	765253696.00
20170406	6.54	6.57	6.49	6.53	73727760	497734272.00
20170407	6.50	6.50	6.43	6.48	46295629	308856064.00
20170410	6.47	6.54	6.44	6.50	62814094	421517632.00
20170411	6.49	6.50	6.29	6.40	117436600	773666944.00
20170412	6.36	6.40	6.29	6.34	71106500	465624128.00
20170413	6.34	6.36	6.30	6.33	42043752	275019712.00
20170414	6.32	6.46	6.30	6.34	60795720	400163264.00
20170417	6.34	6.34	6.25	6.29	47834196	310876128.00
20170418	6.29	6.31	6.18	6.19	58475325	377151392.00
20170419	6.17	6.19	5.91	5.98	73983766	461340576.00
20170420	6.00	6.05	5.97	6.01	37766772	234872816.00
20170421	6.05	6.07	5.99	6.04	29217373	182109264.00
20170424	6.02	6.02	5.79	5.84	59823400	364101600.00
20170425	5.85	5.90	5.82	5.88	33235200	201944336.00
20170426	5.88	5.97	5.84	5.95	55432200	339071648.00
20170427	5.92	5.94	5.81	5.93	49756800	303101632.00
20170428	5.94	6.05	5.93	6.03	54360493	338206112.00
20170502	6.02	6.14	6.02	6.07	54499205	343257120.00
20170503	6.05	6.09	5.95	6.01	46017477	286511552.00
20170504	5.95	6.00	5.90	5.94	40051500	246564624.00
20170505	5.93	5.93	5.82	5.84	45306200	274975808.00
20170508	5.85	5.89	5.79	5.79	36783800	222026576.00
20170509	5.79	5.81	5.72	5.76	43178600	257497920.00
20170510	5.77	5.80	5.70	5.71	42305390	252269808.00
20170511	5.69	5.69	5.53	5.66	69433803	403834208.00
20170512	5.64	5.67	5.59	5.64	44856789	261578464.00
20170515	5.66	5.71	5.65	5.69	36190915	213377776.00
20170516	5.67	5.73	5.62	5.73	38241417	224868560.00
20170517	5.72	5.78	5.71	5.75	43689741	260136064.00
20170518	5.71	5.78	5.69	5.74	35122500	208990944.00
20170519	5.75	5.79	5.74	5.78	50414893	301485312.00
20170522	5.81	5.97	5.81	5.94	95406794	586101952.00
20170523	5.95	6.10	5.92	6.07	102015100	638297088.00
20170524	6.07	6.08	5.92	6.01	54878900	340705568.00
20170525	6.00	6.23	6.00	6.20	97152600	617818816.00
20170526	6.21	6.35	6.20	6.26	74698400	485192384.00
20170531	6.27	6.31	6.13	6.13	70907206	453539616.00
20170601	6.13	6.18	6.05	6.10	57311764	361982592.00
20170602	6.12	6.16	6.07	6.15	41020130	259919968.00
20170605	6.13	6.17	6.07	6.08	39301591	248481568.00
20170606	6.06	6.15	6.00	6.15	54901394	344513728.00
20170607	6.15	6.23	6.11	6.22	57519194	367367360.00
20170608	6.21	6.30	6.18	6.28	45879044	296507008.00
20170609	6.29	6.32	6.22	6.28	46026974	298032096.00
20170612	6.27	6.33	6.23	6.25	41624000	269831808.00
20170613	6.25	6.39	6.25	6.37	70125764	458821600.00
20170614	6.36	6.40	6.31	6.32	55461870	352416608.00
20170615	6.31	6.39	6.29	6.36	43161102	273510592.00
20170616	6.36	6.39	6.31	6.38	79367182	505379808.00
20170619	6.35	6.45	6.31	6.45	66590471	425660096.00
20170620	6.44	6.50	6.41	6.42	44999003	290550016.00
20170621	6.46	6.61	6.42	6.56	72089738	472275872.00
20170622	6.56	6.62	6.49	6.51	59641737	391664512.00
20170623	6.50	6.51	6.37	6.46	46472445	299393760.00
20170626	6.46	6.62	6.42	6.59	95025415	621718784.00
20170627	6.60	6.64	6.52	6.61	81949508	538526592.00
20170628	6.60	6.80	6.57	6.70	137286688	923471680.00
20170629	6.71	6.79	6.66	6.71	52569001	353287680.00
20170630	6.70	6.78	6.67	6.71	41956960	281545888.00
20170703	6.75	7.00	6.72	6.99	169768963	1172077440.00
20170704	7.01	7.02	6.82	6.84	97577776	673338816.00
20170705	6.85	6.95	6.83	6.92	69321983	478638816.00
20170706	6.90	7.03	6.87	7.01	93093519	647913920.00
20170707	6.99	7.05	6.96	7.02	73052751	511667456.00
20170710	7.01	7.38	6.98	7.26	176287781	1273245952.00
20170711	7.29	7.31	7.15	7.21	80827321	582593600.00
数据来源:通达信
