600089 特变电工 日线 前复权
      日期	    开盘	    最高	    最低	    收盘	    成交量	    成交额
20111010	8.68	8.71	8.61	8.66	19830785	205554272.00
20111011	8.84	8.90	8.63	8.71	28814999	301785600.00
20111012	8.69	9.01	8.53	8.97	57691057	615115264.00
20111013	8.98	9.03	8.84	8.93	44759440	481225408.00
20111014	8.90	8.99	8.84	8.90	19272999	206428160.00
20111017	8.92	8.95	8.78	8.82	19795505	210313088.00
20111018	8.77	8.77	8.30	8.36	40397964	411376704.00
20111019	8.38	8.49	8.37	8.37	17405190	174135504.00
20111020	8.37	8.37	7.99	8.13	26330974	252693008.00
20111021	8.06	8.17	8.02	8.03	11650357	111190784.00
20111024	8.10	8.18	7.98	8.17	13773504	131857256.00
20111025	8.17	8.33	8.08	8.30	22489202	219595248.00
20111026	8.24	8.39	8.21	8.30	26000479	257052160.00
20111027	8.31	8.37	8.27	8.28	18936824	186686944.00
20111028	8.40	8.45	8.31	8.43	31151406	310690592.00
20111031	8.40	8.49	8.37	8.44	19937926	200226784.00
20111101	8.36	8.47	8.33	8.40	19955681	199519776.00
20111102	8.30	8.50	8.26	8.49	30267099	301442528.00
20111103	8.54	8.93	8.54	8.73	68677087	720095232.00
20111104	8.84	8.93	8.69	8.86	51240428	542980352.00
20111107	8.79	8.94	8.78	8.78	28381533	301248992.00
20111108	8.78	8.81	8.61	8.64	29350589	305762784.00
20111109	8.67	8.77	8.59	8.77	24520433	255543744.00
20111111	8.67	8.73	8.53	8.59	24915983	257672592.00
20111114	8.66	8.78	8.62	8.77	23637104	247233040.00
20111115	8.76	8.96	8.73	8.93	36474201	389535072.00
20111116	8.95	9.03	8.64	8.69	34081699	361870272.00
20111117	8.68	8.74	8.62	8.63	16510104	171490320.00
20111118	8.58	8.60	8.26	8.34	28179605	282166720.00
20111121	8.37	8.42	8.26	8.39	10342066	102614176.00
20111122	8.34	8.39	8.26	8.35	10333498	102383232.00
20111123	8.38	8.42	8.33	8.35	10126921	100909104.00
20111124	8.30	8.39	8.24	8.32	9704862	95759680.00
20111125	8.32	8.34	8.17	8.18	9619278	94366256.00
20111128	8.20	8.27	8.13	8.15	10643125	103221728.00
20111129	8.25	8.29	8.16	8.28	11285671	110059376.00
20111130	8.26	8.28	7.96	7.98	18193404	173259648.00
20111201	8.16	8.25	8.08	8.09	18972908	183259856.00
20111202	8.09	8.11	7.95	7.96	11394193	107460904.00
20111205	8.03	8.03	7.88	7.93	8609114	80370704.00
20111206	7.91	7.94	7.86	7.91	7909816	73450544.00
20111207	7.91	7.95	7.85	7.88	7038935	65342824.00
20111208	7.88	7.99	7.81	7.89	8248640	76626768.00
20111209	7.84	7.93	7.83	7.86	5566773	51521752.00
20111212	7.86	7.90	7.71	7.72	7663068	70166664.00
20111213	7.71	7.78	7.49	7.51	14437474	127934272.00
20111214	7.48	7.55	7.20	7.22	14941129	127479704.00
20111215	7.22	7.22	6.95	6.98	18610428	150673872.00
20111216	7.01	7.13	6.93	7.10	14184739	114452784.00
20111219	7.08	7.13	6.93	7.06	16193795	130421064.00
20111220	7.05	7.15	6.98	6.98	15754399	127790000.00
20111221	7.08	7.10	6.80	6.82	16556115	131760288.00
20111222	6.81	6.84	6.61	6.79	16852240	128579008.00
20111223	6.77	6.88	6.76	6.81	11926068	92618984.00
20111227	6.76	6.76	6.58	6.59	14598378	109942248.00
20111228	6.59	6.69	6.50	6.64	12285718	91453952.00
20111229	6.60	6.83	6.59	6.70	15422589	118021200.00
20111230	6.81	6.81	6.70	6.76	13958659	106969792.00
20120104	6.80	6.82	6.60	6.60	11582656	88382160.00
20120105	6.57	6.62	6.52	6.53	10646462	78937368.00
20120106	6.52	6.66	6.48	6.65	11643646	86214920.00
20120109	6.69	6.86	6.59	6.86	18197556	139714096.00
20120110	6.86	7.13	6.83	7.10	30455282	244116896.00
20120111	7.10	7.16	7.05	7.10	22146436	181223184.00
20120112	7.10	7.30	7.10	7.11	20740629	171596960.00
20120113	7.14	7.14	6.88	6.91	15849227	126723392.00
20120116	6.88	6.96	6.82	6.88	11872860	93396184.00
20120117	6.87	7.22	6.86	7.18	22376141	181824048.00
20120118	7.18	7.26	7.06	7.10	19919252	164725136.00
20120119	7.10	7.20	7.08	7.14	14776864	121496200.00
20120120	7.19	7.21	7.13	7.18	13270359	109550032.00
20120130	7.20	7.22	7.05	7.05	12378535	101070656.00
20120131	7.04	7.11	7.03	7.06	6673640	54074876.00
20120201	7.08	7.13	6.98	6.99	10071528	81455544.00
20120202	7.00	7.10	6.98	7.08	10505980	84746832.00
20120203	7.08	7.18	7.02	7.17	18758040	153378496.00
20120206	7.21	7.22	7.13	7.18	17074156	141335152.00
20120207	7.14	7.16	7.01	7.03	13134847	106509336.00
20120208	7.04	7.25	7.01	7.20	19449906	160034640.00
20120209	7.20	7.40	7.18	7.29	30499959	256774896.00
20120210	7.25	7.34	7.23	7.27	22118818	186281424.00
20120213	7.22	7.35	7.18	7.29	21388085	179679728.00
20120214	7.27	7.30	7.22	7.26	11800420	98915736.00
20120215	7.23	7.37	7.23	7.37	23591612	199886464.00
20120216	7.35	7.39	7.25	7.32	23647121	200740384.00
20120217	7.38	7.48	7.37	7.39	39058777	336195552.00
20120220	7.50	7.51	7.35	7.36	25603088	220344576.00
20120221	7.37	7.45	7.31	7.42	20356909	174577872.00
20120222	7.44	7.52	7.44	7.50	30162295	262393280.00
20120223	7.50	7.61	7.44	7.61	43857033	382971008.00
20120224	7.59	7.66	7.55	7.64	34240117	304395072.00
20120227	7.66	7.78	7.64	7.64	40790560	368382624.00
20120228	7.61	7.65	7.50	7.55	34350281	303007328.00
20120229	7.55	7.59	7.49	7.51	17674821	155225408.00
20120301	7.49	7.55	7.47	7.50	15097449	132010912.00
20120302	7.49	7.60	7.49	7.59	21575721	189944000.00
20120305	7.59	7.64	7.51	7.53	26551006	234505360.00
20120306	7.52	7.52	7.36	7.38	29232914	251716272.00
20120307	7.33	7.41	7.30	7.33	18784597	159930272.00
20120308	7.33	7.42	7.33	7.40	18268326	156506768.00
20120309	7.42	7.48	7.37	7.48	21369113	184384176.00
20120312	7.49	7.54	7.45	7.50	21910994	191134912.00
20120313	7.49	7.64	7.48	7.63	32393771	286701376.00
20120314	7.64	7.67	7.29	7.35	43446521	380232480.00
20120315	7.34	7.37	7.20	7.22	23587665	198024320.00
20120316	7.24	7.29	7.17	7.28	16686764	139572496.00
20120319	7.29	7.33	7.22	7.32	17051600	143662480.00
20120320	7.32	7.32	7.18	7.20	15948414	133184304.00
20120321	7.24	7.28	7.18	7.23	12567526	104870368.00
20120322	7.25	7.26	7.20	7.21	8981975	74918040.00
20120323	7.21	7.21	7.04	7.07	15964992	130514184.00
20120326	7.09	7.15	7.05	7.08	8913496	72755592.00
20120327	7.11	7.15	7.06	7.07	7925237	64661040.00
20120328	7.06	7.07	6.77	6.79	19327678	152692080.00
20120329	6.77	6.79	6.62	6.66	15895278	120325632.00
20120330	6.69	6.80	6.64	6.78	14383809	109787296.00
20120405	6.76	6.87	6.71	6.85	15412148	119364504.00
20120406	6.84	6.86	6.79	6.82	10397305	80705976.00
20120409	6.82	6.82	6.68	6.69	11577809	88509168.00
20120410	6.66	6.75	6.58	6.74	11041288	83340024.00
20120411	6.69	6.75	6.64	6.71	9892532	75103552.00
20120412	6.73	6.82	6.69	6.81	15154730	116569200.00
20120413	6.86	6.93	6.85	6.90	17166781	135047104.00
20120416	6.84	6.91	6.83	6.88	9598239	75337600.00
20120418	6.86	6.98	6.81	6.98	20799127	164447776.00
20120419	6.98	7.02	6.92	6.96	11576233	92195584.00
20120420	6.94	6.98	6.91	6.97	13377858	106452184.00
20120423	6.97	6.98	6.85	6.86	14464198	114124880.00
20120424	6.85	6.93	6.70	6.79	17447796	134974816.00
20120425	6.80	6.86	6.76	6.85	13384559	103945832.00
20120426	6.87	7.10	6.86	7.03	33879912	273012416.00
20120427	7.03	7.08	6.98	7.01	16915152	136037360.00
20120502	7.16	7.20	7.08	7.13	26748028	219868560.00
20120503	7.09	7.15	7.08	7.09	13398711	109474480.00
20120504	7.10	7.25	7.10	7.18	23040553	190903920.00
20120507	7.17	7.18	7.10	7.13	19761372	162100320.00
20120508	7.16	7.22	7.13	7.15	20850708	172312960.00
20120509	7.13	7.13	6.98	6.98	21545522	173972992.00
20120510	6.98	7.04	6.98	7.02	11320103	90941720.00
20120511	7.02	7.03	6.94	6.95	12169980	97252904.00
20120514	7.03	7.05	6.93	6.93	15746556	126273000.00
20120515	6.91	6.91	6.83	6.88	13584338	106413456.00
20120516	6.86	6.88	6.77	6.78	12109423	94055904.00
20120517	6.78	6.87	6.78	6.86	8273656	64370688.00
20120518	6.81	6.83	6.75	6.76	10464824	80877336.00
20120521	6.76	6.83	6.75	6.79	7493509	57850584.00
20120522	6.81	6.86	6.80	6.85	11179358	87078024.00
20120523	6.84	6.86	6.79	6.80	8703247	67668472.00
20120524	6.83	6.96	6.81	6.86	17612960	138516688.00
20120525	6.86	6.88	6.78	6.80	11850029	92098208.00
20120528	6.79	6.89	6.67	6.87	15667253	120632032.00
20120529	6.87	6.96	6.86	6.95	20193250	159724816.00
20120530	6.96	6.96	6.88	6.92	12588426	99648680.00
20120531	6.91	6.95	6.88	6.91	8998256	70505992.00
20120604	6.79	6.82	6.71	6.71	16358590	124466632.00
20120605	6.71	6.77	6.69	6.71	12093355	91319152.00
20120606	6.74	6.74	6.65	6.67	7821774	58820560.00
20120607	6.73	6.74	6.62	6.62	10103816	75573744.00
20120608	6.68	6.68	6.59	6.59	11236540	83375888.00
20120611	6.63	6.69	6.60	6.69	9322601	69422144.00
20120612	6.64	6.65	6.59	6.60	7181941	53103824.00
20120613	6.60	6.69	6.60	6.67	9343580	69506192.00
20120614	6.66	6.67	6.62	6.63	9631596	71581256.00
20120615	6.64	6.69	6.62	6.67	9372256	69943816.00
20120618	6.69	6.74	6.64	6.67	11816844	88703328.00
20120619	6.67	6.71	6.62	6.64	10657182	79339672.00
20120620	6.65	6.66	6.59	6.60	8797819	65251640.00
20120621	6.60	6.62	6.54	6.55	9872250	72354912.00
20120625	6.54	6.58	6.31	6.37	14552611	105015712.00
20120626	6.36	6.37	6.30	6.35	11665054	81723312.00
20120627	6.35	6.42	6.32	6.34	10649836	75112680.00
20120628	6.35	6.37	6.15	6.16	16257726	112242520.00
20120629	6.15	6.23	6.12	6.17	22733410	154225856.00
20120702	6.23	6.23	6.08	6.14	21407054	144789536.00
20120703	6.13	6.18	6.10	6.14	12433600	83769080.00
20120704	6.15	6.18	6.07	6.11	12750827	85543536.00
20120705	6.10	6.10	5.87	5.94	19511212	126222832.00
20120706	5.96	5.98	5.77	5.95	20450958	130388352.00
20120709	5.93	5.93	5.78	5.79	11947899	75417216.00
20120710	5.76	5.80	5.73	5.76	11320530	70147912.00
20120711	5.76	5.83	5.76	5.81	9990857	62471188.00
20120712	5.81	5.86	5.76	5.84	17477150	109635920.00
20120713	5.84	5.90	5.83	5.84	10416874	65980832.00
20120716	5.85	5.87	5.71	5.72	13019719	80517536.00
20120717	5.72	5.78	5.71	5.76	6266455	38755432.00
20120718	5.76	5.84	5.74	5.84	8974288	55770664.00
20120719	5.84	5.96	5.82	5.90	16346436	104653304.00
20120720	5.88	5.91	5.84	5.86	7924438	50312872.00
20120723	5.83	5.83	5.75	5.79	7665298	47734968.00
20120724	5.75	5.86	5.74	5.80	7406936	46367440.00
20120725	5.79	5.82	5.75	5.77	6251380	38882856.00
20120726	5.78	5.82	5.76	5.79	6766108	42170500.00
20120727	5.80	5.83	5.77	5.82	8221880	51467944.00
20120730	5.84	6.23	5.84	6.03	40486636	266586976.00
20120731	5.98	6.04	5.94	5.94	17470474	114095920.00
20120801	5.95	6.14	5.94	6.06	18259385	120548312.00
20120802	6.07	6.07	5.99	6.03	11522744	75639376.00
20120803	6.05	6.07	5.96	6.05	12966645	84877528.00
20120806	6.05	6.11	6.01	6.11	24226176	160472528.00
20120807	6.14	6.22	6.09	6.12	22175770	149134080.00
20120808	6.10	6.15	6.02	6.06	15241803	101279792.00
20120809	6.06	6.08	6.00	6.08	14842550	97861672.00
20120810	6.07	6.08	5.99	6.02	14608757	96007736.00
20120813	6.01	6.04	5.96	5.96	16111656	105095096.00
20120814	5.95	5.98	5.89	5.98	11693662	75508896.00
20120815	5.96	5.97	5.86	5.86	11254026	71981296.00
20120816	5.86	5.89	5.82	5.86	7488270	47371528.00
20120817	5.85	5.89	5.84	5.88	7823584	49700236.00
20120820	5.87	5.87	5.80	5.86	7879043	49548488.00
20120821	5.86	5.91	5.81	5.89	9972208	63536352.00
20120822	5.89	5.90	5.84	5.85	9369432	59469320.00
20120823	5.86	5.89	5.84	5.88	7942610	50342368.00
20120824	5.86	5.86	5.76	5.79	9723963	60957424.00
20120827	5.77	5.78	5.61	5.62	22650434	137902864.00
20120828	5.62	5.68	5.60	5.64	11543338	69473320.00
20120829	5.63	5.64	5.57	5.57	7736312	46173512.00
20120830	5.54	5.60	5.53	5.56	8868789	52460572.00
20120831	5.56	5.57	5.52	5.55	6638015	39089888.00
20120903	5.55	5.59	5.54	5.58	8842302	52363492.00
20120904	5.59	5.71	5.57	5.64	17303094	104396640.00
20120905	5.67	5.69	5.60	5.67	14178203	85711720.00
20120906	5.68	5.69	5.64	5.67	8118059	49131080.00
20120907	5.68	5.94	5.67	5.88	37832235	237477536.00
20120910	5.91	5.91	5.82	5.87	22055588	139917776.00
20120911	5.85	5.86	5.79	5.84	15759354	99046288.00
20120912	5.85	5.89	5.80	5.84	16413856	103482096.00
20120913	5.84	5.88	5.75	5.76	18584163	116512160.00
20120914	5.80	5.81	5.75	5.77	16754496	104315744.00
20120917	5.78	5.79	5.62	5.63	14178474	86665736.00
20120918	5.62	5.64	5.59	5.62	8116626	48638112.00
20120919	5.62	5.66	5.59	5.64	7354637	44195048.00
20120920	5.64	5.64	5.49	5.50	11650798	68742344.00
20120921	5.48	5.53	5.47	5.49	7893799	45957728.00
20120924	5.45	5.50	5.40	5.45	11867606	68272872.00
20120925	5.45	5.45	5.37	5.37	9366075	53309672.00
20120926	5.37	5.40	5.28	5.28	9570123	53476124.00
20120927	5.29	5.61	5.28	5.50	22497713	129381000.00
20120928	5.62	5.91	5.57	5.91	82582710	519832864.00
20121008	6.03	6.23	5.98	6.09	129317521	860776448.00
20121009	6.10	6.21	6.03	6.18	86137641	575178880.00
20121010	6.11	6.18	6.06	6.11	56158403	375124576.00
20121011	6.08	6.10	5.97	5.98	47710646	313571456.00
20121012	6.00	6.08	5.94	6.01	32705976	214050144.00
20121015	5.98	6.00	5.87	5.95	26319161	169179376.00
20121016	5.96	6.08	5.95	5.97	40726213	267812400.00
20121017	6.00	6.03	5.88	5.95	21463511	138616720.00
20121018	5.95	6.04	5.94	6.03	28524746	186833088.00
20121019	6.03	6.03	5.97	5.98	15982053	104365792.00
20121022	5.96	5.98	5.89	5.93	17130916	110117552.00
20121023	5.93	6.01	5.91	5.92	17283104	112008376.00
20121024	5.91	5.97	5.87	5.92	19729619	126567008.00
20121025	5.95	5.96	5.86	5.87	20435613	130674064.00
20121026	5.88	5.88	5.62	5.64	33302004	204439232.00
20121029	5.64	5.71	5.64	5.67	12045811	73044448.00
20121030	5.69	5.69	5.60	5.63	12052383	72609584.00
20121031	5.64	5.69	5.62	5.68	11503877	69644632.00
20121101	5.68	5.78	5.68	5.75	18396790	113508680.00
20121102	5.77	5.80	5.72	5.78	12978863	80434736.00
20121105	5.75	5.81	5.75	5.76	12070595	74946520.00
20121106	5.78	5.78	5.65	5.70	13770085	83966936.00
20121107	5.72	5.75	5.67	5.73	10529304	64463332.00
20121108	5.69	5.69	5.57	5.58	15127738	91088008.00
20121109	5.58	5.62	5.54	5.59	9694177	57612752.00
20121112	5.64	5.71	5.64	5.69	16524525	100382672.00
20121113	5.69	5.69	5.59	5.61	11949200	71809048.00
20121114	5.62	5.67	5.59	5.66	9670223	58115216.00
20121115	5.62	5.68	5.59	5.59	9339980	56051496.00
20121116	5.58	5.59	5.53	5.57	10640179	62892176.00
20121119	5.55	5.59	5.52	5.59	5540010	32738208.00
20121120	5.60	5.61	5.57	5.57	5962457	35425208.00
20121121	5.54	5.66	5.54	5.65	9748456	58266784.00
20121122	5.63	5.67	5.61	5.67	8870429	53474624.00
20121123	5.68	5.69	5.64	5.65	8129274	49257996.00
20121126	5.64	5.66	5.57	5.58	7064428	42168096.00
20121127	5.55	5.58	5.50	5.50	11188675	65764564.00
20121128	5.48	5.49	5.44	5.46	7057438	40714368.00
20121129	5.47	5.50	5.45	5.45	6015400	34785272.00
20121130	5.43	5.50	5.42	5.48	6262024	36290344.00
20121203	5.49	5.50	5.45	5.45	6356288	36785340.00
20121204	5.47	5.49	5.35	5.48	9951706	57062876.00
20121205	5.47	5.66	5.45	5.62	20651292	122874408.00
20121206	5.64	5.65	5.59	5.61	10543453	63130992.00
20121207	5.61	5.68	5.59	5.67	21460294	129493360.00
20121210	5.67	5.74	5.66	5.74	25620717	156671200.00
20121211	5.76	5.79	5.71	5.71	26040205	160817056.00
20121212	5.71	5.74	5.67	5.72	15739457	96140032.00
20121213	5.71	5.71	5.63	5.64	13229522	80200192.00
20121214	5.66	5.89	5.65	5.85	45304753	282347584.00
20121217	5.84	5.88	5.81	5.85	32497377	205200512.00
20121218	5.86	5.91	5.82	5.83	24909719	157950800.00
20121219	5.85	5.91	5.84	5.85	22601589	143466144.00
20121220	5.89	6.01	5.89	5.94	41539725	268329616.00
20121221	5.94	5.96	5.86	5.87	21679630	138505408.00
20121224	5.87	5.91	5.84	5.85	15745247	99797616.00
20121225	5.85	6.01	5.84	5.96	34556775	222823840.00
20121226	5.96	5.97	5.93	5.96	21766266	140573664.00
20121227	5.96	5.98	5.91	5.92	27446921	177224160.00
20121228	5.92	5.96	5.90	5.94	22392374	143969472.00
20121231	5.96	5.98	5.93	5.95	25133809	162280928.00
20130104	5.98	6.01	5.93	5.98	33595239	218468736.00
20130107	6.01	6.15	6.01	6.06	50813703	337500224.00
20130108	6.06	6.13	5.99	6.08	35279968	233220544.00
20130109	6.08	6.15	6.03	6.06	30353255	202397392.00
20130110	6.10	6.22	6.09	6.17	46708373	316475904.00
20130111	6.16	6.20	5.98	5.99	32359005	215562912.00
20130114	5.98	6.19	5.97	6.18	42644486	285501696.00
20130115	6.23	6.66	6.23	6.66	115044326	835575232.00
20130116	6.82	6.93	6.69	6.79	153141399	1176314880.00
20130117	6.81	6.89	6.64	6.69	78372380	597824320.00
20130118	6.72	7.08	6.68	6.96	119543285	930024576.00
20130121	7.03	7.03	6.81	6.93	60061239	470023776.00
20130122	6.91	7.17	6.84	6.97	80778289	643382016.00
20130123	6.96	7.07	6.83	6.95	58452962	459265760.00
20130124	6.97	7.06	6.67	6.75	60602517	469170144.00
20130125	6.79	6.87	6.66	6.79	32428630	247416896.00
20130128	6.81	6.93	6.79	6.85	35866517	276676800.00
20130129	6.88	6.89	6.73	6.78	37822700	289984864.00
20130130	6.79	7.07	6.69	6.93	71876732	561865856.00
20130131	6.96	7.10	6.86	6.97	57846940	459231040.00
20130201	6.97	7.08	6.91	6.97	43383557	343962944.00
20130204	6.98	7.29	6.93	7.26	92534902	752365632.00
20130205	7.19	7.21	7.12	7.19	46169217	377378304.00
20130206	7.18	7.20	7.01	7.05	46032220	371365952.00
20130207	7.05	7.12	6.98	7.08	29583587	236783952.00
20130208	7.08	7.12	7.04	7.07	27732766	223968832.00
20130218	7.11	7.15	7.01	7.03	27227937	219040736.00
20130219	7.03	7.18	6.98	7.03	40574440	325899840.00
20130220	7.01	7.03	6.86	6.98	47003250	369710208.00
20130221	6.92	6.94	6.76	6.79	51084626	395419584.00
20130222	6.78	6.91	6.76	6.79	24585697	189542656.00
20130225	6.83	6.86	6.76	6.79	19930694	152879184.00
20130226	6.79	6.86	6.62	6.64	27269228	207418240.00
20130227	6.67	6.72	6.52	6.59	28522535	210730320.00
20130228	6.63	6.83	6.62	6.83	38998338	298066080.00
20130301	6.83	6.90	6.72	6.88	32257009	247895200.00
20130304	6.84	6.93	6.69	6.74	30328799	232252800.00
20130305	6.79	6.83	6.75	6.81	26959886	206166736.00
20130306	6.85	7.10	6.76	7.01	54777406	432138656.00
20130307	6.97	7.03	6.82	6.88	29828678	234487152.00
20130308	6.88	6.95	6.80	6.82	17354131	134227216.00
20130311	6.79	6.79	6.70	6.71	17039626	128915288.00
20130312	6.71	6.76	6.55	6.62	23248414	172980016.00
20130313	6.60	6.63	6.45	6.48	19321680	140296912.00
20130314	6.47	6.59	6.47	6.54	12656590	92360824.00
20130315	6.56	6.65	6.47	6.56	18659621	136365680.00
20130318	6.57	6.58	6.32	6.34	28198672	200132464.00
20130319	6.34	6.39	6.22	6.30	27875672	193421376.00
20130320	6.30	6.49	6.26	6.46	42636886	301556672.00
20130321	6.47	6.50	6.39	6.44	24226226	173526320.00
20130322	6.42	6.46	6.34	6.37	25348575	179368384.00
20130325	6.40	6.42	6.34	6.38	15594457	110105632.00
20130326	6.40	6.41	6.28	6.32	22223545	155150832.00
20130327	6.28	6.35	6.24	6.27	18866494	131019968.00
20130328	6.25	6.25	6.10	6.10	31128557	209999552.00
20130329	6.14	6.16	6.05	6.08	17642695	117556560.00
20130401	6.08	6.10	6.03	6.10	14582066	96759144.00
20130402	6.11	6.19	6.09	6.14	15193132	102051008.00
20130403	6.14	6.18	6.11	6.13	9501967	63919880.00
20130408	6.08	6.14	5.95	6.13	17393527	114852048.00
20130409	6.15	6.20	6.14	6.18	14882014	100834400.00
20130410	6.24	6.26	6.17	6.21	13297924	90801696.00
20130411	6.25	6.26	6.14	6.14	11313720	76956320.00
20130412	6.17	6.18	6.06	6.13	13798891	92322520.00
20130415	6.10	6.12	6.01	6.03	10568672	69748464.00
20130416	6.01	6.10	5.97	6.10	10183759	67322928.00
20130417	6.10	6.22	6.08	6.15	18288300	123688320.00
20130418	6.13	6.22	6.11	6.12	13769226	92863408.00
20130419	6.11	6.26	6.11	6.26	22503265	153796496.00
20130422	6.23	6.32	6.23	6.27	17545982	121408400.00
20130423	6.27	6.28	6.05	6.06	20143278	135259136.00
20130424	6.08	6.19	6.06	6.14	12444980	83454360.00
20130425	6.15	6.18	6.07	6.09	14100267	94364952.00
20130426	6.13	6.16	6.05	6.08	7907207	52591696.00
20130502	6.09	6.18	6.06	6.10	16220033	108774240.00
20130503	6.12	6.38	6.10	6.32	42964527	297625088.00
20130506	6.36	6.48	6.32	6.39	32097122	228172144.00
20130507	6.42	6.43	6.34	6.37	19728905	139442528.00
20130508	6.41	6.44	6.35	6.39	16894935	119665472.00
20130509	6.40	6.41	6.31	6.35	19334078	136100912.00
20130510	6.32	6.44	6.30	6.44	25782854	183211840.00
20130513	6.46	6.47	6.38	6.42	15133743	107654528.00
20130514	6.46	6.53	6.37	6.44	33620734	241031136.00
20130515	6.47	6.60	6.46	6.59	45188747	328702016.00
20130516	6.62	7.03	6.61	6.83	83438895	643163840.00
20130517	6.79	7.02	6.73	6.92	65889059	513804192.00
20130520	6.93	7.08	6.88	6.91	57413462	453603680.00
20130521	7.35	7.46	7.15	7.20	124942625	1036311424.00
20130522	7.25	7.71	7.15	7.55	155809138	1322794752.00
20130523	7.39	7.71	7.35	7.53	116602664	1018441856.00
20130524	7.53	7.65	7.43	7.59	68397631	596476288.00
20130527	7.57	8.11	7.54	8.03	141433432	1303150336.00
20130528	8.03	8.14	7.87	7.98	86401971	806334976.00
20130529	7.99	8.03	7.83	7.94	56769687	524852160.00
20130530	7.90	7.99	7.84	7.95	50122129	462510848.00
20130531	8.01	8.04	7.49	7.50	90991981	802825664.00
20130603	7.45	7.61	7.42	7.45	57742159	494090816.00
20130604	7.45	7.49	7.27	7.48	55032928	459504224.00
20130605	7.44	7.47	7.31	7.37	37980673	316524352.00
20130606	7.37	7.37	7.20	7.24	32301216	265005200.00
20130607	7.26	7.29	7.04	7.05	41760013	335237888.00
20130613	6.98	7.18	6.78	7.14	45344617	352222304.00
20130614	7.13	7.27	7.10	7.23	42134068	341855616.00
20130617	7.40	7.57	7.27	7.56	73301720	618499968.00
20130618	7.61	7.69	7.50	7.56	47988570	414947488.00
20130619	7.49	7.66	7.39	7.59	42862981	367433344.00
20130620	7.54	7.59	7.05	7.08	47868134	394407264.00
20130621	6.96	7.25	6.81	7.20	34410655	272227872.00
20130624	7.17	7.17	6.76	6.81	47667938	369791424.00
20130625	6.77	7.02	6.44	7.00	66178223	498800192.00
20130626	6.98	7.19	6.91	7.09	45763671	363212448.00
20130627	7.13	7.32	7.09	7.13	54155726	439463296.00
20130628	7.13	7.32	7.00	7.16	34677654	280462016.00
20130701	7.09	7.30	7.09	7.25	26262914	213655872.00
20130702	7.25	7.29	7.15	7.25	30826131	250360496.00
20130703	7.22	7.40	7.15	7.39	44040716	363972736.00
20130704	7.39	7.54	7.30	7.45	42972602	362270880.00
20130705	7.48	7.50	7.20	7.22	48156693	397103040.00
20130708	7.06	7.16	6.84	6.91	38396952	301273184.00
20130709	6.88	6.96	6.86	6.90	16130150	124128072.00
20130710	6.92	7.11	6.91	7.10	25434326	199557008.00
20130711	7.16	7.37	7.16	7.32	42769236	352129248.00
20130712	7.32	7.81	7.30	7.52	81706612	706870208.00
20130715	7.55	7.67	7.52	7.59	44574893	385737376.00
20130716	7.80	8.01	7.68	7.72	71114210	639787968.00
20130717	7.62	7.76	7.47	7.47	47923440	416035744.00
20130718	7.41	7.71	7.39	7.56	44938489	385701056.00
20130719	7.77	7.87	7.49	7.52	65558744	577120512.00
20130722	7.47	7.62	7.41	7.57	35579173	304470112.00
20130723	7.57	7.83	7.57	7.82	65863692	582744256.00
20130724	7.82	7.85	7.64	7.80	47134484	417871552.00
20130725	7.76	7.83	7.60	7.64	41159892	362814560.00
20130726	7.66	7.69	7.32	7.42	49994263	423829856.00
20130729	7.55	7.58	7.32	7.39	38969860	330440128.00
20130730	7.27	7.39	6.97	7.10	67475787	539872512.00
20130731	7.10	7.18	7.05	7.12	34153901	272891456.00
20130801	7.16	7.25	7.13	7.25	34564674	279866880.00
20130802	7.35	7.39	7.27	7.30	38302194	317134304.00
20130805	7.32	7.33	7.16	7.25	31036379	252801200.00
20130806	7.27	7.30	7.17	7.26	33410491	272674336.00
20130807	7.27	7.43	7.17	7.35	55699351	460788032.00
20130808	7.33	7.34	7.20	7.22	31147100	255017312.00
20130809	7.21	7.29	7.14	7.20	28244651	229177120.00
20130812	7.20	7.38	7.20	7.37	46110086	381996096.00
20130813	7.39	7.59	7.36	7.58	69097844	590846016.00
20130814	7.59	7.64	7.46	7.48	50136026	428955648.00
20130815	7.52	7.59	7.37	7.39	32921123	279271232.00
20130816	7.39	7.98	7.32	7.34	72486515	622685248.00
20130819	7.20	7.40	7.16	7.37	32631872	269445152.00
20130820	7.37	7.42	7.26	7.29	28222355	234194848.00
20130821	7.31	7.33	7.21	7.27	18835596	154038016.00
20130822	7.41	7.66	7.41	7.63	89224976	770327168.00
20130823	7.66	7.82	7.53	7.76	103386606	915737472.00
20130826	7.77	7.87	7.65	7.83	58309628	519365696.00
20130827	7.78	7.83	7.71	7.76	41491151	369614688.00
20130828	7.72	7.72	7.56	7.60	43243137	376887200.00
20130829	7.60	7.74	7.57	7.63	26954232	235532224.00
20130830	7.61	7.88	7.57	7.71	54508219	483640160.00
20130902	7.87	7.90	7.71	7.76	44356413	397315968.00
20130903	7.76	8.39	7.73	8.39	163131018	1543998592.00
20130904	8.40	8.51	8.25	8.49	120053982	1173799168.00
20130905	8.49	8.73	8.33	8.35	109723891	1098249984.00
20130906	8.33	8.64	8.27	8.37	67383509	662285888.00
20130909	8.37	8.61	8.37	8.40	68045246	675154432.00
20130910	8.36	8.58	8.25	8.54	53487106	526779616.00
20130911	8.58	8.60	8.31	8.38	48749657	479510112.00
20130912	8.33	8.54	8.32	8.42	40750054	401068256.00
20130913	8.46	8.71	8.39	8.64	63774258	640011520.00
20130916	8.69	9.06	8.61	8.86	89154112	933405376.00
20130917	8.83	9.10	8.69	8.70	67106135	708216640.00
20130918	8.69	8.82	8.54	8.73	40165856	409597888.00
20130923	8.73	9.39	8.73	9.29	84057544	909201152.00
20130924	9.36	9.36	9.00	9.22	52088724	567626560.00
20130925	9.39	9.74	9.34	9.36	81484678	932682880.00
20130926	9.30	9.54	9.20	9.35	59457517	663291712.00
20130927	9.32	9.73	9.32	9.70	73140943	846212800.00
20130930	9.90	10.32	9.89	10.01	66323516	806110464.00
20131008	9.96	10.71	9.89	10.58	71986350	907619392.00
20131009	10.53	10.66	10.31	10.58	61035734	776590528.00
20131010	10.53	10.95	10.36	10.49	63485512	825311872.00
20131011	10.51	10.93	10.17	10.32	81491677	1045964800.00
20131014	10.37	10.53	10.22	10.32	56305169	705227072.00
20131015	10.27	10.53	10.09	10.25	49270568	611185088.00
20131016	10.25	10.37	9.78	9.95	55887614	673071296.00
20131017	10.07	10.24	9.98	10.15	50441398	617372288.00
20131018	10.12	10.15	9.74	9.85	51457472	610051328.00
20131021	9.93	10.70	9.93	10.70	99374485	1264671744.00
20131022	10.90	11.06	10.67	10.75	96529574	1281979776.00
20131023	10.78	10.81	10.02	10.24	64706003	810323008.00
20131024	10.17	10.60	10.05	10.30	31854126	399606912.00
20131025	10.30	10.71	10.17	10.32	61674269	784761344.00
20131028	10.39	10.95	10.35	10.69	66410189	866490112.00
20131029	10.69	10.85	9.79	10.43	59972485	756631104.00
20131030	10.49	10.51	9.77	9.99	60624424	734211840.00
20131031	10.02	10.04	9.14	9.20	94119074	1049147904.00
20131101	9.18	9.45	9.17	9.27	41703105	462193344.00
20131104	9.36	9.64	9.36	9.54	31663402	361555392.00
20131105	9.46	9.78	9.46	9.68	33241599	384734400.00
20131106	9.65	9.88	9.44	9.61	56751008	657213248.00
20131107	9.61	9.62	9.22	9.35	42059855	467219008.00
20131108	9.25	9.30	9.05	9.16	22472525	244636864.00
20131111	9.21	9.52	9.21	9.46	27976963	312826688.00
20131112	9.51	9.76	9.50	9.67	27039543	311831936.00
20131113	9.64	9.64	9.24	9.29	27517502	306987904.00
20131114	9.33	9.59	9.33	9.53	34374282	389959360.00
20131115	9.52	10.10	9.50	9.82	45650403	540682816.00
20131118	9.98	10.15	9.89	10.08	35631578	432068992.00
20131119	10.06	10.28	9.92	10.11	28135375	343394496.00
20131120	10.15	10.22	9.98	10.10	18987361	230332176.00
20131121	10.10	10.11	9.89	9.95	21125625	253927632.00
20131122	9.96	10.08	9.78	9.84	22485522	268193552.00
20131125	9.78	9.93	9.66	9.75	22800926	267733872.00
20131126	9.75	9.78	9.54	9.61	21854136	253171280.00
20131127	9.60	10.00	9.59	9.93	31703053	377084768.00
20131128	9.94	10.09	9.93	9.95	24803873	299348416.00
20131129	9.95	10.01	9.82	9.85	20513515	243456624.00
20131202	9.80	9.80	9.32	9.41	34681375	395587456.00
20131203	9.44	9.58	9.27	9.51	20987431	237065024.00
20131204	9.59	9.81	9.47	9.72	26443843	307100416.00
20131205	9.72	9.82	9.61	9.67	16590228	193099920.00
20131206	9.66	9.67	9.42	9.54	18337616	208469104.00
20131209	9.51	9.65	9.37	9.42	21118596	238432032.00
20131210	9.42	9.49	9.20	9.25	34115742	377526432.00
20131211	9.22	9.22	8.81	8.89	62936217	664938304.00
20131212	8.91	9.01	8.81	8.91	31225647	328089440.00
20131213	8.92	9.00	8.86	8.88	22004254	231637360.00
20131216	8.95	9.16	8.88	9.12	34149135	363878272.00
20131217	9.12	9.16	8.94	9.03	16756177	179258368.00
20131218	9.10	9.10	8.91	8.92	11515879	121916024.00
20131219	8.97	9.00	8.65	8.68	22846954	237240496.00
20131220	8.69	8.77	8.34	8.47	41686827	414445600.00
20131223	8.48	8.53	8.35	8.50	18399591	181573920.00
20131224	8.54	8.69	8.40	8.54	23746161	238973952.00
20131225	8.59	8.78	8.51	8.77	25520417	261455856.00
20131226	8.83	9.15	8.81	8.86	39338528	417768352.00
20131227	8.90	9.12	8.90	9.03	28636886	306673792.00
20131230	9.07	9.18	8.95	8.98	20139232	216624560.00
20131231	8.97	9.14	8.93	9.05	23006508	246566496.00
20140102	9.01	9.10	8.97	9.06	13112078	139933888.00
20140103	9.15	9.42	9.15	9.19	30812101	339970048.00
20140106	9.18	9.18	8.90	8.95	15897341	168556288.00
20140107	8.91	9.34	8.91	9.26	34833357	382609696.00
20140108	9.26	9.29	9.00	9.24	23943420	260735712.00
20140109	9.20	9.40	9.20	9.22	32560477	361641248.00
20140110	9.18	9.20	8.81	8.86	28575784	302527264.00
20140113	8.87	9.00	8.54	8.68	21088062	216009152.00
20140114	8.62	8.64	8.08	8.57	41033301	401932224.00
20140115	8.54	8.66	8.43	8.64	30381030	305048640.00
20140116	8.67	9.04	8.64	8.71	52057560	541488000.00
20140127	9.20	9.22	8.73	8.87	45693829	450800256.00
20140128	8.87	8.91	8.56	8.64	19795111	190947168.00
20140129	8.65	8.67	8.38	8.49	31348388	293538080.00
20140130	8.59	8.83	8.53	8.57	33760530	322773728.00
20140207	8.55	8.56	8.37	8.56	28790825	268778656.00
20140210	8.64	9.38	8.64	9.38	85470606	873455488.00
20140211	9.37	9.42	9.19	9.29	53999536	557489344.00
20140212	9.22	9.22	9.03	9.15	61843773	624463296.00
20140213	9.18	9.52	9.10	9.16	78768703	812795392.00
20140214	9.15	9.24	9.03	9.23	45119306	458274592.00
20140217	9.30	9.34	9.10	9.31	64167368	655798592.00
20140218	9.31	9.95	9.25	9.71	139101521	1491529344.00
20140219	9.72	9.74	9.50	9.64	50556552	540690432.00
20140220	9.73	9.94	9.51	9.55	63570183	686886144.00
20140221	9.55	9.77	9.37	9.48	45979162	488173888.00
20140224	9.44	9.65	9.29	9.62	39256079	413803616.00
20140225	9.62	9.64	8.91	9.06	67609357	693555840.00
20140226	8.96	8.97	8.44	8.72	67430039	649987264.00
20140227	8.94	9.10	8.68	8.72	73430861	724962240.00
20140228	8.77	9.01	8.64	8.94	36708925	358563936.00
20140303	8.94	9.11	8.80	9.10	43728349	435146144.00
20140304	8.98	9.07	8.82	8.91	34254787	339129632.00
20140305	9.01	9.05	8.71	8.76	40893360	399647040.00
20140306	8.75	8.81	8.56	8.81	28968333	277532832.00
20140307	8.77	9.05	8.73	8.85	39289662	387293920.00
20140310	8.72	8.76	8.17	8.39	43091952	404071616.00
20140311	8.39	8.39	8.09	8.17	36319072	329530560.00
20140312	8.18	8.24	7.96	8.24	25840468	230950432.00
20140313	8.21	8.40	8.21	8.29	28453028	260857376.00
20140314	8.23	8.32	8.14	8.18	18131880	163998048.00
20140317	8.21	8.29	8.13	8.28	26074182	236260464.00
20140318	8.29	8.40	8.25	8.29	31526626	289354496.00
20140319	8.29	8.29	7.89	8.00	54483512	481589632.00
20140320	7.95	7.95	7.61	7.62	70305095	599734784.00
20140321	7.59	7.87	7.54	7.79	46754452	394661536.00
20140324	7.89	7.92	7.82	7.87	35231766	304981440.00
20140325	7.87	8.21	7.82	8.12	55571649	494049568.00
20140326	8.16	8.22	8.03	8.15	25964805	232747504.00
20140327	8.12	8.24	8.01	8.06	23819791	213382880.00
20140328	8.04	8.34	8.01	8.08	39285619	354717632.00
20140331	8.08	8.28	8.08	8.17	23309223	210754464.00
20140401	8.19	8.29	8.08	8.21	24610800	221508096.00
20140402	8.24	8.28	8.18	8.24	29567409	268798112.00
20140403	8.31	8.44	8.25	8.31	33754400	311072384.00
20140404	8.31	8.36	8.24	8.31	21693308	198725696.00
20140408	8.29	8.46	8.24	8.43	37645393	347808960.00
20140409	8.46	8.54	8.39	8.48	33592398	314719552.00
20140410	8.51	8.53	8.38	8.49	34411087	320842144.00
20140411	8.46	8.46	8.23	8.26	42468467	389723616.00
20140414	8.25	8.63	8.25	8.62	57616029	538082816.00
20140415	8.65	9.00	8.56	8.66	92244764	897575360.00
20140416	8.60	8.88	8.57	8.72	48842205	471438016.00
20140417	8.78	8.78	8.60	8.65	24004053	229839728.00
20140418	8.59	8.63	8.52	8.57	19580134	185001616.00
20140421	8.75	8.94	8.63	8.67	73320341	714788992.00
20140422	8.68	8.72	8.21	8.48	48210592	449236992.00
20140423	8.46	8.46	8.24	8.31	36266418	332076800.00
20140424	8.29	8.29	8.16	8.21	29750144	269328736.00
20140425	8.21	8.26	8.03	8.05	22541108	202072464.00
20140430	8.18	8.32	8.03	8.11	38396225	345885952.00
20140505	8.11	8.12	7.49	7.86	64596353	550230400.00
20140506	7.82	8.03	7.76	7.98	39363638	341798048.00
20140507	7.90	7.93	7.76	7.78	25333836	218086400.00
20140508	7.77	7.89	7.69	7.71	30056480	257756768.00
20140509	7.72	7.76	7.57	7.62	28377290	237951648.00
20140512	7.70	7.87	7.61	7.84	41104067	350318336.00
20140513	7.88	8.03	7.86	7.90	36517644	318887040.00
20140514	7.95	7.97	7.84	7.87	21506215	186570624.00
20140515	7.87	7.92	7.65	7.68	30077886	257259664.00
20140516	7.64	7.72	7.60	7.69	19524343	164356304.00
20140519	7.69	7.74	7.57	7.63	18323191	153797152.00
20140520	7.69	7.76	7.64	7.69	16613016	140719584.00
20140521	7.64	7.84	7.59	7.83	22997998	196146512.00
20140522	7.87	7.97	7.78	7.79	31755252	275309408.00
20140523	7.78	7.85	7.66	7.79	24663045	209569088.00
20140526	7.82	7.94	7.80	7.93	28346837	245680400.00
20140527	8.01	8.14	7.89	8.03	57218540	505422240.00
20140528	8.02	8.10	7.94	8.05	37861201	334788768.00
20140529	8.06	8.12	7.95	7.96	36611380	324821856.00
20140530	8.01	8.22	7.99	8.06	53206390	475697184.00
20140603	8.08	8.12	7.84	7.86	46964652	410973664.00
20140604	7.86	7.87	7.63	7.72	35457159	299804160.00
20140605	7.77	7.85	7.73	7.81	34939513	299514688.00
20140606	7.81	7.86	7.69	7.74	22578227	192761968.00
20140609	7.71	7.79	7.66	7.70	19451529	165199552.00
20140610	7.73	7.83	7.69	7.82	25630949	219042576.00
20140611	7.82	7.94	7.78	7.90	31123645	269259264.00
20140612	7.90	7.96	7.83	7.95	30262152	263480448.00
20140613	7.90	8.08	7.87	8.06	46595987	410143360.00
20140616	8.14	8.14	8.04	8.06	31763967	278528000.00
20140617	8.05	8.05	7.89	7.91	28991151	250377856.00
20140618	7.91	7.97	7.89	7.93	18759768	161309600.00
20140619	7.95	7.97	7.67	7.72	34213205	288478400.00
20140620	7.73	7.78	7.65	7.76	21651908	181013600.00
20140623	7.77	7.85	7.75	7.80	20830720	175972224.00
20140624	7.79	7.83	7.71	7.78	23485861	197550960.00
20140625	7.78	7.78	7.68	7.74	18119118	151217264.00
20140626	7.78	7.83	7.75	7.78	21713034	183226416.00
20140627	7.80	7.83	7.74	7.80	20895979	176312416.00
20140630	7.80	7.86	7.78	7.84	23493626	199457152.00
20140701	7.87	7.99	7.84	7.97	39242532	338039264.00
20140702	7.98	8.02	7.89	7.97	26817175	231089968.00
20140703	7.97	8.06	7.91	8.00	34408577	298119872.00
20140704	8.00	8.01	7.89	7.92	30226489	260197296.00
20140707	7.88	7.96	7.84	7.90	25331198	216448720.00
20140708	7.90	7.91	7.80	7.85	25662491	218037728.00
20140709	7.84	7.86	7.71	7.72	36272011	305586720.00
20140710	7.76	7.83	7.71	7.79	28209974	237411600.00
20140711	7.81	8.04	7.80	8.02	69399609	600636416.00
20140714	8.03	8.23	8.02	8.16	59786556	528930944.00
20140715	8.18	8.18	8.02	8.11	35039978	307850272.00
20140716	8.11	8.12	8.03	8.08	27125009	237760432.00
20140717	8.08	8.09	7.95	8.01	25049751	217330960.00
20140718	7.96	8.14	7.94	8.06	30481944	267438160.00
20140721	8.08	8.14	7.99	8.03	21807060	190905072.00
20140722	8.02	8.23	7.97	8.20	63267382	560922432.00
20140723	8.24	8.32	8.13	8.19	46793780	418347040.00
20140724	8.23	8.35	8.18	8.34	55276564	496838816.00
20140725	8.36	8.40	8.29	8.37	45276086	411164736.00
20140728	8.37	8.54	8.33	8.52	74875898	687963584.00
20140729	8.51	8.55	8.44	8.55	54847469	508511616.00
20140730	8.53	8.56	8.38	8.40	51069466	469384352.00
20140731	8.40	8.46	8.35	8.44	42302935	386371936.00
20140801	8.41	8.50	8.30	8.31	49355488	451541408.00
20140804	8.33	8.44	8.33	8.43	38985061	355580608.00
20140805	8.45	8.48	8.35	8.41	37171795	339548384.00
20140806	8.37	8.39	8.29	8.35	44955209	407877920.00
20140807	8.35	8.55	8.30	8.53	88448436	814820224.00
20140808	8.53	8.58	8.45	8.50	54696043	508049984.00
20140811	8.53	8.69	8.51	8.65	61938825	582684800.00
20140812	8.63	8.70	8.58	8.64	43790160	412198816.00
20140813	8.66	8.67	8.39	8.50	48233925	446966176.00
20140814	8.48	8.53	8.41	8.44	36485410	336301184.00
20140815	8.46	8.53	8.43	8.50	34951342	322914464.00
20140818	8.55	8.60	8.46	8.52	42296342	392219552.00
20140819	8.54	8.55	8.42	8.48	44463487	410976704.00
20140820	8.48	8.60	8.44	8.51	45983784	427260672.00
20140821	8.49	8.54	8.37	8.42	35376036	325105504.00
20140822	8.42	8.51	8.40	8.47	34297188	315746624.00
20140825	8.47	8.49	8.37	8.38	30889592	282617600.00
20140826	8.38	8.43	8.19	8.22	40164226	362397248.00
20140827	8.22	8.26	8.15	8.20	30529287	272040768.00
20140828	8.26	8.42	8.22	8.28	42576559	385040032.00
20140829	8.29	8.36	8.26	8.35	20660891	186756656.00
20140901	8.36	8.43	8.33	8.41	36418419	331954784.00
20140902	8.52	8.67	8.50	8.59	84648641	791941184.00
20140903	8.60	9.10	8.59	9.07	173664840	1683230976.00
20140904	9.04	9.11	8.92	9.04	93869911	925219264.00
20140905	9.13	9.24	8.97	9.09	85895811	854614272.00
20140909	9.14	9.38	9.02	9.20	95882781	964747904.00
20140910	9.19	9.36	9.12	9.20	72507904	733157952.00
20140911	9.26	9.51	9.23	9.42	117642824	1207792128.00
20140912	9.37	9.44	9.25	9.38	55771015	570316608.00
20140915	9.56	9.62	9.29	9.32	89950761	928834368.00
20140916	9.31	9.31	8.91	8.93	102437494	1019153152.00
20140917	8.93	9.03	8.83	8.99	54643777	534389312.00
20140918	8.99	9.01	8.90	9.00	39856561	390156224.00
20140919	8.99	9.01	8.87	8.98	54598146	533412384.00
20140922	8.95	9.10	8.87	8.94	55237666	542149824.00
20140923	8.91	9.10	8.91	9.06	46025740	453505600.00
20140924	9.04	9.21	8.99	9.17	57875313	577891520.00
20140925	9.18	9.35	9.12	9.13	66252663	670349376.00
20140926	9.12	9.31	9.10	9.19	46225288	465776160.00
20140929	9.22	9.30	9.12	9.17	51752837	519644800.00
20140930	9.18	9.20	9.08	9.12	43192624	430962944.00
20141008	9.13	9.21	9.13	9.19	45661564	458121184.00
20141009	9.20	9.28	9.12	9.20	53937029	542896512.00
20141010	9.19	9.20	8.99	9.03	61834592	615028288.00
20141013	8.99	8.99	8.80	8.90	51340266	498347552.00
20141014	8.87	8.93	8.76	8.83	51816739	501354368.00
20141015	8.82	8.88	8.77	8.88	37527483	361815648.00
20141016	8.84	8.89	8.74	8.76	40431252	388950624.00
20141017	8.74	8.86	8.72	8.83	37259082	357651904.00
20141020	8.86	8.93	8.80	8.89	36292707	352351104.00
20141021	8.92	8.93	8.79	8.80	30729796	296924800.00
20141022	8.80	8.84	8.75	8.76	23798874	228379184.00
20141023	8.76	8.78	8.47	8.48	50437129	471431264.00
20141024	8.49	8.55	8.44	8.52	28163631	260471264.00
20141027	8.55	8.60	8.46	8.57	23894202	222607536.00
20141028	8.61	8.76	8.60	8.75	36582801	346826432.00
20141029	8.80	8.84	8.74	8.82	48559959	466230848.00
20141030	8.83	8.92	8.78	8.87	56256320	544537088.00
20141031	8.89	8.93	8.81	8.89	48745698	472099936.00
20141103	8.91	8.99	8.84	8.88	48926250	477025888.00
20141104	8.98	9.36	8.98	9.28	188356282	1898103808.00
20141105	9.39	9.46	9.12	9.14	116610778	1178882944.00
20141106	9.14	9.28	9.12	9.22	76247974	767057024.00
20141107	9.31	9.47	9.11	9.14	118786751	1213463936.00
20141110	9.19	9.46	9.19	9.41	122717558	1259044352.00
20141111	9.62	9.76	9.33	9.44	180677549	1885710848.00
20141112	9.44	9.55	9.25	9.42	86420830	888435072.00
20141113	9.47	9.55	9.19	9.22	94005016	959589056.00
20141114	9.15	9.16	9.02	9.11	57614850	572076544.00
20141117	9.18	9.23	9.08	9.13	52349900	524625504.00
20141118	9.13	9.20	9.06	9.08	45346409	451111520.00
20141119	9.08	9.17	8.99	9.14	43510104	432783616.00
20141120	9.21	9.43	9.21	9.31	94632820	967608960.00
20141121	9.30	9.33	9.19	9.30	62472961	632694336.00
20141124	9.40	9.59	9.30	9.46	122932021	1271723904.00
20141125	9.53	9.59	9.42	9.51	94439310	981886016.00
20141126	9.50	9.59	9.32	9.41	102801242	1064089216.00
20141127	9.44	9.51	9.30	9.38	89101029	914638784.00
20141128	9.38	9.44	9.26	9.44	97342828	995518848.00
20141201	9.42	9.58	9.31	9.40	103221629	1071102592.00
20141202	9.40	9.52	9.36	9.47	104357851	1079844864.00
20141203	9.54	9.96	9.49	9.86	213552642	2285416192.00
20141204	9.86	10.17	9.79	10.05	169341255	1847629568.00
20141205	10.07	10.18	9.40	9.70	171087361	1841447552.00
20141208	9.70	10.32	9.60	10.29	205663681	2276973312.00
20141209	10.31	11.03	9.91	10.09	312585762	3640670720.00
20141210	10.27	10.83	10.13	10.77	189339154	2197125120.00
20141211	10.85	11.15	10.55	10.69	171259277	2043117440.00
20141212	10.74	10.88	10.51	10.65	101872568	1197781120.00
20141215	10.54	11.04	10.38	10.96	148537365	1750722304.00
20141216	11.02	11.29	10.78	10.95	132545290	1608842752.00
20141217	11.04	11.17	10.66	10.81	147480115	1782359296.00
20141218	10.74	11.11	10.66	10.91	123885751	1488155904.00
20141219	10.79	11.17	10.53	11.17	172229362	2067479680.00
20141222	11.46	12.17	11.17	11.50	236807992	3054002432.00
20141223	11.56	11.68	11.04	11.13	118750220	1490826880.00
20141224	11.17	11.24	10.70	10.85	129226277	1550119936.00
20141225	10.91	11.44	10.73	11.43	130851267	1609765760.00
20141226	11.39	11.69	11.30	11.49	140433283	1791341312.00
20141229	11.54	11.72	11.22	11.45	132441076	1688597760.00
20141230	11.37	11.39	10.96	11.02	106669800	1310470144.00
20141231	11.00	11.36	11.00	11.20	86564364	1072581760.00
20150105	11.24	11.69	11.24	11.56	138736516	1768615040.00
20150106	11.57	12.43	11.56	12.12	235977204	3166411520.00
20150107	11.91	12.25	11.81	12.11	135739336	1810289664.00
20150108	12.27	12.43	11.89	11.94	128786866	1741030656.00
20150109	11.86	12.08	11.62	11.64	117044917	1537747584.00
20150112	11.65	11.84	11.41	11.51	80769700	1035405568.00
20150113	11.62	11.81	11.52	11.65	57282785	739746176.00
20150114	11.66	11.87	11.30	11.37	78964622	1010035072.00
20150115	11.43	11.62	11.19	11.62	75310900	948404480.00
20150116	11.72	12.08	11.57	11.91	114992000	1505999104.00
20150119	11.52	12.20	11.11	11.43	183733815	2380845824.00
20150120	11.43	11.68	11.32	11.62	122081412	1560959104.00
20150121	11.69	12.09	11.62	11.99	137930362	1811701120.00
20150122	12.04	12.10	11.80	11.94	95040800	1257120512.00
20150123	12.09	12.13	11.70	11.78	104254125	1374418688.00
20150126	11.78	12.01	11.69	12.00	108149145	1421485312.00
20150127	12.00	12.04	11.56	11.79	104848907	1369593344.00
20150128	11.69	11.82	11.56	11.65	75818406	979348160.00
20150129	11.61	11.77	11.53	11.56	65709226	846379456.00
20150130	11.61	11.67	11.10	11.11	110465180	1382935808.00
20150202	10.98	10.99	10.74	10.78	84515879	1012347840.00
20150203	10.84	11.02	10.79	10.96	61862282	743759744.00
20150204	11.01	11.03	10.69	10.72	78350505	936152128.00
20150205	10.86	10.90	10.35	10.36	115584008	1340941952.00
20150206	10.31	10.47	10.25	10.34	63816064	727908736.00
20150209	10.37	10.46	10.33	10.40	39505278	452162432.00
20150210	10.40	10.44	10.23	10.43	55781955	636659712.00
20150211	10.46	10.64	10.44	10.56	45116543	524513056.00
20150212	10.55	10.67	10.46	10.60	37162571	432607040.00
20150213	10.65	10.95	10.65	10.78	75962407	908916672.00
20150216	10.79	10.99	10.79	10.95	53124736	641231616.00
20150217	11.01	11.05	10.84	10.87	43665919	526427616.00
20150225	10.91	10.97	10.74	10.77	44509634	532501664.00
20150226	10.77	11.09	10.66	11.08	81865280	986283456.00
20150227	11.07	11.15	11.01	11.04	60405617	739047296.00
20150302	11.15	11.39	11.07	11.36	94232952	1171741440.00
20150303	11.30	11.36	11.05	11.08	77437821	960088064.00
20150304	11.16	11.19	11.00	11.11	49082793	601236224.00
20150305	11.11	11.11	10.85	10.93	57654206	696205184.00
20150306	10.93	11.22	10.87	11.05	62798482	765841856.00
20150309	11.03	11.11	10.85	11.08	50877719	616281408.00
20150310	11.14	11.39	11.10	11.24	86631426	1080131584.00
20150311	11.26	11.37	11.11	11.17	52827265	655437440.00
20150312	11.20	11.46	11.20	11.33	82264590	1031375104.00
20150313	11.43	11.53	11.19	11.28	67307125	842600064.00
20150316	11.30	11.44	11.26	11.43	98451845	1238733312.00
20150317	11.46	11.62	11.42	11.55	108921975	1389270656.00
20150318	11.66	11.89	11.56	11.88	145770559	1900359808.00
20150319	11.87	12.00	11.75	11.98	139221716	1835063040.00
20150320	12.04	12.15	11.75	11.88	119227576	1577014144.00
20150323	11.90	12.12	11.85	12.11	160342092	2124825216.00
20150324	12.17	12.21	11.67	11.89	147221184	1943477888.00
20150325	11.93	12.13	11.85	12.06	142231376	1890934016.00
20150326	12.06	12.40	11.93	12.13	155909304	2111304960.00
20150327	12.18	12.64	11.95	12.59	208638165	2864045056.00
20150330	13.02	13.63	13.02	13.31	273036561	4059494656.00
20150331	13.41	13.41	12.90	12.96	190393780	2783176192.00
20150401	12.97	14.20	12.97	14.20	207279251	3182488832.00
20150402	14.50	14.85	14.16	14.55	357161347	5777282560.00
20150403	14.31	14.41	14.09	14.38	186937102	2979057920.00
20150407	14.52	14.90	14.35	14.50	210610668	3431877632.00
20150408	14.52	14.68	13.93	14.34	190328766	3041172736.00
20150409	14.30	14.33	13.73	14.29	171258332	2680742656.00
20150410	14.31	15.33	14.24	15.05	272938088	4541664768.00
20150414	15.89	16.04	15.02	15.07	279390483	4831948800.00
20150415	15.07	15.07	14.14	14.36	183897799	2987112448.00
20150416	14.20	15.02	14.07	14.79	170743900	2804277504.00
20150417	15.09	15.65	14.83	15.45	281859707	4822520320.00
20150420	15.46	16.94	15.26	16.53	416766696	7617164800.00
20150421	16.41	16.71	15.67	16.29	235197696	4251607552.00
20150422	16.65	16.80	16.31	16.42	239233364	4423118848.00
20150423	16.45	17.43	16.45	16.67	264943687	5025047040.00
20150424	16.22	16.41	15.80	16.15	208721130	3770579712.00
20150427	16.32	16.47	15.89	16.22	192544032	3487631360.00
20150428	16.15	16.20	15.20	15.33	192681331	3362959360.00
20150429	15.45	15.87	15.21	15.53	117721056	2046617472.00
20150430	15.56	16.21	15.56	15.71	131190511	2342881792.00
20150504	15.71	16.13	15.38	16.03	139471636	2475664640.00
20150505	16.01	16.01	15.02	15.06	140320503	2425126400.00
20150506	15.15	15.33	14.23	14.55	141662572	2361119744.00
20150507	14.47	14.75	14.33	14.42	87896710	1423688576.00
20150508	14.60	14.76	14.34	14.69	99359323	1616722048.00
20150511	14.85	15.15	14.67	15.15	129414984	2161158912.00
20150512	15.21	15.60	15.21	15.41	150489116	2594528256.00
20150513	15.47	15.76	15.11	15.20	143663461	2478895616.00
20150514	15.23	15.66	15.23	15.46	140139711	2427448064.00
20150515	15.41	15.41	14.72	14.78	123784402	2063961984.00
20150518	14.78	15.24	14.70	14.90	103715414	1741671296.00
20150519	14.90	16.04	14.85	15.95	220289281	3845622016.00
20150520	16.06	16.37	15.75	15.81	227364459	4115396608.00
20150521	15.89	16.28	15.86	16.14	157284338	2831587072.00
20150522	16.32	16.49	15.98	16.48	228055221	4166822400.00
20150525	16.48	16.89	16.37	16.80	233946033	4381379584.00
20150526	16.84	17.69	16.84	17.22	251564901	4884359168.00
20150527	17.08	17.09	16.32	16.48	270821522	5040271360.00
20150528	16.47	16.65	15.07	15.14	225292415	4056132096.00
20150529	15.11	15.51	14.33	15.16	160166799	2705614848.00
20150601	15.20	15.91	15.20	15.82	146256264	2563561728.00
20150602	15.90	16.15	15.63	16.12	169625567	3030053632.00
20150603	16.13	16.20	15.55	15.84	149331265	2651170048.00
20150604	16.01	16.56	15.20	16.54	228484170	4120643584.00
20150605	16.86	18.15	16.86	17.94	452089249	8958837760.00
20150608	18.14	18.14	17.13	17.67	296898728	5869212672.00
20150609	17.70	18.10	17.31	17.80	227051430	4526452224.00
20150610	17.50	17.77	17.36	17.42	180010549	3550400768.00
20150611	17.38	17.57	16.93	17.16	156995788	3023966720.00
20150612	17.25	17.47	16.94	17.19	167696212	3239739904.00
20150615	17.33	17.68	17.12	17.38	200993242	3931740672.00
20150616	17.07	17.18	15.92	16.06	195062504	3605135616.00
20150617	16.06	16.37	15.44	16.29	151888466	2699217408.00
20150618	16.26	16.26	15.33	15.45	124475024	2212231424.00
20150619	15.20	15.35	14.17	14.21	126987929	2101095296.00
20150623	14.20	14.74	13.38	14.64	123569940	1973699584.00
20150624	14.90	15.18	14.61	14.89	143435969	2387213056.00
20150625	14.98	15.05	13.81	14.07	126158230	2053514496.00
20150626	13.73	13.85	12.71	12.71	159134976	2342505728.00
20150629	13.12	13.24	11.50	12.13	185021533	2546624768.00
20150630	12.12	13.30	11.82	13.30	185479595	2609691648.00
20150701	13.47	14.02	12.95	13.08	210743008	3197421824.00
20150702	13.39	13.64	12.17	12.96	161735238	2369763584.00
20150703	12.98	13.55	11.92	12.96	174983893	2500246528.00
20150706	14.20	14.20	13.03	13.64	237009257	3597169152.00
20150707	13.37	13.61	12.32	12.32	248117364	3459079168.00
20150708	11.14	11.86	11.14	11.14	223397346	2777977344.00
20150714	12.20	12.20	12.20	12.20	7529240	101945912.00
20150715	13.37	13.37	12.20	12.67	297742369	4287160320.00
20150716	12.51	13.12	11.78	12.98	152743811	2153570304.00
20150717	13.04	13.94	12.98	13.73	181102523	2705964544.00
20150720	13.90	14.11	13.47	13.71	175815864	2704285184.00
20150721	13.49	13.88	13.33	13.73	118017208	1795452928.00
20150722	13.86	14.05	13.47	13.89	131748938	2029385344.00
20150723	13.91	14.05	13.65	14.00	140271344	2152332800.00
20150724	14.00	14.03	13.41	13.50	142777076	2168643072.00
20150727	13.21	13.49	12.21	12.21	136415875	1925536640.00
20150728	11.80	12.27	11.18	11.85	127051230	1632605184.00
20150729	12.01	12.52	11.79	12.45	93358461	1229811712.00
20150730	12.48	12.53	11.97	12.06	84933335	1149012096.00
20150731	11.93	12.12	11.73	12.06	62526573	815812544.00
20150803	11.87	12.36	11.82	12.18	70376501	934753664.00
20150804	12.27	12.77	12.19	12.77	96594608	1323607680.00
20150805	12.64	12.71	12.31	12.36	86150987	1183562496.00
20150806	12.09	12.45	12.05	12.27	46751383	628654976.00
20150807	12.38	12.73	12.35	12.57	88363952	1220334464.00
20150810	12.71	13.33	12.62	13.21	137761384	1967243008.00
20150811	13.17	13.50	13.01	13.07	104543190	1519734656.00
20150812	13.00	13.13	12.78	12.79	71849836	1022214976.00
20150813	12.74	13.01	12.54	12.99	74771632	1052190912.00
20150814	13.15	13.47	13.05	13.18	110536820	1613290112.00
20150817	13.20	13.47	13.19	13.45	92233989	1356910848.00
20150818	13.43	13.43	12.17	12.17	120160758	1687744512.00
20150819	11.88	12.52	11.51	12.44	84977884	1126655872.00
20150820	12.39	12.45	11.88	11.95	51803487	693592832.00
20150821	11.87	12.07	11.44	11.57	68965382	888882496.00
20150824	11.11	11.29	10.48	10.48	92352019	1064867136.00
20150825	9.54	9.80	9.50	9.50	124583064	1283403776.00
20150826	9.65	9.83	8.87	9.04	99963915	1011437504.00
20150827	9.16	9.53	9.11	9.52	77932878	784690496.00
20150828	9.73	10.13	9.57	9.99	100062640	1063084672.00
20150831	9.99	10.62	9.60	10.58	112870456	1223141120.00
20150901	10.29	10.45	9.83	10.39	103649143	1145926144.00
20150902	9.93	10.44	9.84	10.27	93242896	1035250752.00
20150907	10.40	10.70	9.89	9.98	73657126	827353216.00
20150908	9.89	10.31	9.79	10.27	41296735	449973984.00
20150909	10.39	10.58	10.27	10.47	61492329	697731520.00
20150910	10.36	10.45	10.21	10.30	40887135	458773696.00
20150911	10.26	10.38	10.13	10.23	32191015	357709472.00
20150914	10.37	10.46	9.78	10.45	95378742	1054847040.00
20150915	10.23	10.27	9.64	10.05	55463019	599377792.00
20150916	9.95	10.91	9.93	10.68	62204690	703537216.00
20150917	10.57	10.73	10.27	10.28	67913115	777501632.00
20150918	10.33	10.45	10.21	10.27	27969079	313063968.00
20150921	10.15	10.53	10.08	10.48	35288150	397438752.00
20150922	10.52	10.63	10.44	10.52	43826262	502190176.00
20150923	10.39	10.47	10.17	10.22	35222916	393692480.00
20150924	10.30	10.41	10.20	10.27	22565328	252114576.00
20150925	10.24	10.36	9.95	10.02	32437210	355448928.00
20150928	10.02	10.08	9.87	10.04	14895783	161293936.00
20150929	9.89	9.89	9.72	9.73	17769763	188626432.00
20150930	9.83	9.85	9.72	9.75	13690257	144763024.00
20151008	10.10	10.24	10.02	10.13	32301649	355075488.00
20151009	10.13	10.42	10.10	10.31	33010604	367881088.00
20151012	10.31	10.79	10.30	10.72	77514340	894944768.00
20151013	10.66	10.91	10.59	10.84	58225033	681557120.00
20151014	10.73	10.82	10.55	10.57	46430399	539465792.00
20151015	10.57	10.83	10.53	10.82	52914345	617006208.00
20151016	10.91	11.09	10.80	10.98	74663265	890638912.00
20151019	10.99	11.05	10.62	10.78	60587149	715576192.00
20151020	10.76	10.96	10.70	10.95	46879832	551770816.00
20151021	10.95	10.99	10.31	10.73	93296344	1085513984.00
20151022	10.66	11.16	10.56	11.11	86572414	1028271552.00
20151023	11.10	11.17	10.88	11.12	78354326	944386176.00
20151026	11.25	11.30	11.02	11.17	64944532	789027200.00
20151027	11.17	11.17	10.72	11.02	49442405	588625920.00
20151028	11.17	11.35	10.94	11.00	68729964	837738560.00
20151029	11.04	11.16	10.87	10.99	38611364	463779296.00
20151030	10.91	11.04	10.78	10.88	35058819	416552128.00
20151102	10.75	10.97	10.71	10.76	30176614	356183360.00
20151103	10.78	10.88	10.68	10.72	23803624	279188576.00
20151104	10.79	11.14	10.76	11.12	65038078	778867712.00
20151105	11.12	11.82	11.05	11.51	145687660	1823610112.00
20151106	11.44	11.68	11.40	11.66	94653494	1197423232.00
20151109	11.61	11.94	11.54	11.82	94288464	1211956736.00
20151110	11.79	11.81	11.53	11.68	59898989	767579584.00
20151111	11.64	11.68	11.49	11.63	52770386	667263808.00
20151112	11.86	11.96	11.61	11.74	75678336	974179584.00
20151113	11.55	11.68	11.43	11.45	52635284	662733760.00
20151116	11.25	11.71	11.19	11.70	54043828	675574528.00
20151117	11.77	11.81	11.50	11.54	63358862	810624640.00
20151118	11.57	11.77	11.37	11.40	36214648	457338432.00
20151119	11.45	11.53	11.32	11.52	29736472	371203584.00
20151120	11.52	11.59	11.43	11.48	38248936	480907232.00
20151123	11.53	11.60	11.36	11.40	39778266	499481344.00
20151124	11.37	11.39	11.21	11.37	28073334	346357664.00
20151125	11.36	11.45	11.28	11.45	34596598	430237760.00
20151126	11.51	11.59	11.37	11.47	45762154	574380544.00
20151127	11.43	11.43	10.65	10.66	53348862	643112320.00
20151130	10.69	10.89	10.28	10.73	35220728	408103584.00
20151201	10.75	10.86	10.61	10.78	32725562	382849152.00
20151202	10.79	11.09	10.65	11.06	40628787	483175552.00
20151203	11.01	11.11	10.94	11.07	31532552	378402560.00
20151204	10.98	11.03	10.79	10.83	30263510	360239648.00
20151207	10.84	10.98	10.79	10.90	21813776	258357136.00
20151208	10.83	10.83	10.51	10.52	26855256	310783552.00
20151209	10.52	10.59	10.42	10.45	24832004	283672608.00
20151210	10.50	10.61	10.46	10.49	20533156	234843856.00
20151211	10.50	10.56	10.34	10.35	22104348	249570656.00
20151214	10.28	10.57	10.26	10.57	37814076	428710496.00
20151215	10.59	10.68	10.55	10.62	26659193	308112928.00
20151216	10.74	10.83	10.64	10.66	30007937	351272416.00
20151217	10.75	10.91	10.74	10.84	55732881	656965312.00
20151218	10.84	10.98	10.72	10.91	49218567	580539136.00
20151221	10.93	11.20	10.91	11.08	68822614	832146560.00
20151222	11.22	11.30	11.00	11.08	58298219	704957184.00
20151223	11.17	11.28	11.00	11.02	62491991	757458304.00
20151224	11.08	11.20	10.98	11.12	43620812	527304960.00
20151225	11.15	11.16	10.98	11.04	29878918	360000000.00
20151228	11.09	11.12	10.72	10.75	49987384	596797184.00
20151229	10.75	10.81	10.63	10.79	34495724	401846368.00
20151230	10.79	10.79	10.67	10.78	23869709	279299136.00
20151231	10.81	11.04	10.79	10.81	41028869	488159520.00
20160104	10.83	10.89	9.98	10.02	32139880	366418624.00
20160105	9.76	10.40	9.72	10.23	55915087	616036544.00
20160106	10.20	10.38	10.15	10.33	33251499	370418976.00
20160107	10.21	10.21	9.51	9.61	8382148	90210848.00
20160108	9.87	9.99	9.45	9.81	37632009	398903584.00
20160111	9.62	9.78	9.18	9.19	41905714	427819776.00
20160112	9.30	9.39	9.16	9.31	29062730	291095904.00
20160113	9.39	9.41	8.93	8.96	31873273	315938176.00
20160114	8.79	9.16	8.70	9.10	30764734	296005952.00
20160115	9.09	9.10	8.72	8.76	28639667	273322720.00
20160118	8.67	8.94	8.61	8.82	19143355	181359520.00
20160119	8.80	9.15	8.80	9.14	33715633	327107584.00
20160120	9.11	9.32	9.04	9.16	37731103	373623424.00
20160121	9.04	9.18	8.76	8.80	25915262	250854016.00
20160122	8.92	8.98	8.74	8.89	18241265	173699952.00
20160125	8.99	9.07	8.87	8.97	15778949	152423472.00
20160126	8.88	8.88	8.22	8.23	30887448	283684640.00
20160127	8.30	8.36	7.85	8.14	32334223	279354784.00
20160128	8.03	8.14	7.76	7.78	22102272	187184864.00
20160129	7.80	8.10	7.78	8.02	27117468	229361280.00
20160201	7.97	8.03	7.77	7.84	23841496	200175312.00
20160202	7.84	8.14	7.84	8.13	25984143	222417888.00
20160203	8.01	8.10	7.93	8.06	20517811	174790464.00
20160204	8.09	8.20	8.07	8.16	26368379	229073376.00
20160205	8.24	8.29	8.11	8.12	23939422	209345088.00
20160215	7.93	8.13	7.90	8.07	17781313	151686032.00
20160216	8.10	8.37	8.10	8.35	29026286	257006928.00
20160217	8.33	8.43	8.30	8.41	29553961	264290352.00
20160218	8.48	8.52	8.35	8.36	26698844	240958688.00
20160219	8.33	8.39	8.25	8.32	25637713	227902592.00
20160222	8.43	8.52	8.37	8.50	29263224	264692736.00
20160223	8.54	8.58	8.37	8.42	31306010	283422368.00
20160224	8.42	8.55	8.33	8.55	33267934	300657856.00
20160225	8.55	8.55	7.83	7.86	45968065	401738912.00
20160226	7.97	7.99	7.83	7.90	26818550	225760224.00
20160229	7.92	7.94	7.48	7.65	35254569	285138112.00
20160301	7.70	7.84	7.60	7.78	25313187	207512704.00
20160302	7.80	8.16	7.78	8.12	43534122	369825632.00
20160303	8.11	8.20	8.04	8.17	40951954	354821088.00
20160304	8.11	8.35	8.02	8.27	57712508	504947200.00
20160307	8.30	8.39	8.23	8.30	27734288	246376512.00
20160308	8.30	8.37	8.00	8.35	29844850	260188032.00
20160309	8.20	8.27	8.08	8.26	23633567	205970304.00
20160310	8.23	8.27	8.03	8.05	18874626	164434800.00
20160311	8.03	8.08	7.92	8.04	13336769	113754472.00
20160314	8.10	8.30	8.08	8.29	29768037	262096784.00
20160315	8.29	8.31	8.11	8.29	29088014	255233824.00
20160316	8.26	8.33	8.24	8.29	38750209	343476736.00
20160317	8.30	8.42	8.26	8.39	29974931	268002976.00
20160318	8.45	8.58	8.42	8.52	49237343	448408928.00
20160321	8.59	8.67	8.55	8.62	51023180	470874272.00
20160322	8.59	8.67	8.55	8.58	29734031	273912960.00
20160323	8.58	8.66	8.51	8.64	28341616	260624848.00
20160324	8.58	8.58	8.42	8.42	33862024	307534944.00
20160325	8.33	8.42	8.33	8.39	24027412	214898880.00
20160328	8.46	8.51	8.34	8.35	23488779	212205936.00
20160329	8.35	8.42	8.24	8.27	25406541	225998048.00
20160330	8.32	8.50	8.32	8.49	27547843	248198048.00
20160331	8.56	8.58	8.49	8.51	34146118	311727232.00
20160401	8.51	8.53	8.33	8.49	26770889	241638656.00
20160405	8.49	8.65	8.48	8.60	45084139	414747360.00
20160406	8.58	8.72	8.54	8.62	36130072	333684192.00
20160407	8.64	8.74	8.59	8.60	48515476	450784832.00
20160408	8.55	8.55	8.35	8.44	31603444	285485344.00
20160411	8.49	8.61	8.48	8.56	28860393	264994896.00
20160412	8.56	8.58	8.42	8.48	23369520	211976608.00
20160413	8.53	8.69	8.51	8.62	49836475	461420256.00
20160414	8.67	8.68	8.59	8.66	30208253	279476288.00
20160415	8.67	8.70	8.61	8.66	24879976	230710800.00
20160418	8.62	8.62	8.49	8.54	24024997	219975952.00
20160419	8.55	8.59	8.48	8.52	18435249	168080432.00
20160420	8.54	8.55	8.08	8.32	42823597	379698432.00
20160421	8.25	8.30	8.22	8.23	19007972	167662192.00
20160422	8.23	8.26	8.18	8.24	11386597	99904392.00
20160425	8.22	8.24	8.11	8.18	13418165	117058720.00
20160426	8.17	8.23	8.16	8.23	14717548	128687568.00
20160427	8.23	8.28	8.18	8.21	15448717	135710240.00
20160428	8.23	8.26	8.11	8.24	17413128	152161680.00
20160429	8.18	8.22	8.16	8.17	14588613	127370312.00
20160503	8.21	8.37	8.15	8.36	23832415	211372752.00
20160504	8.31	8.41	8.30	8.34	20023855	178756192.00
20160505	8.35	8.42	8.33	8.38	16173589	144872608.00
20160506	8.38	8.43	8.12	8.13	26162503	230805152.00
20160509	8.10	8.10	7.90	7.93	21960574	186572080.00
20160510	7.97	7.97	7.90	7.94	9667951	81678384.00
20160511	8.00	8.02	7.89	7.94	12449769	105310880.00
20160512	7.88	7.97	7.81	7.95	11250317	94344440.00
20160513	7.97	8.00	7.87	7.91	10643788	89901144.00
20160516	7.88	7.96	7.84	7.96	9276609	77969120.00
20160517	7.96	7.97	7.88	7.91	10428123	87868464.00
20160518	7.88	7.88	7.68	7.82	19900754	164530208.00
20160519	7.78	7.86	7.74	7.78	10716171	88895464.00
20160520	7.76	7.82	7.68	7.80	9693919	79944024.00
20160523	7.81	7.87	7.80	7.84	9961578	83049672.00
20160524	7.84	7.84	7.73	7.80	9820278	81172712.00
20160525	7.81	7.84	7.76	7.77	8193818	67958408.00
20160526	7.80	7.82	7.71	7.79	11921141	98068840.00
20160527	7.77	7.80	7.73	7.78	9751677	80433568.00
20160530	7.77	7.80	7.69	7.73	8448567	69510488.00
20160531	7.74	7.97	7.73	7.97	27605387	232138128.00
20160601	7.97	7.98	7.92	7.92	20608365	174388000.00
20160602	7.93	7.97	7.91	7.96	15086219	127483192.00
20160603	7.97	8.04	7.94	8.03	21145497	179888160.00
20160606	8.03	8.04	7.94	7.97	16890844	143498624.00
20160607	7.97	8.00	7.92	7.97	13836633	117222472.00
20160608	7.96	7.96	7.89	7.93	12727041	107344432.00
20160613	7.87	7.87	7.68	7.69	19060105	157741696.00
20160614	7.69	7.72	7.65	7.70	12428383	101317528.00
20160615	7.65	7.85	7.61	7.82	16071955	132732624.00
20160616	7.83	7.97	7.76	7.86	21055689	176223696.00
20160617	7.86	7.95	7.82	7.87	15359629	128859808.00
20160620	7.88	7.89	7.79	7.84	9871678	82125000.00
20160621	7.89	7.96	7.82	7.83	13857143	116257616.00
20160622	7.81	7.89	7.78	7.87	11565123	96411720.00
20160623	7.88	7.88	7.81	7.84	10021268	83481072.00
20160624	7.85	7.89	7.65	7.77	16919213	139643424.00
20160627	7.73	7.93	7.71	7.88	19034694	158885536.00
20160628	7.88	7.96	7.88	7.95	25769481	217325088.00
20160629	7.97	8.04	7.95	8.02	25208275	214670400.00
20160630	8.01	8.03	7.97	8.00	12730658	108378504.00
20160701	8.01	8.03	7.97	7.98	14372940	122227544.00
20160704	7.97	8.18	7.95	8.15	27772271	239922864.00
20160705	8.15	8.29	8.12	8.27	30792783	269903328.00
20160706	8.27	8.27	8.14	8.22	21127300	180905600.00
20160707	8.21	8.24	8.14	8.17	20067200	171597568.00
20160708	8.21	8.21	8.13	8.16	15735000	134008056.00
20160711	8.17	8.29	8.15	8.22	30478600	262660640.00
20160712	8.20	8.37	8.17	8.36	40698400	353099872.00
20160713	8.43	8.45	8.34	8.40	32718600	288036768.00
20160714	8.39	8.43	8.35	8.38	18802300	165193632.00
20160715	8.41	8.44	8.35	8.40	19831900	174379872.00
20160718	8.39	8.42	8.35	8.37	15916300	139779504.00
20160719	8.38	8.55	8.34	8.47	29623600	262874432.00
20160720	8.44	8.48	8.36	8.39	16190300	142755712.00
20160721	8.41	8.47	8.36	8.40	16684900	147229712.00
20160722	8.40	8.42	8.26	8.28	19025700	165891904.00
20160725	8.27	8.35	8.25	8.29	11157800	96857560.00
20160726	8.28	8.55	8.27	8.52	33209800	294174112.00
20160727	8.52	8.63	8.32	8.51	59280236	527000960.00
20160728	8.48	8.90	8.43	8.72	81093977	742063296.00
20160729	8.67	8.76	8.56	8.60	44857351	407592896.00
20160801	8.54	8.57	8.29	8.38	33863530	298372576.00
20160802	8.41	8.47	8.31	8.46	24854704	218442768.00
20160803	8.45	8.48	8.37	8.46	21808903	192548880.00
20160804	8.42	8.44	8.36	8.42	15191073	133770488.00
20160805	8.41	8.51	8.37	8.44	21609579	191539776.00
20160808	8.44	8.59	8.41	8.58	25313055	226005968.00
20160809	8.57	8.61	8.52	8.57	23412900	210496144.00
20160810	8.55	8.63	8.49	8.51	23321900	209707584.00
20160811	8.49	8.56	8.35	8.37	25479670	225731488.00
20160812	8.36	8.54	8.33	8.50	28790589	253644448.00
20160815	8.52	8.69	8.49	8.64	51110433	463210720.00
20160816	8.65	8.72	8.60	8.65	40628422	369157952.00
20160817	8.65	8.65	8.58	8.64	24280459	219833952.00
20160818	8.68	8.73	8.61	8.65	33998928	310087072.00
20160819	8.65	8.67	8.54	8.63	26928574	243281824.00
20160822	8.63	8.69	8.57	8.59	26553600	241052592.00
20160823	8.60	8.65	8.56	8.61	17908300	161904352.00
20160824	8.61	8.63	8.55	8.58	16454600	148401712.00
20160825	8.55	8.55	8.41	8.46	24428000	216800528.00
20160826	8.48	8.55	8.46	8.49	16424500	146544592.00
20160829	8.50	8.61	8.48	8.61	18424869	165664800.00
20160830	8.62	8.63	8.55	8.56	15953489	143591056.00
20160831	8.55	8.58	8.51	8.57	15304482	137309200.00
20160901	8.55	8.58	8.48	8.48	15652016	140313072.00
20160902	8.48	8.62	8.47	8.61	26407136	237184176.00
20160905	8.63	8.65	8.55	8.56	21182935	191392608.00
20160906	8.55	8.64	8.51	8.64	25591606	230567328.00
20160907	8.64	8.72	8.60	8.67	36063099	328965344.00
20160908	8.65	8.74	8.62	8.69	29926600	273132288.00
20160909	8.69	8.72	8.58	8.59	27820119	252988928.00
20160912	8.43	8.55	8.37	8.54	41369988	366217152.00
20160913	8.50	8.53	8.45	8.48	14681829	130549192.00
20160914	8.45	8.48	8.36	8.42	17266497	152488560.00
20160919	8.42	8.49	8.42	8.48	14071995	124877136.00
20160920	8.48	8.48	8.39	8.42	14666964	129416976.00
20160921	8.42	8.44	8.40	8.42	10889220	96131360.00
20160922	8.46	8.49	8.42	8.43	17237507	152740944.00
20160923	8.43	8.44	8.37	8.39	15054835	132680848.00
20160926	8.38	8.39	8.28	8.29	17947190	156489296.00
20160927	8.25	8.28	8.19	8.27	18459746	158923360.00
20160928	8.29	8.29	8.18	8.21	10043979	86303112.00
20160929	8.25	8.25	8.21	8.22	11193229	96325184.00
20160930	8.23	8.26	8.21	8.24	10093708	86979880.00
20161010	8.29	8.38	8.29	8.37	16239462	141634224.00
20161011	8.38	8.39	8.34	8.38	12252555	107352960.00
20161012	8.35	8.42	8.35	8.37	11116958	97670880.00
20161013	8.39	8.40	8.35	8.39	11185349	98213088.00
20161014	8.38	8.41	8.31	8.40	13876349	121564504.00
20161017	8.55	8.61	8.42	8.46	37752289	338031680.00
20161018	8.42	8.57	8.42	8.56	27583127	246356816.00
20161019	8.55	8.58	8.48	8.50	18869354	168727216.00
20161020	8.50	8.54	8.48	8.49	9797756	87301792.00
20161021	8.49	8.60	8.46	8.55	25191048	225786496.00
20161024	8.56	8.66	8.55	8.61	41621977	376676128.00
20161025	8.62	8.63	8.55	8.58	26926680	242407232.00
20161026	8.58	8.60	8.50	8.52	18061052	161699584.00
20161027	8.52	8.55	8.50	8.51	12921315	115543264.00
20161028	8.51	8.56	8.47	8.48	18873704	168706736.00
20161031	8.44	8.47	8.41	8.45	14278434	126264456.00
20161101	8.47	8.50	8.43	8.49	13870271	123223440.00
20161102	8.48	8.49	8.42	8.42	17263100	152906160.00
20161103	8.40	8.54	8.38	8.48	23871170	212237280.00
20161104	8.48	8.53	8.44	8.45	16167700	143980720.00
20161107	8.48	8.53	8.46	8.48	17025390	151649360.00
20161108	8.52	8.63	8.50	8.59	39849822	359559168.00
20161109	8.58	8.59	8.43	8.47	32815737	292658912.00
20161110	8.53	8.77	8.53	8.71	70948394	647202048.00
20161111	8.70	8.77	8.66	8.71	48631048	445700672.00
20161114	8.72	8.90	8.71	8.82	71755447	666837760.00
20161115	8.81	8.84	8.74	8.76	32373399	298827648.00
20161116	8.77	8.85	8.74	8.78	28422200	262501584.00
20161117	8.75	8.80	8.70	8.79	29988500	275661536.00
20161118	8.80	8.92	8.77	8.80	50421200	470150464.00
20161121	8.81	8.98	8.79	8.90	54697700	512174400.00
20161122	8.92	8.99	8.84	8.95	53141551	499865952.00
20161123	8.96	8.98	8.78	8.82	49268512	460584416.00
20161124	8.82	8.87	8.73	8.80	31712100	293893696.00
20161125	8.77	8.93	8.73	8.93	43147500	401445632.00
20161128	9.00	9.25	8.94	9.15	102370900	987089536.00
20161129	9.13	9.51	9.10	9.28	136918800	1350194688.00
20161130	9.25	9.37	9.07	9.14	68043600	660971008.00
20161201	9.19	9.33	9.13	9.30	58578613	573795648.00
20161202	9.32	9.38	9.07	9.09	61044482	592236800.00
20161205	8.98	9.11	8.93	9.06	45085500	428873600.00
20161206	9.06	9.09	8.95	8.97	26223800	249230944.00
20161207	8.93	9.03	8.93	9.02	24682489	233724384.00
20161208	9.05	9.07	8.92	8.93	22479500	213333456.00
20161209	8.91	8.99	8.86	8.92	35410000	333347040.00
20161212	8.93	8.93	8.66	8.72	56071567	516221472.00
20161213	8.71	8.77	8.65	8.73	19906984	182501184.00
20161214	8.73	8.80	8.64	8.72	24695094	226493872.00
20161215	8.70	8.76	8.66	8.71	20845426	190884816.00
20161216	8.74	8.75	8.67	8.74	14853251	136417488.00
20161219	8.70	8.72	8.65	8.67	18569666	169467264.00
20161220	8.69	8.69	8.61	8.68	19494612	177168128.00
20161221	8.69	8.81	8.67	8.78	32180103	296327072.00
20161222	8.78	8.79	8.73	8.77	15344771	141476544.00
20161223	8.80	8.80	8.64	8.68	21478026	196311616.00
20161226	8.65	8.70	8.57	8.69	18388931	166511856.00
20161227	8.67	8.70	8.64	8.65	16200351	147439072.00
20161228	8.61	8.71	8.61	8.66	15994018	145618928.00
20161229	8.63	8.70	8.61	8.62	13947900	126815848.00
20161230	8.63	8.69	8.61	8.68	16358000	148704800.00
20170103	8.68	8.76	8.67	8.75	19011332	174511168.00
20170104	8.75	8.82	8.73	8.81	25634822	237089760.00
20170105	8.81	8.83	8.76	8.79	17834935	165126464.00
20170106	8.77	8.80	8.74	8.75	14444692	133151312.00
20170109	8.74	8.88	8.73	8.87	25241571	234553504.00
20170110	8.86	8.89	8.81	8.86	16574352	154656912.00
20170111	8.87	8.89	8.75	8.78	18904456	175388048.00
20170112	8.76	8.80	8.65	8.66	20169853	185245200.00
20170113	8.64	8.74	8.59	8.70	21810468	198548224.00
20170116	8.66	8.87	8.55	8.81	59712541	547171072.00
20170117	8.80	8.84	8.75	8.82	17421775	161548208.00
20170118	8.80	8.96	8.80	8.91	29792233	279791264.00
20170119	8.92	8.96	8.87	8.91	14043397	131805600.00
20170120	8.91	9.00	8.87	8.98	19113438	180812368.00
20170123	8.95	9.01	8.90	8.95	20483988	193613520.00
20170124	8.95	8.96	8.86	8.86	14611041	136882352.00
20170125	8.87	8.99	8.87	8.99	15286660	143827728.00
20170126	8.99	9.02	8.90	8.94	17402689	164377856.00
20170203	8.95	8.96	8.91	8.95	9508679	89538320.00
20170206	8.94	9.10	8.93	9.06	37976192	362633856.00
20170207	9.07	9.09	9.01	9.09	17189167	164249616.00
20170208	9.04	9.10	8.99	9.06	19064410	182037472.00
20170209	9.07	9.16	9.04	9.06	38804371	373263456.00
20170210	9.07	9.42	9.07	9.33	99119918	978037120.00
20170213	9.44	9.71	9.32	9.36	113453152	1141889920.00
20170214	9.36	9.76	9.31	9.74	112903700	1148200832.00
20170215	9.61	9.85	9.52	9.57	95910565	986083392.00
20170216	9.57	9.74	9.55	9.60	47568233	486755104.00
20170217	9.63	9.76	9.49	9.51	52881109	540046912.00
20170220	9.56	9.95	9.51	9.93	98703600	1028318080.00
20170221	9.95	10.08	9.83	9.92	69011677	731155648.00
20170222	9.91	10.02	9.83	9.89	41551357	438432704.00
20170223	9.90	10.17	9.90	10.02	56790752	607663296.00
20170224	10.02	10.08	9.87	9.96	32460500	342984576.00
20170227	9.94	9.94	9.63	9.65	53581600	556017408.00
20170228	9.67	9.74	9.63	9.72	27672154	284528768.00
20170301	9.74	9.99	9.65	9.84	43469481	454873696.00
20170302	9.87	9.97	9.72	9.73	28774376	301386976.00
20170303	9.70	9.84	9.70	9.82	26586329	276350656.00
20170306	9.84	9.85	9.66	9.75	33389029	345668416.00
20170307	9.70	10.00	9.70	9.98	48387500	510234688.00
20170308	9.98	10.04	9.89	9.98	28160517	299028704.00
20170309	9.91	9.97	9.80	9.90	29940644	314518368.00
20170310	9.93	9.93	9.78	9.80	22157008	232016240.00
20170313	9.83	9.97	9.75	9.89	43779671	458537184.00
20170314	9.92	9.93	9.76	9.83	27087168	282857024.00
20170315	9.79	9.82	9.70	9.80	23161364	240229264.00
20170316	9.80	10.03	9.79	9.94	42370288	448191296.00
20170317	9.95	10.08	9.90	9.93	39641607	422026112.00
20170320	9.96	10.39	9.92	10.38	80063000	873379264.00
20170321	10.37	10.46	10.26	10.38	48400900	536318240.00
20170322	10.32	10.81	10.28	10.59	76846606	875641472.00
20170323	10.59	10.82	10.51	10.73	67709491	772607296.00
20170324	10.75	10.78	10.57	10.68	47111700	538841408.00
20170327	10.67	11.03	10.61	10.75	64576264	750309312.00
20170328	10.66	10.70	10.47	10.53	54070281	610929216.00
20170329	10.59	10.99	10.53	10.69	61465503	709476928.00
20170330	10.72	10.88	10.53	10.64	56201411	641287552.00
20170331	10.64	10.69	10.34	10.47	43639852	487471744.00
20170405	10.47	10.69	10.44	10.65	35425273	402210368.00
20170406	10.65	10.87	10.62	10.79	50022017	576612416.00
20170407	10.80	10.97	10.66	10.69	46338659	536779264.00
20170410	10.69	10.70	10.53	10.60	35689197	404544384.00
20170411	10.59	10.79	10.53	10.79	44519500	510113024.00
20170412	10.79	10.87	10.57	10.68	36212000	416089280.00
20170413	10.60	10.77	10.56	10.74	24413025	278813344.00
20170414	10.74	10.80	10.59	10.71	25398278	290204064.00
20170417	10.66	10.99	10.62	10.97	60463478	706296768.00
20170418	10.94	11.12	10.83	10.98	52079558	615958720.00
20170419	10.98	11.23	10.91	11.17	69669173	830045952.00
20170420	11.15	11.55	11.06	11.49	82658184	1016394688.00
20170421	11.48	11.48	10.66	10.79	133871154	1583600512.00
20170424	10.60	10.68	9.96	10.41	97491800	1070540928.00
20170425	10.30	10.49	10.15	10.34	35428300	391513120.00
20170426	10.30	10.47	10.22	10.28	33056700	365252160.00
20170427	10.30	10.62	10.16	10.57	45923000	512656864.00
20170428	10.58	10.62	10.46	10.59	26426715	298023360.00
20170502	10.62	10.74	10.34	10.47	37793042	426301696.00
20170503	10.43	10.64	10.34	10.49	37921690	426236000.00
20170504	10.46	10.50	10.23	10.41	37522000	414493504.00
20170505	10.33	10.43	10.09	10.40	50804900	558543744.00
20170508	10.35	10.37	9.54	9.59	65907200	697714880.00
20170509	9.54	9.77	9.48	9.63	34792700	355809600.00
20170510	9.69	9.83	9.38	9.38	45285400	460408736.00
20170511	9.38	9.66	9.29	9.65	42060800	422659904.00
20170512	9.65	9.83	9.57	9.62	34584791	356289952.00
20170515	9.73	9.83	9.43	9.47	39013685	396609920.00
20170516	9.44	9.61	9.14	9.60	53953110	532320992.00
20170517	9.62	9.71	9.51	9.67	39084539	399726464.00
20170518	9.59	9.65	9.46	9.51	28565000	289424320.00
20170519	9.55	9.57	9.45	9.54	19713448	198862816.00
20170522	9.51	9.52	9.25	9.31	27048777	263996384.00
20170523	9.31	9.38	9.06	9.17	25179400	240907072.00
20170524	9.15	9.29	9.03	9.28	20776700	197277920.00
20170525	9.23	9.32	9.06	9.30	45311600	430819744.00
20170526	9.31	9.50	9.28	9.33	57740300	563863488.00
20170531	9.39	9.46	9.27	9.32	59135619	574011136.00
20170609	9.62	10.05	9.53	9.97	84109737	826202752.00
20170612	9.88	9.94	9.73	9.81	39765100	390604768.00
20170613	9.81	9.93	9.76	9.86	26102431	257636224.00
20170614	9.83	9.93	9.79	9.82	21109820	207999136.00
20170615	9.82	9.89	9.68	9.75	30558687	298140480.00
20170616	9.73	9.82	9.71	9.74	14900321	145383200.00
20170619	9.77	9.86	9.70	9.86	21234522	207962944.00
20170620	9.89	9.93	9.80	9.83	23528172	231898080.00
20170621	9.91	9.92	9.81	9.89	24082808	237636448.00
20170622	9.86	10.09	9.81	9.89	57457805	573183296.00
20170623	9.87	9.93	9.69	9.77	36818686	360967488.00
20170626	9.80	10.18	9.77	10.17	75437801	758359488.00
20170627	10.18	10.39	10.15	10.26	61811468	634544704.00
20170628	10.25	10.43	10.11	10.30	46667176	479423520.00
20170629	10.26	10.37	10.21	10.34	35734207	367528032.00
20170630	10.27	10.43	10.25	10.33	30754857	317954304.00
20170703	10.33	10.37	10.17	10.23	41860206	427628288.00
20170704	10.22	10.31	10.17	10.20	30673220	313683456.00
20170705	10.20	10.26	10.18	10.24	33696651	344137280.00
20170706	10.24	10.31	10.04	10.10	49978179	506809024.00
20170707	10.11	10.15	10.04	10.15	27891208	282030048.00
20170710	10.14	10.19	10.08	10.15	28702708	290653248.00
20170711	10.14	10.30	10.08	10.23	44490525	454137088.00
数据来源:通达信
