600082 海泰发展 日线 前复权
      日期	    开盘	    最高	    最低	    收盘	    成交量	    成交额
20111010	4.43	4.43	4.24	4.26	3478451	15198582.00
20111011	4.36	4.37	4.19	4.25	3881034	16843762.00
20111012	4.25	4.42	4.20	4.40	4710285	20776130.00
20111013	4.37	4.48	4.37	4.46	5472579	24540160.00
20111014	4.49	4.58	4.46	4.49	4640546	21199730.00
20111017	4.52	4.66	4.50	4.54	4536680	20961880.00
20111018	4.43	4.47	4.29	4.35	4111856	18267560.00
20111019	4.35	4.39	4.27	4.37	2118429	9303715.00
20111020	4.33	4.33	4.19	4.23	3689213	15805058.00
20111021	4.23	4.28	4.18	4.21	2085678	8911098.00
20111024	4.21	4.29	4.11	4.26	2869230	12198923.00
20111025	4.25	4.35	4.20	4.32	4873698	21191048.00
20111026	4.32	4.76	4.27	4.73	18394730	85540736.00
20111027	4.65	4.74	4.56	4.60	15960846	74835384.00
20111028	4.62	4.75	4.58	4.63	8167110	38381536.00
20111031	4.59	4.82	4.57	4.67	9745879	46372252.00
20111101	4.62	4.70	4.54	4.57	6507055	30318844.00
20111102	4.50	4.62	4.42	4.61	5533380	25263890.00
20111103	4.62	4.76	4.60	4.66	8405037	39796860.00
20111104	4.70	4.93	4.63	4.79	16024910	77602328.00
20111107	4.75	4.76	4.66	4.69	6225860	29568284.00
20111108	4.66	4.71	4.55	4.56	4427182	20647620.00
20111109	4.57	4.65	4.53	4.65	3157995	14674126.00
20111110	4.58	4.65	4.54	4.58	4359222	20184880.00
20111111	4.60	4.71	4.55	4.60	4126013	19349820.00
20111114	4.63	4.71	4.60	4.70	4286809	20283294.00
20111115	4.71	4.74	4.66	4.71	3736574	17730596.00
20111116	4.70	4.72	4.57	4.64	5855089	27514552.00
20111117	4.62	4.78	4.61	4.62	6732282	31938316.00
20111118	4.55	4.57	4.33	4.38	5192989	23425856.00
20111121	4.38	4.40	4.31	4.39	2591639	11411899.00
20111122	4.34	4.39	4.28	4.37	1959305	8620603.00
20111123	4.37	4.41	4.28	4.30	2580097	11283180.00
20111124	4.24	4.37	4.15	4.32	3197078	13833339.00
20111125	4.31	4.37	4.24	4.28	1757177	7646818.00
20111128	4.26	4.34	4.25	4.28	1793590	7796365.00
20111129	4.32	4.36	4.25	4.35	2058603	8955643.00
20111130	4.33	4.36	4.02	4.09	4069691	17145328.00
20111201	4.20	4.26	4.14	4.18	4266179	18170712.00
20111202	4.17	4.18	4.07	4.10	3043748	12671340.00
20111205	4.13	4.14	3.97	4.01	2467138	10081448.00
20111206	4.01	4.07	3.98	4.04	1603422	6536782.00
20111207	4.06	4.09	4.00	4.05	1166344	4785679.00
20111208	4.06	4.08	3.95	4.05	1658806	6738047.00
20111209	4.01	4.09	4.00	4.03	1154334	4717947.00
20111212	4.03	4.04	3.95	3.98	1269401	5121887.00
20111213	3.95	3.96	3.82	3.86	3847078	15059627.00
20111214	3.85	3.89	3.68	3.75	1675006	6433738.00
20111215	3.73	3.75	3.56	3.60	2500143	9249879.00
20111216	3.60	3.73	3.58	3.72	2355825	8726640.00
20111220	3.70	3.78	3.65	3.72	1826044	6899266.00
20111221	3.75	3.81	3.55	3.57	2049074	7685697.00
20111222	3.57	3.57	3.32	3.44	2786466	9664558.00
20111223	3.40	3.53	3.40	3.49	1424105	5022081.00
20111226	3.50	3.52	3.41	3.42	1325646	4670021.00
20111227	3.44	3.53	3.38	3.39	2987214	10510094.00
20111228	3.31	3.36	3.24	3.34	2256999	7537335.00
20111229	3.31	3.37	3.26	3.27	1602858	5393215.00
20111230	3.29	3.35	3.29	3.32	2329800	7832115.00
20120104	3.36	3.37	3.21	3.21	3121437	10382738.00
20120105	3.19	3.19	3.06	3.06	2479702	7895297.00
20120106	3.05	3.10	3.01	3.09	1839609	5716030.00
20120109	3.14	3.26	3.12	3.26	5008835	16281045.00
20120110	3.23	3.41	3.18	3.40	5868416	19833446.00
20120111	3.37	3.44	3.34	3.39	4110299	14097345.00
20120112	3.44	3.57	3.39	3.40	5735325	20192606.00
20120113	3.34	3.43	3.20	3.27	3981934	13373049.00
20120116	3.18	3.25	3.13	3.17	2110511	6847701.00
20120117	3.20	3.36	3.15	3.35	3880277	12943990.00
20120118	3.32	3.40	3.28	3.28	3683590	12436146.00
20120119	3.29	3.40	3.23	3.38	4415790	14960236.00
20120120	3.35	3.41	3.32	3.38	2965899	10153026.00
20120130	3.38	3.40	3.32	3.33	2155649	7339259.00
20120131	3.33	3.35	3.29	3.34	1371251	4616732.00
20120201	3.34	3.38	3.29	3.30	1534630	5194140.00
20120202	3.34	3.39	3.30	3.39	1995947	6798027.00
20120203	3.38	3.46	3.36	3.44	3908281	13549517.00
20120206	3.43	3.72	3.42	3.62	10669528	38703448.00
20120207	3.54	3.57	3.45	3.47	4421821	15739736.00
20120208	3.50	3.57	3.45	3.55	3813736	13591771.00
20120209	3.56	3.70	3.52	3.54	5711617	20738408.00
20120210	3.54	3.63	3.53	3.57	5398565	19601680.00
20120213	3.53	3.59	3.48	3.56	4907113	17667948.00
20120214	3.56	3.62	3.53	3.61	4077946	14845430.00
20120215	3.60	3.70	3.57	3.67	5093905	18797170.00
20120216	3.68	4.04	3.66	3.83	21402816	84316440.00
20120217	3.75	3.86	3.68	3.79	8602559	32793924.00
20120220	3.84	3.85	3.73	3.77	5246731	20127576.00
20120221	3.75	3.88	3.75	3.86	7549194	29190450.00
20120222	3.85	3.96	3.84	3.93	6420594	25435008.00
20120223	3.91	3.94	3.83	3.87	5732841	22526108.00
20120224	3.86	4.06	3.83	4.01	13674889	55045440.00
20120227	4.01	4.20	3.97	4.02	13367184	55135608.00
20120228	4.00	4.08	3.90	4.01	7369106	29803924.00
20120229	3.98	3.98	3.86	3.87	5383739	21324768.00
20120301	3.85	4.00	3.85	3.89	4223903	16826048.00
20120302	3.89	4.03	3.88	4.01	6056579	24440116.00
20120305	4.03	4.09	3.89	3.94	8167292	32959652.00
20120306	3.90	4.00	3.87	3.95	6181677	24537270.00
20120307	3.91	3.97	3.88	3.91	3066294	12214664.00
20120308	3.91	4.01	3.90	3.99	4063544	16353035.00
20120309	4.01	4.08	3.99	4.07	5454477	22295168.00
20120312	4.07	4.07	3.94	4.01	5120242	20697376.00
20120313	4.00	4.10	3.98	4.07	4962652	20276972.00
20120314	4.07	4.10	3.71	3.82	8335722	33600848.00
20120315	3.80	3.86	3.65	3.69	5675681	21491290.00
20120316	3.71	3.84	3.67	3.83	7943178	30315972.00
20120319	3.77	3.89	3.76	3.87	5963611	23158148.00
20120320	3.85	4.01	3.76	3.85	9400595	37120052.00
20120321	3.85	3.85	3.74	3.82	4986344	19215656.00
20120322	3.79	3.90	3.79	3.85	4076785	15925310.00
20120323	3.84	3.88	3.72	3.75	2825472	10799949.00
20120326	3.73	3.75	3.63	3.66	3292059	12313269.00
20120327	3.68	3.82	3.66	3.70	4062990	15321942.00
20120328	3.76	4.03	3.74	3.80	24176077	94750368.00
20120329	3.73	3.75	3.42	3.61	13720351	49556508.00
20120330	3.56	3.61	3.44	3.50	7368482	26236388.00
20120405	3.51	3.63	3.50	3.60	6107397	22024280.00
20120406	3.61	3.73	3.56	3.65	7185518	26625856.00
20120409	3.65	3.78	3.60	3.69	8353359	31387032.00
20120410	3.65	3.74	3.57	3.74	6699945	24743292.00
20120411	3.68	3.87	3.65	3.83	11636928	44809144.00
20120412	3.81	3.95	3.78	3.94	12213635	48006064.00
20120413	4.00	4.34	3.94	4.34	25175745	109202240.00
20120416	4.45	4.78	4.41	4.78	31356692	146605328.00
20120417	5.26	5.26	4.96	5.26	46882220	248500496.00
20120418	5.15	5.79	5.00	5.61	117294101	641921088.00
20120419	5.40	5.44	5.04	5.22	72306473	382154048.00
20120420	5.13	5.55	5.05	5.27	77710098	416941760.00
20120423	5.21	5.55	5.12	5.37	64935866	350089088.00
20120424	5.21	5.85	5.05	5.71	87890482	486773664.00
20120425	5.51	6.00	5.41	5.63	83616785	482208736.00
20120426	5.53	5.87	5.30	5.40	57338734	320636032.00
20120427	5.25	5.31	5.03	5.09	39964698	207739248.00
20120502	5.09	5.18	4.88	5.04	31179321	158055328.00
20120503	5.01	5.11	4.97	5.08	20993131	106896656.00
20120504	5.03	5.08	4.94	5.04	18005220	91178488.00
20120507	5.02	5.28	5.01	5.26	35562562	185314016.00
20120508	5.20	5.25	5.01	5.06	23813405	122936008.00
20120510	4.98	5.14	4.93	4.95	15693074	79402080.00
20120511	4.92	5.02	4.78	4.79	12980616	64263168.00
20120514	4.85	4.93	4.72	4.73	12905377	63117736.00
20120515	4.70	4.85	4.67	4.84	11645155	56047832.00
20120516	4.82	4.91	4.75	4.75	10824686	53035104.00
20120517	4.75	5.00	4.72	4.91	17204174	84848664.00
20120518	4.85	4.87	4.47	4.53	21664994	101386272.00
20120521	4.51	4.57	4.41	4.53	8538679	38894652.00
20120522	4.55	4.58	4.48	4.57	11320487	52022348.00
20120523	4.58	4.72	4.54	4.63	16033773	75124512.00
20120524	4.58	4.61	4.50	4.52	12356779	56849248.00
20120525	4.42	4.70	4.42	4.62	19151049	89227728.00
20120528	4.59	4.79	4.46	4.74	18854094	89033680.00
20120529	4.72	4.79	4.65	4.74	14531583	69384792.00
20120530	4.71	4.83	4.68	4.70	10535416	50637736.00
20120531	4.67	4.70	4.55	4.57	9528390	44398048.00
20120601	4.57	4.63	4.48	4.52	8909800	40982812.00
20120604	4.45	4.47	4.32	4.32	10206708	45389120.00
20120605	4.37	4.53	4.34	4.38	9551509	42726380.00
20120606	4.39	4.40	4.21	4.25	7999974	34713048.00
20120607	4.30	4.37	4.24	4.26	6448625	28100492.00
20120608	4.35	4.42	4.28	4.30	9173712	40385516.00
20120611	4.34	4.54	4.29	4.49	12721710	56984576.00
20120612	4.45	4.50	4.40	4.41	8526324	38364432.00
20120613	4.43	4.59	4.40	4.53	13558417	61720400.00
20120614	4.49	4.54	4.41	4.45	7881425	35658220.00
20120615	4.47	4.50	4.36	4.44	8166261	36544196.00
20120618	4.47	4.53	4.45	4.48	6928632	31412852.00
20120619	4.50	4.57	4.47	4.50	11704419	53523296.00
20120620	4.49	4.51	4.35	4.36	8584919	38189912.00
20120621	4.37	4.41	4.26	4.37	6100888	26505944.00
20120625	4.36	4.48	4.29	4.36	9544514	41928564.00
20120626	4.31	4.35	4.12	4.23	7797803	32875264.00
20120627	4.22	4.55	4.21	4.37	14490451	63701244.00
20120628	4.37	4.53	4.33	4.38	13944495	61899880.00
20120629	4.30	4.53	4.17	4.48	15440169	67617856.00
20120702	4.46	4.58	4.41	4.55	13155380	59400672.00
20120703	4.52	4.88	4.51	4.87	32000325	150052688.00
20120704	4.80	4.86	4.67	4.73	20575245	98018288.00
20120705	4.73	5.00	4.67	4.76	27963211	135314032.00
20120706	4.81	4.92	4.76	4.84	19638879	94902792.00
20120709	4.75	4.75	4.53	4.55	16353041	75383216.00
20120710	4.50	4.50	4.21	4.24	13114421	56643356.00
20120711	4.21	4.31	4.19	4.26	6034405	25594284.00
20120712	4.28	4.41	4.28	4.35	9484006	41271172.00
20120713	4.32	4.38	4.27	4.28	5081269	21890676.00
20120716	4.28	4.35	3.93	4.00	9510120	39143652.00
20120717	4.00	4.26	4.00	4.21	10053849	41803064.00
20120718	4.17	4.21	4.07	4.20	6883720	28443296.00
20120719	4.21	4.39	4.16	4.32	9978057	42972024.00
20120720	4.37	4.53	4.30	4.35	13042213	57472832.00
20120723	4.31	4.43	4.25	4.34	8513468	36900472.00
20120724	4.30	4.55	4.29	4.48	12704316	56583156.00
20120725	4.42	4.54	4.27	4.32	9873045	43318632.00
20120726	4.27	4.28	4.14	4.16	8852005	37123504.00
20120727	4.17	4.20	4.10	4.13	3690165	15288245.00
20120730	4.12	4.17	4.01	4.03	3356961	13711761.00
20120731	4.03	4.07	3.96	4.01	4218156	16899632.00
20120801	4.02	4.14	4.00	4.06	4805516	19516212.00
20120802	4.04	4.06	3.93	3.97	4744470	18875456.00
20120803	3.96	4.08	3.96	4.07	4062609	16378965.00
20120806	4.48	4.48	4.48	4.48	4362155	19542454.00
20120807	4.93	4.93	4.93	4.93	5396650	26605484.00
20120808	5.42	5.42	5.42	5.42	25177533	136462224.00
20120809	5.50	5.96	5.42	5.82	135639095	779332288.00
20120810	5.65	6.29	5.62	5.93	103956420	621613056.00
20120813	5.90	6.02	5.70	5.84	56614219	329099008.00
20120814	5.79	5.82	5.26	5.49	74469098	407870080.00
20120815	5.42	5.76	5.27	5.32	70833774	390529024.00
20120816	5.26	5.36	5.10	5.14	40384912	210366128.00
20120817	5.12	5.24	5.06	5.21	30151086	156167920.00
20120820	5.22	5.36	5.14	5.24	38028353	199265216.00
20120821	5.19	5.45	5.10	5.22	39193610	206358880.00
20120822	5.18	5.22	4.96	5.00	39367849	198932112.00
20120823	4.97	5.10	4.95	5.06	26078644	131206856.00
20120824	5.02	5.02	4.72	4.73	34554823	167093168.00
20120827	4.73	4.81	4.61	4.75	23702860	111655840.00
20120828	4.70	4.87	4.68	4.81	23350179	111819032.00
20120829	4.75	4.80	4.65	4.68	17144221	80864816.00
20120830	4.70	4.74	4.30	4.43	24707694	111578880.00
20120831	4.42	4.52	4.38	4.47	11666531	51948848.00
20120903	4.46	4.56	4.42	4.53	12042149	54434740.00
20120904	4.52	4.59	4.35	4.38	17722785	78964464.00
20120905	4.59	4.81	4.52	4.61	48531020	225800560.00
20120906	4.51	4.63	4.45	4.59	24406639	110777152.00
20120907	4.63	4.80	4.56	4.74	36184586	169524560.00
20120910	4.70	4.85	4.66	4.76	25394650	120542880.00
20120911	4.72	4.73	4.59	4.66	15854765	73650912.00
20120912	4.68	4.80	4.65	4.79	23849977	112874920.00
20120913	4.78	4.88	4.58	4.61	24294314	115582504.00
20120914	4.63	4.67	4.50	4.55	16908991	77181120.00
20120917	4.54	4.59	4.33	4.35	11504647	51074276.00
20120918	4.31	4.40	4.30	4.38	6414865	27996360.00
20120919	4.40	4.44	4.34	4.41	6693935	29341584.00
20120920	4.41	4.41	4.16	4.16	11337872	48202028.00
20120921	4.18	4.21	4.07	4.18	6761848	28152720.00
20120924	4.18	4.26	4.09	4.23	6713197	28045156.00
20120925	4.21	4.43	4.18	4.26	12370844	53348844.00
20120926	4.20	4.25	4.11	4.13	7202489	29956384.00
20120927	4.12	4.25	4.05	4.20	9580234	39977816.00
20120928	4.18	4.27	4.15	4.26	8500340	35899516.00
20121008	4.28	4.29	4.22	4.28	5124041	21763572.00
20121009	4.27	4.39	4.27	4.37	10850610	47162392.00
20121010	4.35	4.68	4.32	4.52	19153422	86346944.00
20121011	4.46	4.53	4.36	4.37	11753561	52258936.00
20121012	4.34	4.67	4.34	4.50	22290358	101363040.00
20121015	4.48	4.48	4.33	4.44	8869215	39037916.00
20121016	4.45	4.70	4.35	4.56	19624667	89234848.00
20121017	4.58	4.74	4.54	4.63	21186374	98516248.00
20121018	4.63	4.66	4.51	4.63	18264213	83983744.00
20121019	4.60	4.64	4.51	4.53	10417164	47582704.00
20121022	4.50	4.54	4.42	4.52	8500680	37982160.00
20121023	4.53	4.63	4.41	4.45	12156518	55150664.00
20121024	4.40	4.51	4.40	4.47	7695080	34311400.00
20121025	4.47	4.51	4.36	4.37	7699519	34090884.00
20121026	4.35	4.39	4.14	4.19	9458878	40098216.00
20121029	4.11	4.25	4.10	4.23	3785719	15918324.00
20121030	4.21	4.28	4.20	4.23	3736764	15824004.00
20121031	4.22	4.25	4.16	4.24	4142575	17383602.00
20121101	4.25	4.44	4.24	4.37	10698416	46538316.00
20121102	4.44	4.54	4.36	4.49	14519570	64688880.00
20121105	4.48	4.52	4.36	4.39	8616784	38102400.00
20121106	4.42	4.45	4.25	4.33	6549601	28241048.00
20121107	4.30	4.35	4.27	4.28	4378818	18856960.00
20121108	4.24	4.39	4.19	4.21	6800600	29038358.00
20121109	4.22	4.25	4.18	4.23	3443947	14518410.00
20121112	4.26	4.33	4.23	4.32	4317643	18442702.00
20121113	4.31	4.31	4.15	4.18	5329786	22465888.00
20121114	4.20	4.24	4.16	4.22	2908168	12200371.00
20121115	4.21	4.27	4.14	4.14	4858687	20482132.00
20121116	4.10	4.45	4.03	4.28	14418259	61348932.00
20121119	4.21	4.25	4.10	4.19	6267644	26119152.00
20121120	4.22	4.24	4.16	4.18	3385981	14194176.00
20121121	4.18	4.23	4.11	4.22	4579405	19185432.00
20121122	4.20	4.20	4.15	4.17	3210678	13397427.00
20121123	4.17	4.23	4.15	4.16	3040938	12729597.00
20121126	4.16	4.20	4.09	4.12	3258621	13493078.00
20121127	4.14	4.14	3.90	3.90	7447462	29644376.00
20121128	3.90	3.91	3.71	3.75	5083868	19112700.00
20121129	3.76	3.81	3.67	3.68	3502500	13108306.00
20121130	3.68	3.83	3.65	3.76	5436537	20472358.00
20121203	3.80	3.84	3.65	3.68	4419451	16565087.00
20121204	3.61	3.74	3.58	3.73	4149480	15155667.00
20121205	3.70	3.95	3.70	3.89	9317237	36007016.00
20121206	3.87	3.99	3.84	3.90	7064523	27639136.00
20121207	3.89	4.02	3.85	4.02	10414536	41190128.00
20121210	4.02	4.12	3.99	4.07	10516375	42546352.00
20121211	4.13	4.48	4.12	4.48	18159212	80281856.00
20121212	4.60	4.80	4.37	4.48	46768817	214417552.00
20121213	4.36	4.52	4.26	4.27	24029879	104958256.00
20121214	4.24	4.47	4.21	4.41	25304670	110754320.00
20121217	4.47	4.60	4.40	4.44	22913242	102913712.00
20121218	4.38	4.54	4.28	4.36	20710090	91098672.00
20121219	4.30	4.47	4.30	4.44	15791097	69679968.00
20121220	4.39	4.44	4.34	4.41	11539331	50607068.00
20121221	4.43	4.43	4.29	4.33	11983661	52056384.00
20121224	4.29	4.36	4.26	4.32	5828773	25176152.00
20121225	4.32	4.60	4.27	4.47	26089832	116761304.00
20121226	4.46	4.65	4.44	4.53	19886376	90426024.00
20121227	4.53	4.57	4.43	4.46	14534952	65056640.00
20121228	4.50	4.64	4.46	4.63	25640924	117577576.00
20121231	4.64	4.71	4.53	4.64	20169031	93345440.00
20130104	4.66	4.68	4.43	4.52	16415694	74420104.00
20130107	4.50	4.55	4.42	4.54	9404363	42161668.00
20130108	4.53	4.99	4.51	4.87	52902790	255465136.00
20130109	4.76	4.82	4.62	4.72	34185707	161611760.00
20130110	4.72	4.81	4.63	4.75	20727364	98128168.00
20130111	4.71	4.74	4.51	4.62	18523378	85637008.00
20130114	4.56	4.79	4.55	4.72	19500529	91438160.00
20130115	4.73	4.97	4.73	4.89	30153670	146647104.00
20130116	5.18	5.32	4.82	4.90	45433909	228898672.00
20130117	4.80	4.84	4.69	4.72	22494398	106799800.00
20130118	4.71	4.82	4.66	4.78	15680210	74350816.00
20130121	4.77	4.86	4.74	4.77	11846669	56672192.00
20130122	4.78	4.88	4.68	4.77	13680046	65166720.00
20130123	4.72	4.82	4.67	4.76	11183900	53052912.00
20130124	4.75	4.82	4.50	4.54	15981455	74743752.00
20130125	4.54	4.59	4.51	4.53	5189784	23583080.00
20130128	4.51	4.64	4.51	4.63	8389684	38548968.00
20130129	4.61	4.67	4.60	4.66	8032675	37329800.00
20130130	4.66	4.69	4.60	4.68	8717095	40550720.00
20130131	4.66	4.66	4.52	4.57	9101367	41560644.00
20130201	4.55	4.61	4.54	4.58	5832760	26685636.00
20130204	4.62	4.75	4.62	4.66	9663421	45063888.00
20130205	4.61	4.66	4.54	4.66	7144547	32960622.00
20130206	4.68	4.70	4.64	4.65	4470282	20844920.00
20130207	4.67	4.67	4.60	4.63	4794124	22141404.00
20130208	4.63	4.68	4.61	4.65	5263181	24474720.00
20130218	4.66	4.84	4.63	4.75	13789739	65447764.00
20130219	4.71	4.75	4.61	4.63	7572010	35409492.00
20130220	4.65	4.70	4.62	4.70	4959058	23093196.00
20130221	4.66	4.66	4.50	4.52	8502519	38788680.00
20130222	4.52	4.58	4.49	4.52	3645759	16528003.00
20130225	4.51	4.56	4.51	4.55	3164373	14377443.00
20130226	4.54	4.59	4.48	4.49	5821448	26379700.00
20130227	4.49	4.56	4.49	4.52	3377368	15253028.00
20130228	4.52	4.62	4.51	4.61	7699921	35269212.00
20130301	4.62	4.74	4.60	4.66	9139253	42595524.00
20130304	4.57	4.57	4.26	4.32	12669853	55790280.00
20130305	4.32	4.37	4.28	4.36	5224841	22633832.00
20130306	4.36	4.41	4.32	4.40	5963458	26069296.00
20130307	4.40	4.48	4.33	4.40	7777364	34231412.00
20130308	4.40	4.43	4.36	4.38	4926458	21608578.00
20130311	4.40	4.40	4.31	4.34	3540807	15395895.00
20130312	4.33	4.39	4.14	4.25	6992910	29833336.00
20130313	4.23	4.29	4.18	4.24	4404640	18640604.00
20130314	4.24	4.44	4.20	4.35	6626182	28711292.00
20130315	4.35	4.36	4.23	4.27	4598550	19762004.00
20130318	4.29	4.30	4.18	4.20	3093229	13065440.00
20130319	4.20	4.23	4.13	4.21	2629410	11003901.00
20130320	4.21	4.33	4.20	4.31	4730770	20227152.00
20130321	4.31	4.43	4.28	4.37	8032478	35076596.00
20130322	4.36	4.43	4.30	4.38	6431013	28079740.00
20130325	4.38	4.41	4.32	4.36	4085995	17806804.00
20130326	4.34	4.37	4.27	4.29	5004269	21506934.00
20130327	4.29	4.36	4.28	4.33	3881549	16741029.00
20130328	4.31	4.31	4.12	4.16	5248758	22023494.00
20130329	4.17	4.22	4.15	4.19	2263936	9464558.00
20130401	4.18	4.25	4.15	4.19	2797421	11737013.00
20130402	4.19	4.23	4.15	4.17	3656088	15319813.00
20130403	4.17	4.20	4.08	4.08	3870499	16036067.00
20130408	4.06	4.06	3.85	3.95	4169080	16474752.00
20130409	3.94	4.07	3.94	4.06	5651145	22622796.00
20130410	4.03	4.04	3.99	4.02	3489291	13995989.00
20130411	4.03	4.13	4.02	4.04	4166912	16974496.00
20130412	4.00	4.09	4.00	4.04	2394261	9665325.00
20130415	4.04	4.13	4.01	4.05	2939375	11927613.00
20130416	4.00	4.09	3.94	4.09	3891753	15628053.00
20130417	4.10	4.14	4.07	4.12	3271025	13431604.00
20130418	4.11	4.15	4.07	4.11	3078549	12628479.00
20130419	4.10	4.16	4.09	4.15	5337265	22096052.00
20130422	4.13	4.13	4.06	4.08	3792459	15501002.00
20130423	4.08	4.10	3.96	3.97	3964620	15881362.00
20130424	4.00	4.05	3.96	4.03	2249867	9015030.00
20130425	4.05	4.05	3.93	3.94	3545709	14074840.00
20130426	3.94	3.96	3.83	3.85	3414409	13297932.00
20130502	3.85	3.91	3.85	3.87	1934759	7502482.00
20130503	3.87	3.96	3.87	3.95	2598648	10236772.00
20130506	3.95	4.01	3.95	3.99	2810989	11183940.00
20130507	4.01	4.04	3.98	4.00	2583922	10330269.00
20130508	4.00	4.13	3.98	4.12	6404493	25941298.00
20130509	4.05	4.12	4.03	4.05	4643239	18873158.00
20130510	4.17	4.35	4.14	4.15	10220226	42992464.00
20130513	4.10	4.17	4.08	4.10	4501121	18494384.00
20130514	4.13	4.34	4.06	4.30	14451106	61195824.00
20130515	4.28	4.33	4.22	4.29	8098169	34560720.00
20130516	4.27	4.31	4.21	4.30	8356550	35661648.00
20130517	4.31	4.40	4.31	4.33	9423188	41018056.00
20130520	4.30	4.35	4.25	4.33	7303898	31402666.00
20130521	4.31	4.53	4.28	4.44	14210871	62570304.00
20130522	4.40	4.44	4.35	4.40	9001244	39484272.00
20130523	4.47	4.72	4.41	4.55	25194708	114526880.00
20130524	4.46	4.56	4.46	4.50	8507406	38212076.00
20130527	4.51	4.56	4.41	4.44	9293161	41455588.00
20130528	4.45	4.77	4.42	4.70	28355517	131561080.00
20130529	4.73	4.78	4.65	4.72	18666091	88271344.00
20130530	4.69	4.75	4.65	4.70	7935337	37395248.00
20130531	4.67	4.80	4.64	4.68	9558438	45024612.00
20130603	4.69	4.75	4.62	4.62	5609676	26208264.00
20130604	4.62	4.64	4.45	4.56	9032244	40703132.00
20130605	4.54	4.54	4.42	4.48	3921181	17572692.00
20130606	4.42	4.47	4.38	4.40	4724991	20853548.00
20130607	4.40	4.44	4.31	4.42	4342999	19043732.00
20130613	4.38	4.38	4.19	4.26	2957874	12647242.00
20130614	4.28	4.33	4.26	4.30	2610098	11204401.00
20130617	4.56	4.73	4.37	4.40	10696820	48584080.00
20130618	4.35	4.42	4.25	4.40	7370371	31885052.00
20130619	4.36	4.49	4.27	4.48	5794622	25497778.00
20130620	4.54	4.73	4.43	4.48	15964695	73372160.00
20130621	4.31	4.58	4.31	4.57	9068077	40317488.00
20130624	4.62	4.70	4.23	4.33	14402728	65089240.00
20130625	4.23	4.24	3.90	4.04	26304616	104189936.00
20130626	4.00	4.02	3.80	3.90	16358819	63652804.00
20130627	3.90	4.05	3.86	3.89	12018713	47407564.00
20130628	3.89	3.98	3.81	3.88	7167978	27906038.00
20130701	3.88	3.93	3.80	3.90	7091178	27418256.00
20130702	3.97	4.06	3.89	4.00	11473735	45633224.00
20130703	3.98	3.98	3.80	3.91	11326652	44178552.00
20130704	3.95	4.03	3.86	3.92	13781932	54276508.00
20130705	3.90	4.31	3.89	4.31	24392719	101173272.00
20130708	4.31	4.44	4.14	4.16	33662910	144610544.00
20130709	4.00	4.09	3.91	4.08	20791821	82989192.00
20130710	4.22	4.48	4.18	4.27	31476731	136246128.00
20130711	4.19	4.40	4.18	4.34	22743212	97823528.00
20130712	4.33	4.41	4.24	4.25	14355142	61808668.00
20130715	4.24	4.43	4.16	4.33	15393454	66284516.00
20130716	4.30	4.35	4.23	4.32	8365572	35830152.00
20130717	4.34	4.46	4.29	4.40	22338791	98329240.00
20130718	4.35	4.65	4.30	4.43	24711219	109455552.00
20130719	4.41	4.43	4.10	4.13	19178146	82340848.00
20130722	4.09	4.16	4.01	4.12	10782912	44028368.00
20130723	4.11	4.20	4.06	4.17	9252268	38481208.00
20130724	4.17	4.18	4.07	4.10	8145680	33483410.00
20130725	4.10	4.13	4.00	4.07	7219040	29322912.00
20130726	4.07	4.15	4.02	4.09	5039087	20589690.00
20130729	4.09	4.12	4.02	4.04	4673954	19000240.00
20130730	4.06	4.11	3.96	4.06	6109548	24722908.00
20130731	4.11	4.16	4.06	4.07	4260660	17482364.00
20130801	4.06	4.13	4.05	4.12	5376826	22034940.00
20130802	4.14	4.18	4.10	4.12	6413422	26551366.00
20130805	4.12	4.16	4.09	4.15	5104774	21082146.00
20130806	4.16	4.23	4.10	4.20	8250303	34489976.00
20130807	4.20	4.34	4.16	4.22	13685653	57992496.00
20130808	4.20	4.26	4.11	4.15	8655621	36108764.00
20130809	4.15	4.20	4.09	4.13	5357592	22185120.00
20130812	4.13	4.21	4.12	4.20	5480696	22911448.00
20130813	4.21	4.33	4.17	4.26	10649617	45362896.00
20130814	4.24	4.34	4.22	4.28	11828965	50560784.00
20130815	4.28	4.30	4.17	4.19	7817684	33066848.00
20130816	4.16	4.29	4.11	4.13	8907843	37298800.00
20130819	4.13	4.18	4.11	4.17	3768262	15628916.00
20130820	4.17	4.20	4.11	4.13	5086411	21115476.00
20130821	4.14	4.17	4.12	4.16	3862702	16013429.00
20130822	4.15	4.22	4.11	4.15	5195221	21668762.00
20130823	4.15	4.22	4.08	4.13	5918638	24537748.00
20130826	4.13	4.31	4.11	4.30	14735935	62592704.00
20130827	4.28	4.42	4.25	4.39	19541907	84586880.00
20130828	4.33	4.50	4.27	4.38	20878129	91410816.00
20130829	4.43	4.82	4.43	4.82	67220689	317024768.00
20130830	4.85	5.30	4.78	5.30	80550271	416117504.00
20130902	5.29	5.36	4.77	4.77	50472795	245140352.00
20130903	4.63	4.66	4.49	4.60	34530588	157934000.00
20130904	4.57	4.74	4.57	4.60	24864303	114900904.00
20130905	4.68	4.76	4.47	4.51	28767873	131866352.00
20130906	4.48	4.62	4.44	4.57	24354774	110913552.00
20130909	4.57	4.70	4.51	4.64	27430918	126314816.00
20130910	4.65	4.82	4.61	4.77	33295148	157416464.00
20130911	4.80	4.93	4.62	4.66	24748714	117106568.00
20130912	4.61	4.89	4.52	4.76	27884118	132372512.00
20130913	4.70	4.86	4.67	4.78	21590144	103214480.00
20130916	4.76	4.80	4.66	4.74	14759543	69776472.00
20130917	4.73	4.74	4.50	4.51	13964878	64516232.00
20130918	4.49	4.57	4.45	4.52	9683989	43627596.00
20130923	4.56	4.58	4.48	4.57	10901985	49535664.00
20130924	4.56	4.74	4.50	4.72	20346035	94647880.00
20130925	4.69	4.73	4.55	4.57	15700503	72566328.00
20130926	4.57	4.57	4.40	4.41	10558986	47376104.00
20130927	4.43	4.50	4.41	4.46	5601037	24880916.00
20130930	4.46	4.55	4.44	4.52	5468690	24651022.00
20131008	4.54	4.97	4.48	4.97	43882169	213601952.00
20131009	5.00	5.44	4.93	5.14	68118366	356596384.00
20131010	5.61	5.61	5.08	5.10	49824325	261560896.00
20131011	5.16	5.49	5.10	5.43	56486424	301338720.00
20131014	5.30	5.31	5.13	5.21	37388773	194664976.00
20131015	5.16	5.16	4.93	5.09	28045742	141272768.00
20131016	5.06	5.09	4.81	4.85	19636942	96719032.00
20131017	4.88	4.94	4.77	4.80	13436690	65134720.00
20131018	4.83	4.93	4.73	4.85	10887877	52774688.00
20131021	4.89	4.96	4.81	4.95	12288630	60298748.00
20131022	5.08	5.45	5.08	5.45	68323378	366501856.00
20131023	5.50	5.50	5.04	5.13	43844331	230293440.00
20131024	5.08	5.08	4.85	4.95	16729382	83135312.00
20131025	4.92	5.03	4.88	4.98	12370326	61373820.00
20131028	4.92	4.99	4.76	4.83	12810583	61998696.00
20131029	4.80	4.80	4.45	4.73	17200304	79743752.00
20131030	4.68	5.10	4.62	5.02	20841325	102307184.00
20131031	4.92	5.16	4.85	4.89	20040390	100127616.00
20131101	4.81	5.02	4.70	4.96	14484215	71016240.00
20131104	4.93	5.12	4.87	5.00	16800182	84516128.00
20131105	4.98	5.23	4.92	5.15	23468101	119848664.00
20131106	5.07	5.17	4.88	4.89	20053842	100318648.00
20131107	4.88	4.95	4.80	4.82	10194896	49715248.00
20131108	4.80	4.96	4.72	4.91	10015987	48810856.00
20131111	4.84	4.94	4.73	4.93	8780469	42506660.00
20131112	5.19	5.42	5.03	5.28	60320765	322167296.00
20131113	5.08	5.16	4.85	4.99	41804643	208841376.00
20131114	4.94	5.08	4.89	5.08	21542694	107823184.00
20131115	5.10	5.38	5.05	5.28	37417608	196499664.00
20131118	5.33	5.42	5.19	5.37	35446163	188275152.00
20131119	5.34	5.40	5.19	5.26	27814493	146884464.00
20131120	5.21	5.75	5.21	5.53	46006222	252514496.00
20131121	5.48	5.99	5.45	5.69	57835367	332661216.00
20131122	5.71	5.72	5.33	5.35	35749291	195339856.00
20131125	5.38	5.65	5.35	5.40	24723308	135206864.00
20131126	5.42	5.49	5.22	5.30	19570806	103928584.00
20131127	5.28	5.35	5.21	5.35	13498827	71476744.00
20131128	5.34	5.43	5.33	5.35	13356236	71705056.00
20131129	5.36	5.40	5.27	5.34	11904378	63469724.00
20131202	5.18	5.33	4.87	5.13	24420972	125447872.00
20131203	5.08	5.27	5.00	5.26	16177820	83477544.00
20131204	5.27	5.57	5.26	5.43	29364682	159233840.00
20131205	5.39	5.43	5.29	5.33	15032285	80207968.00
20131206	5.30	5.43	5.26	5.29	10586286	56370856.00
20131209	5.28	5.33	5.21	5.23	8549939	44876220.00
20131210	5.23	5.32	5.18	5.26	12112114	63584312.00
20131211	5.26	5.43	5.19	5.24	16955555	89921728.00
20131212	5.15	5.26	5.08	5.19	13908708	71703624.00
20131213	5.19	5.34	5.14	5.30	13563435	71181584.00
20131216	5.42	5.44	5.15	5.17	15058712	79731312.00
20131217	5.13	5.24	5.10	5.11	9019988	46636908.00
20131218	5.10	5.20	4.96	5.00	10443100	52822568.00
20131219	5.01	5.07	4.85	4.88	10975592	54254048.00
20131220	4.88	4.92	4.75	4.83	7293157	35176812.00
20131223	4.83	4.86	4.63	4.70	6493639	30717274.00
20131224	4.72	4.80	4.69	4.75	5376255	25573664.00
20131225	4.76	4.80	4.71	4.79	5250330	24945534.00
20131226	4.77	4.80	4.64	4.65	5121338	24174944.00
20131227	4.67	4.85	4.66	4.84	8498821	40486440.00
20131230	4.89	4.96	4.80	4.87	9811315	47908872.00
20131231	4.86	4.99	4.83	4.87	6377766	31228290.00
20140102	4.88	4.90	4.78	4.81	5261811	25367980.00
20140103	4.82	4.82	4.67	4.68	5918701	27843772.00
20140106	4.66	4.67	4.42	4.45	7585531	34127304.00
20140107	4.46	4.52	4.42	4.45	4872766	21780640.00
20140108	4.45	4.49	4.29	4.33	6635722	29132328.00
20140109	4.34	4.40	4.29	4.30	4850463	21117704.00
20140110	4.30	4.36	4.22	4.24	4454570	19053270.00
20140113	4.26	4.29	4.15	4.20	3660680	15399737.00
20140114	4.21	4.33	4.13	4.32	5462555	23125448.00
20140115	4.29	4.31	4.23	4.26	4285602	18291650.00
20140116	4.23	4.44	4.23	4.34	6852416	29787900.00
20140117	4.31	4.33	4.25	4.28	4451782	19089912.00
20140120	4.26	4.36	4.23	4.30	3231968	13887104.00
20140121	4.29	4.41	4.29	4.37	4088406	17828292.00
20140122	4.35	4.48	4.34	4.48	6181961	27443592.00
20140123	4.48	4.49	4.42	4.43	4877061	21694128.00
20140124	4.45	4.67	4.44	4.61	12162468	55241576.00
20140127	4.51	4.56	4.46	4.48	6765132	30523592.00
20140128	4.47	4.54	4.44	4.53	4544510	20434234.00
20140129	4.51	4.55	4.46	4.51	4043064	18224464.00
20140130	4.50	4.51	4.43	4.47	3393469	15127217.00
20140207	4.45	4.67	4.39	4.60	6208169	28071112.00
20140210	4.60	4.73	4.55	4.66	9915798	46072812.00
20140211	4.62	4.80	4.61	4.75	12749959	60285740.00
20140212	4.85	5.16	4.77	4.97	24125318	120133760.00
20140213	4.89	4.95	4.76	4.76	12528226	60888332.00
20140214	4.74	4.86	4.72	4.81	8178827	39277824.00
20140217	4.82	4.85	4.72	4.82	8356932	40027240.00
20140218	4.82	5.08	4.70	5.03	23171177	113552112.00
20140219	4.94	5.07	4.86	4.95	18100698	89904440.00
20140220	4.92	4.99	4.83	4.84	9758392	47804648.00
20140221	4.84	4.99	4.80	4.86	8141309	39823724.00
20140224	4.82	4.83	4.56	4.60	10995469	51217808.00
20140225	4.61	4.74	4.38	4.43	11408151	52231824.00
20140226	4.39	4.52	4.35	4.48	5960190	26490852.00
20140227	4.50	4.55	4.45	4.46	6619327	29773474.00
20140228	4.48	4.57	4.41	4.51	5250655	23484338.00
20140303	4.50	4.62	4.46	4.62	6615755	30131512.00
20140304	4.58	4.85	4.53	4.72	11493541	53783088.00
20140305	4.67	4.74	4.59	4.61	9637401	44745148.00
20140306	4.68	4.78	4.67	4.69	11503548	54214944.00
20140307	4.65	4.73	4.58	4.64	6314953	29332204.00
20140310	4.62	4.70	4.50	4.50	7433844	34320216.00
20140311	4.50	4.55	4.41	4.48	5204260	23301016.00
20140312	4.46	4.53	4.37	4.45	6085972	27050198.00
20140313	4.44	4.50	4.42	4.47	4154787	18543070.00
20140314	4.45	4.56	4.36	4.50	6745483	30056136.00
20140317	4.47	4.52	4.45	4.52	5217133	23432004.00
20140318	4.51	4.55	4.48	4.49	4276563	19288552.00
20140319	4.47	4.57	4.41	4.53	6839823	30710228.00
20140320	4.50	4.67	4.49	4.53	11981507	55048968.00
20140321	4.52	4.68	4.41	4.67	13005746	59591600.00
20140324	4.70	5.14	4.65	5.14	27433525	136356880.00
20140325	5.27	5.55	5.16	5.33	71485827	381657600.00
20140326	5.20	5.27	5.05	5.07	31032091	159277536.00
20140327	5.07	5.24	4.93	4.95	28290020	144466208.00
20140328	4.92	5.08	4.86	4.93	19027683	94372472.00
20140331	4.91	5.21	4.91	5.05	22408116	113877296.00
20140401	5.00	5.12	4.95	5.07	13456152	67851240.00
20140402	5.08	5.29	5.06	5.17	26491086	137378976.00
20140403	5.19	5.26	4.88	4.94	22165644	111272816.00
20140404	4.90	5.05	4.87	4.97	12174720	60590428.00
20140408	4.92	5.03	4.89	4.98	11716865	58043320.00
20140409	4.97	5.04	4.95	4.99	10771106	53753504.00
20140410	4.98	5.14	4.97	5.00	17528415	88462040.00
20140411	4.98	5.25	4.89	5.13	22670030	114433976.00
20140414	5.10	5.34	5.07	5.28	28394205	147718992.00
20140415	5.26	5.45	5.14	5.16	25152129	132669488.00
20140416	5.11	5.16	5.05	5.09	12869141	65597560.00
20140417	5.09	5.15	5.07	5.08	8640911	44097664.00
20140418	5.06	5.06	4.95	4.98	11263398	56344088.00
20140421	4.93	4.98	4.83	4.83	9285519	45573412.00
20140422	4.84	4.93	4.81	4.92	8329939	40559888.00
20140423	4.93	5.03	4.89	4.96	7271501	35984568.00
20140424	4.93	4.95	4.82	4.83	6047159	29528824.00
20140425	4.85	4.92	4.64	4.65	7685409	36637896.00
20140428	4.63	4.68	4.48	4.51	8263343	37544656.00
20140429	4.53	4.61	4.50	4.59	6013548	27320396.00
20140430	4.60	4.62	4.53	4.60	4486552	20572776.00
20140505	4.59	4.59	4.49	4.57	4742945	21473288.00
20140506	4.56	4.62	4.53	4.57	4355898	19929368.00
20140507	4.56	4.56	4.44	4.45	5155636	23206820.00
20140508	4.44	4.55	4.39	4.49	4922560	22051516.00
20140509	4.49	4.51	4.40	4.43	3188320	14161348.00
20140512	4.48	4.65	4.45	4.60	7925230	36068268.00
20140513	4.58	4.64	4.56	4.60	4443775	20415776.00
20140514	4.66	4.76	4.66	4.69	11400451	53602104.00
20140515	4.62	4.66	4.50	4.50	7248342	33069840.00
20140516	4.51	4.55	4.45	4.52	3785364	17011980.00
20140519	4.51	4.52	4.44	4.49	2726843	12196018.00
20140520	4.48	4.54	4.47	4.50	2505981	11295758.00
20140521	4.50	4.53	4.42	4.52	2951826	13235506.00
20140522	4.52	4.65	4.50	4.55	7095598	32420740.00
20140523	4.53	4.62	4.51	4.59	4855489	22223316.00
20140526	4.61	4.64	4.58	4.61	3722064	17165640.00
20140527	4.60	4.63	4.55	4.56	3767528	17274176.00
20140528	4.55	4.66	4.52	4.63	5619893	25864904.00
20140529	4.62	4.65	4.54	4.54	3589228	16472345.00
20140530	4.56	4.62	4.48	4.51	4304694	19443712.00
20140603	4.50	4.52	4.44	4.44	5116230	22912338.00
20140604	4.44	4.44	4.29	4.30	7602604	33084830.00
20140605	4.30	4.39	4.28	4.37	3363198	14620870.00
20140606	4.36	4.38	4.30	4.34	3220690	13986848.00
20140609	4.34	4.38	4.32	4.32	2428621	10561976.00
20140610	4.33	4.41	4.32	4.40	4104991	17926440.00
20140611	4.39	4.41	4.35	4.39	3058881	13384912.00
20140612	4.39	4.39	4.32	4.35	3786441	16482849.00
20140613	4.37	4.43	4.32	4.38	5131096	22462232.00
20140616	4.38	4.42	4.38	4.42	3836841	16902740.00
20140617	4.42	4.56	4.37	4.51	11215637	50366224.00
20140618	4.47	4.60	4.45	4.48	9419246	42495108.00
20140619	4.48	4.51	4.30	4.32	6125349	26922350.00
20140620	4.32	4.56	4.31	4.44	6649594	29634464.00
20140623	4.57	4.65	4.47	4.50	7309711	33100032.00
20140624	4.46	4.48	4.41	4.43	5259816	23349590.00
20140625	4.41	4.46	4.39	4.44	2491355	11037390.00
20140626	4.43	4.60	4.42	4.50	6998045	31508840.00
20140627	4.48	4.56	4.45	4.51	7517384	33866008.00
20140630	4.51	4.60	4.47	4.55	7338679	33227200.00
20140701	4.57	4.58	4.52	4.55	5775018	26243120.00
20140702	4.55	4.57	4.50	4.53	6705083	30384430.00
20140703	4.54	4.57	4.51	4.55	5647055	25651880.00
20140704	4.54	4.55	4.49	4.53	5486494	24780524.00
20140707	4.52	4.59	4.49	4.56	6879000	31272548.00
20140708	4.54	4.55	4.51	4.54	4028901	18261888.00
20140709	4.52	4.54	4.37	4.39	7396923	33002144.00
20140710	4.40	4.43	4.39	4.40	4873120	21470836.00
20140711	4.40	4.45	4.38	4.43	4396656	19460262.00
20140714	4.47	4.50	4.45	4.49	4372520	19564596.00
20140715	4.49	4.52	4.46	4.50	4908504	22046232.00
20140716	4.50	4.55	4.48	4.54	7067727	31979948.00
20140717	4.54	4.57	4.47	4.52	5692257	25718004.00
20140718	4.49	4.59	4.47	4.56	8008334	36418812.00
20140721	4.55	4.58	4.50	4.52	5595211	25380794.00
20140722	4.53	4.58	4.51	4.55	7636301	34733536.00
20140723	4.55	4.67	4.54	4.65	17711304	81708080.00
20140724	4.63	4.75	4.59	4.68	15182222	70953752.00
20140725	4.68	4.68	4.62	4.68	8166182	37951900.00
20140728	4.67	4.75	4.67	4.73	10939138	51535016.00
20140729	4.75	4.85	4.72	4.76	13981419	66721112.00
20140730	4.75	4.75	4.67	4.68	9846472	46328016.00
20140731	4.68	4.76	4.66	4.75	9364238	44082324.00
20140801	4.73	4.76	4.66	4.66	9779599	46045372.00
20140804	4.67	4.78	4.67	4.77	12206191	57767600.00
20140805	4.76	4.81	4.74	4.78	9968297	47553956.00
20140806	4.76	4.84	4.72	4.82	12083328	57830324.00
20140807	4.88	4.91	4.75	4.77	15046288	72780576.00
20140808	4.77	4.81	4.74	4.80	7559249	36122328.00
20140811	4.82	4.96	4.82	4.90	13366811	65684204.00
20140812	4.91	4.98	4.87	4.93	9801550	48193300.00
20140813	4.93	4.93	4.82	4.90	9860477	48076912.00
20140814	4.88	4.93	4.82	4.82	9589582	46721800.00
20140815	4.82	4.90	4.80	4.89	7513574	36566596.00
20140818	4.89	4.92	4.85	4.91	13955450	68232976.00
20140819	4.91	5.04	4.86	5.01	21641235	106985008.00
20140820	4.98	5.07	4.96	4.98	15031385	75252512.00
20140821	5.04	5.06	4.90	5.00	14993398	74702296.00
20140822	5.02	5.15	4.99	5.11	18272050	92734800.00
20140825	5.13	5.17	5.03	5.08	12977836	66068020.00
20140826	5.09	5.10	4.89	4.90	13236839	65818528.00
20140827	4.92	4.97	4.88	4.94	6607826	32577774.00
20140828	4.97	5.05	4.90	4.96	11034627	54967820.00
20140829	4.98	4.98	4.88	4.95	6089279	30030076.00
20140901	4.94	5.02	4.93	5.02	8293119	41290380.00
20140902	5.06	5.12	5.01	5.08	14259248	72093288.00
20140903	5.11	5.14	5.04	5.09	13823023	70220864.00
20140904	5.17	5.50	5.13	5.32	41237240	218787232.00
20140905	5.25	5.32	5.21	5.27	20438137	107496880.00
20140909	5.33	5.42	5.26	5.36	18300349	97447664.00
20140910	5.34	5.34	5.20	5.27	12542262	65982444.00
20140911	5.27	5.34	5.17	5.20	17329885	90925392.00
20140912	5.19	5.25	5.15	5.25	12342367	64272016.00
20140915	5.26	5.31	5.23	5.30	12816994	67578952.00
20140916	5.31	5.38	5.10	5.10	22803349	120111328.00
20140917	5.10	5.19	5.03	5.18	12760891	65390904.00
20140918	5.16	5.28	5.12	5.24	10683090	55643648.00
20140919	5.24	5.31	5.21	5.28	10844331	57149220.00
20140922	5.30	5.45	5.26	5.28	24208941	129509360.00
20140923	5.30	5.35	5.25	5.33	12166899	64476224.00
20140924	5.29	5.39	5.27	5.37	15560504	83053088.00
20140925	5.37	5.47	5.32	5.40	21142876	114239200.00
20140926	5.38	5.44	5.32	5.39	11101969	59804036.00
20140929	5.41	5.53	5.40	5.50	17231060	94310112.00
20140930	5.51	5.63	5.48	5.60	19027105	105888776.00
20141008	5.68	5.81	5.59	5.61	23588366	133731344.00
20141009	5.58	5.61	5.45	5.58	17511020	97009048.00
20141010	5.52	5.79	5.49	5.78	27994237	159110912.00
20141013	5.71	5.95	5.69	5.90	35363763	207156640.00
20141014	5.91	5.92	5.75	5.80	17142314	100049040.00
20141015	5.84	6.03	5.82	5.90	16289519	96702112.00
20141016	5.87	5.88	5.69	5.70	14498298	83971648.00
20141017	5.69	5.75	5.30	5.51	21365186	117623592.00
20141020	5.53	5.61	5.50	5.58	10975375	61061992.00
20141021	5.60	5.64	5.40	5.43	14504886	79698000.00
20141022	5.48	5.52	5.33	5.37	13125175	71318488.00
20141023	5.40	5.40	5.21	5.28	9741773	51611656.00
20141024	5.27	5.60	5.22	5.51	17696151	95063824.00
20141027	5.43	5.88	5.41	5.75	28416969	161936368.00
20141028	5.96	6.33	5.96	6.16	51849587	319837536.00
20141029	6.16	6.78	6.10	6.78	48882766	318577120.00
20141030	6.88	7.04	6.56	6.67	80823360	551075776.00
20141031	6.69	6.81	6.58	6.73	36896422	246937200.00
20141103	6.73	6.94	6.68	6.80	41078197	280796384.00
20141104	6.74	6.74	6.43	6.55	32342037	212041632.00
20141105	6.51	6.88	6.38	6.68	29453184	196159184.00
20141106	6.66	6.73	6.53	6.69	16040506	106350096.00
20141107	6.63	6.74	6.41	6.46	23165010	152777088.00
20141110	6.51	6.59	6.33	6.54	22920333	148907712.00
20141111	6.55	6.55	6.10	6.16	32113359	201376576.00
20141112	6.11	6.43	6.06	6.40	20693963	130404888.00
20141113	6.38	6.50	6.20	6.34	21661009	138149424.00
20141114	6.25	6.42	6.20	6.32	12694081	80186488.00
20141117	6.46	6.85	6.41	6.52	30046704	198148352.00
20141118	6.50	6.86	6.47	6.80	33206071	222156816.00
20141119	6.70	6.78	6.57	6.60	23909307	159288464.00
20141120	6.55	6.74	6.52	6.65	15956217	106151288.00
20141121	6.65	6.76	6.57	6.71	18116043	121352432.00
20141124	6.80	6.89	6.72	6.78	28818004	195881968.00
20141125	6.78	6.83	6.68	6.75	19672001	132559328.00
20141126	6.75	6.78	6.63	6.77	17926949	120093688.00
20141127	6.77	6.79	6.61	6.65	20440628	136723328.00
20141128	6.65	7.27	6.61	7.15	50595543	353217568.00
20141201	7.20	7.48	7.00	7.10	38561444	276828096.00
20141202	7.13	7.38	7.00	7.20	33344551	240019744.00
20141203	7.35	7.92	7.16	7.82	63813315	480555712.00
20141204	7.89	8.23	7.56	8.19	67424167	540813440.00
20141205	8.05	8.36	7.37	8.30	74275289	588779648.00
20141208	8.33	8.87	8.00	8.55	60735252	519684544.00
20141209	8.50	8.76	7.70	7.79	67130476	562538880.00
20141210	7.68	8.36	7.40	8.24	42819966	337593344.00
20141211	8.10	8.29	7.91	8.06	34015344	275422112.00
20141212	8.02	8.05	7.75	7.85	27094765	212774352.00
20141215	8.30	8.40	7.85	8.00	40473797	327899328.00
20141216	7.97	7.97	7.66	7.80	26050991	202648896.00
20141217	7.78	7.87	7.56	7.68	21288981	164560224.00
20141218	7.68	7.80	7.59	7.69	19662342	151055552.00
20141219	7.70	7.76	7.50	7.59	19808007	151036544.00
20141222	7.53	7.53	6.85	7.14	32524516	228963808.00
20141223	7.20	7.50	7.06	7.09	20009765	145944368.00
20141224	7.11	7.26	7.04	7.24	20442499	146140960.00
20141225	7.28	7.47	7.18	7.42	18383759	135143968.00
20141226	7.39	7.59	7.34	7.49	20746859	155002192.00
20141229	7.50	7.65	7.32	7.35	21187268	159114304.00
20141230	7.28	7.28	6.94	6.95	20017247	140799312.00
20141231	6.95	7.03	6.65	6.87	16247457	110651472.00
20150105	6.86	7.00	6.76	6.94	16133966	111590816.00
20150106	6.89	6.96	6.74	6.87	18406811	125692776.00
20150107	6.86	7.28	6.80	7.26	30495527	216457520.00
20150108	7.22	7.35	7.05	7.08	19370498	139138416.00
20150109	7.03	7.13	6.91	6.92	12359458	86852888.00
20150112	6.80	6.86	6.57	6.59	16735852	111511936.00
20150113	6.52	6.66	6.51	6.65	9663208	63592224.00
20150114	6.65	6.67	6.42	6.48	9380795	61215624.00
20150115	6.49	6.64	6.47	6.62	8440400	55545796.00
20150116	6.66	6.74	6.60	6.71	10054100	67101488.00
20150119	6.58	6.66	6.12	6.28	13039992	84127824.00
20150120	6.32	6.65	6.31	6.59	13125578	85291112.00
20150121	6.55	6.86	6.55	6.84	17626583	119272104.00
20150122	6.84	6.92	6.75	6.90	16555000	113321224.00
20150123	6.91	7.52	6.91	7.23	37289667	269673888.00
20150126	7.20	7.32	7.11	7.30	19602159	142028128.00
20150127	7.31	7.34	7.04	7.19	18555179	133088544.00
20150128	7.12	7.54	7.10	7.44	38463546	282520672.00
20150129	7.20	7.32	7.14	7.20	20497893	147949904.00
20150130	7.20	7.24	6.90	6.92	19786509	139401152.00
20150202	6.75	6.78	6.66	6.72	10073704	67669544.00
20150203	6.74	7.02	6.74	7.00	13896812	96492272.00
20150204	6.99	7.18	6.93	6.95	13451066	94948488.00
20150205	7.11	7.16	6.81	6.83	11548766	80543752.00
20150206	6.76	6.95	6.72	6.75	10275985	69969528.00
20150209	6.70	6.83	6.65	6.67	6435602	43293400.00
20150210	6.70	6.85	6.70	6.84	6000680	40771832.00
20150211	6.90	7.13	6.90	7.10	14375845	101430776.00
20150212	7.14	7.14	6.96	7.09	9717934	68449984.00
20150213	7.10	7.20	7.06	7.13	13071207	93289696.00
20150216	7.17	7.25	7.13	7.24	12981886	93395712.00
20150217	7.24	7.40	7.18	7.38	18209307	132665376.00
20150225	7.40	7.43	7.21	7.24	14786395	108480392.00
20150226	7.26	7.34	7.24	7.32	12639706	92284464.00
20150227	7.34	7.48	7.30	7.40	17943863	132532264.00
20150302	7.46	7.54	7.40	7.53	21640454	161554720.00
20150303	7.50	7.66	7.34	7.41	25979514	195023088.00
20150304	7.37	7.48	7.32	7.43	16753848	124060952.00
20150305	7.41	7.86	7.38	7.82	39157849	298905696.00
20150306	7.75	8.14	7.63	8.03	48566858	384048000.00
20150309	7.89	8.08	7.82	7.91	26202059	208027776.00
20150310	7.92	8.15	7.91	7.98	21515396	172622688.00
20150311	7.98	8.10	7.76	8.08	23945530	189154352.00
20150312	8.05	8.20	7.91	7.93	20722087	166707936.00
20150313	7.93	8.00	7.83	7.91	14271408	112620160.00
20150316	8.09	8.33	8.02	8.28	31568545	257353680.00
20150317	8.28	8.40	8.15	8.28	29478527	244258896.00
20150318	8.30	8.44	8.21	8.35	24889207	206885088.00
20150319	8.35	8.62	8.26	8.59	34876691	294547136.00
20150320	8.52	8.59	8.44	8.51	21513648	182868336.00
20150323	8.50	8.60	8.45	8.55	28924768	246376016.00
20150324	8.55	8.75	8.01	8.32	37206866	314364352.00
20150325	8.60	8.95	8.35	8.41	51880539	446207872.00
20150326	8.35	8.36	8.09	8.17	32819865	269303520.00
20150327	8.15	8.30	8.12	8.26	20121080	165550528.00
20150330	8.27	8.50	8.18	8.44	35317835	294116448.00
20150331	8.55	8.60	8.30	8.32	32278238	270787456.00
20150401	8.31	8.40	8.26	8.38	21446061	179039392.00
20150402	8.36	8.54	8.36	8.50	33501951	282895904.00
20150403	8.44	9.14	8.40	9.02	64314983	562300032.00
20150407	9.05	9.09	8.90	9.02	40327140	362383456.00
20150408	9.04	9.35	8.60	9.25	57120825	512627872.00
20150409	9.25	9.26	8.72	8.96	37735807	339623936.00
20150410	8.90	9.20	8.82	9.09	34119862	308653984.00
20150413	9.19	9.48	9.08	9.34	40872623	379116096.00
20150414	9.27	9.34	9.00	9.18	33207931	304554592.00
20150415	9.25	9.39	8.70	9.00	43183151	390298912.00
20150416	8.85	9.04	8.72	8.91	25843820	229658128.00
20150417	8.94	9.05	8.89	8.91	33895068	303514560.00
20150420	8.94	9.14	8.66	8.70	42838341	382650336.00
20150421	8.73	9.00	8.69	8.97	28949561	256499008.00
20150422	9.03	9.46	8.97	9.46	58157807	538520320.00
20150423	9.29	9.35	9.08	9.23	55800436	513029504.00
20150424	9.04	9.35	8.95	9.12	38181275	349220992.00
20150427	9.10	9.19	8.97	9.09	36160504	329273472.00
20150428	9.10	9.15	8.43	8.51	40403179	355293376.00
20150429	8.50	8.72	8.35	8.63	22290679	190478224.00
20150430	8.63	8.68	8.50	8.59	20905241	179290736.00
20150504	8.81	8.98	8.70	8.74	30123218	265909936.00
20150505	8.69	8.69	8.16	8.20	27640226	232715680.00
20150506	8.26	8.35	7.75	7.90	19732170	161492032.00
20150507	7.91	7.92	7.61	7.67	18046930	139687296.00
20150508	7.80	8.05	7.68	8.00	22460266	176384736.00
20150511	8.13	8.33	8.02	8.26	24142992	197349408.00
20150512	8.30	8.34	8.13	8.30	25540091	210217136.00
20150513	8.28	8.50	8.15	8.41	28435665	237332864.00
20150514	8.41	8.51	8.30	8.34	24633500	207144144.00
20150515	8.33	8.33	8.00	8.03	22910610	186314048.00
20150518	8.05	8.17	8.01	8.08	15542196	125966808.00
20150519	8.10	8.45	8.08	8.44	25534121	211494672.00
20150520	8.45	8.79	8.36	8.59	36838892	317747424.00
20150521	8.60	8.93	8.54	8.90	40489952	354573344.00
20150522	8.96	9.56	8.86	9.38	74361894	685815616.00
20150525	9.45	9.82	9.32	9.59	72507132	690975552.00
20150526	9.60	9.85	9.56	9.67	62677330	606170496.00
20150527	9.67	10.64	9.50	10.40	96214648	976321152.00
20150528	10.24	10.38	9.36	9.36	78144258	776368896.00
20150529	9.18	9.42	8.78	9.12	53334338	486536000.00
20150601	9.18	9.62	9.11	9.57	41197715	387181472.00
20150602	9.64	10.12	9.52	10.11	49361658	485797888.00
20150603	10.16	10.55	9.69	10.50	59296661	598916416.00
20150604	10.37	10.42	9.45	10.20	57249434	573094592.00
20150605	10.97	11.22	10.96	11.22	30622743	342671904.00
20150608	11.88	12.34	11.22	11.39	115185932	1364034432.00
20150609	11.10	11.49	10.90	11.18	53300079	594720064.00
20150610	11.16	11.98	11.01	11.52	56700082	654238528.00
20150611	11.54	12.30	11.41	12.07	56513297	675394624.00
20150612	12.12	12.79	11.88	12.31	60358022	748539584.00
20150615	12.35	12.50	11.80	11.97	49836264	604363264.00
20150616	11.80	12.46	11.56	11.69	48398990	582824576.00
20150617	11.75	12.08	10.95	11.97	43455489	501193024.00
20150618	11.90	12.80	11.73	12.15	57167282	708832512.00
20150619	11.70	11.94	10.94	10.94	44918733	509343872.00
20150623	10.65	10.90	9.87	10.63	36231519	379481280.00
20150624	10.71	11.33	10.38	11.14	39593812	428491168.00
20150625	11.11	11.55	10.33	10.63	40874112	455553184.00
20150626	10.26	10.39	9.57	9.57	32099364	318017728.00
20150629	9.90	9.91	8.61	8.62	40351874	367619936.00
20150630	8.71	9.19	7.76	9.14	42086680	357665536.00
20150701	8.95	9.28	8.23	8.23	38107682	337052480.00
20150702	8.26	8.29	7.41	7.41	35442814	275068128.00
20150703	7.10	7.54	6.67	6.67	34234112	235838608.00
20150706	7.34	7.34	6.00	6.01	45931618	294097152.00
20150707	5.75	5.80	5.41	5.41	19133539	105332424.00
20150708	4.87	4.92	4.87	4.87	22832227	111221936.00
20150709	4.65	5.36	4.44	5.36	44817479	225268016.00
20150710	5.49	5.90	5.38	5.90	26226391	151655840.00
20150713	6.25	6.49	6.00	6.49	48195858	305485792.00
20150714	6.50	7.00	6.20	6.58	66426044	442168000.00
20150715	6.36	6.48	5.92	5.92	33940790	207506352.00
20150716	5.53	6.20	5.35	5.97	33792450	198260112.00
20150717	6.02	6.52	5.99	6.38	30325808	189830592.00
20150720	6.49	6.68	6.28	6.50	36906798	239517440.00
20150721	6.40	6.75	6.26	6.73	35166816	232336928.00
20150722	6.63	6.85	6.48	6.75	35885194	239826688.00
20150723	6.72	7.32	6.66	7.14	48046882	339917216.00
20150724	7.14	7.25	6.80	6.95	44150348	311818944.00
20150727	6.76	7.08	6.26	6.26	36957174	246348048.00
20150728	5.81	6.29	5.65	5.98	39619633	235671568.00
20150729	6.10	6.43	5.83	6.39	26342348	160877456.00
20150730	6.32	6.80	6.23	6.36	41905689	273387872.00
20150731	6.30	6.52	6.05	6.19	27223086	172449968.00
20150803	6.10	6.15	5.60	5.80	25317408	148409216.00
20150804	5.81	6.24	5.81	6.23	24231414	146121344.00
20150805	6.24	6.31	6.04	6.14	23892839	147775840.00
20150806	6.00	6.18	5.92	6.06	14906958	90398592.00
20150807	6.11	6.48	6.11	6.41	31022810	195532272.00
20150810	6.48	6.80	6.37	6.70	36429505	240327216.00
20150811	6.69	6.93	6.63	6.86	39829901	270042784.00
20150812	6.75	6.81	6.62	6.70	30322438	204051056.00
20150813	6.50	7.00	6.45	6.99	49851163	338713696.00
20150814	7.00	7.27	6.87	7.19	54004743	382744192.00
20150817	7.13	7.46	7.08	7.44	44028112	320530912.00
20150818	7.45	7.48	6.70	6.70	51498089	363173472.00
20150819	6.50	7.34	6.31	7.06	50643634	346505088.00
20150820	6.97	7.16	6.69	6.75	30565780	212031504.00
20150821	6.60	6.71	6.15	6.22	28563270	183332128.00
20150824	5.97	5.97	5.60	5.60	21273834	121022952.00
20150825	5.06	5.36	5.04	5.04	15663049	80362752.00
20150826	5.10	5.34	4.77	4.90	25169956	128144264.00
20150827	4.99	5.23	4.82	5.19	16574267	83965664.00
20150828	5.27	5.60	5.22	5.59	22249322	119877600.00
20150831	5.49	5.55	5.28	5.31	16203496	87691864.00
20150901	5.30	5.31	4.91	5.00	15488173	78520000.00
20150902	4.80	5.13	4.76	4.80	14520897	71481728.00
20150907	4.96	5.16	4.90	4.99	12350409	62317408.00
20150908	5.01	5.37	4.96	5.30	11968913	61551692.00
20150909	5.33	5.57	5.32	5.53	17964522	97918280.00
20150910	5.43	5.52	5.34	5.36	11603655	62977120.00
20150911	5.35	5.47	5.32	5.46	19945494	107543936.00
20150914	5.52	5.52	4.91	4.91	19890606	102562096.00
20150915	4.79	4.94	4.62	4.66	13016826	62464776.00
20150916	4.72	5.13	4.72	5.09	12895577	63494008.00
20150917	5.04	5.22	4.92	4.94	14824824	75420192.00
20150918	4.98	5.16	4.91	5.07	10147485	50966444.00
20150921	5.00	5.25	5.00	5.23	12481237	64118248.00
20150922	5.22	5.55	5.21	5.38	26465840	143129120.00
20150923	5.23	5.29	5.10	5.16	15799978	82116536.00
20150924	5.20	5.34	5.18	5.29	11245074	59154296.00
20150925	5.25	5.38	5.06	5.16	11226697	58668836.00
20150928	5.17	5.44	5.10	5.33	11419229	60501456.00
20150929	5.21	5.25	5.08	5.16	8993565	46416720.00
20150930	5.18	5.22	5.10	5.20	7753586	40146960.00
20151008	5.40	5.44	5.31	5.40	12235339	65879452.00
20151009	5.38	5.54	5.36	5.47	13164187	71676872.00
20151012	5.52	5.85	5.45	5.78	26371155	150407568.00
20151013	5.70	6.00	5.66	5.90	26674964	156516288.00
20151014	5.81	5.88	5.71	5.73	16819834	97380400.00
20151015	5.71	5.97	5.70	5.93	17272794	101138768.00
20151016	5.95	6.18	5.88	6.16	28472421	172197216.00
20151019	6.25	6.34	6.04	6.18	25118469	155656160.00
20151020	6.16	6.55	6.05	6.38	32389177	204217600.00
20151021	6.31	6.58	5.74	5.74	34091046	209630000.00
20151022	5.79	5.99	5.63	5.94	30773881	178359584.00
20151023	6.05	6.24	6.01	6.19	28134144	172461920.00
20151026	6.22	6.30	6.11	6.18	20282787	125301088.00
20151027	6.10	6.23	5.84	6.20	20500046	123643368.00
20151028	6.15	6.24	6.01	6.07	18307398	112255200.00
20151029	6.12	6.45	6.05	6.38	35080412	219103376.00
20151030	6.23	6.38	6.13	6.31	25435615	159009584.00
20151102	6.27	6.28	6.06	6.09	18500060	114571096.00
20151103	6.13	6.28	5.98	6.14	13131502	80482720.00
20151104	6.19	6.75	6.19	6.75	66447276	440816320.00
20151105	6.61	6.90	6.59	6.66	53531904	358882048.00
20151106	6.68	6.80	6.62	6.71	29656767	199329232.00
20151109	6.63	6.79	6.50	6.67	33334525	222218608.00
20151110	6.68	6.80	6.59	6.79	27055061	181672416.00
20151111	6.80	7.13	6.78	6.91	33092593	229902320.00
20151112	6.95	6.95	6.65	6.71	23494448	158728768.00
20151113	6.60	6.84	6.48	6.73	22999185	152520608.00
20151116	6.76	7.10	6.71	7.08	39035376	271478144.00
20151117	7.09	7.15	6.94	6.98	31673031	222179984.00
20151118	6.96	7.13	6.83	6.86	22970405	159817376.00
20151119	6.92	7.06	6.82	7.04	20155285	140514192.00
20151120	7.02	7.16	7.00	7.09	21425142	151532720.00
20151123	7.33	7.54	7.07	7.13	36956158	269630688.00
20151124	7.08	7.11	6.92	7.08	20359180	142736768.00
20151125	7.08	7.28	7.03	7.14	20271703	145444864.00
20151126	7.20	7.85	7.15	7.62	59686234	449233408.00
20151127	7.47	7.55	6.86	6.89	36793369	265989536.00
20151130	6.94	7.02	6.22	6.75	26255140	175725856.00
20151201	6.79	7.03	6.70	6.92	17517664	120562160.00
20151202	6.85	7.04	6.66	6.96	18254095	125415296.00
20151203	7.00	7.20	6.95	7.14	20560754	145822544.00
20151204	7.09	7.17	6.89	7.02	17264905	121561592.00
20151207	7.02	7.35	6.90	7.29	27861404	198436768.00
20151208	7.16	7.27	6.91	6.94	19127798	134917680.00
20151209	6.88	7.00	6.72	6.94	15453348	106090904.00
20151210	6.90	7.03	6.78	6.79	12819576	88809104.00
20151211	6.80	6.82	6.66	6.71	10873493	73153312.00
20151214	6.65	6.82	6.50	6.82	10465784	69774424.00
20151215	6.81	6.95	6.77	6.87	10557343	72541504.00
20151216	6.85	6.94	6.78	6.81	12861534	88195880.00
20151217	6.86	7.13	6.85	7.09	25910948	181789216.00
20151218	7.07	7.26	7.02	7.12	21407905	152698304.00
20151221	7.18	7.29	7.09	7.18	18187565	130928144.00
20151222	7.22	7.41	7.14	7.33	21938973	159421904.00
20151223	7.39	7.42	7.18	7.18	17748779	129279152.00
20151224	7.22	7.25	6.91	7.12	15372007	108780672.00
20151225	7.12	7.29	7.10	7.23	13905579	100074704.00
20151228	7.24	7.58	7.15	7.22	31244337	230262256.00
20151229	7.23	7.31	7.12	7.24	16068510	115792016.00
20151230	7.23	7.38	7.22	7.28	18764759	136627280.00
20151231	7.30	7.33	7.09	7.13	14271200	103129432.00
20160104	7.19	7.19	6.42	6.42	15468732	105527776.00
20160105	6.15	6.44	5.98	6.24	19218154	119894240.00
20160106	6.29	6.44	6.18	6.44	12077826	76342912.00
20160107	6.30	6.40	5.80	5.81	4898854	30164296.00
20160108	6.01	6.39	5.61	6.33	28170388	172093568.00
20160111	6.22	6.45	6.05	6.15	23031119	143970960.00
20160112	6.18	6.55	6.15	6.53	24704416	157358448.00
20160113	6.50	6.75	6.34	6.43	25418131	167445056.00
20160114	6.20	6.65	6.10	6.51	22515661	143705744.00
20160115	6.49	6.73	6.43	6.54	23232784	153153776.00
20160118	6.41	6.72	6.15	6.18	27685753	180304224.00
20160119	6.19	6.80	6.13	6.80	60584349	401969984.00
20160120	6.73	7.00	6.67	6.88	44204511	301105696.00
20160121	6.77	6.95	6.20	6.28	30941929	206814304.00
20160122	6.30	6.42	6.08	6.25	17942715	112271064.00
20160125	6.32	6.40	6.25	6.35	8893077	56146684.00
20160126	6.25	6.39	5.72	5.72	15755792	95326240.00
20160127	5.76	5.78	5.16	5.42	16784421	91363896.00
20160128	5.34	5.96	5.25	5.96	50389776	293392896.00
20160129	5.87	6.46	5.85	6.26	66109000	410082080.00
20160201	6.20	6.31	5.98	6.30	26770587	166429840.00
20160202	6.28	6.80	6.28	6.60	66568590	438450048.00
20160203	6.50	7.10	6.40	6.89	87603114	594687296.00
20160204	6.82	7.10	6.68	6.85	70155952	479059104.00
20160205	6.88	6.88	6.57	6.73	44803967	300259424.00
20160215	6.55	7.40	6.45	7.39	87783827	615264512.00
20160216	7.31	7.58	7.18	7.43	89839185	657533120.00
20160217	7.23	7.28	7.00	7.14	55708159	397275712.00
20160218	7.20	7.32	7.04	7.17	35853555	257189616.00
20160219	7.07	7.36	6.98	7.28	35243924	251566976.00
20160222	7.34	7.38	7.17	7.26	30021958	218095248.00
20160223	7.25	7.32	6.90	7.03	31515363	222778544.00
20160224	7.00	7.55	6.92	7.46	47144184	341295488.00
20160225	7.36	7.42	6.71	6.71	41415157	289577856.00
20160226	6.68	6.75	6.17	6.37	30023348	193477440.00
20160229	6.36	6.45	5.73	5.73	25561560	149378528.00
20160301	5.75	5.98	5.72	5.89	18127250	106037912.00
20160302	5.88	6.23	5.84	6.17	23958673	145365312.00
20160303	6.16	6.30	6.12	6.16	23066348	143029584.00
20160304	6.15	6.20	5.62	5.78	21727272	128796128.00
20160307	5.82	6.02	5.82	5.96	10823360	64224140.00
20160308	5.95	5.95	5.65	5.92	11957329	69356944.00
20160309	5.81	5.90	5.70	5.75	8750026	50660000.00
20160310	5.76	5.90	5.71	5.77	9040414	52417644.00
20160311	5.70	5.81	5.61	5.77	6981176	40063608.00
20160314	5.82	6.03	5.77	5.93	13538105	80506728.00
20160315	5.92	6.02	5.88	5.95	10016747	59577864.00
20160316	5.98	6.01	5.72	5.81	11417785	66960576.00
20160317	5.81	6.05	5.79	5.99	15262295	90710616.00
20160318	6.00	6.21	5.98	6.16	19588391	119840240.00
20160321	6.20	6.33	6.16	6.23	20974779	130536048.00
20160322	6.22	6.33	6.13	6.21	14562553	90878216.00
20160323	6.17	6.24	6.14	6.20	10777076	66583460.00
20160324	6.17	6.18	6.03	6.06	11338904	69224008.00
20160325	6.03	6.10	5.96	6.10	10784724	65160056.00
20160328	6.10	6.27	6.06	6.18	19039480	117181776.00
20160329	6.12	6.13	5.85	5.92	12457663	74709696.00
20160330	5.98	6.08	5.95	6.07	8783188	52854384.00
20160331	6.10	6.19	6.06	6.11	10354279	63340336.00
20160401	6.08	6.30	6.05	6.24	19734490	122739360.00
20160405	6.20	6.33	6.13	6.30	17846685	111566080.00
20160406	6.28	6.41	6.21	6.31	16250469	102509104.00
20160407	6.31	6.34	6.13	6.16	12036465	74831688.00
20160408	6.13	6.19	6.06	6.16	8986018	55015344.00
20160411	6.17	6.31	6.17	6.25	11303421	70727584.00
20160412	6.25	6.46	6.21	6.38	21204749	135372208.00
20160413	6.43	6.48	6.36	6.41	15532687	99891928.00
20160414	6.41	6.55	6.41	6.50	10772011	69897760.00
20160415	6.50	6.54	6.42	6.48	13143838	84928832.00
20160418	6.46	6.76	6.43	6.54	21327914	140794768.00
20160419	6.57	6.61	6.50	6.60	14470784	94802624.00
20160420	6.63	6.64	5.99	6.12	25137208	157545392.00
20160421	6.06	6.23	6.01	6.03	12333538	75380848.00
20160422	5.96	6.09	5.90	6.08	8096279	48745324.00
20160425	6.02	6.11	5.98	6.10	6409071	38849064.00
20160426	6.10	6.21	6.08	6.20	8156580	50097240.00
20160427	6.23	6.82	6.22	6.62	37223152	246160352.00
20160428	6.54	6.69	6.34	6.46	24755524	160713280.00
20160429	6.38	6.62	6.36	6.56	16659487	108411976.00
20160503	6.58	6.62	6.46	6.62	19138408	125532240.00
20160504	6.60	6.63	6.47	6.51	15021653	98321816.00
20160505	6.52	6.52	6.42	6.50	9376165	60705212.00
20160506	6.50	6.57	6.07	6.09	20237837	126699880.00
20160509	5.98	6.10	5.81	5.87	10281989	60871592.00
20160510	5.86	5.92	5.84	5.90	5966701	35103472.00
20160511	5.92	5.95	5.77	5.79	6295367	36856916.00
20160512	5.70	5.70	5.55	5.64	9237114	51901352.00
20160513	5.65	5.69	5.60	5.66	4798764	27076824.00
20160516	5.65	5.78	5.61	5.77	4542120	25992410.00
20160517	5.77	5.81	5.67	5.73	4296000	24639694.00
20160518	5.67	5.67	5.50	5.55	6846211	38128176.00
20160519	5.55	5.64	5.53	5.54	4227065	23624832.00
20160520	5.57	5.64	5.49	5.60	4021811	22405944.00
20160523	5.60	5.68	5.58	5.67	5074968	28643372.00
20160524	5.67	5.67	5.55	5.60	3598397	20150560.00
20160525	5.60	5.67	5.56	5.58	3556959	19974332.00
20160526	5.57	5.62	5.40	5.58	5441846	29959720.00
20160527	5.57	5.69	5.55	5.66	6674282	37624108.00
20160530	5.66	5.74	5.61	5.64	4309738	24499496.00
20160531	5.64	5.82	5.61	5.81	9116103	52540900.00
20160601	5.81	5.85	5.76	5.80	8228484	47841840.00
20160602	5.80	5.87	5.78	5.84	6703500	39116236.00
20160603	5.83	5.88	5.78	5.86	6890056	40161140.00
20160606	5.84	5.87	5.80	5.85	4832887	28251272.00
20160607	5.82	5.87	5.75	5.83	6260326	36359976.00
20160608	5.83	5.88	5.75	5.83	5317213	30943520.00
20160613	5.75	5.76	5.50	5.53	5791584	32928702.00
20160614	5.50	5.57	5.46	5.53	3279533	18117808.00
20160615	5.55	5.72	5.50	5.68	4399342	24872804.00
20160616	5.68	5.70	5.60	5.65	3793154	21428500.00
20160617	5.62	5.73	5.62	5.69	5228787	29770856.00
20160620	5.69	5.71	5.50	5.65	5863215	32818872.00
20160621	5.65	5.72	5.57	5.62	5055953	28553224.00
20160622	5.62	5.66	5.56	5.66	3922462	22049760.00
20160623	5.62	5.73	5.62	5.67	4256912	24141244.00
20160624	5.67	5.72	5.42	5.56	5651701	31663360.00
20160627	5.56	5.68	5.55	5.66	4130267	23275256.00
20160628	5.63	5.82	5.62	5.79	8454116	48790204.00
20160629	5.82	5.82	5.73	5.74	7380809	42578980.00
20160630	5.74	5.86	5.73	5.79	7561211	43807844.00
20160701	5.77	5.84	5.74	5.80	6274761	36350700.00
20160704	5.78	5.89	5.75	5.87	8769386	51303328.00
20160705	5.88	5.95	5.83	5.90	7656298	44995448.00
20160706	5.90	5.91	5.84	5.88	5256200	30859896.00
20160707	5.88	5.91	5.85	5.90	5349600	31474358.00
20160708	5.87	5.89	5.83	5.84	4491500	26342238.00
20160711	5.84	5.89	5.81	5.83	8568700	50150012.00
20160712	5.83	5.89	5.79	5.89	6329900	37027780.00
20160713	5.87	5.96	5.86	5.93	8029800	47573320.00
20160714	5.94	5.94	5.90	5.92	4713600	27902872.00
20160715	5.93	5.97	5.90	5.95	6381100	37890460.00
20160718	5.94	6.12	5.90	6.08	13103200	79014112.00
20160719	6.06	6.10	5.98	6.02	6186400	37256700.00
20160720	6.02	6.10	6.00	6.09	6057900	36596480.00
20160721	6.16	6.27	6.08	6.22	14202000	87723712.00
20160722	6.15	6.21	6.02	6.06	10499800	63996740.00
20160725	6.02	6.11	5.96	5.98	7476100	45030100.00
20160726	5.98	6.08	5.97	6.07	6378400	38486248.00
20160727	6.06	6.11	5.71	5.77	12951323	76235600.00
20160728	5.76	5.81	5.70	5.77	6155768	35437768.00
20160729	5.77	5.81	5.72	5.74	3922686	22572826.00
20160801	5.74	5.74	5.55	5.64	6004675	33711212.00
20160802	5.63	5.75	5.61	5.72	5238055	29746832.00
20160803	5.70	6.15	5.70	5.97	13069231	77774352.00
20160804	5.90	5.99	5.85	5.90	7474676	44232296.00
20160805	5.90	6.08	5.90	6.03	11112062	66873512.00
20160808	6.04	6.13	5.97	6.09	8414619	51137064.00
20160809	6.09	6.15	6.02	6.07	6168500	37434576.00
20160810	6.07	6.09	5.99	6.00	5255600	31777028.00
20160811	6.00	6.07	5.95	5.96	7067676	42507260.00
20160812	5.94	6.07	5.92	6.06	5352788	32132852.00
20160815	6.12	6.15	6.06	6.12	10902060	66658404.00
20160816	6.11	6.24	6.08	6.13	9819816	60412160.00
20160817	6.16	6.29	6.04	6.22	15244665	93995144.00
20160818	6.22	6.37	6.16	6.24	13655096	85448936.00
20160819	6.25	6.45	6.21	6.35	16308940	103336488.00
20160822	6.28	6.99	6.27	6.99	47034400	318406048.00
20160823	6.80	7.63	6.62	7.19	81653500	579685504.00
20160824	7.05	7.15	6.88	6.90	44019400	307035936.00
20160825	6.71	6.75	6.40	6.59	35157100	230424000.00
20160826	6.67	6.71	6.40	6.41	22628800	148234976.00
20160829	6.43	6.54	6.35	6.44	15181454	97921576.00
20160830	6.46	6.52	6.38	6.48	13029483	84190056.00
20160831	6.43	6.61	6.40	6.54	15407629	100552512.00
20160901	6.47	6.61	6.37	6.38	15705456	101804272.00
20160902	6.35	6.60	6.34	6.55	16077192	104082136.00
20160905	6.51	6.74	6.49	6.62	22829857	151488960.00
20160906	6.58	6.62	6.43	6.60	14492709	94525072.00
20160907	6.56	6.62	6.51	6.58	13278507	87298640.00
20160908	6.58	6.93	6.56	6.80	26557400	180796768.00
20160909	6.75	6.77	6.61	6.63	15007562	100274032.00
20160912	6.40	6.49	6.30	6.32	14919300	95349024.00
20160913	6.39	6.45	6.34	6.41	7114700	45440256.00
20160914	6.34	6.50	6.30	6.46	10181842	65302248.00
20160919	6.40	6.51	6.40	6.47	5563400	35924348.00
20160920	6.48	6.48	6.38	6.40	6035800	38706016.00
20160921	6.38	6.48	6.38	6.43	5189164	33404186.00
20160922	6.44	6.52	6.44	6.47	8350166	54040776.00
20160923	6.47	6.47	6.35	6.36	6748562	43257664.00
20160926	6.36	6.37	6.08	6.14	8673185	54019160.00
20160927	6.19	6.27	6.10	6.26	6906168	42789204.00
20160928	6.25	6.27	6.19	6.23	3456584	21548312.00
20160929	6.24	6.32	6.23	6.25	4831968	30375500.00
20160930	6.26	6.36	6.25	6.36	5480616	34563456.00
20161010	6.35	6.45	6.35	6.44	7782376	49965396.00
20161011	6.45	6.59	6.42	6.54	10976824	71452456.00
20161012	6.50	6.59	6.48	6.50	7345010	47930792.00
20161013	6.50	6.60	6.50	6.58	6873873	45117616.00
20161014	6.57	6.62	6.48	6.55	5160901	33710060.00
20161017	6.54	6.63	6.42	6.46	7389125	48335612.00
20161018	6.46	6.57	6.41	6.56	5600233	36356356.00
20161019	6.55	6.64	6.55	6.61	9032537	59587472.00
20161020	6.62	6.68	6.58	6.60	6794800	45013248.00
20161021	6.60	6.62	6.46	6.54	7333218	47955172.00
20161024	6.52	6.79	6.52	6.74	14731122	98874560.00
20161025	6.71	7.05	6.69	6.91	22250268	154057344.00
20161026	6.93	6.94	6.76	6.81	13190558	90206136.00
20161027	6.84	7.14	6.84	6.98	13862098	97300792.00
20161028	6.92	7.04	6.77	6.78	10098830	69674320.00
20161031	6.78	6.91	6.71	6.85	7619974	51981528.00
20161101	6.85	6.89	6.71	6.87	7813000	53109128.00
20161102	6.79	6.95	6.77	6.88	10052700	68971272.00
20161103	6.80	7.27	6.80	7.14	22098043	157277904.00
20161104	7.09	7.28	7.04	7.09	10951500	78124936.00
20161107	7.08	7.29	7.08	7.15	10421570	75040208.00
20161108	7.19	7.35	7.14	7.25	16155330	117409256.00
20161109	7.26	7.27	7.07	7.13	12687143	90992272.00
20161110	7.18	7.25	7.12	7.22	11721000	84193368.00
20161111	7.25	7.27	7.14	7.25	10817077	77944280.00
20161114	7.23	7.25	7.03	7.07	14557965	103538824.00
20161115	7.07	7.11	6.96	7.09	11909390	83823952.00
20161116	7.08	7.11	7.00	7.04	6632700	46683624.00
20161117	7.05	7.15	6.99	7.11	9469700	66927352.00
20161118	7.12	7.13	7.03	7.06	7465300	52962972.00
20161121	7.03	7.08	7.02	7.05	5876200	41425464.00
20161122	7.06	7.17	7.05	7.13	7842313	55822040.00
20161123	7.14	7.18	7.08	7.10	9176374	65354016.00
20161124	7.11	7.11	7.00	7.03	9497200	66853440.00
20161125	7.02	7.03	6.80	6.99	10513700	72664472.00
20161128	7.00	7.05	6.94	7.01	4791700	33531596.00
20161129	7.00	7.02	6.87	6.96	7987500	55498384.00
20161130	6.93	7.00	6.80	6.92	6915000	47888880.00
20161201	6.92	6.95	6.87	6.92	4838067	33455024.00
20161202	6.92	6.92	6.74	6.75	7307468	49843568.00
20161205	6.69	6.74	6.65	6.72	4968800	33257482.00
20161206	6.72	6.77	6.70	6.73	3059800	20619696.00
20161207	6.70	6.82	6.69	6.79	3973600	26914800.00
20161208	6.79	6.88	6.78	6.80	4410100	30127312.00
20161209	6.80	6.85	6.78	6.81	3535000	24083992.00
20161212	6.81	6.84	6.37	6.39	9096802	59676012.00
20161213	6.39	7.03	6.33	7.03	18009211	122393896.00
20161214	7.10	7.73	7.05	7.29	45953257	338618112.00
20161215	7.22	7.40	7.11	7.28	26921505	194402080.00
20161216	7.20	7.48	7.14	7.38	26812214	197308752.00
20161219	7.31	7.97	7.31	7.75	35857589	275448800.00
20161220	7.61	7.66	7.42	7.49	22157932	166622272.00
20161221	7.47	7.52	7.27	7.50	17066890	126036968.00
20161222	7.41	7.54	7.32	7.48	10831945	80416680.00
20161223	7.39	7.60	7.21	7.22	12571400	92549904.00
20161226	7.15	7.37	7.08	7.35	9771549	70971712.00
20161227	7.30	7.57	7.29	7.49	11264994	83901984.00
20161228	7.45	7.48	7.28	7.40	9937955	73133336.00
20161229	7.38	7.47	7.26	7.28	7706200	56658912.00
20161230	7.25	7.58	7.25	7.43	13538800	100948984.00
20170103	7.46	7.86	7.42	7.70	20836228	160912032.00
20170104	7.65	7.90	7.61	7.85	20889418	162425840.00
20170105	7.78	7.86	7.66	7.85	17843434	138625840.00
20170106	7.82	8.26	7.71	8.17	35753716	287334368.00
20170109	8.09	8.12	7.90	8.05	17630120	141325824.00
20170110	7.98	8.03	7.78	7.82	16145896	127218968.00
20170111	7.81	7.93	7.63	7.66	14022681	108521040.00
20170112	7.65	7.73	7.43	7.54	13008373	98725568.00
20170113	7.44	7.76	7.44	7.51	13502306	103074384.00
20170116	7.52	7.57	6.76	6.90	22696628	159527936.00
20170117	6.91	7.11	6.82	7.08	9380871	65652128.00
20170118	7.05	7.19	7.00	7.02	6415201	45506588.00
20170119	6.94	7.03	6.81	6.89	6934820	48056484.00
20170120	6.82	7.01	6.77	6.96	5907631	40961080.00
20170123	6.94	7.16	6.90	7.07	5535416	39153852.00
20170124	7.07	7.17	7.05	7.10	4782075	34073332.00
20170125	7.10	7.19	7.07	7.18	4331546	30919976.00
20170126	7.20	7.22	7.07	7.16	4990832	35619464.00
20170203	7.17	7.18	6.99	7.07	4454100	31543892.00
20170206	7.06	7.13	7.00	7.09	5362234	37840476.00
20170207	7.09	7.80	7.06	7.57	18356608	136721392.00
20170208	7.47	7.73	7.44	7.60	14430181	109140360.00
20170209	7.56	7.93	7.52	7.73	16768726	130408544.00
20170210	7.73	7.88	7.65	7.74	12353846	95795224.00
20170213	7.74	8.18	7.73	7.90	20630138	164860928.00
20170214	7.85	7.97	7.68	7.83	16024131	124744072.00
20170215	7.82	8.23	7.73	8.00	25888981	208194544.00
20170216	7.92	8.15	7.90	8.00	16015263	128210192.00
20170217	8.02	8.30	7.92	8.15	22936440	186230560.00
20170220	8.13	8.24	7.96	8.09	15493200	124892480.00
20170221	8.15	8.28	8.00	8.06	15506229	126043720.00
20170222	8.02	8.15	7.87	8.07	18252600	145830064.00
20170223	8.04	8.09	7.92	7.95	10138752	81089536.00
20170224	7.96	8.75	7.96	8.75	61644400	528223872.00
20170227	8.78	9.46	8.59	8.63	82085100	737917376.00
20170228	8.52	8.99	8.43	8.62	54614588	473711584.00
20170301	8.50	8.88	8.43	8.64	40643284	352139328.00
20170302	8.58	8.62	8.35	8.38	23407728	198696176.00
20170303	8.35	8.37	8.12	8.20	16182969	132989904.00
20170306	8.21	8.32	8.14	8.25	13112011	107698984.00
20170307	8.28	8.28	8.15	8.23	11285400	92536960.00
20170308	8.22	8.49	8.17	8.37	17554116	146835408.00
20170309	8.36	8.36	8.17	8.21	10805446	88819296.00
20170310	8.15	8.32	8.05	8.25	12288892	100299008.00
20170313	8.21	8.37	8.13	8.34	9270301	76673472.00
20170314	8.34	8.65	8.29	8.56	18418567	156998640.00
20170315	8.55	8.78	8.49	8.53	14769030	127500120.00
20170316	8.58	8.67	8.45	8.53	11447853	97495184.00
20170317	8.53	8.62	8.26	8.29	11923211	100631776.00
20170320	8.30	8.32	8.04	8.18	11100800	90761040.00
20170321	8.13	8.23	8.08	8.14	6943200	56610044.00
20170322	8.05	8.22	8.02	8.11	6752253	54828332.00
20170323	8.10	8.37	8.10	8.23	11229802	92563296.00
20170324	8.20	8.27	8.11	8.20	5720100	46778528.00
20170327	8.20	8.29	8.07	8.11	7103866	57666956.00
20170328	8.10	8.15	8.01	8.07	5194912	41914192.00
20170329	8.09	8.09	7.87	7.87	8840100	70378664.00
20170330	7.76	7.81	7.38	7.48	16273295	123039024.00
20170331	7.46	7.79	7.45	7.57	8119391	61616380.00
20170405	8.29	8.29	7.86	7.98	19070778	153147792.00
20170406	7.95	7.95	7.81	7.88	11558300	90916240.00
20170407	7.87	8.23	7.68	8.18	21350654	170472432.00
20170410	8.06	8.64	7.95	8.09	49348579	404724960.00
20170411	7.98	8.46	7.94	8.39	41370300	341338688.00
20170412	8.25	8.30	8.00	8.00	24822800	201722816.00
20170413	8.00	8.50	7.94	8.41	23501505	193947632.00
20170414	8.46	8.48	8.12	8.20	20838403	171966784.00
20170417	8.06	8.20	7.91	7.96	12803160	102577360.00
20170418	8.03	8.17	7.91	7.93	9318751	74811488.00
20170419	7.81	7.86	7.48	7.66	16509772	126385264.00
20170420	7.61	7.73	7.20	7.31	12877608	96264312.00
20170421	7.36	7.44	7.25	7.32	5987320	43854024.00
20170424	7.33	7.36	6.84	6.85	9553400	66588892.00
20170425	6.91	7.05	6.80	6.91	8967000	62218988.00
20170426	6.93	7.06	6.86	7.01	8526900	59517536.00
20170427	7.01	7.07	6.66	7.06	13592400	93256048.00
20170428	6.95	7.12	6.95	7.01	5814101	40873960.00
20170502	7.06	7.13	6.95	7.03	5473070	38575144.00
20170503	7.03	7.08	6.84	6.91	5813302	40295544.00
20170504	7.00	7.30	6.85	7.08	10669300	76155160.00
20170505	6.98	7.01	6.80	6.81	8039900	55448492.00
20170508	6.72	6.79	6.45	6.47	7231400	47901744.00
20170509	6.44	6.55	6.29	6.45	5438700	34901440.00
20170510	6.47	6.52	6.38	6.40	5848400	37653548.00
20170511	6.34	6.35	5.92	6.16	8508000	52186044.00
20170512	6.15	6.21	6.05	6.14	3901794	23917160.00
20170515	6.20	6.22	6.10	6.13	3634900	22377836.00
20170516	6.13	6.45	6.02	6.39	8710100	55031992.00
20170517	6.40	6.69	6.38	6.60	11171198	73346768.00
20170518	6.52	6.58	6.41	6.45	5580700	36246340.00
20170519	6.48	6.53	6.30	6.35	4842321	30877062.00
20170522	6.38	6.38	6.05	6.10	5862348	36326688.00
20170523	6.04	6.14	5.88	5.89	4845200	29165814.00
20170524	5.89	5.99	5.72	5.99	3550400	20894208.00
20170525	5.99	6.10	5.90	6.09	3795800	22882032.00
20170526	6.08	6.13	6.03	6.09	3228800	19659866.00
20170531	6.19	6.19	6.00	6.02	3822900	23298128.00
20170601	6.02	6.08	5.84	5.86	3861100	23012592.00
20170602	5.86	6.00	5.81	5.98	3675441	21795012.00
20170605	5.98	6.58	5.96	6.58	12108585	76433088.00
20170606	6.67	6.69	6.37	6.45	9393000	60983416.00
20170607	6.47	6.92	6.47	6.65	11530001	77545952.00
20170608	6.65	6.78	6.56	6.66	6539500	43429952.00
20170609	6.66	6.75	6.59	6.62	4791001	31948952.00
20170612	6.61	6.61	6.45	6.45	5208500	33818484.00
20170613	6.45	6.58	6.45	6.56	3501000	22887584.00
20170614	6.52	6.66	6.46	6.65	3806397	24974456.00
20170615	6.62	6.77	6.60	6.72	5059200	33817348.00
20170616	6.78	6.78	6.59	6.66	4057369	27112658.00
20170619	6.62	6.71	6.61	6.67	2797601	18625736.00
20170620	6.67	6.70	6.58	6.61	2871411	19085316.00
20170621	6.60	6.66	6.51	6.56	3436062	22563860.00
20170622	6.58	6.63	6.30	6.31	4323701	28066112.00
20170623	6.34	6.45	6.29	6.42	3972811	25335624.00
20170626	6.40	6.48	6.39	6.46	2779416	17889148.00
20170627	6.49	6.52	6.40	6.44	2345800	15120952.00
20170628	6.43	6.46	6.24	6.28	4113700	26007482.00
20170629	6.26	6.40	6.25	6.26	3501715	22043648.00
20170630	6.23	6.35	6.23	6.34	2358624	14867490.00
20170703	6.35	6.38	6.29	6.36	2159801	13673331.00
20170704	6.37	6.39	6.30	6.36	2517500	15964294.00
20170705	6.37	6.49	6.34	6.48	3505561	22543324.00
20170706	6.47	6.49	6.32	6.42	3195604	20543958.00
20170707	6.38	6.47	6.38	6.45	2216502	14257932.00
20170710	6.44	6.56	6.39	6.47	4657274	30161332.00
20170711	6.44	6.45	6.24	6.26	5246201	33232264.00
数据来源:通达信
