600028 中国石化 日线 前复权
      日期	    开盘	    最高	    最低	    收盘	    成交量	    成交额
20111010	4.28	4.29	4.24	4.25	12585035	87013840.00
20111011	4.32	4.34	4.18	4.22	36540490	252767088.00
20111013	4.32	4.38	4.28	4.36	40043032	280361408.00
20111014	4.35	4.38	4.32	4.37	20673648	145059872.00
20111017	4.36	4.41	4.35	4.40	20431182	144338432.00
20111018	4.37	4.38	4.29	4.29	23575701	164708448.00
20111019	4.31	4.35	4.28	4.31	12130419	84624520.00
20111020	4.27	4.32	4.25	4.29	28376389	197264064.00
20111021	4.30	4.32	4.23	4.25	17901122	124199216.00
20111024	4.26	4.38	4.25	4.38	31591325	220158048.00
20111025	4.37	4.44	4.33	4.42	25141827	178053072.00
20111026	4.40	4.45	4.38	4.42	28314834	201584064.00
20111027	4.43	4.46	4.42	4.43	19119054	136341648.00
20111028	4.47	4.50	4.41	4.49	42400212	304271424.00
20111031	4.48	4.48	4.42	4.44	28671204	204773984.00
20111101	4.41	4.48	4.40	4.45	31917925	228538688.00
20111102	4.41	4.52	4.38	4.52	35100264	251216512.00
20111103	4.52	4.55	4.49	4.50	35251426	255311280.00
20111104	4.54	4.70	4.53	4.65	86874502	641878208.00
20111107	4.63	4.76	4.61	4.66	44537554	332212800.00
20111108	4.66	4.84	4.64	4.78	90025636	681740288.00
20111109	4.78	4.84	4.71	4.75	42929303	324500768.00
20111110	4.70	4.72	4.64	4.65	30593418	227868768.00
20111111	4.64	4.75	4.64	4.72	21997850	164747296.00
20111114	4.75	4.82	4.75	4.78	18179452	137993504.00
20111115	4.78	4.80	4.72	4.79	17754643	134107400.00
20111116	4.75	4.77	4.59	4.61	32924592	244273536.00
20111117	4.63	4.65	4.59	4.60	14706056	108408944.00
20111118	4.58	4.58	4.50	4.51	17940177	130318568.00
20111121	4.52	4.56	4.51	4.55	9079051	65926264.00
20111122	4.52	4.58	4.49	4.55	15533265	113107176.00
20111123	4.56	4.56	4.51	4.53	12459266	90511456.00
20111124	4.49	4.57	4.48	4.56	11314256	82167792.00
20111125	4.55	4.56	4.51	4.53	17697104	128451552.00
20111128	4.53	4.57	4.52	4.52	12687941	92187480.00
20111129	4.55	4.61	4.52	4.58	13908645	101628432.00
20111130	4.57	4.58	4.40	4.41	20863540	150171264.00
20111201	4.52	4.65	4.46	4.56	31709425	232025760.00
20111202	4.55	4.58	4.43	4.48	14470085	104346304.00
20111205	4.49	4.56	4.44	4.54	20800093	150700448.00
20111206	4.52	4.65	4.52	4.65	27787049	204359168.00
20111207	4.66	4.71	4.64	4.69	26361116	196460496.00
20111208	4.69	4.72	4.62	4.65	8652895	64378680.00
20111209	4.64	4.67	4.58	4.64	10083448	74330392.00
20111212	4.62	4.62	4.51	4.51	11216897	81920760.00
20111213	4.52	4.54	4.39	4.44	24207316	173339312.00
20111214	4.44	4.44	4.32	4.39	25631200	180656432.00
20111216	4.35	4.55	4.32	4.48	41432749	293591680.00
20111219	4.45	4.45	4.32	4.40	33623133	237777888.00
20111220	4.38	4.53	4.37	4.43	31510309	226275728.00
20111221	4.47	4.50	4.38	4.42	17329088	123596336.00
20111222	4.38	4.44	4.32	4.35	31614010	223472032.00
20111223	4.36	4.43	4.35	4.41	9266873	65700152.00
20111226	4.37	4.45	4.35	4.44	15957279	113317232.00
20111227	4.43	4.45	4.35	4.38	11864533	84216384.00
20111228	4.36	4.45	4.36	4.42	27565971	195986048.00
20111229	4.41	4.46	4.38	4.43	17180430	122318728.00
20111230	4.47	4.49	4.42	4.47	27298170	195829664.00
20120104	4.55	4.67	4.54	4.61	52818138	389557568.00
20120105	4.58	4.72	4.56	4.65	47888457	356528608.00
20120106	4.72	4.75	4.60	4.70	39465447	293562912.00
20120109	4.72	4.95	4.65	4.91	74396015	567375168.00
20120110	4.83	4.97	4.79	4.94	73542406	570806656.00
20120111	4.94	5.00	4.84	4.87	39298475	305532640.00
20120112	4.86	4.90	4.80	4.84	30545148	234110192.00
20120113	4.85	4.86	4.75	4.81	31027759	236473968.00
20120116	4.80	4.81	4.73	4.75	22287819	168639424.00
20120117	4.74	5.02	4.70	4.90	57861998	443173952.00
20120118	4.89	4.91	4.76	4.78	43695592	334653696.00
20120119	4.79	4.90	4.78	4.84	40746187	312011776.00
20120120	4.84	4.91	4.82	4.90	42451662	326312992.00
20120130	4.92	4.98	4.83	4.87	47473301	367782752.00
20120131	4.88	4.92	4.86	4.92	21558522	166811312.00
20120201	4.91	5.05	4.88	4.94	42775193	335156800.00
20120202	4.95	5.01	4.91	4.99	37243446	290786400.00
20120203	4.98	4.98	4.88	4.95	48543937	377395712.00
20120206	4.95	4.97	4.89	4.93	28192837	219393376.00
20120207	4.89	4.92	4.78	4.83	30492164	233361504.00
20120208	4.88	4.95	4.78	4.93	71692608	550392768.00
20120209	4.89	4.92	4.83	4.86	43981062	339015168.00
20120210	4.84	4.88	4.82	4.85	28641272	219874976.00
20120213	4.79	4.85	4.78	4.83	29577368	225641888.00
20120214	4.83	4.88	4.81	4.84	26808206	205817712.00
20120215	4.83	4.91	4.81	4.88	29300854	225811408.00
20120216	4.89	4.90	4.79	4.82	26524851	203411328.00
20120217	4.83	4.88	4.80	4.80	25322830	193811984.00
20120220	4.85	4.87	4.78	4.79	40419523	308893536.00
20120221	4.78	4.78	4.69	4.75	65818392	494124608.00
20120222	4.73	4.78	4.71	4.78	44689541	336762752.00
20120223	4.77	4.82	4.75	4.78	57674799	437171776.00
20120224	4.79	4.82	4.72	4.82	79082131	598697600.00
20120227	4.83	4.94	4.82	4.86	105054560	808352640.00
20120228	4.85	4.88	4.83	4.87	51889212	398651104.00
20120229	4.86	4.87	4.80	4.81	40094017	306718112.00
20120301	4.79	4.82	4.76	4.77	32951812	250060160.00
20120302	4.78	4.85	4.77	4.83	43803021	333748480.00
20120305	4.85	4.85	4.76	4.77	30433385	231717568.00
20120306	4.78	4.80	4.67	4.68	52321959	392559328.00
20120307	4.65	4.72	4.64	4.66	34941770	260313504.00
20120308	4.68	4.73	4.65	4.71	26100103	195088752.00
20120309	4.72	4.76	4.71	4.75	31919500	240315664.00
20120312	4.74	4.74	4.67	4.70	27094454	202615280.00
20120313	4.69	4.77	4.68	4.75	32869203	247566880.00
20120314	4.77	4.85	4.71	4.72	89584050	680348672.00
20120315	4.74	4.85	4.72	4.76	75249158	572179712.00
20120316	4.78	4.85	4.75	4.84	43496558	331670464.00
20120319	4.84	4.84	4.74	4.82	33657436	256147792.00
20120320	4.87	4.88	4.75	4.79	48261842	368155744.00
20120321	4.78	4.80	4.71	4.73	26103245	196576256.00
20120322	4.72	4.72	4.66	4.68	17973996	134281792.00
20120323	4.68	4.71	4.64	4.66	19908149	148237152.00
20120326	4.66	4.70	4.65	4.67	10433271	77687840.00
20120327	4.70	4.72	4.66	4.68	19517779	146130752.00
20120328	4.68	4.70	4.51	4.52	29348535	214947312.00
20120329	4.51	4.53	4.42	4.43	33876887	243129472.00
20120330	4.45	4.48	4.44	4.48	17889436	128255312.00
20120405	4.46	4.50	4.42	4.48	36890614	264474304.00
20120406	4.49	4.49	4.43	4.47	37695915	270178624.00
20120409	4.46	4.47	4.43	4.44	17191949	122855296.00
20120410	4.44	4.47	4.39	4.46	21055125	149967728.00
20120411	4.43	4.48	4.40	4.46	19112776	136497760.00
20120412	4.46	4.56	4.45	4.54	37672180	272734304.00
20120413	4.54	4.56	4.52	4.54	18880600	137051568.00
20120416	4.52	4.55	4.50	4.54	13543257	98265784.00
20120417	4.54	4.55	4.49	4.51	15600448	113145736.00
20120418	4.53	4.57	4.48	4.55	33920635	246122688.00
20120419	4.55	4.55	4.48	4.51	37060768	268083200.00
20120420	4.51	4.61	4.48	4.60	55123206	402086112.00
20120423	4.58	4.58	4.53	4.54	27771383	202649984.00
20120424	4.52	4.61	4.48	4.55	56362264	410048640.00
20120425	4.53	4.58	4.50	4.55	41721836	303278688.00
20120426	4.55	4.57	4.51	4.55	26793212	194711136.00
20120427	4.49	4.52	4.46	4.47	38577664	277682176.00
20120502	4.52	4.61	4.52	4.59	57816119	422307008.00
20120503	4.58	4.59	4.55	4.58	18782670	137408336.00
20120504	4.58	4.59	4.52	4.54	40500651	294972960.00
20120507	4.54	4.57	4.52	4.55	44020299	320166304.00
20120508	4.55	4.56	4.48	4.52	42491919	307314208.00
20120509	4.48	4.50	4.42	4.42	50422992	360231392.00
20120510	4.42	4.44	4.41	4.42	33037955	235071408.00
20120514	4.43	4.45	4.35	4.36	51140335	361878016.00
20120515	4.35	4.37	4.33	4.33	22815282	160213472.00
20120516	4.33	4.35	4.26	4.28	37420573	260766656.00
20120517	4.28	4.37	4.27	4.35	20889051	145847472.00
20120518	4.33	4.33	4.25	4.27	24699288	171225504.00
20120521	4.28	4.33	4.25	4.32	25821767	179571296.00
20120522	4.33	4.36	4.32	4.34	23398089	164117376.00
20120523	4.34	4.35	4.30	4.32	21444230	150105616.00
20120524	4.33	4.34	4.26	4.30	20359222	141578192.00
20120525	4.30	4.33	4.28	4.32	15476493	107846728.00
20120528	4.34	4.34	4.26	4.32	31228771	210702672.00
20120529	4.32	4.32	4.28	4.32	52462656	354615168.00
20120530	4.30	4.33	4.28	4.31	28297826	191268192.00
20120531	4.28	4.28	4.22	4.24	27294237	182594224.00
20120601	4.24	4.27	4.24	4.25	21567396	144495408.00
20120604	4.23	4.23	4.08	4.09	43257741	283568960.00
20120605	4.12	4.13	4.08	4.10	18639597	121057616.00
20120606	4.11	4.12	4.08	4.10	16894893	109915472.00
20120607	4.13	4.15	4.08	4.08	18810753	122512544.00
20120608	4.12	4.12	4.06	4.06	14081621	91204920.00
20120611	4.08	4.15	4.07	4.12	27850995	181852144.00
20120612	4.10	4.11	4.06	4.08	16428352	106339616.00
20120613	4.09	4.10	4.02	4.07	41933963	269713440.00
20120614	4.05	4.06	4.02	4.03	22129192	142033664.00
20120615	4.04	4.10	4.02	4.09	31092262	200010288.00
20120618	4.09	4.11	4.05	4.08	22028289	142657056.00
20120619	4.07	4.07	4.00	4.04	28353342	181430768.00
20120620	4.05	4.05	4.03	4.05	15121662	97175928.00
20120621	4.04	4.05	4.01	4.02	40471971	259266240.00
20120625	4.02	4.03	4.00	4.00	26247104	167693216.00
20120626	3.99	4.01	3.95	3.98	25301713	160423008.00
20120627	3.98	4.01	3.96	3.98	13950530	88611160.00
20120628	3.98	4.00	3.93	3.94	12696778	80364416.00
20120629	3.92	3.95	3.86	3.95	22508170	140939424.00
20120702	3.98	3.99	3.90	3.91	18442218	115951488.00
20120703	3.91	3.96	3.89	3.92	15560943	97693800.00
20120704	3.94	3.96	3.90	3.92	17117895	107446864.00
20120705	3.91	3.92	3.79	3.80	29824824	184099712.00
20120706	3.79	3.81	3.72	3.78	36986630	224289200.00
20120709	3.76	3.76	3.55	3.56	58625790	345964288.00
20120710	3.57	3.62	3.52	3.59	40740426	236427072.00
20120711	3.58	3.59	3.55	3.58	23604269	137270448.00
20120712	3.58	3.66	3.54	3.60	61537912	360578592.00
20120713	3.61	3.71	3.60	3.68	41575997	246638624.00
20120716	3.68	3.72	3.65	3.65	24030212	143014320.00
20120717	3.65	3.68	3.65	3.67	15164717	90058440.00
20120718	3.67	3.72	3.65	3.71	16643051	99086408.00
20120719	3.72	3.83	3.71	3.81	37921341	231065744.00
20120720	3.82	3.82	3.76	3.78	23825611	145219680.00
20120723	3.75	3.77	3.72	3.73	14323509	86364672.00
20120724	3.72	3.80	3.70	3.77	17691394	107156600.00
20120725	3.75	3.80	3.75	3.75	19465812	118265152.00
20120726	3.75	3.78	3.75	3.77	13595350	82562312.00
20120727	3.78	3.82	3.77	3.80	20577593	125441232.00
20120730	3.82	3.85	3.78	3.79	15394011	94348240.00
20120731	3.79	3.82	3.74	3.75	12348588	74943504.00
20120801	3.75	3.80	3.72	3.75	17419008	105450352.00
20120802	3.75	3.75	3.66	3.68	15617028	93507672.00
20120803	3.68	3.78	3.68	3.78	20432605	123296304.00
20120806	3.78	3.82	3.77	3.79	13624918	83177032.00
20120807	3.78	3.85	3.78	3.81	22640976	139008560.00
20120808	3.82	3.86	3.78	3.79	20081770	122922232.00
20120809	3.79	3.85	3.78	3.83	14703296	90248976.00
20120810	3.85	3.85	3.79	3.82	17656238	108601088.00
20120813	3.80	3.85	3.80	3.81	14397621	88456528.00
20120814	3.81	3.87	3.80	3.86	24556567	151600336.00
20120815	3.86	3.87	3.80	3.82	12435516	76469040.00
20120816	3.81	3.85	3.81	3.82	9948843	61232452.00
20120817	3.82	3.89	3.82	3.86	26258956	162770064.00
20120820	3.84	3.87	3.79	3.81	10754067	65936848.00
20120821	3.81	3.86	3.80	3.83	15516837	95602336.00
20120822	3.84	3.85	3.74	3.76	12312414	75236656.00
20120823	3.76	3.82	3.72	3.77	16241270	98704800.00
20120824	3.75	3.78	3.72	3.73	15364598	92752112.00
20120827	3.72	3.73	3.65	3.65	18908901	112865648.00
20120828	3.65	3.95	3.65	3.89	51496761	317632704.00
20120829	3.85	3.85	3.74	3.75	29965555	182484784.00
20120830	3.72	3.79	3.72	3.78	18848030	114214536.00
20120831	3.75	3.81	3.73	3.75	13653353	82964952.00
20120903	3.76	3.78	3.71	3.75	29863369	180215136.00
20120904	3.74	3.84	3.74	3.80	28469165	173519968.00
20120905	3.79	3.79	3.74	3.75	12807267	77597104.00
20120906	3.75	3.78	3.71	3.73	18348036	110273912.00
20120907	3.75	3.90	3.72	3.85	60846281	373101728.00
20120910	3.85	3.89	3.82	3.88	29454096	182095104.00
20120911	3.88	3.88	3.80	3.82	24682907	151679984.00
20120912	3.85	3.85	3.80	3.83	14474681	88867008.00
20120913	3.82	3.84	3.81	3.81	11832570	72637952.00
20120914	3.84	3.87	3.81	3.82	20702556	127491024.00
20120917	3.84	3.85	3.75	3.78	17239356	104021544.00
20120918	3.78	3.80	3.74	3.75	12750619	75986280.00
20120919	3.75	3.78	3.74	3.75	11082034	65916444.00
20120920	3.74	3.75	3.64	3.68	20805499	122550232.00
20120921	3.67	3.76	3.65	3.75	19871964	117550512.00
20120924	3.72	3.73	3.65	3.71	12827987	75235320.00
20120925	3.69	3.73	3.67	3.72	11015573	64768692.00
20120926	3.73	3.73	3.65	3.66	14809217	86604400.00
20120927	3.66	3.83	3.63	3.74	33514637	198050528.00
20120928	3.71	3.79	3.70	3.78	21519153	128013688.00
20121008	3.77	3.80	3.76	3.78	18688650	111923984.00
20121009	3.81	3.99	3.81	3.93	65231300	402555744.00
20121010	3.94	3.98	3.90	3.95	25332613	156864352.00
20121011	3.94	4.02	3.92	3.93	20025949	124763264.00
20121012	3.95	4.02	3.85	3.87	38379249	236354880.00
20121015	3.88	3.91	3.85	3.90	10512668	64188548.00
20121016	3.90	3.92	3.87	3.88	12953249	79476320.00
20121017	3.90	3.98	3.90	3.97	34407020	213694368.00
20121018	3.97	4.07	3.96	4.05	47874608	301930048.00
20121019	4.05	4.12	4.04	4.08	33670819	215284640.00
20121022	4.05	4.12	4.04	4.10	20754115	132390896.00
20121023	4.09	4.09	3.98	4.02	24314956	153157824.00
20121024	3.99	4.05	3.99	4.03	10263986	64737876.00
20121025	4.02	4.07	3.95	3.96	15240548	95847384.00
20121026	3.98	4.00	3.92	3.92	13480910	83653912.00
20121029	3.92	3.99	3.91	3.98	14441499	89967104.00
20121030	3.97	4.02	3.93	3.95	13975486	87002584.00
20121031	3.95	4.00	3.92	3.97	16189769	100903152.00
20121101	3.97	4.11	3.96	4.08	31407285	199757104.00
20121102	4.09	4.13	4.06	4.11	18712845	119806904.00
20121105	4.10	4.13	4.08	4.11	12819758	82149880.00
20121106	4.11	4.12	4.02	4.07	13848731	87881664.00
20121107	4.06	4.12	4.04	4.10	10776540	68794904.00
20121108	4.07	4.07	4.02	4.02	9469377	59905444.00
20121109	4.01	4.04	3.97	3.99	7492942	46944576.00
20121112	4.00	4.04	3.95	3.98	18249617	113819824.00
20121113	3.97	3.98	3.90	3.94	19173373	118725224.00
20121114	3.94	3.97	3.91	3.95	11894078	73652144.00
20121115	3.94	3.98	3.91	3.92	15638165	97054784.00
20121116	3.91	3.92	3.78	3.82	20790625	125962512.00
20121119	3.83	3.88	3.82	3.84	9293804	56497680.00
20121120	3.84	3.88	3.78	3.81	14714860	88800960.00
20121121	3.81	3.89	3.79	3.88	10657703	64579668.00
20121122	3.88	3.88	3.82	3.82	16055727	97563088.00
20121123	3.86	3.90	3.82	3.84	15982909	97258640.00
20121126	3.85	3.87	3.82	3.85	11725040	71237424.00
20121127	3.85	3.88	3.79	3.82	22363593	135467888.00
20121128	3.79	3.84	3.76	3.83	18369490	110598104.00
20121129	3.82	3.84	3.77	3.77	16903947	101311976.00
20121130	3.78	3.82	3.77	3.81	10043491	60308892.00
20121203	3.81	3.90	3.80	3.88	23948836	145997904.00
20121204	3.88	3.91	3.85	3.88	17425994	106357864.00
20121205	3.88	4.06	3.88	4.02	59999211	375558336.00
20121206	4.01	4.05	3.96	3.99	25134208	157349216.00
20121207	3.97	4.12	3.97	4.09	39845137	252107296.00
20121210	4.10	4.12	4.05	4.10	35345658	226023904.00
20121211	4.09	4.10	4.03	4.05	23274036	147992960.00
20121212	4.05	4.08	4.00	4.05	21225085	134134128.00
20121213	4.04	4.04	3.98	4.01	22344868	140189120.00
20121214	4.02	4.22	3.99	4.20	62715336	404861920.00
20121217	4.18	4.35	4.16	4.26	57900455	384147904.00
20121218	4.27	4.33	4.21	4.25	36702049	242747888.00
20121219	4.25	4.32	4.23	4.27	28067575	186251568.00
20121220	4.27	4.39	4.24	4.35	38354606	257303760.00
20121221	4.35	4.37	4.25	4.30	38366268	255786464.00
20121224	4.31	4.34	4.25	4.25	16006652	106238328.00
20121225	4.25	4.41	4.23	4.38	52801260	354679424.00
20121226	4.38	4.49	4.35	4.45	40368346	276453312.00
20121227	4.48	4.50	4.36	4.40	32007935	217542528.00
20121228	4.42	4.43	4.32	4.41	45161637	305231200.00
20121231	4.41	4.58	4.38	4.50	51955356	358031872.00
20130104	4.53	4.58	4.48	4.53	36630894	255149664.00
20130107	4.52	4.57	4.45	4.47	31424962	217434320.00
20130108	4.48	4.59	4.48	4.49	51556884	358549792.00
20130109	4.49	4.55	4.45	4.48	35857621	247877216.00
20130110	4.47	4.61	4.45	4.59	65767672	458726976.00
20130111	4.59	4.65	4.48	4.52	57294519	403079904.00
20130114	4.52	4.65	4.49	4.65	54188922	381989568.00
20130115	4.62	4.71	4.55	4.62	58946809	417031904.00
20130116	4.61	4.62	4.40	4.48	68640465	475081760.00
20130117	4.46	4.47	4.35	4.38	62679112	424089376.00
20130118	4.40	4.45	4.39	4.45	37819809	258326576.00
20130121	4.45	4.53	4.41	4.47	35742516	246202720.00
20130122	4.47	4.47	4.37	4.42	46892579	318932352.00
20130123	4.42	4.49	4.41	4.48	35482504	242950864.00
20130124	4.47	4.62	4.42	4.50	75031251	521294304.00
20130125	4.49	4.54	4.42	4.45	44201808	304709280.00
20130128	4.48	4.60	4.45	4.56	43832997	305420832.00
20130129	4.55	4.57	4.50	4.55	39694262	276409568.00
20130130	4.55	4.65	4.52	4.65	71111840	501042272.00
20130131	4.64	4.67	4.57	4.62	39477608	279436032.00
20130201	4.58	4.66	4.55	4.62	35800325	252227792.00
20130204	4.63	4.67	4.55	4.60	63776266	450001600.00
20130205	4.52	4.53	4.40	4.48	111744616	766918592.00
20130206	4.48	4.49	4.45	4.48	39659319	273068928.00
20130207	4.48	4.53	4.44	4.48	62344482	429879232.00
20130208	4.48	4.59	4.47	4.58	58215993	405266496.00
20130218	4.60	4.72	4.56	4.68	82175128	587137088.00
20130219	4.68	4.80	4.65	4.68	95457046	689314304.00
20130220	4.68	4.82	4.67	4.78	73830945	536909824.00
20130221	4.77	4.78	4.59	4.62	59995827	427779360.00
20130222	4.61	4.63	4.52	4.55	44999852	315315776.00
20130225	4.58	4.76	4.58	4.69	68734142	492455904.00
20130226	4.64	4.73	4.61	4.66	52318697	374413184.00
20130227	4.65	4.69	4.58	4.63	24736614	175408096.00
20130228	4.63	4.79	4.59	4.74	49198317	354420224.00
20130301	4.70	4.75	4.65	4.72	35827230	257978272.00
20130304	4.74	4.79	4.63	4.67	67099190	484007040.00
20130305	4.68	4.72	4.57	4.68	46409690	329221632.00
20130306	4.68	4.78	4.62	4.76	41424934	297069248.00
20130307	4.83	4.95	4.72	4.80	52018587	382375040.00
20130308	4.83	4.91	4.77	4.86	46567908	344050688.00
20130311	4.83	4.88	4.78	4.83	18902394	138764576.00
20130312	4.84	5.06	4.83	4.92	76764423	575218432.00
20130313	4.93	5.04	4.90	4.92	62391721	469738240.00
20130314	4.88	4.97	4.82	4.90	37118792	275851200.00
20130315	4.89	5.02	4.87	4.97	43849455	329179744.00
20130318	4.94	4.98	4.68	4.68	55227465	404603552.00
20130319	4.68	4.89	4.68	4.83	53617013	392528256.00
20130320	4.82	4.93	4.82	4.88	45748034	340019168.00
20130321	4.87	5.00	4.82	4.96	72121328	537810368.00
20130322	4.95	5.12	4.95	5.12	98785465	758197440.00
20130325	5.09	5.10	4.98	5.02	54407311	414269728.00
20130326	5.02	5.02	4.82	4.90	48730136	361800640.00
20130327	4.92	5.08	4.88	4.92	66584234	502645376.00
20130328	4.88	4.91	4.79	4.88	41149737	304301280.00
20130329	4.89	4.92	4.85	4.86	21177810	156776240.00
20130401	4.85	4.88	4.80	4.85	28045610	206241312.00
20130402	4.84	4.85	4.72	4.75	41295592	300805376.00
20130403	4.76	4.81	4.72	4.75	27229602	197379904.00
20130408	4.70	4.75	4.65	4.72	32179364	230624384.00
20130409	4.75	4.76	4.68	4.72	31201633	225058160.00
20130410	4.72	4.74	4.66	4.68	32822755	235127024.00
20130411	4.69	4.74	4.68	4.70	25700311	184880160.00
20130412	4.70	4.73	4.60	4.62	29348326	208656896.00
20130415	4.56	4.60	4.42	4.45	48541085	335457600.00
20130416	4.41	4.52	4.40	4.46	31072341	213591840.00
20130417	4.47	4.48	4.40	4.45	16721324	114300896.00
20130418	4.42	4.51	4.40	4.42	23843374	162875296.00
20130419	4.45	4.57	4.42	4.52	38925152	269755456.00
20130422	4.50	4.55	4.45	4.48	31594230	218033280.00
20130423	4.48	4.48	4.25	4.28	55443252	371960544.00
20130424	4.29	4.39	4.29	4.36	28374411	190354192.00
20130425	4.36	4.42	4.32	4.39	28122815	190139040.00
20130426	4.38	4.41	4.32	4.35	18534969	125026960.00
20130502	4.34	4.35	4.30	4.32	19665058	131494456.00
20130503	4.33	4.41	4.32	4.38	27332850	184931248.00
20130506	4.41	4.51	4.38	4.48	31526766	216144080.00
20130507	4.48	4.48	4.41	4.45	22288932	152426000.00
20130508	4.46	4.52	4.42	4.45	28242039	193924960.00
20130509	4.45	4.47	4.33	4.34	45120567	304719872.00
20130510	4.35	4.37	4.25	4.32	60444661	402280672.00
20130513	4.31	4.39	4.29	4.32	30060813	201422880.00
20130514	4.33	4.33	4.24	4.26	37625404	248433824.00
20130515	4.26	4.28	4.24	4.27	14908557	98424280.00
20130516	4.27	4.32	4.24	4.31	26995578	179328896.00
20130517	4.31	4.41	4.29	4.39	38856570	262012656.00
20130520	4.40	4.52	4.39	4.49	40683641	279747712.00
20130521	4.47	4.48	4.42	4.45	31029794	212738912.00
20130522	4.45	4.48	4.41	4.42	23834721	162898288.00
20130523	4.40	4.41	4.37	4.37	29376265	198820336.00
20130524	4.38	4.41	4.31	4.33	35602159	239110544.00
20130527	4.32	4.38	4.32	4.35	27082559	181661312.00
20130528	4.35	4.42	4.32	4.41	33847750	228358224.00
20130529	4.42	4.45	4.40	4.41	32195841	219421280.00
20130530	4.40	4.40	4.34	4.37	38113378	257085584.00
20130531	4.38	4.39	4.35	4.36	22114974	149429200.00
20130603	4.35	4.39	4.32	4.36	22660310	152693552.00
20130604	4.36	4.38	4.32	4.35	26327245	177215120.00
20130605	4.34	4.38	4.32	4.34	16055323	107962184.00
20130606	4.34	4.35	4.32	4.34	19974731	133825616.00
20130607	4.34	4.34	4.25	4.25	26481187	175835712.00
20130613	4.23	4.23	3.95	4.09	45364687	288909920.00
20130614	4.08	4.11	4.00	4.02	50033996	315844160.00
20130617	4.02	4.08	4.01	4.06	38508548	243514560.00
20130618	4.08	4.08	4.03	4.06	23417536	148423024.00
20130619	4.10	4.10	3.95	4.01	32647331	152449696.00
20130620	3.99	4.04	3.82	3.83	38478375	176725920.00
20130621	3.78	3.87	3.72	3.78	46773174	208416672.00
20130624	3.78	3.80	3.50	3.54	69930841	302721472.00
20130625	3.53	3.59	3.39	3.52	62868124	262636320.00
20130626	3.52	3.54	3.38	3.43	59105978	243369408.00
20130627	3.46	3.49	3.41	3.44	48526420	200102960.00
20130628	3.44	3.56	3.43	3.51	60142916	249374640.00
20130701	3.48	3.62	3.48	3.60	67563957	285013120.00
20130702	3.60	3.60	3.47	3.57	79692018	334346176.00
20130703	3.54	3.60	3.43	3.58	107829581	452373152.00
20130704	3.54	3.59	3.50	3.55	56541281	238551120.00
20130705	3.55	3.59	3.51	3.52	49533732	208620000.00
20130708	3.51	3.52	3.45	3.47	40966840	170154704.00
20130709	3.46	3.67	3.45	3.66	125256487	533970336.00
20130710	3.66	4.02	3.64	3.94	184187228	825271488.00
20130711	3.91	4.07	3.89	3.98	188369883	876096576.00
20130712	3.96	3.96	3.84	3.92	81345689	372820032.00
20130715	3.92	3.95	3.85	3.89	61998481	283163776.00
20130716	3.89	3.89	3.76	3.83	67761846	303423296.00
20130717	3.81	3.91	3.76	3.78	84745253	381599648.00
20130718	3.77	3.79	3.69	3.73	66667540	292985856.00
20130719	3.76	3.80	3.67	3.78	75464903	332537632.00
20130722	3.71	3.81	3.68	3.78	61540000	272044064.00
20130723	3.75	3.84	3.74	3.81	79216376	354819392.00
20130724	3.78	3.81	3.73	3.76	36931677	163835264.00
20130725	3.78	3.79	3.67	3.71	66258945	290532512.00
20130726	3.68	3.70	3.65	3.68	37183405	161800624.00
20130729	3.64	3.66	3.56	3.59	40415655	172753024.00
20130730	3.62	3.70	3.59	3.70	52510554	226750128.00
20130731	3.69	3.73	3.68	3.71	27533078	120611184.00
20130801	3.73	3.78	3.71	3.76	34945088	154526208.00
20130802	3.78	3.81	3.73	3.77	23229945	103191736.00
20130805	3.78	3.79	3.70	3.79	33421697	147568576.00
20130806	3.76	3.79	3.73	3.77	35860024	158622528.00
20130807	3.76	3.78	3.70	3.72	43740058	192977344.00
20130808	3.71	3.73	3.68	3.70	26416419	115506216.00
20130809	3.72	3.74	3.66	3.72	34578219	151492160.00
20130812	3.73	3.87	3.72	3.86	63810648	285536128.00
20130813	3.86	3.89	3.82	3.87	37012924	167340960.00
20130814	3.88	3.90	3.84	3.86	36587148	166169792.00
20130815	3.86	3.89	3.82	3.83	26343549	119263016.00
20130816	3.83	4.28	3.78	3.85	123948082	573333312.00
20130819	3.80	3.85	3.79	3.83	47809564	214554832.00
20130820	3.82	3.84	3.74	3.76	50360041	224456864.00
20130821	3.78	3.78	3.72	3.76	29116738	128469016.00
20130822	3.74	3.77	3.71	3.73	25221945	111076112.00
20130823	3.75	3.76	3.66	3.69	32884210	143818784.00
20130826	3.71	3.82	3.69	3.76	49335286	218098800.00
20130827	3.76	3.77	3.72	3.73	31127862	137354944.00
20130828	3.73	3.79	3.73	3.77	51349644	227605760.00
20130829	3.79	3.80	3.74	3.76	32166983	142403952.00
20130830	3.75	3.78	3.71	3.74	55704996	245753088.00
20130902	3.74	3.76	3.70	3.74	39266207	172753920.00
20130903	3.74	3.79	3.73	3.78	43417738	192418432.00
20130904	3.77	3.82	3.75	3.80	45147020	201063040.00
20130905	3.80	3.81	3.75	3.80	34999770	155824848.00
20130906	3.79	3.85	3.78	3.83	42577711	191014128.00
20130909	3.83	3.99	3.83	3.94	104670002	479769472.00
20130910	3.94	4.00	3.88	3.98	93173706	430451584.00
20130911	3.99	4.11	3.98	4.02	116493413	547513600.00
20130912	4.05	4.10	3.97	4.06	98058126	452018368.00
20130913	4.05	4.07	3.96	4.00	54888159	251586016.00
20130916	4.00	4.02	3.97	4.00	35267534	161156736.00
20130917	3.99	4.00	3.88	3.89	44210839	199572832.00
20130918	3.90	3.94	3.86	3.88	38366635	171574144.00
20130923	3.90	3.93	3.88	3.91	31869500	143101456.00
20130924	3.93	3.97	3.89	3.91	42892530	193229984.00
20130925	3.90	3.91	3.87	3.87	42309575	189278048.00
20130926	3.87	3.90	3.82	3.83	39142275	173177952.00
20130927	3.83	3.87	3.82	3.86	29475827	130318256.00
20130930	3.85	3.87	3.83	3.86	20322464	90043008.00
20131008	3.83	3.90	3.83	3.89	31243383	138830928.00
20131009	3.88	3.91	3.86	3.91	22452762	100258384.00
20131010	3.91	3.91	3.83	3.86	31797632	141256176.00
20131011	3.87	3.93	3.86	3.89	37966222	169778688.00
20131014	3.89	3.90	3.85	3.87	37494536	166806480.00
20131015	3.87	3.88	3.83	3.84	36800896	162922272.00
20131016	3.84	3.85	3.79	3.80	35272011	155009600.00
20131017	3.81	3.83	3.78	3.80	28038849	123060872.00
20131018	3.80	3.81	3.78	3.79	20040632	87654984.00
20131021	3.79	3.84	3.79	3.82	27522362	121102448.00
20131022	3.82	3.83	3.80	3.81	18661082	81975544.00
20131023	3.81	3.85	3.78	3.78	24417022	107115816.00
20131024	3.78	3.80	3.73	3.74	36404091	157768096.00
20131025	3.74	3.75	3.67	3.69	32590148	139856480.00
20131028	3.70	3.72	3.66	3.70	21375902	91169904.00
20131029	3.70	3.82	3.69	3.76	69716579	302580224.00
20131030	3.79	3.92	3.77	3.91	106879884	477208672.00
20131031	3.93	3.98	3.87	3.93	70538529	318412672.00
20131101	3.91	3.98	3.89	3.95	53605861	242939952.00
20131104	3.96	3.97	3.92	3.94	30970546	139969984.00
20131105	3.94	4.09	3.91	4.04	119384064	550990912.00
20131106	4.12	4.26	4.05	4.14	187806791	893860608.00
20131107	4.13	4.21	4.07	4.21	100785683	477434496.00
20131108	4.15	4.21	4.08	4.20	78734528	372483104.00
20131111	4.17	4.20	4.11	4.19	55448956	262262368.00
20131112	4.16	4.20	4.15	4.18	47326010	225303600.00
20131113	4.14	4.15	4.04	4.10	84040519	393109280.00
20131114	4.09	4.10	4.03	4.06	39500986	183416176.00
20131115	4.04	4.20	4.03	4.18	101240860	475024192.00
20131118	4.20	4.37	4.17	4.36	108663580	528394816.00
20131119	4.34	4.52	4.34	4.37	94423358	473371648.00
20131120	4.43	4.46	4.29	4.35	54998730	270450880.00
20131121	4.33	4.47	4.23	4.44	81621598	401283616.00
20131122	4.43	4.51	4.35	4.47	117965000	592933248.00
20131125	4.27	4.38	4.24	4.27	160309734	782365888.00
20131126	4.22	4.25	4.11	4.14	107289177	510936576.00
20131127	4.14	4.17	4.08	4.14	88936077	418545024.00
20131128	4.15	4.27	4.12	4.22	99906612	478548288.00
20131129	4.22	4.22	4.17	4.20	41449184	197881680.00
20131202	4.19	4.45	4.12	4.43	190615575	923689280.00
20131203	4.37	4.41	4.32	4.35	95191914	471003264.00
20131204	4.34	4.40	4.33	4.36	66962396	330871136.00
20131205	4.35	4.37	4.33	4.35	40618052	199996160.00
20131206	4.34	4.35	4.27	4.34	38989751	190670752.00
20131209	4.34	4.44	4.31	4.37	62769273	311211968.00
20131210	4.36	4.38	4.25	4.27	60646992	296662016.00
20131211	4.26	4.26	4.09	4.16	78091950	371253184.00
20131212	4.13	4.29	4.12	4.23	60613672	290087168.00
20131213	4.17	4.25	4.15	4.17	39402927	187876640.00
20131216	4.17	4.20	4.10	4.12	33952453	160033120.00
20131217	4.11	4.15	4.10	4.11	28635930	134790480.00
20131218	4.11	4.14	4.07	4.09	28714399	134493584.00
20131219	4.10	4.14	4.02	4.03	35977062	167856944.00
20131220	4.04	4.07	3.93	3.97	53271822	244575200.00
20131223	3.97	4.08	3.92	4.03	29134382	133398000.00
20131224	4.04	4.06	3.94	3.99	31969970	146514752.00
20131225	3.99	4.03	3.96	4.00	22612136	103621632.00
20131226	4.01	4.01	3.84	3.90	69155214	310090368.00
20131227	3.90	3.94	3.83	3.90	37525309	167896608.00
20131230	3.92	3.93	3.84	3.85	36003650	160270128.00
20131231	3.83	3.92	3.83	3.90	42844251	190660096.00
20140102	3.88	3.91	3.86	3.88	34716699	154753024.00
20140103	3.85	3.86	3.77	3.80	38122924	167269664.00
20140106	3.78	3.91	3.72	3.90	65410498	287064992.00
20140107	3.85	3.87	3.81	3.82	44528748	196608512.00
20140108	3.83	3.88	3.78	3.81	34388978	151525264.00
20140109	3.82	3.86	3.78	3.82	23632146	103877376.00
20140110	3.81	3.87	3.81	3.84	27551966	121901960.00
20140113	3.85	3.91	3.81	3.90	44062053	194906640.00
20140114	3.88	4.02	3.87	4.01	70843769	321860960.00
20140115	4.00	4.08	3.96	4.07	46615533	214491856.00
20140116	4.06	4.07	4.02	4.04	21152927	97724384.00
20140117	4.03	4.10	4.01	4.08	49037516	227295632.00
20140120	4.08	4.08	3.92	4.04	29532573	135411568.00
20140121	4.00	4.07	3.98	4.03	20238643	93314768.00
20140122	4.02	4.08	4.01	4.07	37143152	171704848.00
20140123	4.03	4.04	3.96	4.00	37685572	172644128.00
20140124	3.99	4.03	3.97	4.02	28579969	131036464.00
20140127	3.99	3.99	3.91	3.94	33444632	151081072.00
20140128	3.96	3.98	3.90	3.91	23967045	108546376.00
20140129	3.91	3.94	3.89	3.91	29583164	133056808.00
20140130	3.91	3.92	3.87	3.88	14031345	62795768.00
20140207	3.86	3.90	3.82	3.89	16970613	75340032.00
20140210	3.89	3.94	3.88	3.94	47180281	212095696.00
20140211	3.93	3.99	3.90	3.96	53933480	244034096.00
20140212	3.96	4.00	3.92	3.94	34119023	154707776.00
20140213	3.95	3.96	3.92	3.92	28434569	128511712.00
20140214	3.92	3.96	3.91	3.95	19865903	89747456.00
20140217	3.96	4.00	3.93	3.99	53158948	241369088.00
20140218	3.98	4.01	3.93	3.95	55271300	251198096.00
20140219	3.94	4.27	3.92	4.12	147369873	689405504.00
20140220	4.47	4.59	4.47	4.59	185242557	954290688.00
20140221	4.52	4.57	4.22	4.43	256515738	1287051264.00
20140224	4.33	4.39	4.11	4.24	128373998	618562752.00
20140225	4.22	4.44	4.16	4.31	125441712	616473664.00
20140226	4.39	4.50	4.34	4.49	122661001	615082752.00
20140227	4.53	5.00	4.41	4.83	352995983	1899719040.00
20140228	4.72	4.89	4.68	4.79	175352141	940423616.00
20140303	4.76	4.96	4.73	4.80	216635065	1178743168.00
20140304	4.80	4.89	4.66	4.75	112207270	598876672.00
20140305	4.74	4.75	4.51	4.52	124387014	647555072.00
20140306	4.54	4.72	4.44	4.64	114113251	590534912.00
20140307	4.68	4.99	4.66	4.77	201532164	1090925952.00
20140310	4.72	4.77	4.57	4.62	115462900	605702464.00
20140311	4.60	4.70	4.56	4.64	65268134	339716032.00
20140312	4.58	4.61	4.24	4.39	138048950	690868160.00
20140313	4.39	4.48	4.35	4.40	74086871	370176352.00
20140314	4.36	4.48	4.33	4.39	50573484	252470144.00
20140317	4.52	4.56	4.41	4.49	57622968	291899424.00
20140318	4.49	4.52	4.42	4.44	45506370	229004608.00
20140319	4.44	4.51	4.42	4.47	46367977	233632384.00
20140320	4.46	4.61	4.42	4.49	88102430	449708960.00
20140321	4.44	4.70	4.43	4.66	114838577	592863744.00
20140324	4.61	4.66	4.52	4.64	85468205	441835040.00
20140325	4.68	4.72	4.55	4.59	65329930	339501856.00
20140326	4.62	4.62	4.51	4.57	44445669	228491488.00
20140327	4.53	4.56	4.45	4.46	54118908	275579584.00
20140328	4.49	4.50	4.41	4.44	60217069	303199648.00
20140331	4.45	4.51	4.42	4.45	50777153	255799088.00
20140401	4.45	4.47	4.42	4.46	36243324	181921840.00
20140402	4.49	4.54	4.46	4.51	50375360	256238464.00
20140403	4.51	4.54	4.40	4.49	96443745	485664896.00
20140404	4.43	4.46	4.41	4.46	45096297	226255296.00
20140408	4.44	4.67	4.44	4.56	179521499	927567808.00
20140409	4.58	4.76	4.56	4.73	139505322	733805760.00
20140410	4.75	4.84	4.69	4.78	120429500	643380608.00
20140411	4.78	4.89	4.71	4.74	91303149	490221536.00
20140414	4.74	4.86	4.70	4.86	79394542	425921120.00
20140415	4.83	4.86	4.70	4.71	76548512	410378112.00
20140416	4.70	4.76	4.62	4.68	52937852	278256352.00
20140417	4.66	4.70	4.62	4.66	51814932	271276192.00
20140418	4.65	4.67	4.58	4.65	38687595	201236256.00
20140421	4.61	4.70	4.55	4.55	43474088	225821008.00
20140422	4.53	4.68	4.52	4.65	77728754	403957216.00
20140423	4.63	4.73	4.61	4.64	49151777	257671024.00
20140424	4.62	4.67	4.59	4.61	23845552	123870520.00
20140425	4.64	4.65	4.46	4.49	57564448	294466112.00
20140428	4.51	4.56	4.42	4.49	49208381	249993648.00
20140429	4.46	4.46	4.35	4.44	70704004	351978016.00
20140430	4.42	4.50	4.40	4.44	35694256	179560032.00
20140505	4.43	4.49	4.37	4.46	42037776	210583264.00
20140506	4.45	4.47	4.42	4.45	21550092	108199112.00
20140507	4.43	4.44	4.35	4.36	43761702	217345152.00
20140508	4.35	4.44	4.33	4.38	38591572	191293776.00
20140509	4.39	4.41	4.36	4.38	29535957	146439664.00
20140512	4.41	4.51	4.38	4.49	59391502	298894592.00
20140513	4.50	4.61	4.48	4.52	65110773	333198144.00
20140514	4.48	4.58	4.48	4.55	33517636	171426112.00
20140515	4.54	4.54	4.45	4.45	25230513	127796440.00
20140516	4.45	4.48	4.43	4.45	22241598	111845184.00
20140519	4.45	4.46	4.33	4.41	45671762	226666080.00
20140520	4.41	4.46	4.40	4.42	23281112	116528704.00
20140521	4.42	4.53	4.41	4.53	46017727	233676496.00
20140522	4.52	4.56	4.48	4.51	31761011	162189312.00
20140523	4.50	4.53	4.48	4.53	15899686	80798952.00
20140526	4.55	4.55	4.47	4.49	23388107	118766736.00
20140527	4.49	4.51	4.45	4.46	27706040	140176672.00
20140528	4.46	4.51	4.44	4.49	29076545	147056336.00
20140529	4.50	4.55	4.49	4.53	45841325	234163488.00
20140530	4.54	4.56	4.49	4.52	33916872	173107040.00
20140603	4.56	4.67	4.53	4.61	42362756	213252064.00
20140604	4.61	4.61	4.56	4.61	26282617	131738832.00
20140605	4.58	4.61	4.55	4.60	23310552	116765880.00
20140606	4.61	4.61	4.57	4.60	20864361	104712528.00
20140609	4.57	4.64	4.56	4.59	15700066	79045632.00
20140610	4.60	4.71	4.56	4.68	62743852	318423616.00
20140611	4.65	4.71	4.64	4.69	29797728	152293008.00
20140612	4.69	4.69	4.62	4.65	25586460	129893056.00
20140613	4.65	4.71	4.65	4.70	35904914	183791520.00
20140616	4.70	4.78	4.70	4.78	74630073	387188608.00
20140617	4.77	4.77	4.73	4.75	31067271	160737584.00
20140618	4.74	4.75	4.68	4.69	30873279	158725024.00
20140619	4.69	4.72	4.61	4.65	37444835	190508496.00
20140620	4.64	4.68	4.59	4.66	27793120	141251872.00
20140623	4.67	4.70	4.62	4.63	26869535	136833120.00
20140624	4.63	4.67	4.62	4.64	20203547	102423744.00
20140625	4.63	4.78	4.63	4.75	74509487	384508128.00
20140626	4.74	4.83	4.72	4.78	62695119	326270912.00
20140627	4.78	4.83	4.73	4.81	61018242	318675904.00
20140630	4.83	4.87	4.75	4.84	59494559	312409952.00
20140701	4.79	4.79	4.64	4.67	115126357	589159040.00
20140702	4.68	4.69	4.65	4.68	45746226	233078592.00
20140703	4.67	4.67	4.62	4.66	51796548	262856304.00
20140704	4.65	4.67	4.59	4.63	69092907	348819136.00
20140707	4.62	4.65	4.58	4.61	61135934	307539680.00
20140708	4.60	4.63	4.58	4.62	57907422	291240864.00
20140709	4.61	4.61	4.55	4.55	54149641	271008384.00
20140710	4.55	4.57	4.53	4.53	35677737	177698048.00
20140711	4.54	4.58	4.52	4.57	31347443	156295744.00
20140714	4.57	4.61	4.52	4.60	41881971	209378768.00
20140715	4.60	4.61	4.57	4.58	34870046	174909168.00
20140716	4.58	4.59	4.56	4.57	45466396	227333600.00
20140717	4.57	4.57	4.52	4.55	44575715	221858512.00
20140718	4.54	4.55	4.52	4.54	45283589	224878592.00
20140721	4.53	4.54	4.46	4.46	65098477	320064448.00
20140722	4.46	4.57	4.46	4.56	87148558	431867296.00
20140723	4.55	4.61	4.54	4.59	76649613	384660928.00
20140724	4.60	4.67	4.60	4.65	85219134	432501952.00
20140725	4.65	4.69	4.63	4.68	65093598	331011648.00
20140728	4.70	4.80	4.68	4.78	134957313	699184064.00
20140729	4.76	4.81	4.74	4.74	88920818	461987936.00
20140730	4.77	4.92	4.77	4.80	179571872	947274176.00
20140731	4.77	4.80	4.72	4.79	73144266	378752544.00
20140801	4.75	4.81	4.73	4.74	68414605	355312608.00
20140804	4.74	4.87	4.73	4.86	104250549	546219328.00
20140805	4.85	4.87	4.78	4.81	59010420	309434048.00
20140806	4.79	4.80	4.75	4.79	54531080	283606240.00
20140807	4.79	4.80	4.68	4.72	75401982	389143040.00
20140808	4.73	4.81	4.71	4.81	81782071	424982944.00
20140811	4.81	4.89	4.79	4.86	93833686	495729664.00
20140812	4.88	4.91	4.83	4.86	58124618	307861856.00
20140813	4.88	4.90	4.81	4.85	63650738	336221536.00
20140814	4.85	4.85	4.79	4.79	48026126	252730176.00
20140815	4.80	4.86	4.78	4.84	43267832	227454560.00
20140818	4.83	4.90	4.83	4.84	67588200	357198848.00
20140819	4.86	5.01	4.79	4.98	190964234	1017722688.00
20140820	4.92	4.99	4.89	4.93	125909551	675444480.00
20140821	4.93	4.93	4.84	4.89	66773642	354138944.00
20140822	4.89	4.89	4.84	4.87	68466461	362171904.00
20140825	4.88	5.04	4.88	5.00	214962359	1163610624.00
20140826	5.00	5.09	4.96	5.00	106869861	582935680.00
20140827	5.07	5.07	4.95	5.01	68342302	372373856.00
20140828	5.01	5.21	5.00	5.09	106860219	593204160.00
20140829	5.10	5.15	5.06	5.10	52502681	290115552.00
20140901	5.09	5.16	5.07	5.12	54703148	303112064.00
20140902	5.12	5.15	5.06	5.14	70765959	391535072.00
20140903	5.15	5.29	5.12	5.26	109135628	615711552.00
20140904	5.26	5.29	5.20	5.26	90869704	515198400.00
20140905	5.27	5.33	5.24	5.31	96280550	550829248.00
20140909	5.31	5.32	5.24	5.27	61880538	353381792.00
20140910	5.24	5.26	5.13	5.20	90980995	511308288.00
20140911	5.18	5.25	5.15	5.17	73255778	411569536.00
20140912	5.17	5.23	5.08	5.21	73876964	412590880.00
20140915	5.30	5.31	5.12	5.17	276445372	1554642560.00
20140916	5.14	5.14	5.00	5.02	185164506	1017318016.00
20140917	5.02	5.02	4.95	5.00	89622802	484676064.00
20140918	4.98	5.03	4.95	4.99	81151218	439606944.00
20140919	5.00	5.01	4.95	5.01	65307589	353382784.00
20140922	4.99	4.99	4.86	4.90	118775835	633743616.00
20140923	4.88	4.92	4.84	4.91	73794247	392375776.00
20140924	4.92	4.99	4.88	4.98	92110212	487242112.00
20140925	4.99	5.03	4.98	4.99	97383314	519872608.00
20140926	4.98	4.99	4.94	4.97	52045495	275709056.00
20140929	4.97	5.01	4.94	4.97	80411398	426882208.00
20140930	4.98	4.98	4.93	4.96	79993236	423083776.00
20141008	4.97	4.98	4.88	4.95	105867574	557318144.00
20141009	4.95	5.00	4.93	4.97	108529950	575894784.00
20141010	4.95	4.98	4.92	4.93	75511698	398905184.00
20141013	4.91	4.92	4.82	4.85	106490319	553793920.00
20141014	4.86	4.90	4.84	4.86	58589511	305090944.00
20141015	4.85	4.87	4.82	4.86	67814289	351228320.00
20141016	4.83	4.90	4.82	4.85	78869243	409738208.00
20141017	4.85	4.85	4.78	4.81	79155989	407673856.00
20141020	4.81	4.83	4.80	4.82	48710195	251106304.00
20141021	4.82	4.83	4.77	4.78	52184022	267907488.00
20141022	4.79	4.81	4.77	4.78	50481570	258894192.00
20141023	4.77	4.78	4.71	4.73	68728449	348953888.00
20141024	4.73	4.75	4.70	4.71	39992533	202525872.00
20141027	4.70	4.70	4.65	4.68	56085979	280961568.00
20141028	4.68	4.75	4.67	4.75	67067786	338833056.00
20141029	4.75	4.82	4.72	4.81	93521058	477839616.00
20141030	4.79	4.88	4.77	4.84	136533908	704443584.00
20141031	4.83	4.95	4.82	4.93	206047776	1077026048.00
20141103	4.93	4.93	4.89	4.91	117736597	617214400.00
20141104	4.88	4.91	4.84	4.88	110753063	576932160.00
20141105	4.88	4.89	4.82	4.83	88370431	458487424.00
20141106	4.84	4.86	4.81	4.82	74526263	385359040.00
20141107	4.82	4.87	4.78	4.82	110540715	570706432.00
20141110	4.83	4.92	4.80	4.92	162756338	848955584.00
20141111	4.92	5.09	4.90	4.99	354791514	1890753024.00
20141112	4.94	4.96	4.89	4.95	152183774	801657472.00
20141113	4.95	5.02	4.93	4.97	172482957	915383296.00
20141114	4.96	4.96	4.87	4.90	111363074	583111104.00
20141117	4.91	4.93	4.85	4.86	97132348	506268896.00
20141118	4.84	4.85	4.75	4.77	113039258	579185472.00
20141119	4.75	4.77	4.72	4.74	72800494	369664352.00
20141120	4.73	4.76	4.72	4.75	55189668	280404992.00
20141121	4.76	4.78	4.72	4.78	86486414	440263648.00
20141124	4.81	4.86	4.78	4.83	152959669	789347904.00
20141125	4.82	4.86	4.79	4.85	141993943	732024512.00
20141126	4.83	4.94	4.82	4.93	271122000	1414243072.00
20141127	4.95	4.99	4.88	4.94	215190752	1134524416.00
20141128	4.89	5.08	4.87	5.05	444420422	2362656512.00
20141201	5.07	5.23	5.03	5.07	454834985	2484040192.00
20141202	5.07	5.31	5.00	5.29	502765112	2770787072.00
20141203	5.35	5.57	5.20	5.34	586157050	3356608768.00
20141204	5.36	5.91	5.24	5.91	848207874	5074823168.00
20141205	5.88	6.44	5.66	6.22	1471220469	9378705408.00
20141208	5.96	6.24	5.81	6.09	1155371892	7377729024.00
20141209	5.94	6.14	5.45	5.56	1231388929	7599305216.00
20141210	5.51	5.61	5.32	5.54	564993778	3272165888.00
20141211	5.45	5.48	5.34	5.42	461944381	2658469120.00
20141212	5.41	5.50	5.38	5.42	358546562	2069465984.00
20141215	5.41	5.42	5.31	5.41	308960206	1761687168.00
20141216	5.39	5.56	5.36	5.56	522874083	3045694976.00
20141217	5.57	5.73	5.48	5.67	629754087	3738061568.00
20141218	5.71	5.79	5.60	5.64	485257328	2921513472.00
20141219	5.60	5.99	5.51	5.88	720191745	4377313280.00
20141222	5.94	6.32	5.91	6.01	1033422731	6617669120.00
20141223	5.93	5.97	5.67	5.69	493233225	3036285184.00
20141224	5.72	5.76	5.46	5.52	447006894	2646207232.00
20141225	5.54	5.67	5.50	5.66	390664908	2320192512.00
20141226	5.66	5.85	5.61	5.83	515090107	3130606336.00
20141229	6.04	6.16	5.85	5.91	734613245	4662062080.00
20141230	5.90	6.01	5.81	5.92	427391988	2670108672.00
20141231	5.95	6.17	5.88	6.15	696007603	4455350784.00
20150105	6.25	6.80	6.11	6.80	1186499645	8139851264.00
20150106	6.84	6.88	6.47	6.66	1089998433	7634184704.00
20150107	6.57	6.92	6.42	6.84	787315301	5489033728.00
20150108	6.75	7.07	6.49	6.51	819090235	5822718464.00
20150109	6.44	6.69	6.30	6.39	603203747	4120401664.00
20150112	6.30	6.39	6.18	6.23	342106901	2267761408.00
20150113	6.22	6.39	6.16	6.24	291014900	1924842624.00
20150114	6.24	6.32	6.17	6.24	244587549	1612551424.00
20150115	6.29	6.61	6.22	6.56	433880900	2925548032.00
20150116	6.51	6.70	6.49	6.59	493614100	3416397056.00
20150119	6.19	6.40	5.90	5.90	588669382	3795939584.00
20150120	5.93	6.10	5.85	5.98	405835783	2565096192.00
20150121	5.97	6.36	5.90	6.26	506850477	3275543040.00
20150122	6.24	6.30	6.18	6.24	327285900	2153629696.00
20150123	6.26	6.48	6.21	6.26	428526896	2854996224.00
20150126	6.24	6.36	6.18	6.33	281930774	1861576448.00
20150127	6.33	6.38	6.04	6.14	394545028	2580314368.00
20150128	6.09	6.12	5.97	6.00	307168322	1958554112.00
20150129	5.86	5.87	5.71	5.82	604762591	3711845120.00
20150130	5.80	5.83	5.68	5.69	502445638	3057447936.00
20150202	5.64	5.66	5.51	5.53	441451116	2613810944.00
20150203	5.59	5.68	5.54	5.67	519816188	3087658240.00
20150204	5.69	5.77	5.57	5.58	481230239	2901319936.00
20150205	5.69	5.69	5.48	5.49	421405990	2495139840.00
20150206	5.47	5.48	5.31	5.35	464727377	2661121792.00
20150209	5.28	5.38	5.21	5.34	457007365	2575007232.00
20150210	5.29	5.41	5.27	5.40	499062183	2833973248.00
20150211	5.40	5.40	5.33	5.36	333182312	1899424000.00
20150212	5.36	5.52	5.30	5.49	454096297	2611097344.00
20150213	5.51	5.58	5.48	5.50	415021006	2433724928.00
20150216	5.51	5.55	5.47	5.53	239464165	1401012992.00
20150217	5.54	5.58	5.53	5.55	248451878	1464141184.00
20150225	5.72	5.85	5.68	5.75	919770406	5625850368.00
20150226	5.72	5.80	5.64	5.79	494122088	2993120512.00
20150227	5.76	6.06	5.74	5.98	771479718	4821539328.00
20150302	5.94	5.94	5.84	5.92	530492332	3306996992.00
20150303	5.87	5.88	5.67	5.69	483644500	2954049792.00
20150304	5.69	5.80	5.63	5.74	389003293	2362151424.00
20150305	5.67	5.71	5.56	5.61	404835582	2416030976.00
20150306	5.60	5.68	5.58	5.62	232007973	1385329152.00
20150309	5.66	5.78	5.61	5.77	456849443	2759675392.00
20150310	5.76	5.76	5.68	5.70	278327526	1687011584.00
20150311	5.69	5.81	5.67	5.72	317362114	1928344704.00
20150312	5.74	5.86	5.69	5.82	492428426	3016035072.00
20150313	5.83	5.93	5.80	5.83	462138234	2867389696.00
20150316	5.84	5.90	5.79	5.90	512670480	3177196032.00
20150317	5.92	6.01	5.88	6.00	801711500	5033431552.00
20150318	6.00	6.09	5.94	6.08	742749756	4726774784.00
20150319	6.07	6.20	6.02	6.08	689576656	4437441536.00
20150320	6.06	6.14	6.00	6.07	694904539	4452966400.00
20150323	6.02	6.10	5.97	6.09	1015170519	6475950592.00
20150324	6.11	6.13	5.93	6.03	815499338	5199721472.00
20150325	6.02	6.03	5.89	5.92	546337574	3437382144.00
20150326	5.91	6.12	5.86	6.10	972991515	6211595264.00
20150327	6.12	6.14	6.00	6.03	508854481	3252205568.00
20150330	6.01	6.17	6.00	6.15	858380304	5528736256.00
20150331	6.18	6.24	6.06	6.07	828587597	5390063104.00
20150401	6.04	6.16	6.03	6.13	590570290	3792914176.00
20150402	6.18	6.22	6.08	6.14	671376076	4359572480.00
20150403	6.09	6.12	6.05	6.11	536571297	3449871616.00
20150407	6.15	6.34	6.13	6.32	1063139113	6974008832.00
20150408	6.35	6.45	6.21	6.40	1155811544	7718480384.00
20150409	6.34	6.44	6.21	6.33	852473963	5694398464.00
20150410	6.32	6.39	6.29	6.37	667060860	4457166336.00
20150413	6.40	6.51	6.37	6.48	834708372	5664169472.00
20150414	6.46	6.46	6.35	6.40	649371677	4380660736.00
20150415	6.42	6.60	6.31	6.44	876734379	5949172736.00
20150416	6.46	6.76	6.42	6.68	1112888959	7715904512.00
20150417	6.87	7.14	6.77	7.00	1616798330	11742192640.00
20150420	6.92	7.14	6.76	6.80	1380777294	9980682240.00
20150421	6.83	7.00	6.77	6.93	688947973	4973499392.00
20150422	6.96	7.14	6.90	7.11	889244253	6532026880.00
20150423	7.14	7.42	7.06	7.24	1050462052	7939396096.00
20150424	7.12	7.77	7.07	7.44	1300114522	10134574080.00
20150427	7.71	8.22	7.61	8.22	1215365292	10076477440.00
20150428	8.36	8.93	8.13	8.33	2638625112	23384768512.00
20150429	8.16	8.16	7.78	7.97	1154151728	9564702720.00
20150430	7.95	8.02	7.73	7.78	923690201	7542954496.00
20150504	7.74	7.87	7.57	7.82	733861239	5913500672.00
20150505	7.86	8.22	7.56	7.58	1029475866	8513875968.00
20150506	7.52	7.76	7.29	7.41	741945968	5829897728.00
20150507	7.36	7.40	7.11	7.15	579656571	4399105024.00
20150508	7.22	7.25	7.01	7.24	596009020	4468599296.00
20150511	7.23	7.40	7.13	7.39	721889702	5485170176.00
20150512	7.41	7.46	7.33	7.42	581853781	4494713856.00
20150513	7.41	7.41	7.15	7.20	635523411	4842624512.00
20150514	7.14	7.36	7.02	7.27	643940456	4854022144.00
20150515	7.18	7.22	6.93	6.97	530655125	3921905152.00
20150518	6.88	6.90	6.74	6.78	445259696	3188780544.00
20150519	6.75	7.02	6.74	7.01	518635314	3763336192.00
20150520	7.01	7.11	6.95	6.97	529583959	3899832832.00
20150521	6.98	7.00	6.83	6.98	433775120	3151190272.00
20150522	7.05	7.32	7.02	7.30	793639877	5974597120.00
20150525	7.30	7.59	7.25	7.56	840871173	6554174464.00
20150526	7.61	7.64	7.40	7.60	764228785	6013242368.00
20150527	7.60	7.82	7.57	7.76	859664566	6923665920.00
20150528	7.72	7.72	6.95	7.00	1091979243	8444359168.00
20150529	6.97	7.06	6.74	6.87	664306573	4797532672.00
20150601	6.87	7.17	6.82	7.16	569080298	4192220928.00
20150602	7.14	7.18	7.00	7.16	585028537	4353634816.00
20150603	7.16	7.29	7.05	7.13	523182182	3926704640.00
20150604	7.13	7.30	6.86	7.28	731816476	5464665600.00
20150605	7.36	7.46	7.24	7.43	945230790	7298197504.00
20150608	7.46	7.88	7.38	7.83	1303436787	10410296320.00
20150609	7.76	7.78	7.56	7.69	981786386	7876088832.00
20150610	7.62	7.66	7.54	7.60	625093613	4963776512.00
20150611	7.61	7.61	7.43	7.52	542889022	4253520384.00
20150612	7.54	7.60	7.47	7.56	594155696	4685165056.00
20150615	7.58	7.65	7.36	7.37	651054729	5094676992.00
20150616	7.27	7.33	7.02	7.10	553309962	4163080448.00
20150617	7.15	7.29	7.03	7.26	431081424	3223496192.00
20150618	7.21	7.29	6.96	6.98	443924161	3329361408.00
20150619	6.91	7.02	6.57	6.60	530453666	3752766464.00
20150623	6.61	6.83	6.32	6.79	472914562	3241436928.00
20150624	6.82	7.11	6.77	7.06	651386180	4663634944.00
20150625	7.01	7.07	6.76	6.79	542526133	3892790016.00
20150626	6.67	6.90	6.13	6.44	674367264	4600459776.00
20150629	6.56	6.75	5.98	6.52	739878027	4959588864.00
20150630	6.47	6.84	6.33	6.83	666687620	4571106304.00
20150701	6.77	6.84	6.52	6.54	472485367	3282777088.00
20150702	6.59	7.06	6.13	6.91	1120337539	7731689984.00
20150703	6.71	7.00	6.41	6.52	802830493	5598743552.00
20150706	6.92	7.17	6.67	7.11	1645561564	11876097024.00
20150707	6.97	7.65	6.87	7.24	1419746528	10734126080.00
20150708	6.49	7.12	6.49	6.49	1277159207	8871230464.00
20150709	6.17	7.04	5.82	6.91	1353330454	9136640000.00
20150710	6.72	7.47	6.58	7.12	1385507768	10203431936.00
20150713	6.98	7.14	6.80	6.95	878001198	6306768896.00
20150714	6.86	6.93	6.62	6.76	616077462	4322782720.00
20150715	6.69	7.14	6.65	7.08	1193227439	8528507904.00
20150716	7.08	7.12	6.67	6.88	823056087	5881641472.00
20150717	6.78	6.94	6.75	6.85	568722524	4010325504.00
20150720	6.80	7.03	6.76	6.91	710111364	5053724160.00
20150721	6.83	6.88	6.76	6.80	483908274	3404008448.00
20150722	6.77	6.85	6.74	6.76	416557260	2920001280.00
20150723	6.75	6.81	6.73	6.79	373850171	2618522880.00
20150724	6.78	6.90	6.75	6.76	486689201	3428186112.00
20150727	6.67	6.74	6.06	6.06	604792553	4049687552.00
20150728	5.85	6.23	5.78	5.92	528122218	3284120832.00
20150729	5.90	6.03	5.83	6.01	320092498	1979128320.00
20150730	5.98	6.08	5.92	5.93	293804419	1823853440.00
20150731	5.89	5.93	5.68	5.77	272597062	1651329536.00
20150803	5.72	5.72	5.43	5.55	406631038	2349011456.00
20150804	5.57	5.71	5.52	5.70	296685048	1735139200.00
20150805	5.67	5.70	5.55	5.58	219000123	1282673792.00
20150806	5.52	5.59	5.49	5.52	153672604	885933184.00
20150807	5.56	5.65	5.55	5.62	188666692	1101219200.00
20150810	5.64	5.91	5.63	5.89	429261234	2580979200.00
20150811	5.87	5.98	5.80	5.89	373680830	2279812864.00
20150812	5.80	5.89	5.79	5.81	218499962	1327543296.00
20150813	5.81	5.86	5.72	5.84	213963143	1290485632.00
20150814	5.83	5.91	5.82	5.84	249344206	1516547712.00
20150817	5.83	5.83	5.75	5.79	219727667	1321146624.00
20150818	5.80	5.90	5.59	5.60	464393434	2801740544.00
20150819	5.50	5.58	5.33	5.56	357378694	2032368256.00
20150820	5.48	5.51	5.36	5.37	252745223	1430735744.00
20150821	5.32	5.45	5.22	5.25	266368773	1477900544.00
20150824	5.16	5.32	4.70	4.76	559796816	2877957632.00
20150825	4.58	4.73	4.26	4.26	482486886	2276448768.00
20150826	4.35	4.47	4.14	4.34	414957794	1893532544.00
20150827	4.40	4.54	4.33	4.52	300108848	1399441408.00
20150828	4.68	4.82	4.65	4.80	396083625	1967791488.00
20150831	4.77	4.77	4.62	4.72	264983731	1305703296.00
20150901	4.82	4.92	4.76	4.86	426941182	2164240384.00
20150902	4.67	4.80	4.57	4.66	354645932	1741586688.00
20150907	4.72	4.85	4.67	4.68	299819150	1499594240.00
20150908	4.67	4.82	4.62	4.81	228886543	1138442112.00
20150909	4.83	4.99	4.79	4.92	383896436	1963017088.00
20150910	4.84	4.87	4.79	4.82	211315351	1070146048.00
20150911	4.83	4.86	4.77	4.79	114055053	574701248.00
20150914	4.82	4.83	4.58	4.62	225702999	1109151616.00
20150915	4.59	4.75	4.56	4.61	237365121	1154570496.00
20150916	4.63	4.82	4.55	4.77	267906772	1313774848.00
20150917	4.76	4.86	4.71	4.72	271938090	1362967424.00
20150918	4.74	4.76	4.69	4.72	119962411	594438656.00
20150921	4.69	4.77	4.67	4.77	126131609	625544320.00
20150922	4.78	4.84	4.76	4.81	160499202	808794304.00
20150923	4.77	4.80	4.71	4.71	125361563	612273280.00
20150924	4.73	4.75	4.69	4.72	88847116	431617504.00
20150925	4.71	4.77	4.67	4.73	156776090	761068608.00
20150928	4.69	4.71	4.61	4.69	92683573	444898336.00
20150929	4.62	4.64	4.56	4.58	117882026	558394112.00
20150930	4.60	4.63	4.57	4.60	78965549	374715744.00
20151008	4.85	4.85	4.75	4.75	208117478	1026563264.00
20151009	4.79	4.90	4.76	4.89	247912612	1231078016.00
20151012	4.89	5.06	4.86	5.01	278288910	1423729408.00
20151013	4.96	4.99	4.93	4.95	145789934	742399232.00
20151014	4.93	4.97	4.89	4.93	157388701	797124736.00
20151015	4.91	5.01	4.90	4.99	187189750	956251776.00
20151016	5.03	5.09	4.98	5.07	277659326	1436203008.00
20151019	5.07	5.10	4.99	5.01	186526850	966490560.00
20151020	4.99	5.04	4.96	5.03	156377543	802461888.00
20151021	5.02	5.09	4.86	5.00	389252649	1999596160.00
20151022	4.95	4.97	4.91	4.96	144950879	736182144.00
20151023	4.97	5.00	4.95	4.99	157450110	805515136.00
20151026	5.02	5.04	4.98	4.99	180490789	930441472.00
20151027	4.97	4.99	4.89	4.95	140374679	711645184.00
20151028	4.94	5.00	4.91	4.92	173638858	884232640.00
20151029	4.95	4.95	4.91	4.93	113611129	576447104.00
20151030	4.89	4.94	4.85	4.89	188536977	947473280.00
20151102	4.86	4.87	4.79	4.80	143343576	713017728.00
20151103	4.82	4.83	4.76	4.77	96517250	476703584.00
20151104	4.80	4.96	4.78	4.95	309389542	1556268928.00
20151105	4.91	5.25	4.91	5.08	598193207	3122757888.00
20151106	5.06	5.14	5.02	5.12	317211246	1655853056.00
20151109	5.09	5.28	5.08	5.21	385411792	2061851520.00
20151110	5.17	5.32	5.15	5.25	354430428	1903459968.00
20151111	5.24	5.28	5.16	5.21	200215074	1072238720.00
20151112	5.21	5.21	5.09	5.14	168824871	892381952.00
20151113	5.08	5.11	5.02	5.03	187791069	975537664.00
20151116	4.95	5.06	4.94	5.05	135714673	696361344.00
20151117	5.05	5.21	5.04	5.07	268892778	1408901632.00
20151118	5.03	5.12	5.01	5.02	168441319	875060416.00
20151119	5.04	5.07	5.00	5.05	156820844	810481216.00
20151120	5.05	5.06	5.01	5.03	157374231	813475200.00
20151123	5.02	5.03	4.97	4.98	143491209	738360960.00
20151124	4.97	4.99	4.94	4.98	96782001	493430784.00
20151125	5.01	5.01	4.96	5.00	130984825	672049728.00
20151126	5.01	5.07	4.99	5.02	191261942	988968960.00
20151127	5.00	5.01	4.74	4.76	258366572	1297585408.00
20151130	4.77	4.82	4.68	4.77	160312483	785285952.00
20151201	4.77	4.80	4.71	4.79	110852337	543508992.00
20151202	4.79	4.96	4.75	4.95	219086041	1098911744.00
20151203	4.91	5.09	4.87	5.00	231736317	1183280768.00
20151204	4.95	4.98	4.87	4.89	178155552	900709568.00
20151207	4.88	4.91	4.84	4.88	92499274	463447520.00
20151208	4.79	4.82	4.76	4.77	125212795	617158592.00
20151209	4.76	4.80	4.72	4.75	79511791	389900224.00
20151210	4.76	4.79	4.73	4.75	83539742	409015488.00
20151211	4.73	4.74	4.64	4.69	135089205	651203648.00
20151214	4.66	4.77	4.63	4.77	113085353	548241344.00
20151215	4.76	4.80	4.72	4.75	109989975	539760576.00
20151216	4.82	4.91	4.81	4.85	232786124	1165697024.00
20151217	4.85	4.91	4.83	4.88	163428385	818856448.00
20151218	4.87	4.94	4.85	4.86	121638264	611649408.00
20151221	4.84	4.93	4.80	4.91	183148618	920485952.00
20151222	4.92	4.93	4.87	4.91	126466117	637604928.00
20151223	4.91	4.96	4.88	4.92	213526831	1081753728.00
20151224	4.95	4.96	4.88	4.90	149006321	754165760.00
20151225	4.91	4.92	4.86	4.89	104945383	527189952.00
20151228	4.89	4.91	4.78	4.78	156701216	781752384.00
20151229	4.78	4.82	4.76	4.82	85290763	420600768.00
20151230	4.83	4.86	4.79	4.83	111243300	552417856.00
20151231	4.83	4.86	4.81	4.82	96770448	482077408.00
20160104	4.83	4.86	4.61	4.64	147078224	718343616.00
20160105	4.60	4.69	4.56	4.60	225244621	1072980288.00
20160106	4.61	4.79	4.58	4.76	232901473	1126956160.00
20160107	4.69	4.70	4.45	4.51	55148800	263405440.00
20160108	4.61	4.69	4.51	4.63	222210697	1056784896.00
20160111	4.58	4.65	4.50	4.51	188143097	888601024.00
20160112	4.51	4.60	4.47	4.54	131753953	615306624.00
20160113	4.56	4.60	4.49	4.50	126922672	595335680.00
20160114	4.46	4.52	4.39	4.50	146028116	671022336.00
20160115	4.47	4.49	4.31	4.32	164622945	745782272.00
20160118	4.25	4.34	4.22	4.30	82836569	367561664.00
20160119	4.31	4.43	4.28	4.40	92553059	416778016.00
20160120	4.38	4.42	4.29	4.35	119658260	537176960.00
20160121	4.30	4.39	4.26	4.27	112210806	500381888.00
20160122	4.32	4.37	4.26	4.33	104399300	464848224.00
20160125	4.38	4.40	4.34	4.36	99555357	448943136.00
20160126	4.32	4.33	4.11	4.14	128354107	561357120.00
20160127	4.17	4.28	4.01	4.22	169745179	728383296.00
20160128	4.17	4.34	4.15	4.18	171830903	751824384.00
20160129	4.19	4.30	4.15	4.24	141986434	617981824.00
20160201	4.24	4.24	4.14	4.16	90838929	391960416.00
20160202	4.13	4.21	4.12	4.19	75786781	327623392.00
20160203	4.14	4.15	4.09	4.13	66865633	284647744.00
20160204	4.16	4.20	4.15	4.19	77367247	334471584.00
20160205	4.19	4.26	4.16	4.20	71349736	309856896.00
20160215	4.10	4.19	4.08	4.16	65465196	280061824.00
20160216	4.18	4.30	4.18	4.27	128723690	564257600.00
20160217	4.24	4.33	4.23	4.31	127064847	560125760.00
20160218	4.34	4.36	4.28	4.30	118010921	526501664.00
20160219	4.28	4.31	4.24	4.26	72901535	321329408.00
20160222	4.28	4.36	4.27	4.35	132927655	593382720.00
20160223	4.36	4.39	4.30	4.34	114403180	513338688.00
20160224	4.31	4.37	4.28	4.36	76354560	340979168.00
20160225	4.34	4.35	4.13	4.14	133300059	583205440.00
20160226	4.19	4.24	4.16	4.22	95334268	413831104.00
20160229	4.20	4.23	4.11	4.21	157127026	678935296.00
20160301	4.21	4.29	4.18	4.27	93591345	409838816.00
20160302	4.30	4.42	4.28	4.41	225526884	1018802560.00
20160303	4.41	4.42	4.34	4.41	155890762	705107648.00
20160304	4.39	4.58	4.38	4.55	354485941	1646993024.00
20160307	4.55	4.64	4.50	4.56	142690205	670554432.00
20160308	4.61	4.62	4.48	4.58	121041465	566822720.00
20160309	4.47	4.52	4.35	4.50	201321548	920063360.00
20160310	4.45	4.49	4.39	4.41	92989236	426275424.00
20160311	4.37	4.45	4.36	4.44	83885901	381039872.00
20160314	4.45	4.54	4.44	4.47	105468084	488533248.00
20160315	4.46	4.47	4.41	4.46	60168704	275674496.00
20160316	4.44	4.54	4.44	4.54	220543592	1026762752.00
20160317	4.55	4.58	4.48	4.54	87619164	409161024.00
20160318	4.57	4.59	4.52	4.55	182960671	858824192.00
20160321	4.55	4.58	4.52	4.55	292921464	1373828480.00
20160322	4.54	4.56	4.51	4.52	117041221	547288064.00
20160323	4.54	4.54	4.50	4.52	71418277	332909664.00
20160324	4.49	4.50	4.39	4.40	149101169	681295808.00
20160325	4.40	4.42	4.36	4.40	86108856	389622912.00
20160328	4.41	4.45	4.39	4.40	96941141	442840064.00
20160329	4.41	4.43	4.37	4.40	83637765	380093568.00
20160330	4.44	4.71	4.44	4.59	425936053	2019017216.00
20160331	4.60	4.68	4.56	4.62	231981828	1105397888.00
20160401	4.61	4.80	4.60	4.76	319892742	1547192576.00
20160405	4.71	4.81	4.68	4.74	230360151	1127731968.00
20160406	4.72	4.95	4.71	4.84	339841172	1702667776.00
20160407	4.85	4.92	4.77	4.81	204974111	1020993408.00
20160408	4.78	4.84	4.68	4.73	146184866	713246656.00
20160411	4.78	4.93	4.77	4.80	186330881	931605952.00
20160412	4.79	4.89	4.77	4.80	128570094	639586368.00
20160413	4.88	5.00	4.82	4.94	255351269	1295729024.00
20160414	4.94	4.99	4.88	4.90	104157304	527642368.00
20160415	4.90	4.93	4.84	4.87	81792965	409982656.00
20160418	4.80	4.80	4.69	4.72	160859192	783856320.00
20160419	4.75	4.77	4.71	4.73	59315606	289026880.00
20160420	4.76	4.78	4.57	4.66	210873202	1011933760.00
20160421	4.67	4.82	4.65	4.76	175335812	856794496.00
20160422	4.72	4.76	4.68	4.76	87413545	425417504.00
20160425	4.74	4.74	4.68	4.74	50781529	246705392.00
20160426	4.73	4.76	4.71	4.76	37618650	183464704.00
20160427	4.79	4.82	4.77	4.78	89218473	440817856.00
20160428	4.82	4.84	4.76	4.79	68812118	339836032.00
20160429	4.79	4.81	4.71	4.73	102571293	501383008.00
20160503	4.71	4.80	4.65	4.71	251732045	1219079168.00
20160504	4.67	4.70	4.66	4.68	104330236	502432224.00
20160505	4.68	4.68	4.63	4.66	105956896	507447456.00
20160506	4.66	4.67	4.57	4.58	104040271	494173664.00
20160509	4.57	4.58	4.43	4.50	141672782	656114112.00
20160510	4.47	4.53	4.47	4.51	79341347	368542272.00
20160511	4.52	4.55	4.48	4.50	55990687	260576800.00
20160512	4.49	4.50	4.44	4.48	65711758	303096992.00
20160513	4.48	4.55	4.46	4.50	84952862	394791840.00
20160516	4.47	4.54	4.47	4.53	57459174	267678160.00
20160517	4.55	4.63	4.54	4.62	101548724	480595840.00
20160518	4.60	4.63	4.51	4.56	93595021	442395296.00
20160519	4.55	4.57	4.51	4.54	46200225	216118672.00
20160520	4.52	4.56	4.51	4.56	26549380	124235952.00
20160523	4.55	4.58	4.53	4.56	37043194	173623808.00
20160524	4.54	4.55	4.47	4.54	48986406	227405312.00
20160525	4.54	4.58	4.54	4.57	61234533	288046560.00
20160526	4.57	4.63	4.57	4.61	58177990	276166624.00
20160527	4.60	4.61	4.57	4.60	35837639	169548208.00
20160530	4.59	4.63	4.58	4.61	56734323	269110208.00
20160531	4.60	4.70	4.59	4.69	130443949	627808768.00
20160601	4.69	4.70	4.66	4.69	64482614	310628064.00
20160602	4.68	4.69	4.64	4.69	50543644	242775296.00
20160603	4.68	4.69	4.65	4.67	78448327	376818848.00
20160606	4.67	4.68	4.64	4.66	42026298	201396640.00
20160607	4.66	4.68	4.64	4.67	46149123	221371584.00
20160608	4.67	4.73	4.66	4.71	109351872	529225888.00
20160613	4.67	4.67	4.56	4.58	72021401	343498304.00
20160614	4.57	4.60	4.56	4.58	47583966	224579632.00
20160615	4.53	4.61	4.52	4.60	82485505	388599616.00
20160616	4.57	4.59	4.53	4.55	61653224	289310912.00
20160617	4.55	4.58	4.54	4.56	43786955	205862752.00
20160620	4.57	4.58	4.53	4.56	41704931	195623648.00
20160621	4.57	4.61	4.55	4.56	55290660	260688128.00
20160622	4.55	4.60	4.55	4.60	46143165	217828096.00
20160623	4.58	4.59	4.55	4.57	44948839	211626640.00
20160624	4.57	4.60	4.45	4.52	81601515	376567104.00
20160627	4.52	4.55	4.50	4.55	52252556	240798208.00
20160628	4.52	4.55	4.50	4.55	33702034	155326992.00
20160629	4.55	4.62	4.54	4.60	84091906	393065760.00
20160630	4.63	4.65	4.60	4.64	61958955	291899904.00
20160701	4.63	4.65	4.61	4.62	35270065	165975216.00
20160704	4.62	4.69	4.62	4.69	90970152	431867360.00
20160705	4.69	4.74	4.66	4.73	92492192	442528256.00
20160706	4.71	4.71	4.66	4.71	71965700	343105568.00
20160707	4.70	4.73	4.69	4.72	67930100	325808544.00
20160708	4.70	4.70	4.65	4.67	55873500	265223200.00
20160711	4.67	4.74	4.67	4.71	87759300	420483488.00
20160712	4.71	4.79	4.71	4.78	122414800	590988608.00
20160713	4.79	4.83	4.78	4.81	99071300	484040800.00
20160714	4.79	4.81	4.76	4.80	62164100	302204544.00
20160715	4.80	4.82	4.78	4.80	57051400	278496416.00
20160718	4.79	4.82	4.75	4.77	85931200	417544768.00
20160719	4.76	4.77	4.72	4.77	57364000	276855232.00
20160720	4.76	4.77	4.74	4.76	28712000	138891232.00
20160721	4.75	4.79	4.74	4.76	54239600	262486400.00
20160722	4.76	4.76	4.71	4.73	52545200	252754032.00
20160725	4.73	4.74	4.71	4.74	36916100	177448208.00
20160726	4.72	4.77	4.72	4.77	44153500	213243760.00
20160727	4.76	4.79	4.69	4.77	115206823	555542272.00
20160728	4.74	4.75	4.72	4.74	61602591	296474336.00
20160729	4.72	4.74	4.70	4.71	46186556	221754496.00
20160801	4.71	4.72	4.68	4.72	49508114	236357296.00
20160802	4.69	4.71	4.68	4.71	30244829	144492800.00
20160803	4.69	4.71	4.66	4.70	38676545	184519632.00
20160804	4.71	4.72	4.68	4.72	30816161	147280864.00
20160805	4.71	4.74	4.69	4.73	38310953	183967392.00
20160808	4.74	4.75	4.70	4.75	31124566	149608624.00
20160809	4.74	4.82	4.72	4.80	78675600	382521088.00
20160810	4.79	4.81	4.78	4.80	38661200	188458480.00
20160811	4.79	4.82	4.76	4.78	51008459	248508720.00
20160812	4.78	4.84	4.77	4.84	91364436	446875008.00
20160815	4.84	4.95	4.83	4.93	161617238	805861248.00
20160816	4.93	4.97	4.91	4.94	114140180	572509376.00
20160817	4.94	4.97	4.90	4.93	71845969	359944064.00
20160818	4.92	4.94	4.88	4.91	46541487	232280256.00
20160819	4.91	4.93	4.88	4.90	64732805	322462304.00
20160822	4.90	4.90	4.84	4.86	52509500	259824368.00
20160823	4.86	4.88	4.85	4.87	50987300	252362288.00
20160824	4.87	4.89	4.85	4.88	47738600	236492880.00
20160825	4.87	4.88	4.83	4.87	55412100	273275424.00
20160826	4.87	4.88	4.85	4.87	38560400	190899008.00
20160829	4.86	4.87	4.84	4.87	40104387	197972272.00
20160830	4.87	4.94	4.85	4.92	79314202	394443200.00
20160831	4.91	4.93	4.90	4.92	75038656	374822496.00
20160901	4.91	4.92	4.88	4.89	42143917	210005888.00
20160902	4.88	4.90	4.86	4.90	50994825	253018176.00
20160905	4.89	4.92	4.87	4.91	71771391	356676832.00
20160906	4.89	4.93	4.89	4.92	62677777	312759680.00
20160907	4.91	4.93	4.90	4.92	50455718	252025968.00
20160908	4.92	4.92	4.89	4.91	31858900	158875552.00
20160909	4.92	4.93	4.89	4.90	51569179	257524400.00
20160912	4.85	4.88	4.77	4.86	125837389	616870912.00
20160913	4.84	4.85	4.80	4.84	41249343	202143760.00
20160914	4.81	4.82	4.76	4.78	60370843	293610496.00
20160919	4.74	4.79	4.74	4.78	50459472	245041376.00
20160920	4.78	4.79	4.75	4.77	38813046	187955632.00
20160921	4.78	4.79	4.74	4.78	36173415	172380224.00
20160922	4.79	4.86	4.78	4.84	61753465	298337664.00
20160923	4.85	4.87	4.84	4.85	33806226	164128032.00
20160926	4.84	4.85	4.78	4.80	39780739	191565424.00
20160927	4.79	4.82	4.77	4.81	36562533	174926032.00
20160928	4.80	4.80	4.76	4.77	35214045	168043456.00
20160929	4.81	4.86	4.80	4.85	61158827	295949920.00
20160930	4.83	4.86	4.82	4.86	28081983	135971744.00
20161010	4.93	4.97	4.92	4.95	100229863	495522880.00
20161011	4.96	4.99	4.94	4.97	78428028	389497792.00
20161012	4.95	4.95	4.92	4.94	42499336	209615728.00
20161013	4.93	4.94	4.88	4.90	48574385	238084848.00
20161014	4.88	4.94	4.88	4.94	49961049	245173776.00
20161017	4.93	4.95	4.91	4.93	60470408	298513728.00
20161018	4.92	4.96	4.90	4.96	67271262	331800352.00
20161019	4.96	4.99	4.94	4.98	87486639	435311776.00
20161020	4.98	5.01	4.98	4.99	70911341	354202048.00
20161021	4.98	5.02	4.97	5.01	61574152	307491840.00
20161024	5.00	5.14	4.99	5.07	185011327	940625152.00
20161025	5.08	5.10	4.98	5.02	138514464	696433152.00
20161026	5.01	5.02	4.97	4.99	47238892	235700816.00
20161027	4.98	4.99	4.95	4.98	45389400	225374032.00
20161028	4.98	5.02	4.96	5.01	72443783	362183584.00
20161031	4.99	5.01	4.96	5.01	45624825	227559680.00
20161101	4.98	5.02	4.97	5.00	56307500	280998944.00
20161102	4.98	4.99	4.95	4.95	48928900	243027936.00
20161103	4.94	4.97	4.90	4.95	50989987	251803664.00
20161104	4.95	4.98	4.92	4.94	51013600	252254176.00
20161107	4.93	4.97	4.92	4.95	50480300	249854624.00
20161108	4.96	4.99	4.95	4.97	54026017	268719904.00
20161109	4.97	4.98	4.86	4.93	110092504	541402176.00
20161110	4.95	5.00	4.95	4.99	86828746	432507040.00
20161111	4.98	5.04	4.95	5.01	103268831	516148672.00
20161114	5.01	5.02	4.97	5.02	112650314	563126528.00
20161115	5.01	5.02	4.97	4.99	58811647	293481984.00
20161116	5.00	5.01	4.97	4.99	53234400	265641728.00
20161117	4.97	4.99	4.95	4.99	48362900	240253328.00
20161118	4.98	4.99	4.95	4.96	48820400	242370000.00
20161121	4.96	5.03	4.94	5.02	115680600	578820736.00
20161122	5.07	5.11	5.03	5.09	181357333	920641600.00
20161123	5.08	5.16	5.06	5.09	134835682	688757568.00
20161124	5.08	5.09	5.05	5.07	73741200	373930816.00
20161125	5.08	5.11	5.03	5.10	95074400	481951168.00
20161128	5.10	5.16	5.08	5.14	152271600	780698688.00
20161129	5.14	5.26	5.11	5.23	241979600	1258888704.00
20161130	5.20	5.21	5.11	5.12	118051400	608134464.00
20161201	5.26	5.36	5.22	5.27	298734978	1580947072.00
20161202	5.29	5.69	5.25	5.50	474033835	2600297216.00
20161205	5.41	5.48	5.28	5.37	271748700	1457284608.00
20161206	5.31	5.46	5.29	5.30	164268100	882130048.00
20161207	5.28	5.33	5.24	5.31	124459900	656163456.00
20161208	5.31	5.33	5.25	5.30	96115800	508780128.00
20161209	5.29	5.44	5.28	5.41	181462500	978137408.00
20161212	5.56	5.62	5.43	5.46	254164551	1401624704.00
20161213	5.48	5.58	5.47	5.51	174323424	961294912.00
20161214	5.53	5.73	5.51	5.63	273578507	1544024576.00
20161215	5.53	5.54	5.39	5.45	210230697	1144629888.00
20161216	5.40	5.53	5.29	5.51	145161786	786492736.00
20161219	5.50	5.61	5.46	5.52	109710821	608688704.00
20161220	5.50	5.53	5.35	5.46	134472315	726559872.00
20161221	5.46	5.69	5.41	5.56	230104641	1282099968.00
20161222	5.52	5.73	5.52	5.64	225868304	1274123520.00
20161223	5.60	5.72	5.58	5.64	175254776	989053504.00
20161226	5.60	5.68	5.48	5.67	122380289	684774464.00
20161227	5.62	5.67	5.55	5.56	97218618	543993664.00
20161228	5.57	5.65	5.52	5.55	93169320	518878432.00
20161229	5.51	5.54	5.40	5.41	128260300	698609408.00
20161230	5.41	5.45	5.38	5.41	87951800	475438368.00
20170103	5.42	5.52	5.40	5.51	102820610	562683776.00
20170104	5.48	5.59	5.46	5.57	100782981	559970880.00
20170105	5.55	5.81	5.54	5.75	238697795	1359467392.00
20170106	5.78	6.01	5.74	5.87	328612078	1945425280.00
20170109	5.87	6.03	5.83	5.86	208412805	1234397696.00
20170110	5.80	5.91	5.74	5.90	128579670	748621120.00
20170111	5.86	5.91	5.76	5.76	113645456	663075264.00
20170112	5.78	5.91	5.74	5.83	147131914	859151616.00
20170113	5.82	5.97	5.78	5.89	131748720	776759360.00
20170116	5.89	5.98	5.83	5.96	255364546	1515296256.00
20170117	5.94	6.07	5.94	5.99	196082021	1178091520.00
20170118	6.00	6.02	5.93	5.97	105178283	627752512.00
20170119	5.94	5.96	5.77	5.86	227103441	1325492096.00
20170120	5.82	5.88	5.80	5.86	77271346	451542592.00
20170123	5.87	5.90	5.81	5.87	120774518	707945344.00
20170124	5.87	6.07	5.85	6.06	220296860	1320861568.00
20170125	6.04	6.08	5.98	6.05	99044084	598337920.00
20170126	6.05	6.09	5.97	6.03	88310889	532030976.00
20170203	6.03	6.04	5.90	5.95	59164260	351674880.00
20170206	5.95	5.99	5.89	5.95	91671807	543982208.00
20170207	5.92	5.94	5.83	5.87	120022911	705701184.00
20170208	5.83	5.88	5.79	5.85	145172865	846179520.00
20170209	5.85	5.85	5.74	5.81	297648617	1724814080.00
20170210	5.79	5.88	5.77	5.87	195626283	1142135552.00
20170213	5.88	5.93	5.84	5.87	171441564	1007986880.00
20170214	5.85	5.87	5.81	5.84	89134605	520498496.00
20170215	5.85	5.89	5.83	5.85	126880473	744229568.00
20170216	5.84	5.85	5.78	5.81	119110363	690849408.00
20170217	5.81	5.86	5.78	5.79	104121788	605621952.00
20170220	5.80	5.88	5.78	5.88	150800800	881021632.00
20170221	5.89	5.91	5.84	5.89	104524203	614392256.00
20170222	5.91	5.98	5.89	5.97	163358751	969266432.00
20170223	5.94	5.97	5.86	5.88	102297200	603898112.00
20170224	5.89	5.92	5.78	5.81	143292200	834702272.00
20170227	5.80	5.81	5.71	5.73	143887800	827167168.00
20170228	5.73	5.77	5.72	5.75	61590442	354028704.00
20170301	5.75	5.78	5.71	5.76	98793266	567800320.00
20170302	5.77	5.78	5.73	5.74	55572528	319956896.00
20170303	5.72	5.72	5.61	5.66	147628612	834013824.00
20170306	5.65	5.66	5.60	5.64	98095464	552324032.00
20170307	5.63	5.64	5.60	5.63	86532200	486097696.00
20170308	5.63	5.65	5.61	5.65	101402813	571105216.00
20170309	5.60	5.62	5.48	5.60	243217743	1347139328.00
20170310	5.54	5.55	5.51	5.51	96607031	534072736.00
20170313	5.49	5.57	5.44	5.53	126940447	700479104.00
20170314	5.53	5.56	5.50	5.55	73246471	405458656.00
20170315	5.53	5.60	5.51	5.59	96767962	537908160.00
20170316	5.60	5.67	5.60	5.64	105976565	597938496.00
20170317	5.64	5.64	5.53	5.56	91782705	513059936.00
20170320	5.56	5.68	5.56	5.68	174193300	980489152.00
20170321	5.66	5.72	5.65	5.67	123005700	699781248.00
20170322	5.65	5.77	5.64	5.74	169043359	966551872.00
20170323	5.74	5.77	5.66	5.71	119369955	682151104.00
20170324	5.70	5.83	5.68	5.80	136578500	786683456.00
20170327	5.85	5.86	5.65	5.71	205816978	1184060672.00
20170328	5.71	5.72	5.65	5.67	87886201	498474240.00
20170329	5.68	5.72	5.65	5.69	101238261	575706176.00
20170330	5.70	5.73	5.61	5.67	128092198	725747648.00
20170331	5.69	5.75	5.65	5.74	110164132	628633728.00
20170405	5.74	5.86	5.73	5.85	151070481	877324224.00
20170406	5.86	5.91	5.81	5.89	138001591	810340992.00
20170407	5.91	6.03	5.86	5.99	190777639	1140870912.00
20170410	6.00	6.02	5.93	5.95	82140021	489598752.00
20170411	5.96	6.01	5.85	5.94	110522100	654580416.00
20170412	5.93	5.95	5.85	5.93	96920200	570987136.00
20170413	5.90	5.92	5.87	5.89	53970257	318444640.00
20170414	5.90	5.90	5.85	5.88	58997522	346625952.00
20170417	5.89	5.91	5.81	5.85	102502347	598541568.00
20170418	5.85	5.87	5.80	5.80	62089360	362578208.00
20170419	5.79	5.79	5.69	5.76	90991885	522878944.00
20170420	5.72	5.76	5.66	5.75	97088774	553374784.00
20170421	5.74	5.81	5.67	5.80	95240734	548446848.00
20170424	5.77	5.84	5.72	5.84	112190600	649048064.00
20170425	5.80	5.86	5.76	5.79	83939900	486423232.00
20170426	5.80	5.81	5.77	5.78	44331500	256786688.00
20170427	5.78	5.82	5.72	5.78	60152500	346762048.00
20170428	5.80	5.81	5.73	5.78	62922963	362413696.00
20170502	5.77	5.77	5.72	5.73	45254533	259644432.00
20170503	5.71	5.73	5.69	5.73	49767498	284352256.00
20170504	5.72	5.72	5.66	5.71	80045100	455488096.00
20170505	5.66	5.66	5.53	5.64	204412100	1144980352.00
20170508	5.61	5.73	5.57	5.72	140065700	793020288.00
20170509	5.70	5.75	5.68	5.71	44816100	256032000.00
20170510	5.70	5.73	5.67	5.71	56194600	320391360.00
20170511	5.70	5.82	5.68	5.80	130189600	749473856.00
20170512	5.78	5.88	5.77	5.87	102486462	597827968.00
20170515	5.85	5.94	5.82	5.90	108443661	638975872.00
20170516	5.91	5.93	5.85	5.87	63290245	372173952.00
20170517	5.85	5.88	5.77	5.79	86428933	501294592.00
20170518	5.77	5.82	5.76	5.81	35441000	205342688.00
20170519	5.81	5.90	5.80	5.84	76358825	446478080.00
20170522	5.88	5.95	5.84	5.95	134547573	794676160.00
20170523	5.94	6.02	5.89	6.00	188146500	1121440640.00
20170524	5.98	5.99	5.91	5.98	95798600	569608128.00
20170525	5.95	6.17	5.93	6.16	222019300	1350537088.00
20170526	6.14	6.22	6.07	6.14	168157100	1031600704.00
20170531	6.11	6.32	6.11	6.27	196186743	1215847296.00
20170601	6.22	6.35	6.19	6.33	218728322	1374242560.00
20170602	6.30	6.35	6.23	6.26	99772305	627119744.00
20170605	6.20	6.23	6.08	6.12	118726802	727918080.00
20170606	6.10	6.11	6.03	6.09	99021718	601297088.00
20170607	6.10	6.14	6.05	6.09	133518047	812589248.00
20170608	6.05	6.16	6.02	6.14	134469939	819029696.00
20170609	6.12	6.23	6.09	6.11	129297519	795505408.00
20170612	6.11	6.16	6.06	6.11	94737700	578725184.00
20170613	6.10	6.10	6.04	6.05	91819696	556155904.00
20170614	6.05	6.06	5.96	5.98	104891140	628681344.00
20170615	5.96	5.97	5.90	5.92	115514095	684190784.00
20170616	5.91	5.95	5.89	5.93	61214304	362517408.00
20170619	5.93	5.96	5.91	5.95	57351598	340731136.00
20170620	5.93	5.96	5.88	5.94	82881509	490780672.00
20170621	5.93	5.95	5.89	5.94	78994096	467436096.00
20170622	5.91	6.04	5.90	5.97	133152565	796655744.00
20170623	5.96	6.02	5.95	6.01	89912280	538069312.00
20170626	6.01	6.04	5.96	6.00	114662508	687662336.00
20170627	6.00	6.00	5.88	5.90	139360128	825328896.00
20170628	5.89	5.96	5.87	5.91	99416204	587993664.00
20170629	5.91	5.93	5.88	5.92	78462566	463109312.00
20170630	5.89	5.95	5.87	5.93	77846828	460331648.00
20170703	5.94	5.95	5.91	5.94	56759901	336604608.00
20170704	5.94	6.06	5.93	6.05	153210021	922574912.00
20170705	6.04	6.07	6.01	6.05	81238883	491291328.00
20170706	6.03	6.06	6.01	6.06	90373560	545583360.00
20170707	6.04	6.07	6.01	6.04	65184751	394109568.00
20170710	6.04	6.15	6.02	6.14	106307313	650118656.00
20170711	6.15	6.17	6.11	6.15	64930492	398934624.00
数据来源:通达信
