600088 中视传媒 日线 前复权
      日期	    开盘	    最高	    最低	    收盘	    成交量	    成交额
20111010	12.10	12.73	12.10	12.34	2497858	31615268.00
20111011	13.24	13.44	12.70	12.94	11363818	152317312.00
20111012	12.74	14.26	12.59	14.26	11161660	155548320.00
20111013	14.62	15.71	14.44	15.71	24892128	386844032.00
20111014	16.14	16.24	15.34	15.80	24613586	392317984.00
20111017	15.76	16.21	15.54	15.95	25628785	413331648.00
20111018	15.64	16.14	15.47	15.93	20898846	335653888.00
20111019	15.94	16.04	14.52	14.85	21459284	331608448.00
20111020	14.80	15.14	14.46	14.69	16505795	249268352.00
20111021	14.44	14.85	14.24	14.34	12056294	177480560.00
20111024	14.39	15.80	14.06	15.80	27197299	417225504.00
20111025	15.81	17.24	15.59	16.23	38865018	639167616.00
20111026	15.92	17.65	15.81	16.74	36306104	613131584.00
20111027	16.44	16.71	16.09	16.31	17571265	291673504.00
20111028	16.64	17.72	16.39	16.70	28810091	494944384.00
20111031	16.57	17.39	16.34	17.06	22401953	386287040.00
20111101	16.63	17.14	16.56	16.84	16392996	280212384.00
20111102	16.43	18.55	16.35	18.55	33098239	595469376.00
20111103	18.94	19.04	17.96	18.10	33433931	623045824.00
20111104	17.79	18.43	17.35	17.89	19075718	344779456.00
20111107	17.60	18.04	17.42	18.01	12629173	228238128.00
20111108	18.02	18.15	17.45	17.58	11349708	204871104.00
20111109	17.64	19.01	16.98	18.62	24646010	451571808.00
20111110	17.99	18.42	16.87	17.07	19351281	348364288.00
20111111	17.07	17.94	16.77	17.07	12816069	224947520.00
20111114	17.24	17.58	16.74	17.27	9646383	169317040.00
20111115	17.22	17.68	16.96	17.62	13698437	242414464.00
20111116	17.57	17.57	16.82	17.06	10516099	182895216.00
20111117	17.04	17.25	16.65	16.76	7466608	128268400.00
20111118	16.64	16.94	16.15	16.34	10351090	174104400.00
20111121	16.31	16.59	16.13	16.53	6212419	103384096.00
20111122	16.35	17.00	16.34	16.80	10552970	178670928.00
20111123	16.80	17.00	16.35	16.62	7837147	133031800.00
20111124	16.34	16.94	16.24	16.54	5651102	95174336.00
20111125	16.38	16.83	16.25	16.51	6242640	105066992.00
20111129	16.51	16.54	15.84	16.13	9793438	160380816.00
20111130	16.09	16.09	14.52	14.84	11651592	183223536.00
20111201	15.54	15.59	14.74	14.90	8080919	125574328.00
20111202	14.64	15.72	14.36	15.14	8163363	125071720.00
20111205	14.99	15.41	14.55	14.68	5024298	76938528.00
20111206	14.61	15.61	14.37	15.42	8688712	133519784.00
20111207	15.39	16.09	15.25	15.84	12739572	204326144.00
20111208	15.73	16.73	15.59	16.20	15807553	260242512.00
20111209	16.01	16.09	15.19	15.21	9085416	144025584.00
20111212	15.15	15.43	14.19	14.41	9611126	144287904.00
20111213	14.23	15.13	13.64	14.73	14931415	216938736.00
20111214	14.31	14.84	13.86	13.99	10524254	153142320.00
20111215	13.69	14.35	13.44	13.56	8239516	116680712.00
20111216	13.59	14.20	13.21	14.18	9912593	138947664.00
20111219	13.86	15.62	13.74	15.62	23322457	350986048.00
20111220	15.43	15.72	14.93	14.95	19506616	302774048.00
20111221	15.03	15.57	14.74	14.80	11826801	182445456.00
20111222	14.49	15.25	13.69	14.87	12053775	177575328.00
20111223	14.58	15.42	14.38	14.89	10424172	158416032.00
20111226	14.77	15.45	14.69	14.79	9211993	141534656.00
20111227	14.52	14.67	13.44	13.70	11290596	161939328.00
20111228	13.40	13.59	13.05	13.47	8927569	121347040.00
20111229	13.34	13.63	13.25	13.40	5460414	74834752.00
20111230	13.41	14.04	13.41	13.74	7403443	104148312.00
20120104	13.92	14.23	13.23	13.25	7557196	106101272.00
20120105	13.03	13.52	12.51	12.90	10230684	134883824.00
20120106	12.81	13.14	12.65	13.10	5233882	68877952.00
20120109	12.96	13.67	12.91	13.63	9460069	128847216.00
20120110	13.54	14.24	13.46	14.18	12140861	172335312.00
20120111	14.14	14.93	13.92	14.40	14259336	209900192.00
20120112	14.24	14.59	14.14	14.20	6255035	91092904.00
20120113	14.26	14.39	12.84	13.01	10864334	150052432.00
20120116	12.70	12.94	12.44	12.46	5313330	68856680.00
20120117	12.49	13.39	12.18	13.26	6777300	88891808.00
20120118	13.25	13.62	12.42	12.58	10356862	138129120.00
20120119	12.54	12.63	11.77	12.04	12849717	158137120.00
20120120	12.06	12.51	12.06	12.25	9409065	117883576.00
20120130	12.29	12.43	12.16	12.24	4888820	61346296.00
20120131	12.19	12.71	11.87	12.68	8932017	112527840.00
20120201	12.54	12.66	12.25	12.28	6130448	77870312.00
20120202	12.37	13.04	12.24	12.91	13132307	170355200.00
20120203	12.77	13.92	12.64	13.39	17530613	238582320.00
20120206	13.30	13.55	13.14	13.22	10448193	141774720.00
20120207	13.12	13.48	13.01	13.05	12714051	171654848.00
20120208	13.04	13.54	12.92	13.46	9905417	133722824.00
20120209	13.46	13.82	13.34	13.47	11065491	153461392.00
20120210	13.44	13.80	13.30	13.54	8402267	115873944.00
20120213	13.34	13.84	13.23	13.69	11824645	163483392.00
20120214	13.67	13.72	13.38	13.52	6274506	86524896.00
20120215	13.46	14.48	13.46	14.41	18996789	271698912.00
20120216	14.38	14.74	14.13	14.31	14468704	212671152.00
20120217	14.31	14.42	13.95	14.26	7570523	109420096.00
20120220	14.49	14.70	14.31	14.33	8626295	127357232.00
20120221	14.29	15.59	14.24	15.45	19610687	300836064.00
20120222	15.26	16.18	15.19	15.80	20410689	323404928.00
20120223	15.63	15.91	15.29	15.61	11465753	181902400.00
20120224	15.51	16.49	15.44	15.94	14909850	242727328.00
20120227	15.94	16.18	15.75	15.78	12375000	200555248.00
20120228	15.77	15.86	15.44	15.68	8985467	142749776.00
20120229	15.79	16.12	15.37	15.42	11804454	189305136.00
20120301	15.28	15.59	15.21	15.36	5987217	93778648.00
20120302	15.36	15.79	15.36	15.74	6946047	110050792.00
20120305	15.86	16.05	15.69	15.92	9613984	155344368.00
20120306	15.83	16.00	15.39	15.43	8848745	140777376.00
20120307	15.24	15.59	15.14	15.25	6395436	99913488.00
20120308	15.27	15.94	15.27	15.77	8982068	142805616.00
20120309	15.81	16.02	15.68	15.89	9936841	160460528.00
20120312	15.94	17.24	15.84	16.38	15093723	253873376.00
20120313	16.25	16.52	16.01	16.30	8486159	139726976.00
20120314	16.30	16.44	15.04	15.23	12184180	196213520.00
20120315	15.19	15.31	14.77	14.84	7230045	110205416.00
20120316	14.85	15.50	14.52	15.43	9777605	150145456.00
20120319	15.52	16.72	15.45	15.85	10904478	176455648.00
20120320	15.85	15.85	15.26	15.28	5355589	84123248.00
20120321	15.35	15.79	15.30	15.66	16768406	265269104.00
20120322	15.57	15.64	15.12	15.26	6146754	95591952.00
20120323	15.18	15.96	15.03	15.70	13308132	210835424.00
20120326	15.62	15.62	15.08	15.32	7824704	121485280.00
20120327	15.36	15.43	14.96	15.00	5966833	92037752.00
20120328	14.89	14.89	13.94	14.00	6917465	101266256.00
20120329	13.76	13.92	13.23	13.58	6226646	86184800.00
20120330	13.57	13.73	12.76	13.07	6573186	88821360.00
20120405	13.07	13.79	13.06	13.74	5978336	82244320.00
20120406	13.64	14.09	13.59	13.98	6997812	99101552.00
20120409	13.91	13.91	13.48	13.49	3513832	48860084.00
20120410	13.33	13.88	13.33	13.85	4376897	60925124.00
20120411	13.63	13.92	13.54	13.82	3519752	49460832.00
20120412	13.87	14.33	13.84	14.22	6679919	96259880.00
20120413	14.21	14.51	14.10	14.27	4624676	67322080.00
20120416	14.09	14.57	14.06	14.40	3792486	55571556.00
20120417	14.43	14.64	14.15	14.37	5172948	75952744.00
20120418	14.33	14.73	14.33	14.57	4508824	66896012.00
20120419	14.50	14.72	14.24	14.36	4460212	65756080.00
20120420	14.27	14.68	14.25	14.50	5476110	80543600.00
20120423	14.45	14.45	13.42	13.62	9138168	128611248.00
20120424	13.49	13.74	13.19	13.69	5027768	69029856.00
20120425	13.64	13.94	13.39	13.83	5769702	80432744.00
20120426	13.87	14.06	13.54	13.57	4277931	60004424.00
20120427	13.59	13.88	13.59	13.63	4306010	60163788.00
20120502	13.52	13.61	12.74	13.18	11293863	151216080.00
20120503	13.06	13.18	12.86	12.99	5994850	79362760.00
20120504	13.00	13.23	12.99	13.17	4177003	55868532.00
20120507	13.06	13.27	12.99	13.25	4567904	61074144.00
20120508	13.37	13.83	13.36	13.63	9739016	134953744.00
20120509	13.54	13.54	13.24	13.25	4615234	62750412.00
20120510	13.23	13.56	13.23	13.38	3677790	50230000.00
20120514	13.44	13.53	13.19	13.25	3278504	44551472.00
20120515	13.05	13.19	12.84	13.18	2630606	34951748.00
20120516	13.21	13.21	12.77	12.83	2466759	32561688.00
20120517	12.86	13.24	12.83	13.15	3146464	42008564.00
20120518	13.03	13.13	12.82	12.85	2534610	33363596.00
20120521	12.92	12.92	12.54	12.68	2721504	35343580.00
20120522	12.67	12.94	12.67	12.91	2085804	27363150.00
20120523	12.94	12.95	12.61	12.74	3067709	39956716.00
20120524	12.75	13.23	12.30	12.98	8069512	105105752.00
20120525	12.96	13.18	12.85	12.93	5828706	77290632.00
20120528	12.79	12.96	12.42	12.89	3556606	46086292.00
20120529	12.92	13.09	12.79	13.02	4484277	59301344.00
20120530	13.10	13.10	12.88	12.92	2474147	32501852.00
20120531	12.79	13.19	12.69	12.99	3869107	50768996.00
20120601	12.93	13.06	12.92	12.97	2042766	26879608.00
20120604	12.72	12.82	12.41	12.42	2853128	36495920.00
20120605	12.41	12.56	12.34	12.48	2021593	25478104.00
20120606	12.50	12.61	12.13	12.28	2592920	32426012.00
20120607	12.41	12.47	12.11	12.16	1833512	22782136.00
20120608	12.23	12.36	12.09	12.25	3112512	38574792.00
20120611	12.25	12.58	12.24	12.46	2782822	35093104.00
20120612	12.39	12.41	12.24	12.27	1520413	18967554.00
20120613	12.26	12.56	12.26	12.50	1864676	23502188.00
20120614	12.48	12.62	12.40	12.49	2119582	26888648.00
20120615	12.50	12.53	12.12	12.26	2782463	34705496.00
20120618	12.33	12.49	12.29	12.41	2252917	28316802.00
20120619	12.41	12.60	12.40	12.45	2977696	37804224.00
20120620	12.45	12.51	12.26	12.27	2195274	27545208.00
20120621	12.34	12.38	12.03	12.08	2128795	26194152.00
20120625	12.07	12.12	11.66	11.67	1973342	23742736.00
20120626	11.67	11.67	11.42	11.57	1567962	18368646.00
20120627	11.62	11.69	11.46	11.47	1369379	16147277.00
20120628	11.47	11.52	11.04	11.06	2129982	24451540.00
20120629	11.05	11.20	10.81	11.17	3657843	40931848.00
20120702	11.17	11.22	11.04	11.15	2314778	26188624.00
20120703	11.19	11.45	11.10	11.26	2348738	26888632.00
20120704	11.29	11.30	11.05	11.09	1827188	20616120.00
20120705	11.10	11.10	10.59	10.60	2974506	32454088.00
20120706	10.72	10.93	10.51	10.85	2669990	29106380.00
20120709	10.77	10.78	10.51	10.52	2096474	22710484.00
20120710	10.52	10.97	10.50	10.87	4380277	47995728.00
20120711	10.85	11.10	10.73	10.92	2873243	31865852.00
20120712	10.91	11.05	10.70	11.02	2765432	30630958.00
20120713	11.03	11.09	10.85	10.92	1701158	18939532.00
20120716	10.98	10.98	10.32	10.33	2751329	29489892.00
20120717	10.33	10.48	10.26	10.43	1450797	15296285.00
20120718	10.37	10.49	10.18	10.45	1491518	15644985.00
20120719	10.42	10.87	10.38	10.74	3832870	41646552.00
20120720	10.69	10.78	10.38	10.46	3563563	38225004.00
20120723	10.41	10.61	10.22	10.44	2050522	21768128.00
20120724	10.32	10.77	10.29	10.71	3539344	38135392.00
20120725	10.76	11.22	10.74	10.99	7251878	80986760.00
20120726	10.95	11.02	10.68	10.83	3745747	41176560.00
20120727	10.91	10.99	10.77	10.85	2584367	28528088.00
20120730	10.88	10.90	10.24	10.26	3460130	36762208.00
20120731	10.26	10.27	9.82	9.93	2361500	23874566.00
20120801	9.92	10.21	9.90	10.05	1747498	17848784.00
20120802	10.08	10.09	9.86	10.02	1420842	14417780.00
20120803	10.06	10.44	9.93	10.28	2481498	25780056.00
20120806	10.23	10.50	10.08	10.45	2675499	28151270.00
20120807	10.63	11.51	10.63	11.51	4617380	53618420.00
20120808	12.09	12.28	11.56	12.03	18733277	226297376.00
20120809	11.87	12.19	11.64	11.95	10926566	131871248.00
20120810	11.82	12.00	11.68	11.81	5751973	68976112.00
20120813	11.63	11.76	11.28	11.32	5186176	60483096.00
20120814	11.41	11.53	11.08	11.52	4002629	46177848.00
20120815	11.43	11.53	11.22	11.23	3503336	40237296.00
20120816	11.20	11.23	10.92	11.03	2841694	31888424.00
20120817	10.93	11.23	10.85	11.12	3447960	38630412.00
20120820	11.01	11.26	10.93	11.22	3158624	35542520.00
20120821	11.17	11.50	11.13	11.44	4767342	54968668.00
20120822	11.44	11.63	11.24	11.33	3853698	44648152.00
20120823	11.25	11.38	11.09	11.28	2630208	29984734.00
20120824	11.31	11.33	10.64	10.70	2883519	32189642.00
20120827	10.61	10.61	10.19	10.30	3299053	34671796.00
20120828	10.20	10.53	10.20	10.40	2279592	24067686.00
20120829	10.32	10.53	10.21	10.22	2069123	21792392.00
20120830	10.19	10.43	9.98	10.40	2979396	31031764.00
20120831	10.33	10.46	10.27	10.34	1595845	16807882.00
20120903	10.33	10.70	10.26	10.58	2748708	29385240.00
20120904	10.58	10.64	10.30	10.36	2774611	29571780.00
20120905	10.24	10.63	10.23	10.54	2426041	25777972.00
20120906	10.53	10.81	10.48	10.74	3092472	33391682.00
20120907	10.95	11.21	10.85	11.03	5825516	65287200.00
20120910	11.03	11.17	10.89	11.11	3486098	39257684.00
20120911	11.10	11.67	10.96	11.35	9286910	107564896.00
20120912	11.38	11.54	11.24	11.44	4229653	48822860.00
20120913	11.53	11.53	11.19	11.20	2796100	32264460.00
20120914	11.27	11.34	11.01	11.21	3527438	40167992.00
20120917	11.23	11.28	10.87	10.91	2080817	23391448.00
20120918	10.93	11.02	10.78	10.84	1318234	14574588.00
20120919	10.81	11.06	10.80	10.95	1778925	19743708.00
20120920	10.95	10.95	10.36	10.38	1782099	19268982.00
20120921	10.49	10.52	10.13	10.19	1536490	16177609.00
20120924	10.23	10.81	10.20	10.63	3762995	40631024.00
20120925	10.63	10.63	10.33	10.41	1724269	18304484.00
20120926	10.41	10.43	10.10	10.11	1479072	15366130.00
20120927	10.10	10.61	10.04	10.43	2362008	24966098.00
20120928	10.51	10.62	10.37	10.60	1864290	19879056.00
20121008	10.60	10.67	10.43	10.50	1361771	14612064.00
20121009	10.44	11.04	10.44	11.01	3764558	41314624.00
20121010	10.93	11.12	10.85	11.11	2981675	33227166.00
20121011	11.00	11.08	10.84	10.86	2541998	28246788.00
20121012	11.43	11.66	10.73	10.78	5677069	64051600.00
20121015	10.63	10.63	10.33	10.51	2652748	28143444.00
20121016	10.47	10.77	10.43	10.65	2492818	26894472.00
20121017	10.62	10.63	10.42	10.55	1891985	20234476.00
20121018	10.59	10.67	10.50	10.64	2613293	28153418.00
20121019	10.66	10.75	10.62	10.72	2511607	27273552.00
20121022	10.66	10.71	10.42	10.65	2207713	23665504.00
20121023	10.57	10.70	10.50	10.52	2119269	22742072.00
20121024	10.44	10.54	10.39	10.43	1282430	13635578.00
20121025	10.43	10.56	10.40	10.45	1457284	15495052.00
20121026	10.45	10.51	10.14	10.17	2118419	22048938.00
20121029	10.14	10.22	10.10	10.15	1094977	11312347.00
20121030	10.13	10.23	10.11	10.18	1178468	12192666.00
20121031	10.21	10.35	10.08	10.23	1065451	11012757.00
20121101	10.20	10.40	10.20	10.38	2577586	27081344.00
20121102	10.38	10.52	10.33	10.51	2559820	27154020.00
20121105	10.45	10.69	10.45	10.67	3258187	35050228.00
20121106	10.63	10.67	10.18	10.51	3072484	32452006.00
20121107	10.51	10.83	10.43	10.81	5829896	63070184.00
20121108	10.69	10.71	10.30	10.33	3945660	42143512.00
20121109	10.26	10.33	10.19	10.27	2041380	21254568.00
20121112	10.33	10.35	10.23	10.29	1460987	15245833.00
20121113	10.33	10.33	10.12	10.15	1703212	17654776.00
20121114	10.11	10.22	9.94	10.16	1416017	14503235.00
20121115	10.12	10.31	9.98	10.00	1312707	13454106.00
20121116	9.98	10.31	9.93	10.18	2811842	29043280.00
20121119	10.42	10.42	9.95	10.08	2602780	26819056.00
20121120	9.95	10.14	9.95	9.98	1257051	12792432.00
20121121	9.96	10.05	9.73	9.98	1888570	19003716.00
20121122	9.92	9.92	9.76	9.79	1167817	11655919.00
20121123	9.81	9.98	9.76	9.80	825694	8257103.00
20121126	9.80	9.81	9.59	9.60	1099378	10839168.00
20121127	9.60	9.60	8.99	9.01	2011643	18847320.00
20121128	8.95	8.95	8.35	8.43	2699823	23640092.00
20121129	8.39	8.52	8.24	8.25	1283475	11000557.00
20121130	8.27	8.44	8.18	8.39	1360489	11548255.00
20121203	8.38	8.42	7.84	7.91	2043741	16929434.00
20121204	7.91	7.91	7.35	7.72	4515086	34931464.00
20121205	7.62	8.18	7.60	8.05	3810050	30979804.00
20121206	8.07	8.31	8.01	8.22	3124239	26039032.00
20121207	8.19	8.41	8.09	8.39	3139927	26536756.00
20121210	8.39	8.72	8.31	8.62	3500550	30381728.00
20121211	8.60	8.60	8.34	8.45	3136114	27124140.00
20121212	8.44	8.51	8.29	8.47	1799251	15416382.00
20121213	8.50	8.53	8.16	8.20	2354212	20033652.00
20121214	8.18	8.58	8.09	8.58	6356418	54553300.00
20121217	8.64	8.83	8.50	8.73	6029546	53074372.00
20121218	8.71	8.89	8.59	8.70	4545309	40466104.00
20121219	8.72	8.91	8.71	8.79	4411951	39625304.00
20121220	8.71	8.73	8.50	8.64	3793418	33385848.00
20121221	8.62	8.82	8.58	8.66	3641382	32259664.00
20121224	8.66	8.68	8.53	8.66	2906687	25505198.00
20121225	8.64	8.90	8.60	8.88	4220434	37892576.00
20121226	8.88	9.17	8.88	9.07	5400151	49832844.00
20121227	9.08	9.13	8.94	9.06	4313034	39726916.00
20121228	9.03	9.13	8.97	9.08	3090180	28497700.00
20121231	9.08	9.21	9.07	9.19	3567373	33285468.00
20130104	9.23	9.31	8.94	9.03	3002757	27779110.00
20130107	9.03	9.24	8.95	9.22	2654239	24598908.00
20130108	9.22	9.44	9.06	9.37	4387151	41376792.00
20130109	9.33	9.48	9.19	9.28	3916231	37242488.00
20130110	9.29	9.48	9.27	9.47	4374629	41782352.00
20130111	9.47	9.52	9.13	9.15	3891839	37058004.00
20130114	9.13	9.43	9.03	9.42	3843430	36368208.00
20130115	9.42	9.98	9.38	9.77	7492588	74013664.00
20130116	9.78	10.11	9.72	9.95	9328814	94110944.00
20130117	9.93	10.03	9.66	9.93	4582925	46016952.00
20130118	9.92	10.23	9.85	10.13	5149419	52850528.00
20130121	10.08	10.24	9.98	10.20	3695054	38040420.00
20130122	10.23	10.25	9.82	9.92	4181382	42678092.00
20130123	9.92	10.15	9.69	9.83	3622301	36335556.00
20130124	9.83	9.97	9.45	9.59	3606405	35649456.00
20130125	9.59	9.72	9.47	9.62	2683156	26227114.00
20130128	9.62	9.91	9.56	9.91	2987223	29692850.00
20130129	9.93	10.07	9.81	9.96	3561268	36048720.00
20130130	9.93	10.04	9.78	9.97	3213763	32460448.00
20130131	9.93	10.39	9.84	10.32	8476934	88147224.00
20130201	10.31	10.49	10.14	10.48	6367511	66997568.00
20130204	10.48	10.66	10.20	10.45	5056097	53576440.00
20130205	10.33	10.69	10.31	10.65	5205058	55871888.00
20130206	10.66	10.89	10.56	10.86	4658417	50959456.00
20130207	10.91	10.91	10.66	10.78	2785389	30431340.00
20130208	10.72	11.13	10.69	11.04	4277215	47670584.00
20130218	11.01	11.14	10.84	10.91	2514612	27934816.00
20130219	10.89	10.89	10.47	10.52	3542893	38186248.00
20130220	10.45	10.74	10.43	10.71	2674009	28790372.00
20130221	10.68	10.70	10.33	10.66	3567671	38171184.00
20130222	10.58	11.27	10.55	11.14	7927042	88962768.00
20130225	11.11	11.11	10.87	10.89	3850985	42875548.00
20130226	10.90	11.26	10.89	10.90	6111722	69049184.00
20130227	10.93	11.02	10.87	10.90	2512263	27878512.00
20130228	10.92	11.12	10.90	11.04	2950423	32875532.00
20130301	11.04	11.27	10.94	11.24	4161433	46982068.00
20130304	11.23	11.49	11.01	11.43	7877003	90418176.00
20130305	11.36	11.51	11.22	11.50	3984877	46119092.00
20130306	11.47	11.87	11.40	11.85	6152514	72848584.00
20130307	11.78	12.29	11.69	12.20	9923809	121265264.00
20130308	12.20	13.36	12.03	12.83	12136421	157032912.00
20130311	12.93	13.31	12.33	12.63	7838913	101113072.00
20130312	12.37	12.59	11.74	11.99	6626283	81070184.00
20130313	11.79	11.98	11.43	11.94	4803290	57026960.00
20130314	11.63	12.22	11.63	12.13	3667448	44749896.00
20130315	12.10	12.10	11.74	11.87	3653894	44055048.00
20130318	11.83	11.99	11.54	11.97	2743483	32815732.00
20130319	11.86	12.04	11.64	11.91	1495757	17989220.00
20130320	11.92	12.12	11.71	11.89	5644044	68094384.00
20130321	11.81	12.95	11.75	12.88	8147706	101972312.00
20130322	12.78	12.93	12.54	12.65	4664464	60012264.00
20130325	12.66	12.93	12.54	12.81	5250056	67662544.00
20130326	12.65	13.23	12.58	12.83	5526534	72528896.00
20130327	12.83	13.19	12.64	12.78	2179081	28310388.00
20130328	12.67	13.12	12.33	12.85	5198105	67249944.00
20130329	12.86	13.28	12.68	12.77	3624995	47613832.00
20130401	12.75	12.75	11.78	11.98	5559642	68805600.00
20130402	11.96	12.12	11.23	11.30	3969198	46664744.00
20130403	11.37	11.63	11.25	11.31	2172432	25189164.00
20130408	11.31	11.67	11.04	11.52	1798191	20840872.00
20130409	11.53	11.71	11.44	11.53	1408559	16505740.00
20130410	11.53	11.53	11.08	11.22	1772826	20225124.00
20130411	11.33	11.33	10.89	10.95	1890239	21180914.00
20130412	10.95	11.09	10.86	10.94	1345289	14988054.00
20130415	10.94	11.04	10.82	10.94	724729	8029420.00
20130416	10.91	10.96	10.58	10.95	925362	10115705.00
20130417	10.97	11.11	10.86	11.11	1498413	16733945.00
20130418	11.03	11.38	10.94	11.14	2288300	25994564.00
20130419	11.23	11.75	11.14	11.72	3747420	43999548.00
20130422	11.64	12.22	11.58	12.06	4671994	56441164.00
20130423	12.04	12.25	11.73	11.74	3675556	44436120.00
20130424	11.73	12.28	11.73	12.08	4233467	51722120.00
20130425	12.01	12.19	11.54	11.58	2916424	35345292.00
20130426	11.58	11.68	10.93	11.07	2704963	30753730.00
20130502	11.08	11.33	10.80	11.12	3337078	37037768.00
20130503	11.11	11.41	11.08	11.15	2804086	32080690.00
20130506	11.25	12.28	11.25	12.28	23375693	288684864.00
20130507	11.93	12.36	11.90	12.32	14111480	173656448.00
20130508	12.16	13.29	12.16	13.26	15358154	199982368.00
20130509	13.14	13.68	12.80	13.48	11426859	152688960.00
20130510	13.31	13.31	12.93	13.16	6382695	84764896.00
20130513	13.14	13.18	12.84	13.10	4844926	63903600.00
20130514	13.08	13.50	12.77	12.96	6604709	87861424.00
20130515	12.92	13.38	12.80	13.32	5989043	78835976.00
20130516	13.23	13.63	12.96	13.57	7900133	106879688.00
20130517	13.55	14.50	13.30	14.31	16291825	228973200.00
20130520	14.07	14.56	13.94	14.36	9731144	140733888.00
20130521	14.24	14.92	14.09	14.72	10170500	149981296.00
20130522	14.62	14.62	14.01	14.08	8956145	128877008.00
20130523	13.94	14.18	13.56	13.76	4736298	66630300.00
20130524	13.66	14.33	13.66	14.14	4097974	58611304.00
20130527	14.01	14.31	13.90	14.22	3740823	53510088.00
20130528	14.22	14.24	13.69	13.81	3675571	51618944.00
20130529	13.80	14.13	13.68	14.12	5254355	73585984.00
20130902	15.55	15.55	15.55	15.55	988027	15492263.00
20130903	17.12	17.12	17.12	17.12	305590	5271428.00
20130904	18.85	18.85	18.85	18.85	1364353	25895420.00
20130905	20.75	20.75	19.77	20.75	28950196	596039872.00
20130906	21.37	22.10	20.72	21.73	31702860	687563840.00
20130909	21.09	21.36	20.57	20.74	26059116	548353600.00
20130910	20.59	21.00	19.86	20.74	25520425	525725024.00
20130911	20.47	20.47	18.69	18.97	21673799	420596256.00
20130912	18.79	19.64	18.78	19.11	15361333	296641088.00
20130913	18.97	19.48	18.17	19.27	13187744	251510752.00
20130916	18.98	20.01	18.38	19.26	17203136	336500448.00
20130917	19.28	19.61	18.90	19.32	11240198	217336096.00
20130918	19.37	19.94	18.67	19.53	14927864	292107680.00
20130923	19.72	20.34	19.14	20.04	16438736	328568480.00
20130924	19.85	21.01	19.69	20.71	20324719	419151232.00
20130925	20.97	22.79	20.77	22.79	33588023	757023936.00
20130926	22.67	24.21	20.87	21.55	31455817	726263616.00
20130927	21.09	23.37	20.72	22.76	22323930	502628352.00
20130930	22.75	25.00	22.37	24.75	24753361	599612032.00
20131008	24.54	25.37	23.17	24.22	19386093	470165248.00
20131009	23.97	24.22	23.25	23.79	15986018	380152224.00
20131010	23.69	23.76	21.68	21.98	20643051	468817984.00
20131011	21.98	22.27	21.21	21.95	13888289	303238976.00
20131014	22.06	22.85	21.66	22.83	14231988	319928256.00
20131015	22.54	23.24	21.71	22.01	12159261	275043136.00
20131016	21.77	21.77	19.80	19.80	13623333	277176160.00
20131017	19.80	20.05	18.88	19.17	8867904	172770000.00
20131018	19.07	19.66	19.07	19.40	5219850	102191504.00
20131209	17.45	17.45	17.45	17.45	1807400	31774092.00
20131210	16.27	16.75	16.27	16.66	22984619	382106432.00
20131211	16.20	16.67	16.20	16.49	10463351	173154640.00
20131212	16.50	17.20	16.43	16.83	13229240	224577728.00
20131213	16.67	16.77	16.35	16.62	7773477	129307488.00
20131216	16.61	16.80	16.36	16.46	6672718	111458448.00
20131217	16.45	16.48	15.38	15.72	9383245	148931632.00
20131218	15.60	15.97	15.27	15.62	6181941	97511736.00
20131219	15.66	16.07	15.47	15.52	6524350	103799368.00
20131220	15.47	15.77	15.08	15.31	6107862	94557256.00
20131223	15.27	15.40	14.37	14.87	5790839	86496808.00
20131224	14.85	15.15	14.77	14.90	4473853	67449832.00
20131225	14.91	15.34	14.79	15.28	6530956	99821328.00
20131226	15.18	15.27	14.77	14.96	6448354	97306760.00
20131227	15.17	15.47	14.99	15.38	8011945	123670912.00
20131230	15.29	15.77	15.22	15.59	7568278	118476120.00
20131231	15.45	15.75	14.99	15.39	5194193	80554408.00
20140102	15.42	15.75	15.05	15.60	5731637	89623568.00
20140103	15.53	16.17	14.88	16.09	11469166	181420256.00
20140106	15.95	16.01	15.41	15.52	8309881	131251496.00
20140107	15.42	15.42	14.97	15.20	5635825	86169760.00
20140108	15.57	15.92	15.32	15.68	8939018	140967264.00
20140109	15.23	16.23	15.23	15.82	13326058	214051664.00
20140110	15.09	15.71	14.87	14.99	7627691	117296416.00
20140113	14.99	15.27	14.30	14.49	7218105	106612936.00
20140114	14.55	14.76	14.42	14.75	5290981	77801104.00
20140115	14.61	14.95	14.52	14.90	5968848	89034608.00
20140116	14.62	15.24	14.55	14.97	6289767	95338200.00
20140117	14.91	15.82	14.72	15.51	10223285	158991680.00
20140120	15.02	16.46	15.02	16.18	14952856	241160432.00
20140121	15.89	17.21	15.88	17.14	17568419	294913120.00
20140122	17.02	17.46	16.72	17.13	15643174	269618112.00
20140123	17.13	17.64	17.02	17.04	15358147	267776432.00
20140124	17.12	17.50	16.98	17.28	11370718	197204544.00
20140127	17.17	17.66	16.68	17.14	12124738	209721632.00
20140128	17.32	17.32	16.57	16.64	7728406	131158592.00
20140129	16.58	16.95	16.52	16.83	6323020	106967072.00
20140130	16.67	17.82	16.65	17.48	12853589	225885008.00
20140207	17.26	18.75	17.11	18.54	14996880	272233408.00
20140210	18.47	18.70	18.06	18.58	14210159	262572000.00
20140211	18.49	18.50	17.63	17.89	11342007	206106560.00
20140212	17.97	18.01	17.27	17.79	9816746	173738288.00
20140213	17.66	18.11	17.27	17.54	8619253	153274352.00
20140214	17.42	18.01	17.37	17.72	7795765	139463616.00
20140217	17.77	18.15	17.68	17.96	8134028	146713072.00
20140218	18.01	18.27	17.59	18.09	11275978	204204608.00
20140219	17.97	18.02	17.40	17.49	8549334	151609040.00
20140220	17.49	17.55	16.42	16.46	9598572	162581376.00
20140221	16.42	16.73	16.34	16.57	4758050	79306336.00
20140224	16.45	16.86	16.38	16.78	5269407	88581848.00
20140225	16.80	17.22	15.82	15.97	7886726	133353064.00
20140226	15.65	15.87	14.88	15.38	6468018	99365624.00
20140227	15.37	15.54	14.77	14.85	5631978	86254368.00
20140228	14.67	15.10	14.48	15.05	4354227	64725284.00
20140303	15.09	15.72	14.96	15.72	5085302	78666584.00
20140304	15.63	15.94	15.37	15.89	5094557	80918504.00
20140305	15.86	15.93	15.72	15.80	3283639	52402204.00
20140306	15.75	15.92	15.32	15.78	3738806	58975420.00
20140307	16.20	16.84	16.17	16.33	7160607	118998224.00
20140310	15.93	15.97	15.15	15.20	4529566	70838992.00
20140311	14.98	15.62	14.98	15.38	2412275	37200408.00
20140312	15.39	15.72	15.07	15.24	2039836	31616252.00
20140313	15.24	15.42	15.13	15.33	1849136	28513528.00
20140314	15.20	15.72	15.12	15.70	2930390	45567296.00
20140317	15.75	16.84	15.62	16.69	7479146	123846904.00
20140318	16.69	17.15	16.50	16.67	7053619	119271080.00
20140319	16.66	16.66	16.28	16.61	3923116	65021804.00
20140320	16.49	16.75	15.47	15.50	4235778	69311920.00
20140321	15.45	16.07	15.30	16.01	3512450	55367920.00
20140324	15.92	16.19	15.71	16.01	2859916	45943864.00
20140325	16.00	16.83	15.98	16.67	6158754	102830792.00
20140326	16.73	16.78	16.40	16.46	3964443	66162064.00
20140327	16.43	16.75	16.30	16.43	5048386	84186248.00
20140328	16.36	16.63	15.53	15.71	4870427	78464320.00
20140331	15.67	15.84	15.13	15.25	3330428	51515524.00
20140401	15.37	15.72	15.24	15.67	2247282	35223912.00
20140402	15.69	15.86	15.37	15.44	2330385	36523560.00
20140403	15.38	15.72	15.38	15.63	1705017	26798940.00
20140404	15.57	15.77	15.46	15.68	2457524	38696212.00
20140408	15.50	15.78	15.49	15.67	2793422	44091368.00
20140409	15.90	16.72	15.90	16.45	7603406	125760064.00
20140410	16.38	16.52	16.11	16.31	5066418	83186088.00
20140411	16.27	16.97	16.15	16.85	9509946	160127120.00
20140414	16.84	17.00	16.62	16.93	4818970	81737216.00
20140415	16.87	16.91	16.45	16.54	4722926	79087200.00
20140416	16.47	16.62	16.19	16.40	3361101	55522540.00
20140417	16.53	16.85	16.52	16.57	4256464	71715224.00
20140418	16.42	16.77	16.21	16.74	3225933	53631224.00
20140421	16.37	16.57	15.23	15.27	12268597	195955968.00
20140422	15.20	15.37	14.78	15.06	5649755	85803976.00
20140423	15.07	15.25	15.02	15.15	2396438	36550728.00
20140424	15.13	15.14	14.94	14.96	2576190	39015488.00
20140425	14.90	14.96	14.34	14.41	3502260	51721592.00
20140428	14.37	14.45	13.82	13.84	3144559	44404536.00
20140429	13.84	14.13	13.84	14.12	1750446	24798288.00
20140430	14.19	14.47	14.06	14.36	2136503	30779500.00
20140505	14.25	14.47	14.14	14.46	1885520	27151940.00
20140506	14.50	14.62	14.38	14.48	1915670	28035960.00
20140507	14.38	14.39	13.98	14.00	2059685	29420972.00
20140508	13.99	14.31	13.89	14.11	1450135	20689152.00
20140509	14.07	14.17	13.72	13.81	1785113	25054482.00
20140512	13.90	14.25	13.90	14.21	1970647	28091936.00
20140513	14.18	14.43	14.16	14.26	2147782	30939504.00
20140514	14.25	14.39	14.19	14.21	1280458	18437382.00
20140515	14.16	14.26	13.85	13.87	2009521	28380432.00
20140516	13.87	13.89	13.62	13.89	1861234	25843298.00
20140519	13.90	14.04	13.78	14.00	1360415	19137278.00
20140520	14.02	14.34	14.02	14.11	2160731	30899796.00
20140521	14.10	14.22	13.82	14.18	1290900	18291736.00
20140522	14.11	14.37	14.10	14.16	2276300	32763092.00
20140523	14.13	14.35	14.09	14.32	2117442	30446544.00
20140526	14.35	14.62	14.27	14.53	4061195	59283872.00
20140527	14.55	14.56	14.27	14.29	2313625	33572052.00
20140528	14.29	14.53	14.24	14.50	3316015	48209296.00
20140529	14.56	14.57	14.15	14.16	2423665	35012516.00
20140530	14.17	14.23	13.88	14.13	2732920	38780732.00
20140603	14.12	14.40	13.98	14.19	2420853	34755364.00
20140604	14.19	14.45	14.04	14.31	2204120	31602648.00
20140605	14.32	14.83	14.23	14.78	6402603	94324376.00
20140606	14.70	14.74	14.38	14.60	4032602	59189796.00
20140609	14.47	14.69	14.37	14.55	2711117	39728632.00
20140610	14.50	14.97	14.39	14.83	5053400	75022928.00
20140611	14.97	15.05	14.73	14.85	3621934	54267576.00
20140612	14.82	14.92	14.58	14.69	3613752	53647364.00
20140613	14.70	14.93	14.63	14.81	3260595	48679724.00
20140616	14.78	15.07	14.74	15.01	4341013	65346176.00
20140617	14.97	14.97	14.55	14.57	3398068	50498880.00
20140618	14.58	14.62	14.17	14.20	3132402	45450512.00
20140619	14.19	14.33	13.60	13.74	3059121	43178292.00
20140620	13.83	13.95	13.73	13.93	1828534	25573818.00
20140623	14.04	14.21	13.92	13.98	1622198	22870740.00
20140624	13.94	14.20	13.91	14.19	1724882	24474506.00
20140625	14.10	14.19	14.03	14.14	1366447	19353684.00
20140626	14.14	14.39	14.07	14.31	2199158	31513992.00
20140627	14.34	14.41	14.22	14.32	2197185	31609584.00
20140630	14.31	14.58	14.26	14.45	2295996	33317584.00
20140701	14.43	14.51	14.33	14.43	1974961	28597912.00
20140702	14.42	14.51	14.35	14.48	2350579	34083304.00
20140703	14.48	14.58	14.36	14.55	2809443	40797656.00
20140704	14.57	14.68	14.40	14.61	3707009	54143320.00
20140707	14.61	14.61	14.31	14.35	2559380	37013248.00
20140708	14.36	14.63	14.10	14.60	3664467	53106712.00
20140709	14.53	14.68	14.21	14.35	2958567	43017840.00
20140710	14.35	14.51	14.24	14.40	2211769	31894132.00
20140711	14.34	14.81	14.29	14.61	4057806	59664952.00
20140714	14.53	14.78	14.49	14.75	4478304	65930384.00
20140715	14.76	14.80	14.49	14.58	3309985	48526296.00
20140716	14.53	14.66	14.31	14.42	2618151	38061200.00
20140717	14.43	14.46	14.11	14.18	2390661	34194112.00
20140718	14.19	14.32	14.14	14.26	1359654	19463324.00
20140721	14.23	14.30	14.05	14.13	1599494	22738690.00
20140722	14.14	14.37	14.06	14.25	2100479	29995710.00
20140723	14.26	14.32	14.04	14.06	2348867	33394382.00
20140724	14.08	14.16	13.85	13.95	2500444	35086408.00
20140725	13.98	14.33	13.94	14.30	3020084	43016888.00
20140728	14.33	14.71	14.29	14.66	5561395	81467776.00
20140729	14.67	14.72	14.55	14.64	3426548	50347184.00
20140730	14.64	14.70	14.49	14.62	3075759	45117488.00
20140731	14.56	16.09	14.56	16.09	16987786	268088224.00
20140801	16.08	16.98	15.92	16.21	26375825	433351840.00
20140804	16.19	16.22	15.73	16.21	10132230	162840736.00
20140805	16.02	16.92	16.02	16.68	14540219	242257408.00
20140806	16.63	16.63	16.07	16.29	9321354	152327456.00
20140807	16.36	16.37	15.98	16.02	7231753	117172680.00
20140808	16.01	16.31	15.90	16.18	5622108	91054480.00
20140811	16.31	16.41	16.08	16.38	6609686	107790656.00
20140812	16.33	16.33	16.08	16.22	5774254	93802736.00
20140813	16.22	16.25	15.68	16.03	6102947	97767280.00
20140814	15.77	15.90	15.54	15.77	5670954	89672576.00
20140815	15.77	16.03	15.72	15.89	4989003	79748376.00
20140818	15.89	16.52	15.88	16.37	9859328	161361536.00
20140819	17.64	18.01	16.98	17.10	24062825	421316160.00
20140820	17.12	17.12	16.53	16.65	12741652	213670384.00
20140821	16.63	18.32	16.57	18.31	24644487	432741120.00
20140822	17.93	18.63	17.55	17.63	20881986	377760864.00
20140825	17.81	19.40	17.55	19.40	25225579	486782112.00
20140826	19.08	19.08	18.08	18.52	23962716	448534016.00
20140827	18.34	18.71	17.89	18.16	14352584	262030928.00
20140828	18.16	19.98	18.15	18.88	32814689	633934720.00
20140829	18.83	20.40	18.26	19.50	25236092	488476896.00
20140901	19.41	20.12	18.94	19.42	20533157	404728960.00
20140902	19.29	19.82	19.09	19.67	18603757	364456224.00
20140903	19.71	21.25	19.49	20.49	25333257	520005088.00
20140904	20.18	20.49	19.81	20.23	18015809	363394560.00
20140905	20.13	20.48	19.53	19.87	14048917	280300992.00
20140909	20.23	20.83	19.74	20.34	14493789	295852224.00
20140910	20.10	20.17	19.68	19.99	10357255	207399856.00
20140911	19.99	21.08	19.93	20.15	16441246	336036352.00
20140912	19.94	20.08	19.63	19.81	9665089	191956624.00
20140915	19.73	19.97	19.51	19.74	9154693	181569920.00
20140916	19.76	19.78	18.53	18.74	11659759	224158384.00
20140917	18.68	19.05	18.44	18.80	5816922	109553480.00
20140918	18.79	18.79	18.50	18.70	3090839	57828408.00
20140919	18.68	19.14	18.68	19.03	4667932	88908664.00
20140922	18.94	19.03	18.50	18.94	4417023	83107400.00
20140923	18.94	19.71	18.83	19.47	7349632	142626336.00
20140924	19.27	19.78	19.24	19.64	6322501	124284392.00
20140925	19.74	20.93	19.65	20.29	14927711	303876608.00
20140926	20.44	20.88	20.01	20.22	10195530	209045168.00
20140929	20.13	20.37	19.84	20.08	8287570	166885248.00
20140930	20.09	20.64	20.08	20.20	7396805	150630480.00
20141008	20.20	20.20	19.73	20.03	5342827	106873024.00
20141009	20.10	20.73	20.01	20.63	12564757	257347744.00
20141010	20.62	20.63	19.95	20.05	8667475	175398912.00
20141013	19.93	19.96	19.45	19.72	5518942	109023048.00
20141014	19.68	19.92	19.26	19.30	4955438	97394744.00
20141015	19.25	19.79	19.23	19.68	5275811	103369360.00
20141016	19.51	20.56	19.44	20.11	13684646	277886560.00
20141017	19.93	21.15	19.79	20.55	21589791	447704192.00
20141020	20.83	21.59	20.53	20.91	17225424	364718688.00
20141021	20.98	22.75	20.53	22.22	25399799	552648064.00
20141022	21.95	22.46	21.53	21.92	16242403	356616192.00
20141023	21.71	22.29	20.73	20.84	16106173	348415776.00
20141024	21.00	22.93	20.76	22.79	31335715	710252480.00
20141027	22.31	22.82	21.91	22.80	16969266	380582464.00
20141028	22.64	23.18	22.16	23.00	17625053	401087264.00
20141029	23.31	23.49	22.71	23.13	18006847	417058816.00
20141030	22.93	23.02	22.33	22.45	13523445	306499168.00
20141031	22.42	22.91	22.09	22.23	10216438	230036384.00
20141103	22.20	22.67	21.66	22.48	10103204	224729664.00
20141104	22.33	22.86	21.45	21.88	11583016	257634336.00
20141105	21.59	22.13	21.55	21.68	5184882	113330848.00
20141106	21.61	22.18	21.49	22.11	5548648	121906648.00
20141107	22.13	22.24	21.58	21.61	8146947	177999824.00
20141110	21.50	21.83	21.18	21.66	6426423	138815792.00
20141111	21.57	21.57	20.42	20.44	9313669	195135568.00
20141112	20.41	20.79	20.23	20.78	4804796	98998304.00
20141113	20.60	20.83	19.31	19.54	9563426	190686272.00
20141114	19.56	19.98	19.47	19.58	4713793	93241128.00
20141117	19.83	20.79	19.53	20.37	8434595	171694448.00
20141118	20.33	20.78	20.23	20.55	5463249	112767824.00
20141119	20.80	21.45	20.80	21.12	8908918	188948416.00
20141120	21.03	21.03	20.44	20.75	5364688	111624176.00
20141121	20.90	22.48	20.79	22.14	14096728	306567648.00
20141124	22.53	22.53	21.49	21.99	11940237	261463904.00
20141125	21.80	21.93	21.54	21.83	8285651	180409840.00
20141126	21.76	21.81	20.83	21.09	12811454	272063008.00
20141127	21.16	21.29	20.78	20.99	7451165	156985824.00
20141128	20.94	21.02	20.49	20.64	8214742	170609728.00
20141201	20.63	20.72	20.15	20.41	5852171	119410440.00
20141202	20.50	20.69	20.38	20.62	5342912	110521896.00
20141203	20.91	21.71	20.71	21.69	14007935	298267232.00
20141204	21.68	21.90	21.35	21.59	10623292	230120800.00
20141205	21.59	21.61	19.78	20.23	14194770	292374336.00
20141208	20.03	21.00	19.73	20.28	8007364	163289072.00
20141209	19.93	21.28	19.88	20.26	16935981	353229920.00
20141210	20.29	21.61	20.15	21.37	17307291	367174304.00
20141211	21.43	21.68	20.63	21.09	10744933	227559584.00
20141212	20.96	21.32	20.75	21.06	7398643	156247648.00
20141215	20.81	21.03	20.45	20.89	6355903	132297456.00
20141216	20.87	21.12	20.63	20.70	8249035	172591504.00
20141217	20.73	20.88	19.99	20.56	8117804	165936560.00
20141218	20.41	20.69	20.24	20.29	5417453	111432144.00
20141219	20.63	20.71	19.84	20.26	5525630	112368464.00
20141222	20.28	20.48	19.44	19.66	6084398	121585336.00
20141223	19.66	20.01	18.85	19.06	5352401	104382520.00
20141224	19.18	19.40	19.01	19.24	3798751	73031672.00
20141225	19.28	19.32	18.93	19.26	3675063	70718656.00
20141226	19.27	19.62	19.00	19.41	6160238	119102664.00
20141229	19.38	19.61	18.99	19.09	5271594	101583768.00
20141230	19.18	19.21	17.58	17.83	8750383	160178208.00
20141231	17.98	18.01	17.11	17.62	6454127	112686064.00
20150105	17.64	17.89	17.18	17.73	5383604	94786136.00
20150106	17.73	18.43	17.42	18.32	7845992	141581040.00
20150107	18.32	18.60	18.05	18.16	4685330	85852384.00
20150108	18.18	18.32	17.74	17.92	3416366	61823864.00
20150109	17.89	18.30	17.66	17.71	4244623	76864512.00
20150112	17.66	17.82	17.26	17.79	3681677	64488600.00
20150113	17.78	19.48	17.67	19.00	13032233	245412096.00
20150114	18.63	19.05	18.60	18.66	5126699	96484816.00
20150115	18.63	18.89	18.41	18.70	4051400	75884664.00
20150116	18.68	19.38	18.51	18.93	5385800	102507288.00
20150119	18.66	19.33	17.93	18.27	7528518	142019328.00
20150120	18.35	19.58	18.35	19.54	9509834	182137424.00
20150121	19.56	19.93	19.31	19.73	8282592	163504544.00
20150122	19.73	20.06	19.56	19.93	7046100	140212528.00
20150123	19.91	19.93	19.33	19.47	4833521	94966224.00
20150126	19.33	20.01	19.29	19.95	7218777	143511200.00
20150127	19.93	20.13	19.50	19.75	5689561	113208304.00
20150128	19.70	20.59	19.62	20.04	8267310	167566112.00
20150129	19.64	19.83	19.12	19.26	5473689	106963856.00
20150130	19.33	19.72	19.29	19.54	4598228	90202808.00
20150202	19.34	19.53	19.08	19.21	1902214	36767844.00
20150203	19.25	19.74	19.25	19.58	2477844	48661032.00
20150204	19.66	20.03	19.48	19.60	3427769	68103120.00
20150205	19.71	20.57	19.68	20.01	9237150	187207168.00
20150206	20.11	20.77	19.93	20.61	11556757	237436960.00
20150209	20.63	20.81	19.90	20.25	8323044	169652032.00
20150210	20.12	20.12	19.66	20.09	4829468	96576672.00
20150211	20.16	20.58	19.95	20.03	3907315	79226080.00
20150212	19.98	20.91	19.94	20.73	8175442	168615648.00
20150213	20.68	21.18	20.46	20.93	10612091	221429376.00
20150216	21.05	22.43	20.91	22.11	15552166	339758560.00
20150217	21.94	22.07	21.38	21.48	9221700	199987216.00
20150225	21.48	21.48	20.83	20.92	5658342	119339928.00
20150226	20.92	21.17	20.83	21.08	5051873	106498304.00
20150227	21.08	21.61	20.93	21.34	6700053	143087472.00
20150302	21.29	21.47	21.03	21.41	5829112	124235768.00
20150303	21.45	21.71	20.71	20.72	7808726	166894592.00
20150304	20.52	21.42	20.51	21.37	7942579	168441744.00
20150305	21.36	21.61	20.92	21.08	5553402	118000384.00
20150306	20.96	21.05	20.33	20.44	4941875	102358000.00
20150309	20.29	20.64	20.03	20.57	3384927	69347376.00
20150310	20.90	21.67	20.79	21.15	9302899	199097248.00
20150311	21.15	21.48	20.59	21.45	9082560	191981472.00
20150312	21.35	21.78	21.15	21.38	7474534	161037488.00
20150313	21.43	21.68	21.11	21.43	6162576	132062024.00
20150316	21.47	22.13	21.45	21.98	11839435	259190624.00
20150317	21.92	22.30	21.67	22.08	10724727	236915680.00
20150318	22.04	22.60	21.97	22.39	9666419	216367072.00
20150319	22.28	22.60	21.80	22.18	10063590	223629280.00
20150320	22.23	22.71	22.11	22.43	9112773	204931888.00
20150323	22.37	22.86	22.12	22.85	12473712	282045152.00
20150324	22.81	23.14	21.85	22.62	12023751	272563168.00
20150325	22.70	24.58	22.29	23.53	19441380	456433984.00
20150326	23.33	23.73	22.76	23.00	9481506	220865024.00
20150327	22.97	23.40	22.73	22.84	6677618	154057680.00
20150330	22.86	24.06	22.81	23.82	12574132	298693728.00
20150331	23.85	24.92	23.59	24.23	12025371	293879904.00
20150401	24.11	25.29	23.83	25.09	10111111	249848704.00
20150402	25.13	25.25	24.40	24.85	9786234	243042144.00
20150403	24.53	25.81	24.53	25.67	10758748	272304192.00
20150407	25.75	26.75	25.31	26.02	10451058	271595264.00
20150408	26.09	28.63	25.75	28.63	21956919	609465984.00
20150409	28.33	28.53	26.95	27.86	13252256	368702016.00
20150410	27.73	28.93	27.58	28.15	9150582	259675008.00
20150413	27.93	27.98	27.19	27.78	9453238	261529392.00
20150414	27.81	27.92	26.63	26.97	9895449	269535872.00
20150415	26.99	27.43	25.18	25.53	10087032	265503888.00
20150416	25.08	26.53	24.98	26.46	7346191	190438544.00
20150417	26.33	26.89	25.82	25.96	9656805	252611584.00
20150420	25.73	26.58	25.35	25.71	8341051	216440768.00
20150421	25.64	26.84	25.64	26.82	7603916	202558080.00
20150422	26.97	28.46	26.58	27.93	11396075	316418880.00
20150423	27.93	28.92	27.53	27.73	9262339	260878912.00
20150424	27.03	28.02	27.01	27.70	6055915	166636880.00
20150427	28.03	30.48	27.78	29.69	16280707	478730528.00
20150428	29.61	29.61	27.13	27.75	9841496	280958176.00
20150429	28.78	30.53	28.78	30.53	8281639	250015488.00
20150430	31.93	33.59	31.73	32.62	19501271	646697408.00
20150504	32.66	34.33	31.96	33.52	12572025	420315232.00
20150505	32.71	33.41	31.44	31.77	8819208	284529184.00
20150506	31.91	33.18	31.28	31.51	9137458	294638112.00
20150507	31.51	33.24	30.71	32.00	7600928	243584416.00
20150508	32.15	33.93	31.83	33.93	11548232	384060352.00
20150511	34.38	34.83	32.83	34.79	12797403	432550400.00
20150512	34.78	35.50	33.78	34.67	9710113	337002848.00
20150513	34.22	37.44	33.82	37.15	11679609	420444288.00
20150514	36.93	38.73	36.13	36.86	8451405	315924800.00
20150515	36.53	37.13	35.11	35.33	6474542	232488240.00
20150518	35.56	37.19	35.34	36.56	6209147	226287168.00
20150519	36.53	37.63	36.27	37.43	5156259	190151504.00
20150520	37.66	39.54	37.64	38.08	5750762	223265168.00
20150521	37.46	41.08	37.43	40.63	8720712	341628768.00
20150522	40.33	41.70	39.58	40.49	7106367	287955072.00
20150525	39.43	41.43	39.34	40.91	5341094	216648368.00
20150526	40.84	44.93	40.58	44.29	8383528	359838880.00
20150527	43.93	48.73	43.44	48.73	7298441	344210944.00
20150528	49.05	50.59	43.85	43.85	10666049	504662944.00
20150529	43.17	45.21	40.94	43.87	8598969	375030208.00
20150601	43.73	47.73	43.73	47.66	7172484	335140608.00
20150602	48.53	50.88	47.81	50.82	6851959	342626112.00
20150603	50.82	53.34	46.93	50.89	6987575	348762368.00
20150604	49.98	50.85	45.83	48.82	6967544	332864704.00
20150605	49.83	49.83	46.38	47.87	6928615	331281088.00
20150608	47.06	49.41	45.93	46.42	5953234	280741856.00
20150609	46.41	47.43	43.43	47.06	6068221	272915936.00
20150610	46.94	48.90	44.95	47.69	6385954	303053344.00
20150611	47.18	47.78	46.01	46.72	3878461	181923760.00
20150612	46.72	48.43	46.37	47.51	5989728	286387136.00
20150615	47.11	47.43	45.01	45.68	4822770	221945824.00
20150616	45.48	45.56	41.44	44.04	4709564	202531584.00
20150617	43.48	44.58	41.97	43.87	3586360	154777792.00
20150618	43.93	44.16	41.78	41.97	3191372	136810528.00
20150619	39.78	40.97	37.77	37.77	4841838	187841120.00
20150623	37.16	39.48	33.99	39.37	7863170	286504864.00
20150624	38.98	39.48	36.46	38.21	8719225	330791904.00
20150625	38.32	38.33	34.48	35.22	4941237	181694160.00
20150626	33.09	33.88	31.70	31.70	5838973	187998560.00
20150629	31.77	31.86	28.53	29.89	8397542	246850032.00
20150630	29.48	32.44	26.90	32.25	9793474	290471136.00
20150701	31.46	33.37	29.02	29.76	7578823	238214416.00
20150702	28.98	28.98	26.78	26.78	5990622	165922016.00
20150703	25.01	27.18	24.10	24.10	7353093	182761520.00
20150706	25.98	26.38	21.69	21.69	13177319	300069184.00
20150707	20.68	20.68	19.52	19.52	6355057	126492416.00
20150708	17.57	19.33	17.57	17.57	35990360	648618944.00
20150709	16.53	19.33	16.53	19.33	9351192	175738736.00
20150710	20.76	21.27	20.59	21.27	2941048	61837592.00
20150713	23.40	23.40	21.99	23.40	7975495	186233088.00
20150714	24.11	25.74	23.73	25.74	20087432	508162976.00
20150715	24.58	25.28	23.16	23.16	9059800	216458384.00
20150716	23.16	24.82	20.85	24.21	10635478	247960496.00
20150717	24.21	26.60	24.21	26.42	8537964	219310336.00
20150720	26.38	27.82	25.48	26.74	11078850	296312832.00
20150721	25.48	28.66	24.98	28.24	11970726	329922496.00
20150722	27.98	28.93	26.53	28.38	9457609	263102240.00
20150723	28.33	29.96	27.70	29.40	9465945	273993280.00
20150724	29.78	29.78	27.08	27.85	9484253	273894496.00
20150727	26.51	28.96	25.06	25.06	9767458	264843568.00
20150728	24.51	26.08	22.73	24.06	7548314	183619296.00
20150729	24.64	26.38	23.48	26.23	6382716	157336128.00
20150730	26.30	27.28	25.50	25.94	6792239	180036272.00
20150731	25.42	26.54	25.42	25.68	5502349	142807984.00
20150803	25.78	26.25	23.11	23.11	5580893	135918688.00
20150804	23.15	25.10	23.06	25.05	5917443	142132928.00
20150805	24.59	25.78	24.06	24.25	5695966	142844096.00
20150806	23.92	24.86	23.48	24.35	3317158	80684672.00
20150807	24.53	26.79	24.53	26.79	7048890	182740784.00
20150810	27.76	29.47	27.23	28.88	12420329	352832416.00
20150811	28.58	30.49	28.28	29.77	11470729	334863680.00
20150812	28.78	30.06	28.38	28.48	5712343	166298736.00
20150813	28.28	29.98	27.98	29.94	6199654	180170368.00
20150814	30.43	30.96	29.34	29.56	6978262	211470128.00
20150817	29.03	31.68	28.10	31.17	7887463	234807056.00
20150818	30.88	32.68	28.05	28.05	9778721	296581248.00
20150819	26.93	30.26	26.18	30.15	7053852	198965920.00
20150820	29.71	31.48	29.20	29.28	7879690	240236912.00
20150821	28.48	29.25	26.48	26.55	5903160	164598816.00
20150824	24.43	25.38	23.89	23.89	3146264	75987576.00
20150825	21.50	21.98	21.50	21.50	4387169	94611696.00
20150826	20.49	22.59	19.35	19.35	6911946	141565024.00
20150827	20.49	20.93	18.53	20.36	5075615	100986824.00
20150828	20.79	22.40	20.18	22.40	6875258	145188624.00
20150831	21.98	24.13	21.69	22.53	8640351	199292896.00
20150901	22.53	23.55	20.78	22.63	11215469	254055744.00
20150902	20.68	22.86	20.37	20.37	10007073	208533568.00
20150907	20.81	21.85	18.86	19.18	11448177	232076992.00
20150908	18.19	20.23	18.03	20.13	6442226	122349544.00
20150909	19.98	21.26	19.58	20.19	18375755	373656672.00
20150910	19.99	21.40	19.84	20.67	12886081	265584672.00
20150911	20.18	20.96	19.98	20.64	8539278	175276000.00
20150914	21.08	21.20	18.57	18.57	8991607	176017776.00
20150915	17.33	17.77	16.71	16.71	8627972	146743696.00
20150916	17.03	18.38	16.66	18.38	7853242	137684480.00
20150917	18.08	19.00	17.54	17.58	9353650	172203632.00
20150918	17.76	18.37	17.56	18.07	5209656	93793392.00
20150921	17.68	19.21	17.49	19.17	7175185	133592688.00
20150922	19.28	20.18	19.24	19.63	8262402	162816112.00
20150923	19.42	19.91	18.88	19.27	6621337	128426384.00
20150924	19.19	20.19	19.19	19.89	6419848	127255048.00
20150925	19.92	20.19	18.19	18.49	6222262	119165760.00
20150928	18.63	19.48	18.18	19.45	5038304	95569840.00
20150929	18.93	19.24	18.48	18.81	3214595	60719508.00
20150930	18.97	19.26	18.49	18.96	3849540	73372776.00
20151008	19.79	20.18	19.58	20.14	5499548	109881640.00
20151009	19.94	20.78	19.81	20.56	6084475	124182824.00
20151012	20.68	22.14	20.68	21.47	8950092	193425728.00
20151013	21.37	22.58	21.18	22.12	5836848	128715880.00
20151014	21.88	22.92	21.48	22.16	8050955	178446480.00
20151015	21.98	23.26	21.80	23.13	10266930	233524368.00
20151016	23.13	24.04	22.78	23.91	8378550	196763120.00
20151019	24.16	24.34	23.03	23.42	8741529	205687696.00
20151020	23.42	23.80	22.86	23.63	10935746	254719200.00
20151021	23.56	24.42	21.29	21.42	11501949	265262064.00
20151022	21.29	22.87	21.29	22.70	7026121	155697056.00
20151023	22.98	23.75	22.64	23.33	12218865	284156192.00
20151026	23.56	25.45	22.84	25.33	14651602	348609824.00
20151027	24.35	25.33	23.63	24.91	13117897	322028480.00
20151028	24.68	25.33	24.00	24.14	9323742	230942176.00
20151029	24.33	24.78	23.96	24.30	5585037	136360336.00
20151030	24.37	24.73	23.61	24.04	5867110	142849264.00
20151102	23.78	24.67	23.41	23.69	7744170	186177616.00
20151103	23.68	24.86	23.63	24.79	7759228	188129824.00
20151104	24.98	26.51	24.68	26.11	11227153	287424000.00
20151105	25.86	26.26	25.10	26.01	10677291	274410560.00
20151106	26.07	26.84	25.95	26.40	11274845	296667712.00
20151109	26.10	27.38	25.58	26.68	12684386	336124832.00
20151110	26.35	27.80	26.18	26.96	10717283	289805760.00
20151111	26.79	27.80	26.47	27.78	10529814	285835296.00
20151112	27.76	29.97	27.30	29.09	13677218	391724384.00
20151113	28.63	29.26	27.46	27.58	9219413	260317392.00
20151116	26.58	28.11	26.48	28.09	6943408	191929808.00
20151117	28.48	28.85	27.18	27.33	8457575	238673328.00
20151118	27.65	28.06	25.86	26.25	6114933	165155472.00
20151119	26.46	27.48	26.28	26.98	5871670	157834496.00
20151120	27.21	28.73	27.01	27.97	9518584	265461040.00
20151123	27.97	28.76	27.43	27.68	7122770	200430240.00
20151124	27.57	28.16	26.89	28.04	4692420	128941456.00
20151125	27.93	29.48	27.84	29.23	9732355	278677472.00
20151126	28.88	29.94	28.48	29.20	11195918	324922720.00
20151127	29.27	29.55	26.36	26.98	8205867	232869056.00
20151130	26.98	27.47	25.48	26.71	6135080	164021136.00
20151201	26.88	28.26	26.88	27.49	6904999	190941968.00
20151202	26.98	27.46	24.98	26.12	6853710	178702784.00
20151203	25.99	26.70	25.89	26.64	4184590	110670832.00
20151204	26.58	27.15	26.24	26.37	4350041	116215680.00
20151207	26.78	29.01	26.70	29.01	6315988	177513664.00
20151208	29.76	30.78	29.08	29.89	18969910	566185216.00
20151209	29.43	32.83	29.08	31.67	16133646	502452928.00
20151210	31.00	32.62	30.48	30.49	11720690	367694944.00
20151211	30.03	30.43	29.09	29.51	7176284	212625408.00
20151214	29.51	30.37	28.69	30.30	7927781	233979552.00
20151215	30.10	30.78	29.09	30.05	8431801	254721184.00
20151216	30.16	31.48	29.58	31.38	8934498	274532576.00
20151217	31.38	32.28	31.13	31.69	10536115	333089856.00
20151218	31.85	31.85	30.47	30.81	7665454	237546784.00
20151221	30.54	31.21	30.20	30.86	5176316	159349920.00
20151222	30.87	31.02	29.98	30.46	4713256	143598240.00
20151223	30.93	33.51	30.80	33.00	17585140	568516800.00
20151224	32.41	32.41	30.90	31.45	9331021	294333824.00
20151225	31.15	32.28	31.08	31.74	5700543	180701856.00
20151228	31.46	31.93	30.01	30.16	7097175	219271520.00
20151229	29.99	30.46	29.87	30.39	3668414	110702272.00
20151230	30.48	31.17	30.34	30.70	3911773	120345704.00
20151231	30.91	30.93	29.92	30.09	3885522	118024488.00
20160104	30.16	30.16	27.08	27.08	4947060	139113184.00
20160105	24.68	26.58	24.37	25.28	7141044	181196656.00
20160106	25.53	26.37	24.78	25.89	5032167	129062176.00
20160107	25.14	25.22	23.30	23.30	1657100	39878684.00
20160108	23.51	24.52	20.98	23.18	6988485	162024816.00
20160111	22.48	22.99	20.86	20.86	4838448	105208072.00
20160112	20.98	21.44	20.28	20.94	4155783	87315488.00
20160113	21.49	21.83	19.98	20.09	4321756	91971144.00
20160114	18.98	21.44	18.60	21.30	6527325	134105216.00
20160115	21.26	21.38	19.78	20.07	4295332	88467600.00
20160118	19.59	21.34	19.03	20.87	3954225	82190480.00
20160119	20.95	21.95	20.69	21.88	5153660	110993048.00
20160120	21.78	22.44	21.36	21.69	5405543	118344488.00
20160121	21.19	22.13	20.47	20.50	4803054	102994624.00
20160122	20.98	21.35	20.33	21.01	3636926	76101616.00
20160125	21.38	21.78	20.98	21.43	3170078	67816816.00
20160126	21.07	21.17	19.29	19.30	4480523	90863760.00
20160127	19.30	19.64	17.58	18.96	4905452	92242704.00
20160128	18.56	19.76	18.26	18.60	4343905	82674496.00
20160129	18.08	19.48	18.05	19.24	4513410	85316064.00
20160201	19.01	19.17	17.78	18.34	3807166	70670256.00
20160202	18.46	19.43	18.35	19.30	4235096	80916208.00
20160203	18.95	19.56	18.66	19.36	4435310	84437648.00
20160204	19.44	20.00	19.44	19.75	4616946	91303920.00
20160205	19.81	20.06	19.47	19.62	3152083	62403616.00
20160215	18.68	19.56	18.58	19.28	3078700	58712724.00
20160216	19.41	20.51	19.41	20.36	4464411	89856432.00
20160217	20.09	21.31	20.09	21.13	5947883	122579560.00
20160218	21.18	22.13	21.13	21.63	8061136	175339200.00
20160219	21.59	21.82	21.10	21.64	4758481	102489400.00
20160222	21.93	22.19	21.66	22.06	6024336	132320600.00
20160223	21.98	22.03	21.35	21.73	3781851	81872376.00
20160224	21.59	23.45	21.49	22.61	9120235	207489104.00
20160225	22.49	23.08	20.35	20.35	7560177	163288640.00
20160226	20.35	20.61	19.10	19.91	5285920	105447464.00
20160229	18.18	19.86	17.97	18.33	5391838	99174864.00
20160301	18.33	18.96	17.79	18.74	4295619	79111456.00
20160302	18.68	19.88	18.56	19.78	4947278	95718272.00
20160303	19.73	20.26	19.64	19.77	4091304	81941096.00
20160304	19.77	19.97	18.25	18.72	3984467	76271248.00
20160307	18.77	19.58	18.77	19.18	2811016	54221072.00
20160308	19.08	19.81	18.23	19.74	4668377	89470448.00
20160309	18.98	19.58	18.85	19.11	2914309	55970720.00
20160310	19.14	19.62	18.79	18.80	2928377	56442976.00
20160311	18.56	19.08	18.38	19.02	2509203	47309000.00
20160314	19.32	20.18	19.26	19.69	5068256	100383360.00
20160315	19.60	20.05	19.58	19.78	3520186	69849104.00
20160316	20.04	20.16	19.28	19.46	2601197	51142748.00
20160317	19.53	20.32	19.36	20.31	4835444	96614736.00
20160318	20.28	21.28	20.16	21.20	5429856	113542016.00
20160321	21.38	22.08	21.28	21.65	4530231	97970992.00
20160322	21.48	23.26	21.22	22.04	8832852	199257728.00
20160323	21.68	22.15	21.46	22.00	4454141	96987312.00
20160324	21.63	21.91	21.13	21.21	4120523	88941136.00
20160325	21.34	21.83	21.33	21.63	3422349	73943096.00
20160328	21.60	22.13	21.31	21.39	4955336	108219640.00
20160329	21.39	21.46	20.48	20.98	3433925	71673744.00
20160330	21.04	21.83	21.02	21.80	3873451	83559256.00
20160331	21.74	22.43	21.74	22.09	4776023	106258520.00
20160401	22.18	22.18	21.30	21.82	3855146	83470528.00
20160405	21.82	22.67	21.74	22.65	5015042	112783688.00
20160406	22.49	23.26	22.28	22.53	4156464	94484120.00
20160407	22.63	22.78	21.88	22.18	4308940	96072656.00
20160408	21.81	22.12	21.61	22.04	3358365	73458896.00
20160411	22.20	22.96	22.16	22.50	5404718	121658880.00
20160412	22.39	22.56	21.96	22.18	2805972	62386320.00
20160413	22.32	23.02	22.24	22.51	6422330	146135936.00
20160414	22.58	23.15	22.36	23.13	5504330	125664120.00
20160415	23.09	23.32	22.69	22.93	4882494	112117328.00
20160418	22.71	23.17	22.38	23.09	4574785	104984624.00
20160419	23.24	23.27	22.61	22.85	3492825	80098384.00
20160420	22.93	23.17	20.78	21.35	7014376	153182368.00
20160421	21.28	21.49	20.86	20.87	2840288	60217196.00
20160422	20.56	21.24	20.52	21.23	2651382	55324828.00
20160425	21.09	21.16	20.33	20.86	2699032	55830520.00
20160426	20.56	21.10	20.56	21.07	2020470	42214500.00
20160427	21.11	21.24	20.91	21.03	2277163	48039576.00
20160428	21.04	21.22	20.63	21.16	2685318	56344084.00
20160429	20.98	21.69	20.98	21.49	3113945	67086996.00
20160503	21.47	22.68	21.38	22.64	4516220	100513440.00
20160504	22.62	22.88	22.35	22.38	3374344	76101936.00
20160505	22.34	22.88	22.33	22.70	3366286	76398192.00
20160506	22.78	23.45	21.97	22.00	7504062	171895024.00
20160509	21.93	21.93	20.86	21.23	4122299	87774144.00
20160510	21.01	21.46	20.97	21.13	2184861	46345632.00
20160511	21.29	22.23	21.17	22.17	4957081	108419816.00
20160512	21.79	21.79	21.08	21.41	3267331	69942464.00
20160513	21.43	21.88	21.26	21.48	2010371	43303392.00
20160516	21.29	22.08	21.11	22.04	2647447	57013000.00
20160517	21.91	22.58	21.48	22.41	3938321	86795184.00
20160518	22.17	22.95	21.83	22.40	4966974	111165440.00
20160519	22.41	23.65	22.23	23.51	8074804	186610880.00
20160520	23.28	24.28	23.16	23.96	6766978	160838640.00
20160523	23.94	23.94	23.50	23.88	4931570	117041936.00
20160524	23.74	23.82	22.80	23.16	4689708	108936584.00
20160525	23.38	24.45	23.06	24.24	5754821	136418656.00
20160526	23.82	24.53	23.18	24.22	5590213	133533128.00
20160527	24.18	24.53	23.65	23.69	4065754	97825472.00
20160530	23.44	23.53	23.02	23.13	3205054	74541040.00
20160531	23.09	24.41	23.09	24.38	5909366	142014416.00
20160601	24.40	25.16	24.09	24.84	7006670	172094096.00
20160602	24.64	24.84	24.39	24.61	3691961	90738704.00
20160603	24.60	24.98	24.39	24.83	4076245	100838088.00
20160606	24.81	25.45	24.31	24.34	5119534	127264552.00
20160607	24.47	24.53	23.88	24.42	2972631	72015632.00
20160608	24.42	24.55	23.78	23.88	3911989	94501040.00
20160613	23.16	23.66	21.98	22.10	3918068	90536920.00
20160614	22.10	22.28	21.73	22.01	2691379	59365008.00
20160615	21.86	22.85	21.70	22.70	2495255	56190444.00
20160616	22.62	22.82	22.16	22.25	2460575	55444156.00
20160617	22.37	23.30	22.37	23.03	3572879	81688160.00
20160620	22.78	22.98	22.45	22.85	2469428	56157088.00
20160621	22.97	23.52	22.66	22.77	2875766	66714984.00
20160622	22.68	23.02	22.48	23.00	2342654	53421100.00
20160623	22.96	22.97	22.28	22.64	2102067	47675672.00
20160624	22.72	22.78	21.69	22.23	2702474	60234608.00
20160627	21.98	22.93	21.96	22.78	2249765	50925652.00
20160628	22.76	23.31	22.60	23.27	3326983	76469296.00
20160629	23.31	23.55	22.98	23.31	3134097	73036576.00
20160630	23.31	23.85	23.05	23.70	3671333	86229664.00
20160701	23.67	23.75	23.24	23.33	2558378	60030968.00
20160704	23.14	23.80	23.07	23.69	2834448	66842584.00
20160705	23.77	23.90	23.48	23.84	3407421	80851960.00
20160706	23.73	24.18	23.46	23.96	3937200	93550920.00
20160707	23.86	23.96	23.13	23.46	3672000	86525976.00
20160708	23.46	23.86	23.14	23.80	3186600	74884256.00
20160711	23.79	25.13	23.70	24.71	8831100	215800256.00
20160712	24.56	24.94	23.88	24.47	7090700	173091376.00
20160713	24.48	25.48	24.47	24.55	7459100	185711808.00
20160714	24.53	24.89	24.16	24.80	4110900	101133480.00
20160715	24.80	25.13	24.38	24.78	3300200	81669608.00
20160718	24.75	25.04	24.50	24.70	2606100	64630312.00
20160719	24.59	24.95	24.44	24.86	2511100	62040264.00
20160720	24.86	25.58	24.69	25.03	5212100	131863240.00
20160721	25.03	25.18	24.58	24.80	4266700	106353768.00
20160722	24.81	24.83	24.18	24.18	2865200	70114696.00
20160725	24.30	24.47	24.00	24.44	2145800	52088488.00
20160726	24.44	24.66	24.23	24.59	2068000	50579352.00
20160727	24.53	24.68	22.78	22.89	4697846	110681272.00
20160728	22.93	23.16	22.26	22.70	3170198	72001464.00
20160729	22.31	22.73	22.31	22.51	1599382	36068368.00
20160801	22.33	22.79	21.85	22.61	2533993	56369464.00
20160802	22.58	22.83	22.48	22.79	1108766	25153680.00
20160803	22.93	23.22	22.78	22.85	1736137	39907768.00
20160804	22.84	23.16	22.68	23.01	1951230	44820776.00
20160805	23.08	23.08	22.56	22.70	1713531	39001608.00
20160808	22.68	22.95	22.52	22.87	1599103	36446288.00
20160809	22.90	23.16	22.78	23.14	2105100	48414784.00
20160810	23.13	23.27	22.77	22.80	2175000	50018488.00
20160811	22.80	22.83	22.20	22.21	1719904	38629524.00
20160812	22.15	22.48	22.12	22.47	1345778	29986200.00
20160815	22.40	23.17	22.28	23.07	2609725	59723728.00
20160816	23.00	23.22	22.91	22.98	2328619	53661204.00
20160817	23.05	23.34	22.84	23.20	2247290	52075568.00
20160818	23.21	23.29	22.95	23.11	1728587	39977928.00
20160819	23.08	23.61	23.01	23.44	2894960	67677984.00
20160822	23.85	23.99	23.30	23.44	3500400	82607904.00
20160823	23.35	23.55	22.92	23.13	1775400	41161252.00
20160824	23.20	23.50	23.00	23.36	1691100	39378732.00
20160825	23.18	23.20	22.51	22.96	2136700	48888192.00
20160826	23.05	23.33	22.94	23.14	1901100	43983688.00
20160829	23.09	23.43	22.87	23.36	1705700	39712988.00
20160830	23.28	23.58	23.06	23.54	2476936	57778652.00
20160831	23.40	23.50	22.87	23.11	2814837	64901068.00
20160901	23.14	23.15	22.90	22.93	1881286	43325584.00
20160902	22.90	23.97	22.82	23.95	4867791	114380344.00
20160905	23.82	23.96	23.52	23.93	2867206	67888360.00
20160906	23.71	24.19	23.55	23.92	2877684	68568832.00
20160907	23.98	24.38	23.78	23.85	3272604	78890912.00
20160908	23.61	24.35	23.61	24.29	3198900	77091856.00
20160909	24.30	24.30	23.74	23.76	2359385	56713464.00
20160912	23.66	23.66	22.58	22.63	2828787	65070032.00
20160913	22.70	22.86	22.68	22.80	955679	21751316.00
20160914	22.64	22.85	22.50	22.71	823552	18689244.00
20160919	22.70	22.96	22.61	22.89	1162109	26537364.00
20160920	22.90	23.01	22.82	22.93	1129609	25905708.00
20160921	22.98	23.14	22.91	22.98	869675	20024028.00
20160922	23.14	23.26	23.02	23.23	1315838	30474150.00
20160923	23.30	23.99	23.11	23.92	3135891	74216544.00
20160926	26.23	26.28	24.11	24.49	6765497	168172640.00
20160927	24.45	25.26	24.05	25.07	5702006	140879456.00
20160928	24.90	24.92	24.01	24.09	4172752	101936656.00
20160929	23.91	24.27	23.75	24.08	2187431	52621720.00
20160930	24.00	24.27	23.86	24.16	1835685	44211736.00
20161010	24.25	24.48	24.12	24.20	3585125	87011904.00
20161011	24.19	24.79	24.12	24.76	4054015	99072472.00
20161012	24.64	24.69	24.26	24.48	2164341	52968856.00
20161013	24.42	24.79	24.30	24.68	2506974	61569620.00
20161014	24.56	24.68	24.20	24.27	1919270	46770124.00
20161017	24.31	24.38	23.86	23.90	2421925	58490576.00
20161018	23.85	24.58	23.85	24.42	2093589	50686064.00
20161019	24.45	24.66	24.29	24.36	2217585	54159444.00
20161020	24.34	24.55	24.18	24.41	2661142	64822472.00
20161021	24.41	24.41	23.50	23.93	2552649	61398528.00
20161024	24.06	24.29	23.82	24.17	1745417	42012008.00
20161025	24.25	24.42	23.88	24.02	3305820	79595936.00
20161026	23.95	24.07	23.72	23.81	2086212	49793532.00
20161027	23.86	23.97	23.65	23.92	1457552	34724076.00
20161028	23.90	24.04	23.51	23.52	1472729	35029984.00
20161031	23.55	23.59	22.74	23.03	2088879	48273004.00
20161101	23.03	23.43	22.90	23.33	2045700	47561264.00
20161102	23.30	23.34	23.15	23.17	1583400	36756640.00
20161103	23.25	23.52	23.06	23.20	1967338	45851280.00
20161104	23.29	23.32	23.08	23.13	1644600	38132184.00
20161107	23.15	23.39	23.03	23.27	1696962	39465712.00
20161108	23.26	23.60	23.21	23.42	2180247	51031540.00
20161109	23.55	23.56	23.00	23.16	2132425	49627580.00
20161110	23.36	23.49	23.14	23.44	2445472	57123856.00
20161111	23.45	23.69	23.33	23.67	2558521	60208360.00
20161114	23.68	24.18	23.52	24.14	3547676	85082304.00
20161115	24.08	24.18	23.73	24.12	2593684	62109736.00
20161116	24.13	24.76	24.12	24.25	4021800	98269872.00
20161117	24.30	24.30	23.85	23.95	2313200	55465384.00
20161118	24.00	24.22	23.82	24.03	1957200	47009016.00
20161121	24.03	24.07	23.76	23.86	3197900	76419368.00
20161122	23.89	24.40	23.81	24.39	3410488	82271584.00
20161123	24.35	24.36	23.95	23.99	1961396	47429016.00
20161124	23.95	24.13	23.80	23.86	1343400	32156640.00
20161125	23.82	24.03	23.35	23.90	2110800	49978124.00
20161128	23.90	24.37	23.80	24.11	2742500	66322200.00
20161129	24.01	24.40	23.86	23.95	2321600	56062936.00
20161130	23.96	25.06	23.86	24.75	6419100	157543920.00
20161201	24.60	24.86	24.50	24.63	3517930	86666024.00
20161202	24.54	24.73	23.90	24.10	3407913	82513168.00
20161205	23.86	23.86	23.00	23.03	3661100	85285392.00
20161206	23.25	23.46	23.08	23.10	1754300	40776956.00
20161207	23.05	23.43	23.05	23.34	1151300	26749764.00
20161208	23.33	23.39	23.10	23.14	1514500	35195264.00
20161209	23.18	23.20	22.90	23.18	1749400	40351016.00
20161212	23.17	23.18	21.27	21.36	2604300	58133976.00
20161213	21.25	21.54	20.90	21.19	1536577	32672172.00
20161214	21.21	21.45	21.10	21.16	1163607	24764016.00
20161215	21.33	21.49	21.10	21.20	1627231	34625564.00
20161216	21.17	21.54	21.17	21.35	1449713	30984868.00
20161219	21.40	21.65	21.30	21.58	1184987	25438554.00
20161220	21.59	21.59	21.25	21.46	790260	16912612.00
20161221	21.45	21.87	21.43	21.60	1316315	28457060.00
20161222	21.63	21.65	21.41	21.57	794545	17097222.00
20161223	21.50	21.62	21.30	21.37	636940	13665417.00
20161226	21.31	21.90	21.06	21.89	1531242	33113840.00
20161227	21.86	22.54	21.75	22.20	1903030	42326176.00
20161228	22.21	22.29	22.05	22.14	866994	19220816.00
20161229	22.16	22.20	21.80	21.88	741700	16325525.00
20161230	21.90	22.16	21.81	21.92	1030000	22656494.00
20170103	21.85	22.21	21.85	22.06	888124	19610596.00
20170104	22.17	22.28	21.92	22.19	1134417	25158204.00
20170105	22.19	22.71	22.12	22.57	2086225	46973172.00
20170106	22.65	22.66	22.21	22.23	975723	21826558.00
20170109	22.12	22.44	22.12	22.30	1188898	26431476.00
20170110	22.28	22.35	22.00	22.01	1224271	27153726.00
20170111	22.00	22.13	21.61	21.72	998489	21793616.00
20170112	21.72	21.78	21.23	21.30	955521	20553184.00
20170113	21.48	21.48	21.02	21.07	1005018	21344926.00
20170116	21.00	21.00	19.04	19.52	2290377	45626716.00
20170117	19.49	19.88	19.25	19.85	1447576	28334904.00
20170118	19.70	19.80	19.45	19.63	854308	16806104.00
20170119	19.56	20.05	19.51	19.89	1302735	25806056.00
20170120	19.87	20.39	19.80	20.25	904833	18286332.00
20170123	20.20	21.24	20.18	21.22	2017634	42001216.00
20170124	21.12	21.14	20.50	20.72	1677055	34936768.00
20170125	20.70	20.87	20.37	20.76	651642	13400251.00
20170126	20.84	21.15	20.78	20.89	1144302	23953240.00
20170203	20.87	21.14	20.61	20.89	547600	11444416.00
20170206	20.89	21.14	20.84	20.94	658703	13807850.00
20170207	20.98	21.07	20.59	20.73	926563	19300042.00
20170208	20.97	21.00	20.60	20.97	789939	16447522.00
20170209	20.97	21.08	20.82	20.90	1127333	23591630.00
20170210	20.90	20.94	20.76	20.82	928275	19339980.00
20170213	20.70	20.89	20.63	20.81	953979	19810028.00
20170214	20.72	20.94	20.67	20.75	633949	13154012.00
20170215	20.69	20.84	20.42	20.44	1053543	21666796.00
20170216	20.40	20.55	20.04	20.16	1606846	32569004.00
20170217	20.04	20.36	20.04	20.13	1238301	25051368.00
20170220	20.10	20.80	20.10	20.75	1489500	30445472.00
20170221	20.60	20.81	20.52	20.68	1311465	27049980.00
20170222	20.72	20.74	20.48	20.62	1404516	28918500.00
20170223	20.58	20.89	20.54	20.67	1276742	26405172.00
20170224	20.67	20.94	20.60	20.87	1370300	28529212.00
20170227	20.80	20.91	20.62	20.69	790900	16446049.00
20170228	20.62	21.21	20.62	21.01	1857692	38972512.00
20170301	21.01	21.14	20.84	20.93	1289252	27074964.00
20170302	20.93	20.93	20.45	20.63	1497035	30968956.00
20170303	20.53	20.79	20.53	20.59	1260749	26017782.00
20170306	20.68	20.81	20.51	20.69	1904589	39367968.00
20170307	20.65	20.80	20.52	20.60	1498300	30896688.00
20170308	20.65	20.88	20.55	20.60	2524167	52270864.00
20170309	20.58	20.68	20.30	20.44	1174183	23976470.00
20170310	20.57	20.57	20.37	20.45	814130	16649722.00
20170313	20.44	20.51	20.10	20.44	1062829	21607876.00
20170314	20.38	20.52	20.33	20.43	763242	15577184.00
20170315	20.44	20.44	20.15	20.16	1275582	25830574.00
20170316	20.12	20.36	20.06	20.22	2705689	54650244.00
20170317	20.27	20.36	20.16	20.18	1449532	29389164.00
20170320	20.06	20.27	20.05	20.22	1274200	25715252.00
20170321	20.25	20.34	20.05	20.31	1929000	38931916.00
20170322	20.20	20.25	19.78	19.80	1648259	32937826.00
20170323	19.68	20.05	19.68	19.98	1270094	25264622.00
20170324	19.96	19.96	19.71	19.76	1401100	27739262.00
20170327	19.82	19.97	19.72	19.93	1415091	28090504.00
20170328	19.93	19.95	19.72	19.74	925071	18353208.00
20170329	19.77	19.77	19.19	19.22	1578874	30696952.00
20170330	19.21	19.33	18.44	18.51	2306334	43298304.00
20170331	18.60	18.98	18.52	18.91	1486472	27843464.00
20170405	18.96	19.15	18.82	19.09	1428782	27140828.00
20170406	19.07	19.24	18.94	19.05	1059378	20254522.00
20170407	19.06	19.19	18.91	19.00	1187469	22594084.00
20170410	19.08	19.08	18.85	18.97	835845	15860044.00
20170411	19.55	20.87	19.55	20.87	8916600	182702224.00
20170412	20.89	20.89	20.18	20.42	7586200	154943136.00
20170413	20.40	20.43	19.90	20.36	3903453	78591008.00
20170414	20.35	20.35	19.50	19.53	3340138	66639252.00
20170417	19.50	19.50	18.63	18.92	2905293	55053940.00
20170418	18.91	18.98	18.51	18.53	1822458	34118788.00
20170419	18.45	18.66	18.18	18.43	1454224	26768088.00
20170420	18.43	18.86	18.31	18.75	2014346	37324200.00
20170421	18.66	18.78	18.34	18.44	1039700	19257252.00
20170424	18.31	18.52	17.23	17.30	1658000	29291406.00
20170425	17.29	17.57	17.16	17.24	1163200	20186246.00
20170426	17.19	17.42	17.06	17.21	1116700	19243724.00
20170427	17.16	17.42	16.75	17.32	2118500	36065792.00
20170428	17.63	18.16	17.51	17.59	2018774	35959288.00
20170502	17.46	17.78	17.42	17.67	927967	16397562.00
20170503	17.65	17.80	17.42	17.56	1070287	18822642.00
20170504	17.59	17.94	17.45	17.59	1159900	20507220.00
20170505	17.65	17.65	17.07	17.13	945500	16425399.00
20170508	17.08	17.30	16.98	17.05	933900	16032505.00
20170509	17.20	17.32	16.80	17.20	939000	16012844.00
20170510	17.23	17.50	16.67	16.70	1347600	23244900.00
20170511	16.70	16.81	15.50	16.38	2211100	36019524.00
20170512	16.23	16.51	15.80	16.21	1320383	21275816.00
20170515	16.25	16.43	16.10	16.38	1352691	22004664.00
20170516	16.36	17.18	15.84	16.95	2009741	33240848.00
20170517	16.87	17.45	16.82	17.14	1672300	28741736.00
20170518	17.14	17.34	17.01	17.11	1200600	20641276.00
20170519	17.11	17.34	17.05	17.19	649822	11189685.00
20170522	17.20	17.26	16.30	16.48	1358568	22830612.00
20170523	16.53	16.63	16.08	16.25	962500	15770725.00
20170524	16.20	16.52	15.98	16.50	1087200	17674854.00
20170525	16.46	16.91	16.14	16.55	1091200	18000662.00
20170526	16.65	16.89	16.50	16.68	998100	16684561.00
20170531	16.79	17.09	16.55	16.59	994269	16668553.00
20170601	16.58	16.58	15.50	15.77	1183723	19032620.00
20170602	15.70	16.09	15.58	16.02	1140053	18039652.00
20170605	16.18	16.34	16.08	16.17	1169896	18958476.00
20170606	16.20	16.30	16.03	16.23	830740	13444561.00
20170607	16.28	16.76	16.13	16.67	1401639	23181684.00
20170608	16.62	16.79	16.53	16.59	1130183	18822896.00
20170609	16.55	16.70	16.40	16.68	1447717	23942320.00
20170612	16.70	16.70	16.11	16.23	1074400	17619232.00
20170613	16.29	16.61	16.18	16.51	1115025	18377756.00
20170614	16.51	16.60	16.40	16.55	751084	12401330.00
20170615	16.55	16.97	16.48	16.89	1732367	29164580.00
20170616	16.85	17.08	16.73	16.99	1273226	21531340.00
20170619	17.10	17.48	17.00	17.23	2025271	34911180.00
20170620	17.23	17.28	17.04	17.22	978517	16798832.00
20170621	17.26	17.29	17.07	17.24	1362838	23408960.00
20170622	17.27	17.56	17.08	17.09	1367025	23691016.00
20170623	17.01	17.38	16.75	17.38	2009711	34431912.00
20170626	17.35	17.58	17.30	17.50	1409775	24629196.00
20170627	17.50	17.97	17.50	17.85	1547625	27525728.00
20170628	17.80	17.80	17.40	17.48	1348248	23675104.00
20170629	17.48	17.68	17.42	17.52	748250	13157645.00
20170630	17.36	17.65	17.36	17.52	630504	11045914.00
20170703	17.46	17.60	17.37	17.56	821240	14359030.00
20170704	17.58	17.58	17.22	17.43	756097	13153671.00
20170705	17.36	17.59	17.35	17.54	798670	13952119.00
20170706	17.51	17.51	17.25	17.49	687044	11947404.00
20170707	17.40	17.47	17.08	17.25	2434183	41829112.00
20170710	17.03	17.15	16.68	16.71	2313951	38984760.00
20170711	16.71	16.80	16.57	16.58	1168500	19472422.00
数据来源:通达信
