600018 上港集团 日线 前复权
      日期	    开盘	    最高	    最低	    收盘	    成交量	    成交额
20111010	2.33	2.33	2.25	2.27	9376873	27988744.00
20111011	2.32	2.35	2.28	2.30	6664904	20039466.00
20111012	2.30	2.39	2.27	2.37	9881208	30011698.00
20111013	2.37	2.43	2.35	2.43	14472822	44685532.00
20111014	2.42	2.42	2.38	2.41	4793093	14807861.00
20111017	2.41	2.45	2.39	2.39	4776668	14855472.00
20111018	2.39	2.39	2.33	2.34	4123100	12571767.00
20111019	2.36	2.38	2.33	2.34	3344024	10184445.00
20111020	2.34	2.36	2.29	2.30	4311050	12938038.00
20111021	2.31	2.34	2.29	2.30	3188509	9563888.00
20111024	2.30	2.38	2.29	2.37	4786900	14490408.00
20111025	2.37	2.42	2.34	2.41	7625057	23484524.00
20111026	2.39	2.44	2.38	2.43	11123134	34560564.00
20111027	2.48	2.59	2.47	2.49	15645033	50276792.00
20111028	2.49	2.54	2.46	2.51	10588543	33780540.00
20111031	2.49	2.50	2.45	2.47	6627526	20951584.00
20111101	2.46	2.50	2.43	2.46	6048204	19112238.00
20111102	2.44	2.52	2.42	2.51	8274336	26158852.00
20111103	2.53	2.58	2.50	2.54	15798215	51130404.00
20111104	2.57	2.58	2.51	2.54	11750680	37891324.00
20111107	2.53	2.55	2.51	2.53	6145969	19764056.00
20111108	2.52	2.53	2.47	2.48	10309138	32776888.00
20111109	2.49	2.50	2.46	2.49	4256548	13504011.00
20111110	2.47	2.47	2.42	2.42	7881623	24689164.00
20111111	2.44	2.46	2.43	2.44	3909435	12269764.00
20111114	2.46	2.49	2.45	2.48	4295703	13605645.00
20111115	2.49	2.49	2.46	2.49	4077168	12903112.00
20111116	2.49	2.49	2.40	2.42	6414915	20046684.00
20111117	2.43	2.43	2.39	2.39	5544458	17170112.00
20111118	2.39	2.39	2.33	2.35	5463438	16646610.00
20111121	2.36	2.36	2.32	2.36	3374297	10221502.00
20111122	2.35	2.36	2.32	2.35	3654638	11058337.00
20111123	2.35	2.36	2.31	2.31	5183672	15607082.00
20111124	2.31	2.32	2.29	2.31	4488093	13451784.00
20111125	2.31	2.32	2.29	2.32	3359769	10081328.00
20111128	2.31	2.32	2.27	2.31	4167941	12415765.00
20111129	2.31	2.36	2.31	2.34	4861801	14708008.00
20111130	2.35	2.35	2.25	2.26	6935993	20583012.00
20111201	2.31	2.36	2.28	2.32	8765273	26400490.00
20111202	2.31	2.31	2.26	2.27	3394272	10064225.00
20111205	2.29	2.29	2.26	2.27	3428163	10151120.00
20111206	2.27	2.28	2.25	2.27	2796522	8254237.00
20111207	2.27	2.30	2.26	2.28	3036063	9010321.00
20111208	2.29	2.30	2.25	2.28	2758469	8182216.00
20111209	2.26	2.29	2.25	2.27	2338066	6919012.00
20111212	2.27	2.28	2.20	2.22	4601804	13443809.00
20111213	2.21	2.21	2.15	2.17	7642021	21911472.00
20111214	2.16	2.17	2.11	2.12	4031701	11381369.00
20111215	2.12	2.12	2.03	2.04	5535297	15223851.00
20111216	2.06	2.08	2.03	2.08	9466707	25947680.00
20111219	2.07	2.07	1.96	2.04	6637076	17943096.00
20111220	2.03	2.05	1.99	2.00	6070720	16438621.00
20111221	2.03	2.03	1.96	1.97	8575162	23006340.00
20111222	1.96	1.96	1.89	1.93	7847046	20479536.00
20111223	1.93	1.98	1.90	1.93	8863676	23224188.00
20111226	1.93	1.96	1.91	1.95	4970006	13070762.00
20111227	1.95	1.95	1.90	1.91	4831104	12614105.00
20111228	1.91	1.92	1.86	1.89	6240626	16043954.00
20111229	1.89	1.93	1.87	1.92	6547901	16983780.00
20111230	1.92	1.93	1.86	1.90	14720531	38114048.00
20120104	1.92	1.92	1.88	1.89	7880113	20391336.00
20120105	1.87	1.91	1.85	1.90	11241019	28954276.00
20120106	1.89	1.92	1.88	1.92	10573056	27407932.00
20120109	1.93	1.97	1.91	1.97	9211025	24276814.00
20120110	1.97	2.06	1.95	2.05	12158183	32921468.00
20120111	2.05	2.07	2.01	2.06	8268638	22591966.00
20120112	2.05	2.08	2.03	2.07	7710973	21227392.00
20120113	2.06	2.11	2.03	2.05	9562323	26412984.00
20120116	2.03	2.11	2.02	2.10	9821231	27185868.00
20120117	2.08	2.22	2.08	2.21	14922453	42440424.00
20120118	2.20	2.22	2.15	2.19	10362225	29686082.00
20120119	2.18	2.22	2.17	2.19	6164178	17772660.00
20120120	2.20	2.24	2.17	2.21	5753691	16672630.00
20120130	2.23	2.23	2.10	2.12	7988165	22813856.00
20120131	2.12	2.15	2.11	2.14	2994591	8426276.00
20120201	2.14	2.15	2.11	2.12	2631698	7410002.00
20120202	2.12	2.18	2.11	2.17	4360790	12362960.00
20120203	2.16	2.21	2.14	2.21	6475661	18595406.00
20120206	2.21	2.22	2.19	2.21	5296429	15342289.00
20120207	2.20	2.21	2.15	2.16	3308182	9451869.00
20120208	2.16	2.23	2.14	2.23	7436509	21511014.00
20120209	2.23	2.25	2.21	2.25	6344258	18554570.00
20120210	2.24	2.28	2.23	2.27	7638468	22501608.00
20120213	2.25	2.30	2.24	2.27	5350230	15883686.00
20120214	2.26	2.27	2.24	2.25	2631450	7732866.00
20120215	2.25	2.31	2.24	2.29	6804740	20241860.00
20120216	2.29	2.29	2.24	2.27	5274240	15593781.00
20120217	2.27	2.28	2.23	2.25	2831898	8340060.00
20120220	2.27	2.29	2.25	2.26	3203700	9497102.00
20120221	2.26	2.28	2.24	2.27	2529962	7454603.00
20120222	2.27	2.30	2.25	2.30	5031580	14937082.00
20120223	2.29	2.33	2.28	2.31	5320304	15947504.00
20120224	2.31	2.35	2.29	2.35	10226844	30817136.00
20120227	2.36	2.40	2.35	2.37	10462334	32147840.00
20120228	2.36	2.38	2.34	2.37	6441536	19658708.00
20120229	2.36	2.36	2.31	2.32	5407936	16354714.00
20120301	2.31	2.34	2.31	2.32	3966281	11939203.00
20120302	2.33	2.35	2.32	2.34	5638709	17036452.00
20120305	2.36	2.36	2.32	2.33	4174984	12642904.00
20120306	2.31	2.32	2.27	2.28	5627898	16764124.00
20120307	2.25	2.41	2.24	2.31	8260000	24767260.00
20120308	2.31	2.37	2.31	2.34	4327276	13118119.00
20120309	2.35	2.41	2.33	2.41	13899784	42661024.00
20120312	2.41	2.42	2.37	2.39	4748015	14596285.00
20120313	2.39	2.42	2.37	2.42	6071638	18721532.00
20120314	2.43	2.44	2.35	2.36	14768718	45545004.00
20120315	2.35	2.36	2.26	2.29	6768189	20257524.00
20120316	2.28	2.31	2.27	2.30	3006052	8969729.00
20120319	2.31	2.31	2.29	2.30	3165099	9465037.00
20120320	2.30	2.31	2.26	2.26	3219580	9553205.00
20120321	2.28	2.29	2.25	2.27	2869008	8483439.00
20120322	2.27	2.28	2.25	2.27	2514979	7426488.00
20120323	2.25	2.26	2.23	2.23	3307036	9682583.00
20120326	2.23	2.25	2.23	2.24	2105871	6162975.00
20120327	2.25	2.26	2.24	2.25	2515888	7383007.00
20120328	2.25	2.26	2.19	2.19	3784587	10990667.00
20120329	2.19	2.20	2.12	2.16	5388224	15372428.00
20120330	2.16	2.26	2.15	2.21	5570388	16204271.00
20120405	2.20	2.31	2.19	2.29	5125929	15150645.00
20120406	2.28	2.29	2.26	2.28	2811847	8337554.00
20120409	2.29	2.29	2.26	2.27	1920897	5699790.00
20120410	2.27	2.28	2.24	2.27	2368820	6977543.00
20120411	2.27	2.29	2.24	2.26	2629751	7773116.00
20120412	2.27	2.34	2.26	2.33	7293561	21902620.00
20120413	2.33	2.35	2.31	2.32	4353039	13140540.00
20120416	2.31	2.34	2.30	2.33	3641443	10969874.00
20120417	2.33	2.36	2.29	2.30	3526864	10651298.00
20120418	2.31	2.35	2.30	2.34	4051579	12244076.00
20120419	2.34	2.35	2.32	2.33	4008137	12113193.00
20120420	2.33	2.36	2.33	2.36	4467791	13588500.00
20120423	2.36	2.37	2.32	2.33	4073656	12332511.00
20120424	2.31	2.35	2.27	2.32	4796608	14398447.00
20120425	2.32	2.34	2.30	2.34	4642637	13993073.00
20120426	2.34	2.35	2.19	2.22	28085910	82530624.00
20120427	2.23	2.24	2.16	2.17	16273202	47025736.00
20120502	2.22	2.25	2.20	2.24	8154237	23791192.00
20120503	2.24	2.27	2.22	2.25	6303330	18560716.00
20120504	2.25	2.27	2.23	2.26	7623904	22396658.00
20120507	2.24	2.26	2.23	2.25	4892062	14328267.00
20120508	2.24	2.25	2.21	2.24	7860150	22903712.00
20120509	2.23	2.23	2.20	2.21	4799582	13917093.00
20120510	2.20	2.23	2.19	2.22	4244165	12309693.00
20120511	2.22	2.23	2.20	2.21	3684562	10704542.00
20120514	2.24	2.24	2.20	2.21	4727813	13714570.00
20120515	2.20	2.20	2.17	2.19	3937333	11291774.00
20120516	2.19	2.25	2.17	2.20	6176497	17909838.00
20120517	2.18	2.27	2.18	2.26	11786734	34568496.00
20120521	2.27	2.30	2.19	2.21	15943822	46824360.00
20120522	2.20	2.22	2.18	2.21	6336797	18292604.00
20120523	2.19	2.21	2.16	2.17	5969973	17127800.00
20120524	2.17	2.19	2.16	2.16	4416697	12633892.00
20120525	2.16	2.18	2.14	2.14	4106725	11675830.00
20120528	2.14	2.19	2.11	2.19	6417486	18167542.00
20120529	2.18	2.21	2.17	2.21	6462630	18626744.00
20120530	2.19	2.21	2.18	2.21	6381562	18402948.00
20120531	2.18	2.19	2.16	2.17	4043637	11567726.00
20120601	2.18	2.20	2.16	2.17	3399013	9743240.00
20120604	2.13	2.14	2.01	2.03	17585133	48498104.00
20120605	2.02	2.04	1.99	2.00	10648023	28788826.00
20120606	2.02	2.03	2.00	2.02	3330340	9012898.00
20120607	2.03	2.05	2.03	2.05	5952358	16266443.00
20120608	2.05	2.07	2.01	2.03	3622268	9852489.00
20120611	2.04	2.05	2.02	2.05	3041101	8305402.00
20120612	2.03	2.04	2.00	2.01	5919654	15998469.00
20120613	2.01	2.04	2.00	2.03	5486977	14859111.00
20120614	2.03	2.04	2.00	2.02	3066070	8310333.00
20120615	2.02	2.09	2.00	2.09	11584375	31737612.00
20120618	2.06	2.07	2.05	2.06	8413566	23136588.00
20120619	2.05	2.06	2.03	2.04	3251016	8896534.00
20120620	2.05	2.06	2.03	2.04	2233092	6104012.00
20120621	2.05	2.05	2.01	2.02	2957888	8031972.00
20120625	2.02	2.02	1.97	1.98	3566791	9582253.00
20120626	1.97	1.98	1.92	1.94	7777102	20500596.00
20120627	1.94	1.97	1.94	1.95	3100441	8203051.00
20120628	1.95	1.96	1.92	1.93	3337392	8794243.00
20120629	1.91	1.97	1.91	1.97	2337911	6156651.00
20120702	1.97	1.99	1.96	1.97	2477771	6602061.00
20120703	1.99	2.03	1.99	2.01	4155491	11215895.00
20120704	2.01	2.03	2.00	2.02	3044041	8246853.00
20120705	2.02	2.03	1.98	1.99	3512692	9445137.00
20120706	2.01	2.03	2.00	2.03	3567266	9650150.00
20120709	2.03	2.03	2.00	2.01	4637960	12534214.00
20120710	2.02	2.02	1.97	2.00	5022978	13507867.00
20120711	2.00	2.01	1.96	1.99	3398164	8669439.00
20120712	1.99	2.01	1.96	2.00	3074958	7852581.00
20120713	2.00	2.00	1.97	1.99	2198942	5616504.00
20120716	1.99	1.99	1.93	1.94	3248780	8193632.00
20120717	1.94	1.96	1.93	1.96	2396566	6027850.00
20120718	1.96	1.98	1.94	1.97	3396190	8598286.00
20120719	1.97	2.01	1.96	1.99	4049607	10375063.00
20120720	1.99	2.00	1.98	1.98	2729339	6979245.00
20120723	1.97	1.98	1.94	1.95	2643692	6677746.00
20120724	1.95	1.96	1.93	1.96	6936061	17405450.00
20120725	1.95	1.95	1.94	1.95	1547039	3889555.00
20120726	1.95	1.96	1.93	1.94	2183910	5492135.00
20120727	1.95	1.95	1.93	1.93	2167208	5442297.00
20120730	1.94	1.98	1.93	1.95	4486131	11323135.00
20120731	1.95	1.95	1.91	1.92	4872942	12158364.00
20120801	1.92	1.95	1.91	1.93	3078894	7720992.00
20120802	1.94	1.95	1.93	1.93	2704224	6784241.00
20120803	1.95	1.96	1.93	1.96	3059882	7708199.00
20120806	1.95	2.00	1.94	1.99	6143049	15643581.00
20120807	1.99	2.01	1.97	2.01	6467013	16583455.00
20120808	2.01	2.01	1.99	2.00	3846682	9891889.00
20120809	2.01	2.01	1.98	2.00	3619879	9307523.00
20120810	1.99	2.02	1.98	2.01	3500426	9018975.00
20120813	2.01	2.01	1.98	1.98	2532950	6481315.00
20120814	1.98	2.01	1.97	2.01	2721826	6969700.00
20120815	2.01	2.01	1.96	1.97	3057031	7775208.00
20120816	1.96	1.97	1.95	1.95	1546845	3913493.00
20120817	1.96	1.97	1.93	1.95	2569797	6480703.00
20120820	1.94	1.95	1.90	1.94	3593380	8971914.00
20120821	1.93	1.95	1.93	1.95	2996078	7521508.00
20120822	1.95	1.95	1.92	1.95	2690251	6719251.00
20120823	1.94	1.96	1.92	1.96	5266033	13221585.00
20120824	1.95	1.95	1.92	1.93	4410739	11029839.00
20120827	1.93	1.93	1.89	1.90	4155464	10306706.00
20120828	1.90	1.92	1.89	1.92	2450931	6070377.00
20120829	1.91	1.92	1.89	1.89	1777416	4395962.00
20120830	1.88	1.90	1.87	1.90	3545054	8709122.00
20120831	1.90	1.92	1.88	1.91	2553267	6310179.00
20120903	1.89	1.92	1.89	1.90	2823871	6977905.00
20120904	1.90	1.90	1.88	1.88	2378464	5846194.00
20120905	1.87	1.89	1.86	1.87	1920288	4688883.00
20120906	1.88	1.89	1.86	1.88	2410269	5892213.00
20120907	1.88	1.97	1.88	1.96	8802078	22107884.00
20120910	1.95	1.96	1.93	1.95	4196041	10559873.00
20120911	1.94	1.94	1.90	1.92	3332107	8275203.00
20120912	1.92	1.93	1.91	1.93	3123956	7795243.00
20120913	1.93	1.94	1.91	1.93	2451807	6126104.00
20120914	1.93	1.96	1.92	1.96	5184352	13013946.00
20120917	1.95	1.95	1.90	1.90	3184357	7913112.00
20120918	1.90	1.91	1.88	1.89	2415173	5952091.00
20120919	1.88	1.91	1.88	1.90	1595033	3930876.00
20120920	1.89	1.90	1.86	1.86	3633083	8868921.00
20120921	1.86	1.88	1.85	1.88	3575675	8700714.00
20120924	1.84	1.86	1.83	1.84	2695555	6514981.00
20120925	1.85	1.85	1.82	1.84	1916068	4600544.00
20120926	1.84	1.84	1.80	1.81	2365100	5647286.00
20120927	1.80	1.86	1.80	1.84	4049317	9732463.00
20120928	1.82	1.87	1.82	1.86	3374970	8182760.00
20121008	1.86	1.89	1.84	1.86	2810949	6845928.00
20121009	1.85	1.90	1.85	1.90	3494585	8595439.00
20121010	1.89	1.93	1.88	1.92	5258290	13035016.00
20121011	1.90	1.93	1.89	1.90	4336452	10750682.00
20121012	1.90	1.93	1.87	1.89	6950328	17094124.00
20121015	1.89	1.89	1.85	1.87	5641477	13760189.00
20121016	1.87	1.88	1.85	1.85	4008845	9745583.00
20121017	1.86	1.88	1.85	1.86	3180827	7749491.00
20121018	1.86	1.91	1.86	1.90	8791193	21639104.00
20121019	1.89	1.91	1.88	1.90	4598142	11343324.00
20121022	1.90	1.91	1.88	1.91	3933799	9717201.00
20121023	1.91	1.92	1.86	1.89	4743480	11649143.00
20121024	1.88	1.93	1.87	1.90	11678219	28957456.00
20121025	1.91	1.99	1.91	1.95	16121244	40642236.00
20121026	1.93	1.94	1.88	1.88	8628584	21316864.00
20121029	1.87	1.92	1.86	1.89	4638135	11437648.00
20121030	1.89	1.90	1.87	1.90	3098605	7615489.00
20121031	1.90	1.91	1.87	1.90	2102808	5176598.00
20121101	1.90	1.93	1.89	1.93	5651226	14068286.00
20121102	1.93	1.95	1.92	1.95	5801471	14577339.00
20121105	1.94	1.96	1.93	1.96	4428381	11149096.00
20121106	1.95	1.98	1.91	1.97	6374641	16031496.00
20121107	1.96	1.97	1.93	1.94	3148910	7944696.00
20121108	1.92	1.94	1.91	1.92	4182163	10455057.00
20121109	1.91	1.94	1.91	1.92	2679909	6679441.00
20121112	1.92	1.94	1.92	1.93	2591050	6475804.00
20121113	1.93	1.93	1.89	1.90	3079820	7615916.00
20121114	1.90	1.90	1.88	1.89	2404813	5915722.00
20121115	1.89	1.89	1.87	1.87	2322944	5683008.00
20121116	1.87	1.87	1.84	1.85	2805732	6788905.00
20121119	1.85	1.88	1.84	1.87	3141854	7631946.00
20121120	1.88	1.88	1.86	1.87	1390215	3396713.00
20121121	1.87	1.92	1.86	1.91	4201220	10336424.00
20121122	1.91	1.91	1.89	1.90	1965340	4861026.00
20121123	1.90	1.93	1.88	1.91	3784499	9407451.00
20121126	1.91	1.93	1.89	1.92	4134512	10278249.00
20121127	1.92	1.92	1.88	1.88	2348515	5794701.00
20121128	1.86	1.88	1.84	1.86	3120273	7576388.00
20121129	1.85	1.89	1.85	1.86	4074159	9949541.00
20121130	1.85	1.90	1.85	1.89	2883249	7066036.00
20121203	1.89	1.90	1.87	1.87	2934571	7211969.00
20121204	1.87	1.90	1.85	1.89	4292365	10465876.00
20121205	1.89	1.96	1.87	1.93	11713011	29288242.00
20121206	1.94	1.95	1.92	1.93	5782593	14473849.00
20121207	1.93	1.96	1.91	1.95	15835273	39835940.00
20121210	1.95	1.98	1.94	1.97	12592779	31849392.00
20121211	1.96	1.97	1.94	1.94	6465497	16324792.00
20121212	1.95	1.96	1.93	1.96	5536815	13912462.00
20121213	1.95	1.96	1.93	1.94	3341294	8411871.00
20121214	1.93	2.03	1.93	2.02	16318449	41876444.00
20121217	2.03	2.03	2.00	2.01	10438360	26973820.00
20121218	2.01	2.03	2.00	2.00	10386815	26838132.00
20121219	2.00	2.01	1.99	2.00	4904871	12598138.00
20121220	2.00	2.00	1.97	1.99	8393061	21425656.00
20121221	1.99	1.99	1.89	1.93	38556946	96936656.00
20121224	1.92	1.95	1.91	1.94	10717522	26754100.00
20121225	1.93	1.99	1.90	1.98	30334816	76624904.00
20121226	1.97	1.99	1.96	1.98	11471247	29180564.00
20121227	1.98	2.05	1.98	2.01	34283178	88831728.00
20121228	2.01	2.05	1.99	2.04	16912893	43852188.00
20121231	2.04	2.08	2.03	2.06	13970787	36658664.00
20130104	2.08	2.09	2.03	2.06	14980134	39436328.00
20130107	2.06	2.06	2.03	2.04	9392240	24552748.00
20130108	2.04	2.06	2.03	2.05	8508325	22233314.00
20130109	2.05	2.09	2.04	2.07	10190192	26894380.00
20130110	2.07	2.09	2.06	2.08	8675189	22941778.00
20130111	2.08	2.08	2.00	2.02	11667790	30415266.00
20130114	2.01	2.10	2.01	2.09	14059074	37016844.00
20130115	2.09	2.10	2.08	2.10	12433652	33087130.00
20130116	2.10	2.10	2.05	2.08	10557900	27872194.00
20130117	2.07	2.08	2.05	2.08	7704578	20307236.00
20130118	2.07	2.13	2.07	2.12	15479838	41337328.00
20130121	2.12	2.20	2.11	2.19	25711532	70395000.00
20130122	2.18	2.27	2.17	2.23	38551911	107953936.00
20130123	2.23	2.29	2.21	2.26	17707957	49953600.00
20130124	2.26	2.31	2.19	2.21	16973639	48070996.00
20130125	2.20	2.29	2.20	2.24	12589306	35465344.00
20130128	2.24	2.28	2.23	2.27	9001627	25461124.00
20130129	2.26	2.36	2.26	2.33	28512283	82538800.00
20130130	2.37	2.45	2.36	2.42	32673315	97418488.00
20130131	2.42	2.43	2.37	2.39	12663569	37455716.00
20130201	2.38	2.41	2.35	2.40	13217075	38888536.00
20130204	2.40	2.45	2.36	2.37	17369582	51609104.00
20130205	2.35	2.36	2.30	2.36	10392845	30185594.00
20130206	2.35	2.37	2.33	2.34	7525773	21903914.00
20130207	2.35	2.35	2.31	2.34	5678578	16470507.00
20130208	2.34	2.39	2.33	2.38	6956715	20499044.00
20130218	2.38	2.42	2.37	2.41	9545357	28389550.00
20130219	2.41	2.41	2.35	2.37	7929037	23329056.00
20130220	2.36	2.37	2.33	2.36	6077126	17719452.00
20130221	2.36	2.36	2.26	2.31	11901924	34184720.00
20130222	2.30	2.32	2.28	2.30	4262043	12227381.00
20130225	2.28	2.31	2.26	2.27	7992366	22784290.00
20130226	2.27	2.30	2.25	2.26	4696050	13366550.00
20130227	2.25	2.29	2.22	2.24	5163452	14537080.00
20130228	2.24	2.31	2.24	2.30	5599871	15960443.00
20130301	2.30	2.30	2.26	2.30	4497999	12831428.00
20130304	2.28	2.28	2.20	2.22	9033745	25397846.00
20130305	2.22	2.24	2.13	2.20	24090176	65927424.00
20130306	2.18	2.31	2.18	2.25	25088127	71261384.00
20130307	2.26	2.28	2.23	2.24	6987205	19702040.00
20130308	2.24	2.27	2.20	2.22	4945376	13808901.00
20130311	2.22	2.23	2.18	2.20	6759236	18720512.00
20130312	2.20	2.21	2.14	2.16	7050907	19375772.00
20130313	2.16	2.16	2.08	2.11	10835968	29005228.00
20130314	2.11	2.13	2.08	2.08	8753955	23353208.00
20130315	2.09	2.13	2.08	2.11	15106012	40305188.00
20130318	2.10	2.11	2.04	2.06	7983467	21099672.00
20130319	2.05	2.07	2.04	2.06	5572834	14619328.00
20130320	2.07	2.11	2.06	2.11	8526624	22726480.00
20130321	2.12	2.12	2.09	2.12	12350896	33005488.00
20130322	2.12	2.12	2.10	2.11	6245982	16737903.00
20130325	2.11	2.12	2.10	2.11	6554829	17573928.00
20130326	2.11	2.11	2.08	2.10	6192465	16496289.00
20130327	2.11	2.16	2.11	2.16	15912505	43076184.00
20130328	2.16	2.18	2.13	2.17	24459756	66763588.00
20130329	2.17	2.17	2.15	2.17	6612841	18042180.00
20130401	2.17	2.20	2.16	2.19	11842939	32634960.00
20130402	2.19	2.20	2.16	2.17	5651452	15508524.00
20130403	2.17	2.19	2.12	2.12	6461101	17550356.00
20130408	2.12	2.13	2.09	2.11	5619735	15061696.00
20130409	2.11	2.13	2.09	2.12	5009538	13434844.00
20130410	2.12	2.13	2.11	2.11	4376868	11768877.00
20130411	2.11	2.13	2.08	2.10	9448504	25182050.00
20130412	2.08	2.10	2.07	2.08	6921123	18357028.00
20130415	2.08	2.09	2.07	2.08	7982136	21161176.00
20130416	2.07	2.10	2.05	2.09	7408426	19582188.00
20130417	2.09	2.10	2.08	2.10	3449914	9162507.00
20130418	2.09	2.11	2.07	2.10	5885597	15669303.00
20130419	2.10	2.16	2.09	2.15	11744849	31683176.00
20130422	2.13	2.15	2.12	2.14	5481762	14814713.00
20130423	2.15	2.15	2.09	2.10	4955729	13283990.00
20130424	2.10	2.14	2.09	2.12	4604230	12370796.00
20130425	2.12	2.13	2.09	2.10	5554779	14860172.00
20130426	2.10	2.11	2.07	2.08	3919490	10437875.00
20130502	2.08	2.10	2.06	2.07	4272432	11324478.00
20130503	2.07	2.11	2.07	2.10	7777754	20739528.00
20130506	2.10	2.12	2.09	2.12	9114217	24420920.00
20130507	2.11	2.12	2.10	2.12	3821358	10241346.00
20130508	2.12	2.14	2.11	2.14	6374196	17218416.00
20130509	2.14	2.17	2.13	2.14	13165438	35848068.00
20130510	2.14	2.17	2.13	2.17	6855471	18656188.00
20130513	2.18	2.18	2.15	2.17	6157229	16864172.00
20130514	2.18	2.21	2.16	2.18	13836984	38182136.00
20130515	2.17	2.19	2.17	2.18	4001701	10995755.00
20130516	2.18	2.20	2.17	2.20	5469696	15083806.00
20130517	2.20	2.22	2.18	2.22	9356696	25988572.00
20130520	2.22	2.23	2.21	2.22	9206028	25696368.00
20130521	2.22	2.22	2.18	2.19	8465637	23400480.00
20130522	2.19	2.25	2.18	2.25	15303924	42816556.00
20130523	2.25	2.35	2.22	2.29	34994695	100666704.00
20130524	2.28	2.35	2.28	2.33	8722567	25219564.00
20130527	2.33	2.35	2.29	2.31	6514878	18716300.00
20130528	2.31	2.32	2.28	2.30	8265754	23657280.00
20130529	2.31	2.33	2.30	2.31	8524210	24567696.00
20130530	2.31	2.31	2.28	2.29	6258670	17898016.00
20130531	2.30	2.31	2.28	2.28	5009873	14356325.00
20130603	2.28	2.30	2.27	2.28	4705500	13438504.00
20130604	2.27	2.28	2.23	2.23	7056156	19914298.00
20130605	2.23	2.24	2.21	2.22	3520270	9824511.00
20130606	2.23	2.25	2.17	2.19	8726488	24264896.00
20130607	2.21	2.22	2.18	2.20	7035501	19441746.00
20130613	2.18	2.19	2.13	2.14	6960241	18933012.00
20130614	2.14	2.17	2.13	2.17	7010202	19115074.00
20130617	2.17	2.18	2.11	2.16	6190769	16779616.00
20130618	2.16	2.16	2.13	2.14	3396111	9208605.00
20130619	2.15	2.16	2.07	2.11	11941083	31785952.00
20130620	2.09	2.11	2.06	2.07	5732463	15217486.00
20130621	2.06	2.08	2.03	2.06	4756324	12500822.00
20130624	2.08	2.08	1.93	1.97	10450895	26856160.00
20130625	1.97	1.98	1.76	1.93	13396048	33182208.00
20130626	1.93	1.94	1.89	1.91	6901521	17148782.00
20130627	1.91	1.95	1.90	1.91	7936718	19806742.00
20130628	1.89	1.93	1.89	1.91	8560669	21224320.00
20130701	1.91	1.96	1.91	1.96	5166347	12955143.00
20130702	1.96	2.06	1.93	2.03	8533605	21804180.00
20130703	2.03	2.03	1.97	1.99	5317488	13622012.00
20130704	2.11	2.20	2.08	2.15	33395340	90544728.00
20130705	2.15	2.16	2.08	2.09	14229563	37977952.00
20130708	2.04	2.04	1.93	1.94	13851130	35236660.00
20130709	1.92	1.98	1.88	1.96	5375911	13505709.00
20130710	1.94	2.02	1.94	2.01	5273435	13468406.00
20130711	2.01	2.10	1.99	2.06	10113896	26617184.00
20130712	2.06	2.08	2.00	2.01	5637183	14698921.00
20130715	2.00	2.03	2.00	2.02	4565501	11807418.00
20130716	2.03	2.04	1.97	2.03	7121715	18334660.00
20130717	2.05	2.10	2.04	2.08	9289132	24579240.00
20130718	2.08	2.09	2.03	2.08	5100107	13432422.00
20130719	2.08	2.09	2.04	2.05	3896527	10239103.00
20130722	2.06	2.07	2.03	2.07	4740887	12406658.00
20130723	2.08	2.11	2.06	2.10	9083375	24162100.00
20130724	2.12	2.12	2.06	2.08	6844233	17193878.00
20130725	2.07	2.09	2.06	2.07	3694626	9236995.00
20130726	2.06	2.06	2.01	2.02	8078701	19856156.00
20130729	2.01	2.01	1.96	1.99	5462093	13194471.00
20130730	1.99	2.01	1.97	2.00	5246615	12708753.00
20130731	2.01	2.03	2.00	2.02	4312690	10553042.00
20130801	2.02	2.04	2.00	2.04	5213324	12804189.00
20130802	2.04	2.05	2.02	2.03	5118394	12580571.00
20130805	2.03	2.04	2.01	2.03	4694860	11519299.00
20130806	2.03	2.08	2.01	2.06	7754809	19147382.00
20130807	2.05	2.11	2.05	2.07	8985113	22561532.00
20130808	2.07	2.09	2.06	2.07	6072794	15197799.00
20130809	2.07	2.10	2.03	2.06	6200660	15460288.00
20130812	2.08	2.13	2.07	2.12	14625771	37210908.00
20130813	2.12	2.17	2.11	2.14	12881878	33134440.00
20130814	2.15	2.18	2.13	2.15	14232284	36789628.00
20130815	2.15	2.15	2.10	2.11	7639620	19550292.00
20130816	2.11	2.16	2.06	2.08	20286865	51093956.00
20130819	2.08	2.22	2.07	2.17	26973809	70068224.00
20130820	2.17	2.20	2.12	2.18	24691053	64163508.00
20130821	2.17	2.18	2.14	2.17	7526580	19465640.00
20130822	2.16	2.17	2.11	2.12	11423545	29290046.00
20130823	2.38	2.38	2.38	2.38	48311349	135754896.00
20130826	2.60	2.66	2.48	2.66	135654253	412080736.00
20130827	2.86	2.97	2.79	2.97	113849457	380249568.00
20130828	3.31	3.31	3.27	3.31	118985059	444879168.00
20130829	3.67	3.68	3.67	3.68	86404059	354691744.00
20130830	4.09	4.09	4.09	4.09	79742539	360436288.00
20130902	4.54	4.54	3.97	4.37	560460771	2651744768.00
20130903	4.07	4.23	3.96	4.09	286812040	1301383040.00
20130904	4.32	4.54	4.18	4.54	442948582	2160211456.00
20130905	4.45	5.04	4.32	5.04	471421752	2411606016.00
20130906	5.07	5.59	5.07	5.59	370136272	2188479488.00
20130909	6.12	6.19	5.87	6.19	536574502	3514304000.00
20130910	5.97	6.79	5.91	6.36	524598830	3611889152.00
20130911	6.36	6.65	6.12	6.46	350175844	2383007232.00
20130912	6.32	6.42	6.12	6.25	293027695	1955552640.00
20130913	6.15	6.24	5.70	6.08	344268553	2209755904.00
20130916	6.01	6.21	5.93	6.09	261473806	1703199872.00
20130917	6.02	6.02	5.44	5.44	377899594	2290808832.00
20130918	5.42	5.95	5.42	5.65	367091445	2246669824.00
20130923	5.66	6.20	5.55	5.85	337600685	2126779008.00
20130924	5.70	6.48	5.57	6.48	542878316	3569861376.00
20130925	6.47	7.07	6.35	6.50	591640399	4198015232.00
20130926	6.13	6.16	5.81	5.81	260829919	1654839680.00
20130927	5.22	5.43	5.19	5.21	319663987	1815087744.00
20130930	5.21	5.31	5.05	5.19	158393196	894960960.00
20131008	5.23	5.46	4.91	5.39	200370141	1136926720.00
20131009	5.30	5.61	5.20	5.51	211020112	1235219072.00
20131010	5.47	5.55	5.06	5.19	188418392	1078249088.00
20131011	5.22	5.57	5.17	5.50	235928067	1385656832.00
20131014	5.45	5.45	5.17	5.32	168157337	960923392.00
20131015	5.27	5.42	5.19	5.32	135108718	775658432.00
20131016	5.29	5.30	4.78	4.81	175344977	944912320.00
20131017	4.86	4.97	4.61	4.66	131669753	684350464.00
20131018	4.68	4.76	4.54	4.69	98707006	503496960.00
20131021	4.70	4.89	4.61	4.83	125648715	652383232.00
20131022	4.81	4.83	4.63	4.75	111488661	573864960.00
20131023	4.74	4.83	4.59	4.77	128569130	661720960.00
20131024	4.80	4.85	4.68	4.69	101012268	524390944.00
20131025	4.62	4.64	4.29	4.33	128462160	622663552.00
20131028	4.32	4.45	4.26	4.40	74969914	358050560.00
20131029	4.38	4.69	4.09	4.64	182622362	879204800.00
20131030	4.47	4.64	4.44	4.53	135517705	673161216.00
20131031	4.48	4.63	4.39	4.42	84055015	414985280.00
20131101	4.35	4.66	4.28	4.54	130819990	645984448.00
20131104	4.47	4.62	4.42	4.51	85990829	426083584.00
20131105	4.45	4.60	4.41	4.59	89011901	442176064.00
20131106	4.59	4.64	4.40	4.41	103035323	510269632.00
20131107	4.32	4.46	4.27	4.33	67039943	321056672.00
20131108	4.34	4.52	4.28	4.38	113320879	547801920.00
20131111	4.31	4.32	4.02	4.04	102174738	465667136.00
20131112	4.02	4.15	4.00	4.08	60182570	271869344.00
20131113	4.09	4.23	4.04	4.04	76694511	349789952.00
20131114	4.02	4.13	3.84	4.07	81566533	362148960.00
20131115	4.07	4.26	4.05	4.13	106641178	491161056.00
20131118	4.12	4.34	4.10	4.32	109672431	510884736.00
20131119	4.30	4.54	4.23	4.43	134276992	644189248.00
20131120	4.37	4.46	4.33	4.41	72892089	351208992.00
20131121	4.37	4.61	4.34	4.49	125742836	619928832.00
20131122	4.50	4.51	4.35	4.35	70684194	341073344.00
20131125	4.32	4.51	4.29	4.42	71722745	348356832.00
20131126	4.43	4.50	4.36	4.38	50834677	247158672.00
20131127	4.38	4.52	4.32	4.43	61631945	298851936.00
20131128	4.42	4.51	4.40	4.43	68454841	333804928.00
20131129	4.43	4.50	4.39	4.42	70110164	341141568.00
20131202	4.33	4.33	3.96	4.09	90570831	416069216.00
20131203	4.11	4.17	4.09	4.15	39185419	179064368.00
20131204	4.15	4.61	4.12	4.61	148675115	737558592.00
20131205	4.77	5.11	4.73	5.00	378556221	2017066240.00
20131206	4.95	4.95	4.77	4.89	147773815	780373184.00
20131209	4.85	5.00	4.81	4.86	92265922	489021248.00
20131210	4.95	5.25	4.88	5.01	183304830	1007612288.00
20131211	4.90	4.95	4.67	4.91	116020644	609024640.00
20131212	4.87	4.99	4.83	4.92	87722002	469409568.00
20131213	4.91	5.00	4.83	4.99	94048534	506488704.00
20131216	5.01	5.06	4.91	4.98	81470277	441065696.00
20131217	4.93	5.00	4.76	4.79	71004555	373013760.00
20131218	4.79	4.82	4.64	4.68	48391917	248928032.00
20131219	4.68	4.76	4.65	4.66	35774907	183671328.00
20131220	4.64	5.07	4.64	5.06	148454793	792157888.00
20131223	4.98	5.01	4.82	4.90	64939554	346399936.00
20131224	4.87	4.96	4.66	4.77	75575355	395805536.00
20131225	4.77	4.82	4.69	4.77	42370807	219337680.00
20131226	4.72	5.00	4.70	4.73	79647236	420481792.00
20131227	4.72	4.93	4.67	4.80	60581896	318486976.00
20131230	4.80	4.92	4.74	4.84	49322173	259087072.00
20131231	4.84	4.90	4.79	4.85	42648231	225721200.00
20140102	4.85	4.91	4.81	4.83	34327702	181338176.00
20140103	4.80	4.82	4.68	4.70	56101736	290008096.00
20140106	4.67	4.67	4.34	4.36	61537877	300302976.00
20140107	4.32	4.84	4.28	4.74	118731903	612905344.00
20140108	4.67	4.69	4.47	4.49	79595766	399406240.00
20140109	4.45	4.77	4.42	4.61	67604316	343072096.00
20140110	4.56	4.68	4.54	4.57	33140472	166680000.00
20140113	4.59	4.64	4.43	4.50	29931175	148268016.00
20140114	4.50	4.55	4.46	4.55	25887960	127995960.00
20140115	4.54	4.55	4.45	4.50	24184390	118799864.00
20140116	4.50	4.63	4.43	4.53	40971550	203439376.00
20140117	4.51	4.52	4.37	4.38	35111138	170367824.00
20140120	4.38	4.43	4.32	4.34	17652819	84625536.00
20140121	4.39	4.45	4.35	4.38	21197319	102214784.00
20140122	4.43	4.62	4.39	4.55	53994962	266727376.00
20140123	4.51	4.53	4.45	4.48	34790949	171042352.00
20140124	4.47	4.62	4.45	4.52	44181776	219866624.00
20140127	4.48	4.53	4.43	4.47	33629178	164947312.00
20140128	4.46	4.73	4.44	4.65	82248464	415509760.00
20140129	4.63	4.63	4.55	4.59	37951769	189994864.00
20140130	4.59	4.65	4.53	4.54	26263067	131552544.00
20140207	4.51	4.52	4.43	4.52	28596758	140232960.00
20140210	4.52	4.71	4.52	4.64	57921927	293877856.00
20140211	4.63	4.92	4.62	4.84	102280835	530601824.00
20140212	4.82	4.86	4.74	4.80	58964148	307661504.00
20140213	4.80	4.91	4.72	4.80	73667631	385971552.00
20140214	4.80	4.87	4.76	4.82	50961364	266970496.00
20140217	4.87	4.90	4.74	4.79	55925386	291676416.00
20140218	4.77	4.79	4.65	4.70	58299414	298566880.00
20140219	4.69	4.74	4.63	4.72	43448915	222330320.00
20140220	4.70	4.88	4.63	4.75	93637920	486846752.00
20140221	4.71	4.72	4.58	4.61	48051502	243845264.00
20140224	4.56	4.56	4.41	4.45	42846922	209712896.00
20140225	4.46	4.49	4.27	4.31	40790043	197219552.00
20140226	4.31	4.34	4.21	4.29	27789154	130611592.00
20140227	4.33	4.44	4.27	4.29	33661966	160759328.00
20140228	4.32	4.33	4.21	4.30	23984279	112767048.00
20140303	4.28	4.42	4.23	4.39	34873265	166787136.00
20140304	4.36	4.36	4.25	4.32	28081365	132797688.00
20140305	4.32	4.35	4.24	4.26	23787099	112006976.00
20140306	4.28	4.40	4.27	4.30	30162871	143382336.00
20140307	4.28	4.32	4.22	4.25	26216210	123058312.00
20140310	4.23	4.23	4.00	4.02	30789676	139067824.00
20140311	4.02	4.05	3.92	3.95	24085399	106313200.00
20140312	3.95	3.96	3.78	3.86	29300829	126026080.00
20140313	3.86	3.96	3.83	3.93	28593362	123553168.00
20140314	3.90	3.91	3.81	3.82	20092858	85937824.00
20140317	3.83	3.87	3.80	3.86	17174956	73333800.00
20140318	3.85	3.95	3.84	3.90	24233436	105268128.00
20140319	3.88	4.07	3.80	3.98	41815660	182563728.00
20140320	3.96	4.00	3.81	3.83	27670610	120493464.00
20140321	3.82	3.92	3.77	3.92	29699820	127212064.00
20140324	3.95	4.08	3.94	4.04	46397312	206992976.00
20140325	4.38	4.49	4.38	4.49	66009481	324367424.00
20140326	4.74	4.98	4.60	4.67	214025539	1117106176.00
20140327	4.58	4.69	4.44	4.48	111862065	557708096.00
20140328	4.55	4.67	4.48	4.51	92165991	460568896.00
20140331	4.52	4.54	4.19	4.32	60337780	286050624.00
20140401	4.32	4.37	4.23	4.31	37569932	177480768.00
20140402	4.30	4.33	4.23	4.26	35825551	168055104.00
20140403	4.27	4.30	4.18	4.20	31211699	145302688.00
20140404	4.19	4.33	4.14	4.29	43726553	204433424.00
20140408	4.24	4.32	4.21	4.29	38745943	182346928.00
20140409	4.33	4.40	4.29	4.31	38992035	185842592.00
20140410	4.31	4.37	4.28	4.33	41100519	195866800.00
20140411	4.33	4.36	4.28	4.31	27614304	130919616.00
20140414	4.31	4.35	4.23	4.29	33231954	156347552.00
20140415	4.27	4.37	4.25	4.29	34883912	165505408.00
20140416	4.27	4.30	4.22	4.26	22400867	104934480.00
20140417	4.27	4.32	4.23	4.26	28827223	135853008.00
20140418	4.22	4.24	4.17	4.21	27772590	128540816.00
20140421	4.17	4.27	4.13	4.15	29197159	135072288.00
20140422	4.17	4.30	4.15	4.22	37154007	173003904.00
20140423	4.20	4.21	4.09	4.11	27706844	126475904.00
20140424	4.10	4.15	4.07	4.08	18413330	83483152.00
20140425	4.10	4.13	4.01	4.02	21889687	98215080.00
20140428	4.11	4.12	3.99	4.00	24767604	110696528.00
20140429	4.03	4.10	4.02	4.06	22998877	103096184.00
20140430	4.04	4.36	4.01	4.27	64401092	301330304.00
20140505	4.22	4.34	4.18	4.25	43511606	204343264.00
20140506	4.25	4.31	4.19	4.22	27540725	128553376.00
20140507	4.21	4.21	4.06	4.08	26744616	121793040.00
20140508	4.07	4.15	4.03	4.08	17122426	77634880.00
20140509	4.11	4.11	4.03	4.07	13812995	62045580.00
20140512	4.12	4.27	4.07	4.20	34364861	158036832.00
20140513	4.20	4.24	4.16	4.23	25425562	117699512.00
20140514	4.22	4.30	4.20	4.25	31837616	149249360.00
20140515	4.23	4.32	4.22	4.28	39022640	183470368.00
20140516	4.28	4.33	4.21	4.30	40095381	188990528.00
20140519	4.29	4.29	4.12	4.17	28234400	130314136.00
20140520	4.19	4.20	4.09	4.11	20072660	91577216.00
20140521	4.09	4.18	4.06	4.17	18487751	84317368.00
20140522	4.17	4.24	4.14	4.17	31835102	147185568.00
20140523	4.17	4.20	4.13	4.19	21354969	97884400.00
20140526	4.21	4.21	4.13	4.15	22718700	104088312.00
20140527	4.14	4.15	4.11	4.12	13402502	61110396.00
20140528	4.12	4.14	4.09	4.11	17225577	78258688.00
20140529	4.11	4.18	4.05	4.10	40055663	181866768.00
20140530	4.07	4.12	4.05	4.06	20793639	93568192.00
20140603	4.07	4.09	4.04	4.05	14243246	64048248.00
20140604	4.07	4.12	4.03	4.04	14235529	63895536.00
20140605	4.03	4.08	4.01	4.07	15001535	67166592.00
20140606	4.06	4.10	4.04	4.09	20110400	90467128.00
20140609	4.07	4.11	4.04	4.05	15363768	69219800.00
20140610	4.06	4.17	4.04	4.16	38820842	176572272.00
20140611	4.20	4.20	4.11	4.15	27482469	125786080.00
20140612	4.19	4.34	4.13	4.20	68556643	319756416.00
20140613	4.14	4.17	4.06	4.13	35744736	162449360.00
20140616	4.11	4.16	4.09	4.14	25275148	115191624.00
20140617	4.11	4.13	4.08	4.10	17098095	77464768.00
20140618	4.08	4.11	4.03	4.04	21999185	98746320.00
20140619	4.06	4.12	3.98	4.00	25011949	112311408.00
20140620	3.98	4.02	3.94	4.00	12591034	55659432.00
20140623	4.00	4.02	3.99	3.99	9903357	43929368.00
20140624	4.00	4.01	3.96	4.01	10779074	47683252.00
20140625	4.00	4.01	3.96	3.97	10917107	48067712.00
20140626	3.97	4.01	3.96	3.99	11217305	49553728.00
20140627	3.98	4.01	3.96	3.99	14181067	62610264.00
20140630	3.99	4.04	3.98	4.02	14303455	63584944.00
20140701	4.02	4.10	4.01	4.07	27631782	123729184.00
20140702	4.07	4.11	4.02	4.08	26049046	117115568.00
20140703	4.09	4.26	4.05	4.15	63034075	289578336.00
20140704	4.13	4.14	4.06	4.07	30470422	137460560.00
20140707	4.08	4.09	4.04	4.07	14816623	66534004.00
20140708	4.07	4.07	4.02	4.05	15907002	71032872.00
20140709	4.03	4.04	3.98	3.99	19194338	85185784.00
20140710	3.98	4.00	3.98	3.98	15771564	69664112.00
20140711	3.97	4.08	3.94	4.05	46385045	205481696.00
20140714	4.03	4.08	4.00	4.07	26750704	119699280.00
20140715	4.05	4.09	4.02	4.06	27268737	122261640.00
20140716	4.05	4.10	4.03	4.04	37114858	166686560.00
20140717	4.03	4.04	3.98	3.98	20225021	89520032.00
20140718	3.97	4.01	3.97	3.99	15809925	69826544.00
20140721	3.99	4.00	3.96	3.97	13314962	58638844.00
20140722	3.97	4.01	3.96	3.99	16339830	72132696.00
20140723	4.01	4.03	3.99	3.99	22039292	97754720.00
20140724	4.01	4.03	3.98	4.02	27542478	122336368.00
20140725	4.02	4.08	4.01	4.08	29198118	130971320.00
20140728	4.11	4.18	4.09	4.18	60633391	277222848.00
20140729	4.20	4.39	4.15	4.24	76364766	349702560.00
20140730	4.21	4.24	4.18	4.22	36725446	166032512.00
20140731	4.26	4.26	4.19	4.25	26402513	119912176.00
20140801	4.25	4.29	4.20	4.21	35878480	163423680.00
20140804	4.21	4.26	4.20	4.25	30368008	138165344.00
20140805	4.25	4.31	4.23	4.29	43162172	197733120.00
20140806	4.28	4.30	4.23	4.27	30343369	138654512.00
20140807	4.27	4.34	4.24	4.29	52105498	239710784.00
20140808	4.29	4.29	4.25	4.26	24007044	109847152.00
20140811	4.27	4.30	4.27	4.29	28381623	130513448.00
20140812	4.32	4.32	4.25	4.28	28892490	132560696.00
20140813	4.28	4.35	4.26	4.34	76052263	351711744.00
20140814	4.32	4.36	4.28	4.30	46339394	214447664.00
20140815	4.31	4.43	4.27	4.33	54019467	252010448.00
20140818	4.30	4.41	4.30	4.34	43507869	202153472.00
20140819	4.34	4.34	4.29	4.33	36659686	169602208.00
20140820	4.32	4.39	4.31	4.39	64695973	302286528.00
20140821	4.39	4.39	4.30	4.34	33383838	155050944.00
20140822	4.33	4.50	4.31	4.44	87543647	413785088.00
20140825	4.42	4.45	4.34	4.37	46542895	218267056.00
20140826	4.36	4.41	4.31	4.34	42421177	197879600.00
20140827	4.33	4.35	4.29	4.30	25384233	117333704.00
20140828	4.33	4.43	4.23	4.34	58344860	271097696.00
20140829	4.38	4.38	4.30	4.34	25164902	116700512.00
20140901	4.33	4.35	4.30	4.34	27027226	125191928.00
20140902	4.37	4.46	4.33	4.43	85838572	405169184.00
20140903	4.45	4.54	4.41	4.46	81301035	388355456.00
20140904	4.48	4.52	4.44	4.51	61310809	293630688.00
20140905	4.51	4.99	4.49	4.99	283367304	1485197696.00
20141118	5.52	5.52	5.09	5.52	219890669	1270934656.00
20141119	5.54	5.97	5.52	5.60	393228903	2376454656.00
20141120	5.52	5.55	5.32	5.44	179490493	1026054528.00
20141121	5.43	5.44	5.30	5.40	122551580	695567168.00
20141124	5.40	5.54	5.31	5.44	145916650	836034560.00
20141125	5.46	5.73	5.35	5.62	191438257	1125910784.00
20141126	5.57	5.58	5.40	5.48	112484122	652765504.00
20141127	5.48	5.50	5.37	5.44	83342862	478352640.00
20141128	5.44	5.59	5.35	5.44	112876872	651331648.00
20141201	5.44	5.57	5.34	5.46	98747607	567932800.00
20141202	5.40	5.51	5.39	5.49	102844752	592711808.00
20141203	5.51	5.90	5.44	5.78	243657884	1446611456.00
20141204	5.69	5.84	5.61	5.77	173448211	1046014784.00
20141205	5.81	6.09	5.67	5.92	258016192	1602481664.00
20141208	6.10	6.52	6.10	6.21	255936009	1685762688.00
20141209	6.17	6.46	5.64	5.72	276423443	1773441024.00
20141210	5.70	6.03	5.69	5.97	156397409	962238272.00
20141211	6.00	6.24	5.89	6.04	184340008	1176270592.00
20141212	6.19	6.35	5.95	6.04	117281109	750511104.00
20141215	6.04	6.14	5.82	6.04	120754413	755779136.00
20141216	5.98	6.04	5.90	5.98	93028665	583481216.00
20141217	5.98	6.22	5.94	6.04	151609339	969645120.00
20141218	5.97	6.21	5.91	6.13	157525406	1008130048.00
20141219	6.13	6.77	6.11	6.77	403161268	2810529792.00
20141222	6.87	6.94	6.24	6.48	389806571	2684418560.00
20141223	6.27	6.34	5.91	5.93	158006255	1012946176.00
20141224	5.93	6.07	5.72	5.81	133905899	823599552.00
20141225	5.86	6.17	5.79	6.13	148779307	936586496.00
20141226	6.08	6.40	5.99	6.27	175441255	1143004544.00
20141229	6.37	6.46	6.18	6.28	157874298	1043556352.00
20141230	6.21	6.28	5.97	6.01	109921710	703076992.00
20141231	6.02	6.18	5.97	6.11	79704487	509181376.00
20150105	6.19	6.38	6.13	6.33	139411510	917937664.00
20150106	6.29	6.74	6.21	6.41	167889831	1140986752.00
20150107	6.36	6.52	6.24	6.36	103419103	688662656.00
20150108	6.39	6.62	6.37	6.42	150006443	1019525248.00
20150109	6.42	6.54	6.26	6.28	118194225	793637440.00
20150112	6.25	6.25	5.94	6.00	103451803	658658304.00
20150113	5.98	6.13	5.95	6.02	47620622	302359360.00
20150114	6.01	6.06	5.80	5.89	59337554	370084384.00
20150115	5.89	6.02	5.85	6.02	53044200	331708288.00
20150116	6.09	6.11	5.99	6.04	53690800	341159968.00
20150119	5.76	5.95	5.41	5.51	104441893	627032192.00
20150120	5.57	5.79	5.57	5.75	77417867	463655584.00
20150121	5.77	5.97	5.71	5.93	78606708	485067872.00
20150122	5.93	5.99	5.87	5.94	66414200	414342848.00
20150123	5.95	6.04	5.91	5.97	79173306	496805792.00
20150126	5.96	6.49	5.91	6.41	154927771	1016011264.00
20150127	6.29	6.40	6.16	6.29	118200435	776288064.00
20150128	6.29	6.57	6.21	6.36	145847642	981705024.00
20150129	6.22	6.34	6.12	6.26	77398479	507674752.00
20150130	6.34	6.36	6.11	6.17	61075585	398161696.00
20150202	6.11	6.12	5.96	5.98	54493225	344235680.00
20150203	6.08	6.12	5.98	6.06	35766912	227830400.00
20150204	6.11	6.55	6.08	6.32	114016483	756800000.00
20150205	6.33	6.44	6.06	6.07	89102604	580371072.00
20150206	6.02	6.16	5.89	5.98	47647354	301033472.00
20150209	6.01	6.08	5.90	5.94	38053280	240097168.00
20150210	6.04	6.06	5.94	6.02	27634276	174914848.00
20150211	6.02	6.07	6.01	6.04	26611687	169000784.00
20150212	6.05	6.15	5.99	6.12	38011554	242396816.00
20150213	6.15	6.24	6.11	6.14	49363582	320344704.00
20150216	6.14	6.28	6.11	6.20	49323026	319466400.00
20150217	6.20	6.28	6.20	6.24	45353659	297383392.00
20150225	6.27	6.29	6.15	6.18	40783130	266048096.00
20150226	6.20	6.44	6.19	6.37	91819183	607868800.00
20150227	6.37	6.48	6.33	6.39	74711642	502012064.00
20150302	6.52	6.55	6.36	6.42	84182518	567221184.00
20150303	6.40	6.53	6.27	6.31	108191122	724375104.00
20150304	6.30	6.36	6.23	6.33	59844877	395174208.00
20150305	6.29	6.34	6.15	6.24	60538084	395649408.00
20150306	6.20	6.28	6.17	6.20	46891117	305749280.00
20150309	6.15	6.29	6.12	6.28	54796515	357642752.00
20150310	6.32	6.54	6.30	6.43	129415492	874158464.00
20150311	6.45	6.48	6.24	6.28	109041996	723772352.00
20150312	6.27	6.47	6.20	6.43	109645666	727798656.00
20150313	6.41	6.61	6.35	6.50	127770604	868297856.00
20150316	6.55	6.87	6.47	6.78	223469603	1563950976.00
20150317	6.88	7.07	6.75	6.85	251771067	1815011968.00
20150318	6.87	7.03	6.78	6.97	189664250	1366595712.00
20150319	6.97	7.22	6.85	7.08	196620754	1447229312.00
20150320	7.08	7.18	6.97	7.00	113704044	833205696.00
20150323	7.04	7.09	6.92	7.01	141195029	1029593536.00
20150324	7.09	7.69	7.03	7.48	281252448	2161865984.00
20150325	7.53	7.78	7.26	7.62	246316224	1924290432.00
20150326	7.56	7.64	7.37	7.43	126572159	985836480.00
20150327	7.43	7.45	7.24	7.34	95379771	727820032.00
20150330	7.49	7.75	7.48	7.61	187429052	1488679168.00
20150331	7.67	7.68	7.41	7.42	150844457	1184193152.00
20150401	7.42	7.59	7.37	7.48	103112996	800694784.00
20150402	7.47	7.53	7.41	7.47	87549628	680577216.00
20150403	7.42	7.56	7.39	7.52	95917969	747402880.00
20150407	7.67	7.68	7.52	7.61	133002031	1050498496.00
20150408	7.62	7.63	7.34	7.54	145625304	1139126272.00
20150409	7.54	7.55	7.20	7.30	115520585	882974144.00
20150410	7.30	7.51	7.27	7.43	91076672	703773760.00
20150413	7.44	7.56	7.39	7.51	122077271	950951232.00
20150414	7.50	7.93	7.44	7.83	210026170	1691842304.00
20150415	7.89	8.64	7.74	8.64	423261450	3730051072.00
20150416	8.29	8.65	7.95	8.62	322029103	2780934400.00
20150417	8.63	9.51	8.62	9.51	409648521	3925189888.00
20150420	9.69	10.49	9.66	10.00	513034701	5302588928.00
20150421	9.69	10.12	9.34	9.97	298215780	2984869632.00
20150422	9.96	9.97	9.57	9.81	381059368	3856300544.00
20150423	9.77	10.10	9.57	9.85	334375246	3370922752.00
20150424	10.05	10.69	10.05	10.22	406719565	4319540224.00
20150427	10.67	10.78	10.15	10.34	435011731	4664664064.00
20150428	10.20	10.22	9.69	9.72	357584378	3642845696.00
20150429	9.71	10.06	9.39	9.83	184752756	1854951808.00
20150430	9.87	10.00	9.65	9.74	149153766	1507725312.00
20150504	9.74	9.79	9.45	9.64	123345620	1224344960.00
20150505	9.62	10.03	9.44	9.52	196974628	1978438656.00
20150506	9.52	9.66	8.99	9.08	155233933	1501035136.00
20150507	9.08	9.09	8.58	8.71	146768871	1337526912.00
20150508	8.72	8.99	8.57	8.81	117503464	1066650560.00
20150511	8.96	9.05	8.70	9.04	138661660	1278804608.00
20150512	9.05	9.47	8.96	9.32	159203653	1520637312.00
20150513	9.33	9.49	9.11	9.24	144101674	1381392128.00
20150514	9.19	9.21	8.93	9.03	111936523	1046582720.00
20150515	9.09	9.09	8.73	8.79	106959965	964497920.00
20150518	8.79	8.79	8.56	8.59	106708511	941718144.00
20150519	8.59	9.20	8.58	9.05	147083897	1346045184.00
20150520	9.08	9.45	9.00	9.19	182871142	1714728960.00
20150521	9.19	9.75	9.17	9.74	224863917	2193905152.00
20150522	9.87	10.12	9.50	9.75	222488310	2199373568.00
20150525	9.76	10.53	9.76	10.46	338107212	3528960768.00
20150526	10.55	10.59	10.03	10.38	273379202	2855769856.00
20150527	10.38	10.38	9.95	10.09	225055615	2306613504.00
20150528	10.15	10.27	9.15	9.18	241597875	2415911424.00
20150529	9.20	9.45	8.72	9.12	165989169	1547063808.00
20150601	9.20	9.72	9.20	9.70	148115403	1428586880.00
20150602	9.76	9.99	9.53	9.78	153041859	1513800704.00
20150603	9.75	9.78	9.40	9.53	129328119	1258248064.00
20150604	9.52	9.53	8.75	9.39	129514055	1209999616.00
20150605	9.49	9.69	9.35	9.61	186566450	1810674432.00
20150608	9.61	10.07	9.53	9.97	343508438	3434276096.00
20150609	9.97	9.98	9.70	9.79	194584695	1937324800.00
20150610	9.72	10.11	9.60	10.02	297509897	2993633024.00
20150611	10.05	10.37	9.81	10.35	371961085	3808729088.00
20150612	10.58	10.80	10.08	10.16	443240797	4697923584.00
20150615	10.23	10.33	9.74	9.86	258565229	2610845184.00
20150616	9.76	9.79	8.93	9.23	255502214	2438979840.00
20150617	9.25	9.45	8.82	9.41	190577915	1761959040.00
20150618	9.31	9.55	9.10	9.14	145089469	1380911488.00
20150619	9.05	9.42	8.86	8.91	180656106	1672829568.00
20150623	8.91	9.11	8.30	9.05	138241070	1246436864.00
20150624	9.15	9.37	9.06	9.32	155440623	1456680064.00
20150625	9.29	9.50	8.97	9.07	182887909	1728841856.00
20150626	8.82	8.89	8.15	8.15	188019114	1619191168.00
20150629	8.40	8.43	7.32	7.33	210012851	1644995328.00
20150630	7.30	7.80	6.58	7.76	213479336	1571321088.00
20150701	7.62	7.79	6.97	7.07	170400362	1305811840.00
20150702	7.08	7.27	6.35	6.36	202663728	1388774400.00
20150703	6.35	6.41	5.71	5.76	200512402	1222348544.00
20150706	6.35	6.35	6.05	6.35	396246380	2545238016.00
20150707	6.41	7.00	6.16	7.00	324086380	2248325888.00
20150708	6.72	7.45	6.29	7.44	506381677	3592557312.00
20150709	7.41	8.20	7.06	8.20	293299094	2343317248.00
20150710	8.20	9.02	7.85	8.80	364699017	3247706112.00
20150713	8.65	8.99	8.36	8.71	372210112	3309032704.00
20150714	8.46	8.60	7.83	7.92	281450840	2356655360.00
20150715	7.96	8.27	7.49	8.02	208800260	1687563520.00
20150716	8.02	8.31	8.02	8.08	182781767	1510265984.00
20150717	8.08	8.40	7.90	8.26	184475704	1536891904.00
20150720	8.15	8.29	7.97	8.09	146615628	1211689216.00
20150721	8.01	8.13	7.86	7.99	116768159	950015552.00
20150722	8.01	8.17	7.85	7.99	107336319	876374464.00
20150723	8.00	8.17	7.90	8.13	154751244	1270220032.00
20150724	8.15	8.53	8.03	8.16	239463977	2020307584.00
20150727	7.90	8.06	7.33	7.33	160178049	1266666752.00
20150728	7.03	7.32	6.63	7.05	158132819	1120389120.00
20150729	7.30	7.33	6.98	7.31	88390190	645413184.00
20150730	7.23	7.56	7.05	7.09	116193166	870146688.00
20150731	6.95	7.15	6.94	7.03	73755067	528536736.00
20150803	6.95	7.25	6.88	7.25	93134818	677013952.00
20150804	7.24	7.43	7.10	7.41	82605531	613812416.00
20150805	7.33	7.40	7.11	7.14	66737449	493882016.00
20150806	6.99	7.31	6.98	7.13	45289351	332224768.00
20150807	7.19	7.30	7.16	7.26	59345950	438236864.00
20150810	7.31	7.84	7.26	7.77	155140531	1206064000.00
20150811	7.65	7.79	7.60	7.64	99232809	778270208.00
20150812	7.55	7.94	7.50	7.70	98186421	777482368.00
20150813	7.62	8.04	7.61	7.93	114028898	913730752.00
20150814	8.02	8.11	7.86	7.88	113711126	924220224.00
20150817	7.94	8.15	7.68	8.09	124117470	1001315264.00
20150818	8.22	8.29	7.27	7.30	148607482	1191845760.00
20150819	7.16	7.49	6.85	7.39	86491889	636889728.00
20150820	7.25	7.35	7.05	7.11	50859786	374829120.00
20150821	7.05	7.21	6.65	6.76	61034889	431662336.00
20150824	6.56	7.15	6.07	6.30	133295354	872638464.00
20150825	6.30	6.95	6.13	6.83	286077581	1978681216.00
20150826	6.64	7.45	6.45	6.93	297233071	2135342720.00
20150827	7.01	7.26	6.26	6.85	220341067	1513615744.00
20150828	7.13	7.41	6.87	7.39	234285782	1705599232.00
20150831	7.12	7.74	6.91	7.69	228703569	1678647424.00
20150901	7.43	7.43	6.91	6.91	128301617	935916352.00
20150902	6.45	7.54	6.32	7.52	260899783	1911181824.00
20150907	7.35	7.74	7.16	7.22	147065214	1106380544.00
20150908	7.15	7.51	6.90	7.34	106027916	780445120.00
20150909	7.34	7.85	7.23	7.64	193061532	1490217344.00
20150910	7.41	7.58	7.24	7.33	109135276	823195328.00
20150911	7.23	7.39	7.16	7.34	62284423	463692672.00
20150914	7.35	7.42	6.74	7.38	124160547	910709248.00
20150915	7.15	7.25	6.86	7.08	69870863	507548000.00
20150916	7.05	7.73	6.96	7.48	91365393	683810048.00
20150917	7.39	7.52	7.11	7.12	80156279	600162624.00
20150918	7.15	7.35	7.06	7.15	47261131	346209152.00
20150921	7.12	7.27	7.08	7.24	38260083	281041728.00
20150922	7.31	7.39	7.20	7.26	55735985	413701696.00
20150923	7.15	7.21	6.98	7.02	49654999	359174592.00
20150924	7.07	7.21	7.00	7.04	33680814	243464224.00
20150925	7.03	7.11	6.85	6.98	39385297	279511616.00
20150928	6.94	7.03	6.84	6.95	19729308	139936000.00
20150929	6.87	7.08	6.81	6.93	31188904	222505616.00
20150930	6.97	7.00	6.75	6.82	27267873	191698240.00
20151008	7.00	7.03	6.92	6.99	34423570	245722368.00
20151009	7.02	7.05	6.95	7.00	30086283	214987424.00
20151012	7.00	7.30	6.98	7.21	71324992	521318720.00
20151013	7.16	7.31	7.12	7.24	55061513	404608768.00
20151014	7.21	7.22	7.03	7.03	43659253	317558432.00
20151015	7.07	7.25	7.02	7.21	62955912	461801184.00
20151016	7.25	7.60	7.15	7.46	128630700	963743616.00
20151019	7.46	7.58	7.22	7.31	90906766	688171136.00
20151020	7.28	7.35	7.20	7.32	70654634	523488672.00
20151021	7.32	7.49	7.02	7.28	111778301	832334464.00
20151022	7.09	7.30	7.09	7.26	52408750	385270368.00
20151023	7.26	7.27	7.10	7.25	63770858	468518112.00
20151026	7.32	7.34	7.21	7.28	61589146	456360768.00
20151027	7.27	7.27	7.03	7.15	52092026	378783744.00
20151028	7.11	7.17	6.96	7.00	40435251	292005696.00
20151029	7.05	7.09	6.97	7.01	35708466	255710336.00
20151030	7.02	7.04	6.96	6.99	25761189	184209312.00
20151102	6.96	7.05	6.91	6.94	25631577	182873120.00
20151103	6.98	7.06	6.90	6.99	27081026	192713040.00
20151104	7.00	7.17	6.96	7.16	59851887	433441184.00
20151105	7.15	7.45	7.10	7.27	121447635	903682368.00
20151106	7.24	7.29	7.14	7.27	83996831	619102208.00
20151109	7.22	7.71	7.20	7.68	173858617	1332478464.00
20151110	7.58	7.58	7.41	7.50	104804048	801853184.00
20151111	7.47	7.55	7.38	7.46	57208022	434195360.00
20151112	7.47	7.48	7.27	7.31	55352434	414176512.00
20151113	7.28	7.38	7.20	7.29	45961266	342400256.00
20151116	7.21	7.27	7.17	7.27	34192192	251433296.00
20151117	7.30	7.37	7.22	7.24	55776298	416017984.00
20151118	7.22	7.26	7.15	7.18	35073288	257356032.00
20151119	7.20	7.24	7.15	7.23	27074469	198807840.00
20151120	7.25	7.27	7.20	7.23	30430830	224626688.00
20151123	7.24	7.24	7.10	7.12	38278040	279929344.00
20151124	7.12	7.17	7.03	7.10	29563297	214057968.00
20151125	7.11	7.13	7.07	7.13	27910451	202215616.00
20151126	7.14	7.16	7.04	7.05	31047412	224663344.00
20151127	7.03	7.09	6.56	6.64	54811850	384398752.00
20151130	6.65	6.73	6.40	6.57	34402416	231816864.00
20151201	6.63	6.69	6.57	6.62	25248520	171255824.00
20151202	6.60	6.92	6.56	6.85	44931185	311342720.00
20151203	6.83	6.83	6.75	6.81	28905021	200604816.00
20151204	6.82	6.83	6.67	6.71	23921753	164809824.00
20151207	6.72	6.74	6.66	6.70	14464736	98995720.00
20151208	6.70	6.70	6.51	6.53	21927431	147762128.00
20151209	6.53	6.59	6.47	6.50	14765862	98599944.00
20151210	6.51	6.64	6.50	6.57	25854519	173676624.00
20151211	6.57	6.57	6.51	6.52	16011355	106962696.00
20151214	6.52	6.69	6.46	6.66	24554485	165014112.00
20151215	6.66	6.69	6.60	6.62	14054555	95507608.00
20151216	6.60	6.67	6.57	6.59	11325015	76707096.00
20151217	6.60	6.70	6.60	6.66	25066839	170718336.00
20151218	6.67	6.80	6.67	6.68	22615739	155319872.00
20151221	6.67	6.73	6.62	6.72	43841008	300388928.00
20151222	6.72	6.74	6.66	6.70	32211884	220316832.00
20151223	6.70	6.71	6.60	6.61	32705312	222249136.00
20151224	6.60	6.62	6.47	6.52	28409649	189502960.00
20151225	6.53	6.56	6.48	6.54	17132565	114291824.00
20151228	6.58	6.62	6.40	6.41	38347140	255552192.00
20151229	6.41	6.46	6.25	6.40	51759625	335267872.00
20151230	6.40	6.49	6.30	6.47	32193099	210170480.00
20151231	6.40	6.48	6.32	6.33	27965054	183012192.00
20160104	6.34	6.35	5.80	5.83	25580900	160001392.00
20160105	5.71	5.98	5.65	5.88	37585279	224479072.00
20160106	5.89	6.03	5.85	5.98	27960844	170406128.00
20160107	5.93	5.93	5.45	5.51	8800900	51918428.00
20160108	5.65	5.78	5.48	5.68	32961386	191591568.00
20160111	5.64	5.70	5.38	5.40	30510498	174265568.00
20160112	5.48	5.52	5.35	5.42	19294691	107585048.00
20160113	5.50	5.50	5.24	5.25	18255043	101320848.00
20160114	5.13	5.33	5.08	5.29	28136708	150586432.00
20160115	5.24	5.27	4.94	4.97	27557572	144387072.00
20160118	4.88	5.05	4.85	4.98	19153122	98214656.00
20160119	5.00	5.23	4.97	5.17	26492428	139421504.00
20160120	5.12	5.23	4.98	5.20	32310086	169901392.00
20160121	5.08	5.45	5.06	5.09	42409204	228859952.00
20160122	5.15	5.19	5.01	5.14	23998254	125844752.00
20160125	5.17	5.23	5.12	5.17	19055935	101358520.00
20160126	5.11	5.12	4.64	4.71	30007701	151283792.00
20160127	4.75	4.79	4.47	4.60	30744651	146374080.00
20160128	4.56	4.62	4.35	4.38	21063567	97776320.00
20160129	4.35	4.59	4.33	4.52	25172460	117076280.00
20160201	4.56	4.56	4.43	4.48	16253697	75844504.00
20160202	4.50	4.59	4.49	4.57	15068694	71022664.00
20160203	4.54	4.54	4.45	4.51	14058882	65268756.00
20160204	4.53	4.59	4.52	4.58	17006234	80202032.00
20160205	4.57	4.64	4.55	4.56	15159273	71854336.00
20160215	4.43	4.51	4.38	4.49	12086017	55496280.00
20160216	4.53	4.70	4.51	4.67	25372264	121361456.00
20160217	4.66	4.89	4.63	4.77	35852481	176299440.00
20160218	4.77	4.84	4.70	4.72	27996602	137241120.00
20160219	4.72	4.75	4.66	4.69	18298121	88608592.00
20160222	4.75	4.80	4.71	4.79	26789163	131767752.00
20160223	4.79	4.81	4.72	4.77	19213633	94334880.00
20160224	4.75	4.88	4.74	4.87	29873691	148203520.00
20160225	4.86	4.87	4.39	4.42	37290136	179061168.00
20160226	4.50	4.65	4.45	4.59	28004616	131504104.00
20160229	4.55	4.60	4.33	4.49	30047879	137949088.00
20160301	4.52	4.55	4.45	4.54	15049641	70078264.00
20160302	4.56	4.76	4.52	4.75	41700133	200215296.00
20160303	4.74	4.80	4.69	4.77	36527112	178850912.00
20160304	4.74	5.16	4.72	5.07	96997965	489356608.00
20160307	4.97	5.05	4.95	5.00	44398331	228445168.00
20160308	4.99	5.04	4.77	5.03	40663617	206055808.00
20160309	4.92	5.02	4.81	5.00	36145622	182598528.00
20160310	4.94	5.04	4.88	4.89	21696616	110727960.00
20160311	4.85	4.92	4.81	4.91	14570740	73194768.00
20160314	4.95	5.05	4.92	4.93	36700908	188178272.00
20160315	4.92	4.95	4.85	4.91	23446381	118117744.00
20160316	4.90	5.00	4.88	4.98	51657922	264452048.00
20160317	4.99	5.03	4.95	5.01	33570836	172312112.00
20160318	5.00	5.05	4.96	4.99	83980008	433085952.00
20160321	5.00	5.06	4.99	5.03	71756328	370865248.00
20160322	5.01	5.03	4.96	4.99	33765377	173728736.00
20160323	4.99	5.01	4.96	4.99	19564262	100454240.00
20160324	4.97	4.98	4.89	4.90	27330482	138832800.00
20160325	4.90	4.97	4.89	4.95	15682009	79724128.00
20160328	4.95	5.03	4.95	4.97	27286564	139846304.00
20160329	4.98	4.98	4.82	4.85	23405814	118104904.00
20160330	4.87	4.96	4.87	4.95	24284641	123280872.00
20160331	4.98	5.43	4.95	5.40	152142008	817102848.00
20160401	5.25	5.39	5.15	5.28	99757646	539894720.00
20160405	5.22	5.28	5.13	5.25	69961071	375247264.00
20160406	5.20	5.23	5.14	5.17	42671071	227639648.00
20160407	5.19	5.22	5.08	5.09	34059125	179989136.00
20160408	5.05	5.13	5.01	5.06	26087132	136126384.00
20160411	5.08	5.14	5.07	5.11	24951776	131454544.00
20160412	5.14	5.14	5.05	5.08	19201853	100461488.00
20160413	5.11	5.23	5.10	5.15	48812770	260082432.00
20160414	5.19	5.21	5.10	5.16	25521053	135042752.00
20160415	5.16	5.18	5.10	5.11	19937554	105132168.00
20160418	5.10	5.10	5.02	5.03	18945902	98320488.00
20160419	5.06	5.08	5.01	5.05	13538650	70269784.00
20160420	5.05	5.07	4.75	4.96	45639005	230891520.00
20160421	4.92	4.94	4.85	4.86	16702299	84331080.00
20160422	4.86	4.90	4.80	4.87	12265867	61284800.00
20160425	4.85	4.86	4.78	4.82	10158436	50405280.00
20160426	4.83	4.85	4.80	4.83	8595743	42740896.00
20160427	4.84	4.85	4.80	4.80	9710017	48272008.00
20160428	4.83	4.84	4.75	4.77	12930537	63746164.00
20160429	4.77	4.78	4.73	4.76	9171505	45064248.00
20160503	4.77	4.89	4.74	4.88	19445318	96930280.00
20160504	4.86	4.90	4.84	4.88	16059138	80744776.00
20160505	4.88	4.92	4.86	4.91	16725920	84429272.00
20160506	4.93	4.93	4.78	4.79	24756893	124063896.00
20160509	4.78	4.79	4.62	4.66	19302020	93087920.00
20160510	4.67	4.88	4.67	4.80	30251184	149250384.00
20160511	4.81	4.85	4.73	4.84	20738051	102409824.00
20160512	4.83	4.99	4.74	4.91	31928864	160963472.00
20160513	4.87	4.96	4.83	4.84	15915594	80102608.00
20160516	4.81	4.98	4.77	4.97	35134431	177242032.00
20160517	4.95	4.97	4.89	4.96	18272470	92792408.00
20160518	4.90	4.98	4.84	4.95	26046249	132193480.00
20160519	4.93	5.03	4.92	4.97	27257141	139869168.00
20160520	4.93	4.98	4.91	4.94	11161051	56839280.00
20160523	4.94	5.03	4.94	5.00	16878538	86871648.00
20160524	5.01	5.01	4.93	4.97	10720995	54751396.00
20160525	5.00	5.01	4.93	4.93	9437940	48356544.00
20160526	4.93	4.96	4.86	4.92	12048457	60938280.00
20160527	4.92	4.94	4.89	4.92	7937892	40244468.00
20160530	4.93	4.97	4.87	4.96	9707518	49324620.00
20160531	4.96	5.11	4.93	5.09	35984836	187480432.00
20160601	5.09	5.12	5.06	5.06	15956319	83629424.00
20160602	5.08	5.08	5.01	5.05	13200213	68498280.00
20160603	5.07	5.07	5.01	5.06	10855860	56337820.00
20160606	5.06	5.06	5.01	5.02	8596224	44574516.00
20160607	5.01	5.05	5.01	5.02	11115761	57506720.00
20160608	5.03	5.04	4.99	5.00	12313980	63430008.00
20160613	4.97	4.97	4.86	4.87	16483508	83605824.00
20160614	4.85	4.90	4.82	4.89	12258895	61405216.00
20160615	4.76	4.96	4.76	4.96	19945587	100673840.00
20160616	4.92	4.94	4.85	4.88	9355717	47168216.00
20160617	4.89	4.92	4.87	4.88	7144117	36033420.00
20160620	4.91	4.92	4.82	4.87	8913881	44643572.00
20160621	4.87	4.91	4.86	4.87	8797010	44319832.00
20160622	4.87	4.91	4.85	4.91	8306676	41962312.00
20160623	4.89	4.91	4.86	4.87	6411891	32229804.00
20160624	4.86	4.89	4.76	4.82	11712843	58369820.00
20160627	4.81	4.88	4.79	4.87	7017109	35137920.00
20160628	4.85	4.93	4.84	4.93	13435590	67901064.00
20160629	4.94	4.97	4.91	4.96	13853145	70649592.00
20160630	4.96	4.97	4.94	4.95	8776061	44828800.00
20160701	4.95	4.97	4.93	4.95	8989956	45821912.00
20160704	4.96	5.05	4.93	5.04	23141295	119401584.00
20160705	5.05	5.08	5.02	5.04	12136920	63110632.00
20160706	5.03	5.07	4.99	5.05	13209600	68404632.00
20160707	5.04	5.07	5.03	5.05	13063000	67922272.00
20160708	5.05	5.16	5.01	5.10	19442100	101680080.00
20160711	5.08	5.14	5.06	5.09	20460200	107534808.00
20160712	5.11	5.17	5.01	5.16	27668800	145470944.00
20160713	5.17	5.31	5.15	5.25	37333100	201438464.00
20160714	5.25	5.29	5.15	5.21	23700200	127091376.00
20160715	5.20	5.24	5.15	5.21	13928000	74285832.00
20160718	5.19	5.23	5.09	5.20	14356000	76219192.00
20160719	5.19	5.22	5.15	5.21	11955200	62104744.00
20160720	5.20	5.26	5.19	5.22	10918100	57118308.00
20160721	5.21	5.29	5.21	5.26	15615300	82144056.00
20160722	5.26	5.28	5.21	5.23	12613500	66086580.00
20160725	5.24	5.27	5.23	5.26	8945600	46987324.00
20160726	5.26	5.33	5.24	5.32	13907500	73622760.00
20160727	5.34	5.70	5.32	5.61	105981371	584062592.00
20160728	5.53	5.65	5.35	5.49	48545654	267795472.00
20160729	5.49	5.54	5.33	5.34	31800109	171630112.00
20160801	5.36	5.44	5.33	5.34	23827373	128077520.00
20160802	5.38	5.50	5.34	5.49	32203483	174907568.00
20160803	5.50	5.58	5.43	5.45	31177430	170942688.00
20160804	5.46	5.46	5.32	5.38	25247452	135391712.00
20160805	5.35	5.47	5.30	5.38	20779161	111857616.00
20160808	5.35	5.37	5.29	5.34	27336385	145438096.00
20160809	5.35	5.36	5.30	5.33	28694000	152652784.00
20160810	5.32	5.33	5.25	5.26	23400100	123611400.00
20160811	5.26	5.29	5.20	5.20	19577896	102553224.00
20160812	5.22	5.26	5.19	5.26	18386323	96011864.00
20160815	5.25	5.35	5.24	5.32	43717210	232149056.00
20160816	5.35	5.37	5.24	5.28	49838650	263361120.00
20160817	5.29	5.29	5.22	5.27	29178330	153084368.00
20160818	5.27	5.44	5.23	5.33	57385634	304782464.00
20160819	5.28	5.32	5.22	5.27	43888732	230568912.00
20160822	5.24	5.25	5.18	5.20	29693200	154829104.00
20160823	5.19	5.22	5.18	5.20	12011600	62503856.00
20160824	5.21	5.23	5.18	5.23	14029000	73049624.00
20160825	5.20	5.20	5.15	5.18	15788600	81639344.00
20160826	5.17	5.21	5.17	5.18	9268200	48088512.00
20160829	5.17	5.18	5.13	5.14	17554230	90300776.00
20160830	5.15	5.17	5.14	5.16	12868719	66335908.00
20160831	5.16	5.17	5.13	5.17	8863482	45693324.00
20160901	5.17	5.23	5.17	5.17	16963184	88220792.00
20160902	5.15	5.22	5.14	5.21	18083258	93788416.00
20160905	5.21	5.22	5.19	5.21	10463690	54446152.00
20160906	5.21	5.21	5.17	5.20	14285975	74129584.00
20160907	5.20	5.21	5.18	5.18	13552761	70368016.00
20160908	5.19	5.29	5.18	5.26	31708000	165902688.00
20160909	5.25	5.32	5.24	5.27	24593335	129832792.00
20160912	5.36	5.50	5.36	5.46	139240405	754895808.00
20160913	5.41	5.43	5.31	5.36	52433128	280194080.00
20160914	5.29	5.33	5.24	5.28	30161271	159060672.00
20160919	5.28	5.30	5.25	5.27	16475180	86848568.00
20160920	5.28	5.28	5.24	5.26	13437492	70614464.00
20160921	5.25	5.27	5.24	5.25	12935206	67971136.00
20160922	5.25	5.29	5.25	5.26	13793734	72644720.00
20160923	5.26	5.27	5.24	5.26	9780531	51357068.00
20160926	5.29	5.31	5.13	5.13	25165168	130770976.00
20160927	5.13	5.15	5.11	5.14	11294382	57926668.00
20160928	5.15	5.16	5.10	5.11	9717131	49729208.00
20160929	5.11	5.14	5.10	5.11	8599514	44029324.00
20160930	5.11	5.13	5.10	5.12	7577260	38733016.00
20161010	5.14	5.21	5.14	5.19	12740856	65871452.00
20161011	5.20	5.21	5.16	5.19	11111279	57627972.00
20161012	5.19	5.21	5.17	5.18	9715160	50418884.00
20161013	5.18	5.20	5.16	5.20	13020491	67414864.00
20161014	5.20	5.20	5.16	5.18	9393532	48617976.00
20161017	5.19	5.20	5.14	5.14	11709137	60499608.00
20161018	5.14	5.20	5.13	5.19	16391437	84777336.00
20161019	5.20	5.21	5.17	5.19	11620754	60309800.00
20161020	5.19	5.20	5.16	5.18	8550152	44227564.00
20161021	5.18	5.27	5.17	5.23	22715024	118481048.00
20161024	5.25	5.31	5.20	5.25	43913941	230941024.00
20161025	5.26	5.27	5.22	5.23	22529911	117964720.00
20161026	5.24	5.24	5.20	5.22	15641251	81641296.00
20161027	5.22	5.22	5.18	5.18	13650379	70859792.00
20161028	5.18	5.21	5.17	5.18	12960200	67229768.00
20161031	5.18	5.19	5.15	5.18	9483277	49046676.00
20161101	5.22	5.22	5.18	5.19	12461500	64764408.00
20161102	5.18	5.20	5.13	5.14	18753300	96587872.00
20161103	5.14	5.18	5.13	5.16	14871357	76738896.00
20161104	5.16	5.18	5.13	5.14	10919400	56230712.00
20161107	5.14	5.16	5.12	5.13	12238493	62869984.00
20161108	5.15	5.17	5.13	5.14	11315603	58247328.00
20161109	5.15	5.16	5.09	5.12	19835558	101633944.00
20161110	5.14	5.18	5.13	5.17	16686318	86186184.00
20161111	5.15	5.23	5.15	5.22	28275969	147031584.00
20161114	5.22	5.31	5.20	5.26	42124593	221825424.00
20161115	5.28	5.35	5.25	5.27	40022162	211765408.00
20161116	5.30	5.35	5.27	5.31	34019000	180307616.00
20161117	5.31	5.35	5.28	5.34	35476000	188531360.00
20161118	5.33	5.33	5.25	5.26	26304400	138736800.00
20161121	5.26	5.31	5.25	5.28	28113000	148424816.00
20161122	5.27	5.36	5.25	5.32	48951137	259726208.00
20161123	5.33	5.40	5.31	5.33	48341690	258853792.00
20161124	5.33	5.36	5.29	5.31	25186000	134286896.00
20161125	5.31	5.33	5.25	5.30	22620900	119551640.00
20161128	5.30	5.36	5.29	5.36	26225800	139874464.00
20161129	5.34	5.47	5.33	5.44	70619500	382379456.00
20161130	5.42	5.43	5.30	5.31	37842500	202513184.00
20161201	5.32	5.44	5.31	5.39	28214640	151396704.00
20161202	5.36	5.44	5.31	5.35	34587715	185413024.00
20161205	5.27	5.34	5.25	5.32	27115500	143494912.00
20161206	5.32	5.33	5.25	5.26	15083800	79598368.00
20161207	5.26	5.28	5.22	5.26	13672000	71738416.00
20161208	5.26	5.27	5.20	5.21	16868800	88231440.00
20161209	5.21	5.23	5.18	5.22	19087700	99229360.00
20161212	5.20	5.21	5.04	5.15	43119781	220772048.00
20161213	5.12	5.13	5.09	5.12	9598340	49052112.00
20161214	5.12	5.12	5.05	5.06	13428716	68336232.00
20161215	5.06	5.11	5.02	5.06	17959458	91002152.00
20161216	5.06	5.10	5.05	5.10	8900960	45233552.00
20161219	5.11	5.13	5.08	5.09	8598199	43818852.00
20161220	5.09	5.10	5.05	5.10	11858779	60146368.00
20161221	5.10	5.13	5.08	5.13	15424764	78754648.00
20161222	5.12	5.19	5.10	5.16	20906926	107838672.00
20161223	5.14	5.16	5.09	5.12	9013056	46138384.00
20161226	5.10	5.11	5.05	5.10	8689564	44112204.00
20161227	5.10	5.10	5.05	5.06	11075734	56207272.00
20161228	5.06	5.13	5.05	5.11	14291962	72987816.00
20161229	5.11	5.14	5.07	5.08	8187200	41701108.00
20161230	5.10	5.13	5.06	5.12	10241200	52181476.00
20170103	5.12	5.17	5.11	5.14	13174737	67702800.00
20170104	5.15	5.20	5.14	5.18	18205501	94234176.00
20170105	5.19	5.36	5.14	5.25	31169539	163546960.00
20170106	5.23	5.28	5.21	5.23	21116954	110644064.00
20170109	5.22	5.26	5.21	5.25	13072508	68459376.00
20170110	5.25	5.25	5.22	5.22	6799481	35584748.00
20170111	5.24	5.25	5.18	5.18	8887899	46374272.00
20170112	5.20	5.33	5.20	5.24	26506011	139896064.00
20170113	5.22	5.36	5.21	5.29	36701177	195202480.00
20170116	5.31	5.40	5.17	5.37	62617025	332187456.00
20170117	5.32	5.35	5.28	5.34	17465747	92782592.00
20170118	5.31	5.38	5.31	5.35	22610398	120884256.00
20170119	5.32	5.38	5.28	5.30	16170192	86248304.00
20170120	5.31	5.37	5.29	5.37	17818711	95120800.00
20170123	5.37	5.39	5.33	5.37	15269742	81872152.00
20170124	5.37	5.40	5.34	5.36	12997913	69697592.00
20170125	5.35	5.39	5.34	5.37	10993696	58963544.00
20170126	5.37	5.39	5.32	5.34	18017772	96518296.00
20170203	5.35	5.37	5.30	5.31	7312201	38868688.00
20170206	5.34	5.41	5.32	5.39	29556474	158755104.00
20170207	5.39	5.44	5.36	5.41	26105331	141263424.00
20170208	5.41	5.43	5.38	5.42	15183558	82094376.00
20170209	5.42	5.43	5.34	5.37	33525532	179929920.00
20170210	5.36	5.42	5.35	5.39	26587795	143249952.00
20170213	5.39	5.42	5.36	5.40	29820862	160554592.00
20170214	5.40	5.45	5.37	5.43	25421637	137472720.00
20170215	5.43	5.97	5.42	5.97	125604752	726409920.00
20170216	6.10	6.34	6.03	6.24	236187906	1461241216.00
20170217	6.11	6.13	5.98	6.00	121557307	734901440.00
20170220	6.00	6.06	5.91	6.05	69197200	415480640.00
20170221	6.05	6.05	5.96	5.97	51135458	305909312.00
20170222	5.99	6.00	5.88	5.95	59195496	350573280.00
20170223	5.92	5.93	5.86	5.89	34579747	203403584.00
20170224	5.87	6.17	5.87	6.10	107175500	647142656.00
20170227	6.09	6.09	5.92	5.94	44779600	268405808.00
20170228	5.90	5.97	5.88	5.91	20408650	120741896.00
20170301	5.90	6.01	5.87	5.93	26632295	158587776.00
20170302	5.89	5.94	5.79	5.81	37822432	221431616.00
20170303	5.81	5.89	5.80	5.85	21123814	123751832.00
20170306	5.81	5.88	5.79	5.87	26246251	152930720.00
20170307	5.87	5.91	5.81	5.89	22436100	131523512.00
20170308	5.85	5.88	5.82	5.86	18996871	111112640.00
20170309	5.83	5.83	5.65	5.70	42612489	243724400.00
20170310	5.71	5.72	5.63	5.65	21556502	121991016.00
20170313	5.64	5.65	5.56	5.62	37241323	208518368.00
20170314	5.63	5.65	5.58	5.60	25841353	145123248.00
20170315	5.59	5.63	5.58	5.63	18390254	103161064.00
20170316	5.64	5.71	5.63	5.65	30342670	171663440.00
20170317	5.66	5.67	5.55	5.57	23351630	131000792.00
20170320	5.59	5.62	5.55	5.61	17343100	96982880.00
20170321	5.62	5.68	5.60	5.66	25952900	146486800.00
20170322	5.64	5.69	5.59	5.68	33744902	190411648.00
20170323	5.69	5.70	5.61	5.65	24940071	140957152.00
20170324	5.64	5.92	5.61	5.86	69833100	405673600.00
20170327	5.91	6.08	5.90	5.96	89325697	536874752.00
20170328	5.96	6.00	5.83	5.87	34677048	203650032.00
20170329	5.86	6.29	5.86	6.10	110818739	677603776.00
20170330	6.10	6.21	5.95	6.02	84846560	514015456.00
20170331	6.10	6.10	5.85	5.90	47804255	282603104.00
20170405	5.90	5.96	5.85	5.96	35103771	207414848.00
20170406	5.95	6.15	5.89	6.07	63538759	385009184.00
20170407	6.05	6.07	5.98	6.00	41959007	252215456.00
20170410	6.00	6.03	5.92	5.98	28132589	168516864.00
20170411	5.96	6.12	5.96	6.11	54634200	330831072.00
20170412	6.07	6.33	6.06	6.24	97329600	602745408.00
20170413	6.17	6.31	6.12	6.15	57353951	355211776.00
20170414	6.16	6.17	5.91	6.01	50400829	303773824.00
20170417	6.00	6.08	5.94	6.05	24712087	148526576.00
20170418	6.06	6.06	5.95	5.96	23252486	139704656.00
20170419	5.92	5.97	5.83	5.97	26591057	156559488.00
20170420	5.97	6.06	5.93	5.99	23202602	139536880.00
20170421	5.99	6.06	5.92	6.06	27557039	165200016.00
20170424	6.02	6.17	5.91	6.14	40365700	243762880.00
20170425	6.08	6.16	6.03	6.04	23074700	140782096.00
20170426	6.04	6.05	5.95	5.95	18414900	110269360.00
20170427	5.94	6.05	5.85	6.04	31705700	189181344.00
20170428	6.12	6.12	5.97	6.04	22083899	133137720.00
20170502	6.04	6.06	5.95	5.96	16766053	100607456.00
20170503	5.93	6.00	5.85	5.88	27376915	161390880.00
20170504	5.85	5.87	5.73	5.86	27400000	158903296.00
20170505	5.84	5.89	5.76	5.88	19161000	111642288.00
20170508	5.85	5.99	5.77	5.97	30674800	180947696.00
20170509	5.93	5.97	5.87	5.92	11828400	70006840.00
20170510	5.92	5.94	5.74	5.87	21367300	124658880.00
20170511	5.80	5.99	5.70	5.94	36701800	216533216.00
20170512	5.89	6.04	5.87	5.96	18555266	110538488.00
20170515	5.95	6.03	5.92	6.02	19284628	115603584.00
20170516	6.02	6.09	5.95	6.08	23314871	140359760.00
20170517	6.09	6.14	6.05	6.08	22805290	138986272.00
20170518	6.07	6.14	6.03	6.11	17015400	103595704.00
20170519	6.11	6.11	6.03	6.09	13196737	80002520.00
20170522	6.03	6.13	5.98	6.12	22247899	134855584.00
20170523	6.10	6.20	6.03	6.19	39083700	239766480.00
20170524	6.16	6.20	6.08	6.20	26768200	164430752.00
20170525	6.16	6.22	6.15	6.18	18733100	115953672.00
20170526	6.18	6.22	6.15	6.21	19086800	118127672.00
20170531	6.21	6.31	6.20	6.30	29565550	185382624.00
20170601	6.32	6.40	6.23	6.39	38405742	243411856.00
20170602	6.37	6.42	6.23	6.25	30587916	193863184.00
20170605	6.26	6.28	6.13	6.17	28898493	178575392.00
20170606	6.18	6.21	6.12	6.19	23038697	141950464.00
20170607	6.20	6.23	6.16	6.19	26416148	163501328.00
20170613	6.17	6.18	6.05	6.11	28990364	177287248.00
20170614	6.11	6.25	6.11	6.18	23293721	144048752.00
20170615	6.17	6.18	6.10	6.17	15895498	97704896.00
20170616	6.17	6.19	6.11	6.12	12546824	76937088.00
20170619	6.13	6.19	6.11	6.13	12139053	74746120.00
20170620	6.12	6.16	6.08	6.15	19411414	118716032.00
20170621	6.16	6.19	6.14	6.19	15465593	95434144.00
20170622	6.16	6.32	6.16	6.28	28236931	176424704.00
20170623	6.26	6.32	6.14	6.29	30533670	190659136.00
20170626	6.27	6.39	6.25	6.31	33477659	212068448.00
20170627	6.35	6.37	6.28	6.31	16931650	106888560.00
20170628	6.31	6.33	6.25	6.26	14628703	91948504.00
20170629	6.28	6.31	6.24	6.27	14653736	91867032.00
20170630	6.25	6.35	6.20	6.34	24795715	155800416.00
20170703	6.33	6.40	6.31	6.35	20562199	130841432.00
20170704	6.34	6.39	6.30	6.39	20788085	132037704.00
20170705	6.38	6.40	6.28	6.29	22913949	145022064.00
20170706	6.31	6.34	6.27	6.30	19897710	125384984.00
20170707	6.30	6.40	6.26	6.40	29160855	185147824.00
20170710	6.40	6.65	6.40	6.60	54164252	355981632.00
20170711	6.51	6.62	6.51	6.56	32776866	215567712.00
数据来源:通达信
