600022 山东钢铁 日线 前复权
      日期	    开盘	    最高	    最低	    收盘	    成交量	    成交额
20111010	2.76	2.76	2.72	2.72	4564874	16196817.00
20111011	2.76	2.78	2.68	2.72	6336663	22536168.00
20111012	2.71	2.85	2.69	2.82	15931332	57828704.00
20111013	2.82	3.00	2.80	2.87	29250470	109977032.00
20111014	2.83	2.85	2.79	2.83	10920264	40035124.00
20111017	2.81	2.85	2.81	2.83	6346072	23305254.00
20111018	2.82	2.82	2.76	2.78	9516077	34409712.00
20111019	2.78	2.80	2.75	2.76	4502189	16208763.00
20111020	2.77	2.77	2.69	2.73	10412410	36744396.00
20111021	2.73	2.74	2.71	2.72	3475861	12288925.00
20111024	2.73	2.77	2.70	2.76	6199965	22099060.00
20111025	2.76	2.85	2.74	2.82	13042427	47461104.00
20111026	2.80	2.88	2.78	2.80	16264872	59749416.00
20111027	2.81	2.88	2.79	2.85	19145284	70940240.00
20111028	2.87	2.91	2.84	2.91	27765718	103895920.00
20111031	2.94	2.98	2.87	2.89	28422693	107764640.00
20111101	2.86	2.93	2.84	2.88	14849435	55676280.00
20111102	2.85	2.91	2.82	2.90	15689859	58187116.00
20111103	2.92	2.96	2.90	2.91	25328692	96573008.00
20111110	3.06	3.20	2.97	3.20	51950015	212836400.00
20111111	3.45	3.45	3.12	3.14	134334775	579485952.00
20111114	3.09	3.11	2.98	3.10	59074892	234177184.00
20111115	3.06	3.06	3.01	3.05	34591887	136495488.00
20111116	3.05	3.05	2.91	2.94	30975356	119423944.00
20111117	2.93	2.95	2.89	2.90	17442748	66080300.00
20111118	2.89	2.92	2.82	2.82	21798462	81258736.00
20111121	2.81	2.82	2.78	2.82	12376733	44971604.00
20111122	2.78	2.80	2.75	2.78	14202812	51196936.00
20111123	2.77	2.81	2.75	2.76	9106147	32846740.00
20111124	2.75	2.81	2.73	2.79	11276445	40633016.00
20111125	2.78	2.79	2.74	2.75	8187544	29388828.00
20111128	2.75	2.77	2.70	2.72	10782930	38199576.00
20111129	2.75	2.75	2.72	2.74	9192936	32638536.00
20111130	2.74	2.74	2.66	2.67	20763274	72426832.00
20111201	2.71	2.74	2.68	2.70	13259739	46748556.00
20111202	2.69	2.69	2.66	2.67	8282436	28766872.00
20111205	2.67	2.68	2.64	2.66	8635542	29836436.00
20111206	2.66	2.68	2.65	2.68	4955840	17178618.00
20111207	2.67	2.68	2.66	2.66	4202545	14587678.00
20111208	2.68	2.76	2.66	2.70	13289791	46977636.00
20111209	2.68	2.68	2.66	2.67	7831467	27159216.00
20111212	2.67	2.68	2.65	2.65	5981107	20696944.00
20111213	2.65	2.66	2.64	2.65	10251569	35276488.00
20111214	2.64	2.66	2.64	2.65	5267747	18164796.00
20111215	2.65	2.65	2.53	2.54	16105194	54792504.00
20111216	2.55	2.61	2.55	2.60	10405351	34839508.00
20111219	2.60	2.62	2.57	2.59	7468933	25093756.00
20111220	2.59	2.62	2.58	2.58	6145126	20731020.00
20111221	2.61	2.61	2.58	2.58	8329739	28093908.00
20111222	2.58	2.61	2.50	2.57	7292383	24234820.00
20111223	2.57	2.63	2.57	2.59	5906314	19911884.00
20111226	2.58	2.71	2.57	2.63	13952213	47955568.00
20111227	2.59	2.62	2.58	2.58	6263011	21123600.00
20111228	2.61	2.64	2.58	2.62	8124564	27515278.00
20111229	2.62	2.65	2.60	2.61	5681953	19403210.00
20111230	2.62	2.65	2.61	2.65	8064053	27632468.00
20120104	2.66	2.67	2.62	2.62	9067673	31258288.00
20120105	2.66	2.71	2.62	2.65	11961501	41278596.00
20120106	2.63	2.65	2.59	2.65	8494394	28901652.00
20120109	2.64	2.69	2.60	2.69	15505497	53537540.00
20120110	2.67	2.78	2.65	2.75	29782711	105201208.00
20120111	2.74	2.82	2.71	2.76	29108370	104902736.00
20120112	2.75	2.75	2.67	2.69	19823106	69749344.00
20120113	2.68	2.69	2.64	2.65	12747470	44057172.00
20120116	2.64	2.65	2.60	2.61	9708505	33125470.00
20120117	2.61	2.74	2.60	2.72	18376466	63668224.00
20120118	2.71	2.72	2.65	2.65	14969653	52168840.00
20120119	2.65	2.69	2.63	2.66	9619633	33259100.00
20120120	2.66	2.68	2.64	2.66	7872151	27210324.00
20120130	2.68	2.68	2.63	2.63	6125907	21130488.00
20120131	2.64	2.65	2.62	2.63	7489832	25571736.00
20120201	2.64	2.65	2.62	2.62	6713243	22903112.00
20120202	2.62	2.65	2.62	2.65	8394259	28727548.00
20120203	2.65	2.67	2.63	2.66	8909503	30738728.00
20120206	2.66	2.67	2.64	2.67	7345881	25378858.00
20120207	2.67	2.67	2.63	2.64	21857337	75166160.00
20120208	2.64	2.66	2.63	2.65	52480916	180518848.00
20120215	2.71	2.92	2.68	2.83	73174580	268491968.00
20120216	2.79	2.82	2.73	2.76	37034011	133058368.00
20120217	2.76	2.78	2.69	2.73	22597769	79878928.00
20120220	2.75	2.77	2.71	2.72	17728192	62990816.00
20120221	2.71	2.73	2.70	2.73	14186610	50112516.00
20120222	2.72	2.75	2.70	2.75	22179252	78544936.00
20120223	2.75	2.82	2.74	2.80	34321225	124235000.00
20120224	2.82	2.82	2.75	2.81	30056759	108962088.00
20120227	2.81	2.87	2.81	2.83	33637615	124021632.00
20120228	2.85	2.92	2.81	2.88	37293383	138868992.00
20120229	2.88	2.88	2.78	2.79	21272409	78092120.00
20120301	2.79	2.81	2.77	2.78	10349798	37473660.00
20120302	2.78	2.82	2.78	2.82	14824962	53938960.00
20120305	2.82	2.83	2.76	2.77	20529043	74354472.00
20120306	2.75	2.75	2.70	2.71	15485749	54725992.00
20120307	2.69	2.77	2.68	2.72	15223227	53745600.00
20120308	2.57	2.66	2.57	2.65	123105643	419529696.00
20120309	2.64	2.64	2.58	2.62	57227694	194142480.00
20120312	2.62	2.62	2.58	2.60	44443644	150108704.00
20120313	2.60	2.63	2.60	2.62	35536650	120546648.00
20120314	2.63	2.76	2.60	2.62	114659756	397452224.00
20120315	2.61	2.62	2.52	2.55	53727722	178928528.00
20120316	2.55	2.58	2.54	2.58	31142509	103437488.00
20120319	2.56	2.58	2.53	2.58	31461638	104518184.00
20120320	2.56	2.64	2.54	2.62	60798363	205166240.00
20120321	2.62	2.62	2.56	2.59	29258176	98430120.00
20120322	2.59	2.61	2.56	2.58	20757401	69530752.00
20120323	2.57	2.57	2.51	2.51	27250925	89943712.00
20120326	2.51	2.52	2.47	2.48	18196822	59035360.00
20120327	2.49	2.51	2.47	2.48	16433915	52995648.00
20120328	2.48	2.48	2.33	2.36	30333946	94190952.00
20120329	2.35	2.35	2.27	2.27	22584990	67312488.00
20120330	2.28	2.29	2.23	2.26	16974734	49901024.00
20120405	2.25	2.30	2.22	2.29	19050056	56240880.00
20120406	2.29	2.32	2.28	2.30	14225833	42474472.00
20120410	2.29	2.29	2.22	2.28	23021587	67409728.00
20120411	2.25	2.28	2.24	2.27	13536889	39785448.00
20120412	2.27	2.32	2.25	2.32	24688764	73269376.00
20120413	2.32	2.35	2.29	2.33	20945224	63291712.00
20120416	2.32	2.37	2.30	2.35	19277131	58507680.00
20120417	2.35	2.35	2.31	2.32	15790976	47750232.00
20120418	2.31	2.35	2.30	2.34	23946142	72343736.00
20120419	2.32	2.38	2.32	2.34	24711649	75505368.00
20120420	2.35	2.36	2.32	2.35	17348850	52809424.00
20120423	2.35	2.35	2.30	2.30	22283370	67031568.00
20120424	2.28	2.30	2.23	2.25	22637525	66482264.00
20120425	2.25	2.28	2.23	2.28	19444901	57049460.00
20120426	2.28	2.28	2.25	2.25	19069460	56046900.00
20120427	2.25	2.30	2.24	2.26	24050757	70965928.00
20120502	2.28	2.29	2.25	2.27	20154833	59586744.00
20120503	2.27	2.28	2.25	2.27	14031766	41301400.00
20120504	2.28	2.28	2.26	2.28	15887648	46956496.00
20120507	2.26	2.26	2.24	2.26	20583817	60208792.00
20120508	2.26	2.26	2.24	2.26	16957798	49530312.00
20120509	2.25	2.25	2.19	2.20	31234404	89891752.00
20120510	2.19	2.23	2.19	2.21	19247219	55262380.00
20120511	2.21	2.21	2.18	2.18	12720110	36202488.00
20120514	2.19	2.21	2.15	2.16	21085125	59780068.00
20120515	2.14	2.15	2.08	2.12	18819260	51624184.00
20120516	2.12	2.12	2.08	2.08	13457750	36691796.00
20120517	2.08	2.13	2.07	2.11	16386716	44776576.00
20120518	2.09	2.18	2.09	2.14	26950024	75033312.00
20120521	2.14	2.16	2.10	2.11	15723677	43360488.00
20120522	2.11	2.12	2.09	2.11	11593882	31732308.00
20120523	2.11	2.12	2.08	2.09	13362474	36308672.00
20120524	2.08	2.09	2.05	2.05	14742438	39697176.00
20120525	2.06	2.15	2.02	2.12	36880694	100333400.00
20120528	2.09	2.15	2.08	2.15	34171839	94276672.00
20120529	2.15	2.15	2.12	2.15	24902274	69288528.00
20120530	2.14	2.16	2.13	2.14	14693455	40908688.00
20120531	2.13	2.13	2.10	2.12	13850206	37994584.00
20120601	2.12	2.13	2.09	2.10	10546488	28928804.00
20120604	2.08	2.08	2.03	2.04	15446141	41202200.00
20120605	2.04	2.05	2.02	2.05	9240061	24437696.00
20120606	2.05	2.05	2.02	2.03	9171195	24194960.00
20120607	2.03	2.05	2.01	2.02	7896425	20806308.00
20120608	2.02	2.04	2.00	2.01	8207802	21485236.00
20120611	2.01	2.04	2.00	2.03	10651721	27967164.00
20120612	2.02	2.03	2.01	2.01	7391132	19404396.00
20120613	2.02	2.05	2.02	2.05	12684572	33627020.00
20120614	2.05	2.08	2.04	2.06	9918710	26565056.00
20120615	2.06	2.08	2.05	2.06	9281647	24889956.00
20120618	2.06	2.08	2.05	2.06	7053755	18957254.00
20120619	2.07	2.07	2.04	2.05	8618204	22976370.00
20120620	2.05	2.06	2.04	2.05	4907301	13057522.00
20120621	2.05	2.05	2.01	2.01	7870948	20682456.00
20120625	2.02	2.02	1.99	2.00	10185356	26536418.00
20120626	2.00	2.00	1.97	1.98	7086607	18220944.00
20120627	1.99	2.00	1.98	1.98	8383719	21688380.00
20120628	1.98	2.04	1.97	2.01	17706650	46259204.00
20120629	2.00	2.03	1.92	1.98	29581534	76573640.00
20120702	1.98	1.99	1.94	1.95	13317751	33914952.00
20120703	1.95	1.97	1.93	1.95	10413279	26408840.00
20120704	1.95	1.95	1.92	1.94	8859872	22248494.00
20120705	1.92	1.93	1.86	1.87	11412811	27999480.00
20120709	1.88	1.89	1.83	1.84	10850177	26331188.00
20120710	1.84	1.85	1.80	1.81	9044175	21372660.00
20120711	1.81	1.84	1.79	1.83	8228078	19407686.00
20120712	1.82	1.84	1.79	1.84	10537605	24859826.00
20120713	1.83	1.85	1.82	1.84	6441796	15329633.00
20120716	1.84	1.84	1.75	1.76	11097347	25817276.00
20120717	1.75	1.78	1.75	1.77	5782232	13284886.00
20120718	1.77	1.81	1.75	1.79	10227503	23653984.00
20120719	1.78	1.80	1.75	1.78	15127409	35036412.00
20120720	1.78	1.81	1.77	1.78	10284164	23879614.00
20120723	1.77	1.78	1.74	1.75	8075796	18401664.00
20120724	1.75	1.79	1.74	1.76	13990045	32180484.00
20120725	1.75	1.77	1.74	1.75	9866534	22441902.00
20120726	1.75	1.78	1.74	1.76	15419875	35414760.00
20120727	1.76	1.77	1.73	1.75	10009784	22700096.00
20120730	1.75	1.76	1.71	1.72	11204288	25188276.00
20120731	1.72	1.72	1.67	1.68	11743004	25718806.00
20120801	1.68	1.70	1.67	1.68	7389388	16240109.00
20120802	1.69	1.75	1.68	1.70	13238406	29499348.00
20120803	1.71	1.71	1.67	1.71	10262576	22586532.00
20120806	1.69	1.73	1.69	1.72	16857107	37636392.00
20120807	1.72	1.75	1.71	1.75	18708294	42081212.00
20120808	1.74	1.75	1.72	1.72	10406654	23388360.00
20120809	1.72	1.74	1.71	1.74	8999518	20203752.00
20120810	1.73	1.75	1.72	1.74	11613592	26237648.00
20120813	1.73	1.73	1.70	1.70	10643327	23718966.00
20120814	1.70	1.71	1.68	1.70	7521479	16553430.00
20120815	1.69	1.70	1.68	1.68	5985073	13137782.00
20120816	1.69	1.69	1.68	1.68	4088960	8965643.00
20120817	1.68	1.69	1.68	1.68	5111613	11175998.00
20120820	1.68	1.68	1.66	1.68	5632964	12232325.00
20120821	1.68	1.69	1.67	1.68	7950019	17386086.00
20120822	1.68	1.69	1.66	1.66	7379936	16058083.00
20120823	1.67	1.68	1.66	1.68	6841815	14850722.00
20120824	1.67	1.67	1.62	1.64	9172676	19631922.00
20120827	1.62	1.62	1.55	1.56	15931957	32615056.00
20120828	1.58	1.63	1.58	1.59	13616963	28272104.00
20120829	1.58	1.58	1.55	1.56	8397924	17098452.00
20120830	1.56	1.57	1.53	1.55	9375058	18920696.00
20120831	1.55	1.56	1.53	1.55	9263917	18609978.00
20120903	1.55	1.56	1.54	1.55	9928602	19983472.00
20120904	1.55	1.59	1.53	1.55	18164442	36742364.00
20120905	1.55	1.55	1.48	1.51	17695882	34596240.00
20120906	1.50	1.52	1.49	1.52	9916681	19484112.00
20120907	1.52	1.61	1.52	1.60	35227883	72297728.00
20120910	1.60	1.61	1.58	1.59	17355376	35867712.00
20120911	1.58	1.59	1.55	1.57	15478084	31583086.00
20120912	1.58	1.60	1.56	1.58	13843524	28439140.00
20120913	1.58	1.61	1.57	1.58	18464767	38162496.00
20120914	1.58	1.60	1.56	1.58	15330375	31540640.00
20120917	1.58	1.58	1.54	1.55	14053644	28460924.00
20120918	1.53	1.54	1.52	1.53	6954938	13820091.00
20120919	1.52	1.54	1.52	1.54	6959563	13804186.00
20120920	1.53	1.53	1.48	1.49	14093812	27491424.00
20120921	1.49	1.51	1.48	1.49	7559303	14660707.00
20120924	1.48	1.49	1.45	1.48	9883074	18892932.00
20120925	1.47	1.48	1.46	1.48	6616957	12674050.00
20120926	1.47	1.48	1.45	1.45	7903824	14995647.00
20120927	1.45	1.49	1.44	1.48	13540056	25884996.00
20120928	1.47	1.50	1.46	1.49	11363266	21898918.00
20121008	1.49	1.50	1.48	1.48	7949428	15358728.00
20121009	1.48	1.52	1.48	1.52	13270716	26046966.00
20121010	1.52	1.68	1.51	1.68	44688302	95258424.00
20121011	1.73	1.83	1.68	1.70	107201613	243169120.00
20121012	1.65	1.68	1.62	1.64	39729603	84852776.00
20121015	1.63	1.64	1.58	1.61	22075113	45855752.00
20121016	1.62	1.64	1.58	1.60	17755638	37239564.00
20121017	1.60	1.63	1.58	1.62	18289754	38242908.00
20121018	1.62	1.66	1.62	1.65	24211219	51709976.00
20121019	1.64	1.68	1.63	1.64	20254532	43530640.00
20121022	1.63	1.63	1.59	1.63	14659241	30678396.00
20121023	1.62	1.65	1.61	1.63	14402272	30442208.00
20121024	1.62	1.76	1.60	1.67	36719942	80074352.00
20121025	1.66	1.81	1.65	1.72	63903457	144856256.00
20121026	1.70	1.70	1.62	1.63	32685122	69923920.00
20121029	1.62	1.63	1.59	1.60	14399766	30051964.00
20121030	1.60	1.62	1.59	1.60	11698918	24395436.00
20121031	1.60	1.62	1.58	1.60	9650647	20038444.00
20121101	1.60	1.64	1.60	1.63	13822995	29144236.00
20121102	1.63	1.65	1.62	1.65	10371975	21993728.00
20121105	1.65	1.65	1.62	1.63	10201590	21649304.00
20121106	1.63	1.64	1.59	1.62	13297311	27743240.00
20121107	1.61	1.62	1.60	1.62	8439392	17696252.00
20121108	1.61	1.61	1.55	1.55	13878199	28466888.00
20121109	1.54	1.56	1.54	1.56	8952372	18078206.00
20121112	1.56	1.58	1.55	1.58	6597985	13404115.00
20121113	1.58	1.58	1.54	1.55	6754600	13681798.00
20121114	1.56	1.57	1.54	1.56	6140455	12410198.00
20121115	1.55	1.56	1.52	1.53	6520260	13066895.00
20121116	1.53	1.54	1.50	1.52	6861957	13507924.00
20121119	1.53	1.54	1.52	1.54	5589773	11120798.00
20121120	1.54	1.55	1.52	1.53	4612233	9210041.00
20121121	1.53	1.55	1.52	1.55	7906105	15816021.00
20121122	1.55	1.55	1.52	1.54	5003108	9963647.00
20121123	1.54	1.55	1.53	1.55	4433280	8879086.00
20121126	1.54	1.58	1.54	1.55	10588259	21375068.00
20121127	1.54	1.58	1.53	1.55	13602084	27505068.00
20121128	1.55	1.55	1.48	1.49	11742104	22956246.00
20121129	1.48	1.57	1.48	1.55	16102850	32002984.00
20121130	1.55	1.57	1.54	1.56	12787234	25814604.00
20121203	1.56	1.56	1.51	1.52	9899245	19667808.00
20121204	1.50	1.53	1.49	1.52	8333557	16357470.00
20121205	1.53	1.57	1.52	1.57	19481642	39378924.00
20121206	1.57	1.58	1.55	1.57	11099970	22552920.00
20121207	1.57	1.62	1.55	1.60	26459460	54594744.00
20121210	1.60	1.64	1.58	1.62	24116741	50522776.00
20121211	1.60	1.62	1.59	1.60	15980360	33271968.00
20121212	1.60	1.61	1.58	1.60	11346562	23470446.00
20121213	1.60	1.60	1.56	1.57	12110059	24831988.00
20121214	1.57	1.63	1.57	1.62	29102511	60868296.00
20121217	1.64	1.65	1.62	1.64	27374158	58324832.00
20121218	1.64	1.67	1.62	1.64	26244288	56192880.00
20121219	1.65	1.66	1.63	1.64	17277815	36965184.00
20121220	1.64	1.66	1.62	1.66	17986467	38353996.00
20121221	1.65	1.67	1.62	1.62	21665479	46232048.00
20121224	1.62	1.64	1.61	1.61	16349059	34445912.00
20121225	1.62	1.65	1.60	1.65	22813369	48465592.00
20121226	1.65	1.66	1.63	1.65	17481385	37334980.00
20121227	1.65	1.74	1.63	1.68	47242191	103278056.00
20121228	1.66	1.68	1.65	1.67	22854218	49446020.00
20121231	1.68	1.69	1.66	1.68	20284004	44240776.00
20130104	1.72	1.75	1.68	1.70	29587535	65904920.00
20130107	1.70	1.71	1.68	1.68	19670960	43219564.00
20130108	1.69	1.69	1.67	1.68	16253794	35499664.00
20130109	1.68	1.70	1.68	1.68	17721346	38872928.00
20130110	1.68	1.72	1.68	1.71	20438565	45239068.00
20130111	1.70	1.71	1.65	1.66	20127840	43861176.00
20130114	1.65	1.70	1.65	1.68	23852391	52056712.00
20130115	1.68	1.72	1.68	1.70	26527042	58674372.00
20130116	1.70	1.70	1.67	1.69	20552903	45089376.00
20130117	1.69	1.71	1.67	1.68	18254199	40014648.00
20130118	1.69	1.71	1.68	1.70	17591001	38722248.00
20130121	1.69	1.72	1.68	1.70	21731727	48026712.00
20130122	1.70	1.70	1.66	1.68	20634627	45091164.00
20130123	1.68	1.72	1.68	1.70	22457589	49544112.00
20130124	1.70	1.72	1.67	1.68	28954106	63833532.00
20130125	1.68	1.68	1.65	1.66	17467499	37852396.00
20130128	1.66	1.68	1.66	1.68	13761332	29925810.00
20130129	1.68	1.68	1.66	1.68	16440407	35764888.00
20130130	1.68	1.79	1.66	1.73	57274359	128615472.00
20130131	1.71	1.72	1.68	1.69	34288248	75513280.00
20130201	1.68	1.70	1.68	1.69	17461063	38350052.00
20130204	1.69	1.71	1.67	1.71	23170499	50843696.00
20130205	1.70	1.75	1.68	1.74	38380774	86052680.00
20130206	1.74	1.76	1.72	1.74	19364044	43749324.00
20130207	1.74	1.75	1.72	1.72	13506992	30373696.00
20130208	1.73	1.75	1.72	1.73	16077279	36299324.00
20130218	1.73	1.74	1.71	1.72	17861883	39975160.00
20130219	1.72	1.72	1.69	1.70	12324660	27337786.00
20130220	1.70	1.72	1.69	1.72	10302562	22867238.00
20130221	1.70	1.71	1.65	1.66	23308761	50660184.00
20130222	1.66	1.67	1.65	1.66	13783348	29719000.00
20130225	1.67	1.67	1.65	1.65	10433510	22445298.00
20130226	1.65	1.65	1.62	1.62	15673502	33318724.00
20130227	1.62	1.64	1.62	1.63	10308864	21760438.00
20130228	1.63	1.65	1.62	1.65	13696276	29225642.00
20130301	1.65	1.65	1.63	1.65	12325226	26249240.00
20130304	1.64	1.65	1.59	1.60	17262822	36217244.00
20130305	1.61	1.65	1.61	1.62	15228101	32221508.00
20130306	1.62	1.64	1.61	1.63	15055730	31778860.00
20130307	1.63	1.64	1.62	1.63	14324232	30332252.00
20130308	1.63	1.66	1.62	1.64	15940363	34020712.00
20130311	1.63	1.64	1.62	1.63	10339573	21802266.00
20130312	1.62	1.63	1.58	1.60	14051120	29306616.00
20130313	1.59	1.60	1.57	1.58	9724307	19982720.00
20130314	1.58	1.58	1.55	1.56	7943433	16202954.00
20130315	1.56	1.60	1.55	1.58	9845914	20142760.00
20130318	1.58	1.58	1.55	1.55	8954230	18149348.00
20130319	1.56	1.57	1.55	1.57	6913549	14018692.00
20130320	1.57	1.59	1.56	1.59	10904817	22429428.00
20130321	1.59	1.60	1.58	1.58	9919849	20461342.00
20130322	1.58	1.60	1.58	1.59	7822213	16169156.00
20130325	1.60	1.64	1.58	1.62	19189427	40250372.00
20130326	1.62	1.62	1.58	1.59	9801679	20320464.00
20130327	1.59	1.60	1.58	1.58	8866572	18282428.00
20130328	1.58	1.58	1.55	1.55	9814806	19897456.00
20130329	1.55	1.56	1.53	1.55	9420785	18938696.00
20130401	1.54	1.55	1.52	1.54	9750318	19435648.00
20130402	1.54	1.55	1.52	1.55	8809771	17611668.00
20130403	1.55	1.55	1.53	1.53	7270697	14530779.00
20130408	1.52	1.53	1.50	1.52	8567950	16865176.00
20130409	1.52	1.54	1.52	1.53	6218350	12368661.00
20130410	1.53	1.55	1.52	1.54	8639322	17233704.00
20130411	1.55	1.55	1.52	1.52	8199821	16334678.00
20130412	1.52	1.55	1.52	1.53	7769760	15482704.00
20130415	1.53	1.53	1.51	1.51	5728747	11316685.00
20130416	1.52	1.52	1.50	1.52	7012145	13765527.00
20130417	1.52	1.52	1.50	1.51	5473735	10742148.00
20130418	1.51	1.52	1.50	1.52	4248682	8327018.00
20130419	1.52	1.54	1.51	1.53	9447790	18756948.00
20130422	1.52	1.55	1.52	1.55	10865188	21752078.00
20130423	1.55	1.55	1.51	1.51	7328876	14466995.00
20130424	1.51	1.53	1.51	1.52	6830947	13520292.00
20130425	1.52	1.53	1.51	1.52	8496465	16815624.00
20130426	1.52	1.53	1.51	1.52	6166765	12169272.00
20130502	1.51	1.52	1.48	1.49	9145095	17760890.00
20130503	1.49	1.52	1.48	1.51	7177084	14070782.00
20130506	1.51	1.53	1.50	1.52	10197548	20124320.00
20130507	1.52	1.52	1.51	1.52	6097521	12001568.00
20130508	1.52	1.53	1.52	1.52	8625353	17041380.00
20130509	1.52	1.52	1.51	1.51	5147358	10138085.00
20130510	1.51	1.52	1.51	1.52	5939191	11670122.00
20130513	1.52	1.53	1.51	1.52	11186440	22050248.00
20130514	1.52	1.52	1.50	1.51	7970309	15604290.00
20130515	1.51	1.51	1.49	1.50	5909729	11523357.00
20130516	1.50	1.52	1.49	1.51	7922517	15500896.00
20130517	1.51	1.53	1.50	1.53	14626380	28926362.00
20130520	1.53	1.54	1.52	1.53	12551277	24950370.00
20130521	1.53	1.54	1.52	1.54	12124098	24158668.00
20130522	1.54	1.60	1.53	1.57	26583039	54114748.00
20130523	1.56	1.57	1.54	1.55	16626729	33463604.00
20130524	1.55	1.56	1.54	1.55	8992641	18098752.00
20130527	1.55	1.55	1.53	1.53	9132681	18263358.00
20130528	1.52	1.55	1.52	1.55	12044271	23985646.00
20130529	1.55	1.55	1.53	1.55	12636964	25383792.00
20130530	1.54	1.54	1.52	1.53	8494806	16932080.00
20130531	1.53	1.54	1.52	1.52	8758788	17418966.00
20130603	1.52	1.54	1.52	1.53	6893153	13684087.00
20130604	1.53	1.53	1.51	1.51	8702756	17132820.00
20130605	1.51	1.52	1.50	1.52	5850569	11462178.00
20130606	1.51	1.51	1.49	1.50	7007211	13679276.00
20130607	1.49	1.51	1.47	1.48	9004484	17417524.00
20130613	1.46	1.47	1.43	1.44	12134705	22808978.00
20130614	1.44	1.45	1.43	1.45	9513672	17802498.00
20130617	1.45	1.45	1.42	1.42	14945371	27735564.00
20130618	1.42	1.43	1.38	1.40	17640035	32112820.00
20130619	1.39	1.44	1.35	1.43	23348422	42414724.00
20130620	1.42	1.42	1.37	1.38	13647022	24707724.00
20130621	1.36	1.37	1.33	1.36	14746966	25960128.00
20130624	1.36	1.36	1.28	1.28	15838425	27091168.00
20130625	1.28	1.28	1.15	1.25	23542083	37720528.00
20130626	1.25	1.25	1.21	1.23	15392572	24541108.00
20130627	1.23	1.26	1.22	1.25	26440323	42483184.00
20130628	1.23	1.25	1.20	1.22	24944427	39787576.00
20130701	1.22	1.24	1.22	1.22	14639508	23276774.00
20130702	1.23	1.25	1.21	1.25	17476421	27854228.00
20130703	1.23	1.25	1.22	1.24	15916317	25564420.00
20130704	1.23	1.25	1.22	1.24	17301297	27810032.00
20130705	1.25	1.26	1.23	1.25	15986877	25908602.00
20130708	1.23	1.24	1.19	1.19	15688112	24706140.00
20130709	1.19	1.21	1.18	1.20	7282507	11344852.00
20130710	1.20	1.23	1.19	1.22	9349549	14730053.00
20130711	1.22	1.27	1.22	1.26	24914334	40499232.00
20130712	1.26	1.27	1.24	1.25	13626650	22176588.00
20130715	1.25	1.27	1.24	1.26	11970469	19496912.00
20130716	1.25	1.26	1.24	1.26	10707209	17434368.00
20130717	1.25	1.26	1.25	1.25	12108274	19719176.00
20130718	1.25	1.25	1.22	1.23	9492391	15240323.00
20130719	1.23	1.24	1.20	1.21	10947102	17376472.00
20130722	1.19	1.22	1.19	1.22	6170723	9654408.00
20130723	1.21	1.25	1.21	1.25	14423489	23130268.00
20130724	1.25	1.25	1.22	1.23	6870281	11005891.00
20130725	1.23	1.25	1.22	1.23	16359377	26363136.00
20130726	1.22	1.23	1.21	1.22	12852396	20346160.00
20130729	1.21	1.22	1.19	1.20	9480864	14805300.00
20130730	1.20	1.22	1.19	1.21	7409579	11624793.00
20130731	1.21	1.22	1.21	1.22	6556654	10336994.00
20130801	1.21	1.23	1.21	1.23	9465127	15063953.00
20130802	1.23	1.24	1.22	1.23	7107497	11369325.00
20130805	1.23	1.25	1.22	1.25	10377816	16654928.00
20130806	1.24	1.25	1.22	1.25	10157239	16324038.00
20130807	1.24	1.25	1.23	1.23	10777896	17372640.00
20130808	1.24	1.24	1.22	1.23	8386812	13433115.00
20130809	1.23	1.25	1.23	1.25	10020296	16127948.00
20130812	1.25	1.27	1.24	1.27	22909698	37371140.00
20130813	1.27	1.32	1.26	1.28	30859024	51789048.00
20130814	1.28	1.29	1.27	1.28	19475926	32441566.00
20130815	1.28	1.28	1.27	1.27	11448124	18990984.00
20130816	1.26	1.31	1.25	1.27	21542919	35657312.00
20130819	1.26	1.28	1.25	1.27	8726145	14304122.00
20130820	1.26	1.28	1.25	1.25	10859726	17762560.00
20130821	1.25	1.26	1.25	1.25	7618025	12385047.00
20130822	1.25	1.26	1.25	1.25	7972989	12976237.00
20130823	1.25	1.26	1.23	1.25	10387830	16835172.00
20130826	1.24	1.26	1.24	1.25	11834275	19229278.00
20130827	1.26	1.28	1.25	1.27	14778602	24291178.00
20130828	1.26	1.30	1.25	1.29	26650897	44262128.00
20130829	1.28	1.29	1.27	1.28	15046976	25024584.00
20130830	1.28	1.31	1.27	1.30	23954971	40241264.00
20130902	1.29	1.35	1.29	1.32	28742102	49219180.00
20130903	1.30	1.33	1.30	1.32	21524053	36739504.00
20130904	1.32	1.37	1.32	1.35	38876050	67941160.00
20130905	1.34	1.35	1.31	1.32	20244331	34807508.00
20130906	1.32	1.33	1.31	1.33	14867087	25503810.00
20130909	1.33	1.35	1.32	1.35	22011380	38419424.00
20130910	1.35	1.39	1.34	1.38	30178904	53874100.00
20130911	1.39	1.52	1.38	1.52	87413345	170635360.00
20130912	1.54	1.58	1.45	1.51	90285405	176514432.00
20130913	1.48	1.48	1.44	1.46	41008734	77782264.00
20130916	1.45	1.50	1.41	1.43	35534655	66793416.00
20130917	1.42	1.43	1.38	1.38	25019840	45576624.00
20130918	1.38	1.39	1.37	1.39	16156227	29029898.00
20130923	1.40	1.41	1.39	1.41	16803749	30591898.00
20130924	1.41	1.41	1.38	1.38	15287770	27561232.00
20130925	1.38	1.39	1.37	1.37	13562017	24315570.00
20130926	1.37	1.38	1.33	1.34	15977257	28128032.00
20130927	1.34	1.35	1.32	1.34	12503180	21738040.00
20130930	1.34	1.35	1.33	1.35	7434157	12935652.00
20131008	1.34	1.36	1.32	1.36	13273670	23242286.00
20131009	1.35	1.37	1.35	1.37	11757296	20717132.00
20131010	1.37	1.40	1.35	1.38	20997505	37305744.00
20131011	1.38	1.41	1.37	1.40	21943981	39726280.00
20131014	1.40	1.42	1.38	1.40	18851966	34299424.00
20131015	1.40	1.40	1.38	1.39	12455021	22427270.00
20131016	1.38	1.41	1.36	1.38	18466125	33249972.00
20131017	1.38	1.38	1.36	1.37	12968086	23173176.00
20131018	1.38	1.38	1.36	1.38	13112093	23327092.00
20131021	1.37	1.38	1.35	1.38	14916584	26589688.00
20131022	1.38	1.38	1.36	1.37	11371972	20236200.00
20131023	1.37	1.38	1.35	1.36	13580289	24035972.00
20131024	1.35	1.36	1.34	1.34	8724983	15292114.00
20131025	1.34	1.35	1.32	1.32	13201176	22888414.00
20131028	1.32	1.33	1.31	1.32	8106485	13899686.00
20131029	1.32	1.34	1.27	1.29	19399710	32831248.00
20131030	1.29	1.32	1.28	1.31	11484894	19462120.00
20131031	1.31	1.32	1.30	1.31	9549754	16251072.00
20131101	1.31	1.32	1.30	1.32	6901256	11734209.00
20131104	1.32	1.32	1.30	1.31	6304370	10716889.00
20131105	1.31	1.32	1.29	1.31	6808369	11549046.00
20131106	1.31	1.34	1.30	1.33	18247459	31324414.00
20131107	1.33	1.33	1.30	1.31	10815520	18465640.00
20131108	1.31	1.32	1.28	1.29	10890963	18331740.00
20131111	1.29	1.31	1.28	1.29	8266554	13941575.00
20131112	1.30	1.31	1.29	1.31	6948135	11751924.00
20131113	1.30	1.31	1.28	1.28	9276890	15560600.00
20131114	1.28	1.29	1.27	1.28	7725414	12849718.00
20131115	1.28	1.31	1.28	1.30	11846948	19999760.00
20131118	1.30	1.32	1.29	1.32	15136354	25788038.00
20131119	1.32	1.32	1.31	1.32	10875598	18595104.00
20131120	1.31	1.32	1.31	1.32	16188897	27640056.00
20131121	1.32	1.32	1.31	1.32	9312220	15905089.00
20131122	1.32	1.32	1.31	1.31	7773483	13271336.00
20131125	1.31	1.32	1.31	1.31	8541018	14593415.00
20131126	1.31	1.32	1.31	1.32	8478504	14503465.00
20131127	1.32	1.35	1.31	1.33	19568810	33704812.00
20131128	1.33	1.36	1.32	1.35	29997247	52437584.00
20131129	1.35	1.35	1.33	1.35	10829948	18874252.00
20131202	1.33	1.35	1.30	1.31	22805056	39117912.00
20131203	1.30	1.34	1.30	1.33	15619659	26859388.00
20131204	1.32	1.36	1.32	1.35	27041983	47274356.00
20131205	1.35	1.36	1.34	1.35	16384605	28745872.00
20131206	1.35	1.38	1.34	1.37	25922822	45816412.00
20131209	1.37	1.38	1.35	1.36	15385284	27319064.00
20131210	1.36	1.39	1.35	1.38	25287733	45070776.00
20131211	1.38	1.38	1.34	1.35	16275646	28688360.00
20131212	1.35	1.35	1.34	1.35	7978467	13958217.00
20131213	1.34	1.35	1.33	1.35	6645937	11577603.00
20131216	1.35	1.35	1.32	1.32	11176751	19298144.00
20131217	1.32	1.32	1.31	1.31	6712296	11445360.00
20131218	1.31	1.31	1.29	1.31	9437340	15950706.00
20131219	1.31	1.32	1.29	1.31	10241026	17368504.00
20131220	1.31	1.31	1.28	1.28	8819029	14808295.00
20131223	1.28	1.28	1.27	1.28	7220334	11985792.00
20131224	1.28	1.29	1.28	1.28	5750860	9583510.00
20131225	1.28	1.29	1.28	1.28	6798765	11337479.00
20131226	1.28	1.28	1.25	1.26	12602165	20787984.00
20131227	1.26	1.28	1.25	1.27	9379119	15462905.00
20131230	1.28	1.28	1.27	1.27	5869149	9705550.00
20131231	1.27	1.28	1.26	1.28	6557347	10894214.00
20140102	1.28	1.28	1.27	1.28	6381090	10601134.00
20140103	1.28	1.28	1.26	1.28	6131708	10102942.00
20140106	1.27	1.27	1.24	1.25	7629186	12359956.00
20140107	1.25	1.25	1.23	1.24	6174555	9927966.00
20140108	1.24	1.25	1.22	1.23	6630809	10630912.00
20140109	1.23	1.23	1.20	1.21	9599100	15194962.00
20140110	1.20	1.21	1.19	1.20	7852231	12237856.00
20140113	1.19	1.22	1.19	1.20	8358279	13082421.00
20140114	1.20	1.22	1.19	1.22	7202509	11283594.00
20140115	1.22	1.22	1.20	1.21	5708530	8957633.00
20140116	1.21	1.22	1.20	1.21	7469045	11721940.00
20140117	1.21	1.21	1.18	1.18	8154158	12664575.00
20140120	1.19	1.19	1.18	1.18	5209939	8019373.00
20140121	1.18	1.20	1.18	1.19	6116285	9475990.00
20140122	1.19	1.22	1.18	1.22	9311119	14644451.00
20140123	1.22	1.22	1.21	1.21	5006990	7892118.00
20140124	1.21	1.22	1.20	1.22	7175494	11326688.00
20140127	1.22	1.22	1.21	1.22	5970090	9420187.00
20140128	1.22	1.23	1.22	1.22	8914295	14167885.00
20140129	1.22	1.23	1.22	1.22	9689579	15391562.00
20140130	1.22	1.22	1.21	1.22	6112018	9670368.00
20140207	1.22	1.23	1.21	1.23	7317494	11624161.00
20140210	1.23	1.25	1.22	1.25	12872533	20803692.00
20140211	1.25	1.27	1.24	1.25	14104818	22977310.00
20140212	1.25	1.26	1.24	1.25	10808669	17577384.00
20140213	1.25	1.26	1.24	1.25	13023763	21193572.00
20140214	1.25	1.26	1.25	1.26	9442145	15370780.00
20140217	1.26	1.28	1.25	1.28	16478127	27046048.00
20140218	1.27	1.28	1.25	1.25	10984475	17979392.00
20140219	1.25	1.27	1.25	1.27	13143641	21543014.00
20140220	1.27	1.29	1.26	1.28	24187099	40166272.00
20140221	1.27	1.28	1.25	1.25	10990447	17981690.00
20140224	1.25	1.25	1.22	1.23	10710101	17060148.00
20140225	1.22	1.23	1.20	1.22	11589010	18350440.00
20140226	1.21	1.22	1.19	1.22	7515711	11776920.00
20140227	1.22	1.22	1.20	1.21	12164314	19158336.00
20140228	1.21	1.22	1.20	1.22	9419294	14786584.00
20140303	1.21	1.23	1.20	1.23	11765446	18626012.00
20140304	1.22	1.22	1.21	1.22	8232123	13024937.00
20140305	1.22	1.23	1.22	1.22	7663350	12138022.00
20140306	1.22	1.22	1.20	1.22	7388166	11624606.00
20140307	1.22	1.22	1.21	1.22	9124755	14420464.00
20140310	1.21	1.22	1.18	1.19	12941300	20106124.00
20140311	1.18	1.20	1.18	1.20	8683315	13444583.00
20140312	1.19	1.22	1.18	1.21	15943574	24972260.00
20140313	1.20	1.22	1.19	1.21	11907497	18692052.00
20140314	1.20	1.21	1.19	1.21	7380999	11506361.00
20140317	1.20	1.22	1.19	1.22	10182164	15966220.00
20140318	1.22	1.22	1.20	1.21	7638490	12000272.00
20140319	1.20	1.23	1.19	1.22	19395354	30544632.00
20140320	1.22	1.22	1.20	1.21	13738708	21678658.00
20140321	1.20	1.23	1.20	1.23	23529770	37242200.00
20140324	1.23	1.27	1.22	1.25	34821004	56351952.00
20140325	1.25	1.26	1.24	1.25	17467870	28365368.00
20140326	1.25	1.25	1.23	1.24	12577383	20318840.00
20140327	1.23	1.25	1.22	1.24	11768540	18873948.00
20140328	1.23	1.26	1.22	1.25	18131546	29297258.00
20140331	1.25	1.25	1.23	1.24	9612383	15463729.00
20140401	1.24	1.25	1.23	1.25	6195266	9961356.00
20140402	1.24	1.28	1.23	1.26	25090620	40965156.00
20140403	1.25	1.25	1.23	1.24	18208750	29450560.00
20140404	1.24	1.25	1.23	1.25	6283299	10111739.00
20140408	1.24	1.26	1.24	1.25	21765195	35388152.00
20140409	1.25	1.26	1.25	1.26	10483885	17103304.00
20140410	1.25	1.28	1.25	1.27	24692628	40542056.00
20140411	1.26	1.28	1.25	1.27	31043688	51237108.00
20140414	1.27	1.27	1.25	1.26	13297046	21708124.00
20140415	1.25	1.26	1.24	1.24	13372892	21679660.00
20140416	1.24	1.25	1.23	1.25	9142619	14762912.00
20140417	1.25	1.25	1.23	1.24	7434361	11988541.00
20140418	1.24	1.25	1.22	1.24	10770619	17303088.00
20140421	1.24	1.25	1.23	1.23	14689706	23746414.00
20140422	1.23	1.24	1.22	1.22	11786774	18782006.00
20140423	1.22	1.24	1.22	1.23	8639404	13798624.00
20140424	1.22	1.23	1.22	1.22	8133959	12926742.00
20140425	1.22	1.22	1.18	1.19	14263759	22339128.00
20140428	1.19	1.19	1.16	1.17	15252138	23307376.00
20140429	1.17	1.18	1.16	1.17	11429259	17376272.00
20140430	1.17	1.18	1.16	1.18	5932615	9040356.00
20140505	1.18	1.18	1.16	1.18	9650992	14696154.00
20140506	1.17	1.19	1.17	1.18	11368941	17483586.00
20140507	1.18	1.18	1.17	1.18	6752928	10326695.00
20140508	1.17	1.18	1.17	1.18	7311729	11181418.00
20140509	1.18	1.19	1.17	1.18	13057964	20039292.00
20140512	1.18	1.22	1.18	1.22	28146780	44058144.00
20140513	1.22	1.22	1.20	1.20	10881106	17043720.00
20140514	1.20	1.22	1.20	1.21	7449232	11684455.00
20140515	1.21	1.21	1.19	1.19	9002673	14043588.00
20140516	1.19	1.20	1.18	1.19	5959875	9237649.00
20140519	1.19	1.20	1.18	1.19	7190457	11082668.00
20140520	1.18	1.20	1.18	1.18	3927461	6077173.00
20140521	1.18	1.19	1.18	1.19	4689611	7238545.00
20140522	1.19	1.21	1.18	1.19	8491026	13212209.00
20140523	1.18	1.19	1.18	1.19	6488405	10009692.00
20140526	1.19	1.20	1.18	1.19	5417407	8407426.00
20140527	1.19	1.20	1.18	1.20	5475711	8497293.00
20140528	1.19	1.20	1.18	1.20	5338969	8275240.00
20140529	1.20	1.20	1.18	1.19	4684984	7255680.00
20140530	1.19	1.20	1.18	1.18	4406892	6810219.00
20140603	1.18	1.19	1.18	1.18	4278679	6607380.00
20140604	1.19	1.19	1.18	1.18	5338767	8204253.00
20140605	1.18	1.19	1.18	1.19	6022489	9257715.00
20140606	1.19	1.19	1.18	1.18	5114943	7859772.00
20140609	1.18	1.18	1.18	1.18	8305027	12716745.00
20140610	1.18	1.18	1.17	1.18	6411145	9815122.00
20140611	1.18	1.18	1.18	1.18	3331897	5110461.00
20140612	1.18	1.18	1.17	1.18	6443384	9853480.00
20140613	1.17	1.18	1.17	1.18	9022843	13848561.00
20140616	1.18	1.19	1.18	1.19	7039803	10839127.00
20140617	1.18	1.19	1.18	1.18	4891126	7502867.00
20140618	1.18	1.18	1.18	1.18	8438627	12921300.00
20140619	1.18	1.18	1.15	1.16	9525584	14492117.00
20140620	1.17	1.17	1.16	1.17	4036342	6106344.00
20140623	1.16	1.17	1.16	1.17	4643888	7021724.00
20140624	1.16	1.17	1.16	1.17	4259225	6454197.00
20140625	1.17	1.17	1.16	1.17	4963283	7505764.00
20140626	1.16	1.18	1.16	1.18	8454509	12864039.00
20140627	1.17	1.21	1.17	1.19	32476176	50093056.00
20140630	1.18	1.21	1.18	1.20	26578535	41261088.00
20140701	1.19	1.20	1.18	1.19	10338074	15998900.00
20140702	1.19	1.20	1.18	1.20	14561816	22595114.00
20140703	1.19	1.22	1.19	1.21	21841794	34243252.00
20140704	1.21	1.22	1.19	1.21	19859977	31173570.00
20140707	1.21	1.21	1.19	1.19	10094228	15726875.00
20140708	1.20	1.21	1.19	1.21	14568389	22767312.00
20140709	1.20	1.21	1.18	1.19	12593525	19596824.00
20140710	1.18	1.20	1.18	1.20	9561986	14826103.00
20140711	1.19	1.21	1.18	1.21	12557227	19633870.00
20140714	1.21	1.22	1.20	1.22	10874305	17080158.00
20140715	1.22	1.25	1.20	1.22	33851566	53786184.00
20140716	1.22	1.24	1.22	1.22	22147946	35343320.00
20140717	1.22	1.23	1.21	1.22	12059255	19138758.00
20140718	1.22	1.23	1.22	1.22	11015308	17527674.00
20140721	1.22	1.23	1.22	1.22	7955282	12634908.00
20140722	1.22	1.23	1.21	1.22	11459112	18206976.00
20140723	1.22	1.24	1.22	1.24	19813272	31679304.00
20140724	1.23	1.25	1.23	1.25	24394266	39351300.00
20140725	1.25	1.27	1.24	1.26	30199497	49305084.00
20140728	1.26	1.33	1.25	1.29	52254952	87243840.00
20140729	1.29	1.30	1.27	1.28	29590321	49275040.00
20140730	1.28	1.29	1.27	1.28	26067103	43413688.00
20140731	1.28	1.32	1.26	1.30	41533723	69517480.00
20140801	1.29	1.32	1.28	1.28	38985930	65902176.00
20140804	1.28	1.32	1.28	1.31	26973441	45432608.00
20140805	1.31	1.34	1.30	1.32	47187387	80773440.00
20140806	1.32	1.35	1.30	1.35	48746767	84466608.00
20140807	1.36	1.40	1.33	1.34	76200573	134590528.00
20140808	1.33	1.35	1.32	1.32	38397514	66338548.00
20140811	1.32	1.35	1.32	1.35	28626693	49648248.00
20140812	1.35	1.35	1.33	1.34	26165114	45508840.00
20140813	1.34	1.35	1.32	1.32	29206184	50346416.00
20140814	1.32	1.34	1.31	1.31	27031416	46460264.00
20140815	1.31	1.33	1.30	1.32	22985489	39354744.00
20140818	1.32	1.33	1.32	1.33	19921935	34226952.00
20140819	1.32	1.38	1.32	1.35	55740702	97631808.00
20140820	1.34	1.40	1.33	1.39	106449025	189647024.00
20140821	1.39	1.42	1.37	1.41	46975436	85368768.00
20140822	1.40	1.41	1.37	1.39	25843677	46656208.00
20140825	1.39	1.41	1.36	1.38	24601913	44249212.00
20140826	1.38	1.38	1.33	1.34	27885628	49161112.00
20140827	1.34	1.35	1.33	1.33	13735341	23887892.00
20140828	1.33	1.36	1.32	1.35	23363218	40761156.00
20140829	1.35	1.35	1.33	1.35	13365529	23248824.00
20140901	1.34	1.36	1.34	1.36	15624924	27407180.00
20140902	1.35	1.38	1.35	1.38	18296185	32466216.00
20140903	1.38	1.40	1.37	1.38	32630067	58603112.00
20140904	1.38	1.39	1.36	1.38	39136126	69846632.00
20140905	1.37	1.39	1.36	1.39	34613385	62130516.00
20140909	1.39	1.42	1.38	1.41	47495614	86549280.00
20140910	1.40	1.49	1.38	1.45	87343007	162924032.00
20140911	1.44	1.45	1.41	1.42	47825395	88922992.00
20140912	1.42	1.46	1.41	1.45	48599834	91143400.00
20140915	1.45	1.48	1.44	1.47	43808119	83232048.00
20140916	1.48	1.62	1.47	1.56	273077632	561113088.00
20140917	1.53	1.54	1.49	1.54	124218839	244520208.00
20140918	1.52	1.61	1.52	1.55	90556836	183909232.00
20140919	1.55	1.55	1.52	1.54	48977464	97497544.00
20140922	1.54	1.54	1.47	1.48	53927203	104656640.00
20140923	1.48	1.50	1.47	1.50	32083729	61933032.00
20140924	1.49	1.54	1.48	1.52	48523988	95439296.00
20140925	1.52	1.54	1.52	1.52	43562546	86496824.00
20140926	1.52	1.55	1.49	1.53	46981585	92754432.00
20140929	1.53	1.54	1.52	1.52	33961457	67301328.00
20140930	1.52	1.53	1.51	1.53	31500639	62224116.00
20141008	1.53	1.55	1.52	1.55	38230416	76288440.00
20141009	1.55	1.57	1.53	1.56	54932658	110580160.00
20141010	1.55	1.59	1.55	1.58	66970260	136799504.00
20141013	1.58	1.58	1.55	1.58	37991682	77424720.00
20141014	1.57	1.60	1.56	1.58	42157733	86471936.00
20141015	1.57	1.65	1.56	1.63	99225056	207477152.00
20141016	1.61	1.65	1.58	1.58	91457137	192139632.00
20141017	1.58	1.58	1.53	1.56	60950977	123069240.00
20141020	1.55	1.57	1.54	1.57	26175337	52803736.00
20141021	1.56	1.58	1.54	1.54	36148031	73132784.00
20141022	1.54	1.55	1.51	1.52	30357230	60351480.00
20141023	1.51	1.52	1.47	1.48	38263973	74056496.00
20141024	1.48	1.49	1.47	1.48	22232418	42785356.00
20141110	1.62	1.62	1.62	1.62	9441891	19922390.00
20141111	1.78	1.78	1.78	1.78	11707988	27162532.00
20141112	1.95	1.96	1.86	1.96	236557450	595293888.00
20141113	2.04	2.16	2.00	2.16	177657268	487950880.00
20141114	2.29	2.38	2.08	2.10	436039903	1278860288.00
20141117	2.03	2.03	1.93	1.98	222446627	572142080.00
20141118	1.95	1.98	1.92	1.97	142925376	362861408.00
20141119	1.96	1.97	1.91	1.95	137980816	347822112.00
20141120	1.92	1.94	1.89	1.91	110174493	274092320.00
20141121	1.92	1.92	1.88	1.92	97420296	240624816.00
20141124	1.93	1.98	1.90	1.95	181638343	459570720.00
20141125	1.94	1.97	1.93	1.97	121020394	307321344.00
20141126	1.97	1.98	1.93	1.95	101476007	257435696.00
20141127	1.95	2.04	1.94	1.99	144217254	371359680.00
20141128	1.98	2.05	1.97	2.02	173344658	453858144.00
20141201	2.02	2.09	2.02	2.08	166696136	446109824.00
20141202	2.08	2.08	2.02	2.08	129978450	347663328.00
20141203	2.08	2.25	2.08	2.17	227302566	640731712.00
20141204	2.15	2.20	2.12	2.20	144642378	406984672.00
20141205	2.20	2.21	2.00	2.09	155443858	428010048.00
20141208	2.09	2.18	2.02	2.15	144438192	396079232.00
20141209	2.13	2.29	2.10	2.12	245604690	701398336.00
20141210	2.11	2.17	2.05	2.16	112102611	308853728.00
20141211	2.17	2.38	2.16	2.38	311459744	923265408.00
20141212	2.50	2.50	2.29	2.34	255328241	787717696.00
20141215	2.30	2.35	2.27	2.32	103608601	310138592.00
20141216	2.32	2.44	2.30	2.39	161331959	497117856.00
20141217	2.37	2.43	2.34	2.37	126850467	392525536.00
20141218	2.37	2.41	2.35	2.37	79116985	244370736.00
20141219	2.37	2.52	2.34	2.48	231667431	733693696.00
20141222	2.48	2.73	2.47	2.61	313932043	1078258048.00
20141223	2.56	2.56	2.35	2.39	143901945	455249664.00
20141224	2.37	2.41	2.31	2.35	81071663	247052688.00
20141225	2.35	2.45	2.35	2.44	78306810	244991536.00
20141226	2.43	2.48	2.42	2.47	87842080	280850368.00
20141229	2.46	2.50	2.41	2.43	106825142	340532160.00
20141230	2.41	2.42	2.35	2.37	62275036	192908512.00
20141231	2.37	2.41	2.35	2.40	56250479	174135120.00
20150105	2.41	2.51	2.38	2.48	120445930	384762112.00
20150106	2.48	2.49	2.42	2.46	88388227	282675936.00
20150107	2.45	2.51	2.43	2.49	74198645	238597824.00
20150108	2.48	2.49	2.39	2.41	63527834	200330736.00
20150109	2.38	2.42	2.35	2.37	66482058	206471648.00
20150112	2.35	2.35	2.25	2.27	70323329	209777504.00
20150113	2.25	2.27	2.22	2.25	53466151	155789984.00
20150114	2.25	2.25	2.18	2.20	37326851	107696808.00
20150115	2.20	2.28	2.18	2.28	44956400	130532088.00
20150116	2.28	2.32	2.28	2.31	44305600	132333504.00
20150119	2.24	2.26	2.08	2.10	69222694	194085072.00
20150120	2.12	2.17	2.12	2.17	43393625	121066736.00
20150121	2.17	2.24	2.15	2.24	49654133	142581184.00
20150122	2.25	2.31	2.22	2.28	68942400	203833152.00
20150123	2.27	2.28	2.23	2.24	51847609	151915584.00
20150126	2.23	2.28	2.22	2.28	43846944	128581744.00
20150127	2.28	2.28	2.22	2.26	44201390	129378344.00
20150128	2.27	2.27	2.24	2.25	29441315	86204864.00
20150129	2.24	2.28	2.22	2.26	52204452	152949920.00
20150130	2.25	2.26	2.22	2.23	34649226	100956272.00
20150202	2.20	2.20	2.14	2.16	33404338	94114576.00
20150203	2.15	2.18	2.15	2.18	29998525	84355560.00
20150204	2.18	2.24	2.17	2.21	51800544	149173568.00
20150205	2.22	2.23	2.15	2.16	34618776	98298816.00
20150206	2.15	2.15	2.05	2.06	39011644	106253992.00
20150209	2.06	2.08	1.98	2.05	41849940	110165072.00
20150210	2.03	2.08	2.02	2.08	24431745	65340976.00
20150211	2.08	2.11	2.08	2.09	21209385	57695108.00
20150212	2.08	2.12	2.08	2.11	21486679	58642120.00
20150213	2.11	2.22	2.11	2.19	50205291	141994736.00
20150216	2.19	2.22	2.18	2.20	30572121	87342216.00
20150217	2.21	2.23	2.21	2.23	38348235	110739272.00
20150225	2.22	2.26	2.22	2.23	33107718	96344384.00
20150226	2.22	2.25	2.18	2.25	45400304	131478688.00
20150227	2.25	2.27	2.24	2.26	45214653	132746360.00
20150302	2.28	2.41	2.25	2.35	95586176	291596224.00
20150303	2.35	2.35	2.28	2.28	60409044	181451280.00
20150304	2.28	2.33	2.27	2.32	42329061	127118760.00
20150305	2.32	2.32	2.27	2.28	37646624	111962560.00
20150306	2.27	2.30	2.25	2.28	37922029	112400800.00
20150309	2.28	2.29	2.25	2.29	34570291	101760696.00
20150310	2.28	2.31	2.27	2.30	32255181	96187232.00
20150311	2.30	2.31	2.27	2.28	30499358	90764216.00
20150312	2.29	2.30	2.27	2.30	32607219	96911984.00
20150313	2.30	2.33	2.29	2.33	69423884	209070640.00
20150316	2.34	2.38	2.33	2.38	72455171	222358944.00
20150317	2.38	2.52	2.38	2.49	168110381	538715584.00
20150318	2.49	2.68	2.47	2.63	190411005	642836096.00
20150319	2.62	2.62	2.54	2.57	152701992	511750080.00
20150320	2.57	2.65	2.57	2.63	133903608	456255296.00
20150323	2.65	2.89	2.65	2.89	297854928	1102490880.00
20150324	2.92	3.18	2.90	3.18	436499289	1754591488.00
20150325	3.26	3.26	3.08	3.09	305415078	1242106624.00
20150326	3.08	3.14	2.96	3.02	166140458	656904768.00
20150327	3.01	3.07	2.95	3.02	121275033	472341312.00
20150330	3.02	3.09	3.02	3.08	129290817	514352960.00
20150331	3.08	3.12	3.02	3.03	130893067	522027936.00
20150401	3.03	3.07	3.00	3.06	99309629	391287008.00
20150402	3.06	3.08	3.02	3.07	95456755	378605344.00
20150403	3.05	3.17	3.02	3.12	179026683	725766400.00
20150407	3.13	3.18	3.12	3.18	176749380	724868416.00
20150408	3.18	3.41	3.08	3.30	241453922	1007644736.00
20150409	3.28	3.30	3.12	3.17	139693577	581556160.00
20150410	3.15	3.26	3.13	3.20	113082400	470446880.00
20150413	3.15	3.28	3.14	3.23	180409930	752901248.00
20150414	3.22	3.42	3.18	3.34	215171759	925390784.00
20150415	3.32	3.33	3.19	3.21	126407389	536803232.00
20150416	3.18	3.24	3.08	3.22	97202455	402066304.00
20150417	3.23	3.37	3.23	3.30	177349507	758868800.00
20150420	3.28	3.52	3.19	3.42	276312713	1217483904.00
20150421	3.42	3.75	3.38	3.75	261426153	1207547648.00
20150422	3.86	3.99	3.77	3.91	295157804	1494957824.00
20150423	3.92	4.22	3.85	4.12	245574924	1296568576.00
20150424	4.08	4.12	3.92	3.97	183295292	950066880.00
20150427	3.97	4.08	3.85	3.99	179435377	924587840.00
20150428	4.00	4.00	3.72	3.76	160399597	801186048.00
20150429	3.75	3.86	3.62	3.81	98442596	482250336.00
20150430	3.82	3.85	3.71	3.72	78619133	383992992.00
20150504	3.72	3.98	3.70	3.92	127843672	643573952.00
20150505	3.96	3.96	3.62	3.69	110473712	540944768.00
20150506	3.64	3.73	3.32	3.45	100992857	467770912.00
20150507	3.39	3.40	3.12	3.12	109193408	456766368.00
20150508	3.14	3.27	3.14	3.26	88412042	370519808.00
20150511	3.29	3.48	3.26	3.42	102761534	450073760.00
20150512	3.42	3.48	3.35	3.45	80192847	357476320.00
20150513	3.43	3.54	3.35	3.39	103746975	464058592.00
20150514	3.38	3.39	3.27	3.38	86471787	374299296.00
20150515	3.37	3.37	3.25	3.27	66098985	283596896.00
20150518	3.24	3.24	3.18	3.19	59150168	247101824.00
20150519	3.18	3.32	3.17	3.31	74482000	317179808.00
20150520	3.32	3.38	3.31	3.32	85852217	373134112.00
20150521	3.31	3.38	3.23	3.36	95692525	412582720.00
20150522	3.38	3.56	3.35	3.55	182881934	825662784.00
20150525	3.54	3.68	3.48	3.66	158386357	744128512.00
20150526	3.67	4.03	3.54	3.97	286619132	1409735552.00
20150527	3.89	4.07	3.75	3.93	251419126	1274780672.00
20150528	3.90	4.07	3.62	3.68	253987321	1293528064.00
20150529	3.65	3.77	3.38	3.62	164172706	774474880.00
20150601	3.62	3.84	3.62	3.83	148430332	724496384.00
20150602	3.85	3.96	3.82	3.94	174506152	883372544.00
20150603	3.95	3.95	3.78	3.88	154105254	775962304.00
20150604	3.86	4.05	3.76	4.05	269141085	1378938240.00
20150605	4.09	4.35	4.00	4.21	324593419	1755304320.00
20150608	4.22	4.25	4.04	4.18	239316193	1290092800.00
20150609	4.16	4.16	4.01	4.08	154272740	819246208.00
20150610	4.04	4.21	3.95	4.13	180450239	967435584.00
20150611	4.13	4.23	4.04	4.15	165286976	894338816.00
20150612	4.15	4.35	4.06	4.31	296601850	1633800448.00
20150615	4.27	4.74	4.25	4.65	387803629	2288487168.00
20150616	4.56	4.59	4.28	4.33	264646955	1524099712.00
20150617	4.29	4.76	4.24	4.76	276370109	1631140864.00
20150618	4.88	5.24	4.78	5.05	487201334	3208887296.00
20150619	4.88	5.22	4.75	4.99	406336371	2622644992.00
20150623	4.92	5.49	4.85	5.19	529086567	3609961728.00
20150624	5.07	5.68	4.92	5.65	569743761	3908105984.00
20150625	5.45	5.65	5.09	5.28	405401452	2860743424.00
20150626	5.00	5.06	4.75	4.75	210271165	1325943936.00
20150629	4.77	4.88	4.27	4.27	281487647	1641508224.00
20150630	4.08	4.51	3.85	4.47	299496230	1616116096.00
20150701	4.44	4.62	4.05	4.12	281718363	1625442816.00
20150702	4.10	4.22	3.71	3.71	201341071	1011056000.00
20150703	3.45	3.68	3.34	3.34	162628215	719256960.00
20150706	3.65	3.65	3.01	3.14	219582794	932667840.00
20150707	3.00	3.00	2.82	2.82	115685933	430372704.00
20150708	2.54	2.54	2.54	2.54	38977500	128625752.00
20150709	2.28	2.79	2.28	2.79	244336615	826478784.00
20150710	2.86	3.07	2.86	3.07	144956183	569998784.00
20150713	3.26	3.38	3.08	3.38	251440708	1080502528.00
20150714	3.41	3.62	3.24	3.38	263426258	1176023168.00
20150715	3.23	3.31	3.04	3.04	180868772	733984000.00
20150716	2.85	3.19	2.85	3.11	139302464	551417984.00
20150717	3.11	3.34	3.08	3.28	151556736	635025152.00
20150720	3.28	3.41	3.22	3.28	145753329	625927680.00
20150721	3.23	3.37	3.13	3.30	144089699	616612096.00
20150722	3.30	3.38	3.16	3.32	149292019	635473792.00
20150723	3.30	3.50	3.27	3.48	236284404	1050092416.00
20150724	3.45	3.61	3.31	3.36	241577967	1090488192.00
20150727	3.23	3.33	3.02	3.02	173205435	715893120.00
20150728	2.80	3.13	2.72	2.92	133883632	501169952.00
20150729	2.96	3.14	2.91	3.12	115129362	452153376.00
20150730	3.12	3.38	3.06	3.18	160331320	665334592.00
20150731	3.10	3.24	3.05	3.12	81715371	333398016.00
20150803	3.12	3.14	2.85	3.05	84328243	329676448.00
20150804	3.07	3.19	3.05	3.18	117127024	476221728.00
20150805	3.15	3.23	3.08	3.11	108597211	445801600.00
20150806	3.01	3.08	2.93	3.03	61567603	243182640.00
20150807	3.05	3.12	3.05	3.10	64321478	258613040.00
20150810	3.13	3.31	3.13	3.26	179417474	752937792.00
20150811	3.27	3.45	3.21	3.35	224623361	967017024.00
20150812	3.28	3.42	3.24	3.26	151935685	656953280.00
20150813	3.23	3.35	3.20	3.34	143740944	615417216.00
20150814	3.48	3.48	3.35	3.36	186543210	827787392.00
20150817	3.33	3.70	3.29	3.70	324934621	1500487936.00
20150818	3.76	3.88	3.33	3.35	412375010	1974694528.00
20150819	3.19	3.69	3.12	3.69	272222127	1225970304.00
20150820	3.77	4.06	3.70	4.06	459593624	2306420480.00
20150821	3.92	4.21	3.67	3.83	345773295	1743992064.00
20150824	3.46	3.65	3.45	3.45	147561098	669553408.00
20150825	3.10	3.22	3.10	3.10	119252357	482586944.00
20150826	3.04	3.15	2.79	2.79	227059215	866805568.00
20150827	2.85	2.90	2.52	2.82	210471322	744193280.00
20150828	2.83	3.10	2.74	3.10	242376774	914967296.00
20150831	3.05	3.05	2.85	2.88	179156791	685065472.00
20150901	2.85	2.85	2.62	2.66	121811878	429821952.00
20150902	2.54	2.77	2.48	2.53	102294710	346147296.00
20150907	2.55	2.70	2.55	2.60	86372945	294963104.00
20150908	2.60	2.75	2.54	2.71	82537238	282798848.00
20150909	2.73	2.96	2.66	2.88	149187396	547850240.00
20150910	2.80	2.85	2.74	2.75	103456720	375130656.00
20150911	2.73	2.80	2.68	2.73	61226517	217977296.00
20150914	2.77	2.80	2.46	2.48	102483121	348378208.00
20150915	2.46	2.47	2.27	2.32	78370938	242174976.00
20150916	2.34	2.55	2.33	2.52	87409698	276692768.00
20150917	2.52	2.65	2.43	2.44	97452768	320363744.00
20150918	2.46	2.55	2.43	2.51	60596360	195637216.00
20150921	2.45	2.58	2.42	2.55	70935578	232411072.00
20150922	2.55	2.62	2.52	2.56	85048942	283792608.00
20150923	2.48	2.52	2.41	2.46	73835828	236523648.00
20150924	2.46	2.49	2.44	2.48	49392474	158463360.00
20150925	2.46	2.47	2.38	2.39	53207572	167205600.00
20150928	2.39	2.42	2.35	2.41	32490154	100768760.00
20150929	2.36	2.38	2.33	2.34	33173523	101479504.00
20150930	2.36	2.38	2.33	2.35	22722236	69394104.00
20151008	2.41	2.43	2.38	2.41	43810038	137317952.00
20151009	2.41	2.44	2.38	2.43	53969582	169459808.00
20151012	2.43	2.59	2.41	2.55	103889905	339320800.00
20151013	2.52	2.54	2.48	2.52	72358776	236005488.00
20151014	2.51	2.59	2.50	2.53	104210843	346032416.00
20151015	2.58	2.72	2.52	2.63	145599122	493263136.00
20151016	2.64	2.65	2.59	2.63	108303344	368896544.00
20151019	2.64	2.69	2.60	2.64	115471848	397276736.00
20151020	2.63	2.65	2.58	2.65	79034431	268755968.00
20151021	2.64	2.72	2.40	2.41	137800721	464349056.00
20151022	2.39	2.48	2.38	2.47	90304919	285099328.00
20151023	2.49	2.55	2.45	2.52	75444547	245649568.00
20151026	2.54	2.56	2.48	2.52	66173258	216230944.00
20151027	2.48	2.49	2.40	2.48	60851901	193349888.00
20151028	2.48	2.58	2.45	2.48	99543146	326524448.00
20151029	2.48	2.49	2.43	2.46	60929890	194822528.00
20151030	2.43	2.46	2.41	2.43	41775091	132222912.00
20151102	2.39	2.42	2.35	2.37	50496500	156431936.00
20151103	2.37	2.40	2.36	2.38	28860561	89098816.00
20151104	2.39	2.47	2.38	2.47	64489599	203908640.00
20151105	2.45	2.61	2.44	2.52	153273440	502926176.00
20151106	2.50	2.60	2.48	2.55	118867524	392328064.00
20151109	2.52	2.59	2.52	2.57	110562251	368573536.00
20151110	2.55	2.60	2.52	2.59	100481921	335031328.00
20151111	2.60	2.71	2.58	2.62	148668970	510198784.00
20151112	2.59	2.60	2.53	2.55	97442617	324179392.00
20151113	2.51	2.52	2.45	2.45	73698598	237757744.00
20151116	2.42	2.49	2.40	2.48	39427984	125548496.00
20151117	2.49	2.53	2.48	2.48	59275564	192915280.00
20151118	2.49	2.49	2.45	2.45	40513481	130084576.00
20151119	2.45	2.50	2.45	2.49	40325569	129643960.00
20151120	2.49	2.51	2.48	2.49	48020861	155597056.00
20151123	2.49	2.49	2.45	2.46	43405525	139579840.00
20151124	2.46	2.46	2.42	2.45	37165180	117574608.00
20151125	2.45	2.47	2.44	2.46	37190765	118597776.00
20151126	2.46	2.48	2.44	2.45	43378441	138657424.00
20151127	2.45	2.45	2.29	2.32	74281101	229029296.00
20151130	2.33	2.35	2.23	2.33	50311169	150908368.00
20151201	2.33	2.35	2.30	2.34	30191488	90961640.00
20151202	2.33	2.43	2.30	2.42	66429516	205163280.00
20151203	2.40	2.44	2.38	2.41	46357333	144956000.00
20151204	2.39	2.39	2.35	2.35	37541885	115518872.00
20151207	2.36	2.36	2.32	2.35	22656189	69024392.00
20151208	2.34	2.34	2.29	2.31	32285939	97033120.00
20151209	2.30	2.35	2.28	2.34	33024669	99564872.00
20151210	2.34	2.34	2.28	2.29	29736720	89158672.00
20151211	2.28	2.29	2.25	2.29	23081409	68174584.00
20151214	2.25	2.34	2.25	2.33	32179937	96393872.00
20151215	2.33	2.33	2.29	2.31	22479718	67529112.00
20151216	2.32	2.33	2.30	2.32	22022917	66245112.00
20151217	2.32	2.50	2.32	2.44	124971514	393730592.00
20151218	2.42	2.44	2.39	2.41	61246338	191890096.00
20151221	2.41	2.45	2.39	2.44	56139351	178086592.00
20151222	2.44	2.48	2.42	2.48	61174041	195081632.00
20151223	2.47	2.47	2.39	2.40	49081887	154935088.00
20151224	2.40	2.42	2.35	2.37	29360549	90534240.00
20151225	2.37	2.39	2.35	2.38	21522003	66400764.00
20151228	2.38	2.39	2.33	2.33	29131749	89403648.00
20151229	2.32	2.37	2.30	2.36	24360617	74013512.00
20151230	2.36	2.38	2.35	2.38	22353017	68766304.00
20151231	2.38	2.42	2.36	2.39	43285955	135009200.00
20160104	2.37	2.42	2.25	2.27	39959147	122393232.00
20160105	2.23	2.40	2.18	2.36	82492594	248782288.00
20160106	2.35	2.60	2.33	2.60	234663698	768198848.00
20160107	2.54	2.54	2.34	2.34	58700249	185403296.00
20160108	2.38	2.57	2.31	2.57	285001567	934017408.00
20160111	2.52	2.55	2.32	2.38	213324392	673670016.00
20160112	2.35	2.38	2.22	2.30	110917668	328609088.00
20160113	2.28	2.45	2.28	2.30	124916278	384052960.00
20160114	2.23	2.36	2.15	2.34	96456289	285389440.00
20160115	2.32	2.32	2.20	2.22	78203054	228969776.00
20160118	2.18	2.23	2.15	2.20	49111410	140048352.00
20160119	2.19	2.25	2.17	2.25	53980281	156131056.00
20160120	2.24	2.25	2.18	2.21	45954066	132114192.00
20160121	2.17	2.24	2.14	2.14	50363336	142813728.00
20160122	2.17	2.20	2.13	2.18	41978158	118257128.00
20160125	2.20	2.24	2.18	2.21	41655669	119615464.00
20160126	2.18	2.18	2.00	2.01	53834614	147344656.00
20160127	2.02	2.04	1.82	1.96	59090646	149660288.00
20160128	1.95	1.95	1.78	1.80	46539466	112863584.00
20160129	1.79	1.93	1.78	1.88	51255775	124140960.00
20160201	1.89	1.94	1.80	1.85	38128015	92652176.00
20160202	1.85	1.94	1.85	1.90	33264469	81941704.00
20160203	1.87	1.89	1.84	1.88	28255870	68280416.00
20160204	1.88	1.92	1.88	1.91	28892895	71321784.00
20160205	1.92	1.93	1.88	1.89	25808581	63916576.00
20160215	1.85	1.88	1.80	1.88	21871182	52654576.00
20160216	1.88	1.97	1.88	1.95	47517516	120038808.00
20160217	1.95	1.99	1.94	1.98	42606049	109200848.00
20160218	1.98	2.05	1.97	1.98	47126200	122566944.00
20160219	1.96	1.98	1.94	1.96	29434120	74824544.00
20160222	1.98	2.13	1.98	2.08	88555256	236965360.00
20160223	2.08	2.08	2.02	2.05	50475401	133834000.00
20160224	2.04	2.06	2.02	2.05	41594613	110231016.00
20160225	2.05	2.05	1.85	1.87	59565737	150617088.00
20160226	1.90	1.95	1.85	1.94	41092169	102200352.00
20160229	1.92	1.94	1.80	1.89	36966687	90117008.00
20160301	1.91	1.95	1.87	1.94	35581415	88914312.00
20160302	1.92	2.09	1.91	2.06	91098174	239973280.00
20160303	2.04	2.08	2.02	2.02	63870655	170253776.00
20160304	2.02	2.10	2.01	2.05	71190776	189618656.00
20160307	2.13	2.19	2.08	2.11	86481465	238973664.00
20160308	2.18	2.19	2.07	2.12	70429329	193690064.00
20160309	2.05	2.05	2.00	2.02	44576608	117245504.00
20160310	2.03	2.05	1.98	1.99	29275658	76527864.00
20160311	1.97	1.99	1.95	1.98	20548113	52647680.00
20160314	1.99	2.05	1.99	2.03	30676608	80861680.00
20160315	2.02	2.03	1.98	2.00	22487232	58415912.00
20160316	1.99	2.01	1.97	1.98	19922201	51531184.00
20160317	1.98	2.02	1.98	2.02	31127321	81041976.00
20160318	2.02	2.07	2.01	2.05	56460290	150057008.00
20160321	2.08	2.10	2.05	2.09	73221393	197675264.00
20160322	2.07	2.08	2.05	2.06	43731839	117400960.00
20160323	2.05	2.08	2.04	2.07	32054303	85886224.00
20160324	2.05	2.05	2.02	2.02	30524065	80779384.00
20160325	2.02	2.04	2.01	2.04	24067851	63272160.00
20160328	2.04	2.09	2.02	2.04	45243289	121165784.00
20160329	2.03	2.04	1.98	2.00	28109706	73242856.00
20160330	2.01	2.05	2.00	2.04	23481449	61789116.00
20160331	2.05	2.05	2.02	2.05	27153185	71870240.00
20160401	2.04	2.07	2.02	2.05	36516649	97006160.00
20160405	2.04	2.09	2.03	2.08	46473437	124923304.00
20160406	2.07	2.08	2.04	2.07	34697609	93127296.00
20160407	2.07	2.19	2.05	2.09	90952548	250267456.00
20160408	2.07	2.12	2.05	2.08	57329825	155157728.00
20160411	2.09	2.20	2.09	2.16	110902583	312508224.00
20160412	2.16	2.21	2.14	2.18	70248195	199396416.00
20160413	2.25	2.28	2.20	2.21	79064108	230515488.00
20160414	2.23	2.25	2.17	2.21	41941829	119615400.00
20160415	2.20	2.22	2.18	2.19	23889517	68100544.00
20160418	2.18	2.19	2.14	2.19	33328126	93769408.00
20160419	2.19	2.21	2.16	2.19	19636188	55727528.00
20160420	2.22	2.24	2.08	2.13	47890637	133583520.00
20160421	2.12	2.25	2.12	2.19	68748683	196097584.00
20160422	2.15	2.21	2.10	2.15	40022283	111467120.00
20160425	2.15	2.15	2.08	2.13	32776435	90045792.00
20160426	2.12	2.14	2.10	2.12	24449705	67381144.00
20160427	2.12	2.13	2.09	2.09	18521106	50780776.00
20160428	2.10	2.11	2.06	2.08	16248484	43934788.00
20160429	2.08	2.09	2.05	2.08	15593479	42015240.00
20160503	2.08	2.11	2.04	2.11	26399167	71498984.00
20160504	2.09	2.10	2.07	2.08	22220778	60244316.00
20160505	2.08	2.08	2.06	2.08	18380932	49571708.00
20160506	2.08	2.08	2.00	2.02	28075350	74369192.00
20160509	2.00	2.00	1.85	1.90	41494366	103532896.00
20160510	1.89	1.91	1.87	1.89	22013425	53994216.00
20160511	1.91	1.91	1.87	1.88	15801492	38791688.00
20160512	1.85	1.88	1.82	1.88	17356394	41751236.00
20160513	1.86	1.89	1.85	1.87	16089816	39253144.00
20160516	1.86	1.88	1.83	1.88	19842194	48040428.00
20160517	1.88	1.90	1.87	1.88	17046537	41743596.00
20160518	1.86	1.87	1.82	1.84	17370056	41502012.00
20160519	1.84	1.88	1.83	1.85	21046916	50993908.00
20160520	1.83	1.87	1.82	1.86	14236065	34141984.00
20160523	1.86	1.88	1.85	1.86	11508580	27919706.00
20160524	1.86	1.86	1.82	1.84	15754403	37598184.00
20160525	1.84	1.85	1.83	1.85	9884823	23660124.00
20160526	1.84	1.85	1.81	1.84	14587058	34539192.00
20160527	1.83	1.85	1.82	1.84	17212434	41001056.00
20160530	1.83	1.84	1.82	1.82	13035100	30910040.00
20160531	1.82	1.88	1.82	1.88	31868300	77025120.00
20160601	1.88	1.88	1.86	1.87	23240483	56616992.00
20160602	1.87	1.88	1.86	1.88	22477868	54644912.00
20160603	1.88	1.88	1.86	1.88	22305480	54321860.00
20160606	1.88	1.92	1.87	1.90	30273939	74507456.00
20160607	1.89	1.90	1.87	1.88	17011460	41675504.00
20160608	1.88	1.88	1.85	1.87	27588880	66820648.00
20160613	1.85	1.85	1.81	1.82	21799694	51963400.00
20160614	1.82	1.82	1.80	1.82	11483564	27062808.00
20160615	1.81	1.84	1.79	1.83	16672118	39594384.00
20160616	1.83	1.84	1.82	1.82	18428801	43823952.00
20160617	1.82	1.88	1.82	1.85	28211915	67748984.00
20160620	1.85	1.85	1.82	1.82	17230999	40890756.00
20160621	1.83	1.84	1.81	1.82	21899340	51863820.00
20160622	1.81	1.83	1.80	1.83	22211384	52423420.00
20160623	1.82	1.82	1.80	1.82	12569238	29577756.00
20160624	1.82	1.82	1.75	1.78	25533734	59252516.00
20160627	1.78	1.83	1.78	1.82	27440127	64920648.00
20160628	1.82	1.82	1.80	1.82	15668078	36857740.00
20160629	1.82	1.83	1.81	1.83	22106973	52403928.00
20160630	1.83	1.83	1.82	1.82	14631866	34657704.00
20160701	1.82	1.83	1.81	1.82	14319564	33888448.00
20160704	1.82	1.88	1.81	1.85	49913748	120171880.00
20160705	1.85	1.89	1.85	1.87	37629371	91527416.00
20160706	1.87	1.88	1.84	1.87	28361200	68492200.00
20160707	1.87	1.90	1.86	1.89	35856100	87815072.00
20160708	1.88	1.88	1.86	1.87	19124500	46474832.00
20160711	1.87	1.90	1.86	1.87	29040600	71037968.00
20160712	1.87	1.94	1.87	1.93	68121400	169698944.00
20160713	1.93	1.98	1.91	1.95	68294800	173132320.00
20160714	1.95	1.96	1.92	1.95	26343200	66483300.00
20160715	1.95	2.05	1.93	2.00	61129300	158495136.00
20160718	1.98	1.98	1.94	1.95	36270400	92288696.00
20160719	1.94	1.95	1.91	1.93	22599800	56404164.00
20160720	1.92	1.93	1.91	1.91	10690300	26677120.00
20160721	1.91	1.95	1.91	1.93	15659200	39250204.00
20160722	1.92	1.93	1.89	1.90	21031400	52087368.00
20160725	1.89	1.92	1.89	1.91	10436300	25800176.00
20160726	1.91	1.92	1.89	1.92	11871100	29560196.00
20160727	1.92	1.95	1.84	1.86	28980781	71292528.00
20160728	1.87	1.88	1.84	1.86	17555786	42347412.00
20160729	1.85	1.87	1.85	1.85	12932870	31213904.00
20160801	1.85	1.86	1.82	1.85	16464306	39392224.00
20160802	1.85	1.86	1.84	1.86	10547278	25381460.00
20160803	1.86	1.87	1.85	1.86	9248890	22352492.00
20160804	1.86	1.88	1.85	1.88	15955019	38796528.00
20160805	1.88	1.90	1.87	1.89	16048974	39489728.00
20160808	1.89	1.95	1.89	1.94	30669202	76669536.00
20160809	1.93	1.94	1.90	1.92	23021600	57265296.00
20160810	1.92	1.99	1.92	1.94	40037500	101692184.00
20160811	1.93	1.94	1.90	1.91	22333872	55630508.00
20160812	1.88	1.92	1.88	1.92	29654532	73407480.00
20160815	1.92	1.95	1.91	1.94	70722703	177823392.00
20160816	1.94	1.98	1.94	1.97	79297579	201670256.00
20160817	1.96	2.02	1.95	1.98	110881240	287338112.00
20160818	1.97	1.99	1.95	1.96	55719380	142151168.00
20160819	1.95	1.96	1.93	1.95	30365395	76776144.00
20160822	1.95	1.95	1.92	1.94	24183200	61041376.00
20160823	1.94	1.95	1.92	1.94	34680300	87283544.00
20160824	1.93	1.96	1.93	1.96	42261700	107065792.00
20160825	1.95	2.00	1.93	1.96	61849400	158521008.00
20160826	1.98	1.99	1.95	1.97	39920100	102290512.00
20160829	1.95	1.98	1.95	1.97	38078159	97131232.00
20160830	1.97	1.98	1.95	1.95	31396334	79930864.00
20160831	1.95	1.95	1.92	1.94	36007803	90342256.00
20160901	1.93	1.94	1.90	1.90	38702139	96418792.00
20160902	1.91	1.92	1.90	1.91	20802933	51508576.00
20160905	1.91	1.94	1.91	1.93	35634408	89340376.00
20160906	1.94	2.00	1.94	1.98	74372082	190206912.00
20160907	1.95	1.97	1.95	1.95	47575987	121106816.00
20160908	1.95	1.96	1.93	1.94	31999400	80803000.00
20160909	1.94	1.95	1.92	1.93	22511481	56689612.00
20160912	1.91	1.92	1.87	1.89	44421599	109446136.00
20160913	1.89	1.91	1.88	1.89	23370474	57432864.00
20160914	1.88	1.89	1.87	1.88	20326569	49676352.00
20160919	1.88	1.91	1.88	1.91	25948029	64065200.00
20160920	1.91	1.92	1.89	1.91	20222453	50123560.00
20160921	1.91	1.95	1.91	1.92	37565757	94499704.00
20160922	1.92	1.93	1.92	1.92	31168012	77924656.00
20160923	1.92	1.93	1.90	1.91	27663140	68862880.00
20160926	1.91	1.92	1.86	1.87	39008454	95395072.00
20160927	1.85	1.88	1.85	1.88	15071444	36562728.00
20160928	1.88	1.88	1.87	1.87	12142176	29564774.00
20160929	1.87	1.89	1.87	1.88	18169227	44366804.00
20160930	1.88	1.88	1.87	1.88	16193030	39487124.00
20161010	1.89	1.91	1.88	1.90	37782647	93157136.00
20161011	1.90	1.92	1.88	1.92	31642752	78347776.00
20161012	1.91	1.91	1.89	1.90	18138653	44865756.00
20161013	1.90	1.92	1.89	1.92	26567779	66026136.00
20161014	1.91	1.92	1.88	1.90	24305293	59865384.00
20161017	1.90	1.92	1.89	1.90	38711683	95874368.00
20161018	1.89	1.92	1.89	1.92	35682244	88435960.00
20161019	1.92	1.93	1.91	1.92	44512417	111004784.00
20161020	1.92	1.93	1.90	1.92	63292866	157492976.00
20161021	1.91	1.92	1.88	1.90	49896530	123460216.00
20161024	1.90	1.93	1.90	1.92	109316289	272781760.00
20161025	1.92	1.95	1.92	1.94	106163610	266064512.00
20161026	1.93	1.95	1.92	1.93	65594641	164524976.00
20161027	1.93	1.94	1.92	1.93	43296549	108247728.00
20161028	1.92	1.93	1.88	1.90	53416825	132686256.00
20161031	1.89	1.90	1.88	1.90	32757094	80439256.00
20161101	1.90	1.91	1.89	1.91	21226300	52462652.00
20161102	1.91	1.91	1.88	1.89	31382800	77300904.00
20161103	1.88	1.91	1.88	1.90	30373487	74844160.00
20161104	1.89	1.91	1.88	1.89	32152000	79205784.00
20161107	1.90	1.94	1.90	1.94	93268275	232692608.00
20161108	1.94	1.94	1.90	1.93	59306857	148034608.00
20161109	1.92	1.94	1.90	1.94	85644220	214143328.00
20161110	1.94	2.00	1.94	1.98	172861172	442105344.00
20161111	1.97	2.02	1.95	2.02	164408862	424061024.00
20161114	1.99	2.02	1.98	2.01	114772470	298498528.00
20161115	2.00	2.02	1.97	1.98	120830243	313296160.00
20161116	1.98	1.98	1.95	1.98	107203900	274175168.00
20161117	1.96	1.98	1.96	1.98	59247300	151736560.00
20161118	1.98	1.99	1.95	1.97	58119000	148918384.00
20161121	1.96	2.00	1.95	1.98	78515600	202150992.00
20161122	1.98	2.04	1.98	2.02	145752990	381574176.00
20161123	2.02	2.04	1.99	2.00	104463804	272983168.00
20161124	2.00	2.02	1.98	1.99	78082400	202985648.00
20161125	1.99	2.07	1.97	2.05	169656300	444887136.00
20161128	2.05	2.06	2.02	2.04	112056800	297401408.00
20161129	2.03	2.09	2.03	2.05	158952400	426212448.00
20161130	2.03	2.04	2.00	2.02	84397000	221595648.00
20161201	2.02	2.05	2.01	2.05	73794958	195201280.00
20161202	2.05	2.08	2.02	2.02	99751217	265745728.00
20161205	2.00	2.03	1.99	2.02	65913400	172506688.00
20161206	2.02	2.03	1.99	2.01	46831500	122584864.00
20161207	2.02	2.07	2.01	2.06	137414300	365265952.00
20161208	2.05	2.06	2.03	2.05	79933100	212656400.00
20161209	2.04	2.06	2.02	2.04	59299200	156996400.00
20161212	2.05	2.08	1.98	1.98	99630159	263352112.00
20161213	1.98	2.02	1.96	2.02	57869628	149687440.00
20161214	2.00	2.01	1.96	1.97	54497536	140636560.00
20161215	1.96	1.98	1.95	1.98	47364871	121180712.00
20161216	1.97	1.98	1.96	1.98	24013371	61494944.00
20161219	1.98	1.98	1.96	1.96	30397287	77795832.00
20161220	1.96	1.97	1.94	1.95	36495773	92723736.00
20161221	1.95	1.98	1.95	1.97	36942890	94413792.00
20161222	1.97	1.98	1.95	1.97	27703068	70710496.00
20161223	1.97	1.97	1.94	1.95	33351146	84591648.00
20161226	1.95	1.95	1.92	1.94	37689514	94742072.00
20161227	1.93	1.94	1.92	1.92	39909685	99895008.00
20161228	1.92	1.94	1.92	1.92	40598476	101666872.00
20161229	1.92	1.94	1.91	1.92	33036000	82491176.00
20161230	1.92	1.93	1.92	1.92	23974200	59934016.00
20170103	1.93	1.95	1.92	1.95	36814280	92983512.00
20170104	1.96	1.98	1.95	1.97	39901090	101890992.00
20170105	1.97	1.97	1.95	1.96	26446651	67403360.00
20170106	1.96	1.98	1.95	1.98	46911713	120049968.00
20170109	1.97	1.98	1.95	1.98	59060377	151000560.00
20170110	1.98	2.02	1.97	1.99	74068024	192107184.00
20170111	2.00	2.06	1.98	1.99	99296316	260186912.00
20170112	1.98	2.00	1.96	1.97	64439363	166134064.00
20170113	1.97	1.98	1.95	1.97	40487003	103479960.00
20170116	1.98	2.02	1.95	1.99	120891358	310756768.00
20170117	1.98	1.99	1.96	1.99	45006779	115553856.00
20170118	1.98	2.03	1.97	2.02	80650753	210881584.00
20170119	2.01	2.02	2.00	2.00	45270892	118342920.00
20170120	2.00	2.03	1.99	2.02	40097566	105242792.00
20170123	2.01	2.05	2.00	2.04	63253159	166609408.00
20170124	2.03	2.11	2.02	2.08	122060258	327837664.00
20170125	2.07	2.09	2.05	2.08	58060056	155819616.00
20170126	2.07	2.08	2.04	2.05	90683308	242242016.00
20170203	2.06	2.06	2.02	2.02	40367800	106735856.00
20170206	2.02	2.03	2.01	2.02	47233044	124053488.00
20170207	2.02	2.04	2.01	2.04	39867814	104964464.00
20170208	2.03	2.04	2.02	2.04	48790216	128470544.00
20170209	2.03	2.11	2.02	2.08	168870446	454740576.00
20170210	2.08	2.22	2.07	2.18	273759566	765733056.00
20170213	2.18	2.18	2.15	2.16	132668196	372795712.00
20170214	2.15	2.25	2.14	2.18	275300270	782716096.00
20170215	2.17	2.18	2.12	2.13	187351943	523900576.00
20170216	2.12	2.23	2.12	2.18	218384858	618142528.00
20170217	2.16	2.18	2.14	2.15	129581808	362604896.00
20170220	2.15	2.21	2.15	2.20	147336400	418083392.00
20170221	2.22	2.24	2.18	2.22	121633347	348486208.00
20170222	2.21	2.42	2.20	2.28	250643454	741455808.00
20170223	2.28	2.32	2.23	2.26	205049619	605713408.00
20170224	2.25	2.26	2.20	2.23	122710200	354006112.00
20170227	2.22	2.24	2.18	2.19	120822500	345972576.00
20170228	2.18	2.19	2.17	2.18	58444810	165744624.00
20170301	2.18	2.20	2.17	2.18	67522078	191881840.00
20170302	2.19	2.22	2.17	2.18	69468767	198034096.00
20170303	2.15	2.16	2.12	2.14	77202316	215023888.00
20170306	2.14	2.17	2.13	2.16	59823842	167206864.00
20170307	2.15	2.16	2.13	2.15	51061600	141941696.00
20170308	2.14	2.15	2.12	2.13	44669242	123629704.00
20170309	2.12	2.12	2.08	2.10	57113668	155971760.00
20170310	2.11	2.12	2.09	2.10	37158139	101803968.00
20170313	2.09	2.12	2.08	2.12	48345045	132371800.00
20170314	2.12	2.15	2.12	2.13	71145554	197501120.00
20170315	2.14	2.16	2.12	2.15	55694409	155316592.00
20170316	2.15	2.16	2.13	2.15	65465050	182633296.00
20170317	2.15	2.16	2.09	2.11	56572881	156158960.00
20170320	2.10	2.12	2.08	2.11	29750600	81186928.00
20170321	2.10	2.11	2.08	2.10	40953600	111546424.00
20170322	2.08	2.09	2.05	2.06	59329771	159548064.00
20170323	2.06	2.08	2.04	2.06	56424182	151186240.00
20170324	2.05	2.10	2.04	2.08	68837500	185337456.00
20170327	2.08	2.10	2.07	2.08	47741503	129103856.00
20170328	2.07	2.08	2.07	2.08	23235852	62656276.00
20170329	2.08	2.12	2.07	2.09	84523741	230354608.00
20170330	2.09	2.10	2.05	2.07	66576593	179589008.00
20170331	2.07	2.08	2.05	2.07	38413126	103178056.00
20170405	2.12	2.15	2.09	2.15	127697931	353046944.00
20170406	2.14	2.17	2.12	2.15	102617836	285693792.00
20170407	2.15	2.15	2.12	2.13	80186755	222621520.00
20170410	2.12	2.18	2.12	2.15	99397733	278210880.00
20170411	2.15	2.24	2.13	2.19	162081900	460194112.00
20170412	2.18	2.21	2.15	2.17	149005900	420726336.00
20170413	2.15	2.18	2.15	2.17	69681122	196268848.00
20170414	2.16	2.20	2.15	2.18	124928332	353456288.00
20170417	2.17	2.18	2.12	2.14	81788764	227511808.00
20170418	2.13	2.14	2.10	2.11	56186103	155144960.00
20170419	2.09	2.10	2.03	2.05	76914367	205842096.00
20170420	2.08	2.12	2.06	2.08	105302576	286892864.00
20170421	2.08	2.11	2.08	2.08	53467509	145234944.00
20170424	2.08	2.09	2.04	2.05	66597500	178968256.00
20170425	2.05	2.07	2.03	2.05	41645800	111018600.00
20170426	2.05	2.05	2.03	2.04	42879400	113754488.00
20170427	2.03	2.04	1.96	2.02	67606700	175881872.00
20170428	2.02	2.08	2.01	2.07	63590023	169557920.00
20170502	2.07	2.08	2.05	2.06	40935569	109867672.00
20170503	2.05	2.07	2.05	2.05	27102640	72520128.00
20170504	2.05	2.08	2.02	2.05	44816500	119439832.00
20170505	2.04	2.05	2.02	2.02	32630300	86079776.00
20170508	2.02	2.04	2.01	2.02	32205300	84748000.00
20170509	2.02	2.02	1.99	2.02	30970200	80859520.00
20170510	2.02	2.03	1.98	1.98	36117100	94247120.00
20170511	1.95	1.97	1.89	1.95	64999900	163575152.00
20170512	1.94	1.96	1.91	1.95	37539353	94511688.00
20170515	1.95	1.96	1.95	1.95	17627029	44734532.00
20170516	1.95	1.98	1.92	1.98	33470855	85101552.00
20170517	1.97	2.01	1.97	1.99	38874346	100601712.00
20170518	1.98	2.00	1.98	1.98	24387200	62954320.00
20170519	1.98	2.01	1.98	2.00	34488628	89353136.00
20170522	2.00	2.04	1.96	1.97	72087922	187978480.00
20170523	1.96	1.98	1.94	1.95	48635500	123720232.00
20170524	1.95	1.97	1.92	1.97	28039700	71037088.00
20170525	1.96	2.02	1.95	2.01	46933300	121025120.00
20170526	2.00	2.02	1.98	2.00	33620100	87496640.00
20170531	2.01	2.02	1.99	2.00	31413753	82052992.00
20170601	2.01	2.02	1.96	1.98	38782488	100370560.00
20170602	1.97	1.99	1.95	1.98	35043580	89635456.00
20170605	1.99	2.01	1.98	2.01	31255845	81279200.00
20170606	2.01	2.02	1.99	2.02	27740821	72380120.00
20170607	2.02	2.05	2.02	2.04	46951290	123842640.00
20170608	2.04	2.07	2.04	2.05	64719339	132901416.00
20170609	2.04	2.05	2.01	2.04	69026650	139970848.00
20170612	2.03	2.04	2.01	2.01	47647000	96416840.00
20170613	2.01	2.05	2.01	2.04	49156053	99854768.00
20170614	2.04	2.05	2.03	2.04	34592385	70491144.00
20170615	2.04	2.05	2.03	2.05	32738441	66832876.00
20170616	2.05	2.05	2.03	2.04	43203653	88092432.00
20170619	2.03	2.07	2.03	2.07	74771240	153488128.00
20170620	2.06	2.08	2.05	2.07	61007884	126221936.00
20170621	2.07	2.07	2.05	2.07	53166338	109521264.00
20170622	2.06	2.07	2.03	2.04	61564979	126297584.00
20170623	2.03	2.07	2.01	2.07	129491581	263877936.00
20170626	2.06	2.07	2.05	2.07	73840645	152063920.00
20170627	2.06	2.08	2.06	2.08	93338989	193199456.00
20170628	2.06	2.10	2.06	2.07	142385922	295643008.00
20170629	2.07	2.08	2.06	2.07	65400249	135289856.00
20170630	2.06	2.07	2.05	2.06	50659221	104347072.00
20170703	2.07	2.14	2.06	2.13	191733384	402774080.00
20170704	2.12	2.12	2.09	2.10	106601009	224298816.00
20170705	2.10	2.12	2.09	2.12	71729902	151021760.00
20170706	2.11	2.14	2.11	2.13	107051827	227293488.00
20170707	2.12	2.17	2.11	2.16	122867670	262730416.00
20170710	2.16	2.24	2.14	2.19	201670329	442398592.00
20170711	2.19	2.20	2.15	2.16	125885959	273372896.00
数据来源:通达信
