600086 东方金钰 日线 前复权
      日期	    开盘	    最高	    最低	    收盘	    成交量	    成交额
20111010	4.91	4.91	4.73	4.81	1593967	22881304.00
20111011	4.96	4.99	4.82	4.93	2786983	40908124.00
20111012	4.90	5.13	4.86	5.10	4425409	67211672.00
20111013	5.11	5.18	5.07	5.17	3175386	48873804.00
20111014	5.15	5.16	5.04	5.06	1900773	28945352.00
20111017	5.06	5.13	4.98	5.00	2171312	32821928.00
20111018	4.90	4.95	4.71	4.72	2873375	41399768.00
20111019	4.75	4.79	4.65	4.73	1794309	25426740.00
20111020	4.72	4.78	4.56	4.59	1917768	26779652.00
20111021	4.58	4.65	4.55	4.64	1397180	19370220.00
20111024	4.70	4.80	4.61	4.75	3018167	42719984.00
20111025	4.77	5.00	4.70	4.93	4005926	58148932.00
20111026	4.92	5.16	4.90	5.08	6230383	94822544.00
20111027	5.07	5.12	4.97	4.99	3526499	53234456.00
20111028	5.08	5.13	5.00	5.10	4812737	73148400.00
20111031	5.07	5.12	5.02	5.09	3167614	48111028.00
20111101	5.04	5.22	5.01	5.16	5638361	87170936.00
20111102	5.07	5.42	5.04	5.40	6595300	103453664.00
20111103	5.46	5.56	5.34	5.36	7370642	120436320.00
20111104	5.44	5.48	5.36	5.47	4587731	74764816.00
20111107	5.42	5.57	5.41	5.46	3733622	61565860.00
20111108	5.47	5.53	5.29	5.32	3702149	60427896.00
20111109	5.33	5.39	5.22	5.38	3605023	57528992.00
20111110	5.27	5.33	5.20	5.20	2330307	36935128.00
20111111	5.20	5.26	5.16	5.21	2170362	33911320.00
20111114	5.24	5.40	5.24	5.38	2909896	46585532.00
20111115	5.37	5.49	5.33	5.46	3513203	57207160.00
20111116	5.46	5.49	5.25	5.29	3599632	57932684.00
20111117	5.31	5.32	5.20	5.23	1682836	26545028.00
20111118	5.17	5.23	5.00	5.06	2427663	37184328.00
20111121	4.96	5.12	4.94	5.09	1498166	22718272.00
20111122	5.03	5.10	4.97	5.07	1685237	25450330.00
20111123	5.07	5.12	5.04	5.06	1658781	25227156.00
20111124	5.03	5.10	4.93	5.05	1664271	24982134.00
20111125	5.03	5.10	4.97	5.04	1873260	28326668.00
20111128	5.06	5.54	5.06	5.54	7275684	118311640.00
20111129	5.71	5.96	5.63	5.78	17327177	299916160.00
20111130	5.73	6.20	5.70	5.89	20346028	364338400.00
20111201	6.07	6.33	6.01	6.20	17432967	323102368.00
20111202	6.14	6.40	5.85	5.91	18469409	341003328.00
20111205	5.84	5.87	5.60	5.74	11229402	192549280.00
20111206	5.72	5.78	5.52	5.77	9638896	163471216.00
20111207	5.70	5.76	5.53	5.65	9106163	154664016.00
20111208	5.60	5.78	5.40	5.74	11662167	196518256.00
20111209	5.62	5.69	5.53	5.53	5486681	92121768.00
20111212	5.53	5.53	5.17	5.22	6644896	106424496.00
20111213	5.09	5.10	4.70	4.72	10247932	148994416.00
20111214	4.66	4.82	4.60	4.74	5777323	81885536.00
20111215	4.64	4.80	4.55	4.69	5772140	80834648.00
20111216	4.68	4.90	4.65	4.90	6206316	88774408.00
20111219	4.88	4.88	4.70	4.83	4474930	64175344.00
20111220	4.77	5.17	4.77	5.03	9360162	140723056.00
20111221	5.05	5.13	4.83	4.83	5467885	81332160.00
20111222	4.73	4.77	4.37	4.71	5087602	70283680.00
20111223	4.70	4.85	4.58	4.84	3824284	54408156.00
20111226	4.78	4.88	4.67	4.70	2524923	36329912.00
20111227	4.66	4.66	4.48	4.48	2881525	39379732.00
20111228	4.43	4.48	4.25	4.35	3487301	45425632.00
20111229	4.25	4.37	4.25	4.27	3281271	42469008.00
20111230	4.32	4.40	4.29	4.33	2298083	29928084.00
20120104	4.39	4.46	4.17	4.22	2340869	30507916.00
20120105	4.15	4.20	3.80	3.80	4749476	56280540.00
20120106	3.72	3.79	3.48	3.75	5872644	63582064.00
20120109	3.70	3.98	3.60	3.94	4447056	50879376.00
20120111	4.20	4.33	4.19	4.33	9096010	117795624.00
20120112	4.46	4.46	4.22	4.36	12017569	156130400.00
20120113	4.33	4.50	4.25	4.38	9946454	130879528.00
20120116	4.27	4.31	3.95	3.95	5623951	69363352.00
20120117	3.90	4.32	3.90	4.31	5826108	72654496.00
20120118	4.30	4.45	4.14	4.19	5587792	72374720.00
20120119	4.14	4.50	4.09	4.42	7088711	92941960.00
20120120	4.46	4.46	4.24	4.37	4793075	62630720.00
20120130	4.46	4.67	4.41	4.42	6766292	91891208.00
20120131	4.37	4.48	4.34	4.43	2887505	38167380.00
20120201	4.43	4.48	4.24	4.29	3541514	46328668.00
20120202	4.33	4.36	4.25	4.36	2609307	33817372.00
20120203	4.36	4.46	4.34	4.41	3519542	46518084.00
20120206	4.38	4.48	4.36	4.41	3750763	49677048.00
20120207	4.37	4.37	4.20	4.27	4073014	52154760.00
20120208	4.25	4.48	4.25	4.48	5907980	78078600.00
20120209	4.47	4.60	4.40	4.53	7352628	99791480.00
20120210	4.60	4.71	4.46	4.53	5709283	78609408.00
20120213	4.47	4.80	4.44	4.75	9971393	139785376.00
20120214	4.70	4.73	4.61	4.66	5275009	73711424.00
20120215	4.61	4.72	4.57	4.70	5247033	73411616.00
20120216	4.72	4.72	4.57	4.63	4388696	61230744.00
20120217	4.62	4.86	4.58	4.83	9972225	142593184.00
20120220	4.87	4.95	4.70	4.79	9039335	130668888.00
20120221	4.75	4.82	4.65	4.80	5669217	80531216.00
20120222	4.83	4.90	4.78	4.85	6228408	90497584.00
20120223	4.85	5.00	4.80	4.98	8856620	130249520.00
20120224	4.95	4.99	4.89	4.98	6934333	102802704.00
20120227	4.98	5.07	4.91	4.93	7569853	113401520.00
20120228	4.90	4.90	4.76	4.80	5214590	75344136.00
20120229	4.80	4.93	4.77	4.81	4390080	63868052.00
20120301	4.70	4.77	4.66	4.72	3739187	53000472.00
20120302	4.72	4.81	4.72	4.81	3885170	55785136.00
20120306	4.79	4.79	4.62	4.75	4236697	59520324.00
20120307	4.68	4.73	4.65	4.67	3011132	42341792.00
20120308	4.65	4.79	4.65	4.75	2864795	40783756.00
20120309	4.75	4.85	4.75	4.82	3351394	48382776.00
20120312	4.89	4.95	4.84	4.92	6342088	93110032.00
20120313	4.90	4.94	4.88	4.93	3950370	58317840.00
20120314	4.97	5.05	4.61	4.67	8264641	121081304.00
20120315	4.68	4.70	4.50	4.61	4509146	62278640.00
20120316	4.63	4.69	4.55	4.67	3155256	43986108.00
20120319	4.67	4.77	4.60	4.76	3674150	51492496.00
20120320	4.76	4.76	4.60	4.62	2824396	39489472.00
20120321	4.67	4.78	4.63	4.67	3829920	53792528.00
20120322	4.68	4.73	4.57	4.62	3888501	54266716.00
20120323	4.58	4.65	4.32	4.33	6762896	89945080.00
20120326	4.34	4.39	4.25	4.26	2161553	27920328.00
20120327	4.29	4.34	4.27	4.29	2450832	31608228.00
20120328	4.29	4.32	4.00	4.03	3611151	44545084.00
20120329	4.04	4.04	3.80	3.83	4339233	50735048.00
20120330	3.84	4.13	3.76	4.10	4271036	50286572.00
20120405	4.00	4.19	3.95	4.15	5162346	63533088.00
20120406	4.10	4.56	4.10	4.56	10241502	136516080.00
20120409	4.61	4.79	4.49	4.70	12054585	168351024.00
20120410	4.67	4.69	4.45	4.66	9444818	129619360.00
20120411	4.58	4.75	4.50	4.71	9745410	135394032.00
20120412	4.67	4.85	4.57	4.84	12229049	172928208.00
20120413	4.84	4.88	4.73	4.79	7372901	105844264.00
20120416	4.70	4.70	4.60	4.61	6682292	93079256.00
20120417	4.62	4.73	4.57	4.60	8095723	113010032.00
20120418	4.55	4.79	4.55	4.76	9735043	137807856.00
20120419	4.75	4.76	4.64	4.68	5692798	80247216.00
20120423	4.72	4.80	4.61	4.63	8220374	116567208.00
20120424	4.59	4.63	4.33	4.50	6721392	90423112.00
20120425	4.47	4.59	4.46	4.55	4399730	60007628.00
20120426	4.56	4.60	4.43	4.44	5385522	72677776.00
20120427	4.43	4.47	4.34	4.36	3793976	49865888.00
20120502	4.37	4.53	4.23	4.45	10147270	133445672.00
20120503	4.40	4.49	4.38	4.46	4153822	55404168.00
20120504	4.45	4.53	4.42	4.50	5726158	77148216.00
20120507	4.49	4.95	4.45	4.95	19095234	275137088.00
20120508	5.12	5.28	5.03	5.23	31521663	489234592.00
20120509	5.13	5.16	5.01	5.04	15608522	237452848.00
20120510	5.04	5.14	4.96	5.00	12707764	191440560.00
20120511	4.97	5.00	4.80	4.86	12708850	186176000.00
20120514	4.90	4.96	4.79	4.87	14913069	217786816.00
20120515	4.81	5.00	4.79	4.99	13767249	203227088.00
20120516	4.97	5.04	4.66	4.71	17761503	256607440.00
20120517	4.68	4.76	4.52	4.72	12014139	167348144.00
20120518	4.68	4.72	4.53	4.55	8105557	112285200.00
20120521	4.55	4.76	4.53	4.69	8874854	124236872.00
20120522	4.71	4.90	4.69	4.86	11459932	165005488.00
20120523	4.78	4.81	4.63	4.73	8712065	123584616.00
20120524	4.69	4.88	4.67	4.84	10574972	152422208.00
20120525	4.80	4.83	4.61	4.63	8982669	126674080.00
20120528	4.55	4.65	4.41	4.63	8661274	117295584.00
20120529	4.60	4.77	4.58	4.73	7845066	110901968.00
20120530	4.71	4.83	4.66	4.83	8370588	119613848.00
20120531	4.79	4.87	4.74	4.75	7313648	105308448.00
20120601	4.73	4.88	4.73	4.80	7017367	101437024.00
20120604	4.84	5.05	4.84	4.90	19790271	293292064.00
20120605	4.84	4.88	4.67	4.73	9544242	135845472.00
20120606	4.73	5.06	4.73	4.96	18805052	278922656.00
20120607	5.01	5.07	4.91	5.04	16531661	247774448.00
20120608	5.00	5.01	4.87	4.94	11309087	167744848.00
20120611	4.92	5.16	4.92	5.09	14657363	223291120.00
20120612	5.05	5.05	4.90	4.96	9310662	138804016.00
20120613	4.97	5.02	4.85	4.99	10122925	150092160.00
20120614	4.95	5.03	4.84	4.85	8436441	124522216.00
20120615	4.84	4.91	4.73	4.79	6879105	99668240.00
20120618	4.80	4.91	4.79	4.89	5048774	73582744.00
20120619	4.88	4.89	4.77	4.78	5607745	81106096.00
20120620	4.78	4.85	4.77	4.78	3273555	47181368.00
20120621	4.75	4.75	4.55	4.58	7748663	107566280.00
20120625	4.52	4.53	4.33	4.34	5419425	71897744.00
20120626	4.33	4.50	4.28	4.44	4454839	58957488.00
20120627	4.46	4.55	4.38	4.45	3547355	47513344.00
20120628	4.45	4.50	4.32	4.34	3115271	41087432.00
20120629	4.27	4.41	4.24	4.39	3344518	43593968.00
20120702	4.43	4.56	4.43	4.50	5065916	68503592.00
20120703	4.54	4.60	4.46	4.53	5486376	74956304.00
20120704	4.57	4.70	4.57	4.59	6214749	86247992.00
20120705	4.55	4.56	4.40	4.45	4286322	57407444.00
20120706	4.49	4.63	4.41	4.60	4221400	57432172.00
20120709	4.56	4.83	4.51	4.68	13093791	185914768.00
20120710	4.66	4.77	4.63	4.72	5070686	71659248.00
20120711	4.71	4.79	4.66	4.79	5252699	74697416.00
20120712	4.78	4.86	4.73	4.83	7125738	102870376.00
20120713	4.83	5.05	4.81	4.97	12031047	178845952.00
20120716	4.95	5.02	4.79	4.80	9311889	136876352.00
20120717	4.76	4.98	4.75	4.97	6938692	101905976.00
20120718	4.95	5.06	4.83	5.03	6937306	103234960.00
20120719	4.99	5.08	4.93	4.97	6784368	102042800.00
20120720	4.96	5.03	4.87	5.02	5987507	88856792.00
20120723	5.00	5.02	4.87	5.00	5505572	81701856.00
20120724	4.94	5.02	4.83	4.95	5045150	74465392.00
20120725	4.90	4.96	4.78	4.78	3717644	54049736.00
20120726	4.79	4.96	4.79	4.90	6727913	99040024.00
20120727	4.90	4.97	4.83	4.95	4578129	67282456.00
20120730	4.96	4.98	4.89	4.92	3299786	48735408.00
20120731	4.90	4.90	4.47	4.57	5465494	76159440.00
20120801	4.50	4.73	4.50	4.68	3406924	47709088.00
20120802	4.68	4.78	4.65	4.77	2757913	39078616.00
20120803	4.75	4.86	4.75	4.85	2466555	35743920.00
20120806	4.85	5.05	4.81	4.99	4266200	63753172.00
20120807	5.00	5.13	4.96	5.03	5428410	82153408.00
20120808	5.00	5.19	4.94	5.14	7549405	115184736.00
20120809	5.13	5.20	5.06	5.18	6352860	97762088.00
20120810	5.15	5.17	5.04	5.11	4372365	66843896.00
20120813	5.08	5.61	5.04	5.38	11780803	190905504.00
20120814	5.34	5.77	5.34	5.68	12734258	211895120.00
20120815	5.63	5.68	5.54	5.56	6331292	106457720.00
20120816	5.55	5.65	5.49	5.59	5166119	86297376.00
20120817	5.60	5.86	5.55	5.70	8574579	146787168.00
20120820	5.63	5.73	5.40	5.67	6192757	103178768.00
20120821	5.63	5.76	5.58	5.64	5736842	97753368.00
20120822	5.63	5.73	5.50	5.62	4525573	75792488.00
20120823	5.60	6.18	5.57	6.14	13745467	244383024.00
20120824	6.10	6.10	5.83	5.89	8110507	144675152.00
20120827	5.78	6.07	5.70	5.71	6520092	115245600.00
20120828	5.67	5.83	5.57	5.73	5279666	90187856.00
20120829	5.70	5.74	5.59	5.68	3497265	59493944.00
20120830	5.65	5.69	5.23	5.57	6340425	104487024.00
20120831	5.50	5.58	5.43	5.45	2624743	43239268.00
20120903	5.55	5.98	5.53	5.91	8768804	152604368.00
20120904	5.87	6.01	5.79	5.85	5877960	103720936.00
20120905	5.83	6.08	5.79	5.92	6818243	122321392.00
20120906	5.93	6.02	5.85	6.00	4729110	84283200.00
20120907	6.07	6.20	5.95	6.05	9770019	177653792.00
20120910	6.19	6.36	6.07	6.09	8110888	150894704.00
20120911	6.03	6.12	5.86	6.00	4230753	76172912.00
20120912	6.07	6.19	5.94	6.03	3640335	66101168.00
20120913	5.99	5.99	5.81	5.82	3874657	68736144.00
20120914	6.12	6.22	5.89	5.95	7009041	127128976.00
20120917	5.93	6.05	5.82	5.84	4109582	73090496.00
20120918	5.77	5.93	5.60	5.81	4660339	80074456.00
20120919	5.77	6.05	5.72	6.03	4900701	86892728.00
20120920	6.00	6.00	5.66	5.67	5065369	88765160.00
20120921	5.63	5.93	5.60	5.75	5637996	98273680.00
20120924	5.66	5.72	5.43	5.69	4653589	77648736.00
20120925	5.63	5.69	5.55	5.62	1999053	33600696.00
20120926	5.62	5.65	5.41	5.43	2208807	36350552.00
20120927	5.40	5.60	5.39	5.48	3721590	61475992.00
20120928	5.54	5.70	5.53	5.70	4074010	68928552.00
20121008	5.74	5.75	5.58	5.64	2627311	44574012.00
20121009	5.60	5.88	5.60	5.86	4079635	70574840.00
20121010	6.00	6.00	5.83	5.89	3063420	54138504.00
20121011	5.93	5.93	5.75	5.76	2687611	47104432.00
20121012	5.77	5.89	5.72	5.84	2636844	46101088.00
20121015	5.97	5.97	5.78	5.86	2317579	40673472.00
20121016	5.83	5.87	5.74	5.79	1757770	30630496.00
20121017	5.96	5.96	5.77	5.78	3023273	52836408.00
20121018	5.78	5.82	5.72	5.79	2760374	47808960.00
20121019	5.78	5.81	5.64	5.67	2417565	41396300.00
20121022	5.61	5.66	5.47	5.62	2898587	48238680.00
20121023	5.63	5.70	5.60	5.61	1914474	32412952.00
20121024	5.55	5.62	5.53	5.61	1345911	22482560.00
20121025	5.60	5.67	5.56	5.63	1523295	25636178.00
20121026	5.63	5.65	5.42	5.43	2072042	34211180.00
20121029	5.43	5.52	5.40	5.44	794384	13001464.00
20121030	5.47	5.52	5.44	5.51	1003567	16501327.00
20121031	5.54	5.67	5.53	5.55	2152148	36110236.00
20121101	5.55	5.73	5.53	5.63	3574015	60552076.00
20121102	5.62	5.66	5.55	5.59	2123652	35656880.00
20121105	5.52	5.57	5.49	5.52	1905101	31631156.00
20121106	5.50	5.55	5.41	5.45	1423664	23323262.00
20121107	5.50	5.63	5.46	5.56	1994404	33238044.00
20121108	5.49	5.52	5.30	5.35	2254236	36514228.00
20121109	5.34	5.40	5.33	5.35	1189035	19120080.00
20121112	5.37	5.50	5.37	5.46	1702629	27831188.00
20121113	5.46	5.46	5.35	5.40	1435437	23228086.00
20121114	5.42	5.45	5.25	5.43	1497086	23994548.00
20121115	5.42	5.43	5.28	5.30	739563	11881786.00
20121116	5.30	5.35	5.25	5.29	886482	14061627.00
20121119	5.32	5.33	5.20	5.26	916771	14423162.00
20121120	5.26	5.29	5.20	5.26	975980	15367287.00
20121121	5.26	5.28	5.11	5.23	1087771	17002360.00
20121122	5.22	5.24	5.14	5.19	849072	13228147.00
20121123	5.19	5.27	5.17	5.21	883441	13901979.00
20121126	5.22	5.38	5.22	5.32	1986489	31688180.00
20121127	5.32	5.43	5.29	5.33	3352112	54054000.00
20121128	5.32	5.32	5.01	5.04	2189634	34005352.00
20121129	5.01	5.08	4.53	4.88	2790383	40494888.00
20121130	4.75	5.22	4.73	5.19	2821061	43192704.00
20121203	5.16	5.25	5.08	5.13	1688804	26137172.00
20121204	5.13	5.16	5.00	5.06	1831271	27818180.00
20121205	5.07	5.27	5.03	5.26	1884365	29413144.00
20121206	5.26	5.29	5.16	5.17	1535405	23961428.00
20121207	5.17	5.28	5.16	5.28	1649775	25995752.00
20121210	5.29	5.45	5.29	5.44	2401560	38934056.00
20121211	5.49	5.52	5.35	5.39	1471855	23898396.00
20121212	5.39	5.46	5.32	5.46	1728723	28068720.00
20121213	5.44	5.48	5.35	5.35	1442207	23391544.00
20121214	5.35	5.63	5.33	5.63	4070847	67382280.00
20121217	5.67	5.77	5.57	5.67	3295258	56012916.00
20121218	5.70	5.79	5.62	5.67	2810866	48104588.00
20121219	5.63	5.69	5.50	5.66	2270139	38200100.00
20121220	5.63	5.69	5.50	5.67	2064823	34522544.00
20121221	5.87	6.23	5.87	6.12	13575180	247986784.00
20121224	6.06	6.66	6.00	6.61	20295472	387069536.00
20121225	6.57	6.83	6.49	6.70	11550033	230548912.00
20121226	6.69	7.29	6.55	7.08	11329221	240390432.00
20121227	7.08	7.59	6.94	7.27	15904017	346809856.00
20121228	7.27	7.53	7.13	7.28	10937766	240287184.00
20121231	7.31	7.43	7.12	7.29	11724418	255907776.00
20130104	7.23	7.27	6.99	7.17	9215900	196565024.00
20130107	7.13	7.89	7.10	7.88	16691235	379928160.00
20130108	7.79	7.94	7.58	7.71	10823793	251551392.00
20130109	7.60	7.70	7.48	7.63	6021754	137065792.00
20130110	7.61	7.81	7.50	7.63	5636274	129830112.00
20130111	7.63	7.75	7.27	7.29	6492884	144770832.00
20130114	7.23	7.59	7.20	7.49	7147243	160091616.00
20130115	7.47	7.60	7.39	7.43	6965137	155952320.00
20130116	7.50	7.77	7.44	7.66	9748575	223126640.00
20130117	7.54	7.73	7.43	7.55	4886749	110558248.00
20130118	7.53	7.93	7.53	7.59	9449612	218734944.00
20130121	7.58	7.58	7.28	7.37	8700184	192370880.00
20130122	7.35	7.45	7.13	7.24	6306812	137515472.00
20130123	7.20	7.24	6.89	7.06	6536411	138098976.00
20130124	7.05	7.10	6.83	6.94	5703498	119259832.00
20130125	6.92	7.05	6.84	6.99	4124117	85941360.00
20130128	6.94	7.16	6.94	7.14	5082705	107704448.00
20130129	7.14	7.43	7.14	7.28	7659624	168399792.00
20130130	7.30	7.39	7.13	7.17	4850908	104911392.00
20130131	7.20	7.33	6.97	7.32	4636669	99758928.00
20130201	7.24	7.27	7.12	7.13	3686800	79348808.00
20130204	7.13	7.19	6.53	6.83	8450638	172829888.00
20130205	6.77	6.89	6.67	6.88	3004018	61364888.00
20130206	6.93	6.98	6.87	6.89	2764521	57392376.00
20130207	6.89	6.94	6.84	6.89	1880561	38932372.00
20130208	6.89	7.22	6.85	7.18	4144588	88222080.00
20130218	7.17	7.29	7.03	7.19	3318232	71381984.00
20130219	7.19	7.19	6.96	7.00	2026839	42781476.00
20130220	7.03	7.08	6.87	7.01	2489425	51997512.00
20130221	6.96	6.96	6.79	6.82	2672394	54956788.00
20130222	6.81	7.42	6.80	7.34	9338885	202819744.00
20130225	7.35	7.62	7.30	7.49	7645656	171455344.00
20130226	7.73	8.17	7.73	7.79	14789300	349801312.00
20130227	7.79	7.93	7.63	7.85	5887154	137506528.00
20130228	8.00	8.06	7.79	7.90	6437878	152787056.00
20130301	7.90	7.90	7.59	7.72	8166104	188184272.00
20130304	7.67	7.68	7.27	7.43	10007595	222628544.00
20130305	7.37	7.49	7.27	7.31	7832351	172910656.00
20130306	7.37	7.58	7.33	7.48	9302449	208529504.00
20130307	7.48	7.48	7.07	7.16	7248238	157856880.00
20130308	7.19	7.28	7.07	7.17	3655061	78668744.00
20130311	7.18	7.53	7.17	7.46	7147702	159159104.00
20130312	7.47	7.52	7.09	7.18	5738768	124909464.00
20130313	7.13	7.13	6.94	7.06	2332920	49287124.00
20130314	6.99	7.15	6.99	7.06	2000718	42471752.00
20130315	7.01	7.27	6.93	7.17	3221539	69019568.00
20130318	7.00	7.16	6.88	7.04	4356334	91683752.00
20130319	7.00	7.05	6.77	6.85	4409751	90761968.00
20130320	6.88	7.06	6.80	7.02	4887242	102129768.00
20130321	7.05	7.26	7.02	7.18	5601915	120378976.00
20130322	7.19	7.42	7.11	7.42	6093167	133192200.00
20130325	7.44	7.58	7.32	7.48	7357253	164228624.00
20130326	7.44	7.55	7.29	7.44	4606408	102210632.00
20130327	7.43	7.51	7.20	7.23	4444342	97720320.00
20130328	7.18	7.18	6.90	6.91	4148458	86890664.00
20130329	6.92	7.03	6.85	6.94	2302641	48057816.00
20130401	6.98	7.33	6.93	7.31	2575047	55156772.00
20130408	6.90	7.48	6.73	7.39	4448992	95770344.00
20130409	7.37	7.60	7.33	7.44	5610459	126185552.00
20130410	7.45	7.72	7.32	7.43	5098084	114940624.00
20130411	7.50	7.65	7.42	7.43	3792000	85602424.00
20130412	7.44	7.49	7.23	7.40	3446713	75954432.00
20130415	7.24	7.24	6.82	6.84	6239249	130121552.00
20130416	6.47	6.68	6.38	6.63	6151973	120902960.00
20130417	6.63	6.69	6.51	6.57	3320056	65617272.00
20130418	6.51	6.51	6.37	6.46	4199179	81122328.00
20130419	6.48	6.68	6.48	6.64	4139570	82192600.00
20130422	6.60	6.63	6.48	6.55	3464735	67991392.00
20130423	6.65	6.65	6.47	6.47	2932256	57685400.00
20130424	6.60	6.62	6.50	6.60	2466213	48613356.00
20130425	6.63	6.96	6.59	6.83	6479562	132066688.00
20130426	6.96	6.99	6.70	6.71	3942603	80742112.00
20130502	6.57	6.57	6.22	6.35	5134121	98653328.00
20130503	6.41	6.45	6.29	6.35	3664233	70303832.00
20130506	6.34	6.51	6.34	6.46	3776406	73088848.00
20130507	6.46	6.52	6.42	6.49	3109682	60430336.00
20130508	6.48	6.50	6.37	6.45	3322116	64082168.00
20130509	6.48	6.78	6.48	6.66	6426070	128177392.00
20130510	6.68	6.70	6.52	6.62	4023862	79906560.00
20130513	6.53	6.57	6.33	6.43	5734323	110103728.00
20130514	6.39	6.40	6.29	6.31	3807756	72273432.00
20130515	6.30	6.36	6.01	6.11	8551240	157556704.00
20130516	6.08	6.20	6.03	6.17	4588767	84539776.00
20130517	6.17	6.23	6.12	6.22	3897525	72296600.00
20130520	6.19	6.35	6.10	6.34	6632127	124248392.00
20130521	6.35	6.44	6.27	6.40	5629850	107327416.00
20130522	6.39	6.39	6.32	6.35	3509479	66881204.00
20130523	6.33	6.49	6.30	6.40	5126018	98515960.00
20130524	6.40	6.49	6.31	6.40	3722681	71421768.00
20130527	6.38	6.40	6.31	6.36	3050173	58110016.00
20130528	6.38	7.00	6.37	7.00	13821371	280005216.00
20130529	7.14	7.18	6.90	7.02	13243984	280215936.00
20130530	7.05	7.19	6.97	7.11	8655517	183951008.00
20130531	7.11	7.48	7.06	7.30	9561427	208708464.00
20130603	7.29	7.66	7.25	7.32	10012786	224080064.00
20130604	7.34	7.37	6.99	7.10	7425770	158712224.00
20130605	7.10	7.34	7.10	7.28	6483535	140594480.00
20130606	7.26	7.26	7.00	7.04	4201495	89306576.00
20130607	7.04	7.12	6.80	6.87	4917384	101724240.00
20130613	6.73	7.05	6.60	6.90	4840924	99715912.00
20130614	7.03	7.47	7.00	7.33	9379505	204455920.00
20130617	7.47	7.63	7.21	7.32	9476659	211645568.00
20130618	7.29	7.76	7.20	7.74	10814045	244083296.00
20130619	7.70	7.78	7.57	7.71	7980127	183434256.00
20130620	7.70	7.83	7.28	7.37	7959997	182184512.00
20130621	7.19	7.56	6.95	7.41	6470016	140594080.00
20130624	7.45	7.50	6.69	6.88	8338698	177573216.00
20130625	6.73	6.93	6.19	6.62	9268166	180937392.00
20130626	6.66	6.90	6.54	6.87	6324281	127663440.00
20130627	6.89	7.30	6.89	7.05	8859027	189077040.00
20130628	7.00	7.16	6.56	6.76	6746203	138805104.00
20130701	6.85	6.96	6.46	6.91	5073082	102584128.00
20130702	6.95	7.50	6.87	7.48	11285331	244804256.00
20130703	7.47	8.23	7.39	8.18	27284756	651736704.00
20130704	8.05	8.39	7.97	8.12	17868666	439397536.00
20130705	7.98	8.57	7.94	8.28	18683939	466946624.00
20130708	8.00	8.48	7.76	7.78	13177142	320957024.00
20130709	7.73	7.97	7.54	7.82	9555534	222830496.00
20130710	7.83	7.98	7.57	7.93	11927784	277913632.00
20130711	7.85	8.25	7.72	8.23	16358163	391417600.00
20130712	8.13	8.26	7.77	7.83	14722175	354111936.00
20130715	7.78	8.07	7.77	7.91	9573226	227805056.00
20130716	7.90	8.50	7.84	8.45	18334901	456686464.00
20130717	8.40	8.50	8.05	8.21	14262845	353925632.00
20130718	8.15	8.15	7.81	7.88	12541918	298580608.00
20130719	7.93	8.00	7.66	7.67	9422697	221604784.00
20130722	7.56	7.73	7.33	7.72	8864086	199655328.00
20130723	7.77	7.97	7.70	7.80	10461828	245420928.00
20130724	7.73	7.74	7.50	7.69	8649886	197436304.00
20130725	7.63	7.88	7.51	7.67	8228981	190217088.00
20130726	7.54	7.65	7.27	7.39	8372818	186383328.00
20130729	7.42	7.49	7.30	7.43	4335629	96509440.00
20130730	7.40	7.60	7.35	7.49	5292524	119221368.00
20130731	7.44	7.54	7.34	7.37	4207916	93299848.00
20130801	7.37	7.51	7.34	7.48	4898726	109223424.00
20130802	7.49	7.73	7.49	7.60	7432349	170405008.00
20130805	7.69	7.69	7.53	7.67	4069542	93041896.00
20130806	7.66	7.74	7.57	7.71	5091613	116720912.00
20130807	7.67	7.72	7.43	7.44	5073349	115122768.00
20130808	7.43	7.50	7.34	7.36	4445100	98895672.00
20130809	7.43	7.81	7.39	7.79	9526514	217870672.00
20130812	7.84	7.96	7.75	7.85	9789409	230850720.00
20130813	7.86	7.95	7.71	7.81	6812388	160063072.00
20130814	7.80	8.14	7.72	7.95	8880811	212552960.00
20130815	7.95	7.98	7.64	7.67	7172259	167630400.00
20130816	7.64	7.82	7.50	7.58	6405998	147509376.00
20130819	7.50	7.72	7.47	7.69	3327948	76310912.00
20130820	7.69	7.69	7.50	7.54	4379727	99646880.00
20130821	7.54	7.57	7.36	7.47	4791190	106918504.00
20130822	7.42	7.59	7.36	7.54	3256152	73271888.00
20130823	7.57	7.66	7.37	7.53	3309495	74605144.00
20130826	7.47	7.62	7.38	7.60	5443090	122616056.00
20130827	7.58	7.59	7.47	7.50	3827606	86384040.00
20130828	7.53	7.96	7.52	7.83	11317180	264935744.00
20130829	7.77	7.78	7.54	7.56	5628242	128868624.00
20130830	7.50	7.50	7.27	7.31	6227271	138004480.00
20130902	7.31	7.42	7.30	7.39	2361444	52164028.00
20130903	7.40	7.45	7.34	7.40	2522202	56022968.00
20130904	7.40	7.48	7.34	7.36	2925404	64885940.00
20130905	7.35	7.40	7.30	7.31	2932499	64507308.00
20130906	7.32	7.32	7.12	7.18	5655557	121893584.00
20130909	7.20	7.43	7.20	7.32	7787013	170623824.00
20130910	7.34	7.40	7.26	7.33	4385947	96250160.00
20130911	7.29	7.29	7.13	7.19	5548003	119759488.00
20130912	7.19	7.22	6.98	6.99	6139901	130093792.00
20130913	6.90	7.08	6.85	7.03	3650498	76738816.00
20130916	7.03	7.07	6.90	7.02	3730589	78101416.00
20130917	6.97	7.08	6.97	7.06	2784902	58886068.00
20130918	7.09	7.23	7.06	7.13	5298688	113697568.00
20130923	7.15	7.34	7.15	7.32	7253325	158594400.00
20130924	7.31	7.31	7.18	7.22	5300669	114567792.00
20130925	7.22	7.25	7.10	7.18	5198906	111851456.00
20130926	7.18	7.23	7.01	7.03	3441885	73261128.00
20130927	7.03	7.07	7.00	7.04	2242289	47316704.00
20130930	7.03	7.10	6.98	7.00	2000114	42182736.00
20131008	7.00	7.20	6.98	7.18	2607079	55581576.00
20131009	7.18	7.38	7.14	7.34	4757827	104021248.00
20131010	7.36	7.39	7.27	7.28	3990604	87631712.00
20131011	7.27	7.42	7.27	7.33	2844779	62807156.00
20131014	7.30	7.41	7.28	7.31	2847698	62552480.00
20131015	7.33	7.36	7.11	7.16	3829745	82808256.00
20131016	7.13	7.18	6.90	7.09	3919025	82683440.00
20131017	7.05	7.14	6.97	6.98	2436829	51437960.00
20131018	7.09	7.18	7.00	7.03	1988398	42152708.00
20131021	7.03	7.23	7.03	7.18	3377495	72457424.00
20131022	7.18	7.19	7.08	7.10	2038950	43504688.00
20131023	7.16	7.18	7.06	7.07	2502887	53347864.00
20131024	7.07	7.18	7.01	7.12	2085215	44484856.00
20131025	7.16	7.24	7.03	7.16	2815111	60255656.00
20131028	7.00	7.00	6.64	6.66	7224156	145624624.00
20131029	6.66	6.68	6.33	6.44	3707930	72266224.00
20131030	6.45	6.58	6.42	6.52	1842889	35980700.00
20131031	6.52	6.52	6.23	6.25	4684820	89094624.00
20131101	6.31	6.45	6.20	6.45	2639195	50263420.00
20131104	6.43	6.43	6.32	6.41	3850343	73363424.00
20131105	6.40	6.42	6.32	6.40	1329298	25433002.00
20131106	6.40	6.52	6.37	6.40	2120214	41052800.00
20131107	6.38	6.48	6.38	6.43	1151384	22230206.00
20131108	6.43	6.43	6.22	6.23	2552825	48159940.00
20131111	6.20	6.36	6.13	6.30	2289691	42827572.00
20131112	6.30	6.35	6.27	6.31	1022534	19363692.00
20131113	6.31	6.34	6.18	6.19	1410099	26503340.00
20131114	6.20	6.22	6.10	6.15	2329877	43007604.00
20131115	6.15	6.31	6.15	6.27	3484694	65412328.00
20131118	6.33	6.35	6.21	6.34	3482973	65628848.00
20131119	6.36	6.43	6.26	6.40	3363828	64304704.00
20131120	6.40	6.43	6.30	6.38	1803036	34372712.00
20131121	6.36	6.36	6.22	6.30	2158982	40631192.00
20131122	6.29	6.43	6.23	6.42	3130316	59728744.00
20131125	6.35	6.48	6.35	6.44	2327449	44721840.00
20131126	6.42	6.67	6.35	6.66	5950332	116317792.00
20131127	6.70	6.77	6.59	6.66	7068522	141669136.00
20131128	6.63	6.66	6.50	6.56	4531842	89415880.00
20131129	6.56	6.58	6.38	6.48	4249772	82447920.00
20131202	6.40	6.48	6.23	6.28	3515990	66958708.00
20131203	6.24	6.35	6.23	6.33	1570562	29665552.00
20131204	6.35	6.39	6.27	6.35	2119373	40456552.00
20131205	6.32	6.42	6.32	6.39	1703196	32634092.00
20131206	6.36	6.39	6.28	6.33	1567162	29729652.00
20131209	6.33	6.33	6.26	6.28	2112873	39853308.00
20131210	6.28	6.31	6.24	6.26	1799858	33852500.00
20131211	6.30	6.49	6.26	6.46	4268144	81805064.00
20131212	6.42	6.53	6.38	6.46	3123672	60603008.00
20131213	6.40	6.50	6.35	6.42	1777751	34147160.00
20131216	6.40	6.42	6.30	6.30	1557050	29628342.00
20131217	6.35	6.35	6.20	6.21	1535435	28846058.00
20131218	6.20	6.27	6.14	6.17	1386844	25820212.00
20131219	6.20	6.22	6.10	6.11	1053298	19398908.00
20131220	6.11	6.15	5.76	5.78	3617483	63831624.00
20131223	5.80	5.85	5.65	5.69	1779707	30607512.00
20131224	5.70	5.76	5.55	5.62	3786675	64088900.00
20131225	5.61	6.00	5.54	5.94	4402154	75167936.00
20131226	5.84	6.06	5.82	5.99	4078185	72648560.00
20131227	5.96	5.98	5.90	5.94	1749229	31196480.00
20131230	5.96	5.98	5.70	5.74	2253007	39426280.00
20131231	5.75	5.85	5.65	5.80	1671984	28894286.00
20140102	5.80	5.85	5.76	5.82	1133168	19777552.00
20140103	5.90	5.90	5.70	5.73	1526172	26430500.00
20140106	5.76	5.95	5.67	5.90	3419867	59672268.00
20140107	5.85	5.98	5.80	5.87	1712133	30304142.00
20140108	5.87	5.93	5.76	5.77	1650724	28943488.00
20140109	5.76	5.83	5.71	5.78	1188906	20574864.00
20140110	5.82	5.98	5.78	5.91	2949009	52297892.00
20140113	5.92	5.95	5.73	5.80	1726422	30221652.00
20140114	5.80	5.89	5.73	5.86	1506920	26180152.00
20140115	5.83	5.84	5.73	5.76	1460938	25282668.00
20140116	5.77	5.80	5.70	5.70	1177023	20303300.00
20140117	5.68	5.78	5.68	5.70	1268724	21785006.00
20140120	5.70	5.73	5.61	5.69	1639079	27837920.00
20140121	5.67	5.74	5.63	5.72	1038532	17757604.00
20140122	5.71	5.82	5.71	5.80	2016961	34895444.00
20140123	5.80	5.80	5.69	5.71	2335080	40124952.00
20140124	5.78	6.10	5.75	6.08	6609442	117906480.00
20140127	5.96	6.04	5.89	5.93	4903054	87826976.00
20140128	5.94	6.00	5.84	5.85	1842806	32587472.00
20140129	5.88	5.92	5.76	5.77	2202542	38391900.00
20140130	5.77	5.86	5.69	5.69	1622502	28047440.00
20140207	5.67	5.69	5.56	5.62	3267879	54878596.00
20140210	5.63	5.81	5.63	5.81	5067495	87196824.00
20140211	5.79	5.91	5.74	5.84	3810872	66618440.00
20140212	5.80	6.00	5.80	5.94	3802291	67597640.00
20140213	6.18	6.27	5.94	5.96	6194671	113298944.00
20140214	5.87	5.97	5.87	5.95	3393552	60239948.00
20140217	5.98	6.15	5.98	6.06	4418314	80546216.00
20140218	6.06	6.13	5.94	5.97	3878507	70272000.00
20140219	5.94	6.12	5.94	6.11	3605002	65156836.00
20140220	6.12	6.27	6.03	6.13	5815244	107500208.00
20140221	6.11	6.22	6.00	6.06	3283689	60211560.00
20140224	6.05	6.11	5.89	6.09	2705042	48440276.00
20140225	6.10	6.19	5.92	6.00	3696415	67391824.00
20140226	5.84	6.16	5.84	6.16	4566181	82700584.00
20140227	6.10	6.15	5.91	5.94	3491826	63383788.00
20140228	5.93	6.10	5.90	5.95	3006079	53899748.00
20140303	5.94	6.00	5.63	5.72	7511169	129246680.00
20140304	5.75	5.82	5.67	5.76	5321262	91878200.00
20140305	5.75	5.77	5.68	5.70	2086286	35795304.00
20140306	5.70	5.73	5.65	5.68	1950474	33250110.00
20140307	5.69	5.75	5.64	5.68	1687044	28803920.00
20140310	5.68	5.68	5.43	5.54	3436875	57202688.00
20140311	5.50	5.55	5.37	5.43	2101291	34496176.00
20140312	5.43	5.49	5.38	5.43	2637258	43051156.00
20140313	5.48	5.59	5.44	5.55	2818297	46852944.00
20140314	5.57	5.58	5.45	5.48	1726923	28539580.00
20140317	5.49	5.69	5.47	5.67	2775101	46571812.00
20140318	5.67	5.75	5.63	5.65	2090952	35649060.00
20140319	5.65	5.65	5.52	5.53	1606817	26883136.00
20140320	5.53	5.62	5.45	5.47	1680234	27913728.00
20140321	5.43	5.65	5.41	5.62	3039323	50839488.00
20140324	5.59	5.66	5.57	5.60	1518850	25576548.00
20140325	5.60	5.66	5.54	5.60	2009780	33869120.00
20140326	5.60	5.65	5.58	5.63	1264005	21283842.00
20140327	5.63	5.76	5.60	5.72	3722175	63729040.00
20140328	5.72	5.78	5.65	5.75	3679195	63240972.00
20140331	5.78	5.98	5.77	5.89	5690757	100635424.00
20140401	5.88	5.93	5.79	5.88	1906368	33420606.00
20140402	5.88	5.89	5.77	5.79	1655065	28807476.00
20140403	5.79	5.86	5.69	5.78	1743943	30197972.00
20140404	5.77	5.81	5.77	5.81	982327	17066796.00
20140408	5.83	5.86	5.77	5.84	1907991	33327376.00
20140409	5.86	5.95	5.81	5.89	2427453	42938444.00
20140410	5.90	5.94	5.84	5.89	1718479	30377840.00
20140411	5.87	5.88	5.80	5.81	1414323	24725198.00
20140414	5.81	5.86	5.78	5.86	1308381	22878660.00
20140415	5.88	5.98	5.88	5.89	3005191	53463448.00
20140416	5.87	6.08	5.87	6.06	5418413	97751192.00
20140417	6.07	6.08	5.96	6.00	3820255	68716200.00
20140418	6.00	6.05	5.95	6.01	2045419	36805460.00
20140421	5.89	6.09	5.85	6.02	3484249	62318316.00
20140422	6.02	6.13	5.97	6.12	4345730	79029824.00
20140423	6.12	6.12	5.99	6.00	2601783	47189392.00
20140424	6.00	6.04	5.98	6.00	1200410	21607510.00
20140425	5.96	5.96	5.41	5.63	6482731	109572064.00
20140428	5.63	5.66	5.49	5.64	2436690	40755800.00
20140429	5.63	5.65	5.53	5.64	1885918	31660428.00
20140430	5.59	5.69	5.59	5.65	3855488	65209136.00
20140505	5.63	5.71	5.61	5.71	1919901	32656408.00
20140506	5.71	5.74	5.68	5.70	882252	15093227.00
20140507	5.68	5.70	5.55	5.56	3319876	55627704.00
20140508	5.59	5.59	5.50	5.52	2288339	38032684.00
20140509	5.54	5.58	5.50	5.57	1998222	33163600.00
20140512	5.58	5.69	5.54	5.66	4823887	81934000.00
20140513	5.67	5.70	5.64	5.68	1560552	26530060.00
20140514	5.70	5.71	5.65	5.67	1400906	23826348.00
20140515	5.65	5.72	5.64	5.67	2636753	44976936.00
20140516	5.67	5.69	5.65	5.68	999857	17019760.00
20140519	5.68	5.68	5.62	5.67	1597753	27078122.00
20140520	5.66	5.72	5.66	5.69	2220369	37987168.00
20140521	5.67	5.78	5.67	5.75	1134232	19540904.00
20140522	5.80	5.83	5.74	5.76	857791	14906544.00
20140523	5.75	5.82	5.75	5.81	972909	16942606.00
20140603	6.10	6.14	5.98	6.07	12263889	222369584.00
20140604	6.02	6.10	6.02	6.06	5282169	96228288.00
20140605	6.06	6.06	5.94	6.04	2706153	48920852.00
20140606	6.05	6.05	6.00	6.01	1527383	27590100.00
20140609	6.00	6.04	5.93	5.97	2601321	46749044.00
20140610	5.97	6.02	5.94	5.98	3996611	71774856.00
20140611	5.95	5.99	5.92	5.97	3052502	54669416.00
20140612	5.97	5.97	5.86	5.94	4172707	74103352.00
20140613	5.96	5.99	5.89	5.94	3123475	55755792.00
20140616	5.94	5.98	5.90	5.95	2707143	48253772.00
20140617	5.95	6.04	5.95	6.00	4059996	73173944.00
20140618	6.00	6.00	5.90	5.95	2860833	50919988.00
20140619	5.92	5.97	5.80	5.86	2163358	38085748.00
20140620	5.83	5.92	5.82	5.88	1161943	20464392.00
20140623	5.88	6.03	5.84	6.01	4496344	80066272.00
20140624	5.97	5.99	5.89	5.91	4096508	72960320.00
20140625	5.91	5.91	5.84	5.85	1435363	25228300.00
20140626	5.88	5.94	5.86	5.89	1335670	23696940.00
20140627	5.88	5.93	5.85	5.91	1446618	25551566.00
20140630	5.91	6.02	5.88	5.95	3020624	53980912.00
20140701	5.96	6.05	5.94	6.00	2501467	45054876.00
20140702	6.00	6.00	5.95	5.97	1918497	34351988.00
20140703	5.95	5.97	5.92	5.94	2259332	40358152.00
20140704	5.92	5.98	5.91	5.97	5756055	102642144.00
20140707	6.00	6.03	5.95	6.01	4528369	81456320.00
20140708	6.03	6.13	5.97	6.10	4544393	82868752.00
20140709	6.10	6.11	5.99	6.03	3478724	63000480.00
20140710	6.03	6.06	5.99	6.01	2225124	40193128.00
20140711	6.04	6.05	6.00	6.03	1612657	29180504.00
20140714	6.03	6.05	6.01	6.04	2210032	39992764.00
20140715	6.06	6.14	6.03	6.09	3012175	55078736.00
20140716	6.09	6.09	6.01	6.02	2393960	43337508.00
20140717	6.00	6.04	6.00	6.01	1500177	27089004.00
20140718	6.04	6.04	6.01	6.02	656685	11873638.00
20140721	6.02	6.03	5.96	6.02	2134200	38405496.00
20140722	6.03	6.03	6.00	6.03	1708285	30817500.00
20140723	6.03	6.04	5.97	6.00	2406394	43343008.00
20140724	6.00	6.03	5.96	6.01	2765280	49775352.00
20140725	6.01	6.10	6.00	6.10	2350773	42741492.00
20140728	6.13	6.13	6.06	6.10	2785885	50946440.00
20140729	6.10	6.68	6.08	6.51	11638085	221679408.00
20140730	6.47	6.62	6.39	6.53	7074529	138255088.00
20140731	6.50	6.67	6.46	6.58	6214309	122424400.00
20140801	6.53	6.54	6.43	6.45	3866876	75163544.00
20140804	6.42	6.48	6.42	6.47	2652157	51308580.00
20140805	6.48	6.50	6.43	6.48	1893940	36725728.00
20140806	6.46	6.63	6.43	6.55	3535567	69438912.00
20140807	6.62	6.65	6.40	6.41	3814629	74312880.00
20140808	6.41	6.50	6.33	6.44	4918412	94489344.00
20140811	6.43	6.48	6.40	6.41	2798388	54027128.00
20140812	6.43	6.46	6.34	6.39	2574347	49331096.00
20140813	6.36	6.39	6.31	6.37	2744624	52218812.00
20140814	6.34	6.42	6.32	6.33	3125494	59818460.00
20140815	6.33	6.42	6.33	6.37	2655106	50900856.00
20140818	6.37	6.48	6.35	6.44	3524940	67858720.00
20140819	6.43	6.47	6.41	6.46	3111412	60128556.00
20140820	6.47	6.48	6.38	6.40	3518170	67761200.00
20140821	6.37	6.41	6.32	6.35	3242235	61900380.00
20140822	6.35	6.43	6.33	6.41	3092584	59379352.00
20140825	6.42	6.60	6.34	6.53	11276634	220189712.00
20140826	6.49	6.65	6.49	6.57	6726381	132873872.00
20140827	6.57	6.64	6.51	6.60	4532305	89393296.00
20140828	6.61	6.73	6.53	6.55	7649219	152704464.00
20140829	6.55	6.67	6.55	6.64	2960942	58707088.00
20140901	6.66	6.73	6.61	6.66	5101808	101998768.00
20140902	6.65	6.72	6.59	6.70	5739224	114712920.00
20140903	6.70	6.93	6.65	6.89	7258333	148353248.00
20140904	6.88	6.92	6.83	6.86	3804841	78486848.00
20140905	6.84	6.95	6.84	6.89	3478703	72040120.00
20140909	6.90	7.16	6.90	7.08	5522096	116923536.00
20140910	7.08	7.22	7.03	7.15	4061636	86943016.00
20140911	7.18	7.31	7.05	7.12	5478893	118300888.00
20140912	7.08	7.42	7.08	7.41	6438748	140687024.00
20140915	7.41	7.63	7.35	7.43	5168527	116072816.00
20140916	7.37	7.46	7.16	7.19	5890954	129132872.00
20140917	7.19	7.23	7.12	7.17	3203573	68907288.00
20140918	7.16	7.26	7.09	7.16	2981961	64156280.00
20140919	7.16	7.21	7.12	7.19	3470839	74518968.00
20140922	7.19	7.26	7.00	7.07	3159030	67121272.00
20140923	7.03	7.11	6.96	7.07	3335756	70284488.00
20140924	7.07	7.21	7.03	7.20	3190221	68454208.00
20140925	7.23	7.23	7.10	7.15	3021523	64918816.00
20140926	7.13	7.36	7.11	7.31	4186214	91357360.00
20140929	7.31	7.40	7.17	7.20	3973333	86649080.00
20140930	7.25	7.38	7.21	7.33	4400852	96439792.00
20141008	7.32	7.32	7.24	7.30	3373421	73598296.00
20141009	7.30	7.36	7.23	7.26	2513755	54880568.00
20141010	7.23	7.38	7.23	7.28	4018637	88187376.00
20141013	7.29	7.65	7.17	7.56	10320411	230440576.00
20141014	7.59	7.77	7.57	7.58	4981064	114415880.00
20141015	7.56	7.66	7.48	7.64	2861189	65055808.00
20141016	7.64	8.20	7.56	8.06	9800590	235302080.00
20141017	8.07	8.07	7.79	8.01	4217714	100534744.00
20141020	8.10	8.10	7.96	8.02	3233325	77991208.00
20141021	8.00	8.08	7.96	8.05	3145172	75776640.00
20141022	8.05	8.13	7.78	7.82	3897675	92536488.00
20141023	7.83	7.83	7.58	7.63	5991268	137582320.00
20141024	7.59	7.72	7.59	7.63	2996732	68727888.00
20141027	7.63	7.73	7.51	7.73	1790244	41133196.00
20141028	7.74	8.15	7.74	7.95	3410771	81554096.00
20141029	8.00	8.13	7.95	8.02	3886627	93604808.00
20141030	8.03	8.03	7.87	7.91	3670306	87675584.00
20141031	7.90	8.03	7.85	7.96	2506035	59600216.00
20141103	7.91	8.12	7.91	8.12	4105641	98883536.00
20141104	8.15	8.20	8.04	8.06	2133257	51881684.00
20141105	8.06	8.13	8.02	8.07	2628563	63619640.00
20141106	8.06	8.17	8.05	8.11	1653485	40199936.00
20141107	8.13	8.52	8.07	8.39	5268204	131632576.00
20141110	8.39	8.46	8.27	8.38	4633004	116282440.00
20141111	8.38	8.39	7.83	8.02	5443957	132245376.00
20141112	8.02	8.13	7.87	8.12	2081851	50245612.00
20141113	8.12	8.17	7.97	8.04	3015410	72933536.00
20141114	8.06	8.06	7.95	8.03	1508490	36212736.00
20141117	8.03	8.13	7.97	8.10	2559871	61781772.00
20141118	8.13	8.14	7.97	8.01	2857567	68804392.00
20141119	8.01	8.08	7.97	8.06	1605056	38677140.00
20141120	8.05	8.05	7.97	7.98	1453078	34849664.00
20141121	7.97	8.22	7.96	8.15	4144728	101015224.00
20141124	8.18	8.28	8.16	8.21	4302387	106001984.00
20141125	8.20	8.30	8.17	8.25	4617415	114159520.00
20141126	8.24	8.56	8.20	8.51	8694813	219855264.00
20141127	8.51	8.80	8.43	8.68	5810779	150600528.00
20141128	8.68	8.83	8.53	8.58	4623621	119886864.00
20141201	8.60	8.63	8.30	8.40	6719079	169537104.00
20141202	8.40	8.69	8.36	8.46	4098671	105207040.00
20141203	8.43	8.57	8.38	8.48	3734510	94845416.00
20141204	8.50	8.57	8.40	8.47	4271210	108599000.00
20141205	8.47	8.47	8.01	8.17	5221293	129242248.00
20141208	8.13	8.13	7.94	8.02	8122510	194887968.00
20141209	7.81	8.19	7.81	7.92	6663662	160090288.00
20141210	7.92	8.16	7.91	8.13	3527610	85641496.00
20141211	8.17	8.24	8.03	8.17	4204428	102592240.00
20141212	8.18	8.69	8.14	8.68	5561178	140265728.00
20141215	8.70	9.01	8.60	8.89	8192620	217000672.00
20141216	8.87	8.95	8.67	8.79	4005694	105353744.00
20141217	8.75	8.75	8.56	8.66	3594739	93140544.00
20141218	8.65	8.72	8.60	8.65	3000725	77884944.00
20141219	8.73	8.73	8.34	8.44	2754718	70137736.00
20141222	8.38	8.38	7.84	8.01	7102039	170972976.00
20141223	7.99	8.20	7.87	8.00	3717436	89511016.00
20141224	8.01	8.31	8.01	8.30	2346051	57601764.00
20141225	8.29	8.64	8.28	8.61	3192120	81994088.00
20141226	8.62	8.76	8.57	8.63	4923736	127940144.00
20141229	8.83	8.99	8.48	8.63	4567064	118541008.00
20141230	8.61	8.66	8.20	8.27	3422650	85953664.00
20141231	8.27	8.58	8.27	8.53	3282237	83461824.00
20150105	8.60	8.65	8.33	8.39	2876003	72641392.00
20150106	8.39	8.50	8.24	8.49	2892236	72694880.00
20150107	8.47	8.74	8.42	8.51	2887522	74346976.00
20150108	8.53	8.53	8.30	8.36	1896731	47597024.00
20150109	8.33	8.53	8.32	8.46	2331052	59103888.00
20150112	8.46	8.47	8.31	8.35	2006904	50224124.00
20150113	8.30	8.53	8.26	8.33	1465751	36715120.00
20150114	8.30	8.43	8.27	8.32	1399620	34965480.00
20150115	8.32	8.46	8.30	8.41	1828500	45924280.00
20150116	8.42	8.48	8.36	8.42	2524500	63707380.00
20150119	8.45	8.45	8.18	8.30	2777804	69276472.00
20150120	8.27	8.59	8.23	8.57	4551298	114863280.00
20150121	8.57	8.87	8.46	8.78	5943143	155802656.00
20150122	8.78	8.90	8.70	8.78	5466300	144462608.00
20150123	8.83	9.10	8.78	8.98	7519426	202404896.00
20150126	9.00	9.10	8.92	9.00	3949056	107082736.00
20150127	9.00	9.42	8.96	9.34	6510666	181630416.00
20150128	9.34	9.43	9.10	9.18	3548854	98350184.00
20150129	9.12	9.38	9.03	9.33	3533449	98100664.00
20150130	9.34	9.40	8.89	8.93	3811793	104667960.00
20150202	8.68	9.10	8.68	9.08	2795077	74218872.00
20150203	9.09	9.33	9.02	9.17	2533740	69356432.00
20150204	9.26	9.31	8.98	9.10	2616600	71865616.00
20150205	9.08	9.23	8.79	8.95	3193906	86398448.00
20150206	8.94	8.94	8.71	8.80	1703767	44996392.00
20150209	8.74	8.94	8.72	8.87	2421223	64344284.00
20150210	8.89	9.10	8.80	9.01	2661747	71457384.00
20150211	9.01	9.04	8.90	9.01	2801428	75254264.00
20150212	8.91	9.07	8.79	8.84	2976581	79628928.00
20150213	8.87	8.99	8.84	8.96	3481735	93570648.00
20150216	8.97	9.22	8.93	9.05	2966751	80310424.00
20150217	9.12	9.25	8.99	9.23	3105544	85130568.00
20150225	9.23	9.28	9.07	9.17	3167035	87194208.00
20150226	9.18	9.24	9.12	9.13	2391709	65713016.00
20150227	9.12	9.13	8.97	9.06	3169899	86073648.00
20150302	9.05	9.33	8.94	9.27	5173991	143047360.00
20150303	9.27	9.50	9.13	9.40	6494711	181979104.00
20150304	9.40	9.56	9.28	9.33	5289275	149094336.00
20150305	9.33	9.33	8.73	9.04	10044066	271243296.00
20150306	9.04	9.12	8.89	9.04	6264137	168993120.00
20150309	9.00	9.11	8.98	9.07	4074643	110559968.00
20150310	9.10	9.52	9.00	9.48	6793791	189793296.00
20150311	9.43	9.55	9.37	9.54	5647251	160820512.00
20150312	9.48	9.53	9.24	9.34	7601225	213063744.00
20150313	9.37	9.87	9.35	9.85	10660869	311140928.00
20150316	9.97	10.37	9.86	10.29	15870323	481340352.00
20150317	10.33	10.75	10.33	10.38	8058956	254645792.00
20150318	10.38	11.17	10.28	11.00	11761116	377054752.00
20150615	12.10	12.10	12.10	12.10	44187	1603988.00
20150616	13.31	13.31	13.31	13.31	57296	2287829.00
20150617	14.64	14.64	14.64	14.64	116104	5099288.00
20150618	16.10	16.10	16.10	16.10	294875	14245411.00
20150619	16.33	17.67	15.01	16.62	25396241	1265219712.00
20150623	16.62	17.27	15.27	16.27	10433828	510973248.00
20150624	16.27	17.90	16.27	17.79	12488521	653011584.00
20150625	17.67	19.33	17.37	18.08	12015002	657184768.00
20150626	17.17	17.98	16.27	16.27	11606867	590970368.00
20150629	16.93	17.33	14.64	16.29	20570369	997858048.00
20150630	16.67	17.92	15.84	17.92	12032709	614606016.00
20150701	19.00	19.72	18.43	19.72	10845979	637454016.00
20150702	18.97	20.48	17.75	17.75	29211053	1619724032.00
20150703	16.38	16.66	15.97	15.97	16606646	799784000.00
20150706	17.16	17.16	14.38	14.38	26668123	1181840128.00
20150707	12.95	13.33	12.94	12.94	6316342	246752416.00
20150708	11.65	14.00	11.65	12.61	47696895	1744737280.00
20150709	12.50	13.87	12.50	13.87	6561212	264308048.00
20150710	15.25	15.25	14.83	15.25	3002955	137267392.00
20150713	16.78	16.78	16.00	16.78	31330308	1566560128.00
20150714	15.90	17.17	15.83	16.29	35862043	1779929984.00
20150715	15.67	16.12	14.66	14.66	15040890	683049280.00
20150716	14.66	15.32	13.19	15.12	23337480	1027884544.00
20150717	15.33	16.63	15.16	16.08	27650884	1324374016.00
20150720	15.83	16.17	15.25	15.64	23438089	1102070400.00
20150721	15.33	17.20	15.05	16.87	30851999	1540707200.00
20150722	16.63	17.10	15.18	16.20	38797107	1876067456.00
20150723	16.00	17.10	15.67	16.73	32188564	1577112064.00
20150724	16.86	18.29	16.67	17.26	33689444	1771899904.00
20150727	17.00	18.96	16.24	16.33	43742549	2333040128.00
20150728	15.42	17.96	15.19	17.84	45520075	2269095168.00
20150729	18.00	18.27	16.23	18.14	35484084	1856854784.00
20150730	18.67	19.43	17.50	17.96	54269631	3044589056.00
20150731	17.60	17.69	16.17	16.45	29270960	1479723520.00
20150803	15.80	15.81	14.81	14.81	16224248	733854592.00
20150804	14.69	15.99	13.87	15.93	25893537	1169390848.00
20150805	15.56	15.86	14.51	14.66	18999680	868888896.00
20150806	14.00	15.09	13.83	14.41	12109692	526067872.00
20150807	14.67	15.30	14.60	15.12	14479510	653633984.00
20150810	15.34	16.60	15.33	16.30	18638986	889971840.00
20150811	16.17	17.33	16.00	16.71	23563372	1181320064.00
20150812	16.33	16.92	16.11	16.16	17547942	864238720.00
20150813	16.05	16.67	15.93	16.60	13807656	679122176.00
20150814	16.60	17.66	16.60	16.92	22656681	1169658752.00
20150817	18.60	18.61	18.00	18.61	11778264	655255936.00
20150818	20.46	20.46	17.17	17.57	42981995	2486748416.00
20150819	16.58	19.28	15.85	18.96	28567841	1477149440.00
20150820	18.29	19.93	17.99	18.04	26413521	1503732736.00
20150821	17.33	18.22	16.30	16.37	18745995	963758592.00
20150824	15.33	15.57	14.73	14.73	12390227	551487040.00
20150825	13.26	13.63	13.26	13.26	10272324	409614368.00
20150826	13.26	13.62	11.93	11.93	20015959	755491776.00
20150827	12.10	12.58	10.74	11.91	21152532	731619200.00
20150828	11.97	13.10	11.93	13.10	18895090	706053376.00
20150831	12.89	12.89	11.79	11.79	14501321	535171008.00
20150901	11.17	11.19	10.61	10.61	12810250	411543424.00
20150902	9.58	10.92	9.55	10.03	16751050	497421568.00
20150907	10.32	10.83	10.00	10.21	10119620	317677056.00
20150908	10.13	10.83	9.83	10.74	9190488	283829696.00
20150909	10.85	11.29	10.68	11.11	13147043	435262912.00
20150910	10.83	11.00	10.67	10.68	8745177	284531328.00
20150911	10.73	11.75	10.68	11.75	19401940	658626880.00
20150914	11.58	11.58	10.58	10.58	14782507	486263872.00
20150915	10.00	10.03	9.52	9.52	11531937	334449024.00
20150916	9.45	10.46	9.02	10.17	16154245	473604480.00
20150917	10.00	10.32	9.57	9.58	14799713	442840032.00
20150918	9.63	10.18	9.63	9.94	9739589	290139008.00
20150921	9.79	10.57	9.59	10.52	13719277	417857792.00
20150922	10.62	10.78	10.26	10.47	12095868	381984352.00
20150923	10.18	10.93	10.00	10.68	15182148	475313728.00
20150924	10.67	11.28	10.67	11.00	13729622	453874528.00
20150925	10.98	11.26	9.90	10.16	14404682	458281984.00
20150928	10.17	10.52	10.00	10.47	7293490	226238512.00
20150929	10.20	10.31	9.97	10.15	7312853	222441392.00
20150930	10.23	10.30	10.02	10.16	6959626	212083968.00
20151008	10.63	10.86	10.56	10.73	9752123	313187840.00
20151009	10.73	11.40	10.67	11.18	13039232	431639200.00
20151012	11.27	12.29	11.14	12.06	16127724	565227776.00
20151013	11.80	12.30	11.74	12.15	11824046	428494208.00
20151014	12.05	13.34	12.04	13.20	21997906	850447424.00
20151015	12.99	13.65	12.84	13.51	18278835	726142976.00
20151016	13.60	14.45	13.12	14.13	19853037	809032256.00
20151019	13.83	14.08	13.26	13.34	22138575	900639424.00
20151020	13.53	13.93	13.27	13.49	17876111	728197696.00
20151021	13.50	13.52	12.14	12.14	19376944	744178432.00
20151022	12.60	13.35	12.60	13.35	29598086	392562080.00
20151023	13.40	14.20	13.30	13.70	91443314	1257560576.00
20151026	13.90	13.90	12.99	13.58	57348353	771156544.00
20151027	13.30	13.38	12.51	13.32	40916944	535289952.00
20151028	13.49	13.76	13.04	13.19	33604319	450244544.00
20151029	13.22	13.47	12.50	13.06	26710690	347920672.00
20151030	12.90	13.03	12.53	12.71	24514123	312600192.00
20151102	11.44	12.20	11.44	11.64	48290610	566655808.00
20151103	11.55	11.87	11.31	11.44	24565282	284482400.00
20151104	11.50	12.06	11.50	12.05	34608766	408015648.00
20151105	12.12	12.12	11.70	11.87	33821371	401451648.00
20151106	11.95	12.50	11.90	12.30	35552016	436601888.00
20151109	12.00	12.30	11.86	12.24	33331759	403786752.00
20151110	12.12	12.79	12.01	12.56	43122690	538439808.00
20151111	12.55	12.87	12.40	12.69	32028139	404720096.00
20151112	12.70	13.00	12.26	12.81	41222669	519007776.00
20151113	12.59	13.13	12.50	12.88	46764917	601382720.00
20151116	12.78	13.79	12.58	13.70	63333891	850606016.00
20151117	13.85	13.98	13.16	13.25	52421536	706768960.00
20151118	13.25	13.62	13.02	13.12	26786901	355959200.00
20151119	13.25	13.97	13.11	13.92	56708907	775230272.00
20151120	13.92	15.31	13.90	15.31	90408732	1348276608.00
20151123	15.89	16.59	15.20	15.39	117850978	1865595136.00
20151124	15.33	15.33	14.52	15.09	50310826	750776512.00
20151125	15.10	15.64	14.93	15.25	47423389	722799424.00
20151126	15.20	15.20	14.60	14.66	44005659	652800256.00
20151127	14.57	14.57	13.19	13.23	49644105	685783360.00
20151130	13.19	13.50	12.00	12.94	42131865	539028096.00
20151201	13.01	13.63	12.71	13.25	33045406	436754624.00
20151202	13.26	13.45	12.70	13.03	22134310	289222496.00
20151203	13.10	13.36	13.00	13.25	19270968	253898064.00
20151204	13.25	13.47	13.04	13.32	24181909	321425056.00
20151207	13.20	13.45	13.11	13.23	18462893	244103216.00
20151208	13.22	13.22	12.57	12.65	23742650	303464576.00
20151209	12.36	12.57	12.17	12.32	17728803	219197472.00
20151210	12.22	12.54	12.18	12.27	15260095	188771632.00
20151211	12.27	12.30	12.02	12.08	13235263	160427216.00
20151214	12.13	13.29	12.00	13.05	31698184	410081088.00
20151215	12.80	12.99	12.63	12.85	23310571	298182144.00
20151216	12.84	12.93	12.51	12.71	29129966	369045088.00
20151228	13.30	13.59	12.91	12.94	47839858	633876736.00
20151229	12.96	13.10	12.26	12.66	25251698	316621728.00
20151230	12.63	12.71	12.35	12.46	17991708	223811648.00
20151231	12.39	12.60	12.30	12.31	13269912	164861952.00
20160104	12.32	12.40	11.08	11.08	15500528	181546720.00
20160105	10.49	11.24	10.10	10.57	23836295	253216352.00
20160106	10.70	11.17	10.50	11.14	19485207	209961680.00
20160107	10.87	10.87	10.03	10.05	5204777	54464504.00
20160108	10.41	10.63	9.35	10.13	19682725	199949648.00
20160111	9.95	10.10	9.12	9.12	21871204	209495424.00
20160112	9.10	9.29	8.69	9.11	14973442	135466880.00
20160113	9.16	9.21	8.50	8.57	13354416	119549872.00
20160114	8.36	8.88	8.06	8.77	18293006	154355504.00
20160115	8.65	8.73	8.10	8.17	16396394	137704032.00
20160118	8.06	8.47	7.95	8.39	16152781	134257568.00
20160119	8.32	8.74	8.24	8.72	18648647	158643536.00
20160120	8.66	9.07	8.55	8.77	23722342	209629184.00
20160121	8.61	9.03	8.53	8.59	20723520	182083440.00
20160122	8.74	8.92	8.57	8.82	12789729	111851960.00
20160125	8.94	8.96	8.70	8.80	10313722	91047104.00
20160126	8.68	8.68	7.92	7.93	16344473	135246192.00
20160127	8.11	8.28	7.50	8.08	19076349	151693968.00
20160128	8.10	8.17	7.61	7.69	11472176	90332344.00
20160129	7.75	8.40	7.65	8.24	16005915	127980016.00
20160201	8.18	8.28	7.92	8.05	10824793	87861064.00
20160202	8.06	8.34	8.06	8.24	11468141	94399600.00
20160203	8.13	8.30	7.96	8.20	9741372	78982656.00
20160204	8.29	8.46	8.29	8.42	13080323	109730368.00
20160205	8.44	9.19	8.42	8.86	26125870	230709008.00
20160215	9.40	9.75	9.20	9.75	44356771	423140768.00
20160216	9.75	10.39	9.43	10.06	55441960	544671424.00
20160217	9.78	9.98	9.61	9.78	34549068	338020832.00
20160218	9.79	9.87	9.51	9.53	26251137	254109248.00
20160219	9.63	9.72	9.41	9.43	20819146	198872304.00
20160222	9.53	10.36	9.47	10.19	38246079	378490304.00
20160223	10.13	10.13	9.75	9.93	30980477	306971744.00
20160224	9.93	10.42	9.82	10.31	45638917	464318496.00
20160225	10.21	10.25	9.28	9.28	31880490	310658560.00
20160226	9.24	9.43	8.65	9.03	25240615	227939952.00
20160229	8.76	8.97	8.13	8.18	23843899	198301696.00
20160301	8.26	8.56	8.17	8.48	19989621	168315328.00
20160302	8.31	8.94	8.22	8.82	23058149	198139648.00
20160303	8.77	9.70	8.71	9.70	62461824	599565312.00
20160304	9.70	10.43	9.50	9.71	81376740	803773568.00
20160307	9.96	10.32	9.66	10.17	52087879	518432256.00
20160308	10.00	10.00	9.40	9.80	42382360	412125376.00
20160309	9.36	9.51	9.02	9.14	32279177	298617504.00
20160310	9.19	9.39	8.88	9.00	20969989	192614272.00
20160311	9.13	9.37	9.01	9.10	18383156	168319264.00
20160314	9.11	9.60	9.11	9.48	25666105	240881056.00
20160315	9.36	9.37	9.01	9.13	23009305	210790608.00
20160316	9.11	9.25	8.90	9.07	15579472	141040144.00
20160317	9.20	9.30	9.06	9.26	21987610	202554224.00
20160318	9.36	9.78	9.25	9.54	34647621	329022656.00
20160321	9.58	9.80	9.49	9.75	34599097	334312480.00
20160322	9.65	9.99	9.56	9.90	38725196	379980832.00
20160323	9.95	9.95	9.56	9.76	29065775	282810752.00
20160324	9.55	9.55	9.33	9.37	26685339	252085088.00
20160325	9.35	9.55	9.31	9.47	14819823	139822784.00
20160328	9.57	9.60	9.35	9.39	16559055	157151920.00
20160329	9.33	9.37	9.06	9.12	16553782	151673232.00
20160330	9.21	9.38	9.13	9.36	18951323	175205648.00
20160331	9.32	9.41	9.27	9.30	15386384	143430176.00
20160401	9.26	9.37	9.16	9.27	13500913	124996912.00
20160405	9.24	9.48	9.14	9.45	20835335	194354960.00
20160406	9.50	9.74	9.45	9.60	27063164	259816528.00
20160407	9.51	9.60	9.29	9.30	19744968	186139360.00
20160408	9.22	9.74	9.22	9.59	30086944	285779680.00
20160411	9.69	9.96	9.60	9.82	36275595	356632800.00
20160412	9.74	9.92	9.60	9.70	29393545	286824064.00
20160413	9.76	10.14	9.71	9.84	42997331	425530016.00
20160414	9.93	9.99	9.68	9.88	24269628	237933936.00
20160415	9.80	9.81	9.62	9.72	20308171	196991424.00
20160418	9.69	9.69	9.42	9.51	15565215	148635856.00
20160419	9.54	9.66	9.49	9.65	12567413	120259896.00
20160420	9.77	9.85	8.86	9.06	30419364	282410592.00
20160421	9.07	9.29	8.94	9.16	16907800	154080528.00
20160422	9.01	9.15	8.89	9.07	9962826	89946760.00
20160425	9.04	9.04	8.84	8.90	11019208	98167504.00
20160426	8.90	9.01	8.89	9.00	7253194	64926528.00
20160427	9.08	9.88	9.01	9.68	24898547	235801776.00
20160428	9.48	9.58	9.14	9.28	22653849	211253792.00
20160429	9.31	9.56	9.20	9.27	16827189	158469024.00
20160503	9.45	9.75	9.36	9.62	24744856	237350448.00
20160504	9.47	9.55	9.42	9.51	16503686	156584016.00
20160505	9.50	9.67	9.42	9.58	15698615	150046928.00
20160506	9.60	9.61	9.08	9.13	22703483	211722000.00
20160509	9.01	9.03	8.63	8.66	14127473	124189664.00
20160510	8.65	8.82	8.65	8.78	8881136	77801272.00
20160511	8.82	8.88	8.65	8.71	8506028	74524288.00
20160512	8.62	8.62	8.29	8.54	8869071	74936344.00
20160513	8.55	8.68	8.46	8.61	8630960	73999944.00
20160516	8.55	8.99	8.41	8.82	13328279	115432712.00
20160517	8.72	8.85	8.68	8.72	9130030	79899496.00
20160518	8.65	8.65	8.22	8.37	11626980	97986936.00
20160519	8.34	8.65	8.31	8.56	12474691	106064416.00
20160520	8.60	9.11	8.60	8.85	24238978	214731104.00
20160523	8.82	8.92	8.67	8.80	15098130	132546376.00
20160524	8.72	8.80	8.54	8.66	9878295	85232984.00
20160525	8.64	8.73	8.56	8.59	6677993	57697856.00
20160526	8.49	8.64	8.35	8.54	9105389	76973912.00
20160527	8.51	8.54	8.40	8.43	6715860	56906032.00
20160530	8.38	8.46	8.31	8.36	5297645	44405544.00
20160531	8.38	8.65	8.38	8.65	12124363	103944176.00
20160601	8.71	8.88	8.69	8.70	14261064	124943264.00
20160602	8.61	8.86	8.60	8.76	13323976	116559664.00
20160603	8.71	8.79	8.65	8.70	12296938	107107808.00
20160606	8.91	9.04	8.76	8.81	16690917	148338864.00
20160607	8.82	9.09	8.81	9.02	20152254	180260448.00
20160608	9.00	9.15	8.88	9.04	18445417	166099968.00
20160613	9.06	9.38	8.94	9.05	35144841	322465376.00
20160614	8.95	9.18	8.78	8.90	21828518	195299904.00
20160615	8.80	9.36	8.72	9.29	30338617	277103136.00
20160616	9.28	9.92	9.22	9.74	56667425	540631808.00
20160617	9.52	9.73	9.50	9.64	39045950	374344544.00
20160620	9.58	9.97	9.46	9.76	34218721	331706272.00
20160621	9.75	10.13	9.64	9.85	50737442	503627872.00
20160622	9.80	10.16	9.59	9.85	38234064	373232480.00
20160623	9.80	10.00	9.58	9.62	30381920	296014208.00
20160624	9.96	10.38	9.67	10.16	77081270	772153664.00
20160627	10.15	10.15	9.81	9.98	45118624	448512992.00
20160628	9.93	10.02	9.83	9.90	34658872	343804544.00
20160629	9.99	10.09	9.82	9.85	29466832	293068800.00
20160630	9.89	9.90	9.62	9.68	19656610	190674976.00
20160701	9.69	10.06	9.69	9.85	27998479	276461184.00
20160704	9.85	10.16	9.84	10.00	36194946	362874176.00
20160705	10.02	10.10	9.88	9.98	25549048	254717760.00
20160706	10.03	10.88	10.03	10.57	76795200	807147008.00
20160707	10.47	11.24	10.30	10.69	80582700	867975680.00
20160708	10.46	10.70	10.33	10.36	35170200	369282112.00
20160711	10.48	11.08	10.48	10.67	50762000	546637824.00
20160712	10.50	10.55	10.00	10.52	31415600	326840320.00
20160713	10.30	10.63	10.27	10.60	24745800	258362368.00
20160714	10.58	10.80	10.45	10.49	24570500	260495296.00
20160715	10.41	10.63	10.28	10.47	20763500	216756912.00
20160720	10.47	10.88	10.26	10.28	26425000	279445760.00
20160721	10.14	10.23	9.93	10.01	24123200	242803056.00
20160722	10.13	10.14	9.66	9.72	22263600	219784608.00
20160725	9.66	9.83	9.61	9.81	12494200	122083176.00
20160726	9.76	10.00	9.76	9.98	14032600	139000944.00
20160727	9.98	9.98	9.30	9.44	24296238	232999776.00
20160728	9.56	9.90	9.52	9.79	22166975	215581024.00
20160729	9.92	9.92	9.61	9.80	12572913	122613656.00
20160801	9.79	9.91	9.71	9.84	15029374	147527040.00
20160802	9.84	10.09	9.68	10.05	19963786	198195344.00
20160803	10.07	10.20	9.90	10.10	15673091	157130816.00
20160804	10.10	10.10	9.86	9.92	11437316	113612120.00
20160805	9.95	10.01	9.76	9.86	12299050	121600976.00
20160808	9.89	9.89	9.20	9.76	26299837	249893200.00
20160809	9.50	9.99	9.50	9.93	19609800	191701968.00
20160810	9.86	10.02	9.75	9.77	13283400	131503320.00
20160811	9.81	9.81	9.52	9.67	11494967	110725744.00
20160812	9.83	9.85	9.49	9.74	28863700	279672640.00
20160815	9.63	9.82	9.57	9.74	23509906	228278656.00
20160816	9.74	9.83	9.67	9.80	18430228	180147808.00
20160817	9.78	9.79	9.65	9.75	12998544	126230248.00
20160818	9.74	9.97	9.71	9.89	22371081	221101232.00
20160819	9.88	9.92	9.73	9.81	12692577	124558176.00
20160822	9.75	9.85	9.60	9.80	13923800	134847520.00
20160823	9.75	10.24	9.67	10.07	32735700	328383104.00
20160824	10.07	10.18	9.97	10.11	18043200	182145648.00
20160825	10.01	10.27	9.82	10.25	20235900	203433056.00
20160826	10.29	10.38	10.16	10.25	21507700	220473632.00
20160829	10.18	10.18	10.00	10.13	15255061	153613776.00
20160830	10.18	10.35	10.15	10.31	26715722	274112416.00
20160831	10.45	10.46	10.02	10.11	21785503	223670464.00
20160901	10.10	10.45	10.00	10.26	25806404	262377200.00
20160902	10.22	10.24	9.92	9.99	15876362	160778480.00
20160905	9.99	9.99	9.71	9.78	22309168	218589040.00
20160906	9.79	10.09	9.58	10.04	22558877	221049616.00
20160907	10.04	10.09	9.84	9.85	16001800	159855808.00
20160908	9.86	9.90	9.74	9.83	15327800	150470448.00
20160909	9.79	9.95	9.67	9.79	17387915	170274400.00
20160912	9.87	9.95	9.62	9.67	27257527	267800512.00
20160913	9.63	9.71	9.51	9.61	13953755	133797592.00
20160914	9.53	9.60	9.39	9.53	8057209	76507088.00
20160919	9.55	9.60	9.53	9.59	5114365	48941920.00
20160920	9.55	9.83	9.55	9.80	17037265	164734992.00
20160921	9.81	9.95	9.71	9.93	12059196	118530816.00
20160922	10.00	10.00	9.87	9.91	11005449	109218016.00
20160923	9.90	10.09	9.87	9.98	13488629	134743008.00
20160926	9.97	10.00	9.67	9.82	13134278	129277216.00
20160927	9.78	9.88	9.61	9.73	12967022	126549488.00
20160928	9.79	10.29	9.70	10.04	20078591	200469392.00
20160929	10.06	10.09	9.90	10.00	21198551	212196224.00
20160930	10.15	10.23	9.96	10.07	13324120	134099328.00
20161010	10.05	10.10	9.92	10.07	12336913	123523720.00
20161011	10.07	10.12	9.98	10.05	8706972	87370552.00
20161012	10.04	10.04	9.94	10.01	12620912	126074736.00
20161013	10.04	10.09	9.95	10.02	10674094	107078176.00
20161014	10.03	10.06	9.96	10.01	9929700	99454208.00
20161017	10.00	10.08	9.90	9.95	15624730	156208464.00
20161018	9.95	10.12	9.91	10.11	16536861	165400336.00
20161019	10.10	10.27	10.00	10.11	21382930	216261888.00
20161020	10.11	10.14	10.05	10.06	9604502	96887424.00
20161021	10.11	10.18	10.06	10.09	10311682	104220776.00
20161024	10.10	10.18	10.03	10.10	8169625	82533136.00
20161025	10.11	10.14	10.08	10.09	10559094	106642616.00
20161026	10.11	10.22	10.08	10.18	21708979	220615424.00
20161027	10.19	10.21	10.11	10.15	9235409	93768488.00
20161028	10.17	10.18	10.00	10.06	10398872	104887680.00
20161031	10.07	10.09	9.99	10.07	7048858	70796192.00
20161101	10.05	10.10	10.00	10.09	8593000	86428656.00
20161102	10.11	10.46	10.06	10.27	31676100	325325664.00
20161103	10.28	10.49	10.16	10.28	24946902	256799024.00
20161104	10.40	10.55	10.20	10.29	19886200	205665600.00
20161107	10.24	10.32	10.16	10.30	11247478	115311184.00
20161108	10.27	10.45	10.24	10.36	27230238	281551904.00
20161109	10.36	11.06	10.34	10.88	61895626	663323520.00
20161110	10.60	11.00	10.55	10.97	46431404	497511552.00
20161111	11.51	11.90	10.88	10.96	60900754	679524352.00
20161114	10.70	10.95	10.64	10.94	34728922	373923104.00
20161115	11.04	11.08	10.84	10.99	26165928	286301504.00
20161116	10.98	11.51	10.96	11.41	45776200	514130080.00
20161117	11.51	11.80	11.11	11.25	57863900	662591360.00
20161118	11.14	11.17	10.96	11.01	22474500	247990896.00
20161121	11.00	11.07	10.81	10.85	15671500	171024480.00
20161122	10.90	10.98	10.73	10.98	15231299	165699008.00
20161123	11.00	11.01	10.76	10.85	18051156	195293152.00
20161124	10.78	10.88	10.73	10.85	13826900	148954400.00
20161125	10.83	11.00	10.82	10.89	16021800	174222672.00
20161128	10.93	10.96	10.86	10.94	9456400	103168888.00
20161129	10.96	10.96	10.80	10.93	11208800	122028856.00
20161130	11.02	11.23	10.95	11.06	17622000	194970224.00
20161201	11.00	11.20	10.95	11.05	11976538	131836424.00
20161202	11.10	11.10	10.78	10.95	12860645	140516576.00
20161205	10.90	11.08	10.79	10.95	15714600	171785632.00
20161206	10.99	11.21	10.92	11.20	32068300	354788256.00
20161207	11.18	11.25	11.09	11.23	18555600	207392560.00
20161208	11.24	11.45	11.11	11.28	23465100	264701872.00
20161209	11.28	11.47	11.21	11.41	24212600	274650688.00
20161212	11.48	11.78	11.06	11.62	55733249	639064000.00
20161213	11.43	11.65	11.17	11.43	25091181	284575328.00
20161214	12.57	12.57	11.22	11.75	61237131	711618496.00
20161215	11.44	11.52	11.10	11.14	31829344	359352320.00
20161216	10.90	11.04	10.79	11.00	26100823	285146048.00
20161219	10.98	11.02	10.83	10.95	12424201	135542464.00
20161220	10.89	10.96	10.62	10.84	13533677	145610192.00
20161221	10.84	10.92	10.75	10.89	8307535	90044472.00
20161222	10.87	10.97	10.79	10.94	8334036	90753456.00
20161223	10.95	10.97	10.79	10.89	7947763	86404896.00
20161226	10.89	11.13	10.77	11.00	9099709	99626080.00
20161227	11.02	11.08	10.90	10.99	8633938	94631264.00
20161228	11.03	11.18	10.88	10.96	8815500	96743544.00
20161229	11.05	11.06	10.75	10.79	7802300	84733448.00
20161230	10.85	10.89	10.79	10.88	5819300	63018912.00
20170103	10.87	11.01	10.79	10.96	10319489	112378744.00
20170104	10.96	10.99	10.90	10.97	9587286	104939192.00
20170105	10.97	10.97	10.80	10.92	7605197	82802880.00
20170106	10.90	10.95	10.80	10.95	8104253	88211464.00
20170109	10.82	11.47	10.82	11.42	27731121	311392064.00
20170110	11.85	12.56	11.38	11.73	49580556	586145472.00
20170111	11.58	11.68	11.39	11.51	18796739	216055920.00
20170112	11.53	11.53	10.95	10.98	16125426	180361024.00
20170113	11.00	11.04	10.76	10.90	11191259	121657776.00
20170116	10.90	10.90	9.81	10.01	18810595	193164704.00
20170117	9.99	10.15	9.02	10.05	36764372	345587744.00
20170118	9.70	9.95	9.63	9.86	16216969	158006944.00
20170119	9.80	10.01	9.58	9.97	12366446	121337888.00
20170120	9.90	10.05	9.86	10.03	8365862	83327160.00
20170123	10.15	10.22	10.00	10.09	7449016	75201408.00
20170124	10.10	10.12	9.99	10.03	5509501	55268620.00
20170125	10.02	10.02	9.90	9.98	4357900	43432368.00
20170126	9.98	10.45	9.98	10.38	11123943	113578888.00
20170203	10.38	10.59	10.26	10.35	6950633	72125064.00
20170206	10.28	10.34	10.22	10.25	10446224	107235336.00
20170207	10.26	10.34	10.21	10.29	7165740	73706032.00
20170208	10.30	10.30	10.06	10.20	6210017	63108132.00
20170209	10.22	10.23	10.09	10.19	6496059	66014888.00
20170210	10.19	10.19	10.11	10.15	5633231	57153088.00
20170213	10.13	10.23	10.12	10.16	5691403	57875392.00
20170214	10.11	10.18	10.08	10.09	5918118	59892324.00
20170215	10.08	10.15	9.92	9.99	7798567	78267360.00
20170216	10.00	10.09	9.97	10.05	4288409	43019520.00
20170217	10.07	10.08	9.97	10.05	5544812	55549448.00
20170220	10.09	10.20	10.07	10.20	6777100	68717232.00
20170221	10.21	10.21	10.10	10.17	4179596	42417712.00
20170222	10.17	10.22	10.12	10.16	4439948	45048848.00
20170223	10.18	10.18	10.09	10.11	5593250	56539016.00
20170224	10.13	10.20	10.09	10.18	4719800	47847136.00
20170227	10.18	10.18	10.10	10.10	3740400	37892220.00
20170228	10.10	10.10	10.01	10.06	4688349	47117464.00
20170301	10.07	10.18	10.02	10.17	5825443	58810820.00
20170302	10.17	10.30	10.10	10.15	9428303	96164464.00
20170303	10.07	10.15	10.05	10.10	3683556	37128560.00
20170306	10.10	10.12	10.04	10.08	5087989	51199060.00
20170307	10.08	10.08	10.01	10.06	4361300	43797600.00
20170308	10.06	10.07	10.03	10.07	4352007	43726636.00
20170309	10.06	10.10	10.02	10.08	5184364	52146112.00
20170310	10.10	10.29	10.04	10.24	11394004	116135312.00
20170313	10.29	10.99	10.24	10.87	38524220	409989152.00
20170314	10.79	10.93	10.60	10.70	18543763	199284832.00
20170315	10.70	10.99	10.68	10.82	14736529	159766352.00
20170316	10.83	11.07	10.70	10.85	11402519	123362552.00
20170317	10.85	10.89	10.71	10.75	10775121	115943968.00
20170320	10.71	10.82	10.69	10.81	6628800	71341752.00
20170321	10.83	10.95	10.75	10.92	7545900	81741392.00
20170322	10.85	10.98	10.73	10.75	7849703	85269888.00
20170323	10.77	10.91	10.72	10.87	9619683	104275440.00
20170324	10.88	10.95	10.81	10.90	8559100	93182104.00
20170327	10.88	10.94	10.80	10.91	7177216	78060080.00
20170328	10.91	10.94	10.76	10.79	5728973	62066504.00
20170329	10.79	10.82	10.61	10.72	9228043	98952080.00
20170330	10.64	10.70	10.59	10.60	7179503	76325408.00
20170331	10.64	10.70	10.53	10.61	5990403	63576576.00
20170405	10.82	11.10	10.68	11.01	15615419	170645888.00
20170406	11.24	11.24	10.80	10.94	16867260	184415856.00
20170407	10.90	11.61	10.83	11.49	33205109	374439648.00
20170410	11.34	11.60	11.30	11.41	15819964	180300000.00
20170411	11.41	11.54	11.25	11.27	18012300	205315648.00
20170412	11.46	11.46	11.25	11.27	13510900	153079984.00
20170413	11.34	11.45	11.21	11.35	8977048	101984848.00
20170414	11.40	11.54	11.31	11.37	11167377	127568408.00
20170417	11.27	11.46	11.26	11.41	12959664	147513616.00
20170418	11.42	11.50	11.35	11.36	5176360	59071500.00
20170419	11.31	11.45	11.29	11.44	8977924	102024224.00
20170420	11.59	11.59	11.35	11.41	10234306	117418200.00
20170421	11.34	11.49	11.32	11.40	6347900	72466040.00
20170424	11.35	11.40	10.86	10.93	11118200	122880024.00
20170425	11.01	11.01	10.87	10.90	5765000	62976548.00
20170426	10.90	11.13	10.87	10.95	5763000	63430984.00
20170427	10.90	11.02	10.78	10.99	5284800	57643408.00
20170428	10.86	11.33	10.86	11.30	15917955	178373840.00
20170515	10.43	10.70	10.17	10.39	46650837	478327616.00
20170516	10.38	10.65	10.25	10.59	19273104	201501216.00
20170517	10.68	10.77	10.45	10.69	13750025	146465040.00
20170518	10.85	10.85	10.56	10.62	12979500	138526768.00
20170519	10.64	10.69	10.50	10.59	8014971	84729168.00
20170522	10.59	10.82	10.53	10.80	9469479	101212712.00
20170523	10.78	10.99	10.70	10.86	9027700	97987096.00
20170524	10.80	10.98	10.71	10.96	6068200	66072828.00
20170525	10.96	11.06	10.84	11.03	5950600	65269212.00
20170526	11.01	11.13	10.96	11.03	7071800	78028384.00
20170531	11.08	11.22	10.82	11.20	4793400	53215708.00
20170601	11.24	11.36	11.10	11.13	7535806	84449096.00
20170602	11.12	11.42	11.00	11.38	11536403	129547736.00
20170605	11.47	11.64	11.31	11.48	14433838	165846768.00
20170606	11.45	11.81	11.25	11.79	18865188	219613296.00
20170607	11.92	12.14	11.61	11.70	28311760	334301568.00
20170608	11.48	11.53	11.21	11.26	28149315	318988160.00
20170609	11.26	11.28	10.75	10.86	22981203	250864784.00
20170612	10.90	11.08	10.70	10.99	13825800	150333248.00
20170613	10.90	11.17	10.86	10.91	9794542	107469392.00
20170614	10.91	10.96	10.72	10.86	7297922	78885192.00
20170615	10.86	11.03	10.76	10.99	9393708	102348592.00
20170616	10.99	11.05	10.80	10.87	6858549	74841024.00
20170619	10.87	10.88	10.76	10.80	4686453	50640012.00
20170620	10.80	10.92	10.79	10.84	3848244	41708820.00
20170621	10.86	10.90	10.78	10.84	3852836	41663392.00
20170622	10.84	10.92	10.80	10.84	5630830	61033548.00
20170623	10.84	10.90	10.79	10.87	5069180	54922256.00
20170626	10.86	10.87	10.74	10.85	5245886	56692128.00
20170627	10.85	10.88	10.74	10.84	4841403	52339248.00
20170628	10.84	10.92	10.80	10.84	6153920	66829780.00
20170629	10.88	10.88	10.80	10.85	5647314	61178680.00
20170630	10.85	10.85	10.75	10.81	4163780	44937332.00
20170703	10.81	11.03	10.80	10.91	7689000	83811424.00
20170704	10.92	10.96	10.79	10.87	4318803	46861840.00
20170705	10.87	11.03	10.75	10.92	8342899	90717536.00
20170706	10.92	10.94	10.85	10.89	6113800	66618148.00
20170707	10.88	11.03	10.84	10.98	7989555	87395256.00
20170710	10.98	11.07	10.96	11.01	8062297	88738400.00
20170711	11.01	11.10	10.87	10.93	8561789	93813152.00
数据来源:通达信
