600062 华润双鹤 日线 前复权
      日期	    开盘	    最高	    最低	    收盘	    成交量	    成交额
20111010	18.37	18.37	17.90	18.02	1175923	22667980.00
20111011	18.45	18.52	17.73	17.87	1715906	33171670.00
20111012	17.82	18.34	17.72	18.29	2729121	52716292.00
20111013	18.24	18.75	18.23	18.50	3274381	64725184.00
20111014	18.52	18.57	17.75	17.77	7759461	148880992.00
20111017	17.92	18.08	17.77	17.99	2273286	43623592.00
20111018	18.00	18.02	17.18	17.23	3301743	61839904.00
20111019	17.21	17.32	16.54	17.00	4034836	72957952.00
20111020	16.76	16.93	16.38	16.74	1663581	29666794.00
20111021	16.82	16.91	15.95	16.14	2932841	51281684.00
20111024	16.17	16.27	15.65	16.16	2275326	39243416.00
20111025	16.22	16.85	16.16	16.58	4531156	80746456.00
20111026	16.70	17.14	16.58	16.97	3753113	67965808.00
20111027	17.01	17.26	16.88	16.95	2444559	44652336.00
20111028	17.07	17.40	16.91	17.30	2982106	54840044.00
20111031	17.50	17.50	16.74	16.82	5099292	92913128.00
20111101	16.76	17.25	16.65	17.19	4378160	80209448.00
20111102	16.97	17.92	16.88	17.85	4973507	92876184.00
20111103	17.84	18.27	17.77	17.86	4530597	87229784.00
20111104	17.88	18.07	17.37	17.96	5911035	111369584.00
20111107	17.92	17.92	17.56	17.61	3270023	61959084.00
20111108	17.65	17.72	17.38	17.57	2529978	47475280.00
20111109	17.55	17.63	17.17	17.47	3844075	71376880.00
20111110	17.27	17.27	16.95	16.95	3733211	68443992.00
20111111	17.16	17.16	16.86	16.90	2272361	41390516.00
20111114	17.06	17.42	16.98	17.38	4914460	90603880.00
20111115	17.40	17.91	17.33	17.90	8766210	165822688.00
20111116	17.99	18.16	17.47	17.63	6888018	131404824.00
20111117	17.62	17.75	17.27	17.59	2720817	50892472.00
20111118	17.38	17.47	16.52	16.67	4352980	78723376.00
20111121	16.67	16.67	15.57	15.90	6907461	118276000.00
20111122	15.70	15.85	15.07	15.68	10253995	170614288.00
20111124	15.19	15.77	15.19	15.64	4962707	83045808.00
20111125	15.54	15.69	15.23	15.52	3322641	55433312.00
20111128	15.61	15.72	15.32	15.50	2529899	42154016.00
20111129	15.63	16.45	15.58	16.41	11322876	197186608.00
20111130	16.42	16.43	15.86	16.10	7600447	132285632.00
20111201	16.59	16.72	16.25	16.39	6489598	115077336.00
20111202	16.27	16.49	15.66	16.45	4916996	84865968.00
20111205	16.34	16.34	15.87	16.03	3145209	54485308.00
20111206	16.06	16.16	15.28	15.48	4417364	74611280.00
20111207	15.45	15.49	15.15	15.38	5866944	97173968.00
20111208	15.28	15.31	14.70	15.01	5464012	88502832.00
20111209	14.83	15.02	14.39	14.92	4319922	68742792.00
20111212	14.87	14.87	14.42	14.44	4065061	64296916.00
20111213	14.40	14.43	13.98	14.20	3787666	58180096.00
20111214	14.21	14.21	14.00	14.12	1891421	29025656.00
20111215	13.89	14.05	13.58	13.66	2347363	35188872.00
20111216	13.65	14.29	13.59	14.20	3011712	45584268.00
20111219	14.13	14.45	13.73	14.37	2270629	34682376.00
20111220	14.38	14.44	14.09	14.11	2214743	34336252.00
20111221	14.32	14.36	13.77	13.83	2682059	40735228.00
20111222	13.73	13.73	13.12	13.47	4119609	60326680.00
20111223	13.62	13.91	13.37	13.79	2362243	35220248.00
20111226	13.58	13.91	13.47	13.79	3227449	48098132.00
20111227	13.70	13.70	13.23	13.60	3033229	44584584.00
20111228	13.44	13.90	13.35	13.87	3134705	46594468.00
20111229	13.78	14.07	13.67	13.98	2585507	38945440.00
20111230	13.90	14.42	13.90	14.37	3431230	52684712.00
20120104	14.37	14.37	13.42	13.47	2113279	32097056.00
20120105	13.41	13.46	12.00	12.03	9916952	134815872.00
20120106	11.78	11.97	11.05	11.45	8698103	109496840.00
20120109	11.37	11.99	11.19	11.96	7180305	92559888.00
20120110	11.88	12.67	11.80	12.63	6275265	85091568.00
20120111	12.65	12.70	12.18	12.31	8398805	115002720.00
20120112	12.31	12.55	12.23	12.41	5429385	73939320.00
20120113	12.44	12.47	11.67	11.89	5716832	75215392.00
20120116	11.63	11.74	11.22	11.27	2318173	29513864.00
20120117	11.32	12.07	11.19	12.02	4945598	64328128.00
20120118	12.03	12.46	11.37	11.69	6473432	85946536.00
20120119	11.58	12.10	11.58	12.05	4496542	59115300.00
20120120	12.13	12.55	11.99	12.49	6257056	84807272.00
20120130	12.55	12.55	12.09	12.25	4025847	54318228.00
20120131	12.27	12.30	12.03	12.26	2040608	27359680.00
20120201	12.27	12.36	12.05	12.12	2554002	34222844.00
20120202	12.12	12.35	12.06	12.31	3109919	41790844.00
20120203	12.28	12.85	12.22	12.71	6669671	92104752.00
20120206	12.72	13.00	12.67	12.92	7310136	102752872.00
20120207	12.86	12.86	12.39	12.49	4600403	63386056.00
20120208	12.47	12.97	12.37	12.90	4986744	69484560.00
20120209	12.90	13.16	12.80	13.02	5400206	76912504.00
20120210	12.97	13.17	12.85	13.02	5818078	83000296.00
20120213	12.92	13.37	12.79	13.22	6826650	98282016.00
20120214	13.24	13.28	13.01	13.13	5087675	72943928.00
20120215	13.10	13.47	13.02	13.43	7390748	106933512.00
20120216	13.37	13.52	13.09	13.28	7148134	103874728.00
20120217	13.30	13.41	13.03	13.18	3677983	53072336.00
20120220	13.30	13.47	13.15	13.15	6378504	92690184.00
20120221	13.14	13.24	12.85	13.23	5262424	75254112.00
20120222	13.24	13.71	13.18	13.67	11966690	176220848.00
20120223	13.71	13.87	13.52	13.76	8530758	127327904.00
20120224	13.78	14.52	13.72	14.34	15306826	236010288.00
20120227	14.37	14.97	14.31	14.52	16212106	257979792.00
20120228	14.46	14.75	14.33	14.58	9481726	149457104.00
20120229	14.59	14.74	14.40	14.52	5211691	82285424.00
20120301	14.45	14.64	14.12	14.28	9078796	141588096.00
20120302	14.27	14.64	14.17	14.62	6192616	96853024.00
20120305	14.68	14.97	14.44	14.48	6658956	105959376.00
20120306	14.43	14.43	13.97	14.10	6754733	103813840.00
20120307	13.95	14.21	13.88	13.98	5077162	77452912.00
20120308	14.12	14.77	14.05	14.73	7379690	115469440.00
20120312	14.95	15.45	14.63	15.43	16814344	274054816.00
20120313	15.06	15.22	14.88	15.14	17381523	283166144.00
20120314	15.27	15.42	14.29	14.39	15923785	258423344.00
20120315	14.37	14.84	13.97	14.47	10688183	167242704.00
20120316	14.55	15.36	14.52	15.18	17955886	290603008.00
20120319	15.20	15.77	15.20	15.75	21501568	361391776.00
20120320	15.76	15.76	15.26	15.28	11346436	188999728.00
20120321	15.37	15.59	15.00	15.51	9195022	152571536.00
20120322	15.42	15.49	15.08	15.16	6299341	103853472.00
20120323	15.07	15.12	14.40	14.64	8049203	128834704.00
20120326	14.60	14.75	14.45	14.67	3987718	63090336.00
20120327	14.73	15.17	14.52	14.67	6409516	103569960.00
20120328	14.66	14.67	13.77	13.85	6787949	103917128.00
20120329	13.77	13.82	12.95	13.21	5693379	83545712.00
20120330	13.19	13.42	12.61	12.82	5594148	79349840.00
20120405	12.88	13.43	12.75	13.35	8746026	125037288.00
20120406	13.27	13.52	13.17	13.35	5258917	76665856.00
20120409	13.26	13.32	12.97	13.00	4386650	63058992.00
20120410	12.96	13.51	12.74	13.49	4267417	61121240.00
20120411	13.32	13.57	13.20	13.51	4149995	60794596.00
20120412	13.52	14.00	13.48	13.95	5687384	85171344.00
20120413	13.96	14.13	13.84	13.98	4797926	72929816.00
20120416	13.85	13.98	13.69	13.87	3609653	54313496.00
20120417	13.87	13.96	13.65	13.84	3560810	53598352.00
20120418	13.94	14.26	13.72	14.25	4698226	71623216.00
20120419	14.26	14.34	13.95	14.10	4174331	64165680.00
20120420	14.06	14.24	13.97	14.17	4466304	68624968.00
20120423	14.16	14.21	13.78	13.92	5402733	82009424.00
20120424	13.86	14.05	13.18	13.54	6004510	88879560.00
20120425	13.52	13.62	13.25	13.54	5634698	82793744.00
20120426	13.61	13.88	13.47	13.62	6397605	95376264.00
20120427	13.58	14.01	13.57	13.89	5731823	86444368.00
20120502	14.37	15.40	14.32	15.40	17591407	284792000.00
20120503	15.59	16.23	15.43	16.04	31225251	537072064.00
20120504	15.92	16.52	15.89	16.27	20461011	356316480.00
20120507	16.20	17.47	16.15	16.98	26786518	482571648.00
20120508	16.97	17.07	16.68	16.95	15999999	288942016.00
20120509	16.69	17.22	16.52	16.62	17248065	310975136.00
20120510	16.47	17.02	16.27	16.43	19444420	347074304.00
20120511	16.47	16.95	16.10	16.57	19321261	344809792.00
20120514	16.58	17.47	16.33	16.77	21451779	389284928.00
20120515	16.49	16.65	16.02	16.34	13300311	232804032.00
20120516	16.32	16.84	16.12	16.40	11967248	212523024.00
20120517	16.27	16.82	16.27	16.38	9868017	175104464.00
20120518	16.18	16.40	15.93	16.15	8419259	146287968.00
20120521	16.10	16.82	15.88	16.77	12695058	225907664.00
20120522	16.82	17.14	16.66	16.77	13810356	250040576.00
20120523	16.72	17.53	16.55	17.42	16199543	295676800.00
20120524	17.35	17.74	17.07	17.13	15209793	283104160.00
20120525	17.14	17.21	16.40	16.45	9088462	162941232.00
20120528	16.32	16.70	15.59	16.68	9448061	164206128.00
20120529	16.55	16.74	16.32	16.67	7909583	140611200.00
20120530	16.63	16.84	16.38	16.44	6996013	124784840.00
20120601	16.48	17.68	16.46	17.54	18129625	334529184.00
20120604	17.22	18.24	17.12	17.56	19757332	376072576.00
20120605	17.49	19.26	17.49	18.61	21440376	422701728.00
20120606	18.62	18.88	18.22	18.58	12655600	249267504.00
20120607	18.65	18.95	18.06	18.08	10229456	201467312.00
20120608	18.18	18.27	17.65	18.11	7436527	143002896.00
20120611	18.25	18.57	18.06	18.39	7621892	149151888.00
20120612	18.24	18.91	18.15	18.18	7664135	151529984.00
20120613	18.17	19.17	18.17	19.06	11269145	225654976.00
20120614	19.06	19.32	18.65	18.88	7915496	159095440.00
20120615	18.79	19.52	18.67	18.80	7526141	152697776.00
20120618	18.71	19.09	18.57	18.98	5327802	107105352.00
20120619	18.87	19.04	18.57	18.72	6291134	125637472.00
20120620	18.79	18.84	17.85	17.88	8667924	168024992.00
20120621	17.79	17.79	17.22	17.44	6858044	128500232.00
20120625	17.47	17.74	16.89	16.99	6031416	112628128.00
20120626	16.97	17.27	16.60	17.10	4864102	88428232.00
20120627	17.10	17.90	17.03	17.58	7484035	140930960.00
20120628	17.75	18.00	17.34	17.40	5056682	95669512.00
20120629	17.45	17.91	17.27	17.85	4935914	93090968.00
20120702	18.07	18.63	17.84	18.42	7416957	144952704.00
20120703	18.41	18.44	17.85	18.12	6247657	121251016.00
20120704	18.12	18.20	16.24	16.38	17634467	319697792.00
20120705	16.37	16.74	16.07	16.40	5895761	104533936.00
20120706	16.57	17.12	16.22	16.97	7036107	126022704.00
20120709	16.87	17.27	16.67	16.67	7121475	129613840.00
20120710	16.55	16.59	16.13	16.15	5633930	99168960.00
20120711	16.07	16.62	15.98	16.58	5376734	94335608.00
20120712	16.49	17.17	16.44	16.83	7709282	140288608.00
20120713	16.95	17.02	16.62	16.73	3315740	59727912.00
20120716	16.96	17.24	16.65	16.76	8965046	163814976.00
20120717	16.57	16.96	16.08	16.91	4055467	72584696.00
20120718	16.96	17.27	16.81	17.26	6583665	120353368.00
20120719	17.31	17.31	17.02	17.13	5579269	102711576.00
20120720	17.25	17.47	16.92	17.06	3571934	64459256.00
20120723	16.85	18.06	16.71	17.84	8799298	162612592.00
20120724	17.79	18.52	17.65	18.38	7140412	135783744.00
20120725	18.38	18.48	18.06	18.24	4361972	83042832.00
20120726	18.25	18.33	17.63	17.73	6259764	117816808.00
20120727	17.65	17.81	17.05	17.49	6063575	110037136.00
20120730	17.40	17.49	16.77	16.90	5330155	94955800.00
20120731	16.93	17.27	16.65	17.22	3069061	54906588.00
20120801	17.20	18.00	16.97	17.83	4682071	86849936.00
20120802	17.80	18.53	17.74	18.13	8199164	156851568.00
20120803	18.13	19.06	18.06	18.99	11297034	221094768.00
20120806	18.95	20.25	18.68	19.88	13429613	274396128.00
20120807	19.84	20.20	19.47	19.69	8152352	168213552.00
20120808	19.65	19.81	19.20	19.41	4421079	89693784.00
20120809	19.39	20.15	19.29	20.05	5779685	120006744.00
20120810	20.15	20.60	19.82	19.95	5037467	106270376.00
20120813	19.87	20.25	19.81	19.93	3513764	73291112.00
20120814	19.97	20.15	19.06	19.47	4390656	89169848.00
20120815	19.49	20.12	19.17	19.83	3208021	66366612.00
20120816	19.68	20.25	19.01	19.12	3521510	71587688.00
20120817	19.12	19.24	18.80	19.14	1810479	35963648.00
20120820	18.81	19.71	18.43	19.63	3608630	72856440.00
20120821	19.58	20.50	19.45	20.14	5493396	114832920.00
20120822	20.14	20.30	19.85	20.16	3862264	80960784.00
20120823	20.22	21.05	19.97	20.02	4146288	88550600.00
20120824	19.75	20.30	19.75	20.04	2334188	48745960.00
20120827	20.05	20.18	19.43	19.94	2719611	56290184.00
20120828	19.84	20.12	19.38	19.75	2092420	43138192.00
20120829	19.51	20.05	19.36	19.84	1893203	39122892.00
20120830	20.04	20.04	18.48	19.52	3794777	76037048.00
20120831	19.26	20.01	19.21	19.94	2058318	42209256.00
20120903	19.86	20.60	19.75	20.37	2403843	50801508.00
20120904	20.36	20.94	20.28	20.59	3196261	68837024.00
20120905	20.49	21.19	20.39	20.73	2325346	50391312.00
20120906	20.63	21.01	20.41	20.58	1310395	28204100.00
20120907	20.70	21.29	20.42	21.12	3354024	73097024.00
20120910	20.97	21.22	20.55	21.07	2087597	45402120.00
20120911	21.03	21.47	20.57	21.25	2748553	60734208.00
20120912	21.25	21.71	20.95	21.27	2738807	61023244.00
20120913	21.23	21.40	21.04	21.22	1558060	34311576.00
20120914	21.26	21.30	20.89	21.09	2126316	46733568.00
20120917	21.00	21.15	20.56	20.82	2179070	47370312.00
20120918	20.93	21.00	20.48	20.81	1350396	29135064.00
20120919	20.97	21.84	20.71	21.70	4380961	97946656.00
20120920	21.65	21.97	21.45	21.51	2243805	50517040.00
20120921	21.50	21.90	21.33	21.73	1708976	38552972.00
20120924	21.75	21.90	21.39	21.83	1119179	25172904.00
20120925	21.85	21.88	21.45	21.67	753279	17014928.00
20120926	21.80	21.80	21.00	21.16	1669740	37128996.00
20120927	21.23	21.83	20.85	21.53	1522197	34000300.00
20120928	21.37	22.10	21.10	21.98	3729520	83600240.00
20121008	21.96	22.76	21.66	22.65	4615227	108015232.00
20121009	22.68	24.20	22.66	23.21	5440646	132437592.00
20121010	23.35	23.74	23.05	23.60	2398777	58313816.00
20121011	23.38	23.97	23.25	23.87	2296207	56501140.00
20121012	23.85	24.07	22.95	23.14	2792633	67707240.00
20121015	23.16	23.73	22.80	23.49	1422122	34376992.00
20121016	23.21	23.83	23.09	23.49	4275793	104154704.00
20121017	23.55	23.55	22.85	23.14	3218072	77168480.00
20121018	23.16	23.45	22.90	23.15	2621556	62892136.00
20121019	23.15	23.17	22.76	23.08	1725803	41146872.00
20121022	23.00	23.60	22.73	23.44	2001689	48303204.00
20121023	23.44	23.45	22.56	22.82	2724903	64595696.00
20121024	22.81	22.84	21.94	22.17	2901202	66994132.00
20121025	22.15	22.15	21.45	21.60	2445956	55220616.00
20121026	21.55	22.12	20.93	22.03	2937972	65443788.00
20121029	21.95	23.03	21.66	23.01	4301401	100313560.00
20121030	22.85	23.40	22.65	22.92	3662825	88037936.00
20121031	22.92	23.45	22.45	23.42	2986856	71345728.00
20121101	23.19	23.85	23.19	23.57	3827996	93787536.00
20121102	23.65	23.65	23.22	23.29	1501292	36273188.00
20121105	23.27	23.37	22.90	23.07	832370	19941570.00
20121106	23.07	23.35	22.30	23.34	1729070	40752828.00
20121107	23.15	23.39	23.00	23.04	844051	20231028.00
20121108	22.90	22.90	22.25	22.37	1259706	29461738.00
20121109	22.09	22.44	21.89	22.01	835132	19188018.00
20121112	21.97	22.59	21.32	21.61	1723936	39015776.00
20121113	21.61	21.65	21.13	21.15	1371185	30288384.00
20121114	21.15	22.10	21.03	22.08	2066564	46426932.00
20121115	21.67	22.38	21.58	21.83	1471522	33743468.00
20121116	21.75	21.83	21.26	21.40	815342	18226380.00
20121119	21.15	21.74	21.15	21.27	1170287	25969292.00
20121120	21.24	21.55	21.24	21.26	730880	16243418.00
20121121	21.31	21.52	21.03	21.48	667499	14771016.00
20121122	21.47	21.48	21.10	21.13	729662	16099599.00
20121123	21.28	21.34	19.85	20.23	4988985	105846872.00
20121126	20.07	20.30	20.04	20.11	1855743	39043936.00
20121127	20.11	20.32	19.51	20.01	1767372	36993312.00
20121128	19.98	20.11	19.28	19.60	2140749	43593700.00
20121129	19.38	19.80	19.38	19.59	1727495	35295496.00
20121130	19.40	19.55	18.90	19.27	3842888	76865040.00
20121203	19.15	19.77	19.05	19.60	2165398	44297024.00
20121204	19.63	20.12	19.58	20.05	1655840	34181184.00
20121205	20.14	20.67	19.55	20.17	3151145	66022568.00
20121206	20.14	20.27	19.07	19.51	4029395	81494536.00
20121207	19.35	19.35	18.75	19.13	8203390	163366208.00
20121210	19.07	19.13	18.22	18.74	9342343	181365680.00
20121211	18.60	19.31	18.43	19.10	6848766	136159040.00
20121212	19.18	19.18	18.92	19.06	2603053	51744300.00
20121213	18.96	19.34	18.66	19.32	4584015	91283392.00
20121214	19.28	19.92	19.12	19.80	6945574	141831824.00
20121217	19.75	19.75	19.26	19.41	6326578	128397096.00
20121218	19.48	19.70	19.24	19.49	3835259	77981608.00
20121219	19.48	19.62	19.22	19.57	2609450	52880740.00
20121220	19.45	19.53	19.07	19.12	4529883	91008120.00
20121221	19.12	19.53	18.76	19.42	4615638	92645376.00
20121224	19.35	21.45	19.30	21.12	8073505	173711296.00
20121225	21.15	21.57	20.82	21.29	5937092	130997304.00
20121226	21.26	21.35	20.90	21.32	3789611	83092416.00
20121227	21.32	21.71	21.14	21.36	4198246	93625640.00
20121228	21.30	22.35	21.00	21.86	4346913	97752032.00
20121231	21.85	21.99	21.57	21.85	2722391	61573896.00
20130104	21.92	22.25	20.83	20.94	5656449	124417216.00
20130107	20.95	22.17	20.95	21.95	5627724	125959488.00
20130108	22.03	22.75	21.77	22.64	6366654	148509168.00
20130109	22.57	23.25	22.06	22.15	4744142	111318128.00
20130110	22.15	22.78	22.13	22.51	2992577	69785584.00
20130111	22.47	23.31	22.15	22.93	4897689	116507264.00
20130114	22.95	24.48	22.85	24.31	4950109	123322552.00
20130115	24.31	24.95	23.95	24.29	6082714	154488496.00
20130116	24.25	24.83	23.85	24.30	4927010	124301400.00
20130117	24.45	24.83	24.03	24.08	3555734	89927280.00
20130118	24.12	24.45	23.55	24.09	3343264	83074464.00
20130121	24.11	24.45	23.55	24.05	1899703	47294568.00
20130122	24.07	24.30	23.34	23.35	2928241	72138600.00
20130123	23.29	23.50	22.75	23.09	3610694	86147952.00
20130124	23.13	23.71	22.34	22.68	4016837	95907952.00
20130125	22.62	24.44	22.55	24.14	6020120	147707168.00
20130128	24.21	24.87	23.95	24.80	4569436	115481176.00
20130129	24.80	25.12	24.17	24.54	3712353	94200112.00
20130130	24.51	24.53	23.60	24.22	5116907	127317648.00
20130131	24.13	24.25	23.48	23.87	3281970	81089032.00
20130201	23.91	24.27	23.60	23.98	1823264	45042448.00
20130204	23.95	23.95	22.55	22.86	6590617	156907808.00
20130205	23.05	23.30	22.55	22.92	7558980	179862720.00
20130206	23.00	23.54	22.77	23.48	5553150	133387104.00
20130207	23.33	23.91	23.25	23.81	3545679	86886624.00
20130208	24.10	24.73	23.81	24.45	2894120	73109008.00
20130218	24.40	24.52	23.86	24.28	4038602	101398360.00
20130219	24.26	24.50	23.65	23.84	3299539	81882152.00
20130220	23.67	26.31	23.67	26.31	13823859	365727680.00
20130221	26.41	27.23	25.44	26.16	12141037	329697184.00
20130222	26.33	26.33	25.71	26.01	6260762	168287456.00
20130225	25.90	26.47	25.54	26.31	3097968	83551600.00
20130226	26.25	27.58	25.81	26.13	5446837	151474048.00
20130227	26.13	26.45	25.52	25.67	2491802	66317172.00
20130228	25.43	26.20	25.33	25.88	2848369	75535320.00
20130301	25.86	26.71	25.65	26.58	3615143	98095648.00
20130304	26.35	27.14	25.05	25.48	5161690	139463248.00
20130305	25.63	26.45	25.15	26.37	4394545	118130320.00
20130306	26.42	27.55	26.15	27.12	6746947	188361696.00
20130307	26.94	26.94	25.75	26.04	3611871	97978312.00
20130308	26.05	26.25	25.31	25.41	2350892	62337196.00
20130311	25.21	26.13	25.21	25.80	1497848	39812644.00
20130312	25.76	26.03	24.53	24.64	2634486	68161032.00
20130313	24.75	25.12	23.95	25.07	3174407	80403280.00
20130314	24.92	25.88	24.68	25.84	2990291	78728352.00
20130315	25.84	26.39	25.13	25.88	2856001	76740072.00
20130318	25.80	26.51	25.65	25.93	2981595	80431040.00
20130319	25.91	26.26	24.87	25.43	3524343	92432160.00
20130320	25.45	25.91	24.91	25.63	3926527	103018088.00
20130321	25.73	25.73	24.90	25.34	6016343	156780432.00
20130322	25.25	25.30	24.65	24.98	4321551	111444928.00
20130325	25.00	25.15	24.55	24.58	3574312	91343544.00
20130326	24.36	24.85	24.34	24.65	3463636	88169792.00
20130327	24.70	25.40	24.70	25.14	5053359	131353824.00
20130328	24.95	25.40	24.43	25.14	4047086	104409000.00
20130329	25.15	25.15	23.44	23.68	7765150	193698528.00
20130401	23.87	24.24	23.50	23.68	4233899	104458784.00
20130402	23.65	23.93	21.95	22.26	7911054	186725504.00
20130403	22.45	22.65	22.03	22.25	2450467	56768516.00
20130408	22.29	22.85	22.15	22.80	3453203	81102288.00
20130409	22.82	22.95	22.03	22.06	5077338	117308192.00
20130410	21.95	21.95	21.04	21.26	8472600	187577328.00
20130411	21.27	21.68	21.05	21.38	5111592	113558696.00
20130412	21.26	21.65	21.23	21.36	2842312	63357528.00
20130415	21.40	21.76	21.29	21.64	3117601	69858896.00
20130416	21.59	21.59	21.05	21.30	3988219	88134496.00
20130417	21.40	21.92	21.14	21.87	4997170	112218208.00
20130418	21.70	22.29	21.63	22.16	4062780	93046800.00
20130419	22.11	22.65	22.09	22.59	4388120	102053840.00
20130422	22.84	23.05	22.15	22.35	5645450	131130432.00
20130423	22.37	22.38	20.86	21.03	8929528	197865856.00
20130424	21.03	21.39	20.68	21.31	5420389	118616656.00
20130425	21.15	21.33	20.75	20.77	5353337	116941032.00
20130426	20.75	21.03	20.03	20.06	4184286	88988368.00
20130502	19.55	19.75	18.99	19.59	7434893	150193536.00
20130503	19.75	21.16	19.59	21.09	8390226	178707456.00
20130506	21.31	22.17	21.23	22.03	9041321	206095072.00
20130507	22.11	22.28	21.65	22.05	4214390	96215456.00
20130508	22.31	22.40	21.86	22.24	5164156	118649928.00
20130509	22.20	22.20	21.65	21.82	3575067	81247456.00
20130510	21.73	22.83	21.65	22.60	7133703	166808976.00
20130513	22.95	23.25	22.39	22.49	3963036	93459072.00
20130514	22.47	22.65	21.90	22.13	3486372	80289568.00
20130515	22.23	22.45	21.77	22.32	4003456	92157328.00
20130516	22.32	22.96	21.85	22.82	4823919	113226120.00
20130517	22.45	22.83	21.80	22.24	11383160	262097520.00
20130520	22.03	22.03	19.93	20.62	18802601	403328480.00
20130521	20.17	20.68	20.09	20.66	12668888	268805792.00
20130522	20.67	20.75	20.41	20.52	6641711	142183136.00
20130523	20.45	20.72	20.35	20.41	4516076	96385584.00
20130524	20.41	20.60	20.37	20.50	3582490	76413088.00
20130527	20.51	21.08	20.51	20.81	6068381	131769208.00
20130528	20.82	21.21	20.82	21.07	5975077	130586888.00
20130529	21.13	21.47	21.01	21.40	6003869	132586264.00
20130530	21.40	22.34	21.19	22.09	9088473	207500896.00
20130531	22.16	22.61	22.05	22.07	7557065	174821888.00
20130603	22.04	23.35	21.66	23.16	10307074	246251088.00
20130604	23.17	23.30	22.36	23.11	8407853	199971488.00
20130605	23.05	23.10	22.25	22.64	6514956	152626064.00
20130606	22.55	22.60	21.81	21.85	3727331	85650928.00
20130607	21.76	22.45	21.36	21.49	3948772	89406688.00
20130613	20.75	21.50	20.37	21.26	3511504	76669104.00
20130614	21.40	21.53	21.08	21.32	3775096	83486400.00
20130617	21.35	22.25	21.03	22.02	6221453	141034560.00
20130618	21.95	22.40	21.85	22.15	3925284	90274664.00
20130619	22.10	22.10	21.12	21.26	8030591	178360608.00
20130620	21.23	21.23	20.35	20.41	6019076	129770496.00
20130621	20.00	20.77	19.73	20.14	6124338	128394584.00
20130624	20.12	20.32	19.13	19.85	5793514	119868736.00
20130625	19.59	19.95	18.15	19.61	7039271	140032112.00
20130626	19.65	20.10	19.17	20.03	5177370	106624792.00
20130627	20.05	20.23	19.35	19.50	4624624	95273408.00
20130628	19.37	19.85	18.78	19.49	2924531	58635820.00
20130701	19.47	20.21	19.28	20.16	2855233	58009544.00
20130702	20.15	20.55	19.83	20.51	5116865	106507056.00
20130703	20.42	21.35	20.22	21.17	5800850	123667536.00
20130704	20.97	21.15	20.59	20.74	2972291	63563572.00
20130705	20.77	20.96	20.27	20.29	2805222	59208900.00
20130708	19.98	19.98	19.25	19.31	4095601	82205408.00
20130709	19.29	19.52	19.02	19.14	3260959	64313300.00
20130710	19.12	19.66	18.98	19.61	2630951	52062104.00
20130711	19.61	20.57	19.53	20.46	5178261	107548824.00
20130712	20.46	20.54	19.57	19.74	5474117	112850464.00
20130715	19.95	21.05	19.75	20.98	7581650	160107552.00
20130716	20.99	22.15	20.70	21.94	9426668	208709600.00
20130717	22.05	22.37	21.27	21.58	5765776	129046856.00
20130718	21.27	21.77	21.17	21.28	3664690	80247056.00
20130719	21.37	21.37	20.55	20.84	5444263	116328976.00
20130722	20.62	21.28	20.28	21.27	1803652	38625536.00
20130723	21.27	21.56	21.15	21.48	3148954	69018120.00
20130724	21.52	21.79	21.13	21.51	4095064	89970208.00
20130725	21.58	21.76	21.18	21.40	2687021	59026820.00
20130726	21.72	22.87	21.53	22.28	8301578	190171888.00
20130729	22.08	23.85	21.88	23.14	9477666	223242816.00
20130730	23.13	23.32	22.33	22.66	5394487	125514608.00
20130731	22.71	23.32	22.42	22.43	3403009	79617640.00
20130801	22.47	22.75	22.22	22.65	4220400	96963152.00
20130802	22.79	22.85	22.25	22.31	4260230	97806600.00
20130805	22.32	22.78	22.24	22.76	3249819	75125160.00
20130806	22.76	23.03	22.48	22.79	3423389	79730896.00
20130807	22.79	22.86	21.99	22.08	4011449	91859152.00
20130808	22.07	22.42	21.89	22.12	3532357	80376928.00
20130809	22.18	22.46	21.79	22.21	4206486	95382576.00
20130812	22.35	22.75	22.17	22.74	4578425	105759128.00
20130813	22.76	22.97	22.52	22.68	2380028	55275548.00
20130814	22.82	23.71	22.62	23.46	9037569	215029008.00
20130815	23.44	23.44	22.19	22.52	7240562	167943568.00
20130816	22.41	23.85	21.80	22.12	3957153	90055600.00
20130819	21.92	22.31	21.57	22.07	4007495	89741720.00
20130820	22.06	22.22	21.53	21.78	5628635	125671096.00
20130821	21.87	21.90	20.82	21.08	13278435	286621920.00
20130822	20.97	21.21	20.68	21.10	4109159	88615960.00
20130823	21.11	21.68	20.77	21.23	6287919	136504224.00
20130826	21.13	21.42	20.92	21.41	4793571	104219200.00
20130827	21.35	21.35	20.98	21.29	3642954	79105456.00
20130828	21.13	21.23	20.85	20.92	3499442	75366256.00
20130829	20.92	21.15	20.87	21.08	2771499	59726208.00
20130830	21.07	21.07	20.47	20.75	5095196	107999064.00
20130902	20.68	20.86	20.55	20.65	1893164	40128548.00
20130903	20.77	21.13	20.65	21.05	3674845	78968328.00
20130904	20.92	21.03	20.41	20.60	6355525	134299440.00
20130905	20.64	20.64	20.33	20.40	2724685	57046160.00
20130906	20.33	20.55	20.22	20.48	2455870	51537144.00
20130909	20.43	20.60	20.13	20.28	5342253	111058256.00
20130910	20.29	20.61	20.08	20.54	4072976	84717280.00
20130911	20.57	20.63	20.32	20.51	4335026	90992440.00
20130912	20.50	20.69	20.35	20.67	5235297	110465656.00
20130913	20.71	20.90	20.52	20.84	3663258	77791304.00
20130916	20.85	20.92	20.44	20.45	3562322	75520576.00
20130917	20.46	20.46	19.36	19.42	9705798	197120848.00
20130918	19.45	19.70	19.45	19.67	2577774	51829696.00
20130923	19.67	19.93	19.64	19.90	5781393	117343216.00
20130924	19.85	19.88	19.37	19.51	7217551	144626624.00
20130925	19.51	19.92	19.38	19.77	4888734	98930544.00
20130926	19.79	20.20	19.58	19.87	5932205	121666784.00
20130927	19.88	20.57	19.88	20.48	8912000	186014672.00
20130930	20.59	20.65	20.19	20.36	4542502	94757984.00
20131008	20.32	20.83	20.07	20.65	5332454	112606448.00
20131009	20.62	20.88	20.50	20.70	3773413	80217080.00
20131010	20.65	20.74	20.13	20.50	5253623	109834104.00
20131011	20.59	20.77	20.39	20.73	5265892	111429632.00
20131014	20.73	20.77	20.54	20.72	4993830	105816856.00
20131015	20.88	21.17	20.64	20.72	5113098	109375408.00
20131016	20.74	20.74	20.08	20.23	4840385	100874096.00
20131017	20.26	20.44	19.68	19.98	4593014	94234896.00
20131018	19.94	19.94	19.38	19.46	8504712	170527776.00
20131021	19.51	19.99	19.48	19.87	6665748	135693536.00
20131022	19.87	20.05	19.57	19.66	6389898	129833576.00
20131023	19.67	19.94	19.37	19.67	4585362	92444528.00
20131024	19.69	20.11	19.57	20.00	5129081	104951560.00
20131025	20.02	20.04	19.07	19.17	6740906	134293840.00
20131028	19.37	19.82	19.35	19.62	3587379	72272056.00
20131029	19.65	19.75	18.95	19.45	3780568	75021912.00
20131030	19.34	19.71	19.28	19.59	3191744	64077392.00
20131031	19.57	19.61	19.23	19.31	2932056	58302892.00
20131101	19.37	19.65	19.19	19.58	2440560	48849108.00
20131104	19.74	19.80	19.40	19.57	2395098	48156392.00
20131105	19.50	19.60	19.30	19.56	2497879	49907264.00
20131106	19.56	19.73	19.39	19.41	2410496	48424916.00
20131107	19.41	19.47	19.12	19.27	2642548	52243548.00
20131108	19.27	19.28	18.93	18.95	2882128	56499276.00
20131111	18.97	19.50	18.76	19.45	3476276	68463048.00
20131112	19.45	19.54	19.37	19.48	2172701	43435484.00
20131113	19.43	19.43	19.06	19.27	1983766	39088408.00
20131114	19.27	19.72	19.25	19.65	3414949	68403232.00
20131115	19.63	19.95	19.55	19.71	7177308	145605712.00
20131118	19.75	20.08	19.71	20.00	6831677	139820512.00
20131119	19.97	20.13	19.87	19.92	5618373	115336800.00
20131120	19.95	20.82	19.88	20.70	9857024	207081376.00
20131121	20.79	21.49	20.62	21.06	11481339	249988736.00
20131122	21.06	21.22	20.78	20.93	4653666	100405936.00
20131125	20.89	21.37	20.89	20.98	5521132	119999432.00
20131126	20.97	21.07	20.73	20.74	3015622	64645792.00
20131127	20.62	20.82	20.35	20.77	3384415	71435040.00
20131128	20.74	20.97	20.55	20.84	3334022	71207336.00
20131129	20.84	20.91	20.49	20.81	4581470	97204336.00
20131202	20.55	20.75	19.71	19.95	6697362	138221504.00
20131203	19.87	20.44	19.84	20.32	2907928	60222068.00
20131204	20.27	20.83	20.20	20.57	5063702	107224560.00
20131205	20.71	20.84	20.41	20.72	2876124	60828960.00
20131206	20.71	21.17	20.57	20.89	3455750	74213712.00
20131209	20.88	21.16	20.87	20.94	3079274	66387512.00
20131210	20.92	21.03	20.63	20.72	2241974	47763240.00
20131211	20.67	20.67	20.12	20.16	3322284	69320952.00
20131212	20.09	20.49	20.07	20.41	2824905	58851996.00
20131213	20.22	20.52	20.22	20.31	2900297	60581064.00
20131216	20.31	20.63	20.09	20.18	3213798	67081220.00
20131217	20.17	20.54	19.97	20.35	2154951	45038568.00
20131218	20.29	21.01	20.29	20.81	3941908	84134928.00
20131219	20.76	20.97	20.42	20.47	2374366	50336084.00
20131220	20.67	20.71	20.03	20.17	3335793	69750512.00
20131223	20.12	20.83	20.07	20.78	4532814	95673144.00
20131224	20.87	20.90	20.44	20.65	3265692	69208592.00
20131225	20.72	21.28	20.62	21.22	6706017	144776064.00
20131226	21.31	21.40	21.07	21.11	4683910	101961088.00
20131227	21.03	21.42	21.01	21.35	3659598	79877072.00
20131230	21.48	21.59	21.17	21.58	4321601	94868176.00
20131231	21.48	21.91	21.39	21.84	6029332	134059488.00
20140102	21.76	22.17	21.56	22.08	4595532	103521592.00
20140103	21.87	21.96	21.24	21.28	5808630	127669952.00
20140106	21.29	21.29	20.36	20.44	4047485	85826208.00
20140107	20.36	20.65	20.27	20.60	3268960	68724344.00
20140108	20.66	20.92	20.59	20.83	3611474	77058048.00
20140109	20.71	21.65	20.71	21.05	4730578	103025512.00
20140110	21.04	21.07	20.37	20.49	2691886	57187372.00
20140113	20.37	20.60	19.62	19.88	2557693	52781492.00
20140114	19.88	20.23	19.87	20.22	1540559	31740612.00
20140115	20.24	20.24	20.02	20.16	2722354	56187880.00
20140116	20.16	20.65	20.08	20.37	2652067	55644756.00
20140117	20.31	20.31	19.57	19.88	2436053	49719888.00
20140120	19.88	20.12	19.58	19.80	1891871	38498696.00
20140121	19.76	20.20	19.63	19.86	3262028	66852392.00
20140122	19.81	20.30	19.74	20.25	4245396	86856584.00
20140123	20.14	20.65	19.93	20.56	4753696	99286224.00
20140124	20.32	20.59	20.23	20.56	5791007	121362368.00
20140127	20.44	20.50	19.47	19.50	7169560	147411856.00
20140128	19.65	20.03	19.57	19.84	4357924	88583616.00
20140129	19.96	19.96	19.43	19.46	5781976	116134352.00
20140130	19.55	19.55	19.20	19.27	3115092	61751096.00
20140207	19.27	19.62	19.09	19.61	2740471	54611764.00
20140210	19.67	20.16	19.66	20.14	7312200	149499280.00
20140211	20.07	20.20	19.87	20.04	4810199	98944760.00
20140212	20.07	20.35	20.05	20.30	4985239	103375312.00
20140213	20.34	20.72	20.03	20.04	5433371	113790608.00
20140214	20.13	20.33	20.04	20.31	3727611	77224568.00
20140217	20.57	20.67	20.39	20.57	7070037	148899024.00
20140218	20.65	21.00	20.53	20.79	8465839	180440304.00
20140219	20.79	21.15	20.38	20.80	8915634	190364752.00
20140220	20.82	21.24	20.75	20.77	10237892	220329376.00
20140221	20.67	20.87	20.31	20.47	5097006	107428400.00
20140224	20.38	20.91	20.14	20.80	5588222	117096728.00
20140225	20.79	21.02	19.72	20.04	6798182	143209872.00
20140226	19.83	19.86	19.41	19.71	5329756	107438592.00
20140227	19.62	19.76	19.07	19.13	8504317	169190528.00
20140228	19.14	19.24	18.43	18.88	7031092	134934000.00
20140303	18.86	19.32	18.78	19.28	3099526	61001776.00
20140304	19.17	19.32	18.90	19.21	2655454	52111492.00
20140305	19.27	19.32	18.92	19.02	2723562	53561568.00
20140306	19.04	19.04	18.54	18.83	3572738	68860032.00
20140307	18.82	19.06	18.73	18.88	2879652	55897092.00
20140310	18.72	18.87	18.42	18.50	2859936	54616568.00
20140311	18.54	18.97	18.49	18.84	3111856	60092048.00
20140312	19.07	20.00	19.07	19.48	10085537	202352864.00
20140313	19.33	19.65	19.26	19.46	3985011	79571168.00
20140314	19.47	19.52	19.11	19.23	3101643	61326716.00
20140317	19.27	20.48	19.27	19.95	6801264	139558016.00
20140318	19.96	20.12	19.78	19.95	3286226	67142160.00
20140319	19.94	19.94	19.56	19.64	2805878	56648280.00
20140320	19.49	19.77	19.11	19.13	3079819	61526136.00
20140321	19.13	19.64	18.95	19.56	3215245	63585616.00
20140324	19.51	19.65	19.27	19.44	3410958	68130264.00
20140325	19.43	19.59	19.27	19.39	2113178	42153476.00
20140326	19.45	19.70	19.40	19.56	2658279	53428852.00
20140327	19.51	19.67	19.07	19.09	3098501	61352600.00
20140328	19.06	19.22	18.87	18.91	2579230	50409424.00
20140331	18.90	19.07	18.63	18.75	2211359	42827876.00
20140401	18.75	18.94	18.74	18.93	2302763	44600832.00
20140402	18.92	19.03	18.82	18.88	1881720	36526648.00
20140403	18.94	19.00	18.86	18.88	3076433	59850728.00
20140404	18.78	18.98	18.77	18.94	2082337	40434252.00
20140506	17.47	17.87	17.37	17.59	16813931	303574176.00
20140507	17.46	17.57	17.04	17.13	10471005	186267424.00
20140508	17.14	17.66	16.97	17.42	11706613	208349776.00
20140509	17.36	17.62	17.30	17.39	6902008	124338544.00
20140512	17.48	17.54	17.02	17.18	15116678	267488096.00
20140513	17.17	17.18	16.99	17.08	4922174	86681560.00
20140514	17.08	17.16	17.00	17.09	2940187	51787176.00
20140515	17.07	17.13	16.17	16.20	9518520	162847712.00
20140516	16.17	16.25	15.90	16.07	5014610	83063448.00
20140519	16.02	16.02	15.73	15.87	3313135	54202944.00
20140520	15.92	16.10	15.86	15.93	2449529	40426976.00
20140521	15.97	16.42	15.96	16.31	5727782	96129520.00
20140522	16.33	16.42	16.16	16.17	3637072	61207928.00
20140523	16.17	16.30	16.14	16.23	2109968	35315716.00
20140526	16.35	16.67	16.27	16.66	4455108	75984168.00
20140527	16.67	16.92	16.47	16.90	4790362	82674688.00
20140528	16.82	16.93	16.70	16.84	3292760	57214216.00
20140529	16.79	16.92	16.52	16.59	3613102	62321152.00
20140530	16.61	16.62	16.43	16.48	2857690	48616088.00
20140603	16.53	16.53	16.35	16.49	2139298	36315648.00
20140604	16.47	16.47	16.05	16.15	3149151	52609424.00
20140605	16.13	16.59	16.08	16.53	3123227	52884040.00
20140606	16.53	16.68	16.45	16.65	2446200	41856468.00
20140609	16.66	16.80	16.53	16.72	2497398	43032040.00
20140610	16.72	17.02	16.66	16.98	4560734	79676512.00
20140611	16.97	17.02	16.88	16.91	1821067	31815214.00
20140612	16.87	16.91	16.62	16.66	3014069	51961212.00
20140613	16.57	16.93	16.57	16.81	2349387	40756812.00
20140616	16.83	17.02	16.74	16.88	2254379	39242088.00
20140617	16.88	16.94	16.62	16.73	1838841	31869264.00
20140618	16.77	16.81	16.49	16.52	1844972	31559952.00
20140619	16.60	16.61	16.14	16.17	1913621	32257436.00
20140620	16.19	16.34	16.18	16.26	1208009	20294476.00
20140623	16.22	16.37	15.97	16.01	3503510	58607708.00
20140624	16.08	16.28	16.01	16.28	2479691	41492520.00
20140625	16.28	16.40	16.20	16.35	1798391	30271332.00
20140626	16.36	16.54	16.29	16.49	2163168	36783652.00
20140627	16.49	16.69	16.37	16.65	1901580	32515382.00
20140630	16.76	16.81	16.59	16.66	3091708	53282164.00
20140701	16.74	16.78	16.61	16.66	2701504	46498008.00
20140702	16.66	16.82	16.61	16.74	3199568	55139728.00
20140703	16.75	16.95	16.72	16.88	3791043	65986680.00
20140704	16.87	16.89	16.62	16.68	3212592	55483600.00
20140707	16.66	16.78	16.52	16.54	2565053	43969608.00
20140708	16.54	16.72	16.52	16.71	1552199	26662448.00
20140709	16.71	16.71	16.36	16.41	3068807	52369140.00
20140710	16.48	16.55	16.42	16.44	1596378	26599244.00
20140711	16.41	16.71	16.41	16.54	1536082	25729132.00
20140714	16.51	16.78	16.43	16.76	3117598	52384384.00
20140715	16.73	16.90	16.67	16.76	3789964	64238576.00
20140716	16.73	18.26	16.72	17.69	15803434	282298272.00
20140717	17.62	17.74	17.17	17.36	5356702	94346560.00
20140718	17.30	17.61	17.15	17.21	5255734	92257176.00
20140721	17.20	17.66	17.16	17.60	4316596	76094256.00
20140722	17.60	17.98	17.54	17.70	5533982	99070592.00
20140723	17.61	17.70	17.33	17.44	3380241	59645396.00
20140724	17.44	17.59	17.30	17.56	2959924	52219096.00
20140725	17.55	17.66	17.42	17.64	3897503	69012864.00
20140728	17.66	18.02	17.66	17.98	7340699	132700720.00
20140729	18.01	18.14	17.76	17.82	7671229	139012352.00
20140730	17.82	18.21	17.75	18.01	9304249	169147152.00
20140731	17.99	18.15	17.80	18.08	6475983	117322800.00
20140801	17.99	18.56	17.94	18.17	9986827	185063824.00
20140804	18.24	18.59	18.24	18.45	5597123	104214512.00
20140805	18.47	18.51	18.18	18.32	4759607	87830368.00
20140806	18.33	18.40	18.10	18.27	4110320	75731408.00
20140807	18.27	18.34	18.04	18.08	3112040	57191740.00
20140808	18.08	18.16	17.91	18.03	3182113	57941860.00
20140811	18.05	18.35	18.05	18.33	3581213	65986908.00
20140812	18.25	18.32	18.00	18.18	3555633	65275144.00
20140813	18.21	18.25	17.96	18.12	3466257	63350016.00
20140814	18.02	18.36	18.02	18.11	4039431	74293368.00
20140815	18.18	18.45	18.10	18.41	4796020	88917928.00
20140818	18.41	18.80	18.36	18.68	6919325	129981312.00
20140819	18.69	18.75	18.49	18.56	4710600	88461112.00
20140820	18.55	18.83	18.23	18.31	8830815	164818704.00
20140821	18.27	18.31	17.60	17.88	9489064	171916832.00
20140822	17.87	17.99	17.75	17.91	5223139	94257424.00
20140825	17.85	17.90	17.74	17.78	3780884	68013296.00
20140826	17.78	17.87	17.45	17.47	3758668	66942400.00
20140827	17.42	17.66	17.40	17.63	4071679	71989424.00
20140828	17.63	17.63	17.33	17.48	2874016	50711924.00
20140829	17.61	17.65	17.50	17.62	1886282	33484668.00
20140901	17.61	17.77	17.61	17.72	3404491	60844040.00
20140902	17.77	17.92	17.70	17.87	6912259	124421272.00
20140903	17.87	17.99	17.82	17.93	9150557	165399296.00
20140904	17.94	17.96	17.72	17.92	11218163	202019792.00
20140905	17.93	18.15	17.85	18.12	9858453	178811024.00
20140909	18.18	18.22	17.98	18.11	8634317	157576608.00
20140910	18.03	18.06	17.91	17.97	6393359	116067424.00
20140911	18.00	18.18	17.90	18.01	10906030	198622192.00
20140912	18.02	18.15	17.98	18.14	7167559	130780392.00
20140915	18.13	18.34	18.02	18.31	10385053	190993616.00
20140916	18.35	18.37	17.75	17.79	9998752	182485824.00
20140917	17.77	17.88	17.65	17.84	4206347	75561968.00
20140918	17.84	17.99	17.76	17.98	6979282	126000456.00
20140919	17.97	18.16	17.92	18.11	6558299	119647176.00
20140922	18.11	18.11	17.83	17.85	5829293	105506672.00
20140923	17.83	18.40	17.83	18.32	10674878	195701712.00
20140924	18.25	18.43	18.14	18.41	10971530	202807152.00
20140925	18.44	18.57	18.20	18.31	10189905	189321184.00
20140926	18.28	18.53	18.20	18.49	8286415	153689504.00
20140929	18.54	18.66	18.45	18.62	9102756	170580224.00
20140930	18.62	18.85	18.55	18.83	10363639	196152704.00
20141008	18.87	19.25	18.70	19.21	12676930	242807312.00
20141009	19.13	19.33	18.85	19.14	10707708	206525728.00
20141010	19.01	20.02	18.90	19.59	19930746	391620224.00
20141013	19.64	20.46	19.64	20.11	20648806	419391744.00
20141014	20.20	20.84	20.03	20.57	22561147	464551808.00
20141015	21.04	22.65	21.04	22.65	30655081	685152128.00
20141016	23.52	24.72	22.69	22.81	59401963	1413136256.00
20141017	22.92	23.62	22.02	23.27	38022038	873744384.00
20141020	23.22	24.26	22.64	22.81	31017234	730047040.00
20141021	22.12	22.12	21.47	21.56	21806116	478884960.00
20141022	21.65	21.87	21.22	21.29	13027048	283358976.00
20141023	21.31	21.56	20.99	21.47	11866002	254851312.00
20141024	21.33	21.42	20.82	21.03	9554330	203494448.00
20141027	21.02	21.12	20.57	20.83	9182426	193019680.00
20141028	20.52	21.25	20.37	21.21	14216548	300209472.00
20141029	21.19	21.37	20.72	21.32	18092511	383814816.00
20141030	21.21	21.78	20.98	21.04	19160954	412301088.00
20141031	21.04	21.56	20.93	21.51	13816996	295590112.00
20141103	21.65	22.50	21.43	22.27	21342773	474698688.00
20141104	22.26	22.26	21.62	22.03	12468597	274823360.00
20141105	22.07	22.07	21.21	21.24	13075141	283296800.00
20141106	21.22	21.22	20.85	21.02	12243817	258761872.00
20141107	20.98	21.38	20.94	21.10	11272040	240856576.00
20141110	21.13	21.62	21.02	21.47	8419588	181271760.00
20141111	21.57	21.61	20.39	20.42	10627322	223906048.00
20141112	20.32	20.88	20.20	20.82	7135293	147793344.00
20141113	20.81	20.81	20.37	20.47	5635913	116708040.00
20141114	20.39	21.12	20.39	20.99	7299137	154146240.00
20141117	21.07	21.28	20.83	20.95	5999529	127246016.00
20141118	21.02	21.02	20.58	20.92	4164768	87247464.00
20141119	20.93	21.17	20.73	20.91	6240562	132001832.00
20141120	20.77	20.82	20.33	20.57	7511803	155582272.00
20141121	20.60	20.73	20.49	20.65	6293581	130709016.00
20141124	20.66	20.79	20.30	20.42	13926049	287348928.00
20141125	20.42	20.63	20.37	20.56	8589007	177755408.00
20141126	20.62	21.03	20.57	20.92	11354028	238663536.00
20141127	21.00	21.25	20.94	21.20	11284276	240137456.00
20141128	21.22	21.35	20.50	20.79	11579798	244064992.00
20141201	20.84	20.91	20.35	20.51	10755424	222825904.00
20141202	20.50	20.97	20.42	20.85	11656789	243599936.00
20141203	20.83	21.24	20.67	21.21	15948780	338335296.00
20141204	21.22	22.02	21.16	21.84	21456200	467546560.00
20141205	21.87	21.88	20.67	21.03	19146472	410888800.00
20141208	20.95	21.45	20.62	21.22	15798234	334885568.00
20141209	21.10	22.11	20.88	21.44	27386883	592615232.00
20141210	21.55	22.27	21.32	22.24	23592170	521158016.00
20141211	22.30	22.72	21.78	22.09	24696644	555226624.00
20141212	22.12	22.32	21.79	21.97	16008584	355102080.00
20141215	21.99	22.43	21.65	22.34	17534979	391128224.00
20141216	22.40	22.51	21.94	22.17	13457184	300889184.00
20141217	22.04	22.04	21.41	21.48	11207501	244093808.00
20141218	21.42	21.80	21.32	21.50	7544035	163977568.00
20141219	21.50	21.50	20.53	20.91	13190781	277468640.00
20141222	20.81	20.81	19.96	20.09	12306672	251126320.00
20141223	20.11	20.54	20.08	20.16	6357647	130218000.00
20141224	20.22	20.45	20.12	20.37	6234373	127526968.00
20141225	20.46	20.50	20.17	20.35	7084262	145041632.00
20141226	20.36	20.60	20.15	20.51	8648207	177379136.00
20141229	20.56	20.56	19.79	19.88	14574295	293772256.00
20141230	19.86	20.20	19.84	20.03	7487730	151260208.00
20141231	20.00	20.18	19.71	20.08	8295233	166593264.00
20150105	20.10	20.95	19.92	20.78	13565666	281214240.00
20150106	20.64	22.47	20.56	21.77	20667786	450236864.00
20150107	21.60	21.76	21.19	21.46	10091760	218578176.00
20150108	21.46	22.03	21.37	21.48	12120279	265468064.00
20150109	21.43	21.80	21.31	21.33	8882640	193297392.00
20150112	21.12	21.20	20.63	20.92	6760593	142885184.00
20150113	20.92	21.44	20.92	21.34	6840351	146509136.00
20150114	21.32	21.67	21.12	21.21	7252296	156595040.00
20150115	21.20	21.42	21.10	21.41	4951800	106215728.00
20150116	21.46	21.57	21.22	21.44	7296200	157522416.00
20150119	20.99	21.75	20.31	20.52	10440223	222375952.00
20150120	20.77	21.09	20.60	20.97	8798732	185160096.00
20150121	21.08	21.62	20.99	21.51	10618330	229126448.00
20150122	21.53	22.29	21.53	22.07	17739300	392076032.00
20150123	22.08	22.38	21.85	22.00	13415544	298938624.00
20150126	21.97	22.88	21.83	22.80	17086746	387611456.00
20150127	22.80	22.90	22.36	22.65	13324355	303711424.00
20150128	22.47	23.08	22.47	22.60	11632522	267720128.00
20150129	22.41	22.41	21.94	22.06	8735667	195342384.00
20150130	22.07	22.32	21.75	21.98	7474229	165946800.00
20150202	21.66	22.94	21.50	22.32	14775265	332637728.00
20150203	22.17	22.27	21.71	22.01	10167291	224720112.00
20150204	22.02	22.04	21.35	21.55	11274111	245696128.00
20150205	21.55	21.96	21.55	21.70	10755255	236159392.00
20150206	21.63	22.35	21.61	21.87	11397978	253064160.00
20150209	21.87	22.12	21.64	21.88	6507861	143714720.00
20150210	21.88	21.94	21.59	21.80	6015331	131901680.00
20150211	21.83	22.50	21.82	22.47	8054874	180077056.00
20150212	22.53	22.88	22.38	22.79	11808671	270333152.00
20150213	23.12	24.32	22.96	24.12	24210748	581150592.00
20150216	24.15	24.67	23.67	24.40	19422538	472838528.00
20150217	24.43	24.47	24.05	24.41	12710021	310997248.00
20150225	24.48	24.53	23.71	23.87	12796240	308616512.00
20150226	23.72	24.29	23.70	23.88	10236396	246791360.00
20150227	23.95	24.57	23.94	24.40	13312418	325994880.00
20150302	24.48	24.63	23.99	24.61	17816784	436088736.00
20150303	24.50	25.81	24.21	25.32	20910645	532451776.00
20150304	25.32	26.07	25.04	26.06	16690694	429570624.00
20150305	26.06	26.50	25.40	25.78	15385648	400497920.00
20150306	25.79	26.05	25.07	25.33	10017349	256956080.00
20150309	25.30	25.82	24.92	25.66	8586307	219756192.00
20150310	25.58	26.10	25.36	25.43	9698425	249944544.00
20150311	25.43	25.46	24.42	24.71	13499253	337163168.00
20150312	24.71	27.08	24.50	26.99	15991334	407062848.00
20150420	29.71	29.71	29.71	29.71	565132	16891796.00
20150421	32.52	32.52	28.67	29.74	51624298	1569996160.00
20150422	29.77	30.37	29.02	29.97	35282039	1050702912.00
20150423	29.82	29.82	29.10	29.26	25861042	762969280.00
20150424	28.76	28.76	27.83	28.51	25607134	730446912.00
20150427	28.51	28.81	28.12	28.31	19359697	553623296.00
20150428	28.52	29.01	28.07	28.63	19387651	557940928.00
20150429	28.42	28.91	28.17	28.80	14244159	409787840.00
20150430	28.94	29.15	28.27	28.29	11955187	344464704.00
20150504	28.28	28.73	27.86	28.69	12777930	363638848.00
20150505	28.48	28.55	27.42	27.57	15201912	427353120.00
20150506	27.64	28.08	26.84	27.12	12155478	336705536.00
20150507	27.22	27.29	26.45	26.47	10140662	273482848.00
20150508	26.59	27.00	26.46	26.89	8345686	224598304.00
20150511	27.02	28.00	26.65	27.97	16764011	464846048.00
20150512	27.99	28.68	27.73	28.18	16647177	472398080.00
20150513	28.05	28.54	27.87	28.38	14911701	423629408.00
20150514	28.41	28.50	27.78	27.98	10952924	309314688.00
20150515	27.92	27.92	26.86	27.14	15370122	421867456.00
20150518	27.10	28.11	26.94	27.73	12084720	337437888.00
20150519	27.75	28.92	27.58	28.83	19216457	548560384.00
20150520	28.82	29.30	28.23	28.46	21129021	614728064.00
20150521	28.47	31.32	28.32	31.32	26752792	797614464.00
20150522	32.30	32.42	30.90	31.32	30288640	956971264.00
20150525	31.32	31.82	31.02	31.55	23828331	752603648.00
20150526	31.60	32.49	31.11	31.92	22265141	713622592.00
20150527	31.88	32.12	30.78	31.32	20614814	648102400.00
20150528	31.33	32.79	29.92	30.04	29506462	937001216.00
20150529	30.42	30.77	29.07	29.61	20188627	606809216.00
20150601	30.23	31.29	29.88	31.17	24210736	748831296.00
20150602	31.78	32.15	31.00	32.14	26457475	842594176.00
20150603	32.05	32.10	30.72	31.74	21562093	685027392.00
20150604	32.03	33.84	31.38	33.70	35095389	1158155648.00
20150605	34.31	34.80	32.83	33.86	30000969	1026265856.00
20150608	33.92	34.49	33.13	34.42	24033922	816154624.00
20150609	34.47	34.47	32.82	33.14	18056749	607891328.00
20150610	32.89	33.73	32.43	33.30	15116281	505606624.00
20150611	33.15	33.65	32.62	33.50	15142736	505374464.00
20150612	33.53	34.66	33.53	33.97	20342271	698245440.00
20150615	34.04	34.57	32.44	32.53	20753275	691683328.00
20150616	31.85	33.75	30.82	31.87	23020275	741794240.00
20150617	31.52	32.13	30.61	32.12	14647216	463116704.00
20150618	31.82	32.30	30.48	30.64	11325653	359495264.00
20150619	30.02	30.29	28.72	28.83	14916479	446659328.00
20150623	29.02	29.82	27.32	29.76	12250068	357075104.00
20150624	29.94	30.62	29.57	30.12	17198353	518830048.00
20150625	30.12	30.18	27.79	28.11	18642566	548549696.00
20150626	27.47	27.48	25.28	25.28	17931697	472057984.00
20150629	25.89	26.12	22.73	23.68	21196738	523600320.00
20150630	23.70	26.01	22.82	25.86	18562648	460489696.00
20150701	25.65	26.46	24.58	24.63	17974737	468350208.00
20150702	24.97	25.27	22.90	23.70	17948181	438610560.00
20150703	23.01	25.12	21.80	23.07	19455757	462696896.00
20150706	25.40	25.40	22.17	23.78	23115167	554150208.00
20150707	22.81	23.92	21.38	21.38	20676718	463188416.00
20150708	19.22	21.68	19.22	19.59	54954933	1117766528.00
20150709	19.89	21.57	19.89	21.57	18040037	384064896.00
20150710	22.48	23.75	22.47	23.75	11931123	281884672.00
20150713	24.83	26.14	23.81	26.14	30499685	781837504.00
20150714	25.24	27.09	25.04	25.41	25819484	673567232.00
20150715	24.66	25.18	22.92	22.94	20076936	488275712.00
20150716	22.94	24.79	22.62	24.47	16438158	394690848.00
20150717	24.67	26.51	24.67	26.12	16239775	422032576.00
20150720	25.82	26.69	25.52	25.92	15851203	416690688.00
20150721	25.59	26.17	25.31	25.93	13317530	345367104.00
20150722	25.74	27.09	25.62	26.76	16400590	433115776.00
20150723	26.97	27.66	26.67	27.40	15659383	429908896.00
20150724	27.42	27.68	26.22	26.38	19039120	520068352.00
20150727	25.87	26.54	23.72	23.72	17574255	447876032.00
20150728	23.24	24.92	22.73	24.70	20127258	486528320.00
20150729	25.09	26.37	24.27	26.25	13027108	329947904.00
20150730	26.22	26.81	24.97	25.33	12924183	342772384.00
20150731	24.87	26.46	24.85	26.17	11212271	291253664.00
20150803	26.11	26.11	24.18	25.00	12072129	304640192.00
20150804	24.84	27.01	24.84	26.91	12902577	338654016.00
20150805	26.32	27.07	26.02	26.21	10055564	268798976.00
20150806	25.62	26.57	25.62	26.07	5761972	151535264.00
20150807	26.16	27.05	26.16	26.92	10806452	291094560.00
20150810	27.30	28.45	26.85	28.31	17659857	492675648.00
20150811	28.31	29.16	27.70	28.19	13510720	386379392.00
20150812	27.82	29.00	27.70	28.72	15426154	443465664.00
20150813	28.47	28.82	27.81	28.79	10783926	308532576.00
20150814	28.83	29.05	28.02	28.19	15468451	441709216.00
20150817	28.12	29.12	27.91	29.11	15645847	451365280.00
20150818	28.93	29.14	26.18	26.18	14045367	391233728.00
20150819	25.71	26.66	23.81	26.17	12329664	316165056.00
20150820	25.80	25.89	24.62	24.65	10858266	276317856.00
20150821	24.32	24.77	23.30	23.42	10379000	250291392.00
20150824	22.77	22.77	21.06	21.06	11804820	255776144.00
20150825	19.62	20.97	18.94	19.18	17156005	337396032.00
20150826	19.42	21.00	19.08	19.71	13111753	263761488.00
20150827	20.22	21.02	19.83	20.99	10057006	206669312.00
20150828	21.13	22.45	21.02	22.11	13830264	301151072.00
20150831	21.59	21.91	21.03	21.35	9537987	206641696.00
20150901	21.36	21.50	19.73	19.99	8448353	173460288.00
20150902	19.22	20.58	19.00	20.44	10581796	214639776.00
20150907	20.81	21.62	20.32	20.51	6734541	142665712.00
20150908	20.51	21.47	20.23	21.41	5338061	112175952.00
20150909	21.39	22.12	21.39	21.87	9733613	214368480.00
20150910	21.61	21.86	21.22	21.26	5220326	113458168.00
20150911	21.27	21.63	20.73	21.01	5701521	122017128.00
20150914	21.23	21.34	19.30	19.58	8220555	166785232.00
20150915	19.44	19.95	18.98	19.06	5718471	112378624.00
20150916	19.32	20.92	19.07	20.64	7469512	149679952.00
20150917	20.44	20.70	19.81	19.93	7691150	157610208.00
20150918	19.97	20.21	19.85	19.96	3988777	80516312.00
20150921	19.72	20.67	19.62	20.57	4344103	88968440.00
20150922	20.59	20.92	20.51	20.64	5886969	122995368.00
20150923	20.37	20.49	20.09	20.15	4339759	88738744.00
20150924	20.24	20.55	20.20	20.36	3882057	79678696.00
20150925	20.35	20.52	19.77	19.89	4115770	83477872.00
20150928	19.89	20.16	19.83	20.09	2532497	51089344.00
20150929	19.81	19.91	19.37	19.52	4404688	87407536.00
20150930	19.62	19.81	19.44	19.64	3269564	64674812.00
20151008	21.62	21.62	21.62	21.62	6246891	136182224.00
20151009	21.70	22.12	21.62	21.74	20326483	446952224.00
20151012	21.66	22.62	21.32	22.19	18074050	401523328.00
20151013	22.01	22.25	21.82	22.17	10298896	228678048.00
20151014	22.02	22.19	21.68	21.73	10480246	232129312.00
20151015	21.63	22.12	21.62	22.10	11853844	262318528.00
20151016	22.24	22.54	21.92	22.40	14475315	324446880.00
20151028	24.66	24.66	22.94	23.05	32117830	775783936.00
20151029	22.72	23.13	22.56	22.80	15658899	359861056.00
20151030	22.85	23.04	22.52	22.60	9610763	220798944.00
20151102	22.32	22.67	22.04	22.14	7406866	166634528.00
20151103	22.22	22.50	21.97	22.28	4937215	110725088.00
20151104	22.28	23.14	22.22	23.11	11408239	262188128.00
20151105	23.12	23.79	22.94	23.26	14564614	341966528.00
20151106	23.26	23.59	23.17	23.58	11298498	267060336.00
20151109	23.51	24.16	23.32	23.83	16161760	387506336.00
20151110	23.65	24.04	23.54	23.79	10442932	250698048.00
20151111	23.83	23.92	23.44	23.79	9229899	219664672.00
20151112	23.82	24.16	23.50	23.83	9298233	223289760.00
20151113	23.67	23.72	23.03	23.25	7129018	168171792.00
20151116	22.82	23.18	22.63	23.15	8925688	206316352.00
20151117	23.33	23.65	22.91	22.99	17142955	401960640.00
20151118	23.02	23.12	22.59	22.65	7006747	161329664.00
20151119	22.68	23.05	22.68	23.02	5404492	124549896.00
20151120	23.04	23.20	22.92	23.09	6393106	148590624.00
20151123	23.02	23.17	22.76	22.77	7489313	173156016.00
20151124	22.76	22.81	22.55	22.80	7783160	177691584.00
20151125	22.75	23.22	22.68	23.21	9026578	209293696.00
20151126	23.32	23.43	23.05	23.07	8764426	204896080.00
20151127	22.96	23.01	21.40	21.66	10632146	239702672.00
20151130	21.75	21.78	20.91	21.42	6908542	149072928.00
20151201	21.43	22.04	21.27	21.84	6580468	143616480.00
20151202	21.80	22.33	21.62	22.31	6956281	154017424.00
20151203	22.49	22.90	22.49	22.62	7296878	166774848.00
20151204	22.52	22.62	22.17	22.24	5590316	126181008.00
20151207	22.43	22.92	22.28	22.78	7027924	160914320.00
20151208	22.72	22.72	21.92	21.98	6655293	148685136.00
20151209	22.02	22.15	21.86	21.95	2808807	62331160.00
20151210	21.96	22.29	21.82	21.96	3611453	80359520.00
20151211	22.02	22.26	21.92	22.12	3292774	73378792.00
20151214	22.02	22.59	21.72	22.50	3768882	84336104.00
20151215	22.47	22.92	22.40	22.71	5900881	135146688.00
20151216	22.77	22.89	22.59	22.69	4237455	97045872.00
20151217	22.79	23.06	22.79	23.04	8045158	186195088.00
20151218	23.07	23.21	22.80	22.87	5839686	135078144.00
20151221	22.93	23.90	22.83	23.62	13311694	314749696.00
20151222	23.57	23.77	23.21	23.44	7667825	180744592.00
20151223	23.53	24.06	23.43	23.47	11494377	274873920.00
20151224	23.54	23.54	22.85	23.13	6260811	145708672.00
20151225	23.13	23.27	23.07	23.24	3938699	92005344.00
20151228	23.35	23.52	22.26	22.43	7626802	176991488.00
20151229	22.51	22.75	22.35	22.73	3667905	83217856.00
20151230	22.83	23.06	22.69	22.91	4293985	99070072.00
20151231	22.95	23.21	22.59	22.63	4740707	109262496.00
20160104	22.64	22.77	20.85	20.88	5214697	115236408.00
20160105	20.40	21.10	19.82	20.72	6127410	127489304.00
20160106	20.81	21.08	20.57	21.04	6007986	126375224.00
20160107	20.73	20.73	19.28	19.38	1609500	32621260.00
20160108	19.92	20.19	19.33	19.85	6950022	138904320.00
20160111	19.61	19.79	18.85	18.87	7085084	138941600.00
20160112	19.02	19.27	18.83	19.19	3600817	69371016.00
20160113	19.20	19.45	18.33	18.35	5060094	96867304.00
20160114	18.12	18.90	17.92	18.81	4368468	81385432.00
20160115	18.63	18.81	18.02	18.13	4162459	77259400.00
20160118	17.87	18.44	17.68	18.18	4064610	74489184.00
20160119	18.04	18.76	18.03	18.70	3828225	71377472.00
20160120	18.65	18.75	18.20	18.26	4758058	88556240.00
20160121	18.18	18.68	17.83	17.86	5356137	98841432.00
20160122	18.07	18.13	17.53	17.92	4413818	79803952.00
20160125	18.05	18.22	17.90	18.01	3637473	66368960.00
20160126	17.82	17.84	16.50	16.62	7039914	122349808.00
20160127	16.62	16.79	16.02	16.47	5077728	83975832.00
20160128	16.33	16.52	15.83	15.99	3997235	65744252.00
20160129	16.07	16.56	15.92	16.47	3841529	63505352.00
20160201	16.47	16.48	15.92	16.12	5288175	86559008.00
20160202	16.10	16.62	16.10	16.61	5745366	95529872.00
20160203	16.39	16.62	16.22	16.57	3467335	57450492.00
20160204	16.57	17.02	16.54	16.92	5396553	91715784.00
20160205	16.99	16.99	16.65	16.72	4484981	76238840.00
20160215	16.22	16.76	16.22	16.70	4208316	70061224.00
20160216	16.80	17.30	16.73	17.28	5947920	102957856.00
20160217	17.32	17.45	17.04	17.37	6472458	112856960.00
20160218	17.46	17.57	17.22	17.29	6262193	110176424.00
20160219	17.30	17.40	17.22	17.35	3297135	57666736.00
20160222	17.53	17.74	17.39	17.64	6436491	114139528.00
20160223	17.61	17.76	17.36	17.50	5868640	104276496.00
20160224	17.39	17.67	17.24	17.59	4049169	71501888.00
20160225	17.52	17.53	15.87	15.96	8261998	138733072.00
20160226	16.22	16.33	15.89	16.18	4616923	75280736.00
20160229	16.12	16.12	15.32	15.47	6036560	95073776.00
20160301	15.51	15.99	15.44	15.85	3965293	62948304.00
20160302	15.89	16.73	15.88	16.65	5857554	96840424.00
20160303	16.62	16.97	16.60	16.68	4542057	77077608.00
20160304	16.70	16.76	16.28	16.55	4064340	67896352.00
20160307	16.62	16.93	16.62	16.84	3548633	60279220.00
20160308	16.84	16.88	16.22	16.83	3871371	64714084.00
20160309	16.62	16.69	16.38	16.57	2879501	48081504.00
20160310	16.51	16.76	16.39	16.52	2656541	44521592.00
20160311	16.16	16.16	15.62	15.83	7680810	122982112.00
20160314	15.93	16.41	15.90	16.24	7213880	118415848.00
20160315	16.19	16.43	16.09	16.23	4418003	72543584.00
20160316	16.26	16.35	15.92	16.05	3240273	52869984.00
20160317	16.07	16.52	16.02	16.45	5074668	83729536.00
20160318	16.45	17.00	16.45	16.94	7635881	129757024.00
20160321	17.12	17.35	17.04	17.32	7300231	126904424.00
20160322	17.22	17.27	17.02	17.09	5587393	96736080.00
20160323	17.03	17.15	16.93	17.14	4170431	71878568.00
20160324	17.01	17.14	16.85	16.94	4129425	71017728.00
20160325	16.94	17.12	16.88	17.10	3612916	61951916.00
20160328	17.13	17.29	16.94	16.97	5229471	90667032.00
20160329	16.94	17.04	16.55	16.65	5019185	85124016.00
20160330	16.74	17.14	16.73	17.11	5317953	91083752.00
20160331	17.14	17.28	17.09	17.17	5809354	100861760.00
20160401	17.12	17.19	16.74	17.06	4414136	75620016.00
20160405	17.02	17.50	16.97	17.49	7252142	126927632.00
20160406	17.41	17.55	17.23	17.47	4902250	86127016.00
20160407	17.52	18.10	17.45	17.80	15965351	287867072.00
20160408	17.53	17.70	17.34	17.54	7497747	132629904.00
20160411	17.57	18.15	17.57	17.99	7811325	141572384.00
20160412	17.85	17.99	17.49	17.67	5287041	94488072.00
20160413	17.73	18.21	17.73	17.93	7310844	132957696.00
20160414	18.05	18.07	17.82	18.00	4815070	87225528.00
20160415	18.00	18.03	17.76	17.89	3799336	68563488.00
20160418	17.87	18.29	17.72	18.03	8019054	146324496.00
20160419	18.04	18.18	17.81	17.90	4751408	86005528.00
20160420	17.97	18.01	16.88	17.09	7514521	131706896.00
20160421	17.08	17.26	16.75	16.83	4067431	70079896.00
20160422	16.77	16.97	16.68	16.92	2361764	40189464.00
20160425	16.82	17.09	16.59	16.99	3702776	62879816.00
20160426	16.88	17.17	16.88	17.16	2535073	43599316.00
20160427	17.13	17.29	17.04	17.16	3252977	56490756.00
20160428	17.14	17.14	16.53	16.83	3808604	64525312.00
20160429	16.82	16.98	16.70	16.78	2577196	43841152.00
20160503	16.83	17.73	16.67	17.72	7236078	126665552.00
20160504	17.75	17.89	17.61	17.82	7616259	136546608.00
20160505	17.73	17.81	17.53	17.76	3558401	63529952.00
20160506	17.74	17.76	16.84	17.01	5940435	103784752.00
20160509	16.82	16.89	16.42	16.47	4193685	70461264.00
20160510	16.46	16.90	16.44	16.77	3354232	56582200.00
20160511	16.79	17.56	16.69	17.19	7655400	132816056.00
20160512	16.93	17.18	16.62	17.15	4464599	76219968.00
20160513	17.00	17.27	16.88	16.98	2867458	49317380.00
20160516	16.87	17.75	16.72	17.73	7330930	128740152.00
20160517	17.60	17.72	17.39	17.57	6374424	112933768.00
20160518	17.52	17.52	16.70	17.00	5681832	98071744.00
20160519	16.99	17.40	16.96	17.10	4407133	76567136.00
20160520	16.95	17.67	16.85	17.62	5047232	88668096.00
20160523	17.62	17.76	17.49	17.73	6028715	107244664.00
20160524	17.69	18.11	17.53	18.02	10081439	182039104.00
20160525	18.12	18.17	17.52	17.63	7352362	132400648.00
20160526	17.58	17.71	17.17	17.64	5085154	89614936.00
20160527	17.61	17.76	17.48	17.54	3517817	62595204.00
20160530	17.37	17.57	17.22	17.36	2800238	49218264.00
20160531	17.41	18.18	17.40	18.12	8338269	150703008.00
20160601	18.12	18.25	17.93	18.22	7035808	128296272.00
20160602	18.19	18.60	18.12	18.37	9513505	176619920.00
20160603	18.40	18.64	18.22	18.52	8471607	158008448.00
20160606	18.56	18.59	18.23	18.42	4924335	91352680.00
20160607	18.41	18.62	18.19	18.41	4151777	77034384.00
20160608	18.42	18.42	18.10	18.27	3744209	68983008.00
20160613	18.08	18.08	17.27	17.33	7149775	128191904.00
20160614	17.32	17.42	17.17	17.35	3609243	63035464.00
20160615	17.12	17.82	17.02	17.75	5960550	106119760.00
20160616	17.72	17.75	17.48	17.54	3891617	69317816.00
20160617	17.57	17.87	17.55	17.75	3684855	66047484.00
20160620	17.77	17.77	17.42	17.65	3683676	65483704.00
20160621	17.76	17.90	17.47	17.58	6173169	110414472.00
20160622	17.50	17.92	17.49	17.91	3840259	68815528.00
20160623	17.86	17.87	17.62	17.75	2978877	53331176.00
20160624	17.71	17.88	17.03	17.42	5171562	91157432.00
20160627	17.31	17.70	17.25	17.68	3975584	70492440.00
20160628	17.63	18.08	17.49	18.03	6055433	109140000.00
20160629	18.12	18.12	17.92	17.97	4287884	77952240.00
20160630	17.98	18.25	17.96	18.04	4466759	81520872.00
20160701	17.92	18.18	17.88	17.91	4389658	79783160.00
20160704	17.77	18.35	17.77	18.31	7679925	140663344.00
20160705	18.30	18.40	18.15	18.35	5228883	96374384.00
20160706	18.27	18.58	18.18	18.51	7911100	147284320.00
20160707	18.54	18.80	18.38	18.43	11045500	207628096.00
20160708	18.48	18.51	18.25	18.29	6458400	119681512.00
20160711	18.28	19.02	18.28	18.69	10060000	189466528.00
20160712	18.69	19.90	18.67	19.69	21672800	422345824.00
20160713	19.79	20.15	19.57	19.85	17031800	341251456.00
20160714	19.67	20.01	19.40	19.98	9282200	184693744.00
20160715	19.95	20.06	19.61	19.73	7303400	146031760.00
20160718	19.73	19.92	19.33	19.65	6685700	131840296.00
20160719	19.61	19.68	19.30	19.66	5354000	105509568.00
20160720	19.70	19.70	19.39	19.41	3482000	68028520.00
20160721	19.41	19.88	19.41	19.59	5556300	109066944.00
20160722	19.60	19.90	19.31	19.48	5879000	115301344.00
20160725	19.31	19.64	19.31	19.55	3315400	64715584.00
20160726	19.54	20.48	19.51	20.44	9052600	181188144.00
20160727	20.55	20.93	19.35	19.78	15824758	320190080.00
20160728	19.72	20.57	19.51	20.48	13000886	261454528.00
20160729	20.35	21.00	20.23	20.70	16464580	339088256.00
20160801	20.51	20.68	19.80	19.95	8023168	160847760.00
20160802	19.95	20.10	19.63	19.89	4762512	94532016.00
20160803	19.89	20.38	19.80	20.01	5057350	101585664.00
20160804	20.00	20.03	19.76	19.98	4792899	95210232.00
20160805	19.98	20.28	19.83	20.09	5609262	112375888.00
20160808	19.84	19.99	19.41	19.91	5156617	101886680.00
20160809	19.88	20.10	19.81	20.05	4296500	85658176.00
20160810	20.15	20.20	19.65	19.67	5330100	105806880.00
20160811	19.70	19.80	19.36	19.38	3514729	68743032.00
20160812	19.49	19.55	19.00	19.45	4003381	77353992.00
20160815	19.85	20.97	19.85	20.87	14847449	302496992.00
20160816	20.97	21.10	20.67	21.06	8830867	184833984.00
20160817	20.99	20.99	20.66	20.75	5269335	109500256.00
20160818	20.71	21.36	20.70	20.80	6025663	126484336.00
20160819	20.72	20.93	20.59	20.92	3389466	70334248.00
20160822	21.00	21.20	20.48	20.69	5619600	117367368.00
20160823	20.62	21.00	20.58	20.94	4945900	102978856.00
20160824	20.89	21.31	20.77	21.12	5318200	112145816.00
20160825	20.98	21.36	20.75	21.18	8109100	171149888.00
20160826	21.17	21.63	20.99	21.33	7162300	152475568.00
20160829	21.25	21.36	20.85	21.05	6326510	132976288.00
20160830	21.07	21.10	20.76	20.81	5031535	105256192.00
20160831	20.76	20.97	20.65	20.87	3677618	76499112.00
20160901	20.86	21.13	20.75	20.93	5560755	116858624.00
20160902	20.87	21.08	20.78	20.86	3131359	65521280.00
20160905	20.81	21.15	20.78	20.87	3206967	67177856.00
20160906	20.87	21.25	20.72	21.19	4572710	96086176.00
20160907	21.21	21.45	20.85	20.91	8195847	172543728.00
20160908	20.90	21.02	20.77	20.88	4535100	94713736.00
20160909	20.82	20.94	20.63	20.64	3915254	81117024.00
20160912	20.33	20.39	19.96	20.00	5303773	106966128.00
20160913	20.08	20.14	19.88	20.08	2741441	54888920.00
20160914	20.05	20.08	19.87	19.89	2567754	51283088.00
20160919	19.98	20.16	19.89	20.13	3165237	63463052.00
20160920	20.13	20.30	20.05	20.13	2718848	54882896.00
20160921	20.19	20.34	20.03	20.20	1901175	38491068.00
20160922	20.30	20.52	20.29	20.41	4186830	85547368.00
20160923	20.41	20.55	20.30	20.37	2577629	52578276.00
20160926	20.38	20.44	19.89	19.90	2682729	54067452.00
20160927	19.86	20.05	19.69	20.03	2131999	42340928.00
20160928	20.12	20.12	19.84	19.94	2644865	52811960.00
20160929	20.03	20.10	19.73	19.87	2815404	56171500.00
20160930	19.87	20.11	19.87	19.96	3704305	74123080.00
20161010	20.05	20.88	20.05	20.79	7684100	158328736.00
20161011	20.76	20.98	20.66	20.93	4783730	99725432.00
20161012	20.86	20.87	20.65	20.72	3510414	72797736.00
20161013	20.69	21.19	20.67	21.05	5497688	115631656.00
20161014	21.00	21.17	21.00	21.06	4133384	87148608.00
20161017	21.14	21.15	20.71	20.85	3914980	82131376.00
20161018	20.90	21.42	20.88	21.38	5755337	122361744.00
20161019	21.34	22.09	21.30	21.79	8302899	180947936.00
20161020	21.75	21.88	21.52	21.59	5211723	112885984.00
20161021	21.59	22.09	21.45	22.01	6127423	134022784.00
20161024	21.90	23.03	21.83	22.96	11520995	262014336.00
20161025	22.94	23.21	22.58	22.97	7930499	181725984.00
20161026	22.95	22.95	22.58	22.78	5205310	118254208.00
20161027	22.80	23.35	22.59	22.95	5236075	120543360.00
20161028	22.95	23.18	22.74	22.97	3661387	84044248.00
20161031	22.71	23.12	22.41	22.70	7044582	159932032.00
20161101	22.71	23.01	22.66	22.77	4219000	96559616.00
20161102	22.77	23.74	22.70	23.49	8594000	201129664.00
20161103	23.35	24.10	23.31	23.90	7954240	189885024.00
20161104	23.90	23.97	23.40	23.58	4719700	111771272.00
20161107	23.46	23.55	22.80	22.99	6089061	140952416.00
20161108	23.00	23.23	22.92	23.11	3409551	78694520.00
20161109	23.16	23.16	22.58	22.83	3758373	85832896.00
20161110	22.99	23.10	22.82	22.98	2810474	64433792.00
20161111	22.98	23.02	22.77	22.86	2877974	65819672.00
20161114	22.62	22.84	22.39	22.49	5015575	113281432.00
20161115	22.59	23.55	22.51	23.54	7039031	163146976.00
20161116	23.54	23.67	23.10	23.13	4480500	104372768.00
20161117	23.07	23.32	22.95	23.11	2407900	55612520.00
20161118	23.15	23.21	22.80	22.81	2185200	50080704.00
20161121	22.76	23.32	22.71	23.08	3817300	88033088.00
20161122	22.99	23.28	22.99	23.13	1854417	42915512.00
20161123	23.15	23.25	22.80	22.88	2445948	56139120.00
20161124	22.88	23.08	22.69	22.89	1560300	35718012.00
20161125	22.92	22.92	22.40	22.68	2623600	59236816.00
20161128	22.71	22.84	22.46	22.59	3292600	74317976.00
20161129	22.59	23.08	22.52	22.67	5527600	126145752.00
20161130	22.60	23.09	22.50	22.83	5454400	125154488.00
20161201	22.83	23.49	22.81	23.44	5452011	126873576.00
20161202	23.45	23.78	23.16	23.41	4784734	112350544.00
20161205	23.18	24.29	23.12	24.01	6985200	167530688.00
20161206	24.05	24.18	23.62	23.92	2843600	67624448.00
20161207	23.88	24.02	23.38	23.92	3052400	72177360.00
20161208	23.80	23.84	23.45	23.47	2025300	47787540.00
20161209	23.49	23.59	23.34	23.57	1484400	34800460.00
20161212	23.56	23.60	22.64	22.86	3453552	79173304.00
20161213	22.68	22.76	22.16	22.36	3950637	89257936.00
20161214	22.30	22.47	21.87	21.90	3100641	69104896.00
20161215	21.90	22.05	21.19	21.98	10277275	220244784.00
20161216	21.71	22.41	21.63	22.16	2968709	65668200.00
20161219	22.05	22.88	22.00	22.70	2766939	62675772.00
20161220	22.60	22.83	22.31	22.53	1497137	33707328.00
20161221	22.75	23.32	22.73	23.02	3520721	81347136.00
20161222	23.00	23.18	22.76	22.96	1006386	23030268.00
20161223	23.03	23.07	22.25	22.52	2312061	52330528.00
20161226	22.41	22.56	22.15	22.44	2010016	44873008.00
20161227	22.47	22.86	22.36	22.38	1958918	44184888.00
20161228	22.37	22.86	22.20	22.69	2915421	65473812.00
20161229	22.51	22.72	22.25	22.26	1914100	43019392.00
20161230	22.50	22.55	22.15	22.23	1906300	42645616.00
20170103	22.27	23.16	22.23	23.14	4509370	102800368.00
20170104	23.11	23.48	22.93	23.34	2889730	67153416.00
20170105	23.30	23.55	23.15	23.19	2384501	55706904.00
20170106	23.19	23.51	23.01	23.39	2339994	54489576.00
20170109	23.39	24.39	23.39	24.00	6099371	146517952.00
20170110	24.00	24.29	23.68	23.93	2607896	62539484.00
20170111	23.81	23.93	23.54	23.61	2036100	48226260.00
20170112	23.52	23.86	23.48	23.51	1777135	41992520.00
20170113	23.54	23.70	23.26	23.33	1973575	46184560.00
20170116	23.38	23.44	22.66	23.28	2573116	59610924.00
20170117	23.10	23.35	22.70	22.97	2296635	52984348.00
20170118	23.00	23.45	22.83	23.25	1626885	37776896.00
20170119	23.28	24.20	23.15	23.89	3612981	86204424.00
20170120	24.00	24.05	23.68	24.00	2145502	51338300.00
20170123	23.99	24.37	23.72	23.89	2023494	48601768.00
20170124	23.92	24.30	23.82	24.09	3005104	72203512.00
20170125	24.10	24.18	23.80	24.06	1738770	41759680.00
20170126	24.08	24.14	23.60	23.88	2322478	55250312.00
20170203	23.84	24.50	23.73	24.38	3436549	83028328.00
20170206	24.25	24.62	24.15	24.41	3375196	82115736.00
20170207	24.42	24.57	23.73	23.94	4088546	98132952.00
20170208	23.89	23.98	23.54	23.94	2034928	48365212.00
20170209	23.91	23.95	23.63	23.64	3704000	87899456.00
20170210	23.65	23.84	23.49	23.66	3033900	71686592.00
20170213	23.65	23.76	23.46	23.71	4264187	100690816.00
20170214	23.69	23.76	23.41	23.61	4986558	117317120.00
20170215	23.53	23.66	22.93	22.95	6381862	148259760.00
20170216	22.92	23.09	22.51	22.75	7328375	166966000.00
20170217	22.83	23.07	22.70	22.79	4809552	109847240.00
20170220	22.89	22.97	22.60	22.65	6568200	149100704.00
20170221	22.76	23.16	22.73	23.14	5676353	130600352.00
20170222	23.15	23.19	22.91	23.15	3474466	80229496.00
20170223	23.19	24.66	23.05	23.85	12359672	295055072.00
20170224	23.99	24.07	23.67	23.82	5448900	130112400.00
20170227	23.79	23.90	23.27	23.38	4304600	101429648.00
20170228	23.39	23.52	23.29	23.51	2202137	51457680.00
20170301	23.55	23.70	23.17	23.22	5136032	120410192.00
20170302	23.29	23.39	22.95	23.01	2797950	64965668.00
20170303	23.08	23.16	22.91	23.11	2332347	53775208.00
20170306	23.08	23.25	22.98	23.16	2939535	67930000.00
20170307	23.16	23.46	23.03	23.40	2955700	68953424.00
20170308	23.39	23.59	23.32	23.55	2572032	60408100.00
20170309	23.60	23.73	23.14	23.31	2654378	62119812.00
20170310	23.27	23.27	22.61	22.71	11323634	258451088.00
20170313	22.71	22.93	22.52	22.71	6957497	157784720.00
20170314	22.71	22.92	22.71	22.85	3988152	91004296.00
20170315	22.84	22.86	22.64	22.73	2654971	60419048.00
20170316	22.73	22.95	22.73	22.89	2298739	52587920.00
20170317	22.88	22.98	22.65	22.74	3258834	74455920.00
20170320	22.69	23.21	22.66	23.15	3948600	91002648.00
20170321	23.15	23.41	23.00	23.40	4386000	102215360.00
20170322	23.25	23.81	23.20	23.61	5834512	137645920.00
20170323	23.52	24.20	23.51	23.84	6029268	143739728.00
20170324	23.76	23.85	23.39	23.68	4223200	99555792.00
20170327	23.66	23.75	23.28	23.58	4949254	116225496.00
20170328	23.57	23.57	23.22	23.49	2965350	69462128.00
20170329	23.55	23.75	23.27	23.52	3875734	91412464.00
20170330	23.50	23.59	23.10	23.33	3954443	92471624.00
20170331	23.34	23.69	23.18	23.65	2875959	67555008.00
20170405	23.66	24.00	23.58	23.69	7863087	186776944.00
20170406	23.70	23.90	23.49	23.70	3088756	73171520.00
20170407	23.72	24.07	23.64	23.95	5336957	127608216.00
20170410	23.95	24.05	23.43	23.49	3637678	86522448.00
20170411	23.49	23.68	23.14	23.41	3798000	88554584.00
20170412	23.31	23.53	23.22	23.26	2464500	57505176.00
20170413	23.21	23.41	23.17	23.25	2609096	60639628.00
20170414	23.21	23.25	22.40	22.57	6776893	154861264.00
20170417	22.58	22.65	22.36	22.54	4693179	105477232.00
20170418	22.61	22.61	22.31	22.33	5913427	132367600.00
20170419	22.30	22.60	21.94	22.58	4962238	110445584.00
20170420	22.51	23.12	22.50	22.93	4497274	102932576.00
20170421	22.95	23.04	22.72	22.80	2501116	57243080.00
20170424	22.71	22.72	21.97	22.26	4092800	91070944.00
20170425	22.20	22.55	22.20	22.40	1257700	28161128.00
20170426	22.39	22.67	22.25	22.55	2206700	49621832.00
20170427	23.20	23.88	23.11	23.82	10759400	253371584.00
20170428	23.84	24.21	23.70	23.76	6143197	147319184.00
20170502	23.89	24.40	23.77	24.16	5413689	130887776.00
20170503	24.19	24.26	23.86	23.93	4032778	96988464.00
20170504	23.92	24.40	23.76	24.08	3714200	89626568.00
20170505	24.10	24.30	23.81	24.01	3824100	91940240.00
20170508	24.05	24.05	23.39	23.76	3760800	89261224.00
20170509	23.51	23.76	23.40	23.57	2681200	63193060.00
20170510	23.57	23.99	23.57	23.77	2660600	63321900.00
20170511	23.77	23.79	23.15	23.64	4130500	97045968.00
20170512	23.46	23.68	23.38	23.49	2535986	59587096.00
20170515	23.41	25.25	23.36	25.13	8850864	216625120.00
20170516	25.00	25.85	24.73	25.56	11754255	298645888.00
20170517	25.49	25.78	25.30	25.36	5225676	133102528.00
20170518	25.31	25.75	25.11	25.53	3396200	86172000.00
20170519	25.42	25.80	25.25	25.60	4145241	105737168.00
20170522	25.58	25.98	25.03	25.23	5066364	129068032.00
20170523	25.21	25.79	24.96	25.23	6003400	152050960.00
20170524	25.03	26.08	25.01	26.00	6733900	172365840.00
20170525	26.00	26.15	25.38	25.78	6171400	158868928.00
20170526	25.78	25.79	24.86	25.05	6580700	166207136.00
20170531	25.20	25.58	24.96	25.56	4662835	117609912.00
20170601	25.34	26.09	25.22	25.79	6606915	170474528.00
20170602	25.79	25.90	25.26	25.54	4355193	111370808.00
20170605	25.46	25.92	25.12	25.32	3679004	93610080.00
20170606	25.28	26.00	25.23	26.00	3602811	92388568.00
20170607	25.90	26.50	25.85	26.29	7408228	193880880.00
20170608	26.18	26.69	26.18	26.23	5740480	151750464.00
20170609	26.23	26.80	26.04	26.70	5871028	155254416.00
20170612	26.76	27.88	26.60	27.21	10059100	275284736.00
20170613	27.14	27.68	27.05	27.35	4689467	128219704.00
20170614	27.35	27.39	26.60	26.75	3895755	104979208.00
20170615	26.65	27.00	26.44	26.99	3840394	102515536.00
20170616	27.00	27.00	26.51	26.60	2360061	62992152.00
20170619	26.62	27.16	26.47	26.80	3452087	92668720.00
20170620	26.88	26.93	26.30	26.50	3516455	93174872.00
20170621	26.48	27.15	26.22	27.09	4001131	106840320.00
20170622	26.95	27.29	26.27	26.38	7626424	204748528.00
20170623	26.38	26.66	26.00	26.62	4363209	114914232.00
20170626	26.70	27.43	26.56	27.27	5582373	151433008.00
20170627	27.14	27.55	27.00	27.47	4200464	114708544.00
20170628	27.44	27.51	26.90	26.99	3703899	100525552.00
20170629	26.92	27.24	26.88	27.16	3266706	88390576.00
20170630	27.06	27.53	27.02	27.43	3612037	98745360.00
20170703	27.38	27.58	27.02	27.28	2049361	55862608.00
20170704	27.14	27.20	26.37	26.39	5304734	141064832.00
20170705	26.28	26.60	26.21	26.53	3659226	96591152.00
20170706	26.57	26.57	25.63	25.89	6403569	166517744.00
20170707	25.88	25.97	25.40	25.72	3798031	97540048.00
20170710	25.70	25.78	25.28	25.47	7024843	178573376.00
20170711	25.40	25.84	25.30	25.63	4375834	112261632.00
数据来源:通达信
