600051 宁波联合 日线 前复权
      日期	    开盘	    最高	    最低	    收盘	    成交量	    成交额
20111010	11.59	11.84	11.50	11.56	2044067	24906180.00
20111011	11.86	11.97	11.36	11.55	2968695	36410264.00
20111012	11.57	12.13	11.43	12.05	4620340	57404936.00
20111013	11.98	12.22	11.94	12.11	4128912	52121908.00
20111014	12.08	12.11	11.81	11.92	3802742	47280592.00
20111017	11.95	12.07	11.71	11.90	3152218	39093828.00
20111018	11.73	11.94	11.38	11.40	4068659	49237176.00
20111019	11.40	11.53	11.24	11.25	2443237	29056664.00
20111020	11.14	11.33	10.64	10.76	3271116	37326404.00
20111021	10.83	10.93	10.66	10.68	2330643	26328816.00
20111024	10.73	11.00	10.55	10.94	2858337	32412452.00
20111025	11.09	11.79	11.09	11.52	7251945	87019624.00
20111026	11.39	11.65	11.30	11.46	5970497	71653624.00
20111027	11.52	11.72	11.42	11.62	4975979	60054912.00
20111028	11.76	11.97	11.73	11.75	6460038	79746040.00
20111031	11.74	11.80	11.58	11.79	3932144	47907776.00
20111101	11.69	11.84	11.53	11.63	4210791	51355852.00
20111102	11.48	11.76	11.19	11.73	5153093	61582340.00
20111103	11.80	12.14	11.73	11.88	8123427	101414416.00
20111104	11.95	12.70	11.95	12.42	14148732	182850592.00
20111107	12.29	12.49	12.16	12.46	5870587	75226912.00
20111108	12.70	12.86	12.16	12.22	7515477	97936056.00
20111109	12.28	12.34	11.94	12.33	5461477	69239320.00
20111110	12.13	12.21	11.78	11.85	5489397	68860528.00
20111111	11.88	12.10	11.83	11.87	3600662	44983744.00
20111114	12.01	12.23	12.01	12.21	4409459	55817960.00
20111115	12.27	12.27	12.12	12.22	3581198	45501496.00
20111116	12.18	12.20	11.67	11.72	5010964	62184660.00
20111117	11.74	11.80	11.50	11.53	3527755	42932436.00
20111118	11.49	11.49	11.17	11.19	3540507	41796088.00
20111121	11.17	11.36	11.12	11.33	2125949	24998316.00
20111122	11.18	11.26	10.92	11.18	2198628	25554106.00
20111123	11.27	11.29	11.10	11.15	1573839	18436432.00
20111124	11.01	11.11	10.79	11.05	2978060	34207512.00
20111125	11.00	11.26	10.95	11.14	2898367	33663252.00
20111128	11.22	11.24	11.01	11.18	1688453	19661446.00
20111129	11.31	11.40	11.20	11.37	2921032	34530568.00
20111130	11.24	11.35	10.60	10.77	4160423	47614648.00
20111201	11.18	11.23	10.97	10.99	3637990	42335376.00
20111202	10.93	10.96	10.58	10.68	2364771	26560688.00
20111205	10.72	10.72	10.25	10.27	2241808	24547812.00
20111206	10.32	10.38	10.19	10.29	1490282	16112811.00
20111207	10.28	10.38	10.16	10.28	1336773	14431956.00
20111208	10.28	10.29	9.90	10.15	2549007	27141256.00
20111209	10.02	10.15	9.88	9.89	2094565	22031948.00
20111212	9.93	9.99	9.83	9.85	1231528	12854975.00
20111213	9.78	9.86	9.38	9.42	2607984	26138824.00
20111214	9.42	9.49	9.13	9.17	1665712	16425211.00
20111215	9.15	9.15	8.78	8.82	2865908	27002584.00
20111216	8.79	9.09	8.74	9.06	1989160	18739152.00
20111219	8.91	9.06	8.74	9.02	2436781	22955556.00
20111220	8.97	9.46	8.92	9.12	3453764	33767352.00
20111221	9.24	9.28	8.73	8.76	2440068	23289620.00
20111222	8.60	8.75	8.34	8.66	2766267	25135902.00
20111223	8.53	9.08	8.48	8.92	4640141	43870968.00
20111226	8.85	9.02	8.84	8.87	2099530	19796528.00
20111227	8.85	8.90	8.54	8.56	1595569	14734054.00
20111228	8.56	8.76	8.44	8.70	2146778	19559852.00
20111229	8.65	9.03	8.59	8.88	2393770	22364762.00
20111230	8.48	8.49	8.00	8.26	12408784	108756040.00
20120104	8.23	8.29	8.03	8.14	5454546	47382072.00
20120105	8.06	8.07	7.71	7.73	4105361	34559832.00
20120106	7.66	7.67	7.42	7.65	3529492	28394324.00
20120109	7.67	8.00	7.54	7.99	4127474	34504440.00
20120110	8.00	8.43	7.96	8.42	7196381	63201400.00
20120111	8.39	8.46	8.27	8.40	5127183	45550896.00
20120112	8.30	8.80	8.29	8.67	7567378	68983016.00
20120113	8.61	8.66	8.22	8.27	5393131	47980912.00
20120116	8.11	8.18	7.83	7.84	2361137	20187400.00
20120117	7.91	8.46	7.79	8.42	4536450	39626168.00
20120118	8.36	8.62	8.23	8.29	4355564	39024888.00
20120119	8.29	8.51	8.21	8.36	2949853	26247386.00
20120120	8.42	8.55	8.39	8.52	3677216	33109576.00
20120130	8.57	8.57	8.26	8.28	3490752	31156722.00
20120131	8.26	8.38	8.08	8.23	2317722	20212136.00
20120201	8.22	8.28	8.06	8.13	2323250	20191132.00
20120202	8.13	8.33	8.09	8.33	2083050	18213982.00
20120203	8.32	8.61	8.27	8.54	5124691	46128160.00
20120206	8.54	8.75	8.49	8.68	5687600	52092084.00
20120207	8.61	8.61	8.38	8.43	4085744	36731396.00
20120208	8.53	9.33	8.53	9.33	9145543	88798056.00
20120209	10.03	10.32	9.92	10.07	32613425	348402560.00
20120210	9.90	10.08	9.83	9.95	17789871	186106672.00
20120213	9.76	10.28	9.72	10.14	19154786	203442208.00
20120214	10.04	10.67	9.93	10.32	19964513	216930448.00
20120215	10.27	10.35	10.06	10.33	13776388	148013840.00
20120216	10.28	10.33	9.96	10.21	11122304	118463240.00
20120217	10.15	10.31	9.99	10.22	8532299	91162560.00
20120220	10.31	10.56	10.10	10.54	16437636	178421232.00
20120221	10.42	10.53	10.19	10.47	10926432	119137760.00
20120222	10.53	10.79	10.34	10.77	17502835	193929536.00
20120223	10.76	10.76	10.45	10.58	10501212	116793912.00
20120224	10.59	10.73	10.38	10.62	11093579	122978240.00
20120227	10.72	10.86	10.49	10.52	13650612	152683136.00
20120228	10.46	10.67	10.36	10.43	8967696	98720672.00
20120229	10.36	10.36	10.12	10.15	7745195	83193376.00
20120301	10.15	10.30	10.09	10.19	5855773	62776416.00
20120302	10.21	10.56	10.17	10.53	9493488	103529928.00
20120305	10.61	10.62	10.38	10.43	8188513	90060552.00
20120306	10.41	10.41	10.04	10.21	6458033	69102520.00
20120307	9.98	10.25	9.92	10.07	5882692	62356852.00
20120308	10.08	10.70	10.08	10.59	13842796	152449376.00
20120309	10.61	10.71	10.38	10.64	10690931	118213424.00
20120312	10.70	10.73	10.44	10.65	7121904	79150512.00
20120313	10.63	11.07	10.58	11.05	15000974	170632224.00
20120314	11.11	11.18	10.22	10.32	15627577	176297632.00
20120315	10.23	10.37	9.88	10.02	7888508	83615968.00
20120316	10.02	10.25	9.89	10.23	5281600	56119092.00
20120319	10.18	10.53	10.01	10.46	6202096	66950728.00
20120320	10.46	10.46	10.00	10.02	6849570	73239712.00
20120321	10.05	10.28	9.96	10.17	4081760	43345660.00
20120322	10.18	10.29	10.03	10.13	3179291	33949788.00
20120323	10.02	10.09	9.73	9.78	4076074	42526612.00
20120326	9.80	9.97	9.74	9.88	2208915	22917976.00
20120327	9.83	9.90	9.45	9.52	7327120	74139024.00
20120328	9.47	9.47	8.85	8.86	5827162	56118008.00
20120329	8.76	8.85	8.36	8.51	5689212	51899976.00
20120330	8.50	8.65	8.43	8.50	2698462	24425724.00
20120405	8.49	8.97	8.48	8.90	4909734	45505836.00
20120406	8.87	9.84	8.87	9.61	11694437	116102816.00
20120409	9.59	9.98	9.20	9.36	11793970	118210472.00
20120410	9.23	9.46	8.88	9.36	6528484	63070480.00
20120411	9.10	9.81	9.04	9.59	8275660	83083944.00
20120412	9.54	10.13	9.37	9.90	14480405	150694128.00
20120413	9.81	10.00	9.68	9.75	9061575	93655648.00
20120416	9.63	10.08	9.63	9.91	8300708	86740656.00
20120417	9.88	9.95	9.49	9.50	7006684	71259360.00
20120419	9.68	9.86	9.00	9.16	18002541	177227360.00
20120420	9.01	9.10	8.88	9.02	9307954	88559504.00
20120423	8.99	9.16	8.95	9.03	6726594	64385792.00
20120424	8.93	9.02	8.55	8.83	7010748	64972560.00
20120425	8.79	9.77	8.68	9.77	19448656	195302944.00
20120426	9.96	10.06	9.46	9.48	19887906	204268608.00
20120427	9.38	9.82	9.29	9.49	10289207	103832896.00
20120502	9.69	9.69	9.36	9.47	8162023	81781848.00
20120503	9.50	9.65	9.42	9.57	6158498	61918560.00
20120504	9.55	9.55	9.25	9.38	7325690	72387488.00
20120507	9.26	9.31	9.06	9.23	6107311	59150284.00
20120508	9.14	9.32	9.11	9.25	4582151	44635596.00
20120509	9.13	9.19	9.04	9.07	4095725	39371020.00
20120510	9.05	9.13	8.99	9.05	3802118	36435084.00
20120511	9.07	9.24	9.02	9.03	4888062	47107952.00
20120514	9.16	9.18	8.92	8.96	4109061	39301224.00
20120515	8.78	8.81	8.59	8.75	4946928	45502496.00
20120516	8.75	8.79	8.63	8.67	2660559	24569736.00
20120517	8.67	8.85	8.67	8.85	3325806	30974700.00
20120518	8.78	9.73	8.73	9.05	10401854	101664288.00
20120521	8.93	9.06	8.73	8.84	5441983	51156584.00
20120522	8.93	8.98	8.82	8.88	3558267	33473336.00
20120523	8.89	9.12	8.85	9.02	4734841	45042920.00
20120524	8.99	9.05	8.78	8.80	3327752	31330560.00
20120525	8.83	8.86	8.55	8.57	3674233	33774776.00
20120528	8.46	8.90	8.45	8.85	3596935	33290246.00
20120529	8.87	9.36	8.82	9.05	6202678	59607460.00
20120530	9.00	9.05	8.90	8.92	3152521	29586356.00
20120531	8.85	8.91	8.76	8.84	3322776	30743712.00
20120601	8.85	8.93	8.78	8.87	2040884	18958876.00
20120604	8.68	8.75	8.55	8.56	3916835	35481324.00
20120605	8.58	8.64	8.51	8.59	2053737	18461022.00
20120606	8.60	8.71	8.57	8.62	2055977	18603258.00
20120607	8.68	8.73	8.50	8.53	1818389	16443166.00
20120608	8.58	8.68	8.42	8.44	2191901	19622634.00
20120611	8.46	8.64	8.41	8.60	1818054	16261210.00
20120612	8.55	8.55	8.39	8.42	1896894	16847344.00
20120613	8.46	8.59	8.41	8.58	1943416	17363528.00
20120614	8.56	8.65	8.49	8.50	2351709	21088026.00
20120615	8.54	8.58	8.39	8.48	1620578	14430292.00
20120618	8.49	8.60	8.48	8.55	1901538	17058960.00
20120619	8.55	8.58	8.50	8.56	1843134	16511523.00
20120620	8.62	8.62	8.43	8.46	2018182	17987292.00
20120621	8.46	8.46	8.29	8.38	2108328	18463784.00
20120625	8.39	8.39	7.86	7.92	2243089	19134260.00
20120626	7.89	7.91	7.71	7.84	1989309	16373874.00
20120627	7.90	7.92	7.78	7.82	1445016	11943367.00
20120628	7.88	7.90	7.75	7.75	1743099	14379926.00
20120629	7.71	7.90	7.69	7.87	1422301	11698015.00
20120702	7.93	7.96	7.86	7.89	1160351	9647503.00
20120703	7.89	7.98	7.83	7.92	1342497	11183022.00
20120704	7.91	7.98	7.79	7.79	1857087	15366396.00
20120705	7.81	7.81	7.59	7.61	2412056	19442048.00
20120706	7.63	7.83	7.58	7.82	2586664	21059928.00
20120709	7.70	8.09	7.70	7.92	4586351	38326768.00
20120710	7.91	8.03	7.84	7.93	3162218	26469972.00
20120711	7.83	8.24	7.83	8.21	5904876	50205824.00
20120712	8.13	8.38	8.09	8.19	6612881	57210672.00
20120713	8.18	8.21	8.03	8.11	2350972	20027304.00
20120716	8.18	8.18	7.44	7.48	4499035	36701040.00
20120717	7.44	7.64	7.39	7.63	2347276	18616924.00
20120718	7.58	7.61	7.38	7.60	2015149	15938472.00
20120719	7.59	7.92	7.53	7.74	3276226	26749918.00
20120720	7.69	8.56	7.68	8.56	10255887	90927368.00
20120723	9.46	9.46	8.58	8.75	32361313	308358080.00
20120724	8.18	8.43	7.84	8.38	18102433	155224624.00
20120725	8.18	8.23	7.83	7.93	11045596	93437392.00
20120726	7.87	8.04	7.69	7.69	7234198	59805992.00
20120727	7.70	7.76	7.55	7.61	5494491	44264568.00
20120730	7.63	7.71	7.28	7.34	5113741	40278636.00
20120731	7.35	7.47	7.10	7.31	4143471	31856456.00
20120801	7.25	7.49	7.25	7.42	3979227	31070634.00
20120802	7.41	7.41	7.17	7.22	3120088	23954860.00
20120803	7.22	7.63	7.21	7.54	5679163	44784960.00
20120806	7.41	7.80	7.38	7.68	5068645	40562380.00
20120807	7.67	7.80	7.56	7.75	4647098	37622328.00
20120808	7.72	7.75	7.56	7.63	3936478	31762280.00
20120809	7.61	7.66	7.43	7.66	3873307	30922256.00
20120810	7.60	7.74	7.57	7.64	3583531	28935492.00
20120813	7.61	7.71	7.37	7.38	3787964	30270574.00
20120814	7.41	7.48	7.24	7.46	2951397	22889514.00
20120815	7.46	7.53	7.35	7.36	2001844	15680413.00
20120816	7.33	7.41	7.29	7.34	1333239	10354547.00
20120817	7.49	7.63	7.36	7.42	2758043	21790534.00
20120820	7.34	7.38	7.23	7.33	1871628	14413837.00
20120821	7.33	7.46	7.29	7.43	2335147	18294356.00
20120822	7.48	7.63	7.42	7.56	3791099	30109084.00
20120823	7.49	7.53	7.38	7.48	2256957	17806406.00
20120824	7.46	7.50	7.24	7.24	2562289	19904464.00
20120827	7.24	7.31	7.00	7.01	2542915	19196196.00
20120828	7.10	7.19	7.00	7.09	1396908	10482640.00
20120829	7.11	7.11	6.95	6.95	1944204	14426052.00
20120830	6.94	7.01	6.75	6.79	2010014	14623751.00
20120831	6.79	6.91	6.78	6.85	1489310	10804771.00
20120903	6.84	7.01	6.82	6.96	1286538	9469319.00
20120904	6.99	6.99	6.77	6.79	2008842	14633432.00
20120905	6.77	6.94	6.74	6.87	1549694	11271427.00
20120906	6.86	6.99	6.84	6.96	1579190	11630217.00
20120907	7.00	7.35	6.98	7.24	3607959	27446756.00
20120910	7.24	7.38	7.21	7.30	2907014	22467400.00
20120911	7.28	7.28	7.13	7.20	2130251	16225897.00
20120912	7.23	7.37	7.20	7.36	3489234	26860608.00
20120913	7.48	7.48	7.18	7.19	2821814	21752944.00
20120914	7.25	7.30	7.17	7.21	1636084	12512586.00
20120917	7.21	7.31	6.98	6.98	1805401	13641792.00
20120918	6.98	7.00	6.91	6.93	1187869	8756012.00
20120919	6.93	6.98	6.90	6.97	1142634	8411878.00
20120920	6.94	7.12	6.84	6.87	2736302	20178088.00
20120921	6.86	7.10	6.80	6.95	2877027	21270236.00
20120924	6.95	6.97	6.67	6.74	2308398	16624049.00
20120925	6.74	6.81	6.54	6.56	2096471	14845685.00
20120926	6.57	6.60	6.23	6.27	2127250	14505033.00
20120927	6.32	6.49	6.25	6.43	1814229	12321549.00
20120928	6.40	6.53	6.37	6.51	1485053	10255349.00
20121008	6.51	6.56	6.47	6.50	1112188	7708573.00
20121009	6.50	6.74	6.50	6.73	2301922	16307936.00
20121010	6.71	7.01	6.69	6.93	2705197	19664096.00
20121011	6.88	6.88	6.68	6.70	1939704	13964844.00
20121012	6.74	6.82	6.63	6.70	1138186	8116448.00
20121015	6.68	6.69	6.51	6.58	1098008	7696145.00
20121016	6.58	6.67	6.53	6.62	791028	5563802.00
20121017	6.66	6.70	6.56	6.69	1150783	8123931.00
20121018	6.65	6.83	6.65	6.79	1729937	12446692.00
20121019	6.80	6.94	6.78	6.80	1830408	13291430.00
20121022	6.72	6.84	6.65	6.81	1555129	11144008.00
20121023	6.80	6.90	6.76	6.78	1700743	12333325.00
20121024	6.73	6.80	6.62	6.79	1843703	13160051.00
20121025	6.77	6.84	6.68	6.74	1157334	8309668.00
20121026	6.71	6.73	6.51	6.55	1280902	8959697.00
20121029	6.52	6.74	6.46	6.72	2025158	14313632.00
20121030	6.71	6.73	6.56	6.59	1374107	9714254.00
20121031	6.59	6.67	6.55	6.59	794957	5571533.00
20121101	6.59	6.73	6.59	6.72	1714685	12191282.00
20121102	6.73	6.88	6.68	6.82	6113154	44049200.00
20121105	6.79	6.82	6.68	6.73	2472621	17682100.00
20121106	6.77	6.79	6.62	6.68	1682105	11956956.00
20121107	6.75	6.77	6.66	6.73	1970135	14069693.00
20121108	6.66	6.66	6.41	6.42	2424510	16849264.00
20121109	6.46	6.47	6.36	6.42	1700923	11612365.00
20121112	6.41	6.48	6.38	6.45	1290917	8841031.00
20121113	6.43	6.62	6.41	6.47	2856715	19848116.00
20121114	6.50	6.51	6.30	6.36	2189897	14889457.00
20121115	6.38	6.40	6.21	6.23	1501990	10086357.00
20121116	6.23	6.24	6.08	6.11	1235770	8100582.00
20121119	6.16	6.19	6.10	6.17	698830	4584560.00
20121120	6.17	6.25	6.12	6.20	1137158	7534188.00
20121121	6.21	6.29	6.11	6.27	1338521	8898811.00
20121122	6.28	6.29	6.21	6.28	1226009	8193128.00
20121123	6.28	6.37	6.23	6.28	1321650	8875624.00
20121126	6.31	6.31	6.16	6.19	722276	4801223.00
20121127	6.17	6.17	5.93	5.93	1095399	7049986.00
20121128	5.85	5.97	5.66	5.70	1585520	9755180.00
20121129	5.70	5.77	5.60	5.66	1243401	7606517.00
20121130	5.61	5.75	5.61	5.69	2143969	13046548.00
20121203	5.68	5.76	5.59	5.60	1639498	10009834.00
20121204	5.53	5.67	5.48	5.65	1937603	11560129.00
20121205	5.63	5.90	5.61	5.81	2294387	14291438.00
20121206	5.78	5.94	5.77	5.84	1853609	11671860.00
20121207	5.89	6.03	5.83	5.97	2153028	13685600.00
20121210	5.97	6.13	5.92	6.12	2056843	13313661.00
20121211	6.09	6.13	5.97	6.05	2026155	13108900.00
20121212	6.08	6.13	5.93	6.02	1727842	11133295.00
20121213	6.07	6.17	5.97	5.99	2742882	17777778.00
20121214	5.98	6.31	5.96	6.25	4269700	28144774.00
20121217	6.26	6.36	6.21	6.30	3089498	20654832.00
20121218	6.28	6.41	6.22	6.26	2815052	18922968.00
20121219	6.24	6.30	6.17	6.20	2340604	15591312.00
20121220	6.18	6.21	6.09	6.18	1854721	12174926.00
20121221	6.20	6.27	6.13	6.18	1723192	11384904.00
20121224	6.18	6.23	6.13	6.19	1237656	8175838.00
20121225	6.19	6.37	6.13	6.33	4107743	27618732.00
20121226	6.35	6.57	6.30	6.50	5227570	36075092.00
20121227	6.52	6.57	6.37	6.38	3143820	21605700.00
20121228	6.41	6.75	6.39	6.55	4714118	32916748.00
20121231	6.53	6.67	6.47	6.59	2958939	20666132.00
20130104	6.61	6.66	6.42	6.58	2848803	19846952.00
20130107	6.52	6.72	6.49	6.61	3609971	25350938.00
20130108	6.60	6.64	6.48	6.61	3654672	25505636.00
20130109	6.64	6.72	6.57	6.66	4908157	34663568.00
20130110	6.66	6.71	6.60	6.68	3552347	25156890.00
20130111	6.69	6.69	6.40	6.45	3586799	25044404.00
20130114	6.40	6.63	6.40	6.60	4235624	29474568.00
20130115	6.65	6.85	6.65	6.82	6233474	44819484.00
20130116	6.82	6.82	6.64	6.78	4155425	29719376.00
20130117	6.74	6.86	6.61	6.80	4492664	32029908.00
20130118	6.80	7.05	6.78	6.94	8965516	66020576.00
20130121	6.96	6.97	6.86	6.96	3375223	24720232.00
20130122	6.90	6.95	6.68	6.77	4020656	29142074.00
20130123	6.75	6.94	6.52	6.92	6813406	48568816.00
20130124	6.91	7.11	6.74	6.79	11992453	88630624.00
20130125	6.74	6.74	6.52	6.53	6487117	45499700.00
20130128	6.55	6.72	6.54	6.69	2886122	20392452.00
20130129	6.69	6.73	6.64	6.70	3384329	24062192.00
20130130	6.69	6.83	6.65	6.83	4951165	35394724.00
20130131	6.83	6.88	6.75	6.80	3994222	28862864.00
20130201	6.76	7.00	6.74	6.88	5886707	43028464.00
20130204	6.98	7.16	6.97	7.13	7295818	54619148.00
20130205	7.07	7.45	7.04	7.24	12693383	96759568.00
20130206	7.20	7.39	7.08	7.25	9561985	73008400.00
20130207	7.21	7.36	7.07	7.31	6949949	53182324.00
20130208	7.26	8.02	7.24	7.62	10916556	86743744.00
20130218	7.56	7.77	7.45	7.48	8138744	64627096.00
20130219	7.48	7.56	7.16	7.18	4339105	33367802.00
20130220	7.16	7.23	7.14	7.23	2236231	17019430.00
20130221	7.16	7.16	6.90	6.95	3630335	27024916.00
20130222	6.92	7.03	6.88	6.89	2081921	15361283.00
20130225	6.90	7.07	6.90	6.98	2159470	15976817.00
20130226	6.94	7.10	6.85	6.86	2590874	19151216.00
20130227	6.84	6.96	6.84	6.91	1271804	9306556.00
20130228	6.95	7.05	6.90	7.04	2243454	16636404.00
20130301	7.04	7.06	6.95	7.06	2257641	16774739.00
20130304	6.97	6.97	6.57	6.63	3911541	28091680.00
20130305	6.77	6.82	6.59	6.79	3242480	23086956.00
20130306	6.80	6.91	6.80	6.88	2650592	19299104.00
20130307	6.88	7.05	6.85	7.01	5128806	37735020.00
20130308	7.03	7.08	6.96	6.97	2882952	21427554.00
20130311	6.97	7.02	6.92	7.01	2361423	17473564.00
20130312	6.99	7.06	6.73	6.82	5319505	38866788.00
20130313	6.88	7.34	6.80	7.31	13644458	103296480.00
20130314	7.23	7.45	7.22	7.38	8835115	68832264.00
20130315	7.43	7.43	7.23	7.32	4992477	38772672.00
20130318	7.38	7.40	7.24	7.30	3485610	26878188.00
20130319	7.36	7.42	7.17	7.37	3816527	29501092.00
20130320	7.38	7.70	7.29	7.63	10059440	80518624.00
20130321	7.62	7.98	7.56	7.89	16367167	134948976.00
20130322	7.88	8.05	7.81	7.87	10948730	91003952.00
20130325	7.85	8.02	7.75	7.97	11995199	99955400.00
20130326	7.91	8.55	7.88	8.44	25953215	221496976.00
20130327	8.30	8.49	8.19	8.46	23768597	207553040.00
20130328	8.37	8.48	8.00	8.24	22330699	192278656.00
20130329	8.25	8.30	8.08	8.19	12910226	111209944.00
20130401	8.17	8.37	8.08	8.34	14354391	124827616.00
20130402	8.33	8.43	8.22	8.32	16854472	147580608.00
20130403	8.25	8.61	8.23	8.50	24241009	215433536.00
20130408	8.39	8.70	8.30	8.66	25218807	225856144.00
20130409	8.64	8.76	8.26	8.52	26140898	233971632.00
20130410	8.49	8.60	8.38	8.45	15302727	136065312.00
20130411	8.32	8.53	8.27	8.37	14773275	130451544.00
20130412	8.38	8.45	7.95	8.09	14655227	126736984.00
20130415	8.03	8.31	8.00	8.25	11672420	100386264.00
20130416	8.17	8.26	8.09	8.18	10107865	86987296.00
20130417	8.20	8.29	8.05	8.16	12205012	104561200.00
20130418	8.07	8.19	7.91	8.13	10807877	91823104.00
20130419	8.12	8.53	8.07	8.44	26374581	232468832.00
20130422	8.37	8.48	8.25	8.38	14796597	130381936.00
20130423	8.40	8.40	7.50	7.53	18515441	152029232.00
20130424	7.42	7.56	7.21	7.44	8984328	70318984.00
20130425	7.32	7.36	6.84	6.86	11657100	87123832.00
20130426	6.89	6.98	6.75	6.79	4963648	36190100.00
20130502	6.82	6.95	6.82	6.90	2560422	18708616.00
20130503	6.90	7.04	6.88	6.96	3551752	26316542.00
20130506	6.96	7.08	6.92	7.04	4063371	30158864.00
20130507	7.04	7.04	6.91	6.97	4136952	30472086.00
20130508	6.98	6.99	6.81	6.86	5518314	40286624.00
20130509	6.86	6.89	6.78	6.85	4258989	30904532.00
20130510	6.85	7.05	6.83	7.05	5438531	40145156.00
20130513	7.06	7.09	6.97	7.01	2982107	22180510.00
20130514	6.98	7.01	6.79	6.83	2921571	21282128.00
20130515	6.85	6.98	6.81	6.89	2346574	17180576.00
20130516	6.89	7.01	6.78	6.98	4147979	30459108.00
20130517	6.97	7.06	6.93	7.01	5087870	37730972.00
20130520	7.03	7.19	6.98	7.15	7372901	55403952.00
20130521	7.14	7.26	7.10	7.17	5832215	44214648.00
20130522	7.16	7.40	7.14	7.30	7724935	59619752.00
20130523	7.31	7.32	7.09	7.11	5140261	39047648.00
20130524	7.12	7.19	7.05	7.14	3688727	27745460.00
20130527	7.13	7.24	7.04	7.19	3868059	29341220.00
20130528	7.19	7.24	7.09	7.23	4696090	35605740.00
20130529	7.25	7.47	7.22	7.38	8736221	67990912.00
20130530	7.38	7.42	7.27	7.37	4414667	34234004.00
20130531	7.37	7.44	7.27	7.28	3593445	27844176.00
20130603	7.29	7.35	7.13	7.14	3253338	24925578.00
20130604	7.15	7.15	6.94	6.94	3605881	26842704.00
20130605	6.93	6.98	6.89	6.93	2051660	15070671.00
20130606	6.93	7.02	6.89	6.90	2034436	15000831.00
20130607	6.93	7.00	6.79	6.82	1893052	13824952.00
20130613	6.84	6.85	6.47	6.60	2403882	16713481.00
20130614	6.61	6.67	6.58	6.65	1508892	10493730.00
20130617	6.69	6.75	6.51	6.53	2157122	14862494.00
20130618	6.56	6.60	6.51	6.54	1312587	9015920.00
20130619	6.54	6.54	6.28	6.40	2128919	14296520.00
20130620	6.36	6.54	6.24	6.27	2033611	13656974.00
20130621	6.22	6.27	6.10	6.14	2143588	13933473.00
20130624	6.18	6.18	5.53	5.60	4036386	24806652.00
20130625	5.58	5.64	5.01	5.45	5274530	29995068.00
20130626	5.41	5.50	5.33	5.45	2315594	13261572.00
20130627	5.45	5.60	5.39	5.39	2371168	13788131.00
20130628	5.35	5.54	5.16	5.42	1591463	9109170.00
20130701	5.33	5.50	5.33	5.47	1598835	9165390.00
20130702	5.48	5.53	5.44	5.52	1859394	10805025.00
20130703	5.52	5.52	5.33	5.42	2205517	12641636.00
20130704	5.40	5.59	5.35	5.54	3283883	19148988.00
20130705	5.58	5.63	5.54	5.56	2295894	13575741.00
20130708	5.47	5.47	5.31	5.35	1704130	9729603.00
20130709	5.32	5.42	5.32	5.41	1112651	6348988.00
20130710	5.43	5.61	5.38	5.58	2182648	12719613.00
20130711	5.61	5.80	5.51	5.76	5502049	33215564.00
20130712	5.79	5.94	5.63	5.77	4063348	24863144.00
20130715	5.78	5.89	5.71	5.85	3280112	20129498.00
20130716	5.83	5.93	5.78	5.86	2230919	13740366.00
20130717	5.86	5.90	5.77	5.81	2448082	15080832.00
20130718	5.82	5.86	5.72	5.76	1783259	10859311.00
20130719	5.76	5.94	5.62	5.91	7504950	45988200.00
20130722	5.88	6.02	5.81	5.94	4555076	28448734.00
20130723	5.90	6.08	5.90	6.01	4699783	29647638.00
20130724	5.99	5.99	5.83	5.94	4428163	27531932.00
20130725	5.90	5.94	5.83	5.86	2274414	14084858.00
20130726	5.86	5.92	5.74	5.90	3972004	24463220.00
20130729	5.85	5.90	5.75	5.75	2690500	16565965.00
20130730	5.74	5.84	5.66	5.84	3990178	24269102.00
20130731	5.84	5.92	5.78	5.82	2509904	15449147.00
20130801	5.81	5.88	5.80	5.88	2719421	16778056.00
20130802	5.90	5.93	5.85	5.87	2318391	14386059.00
20130805	5.87	5.95	5.85	5.93	2017120	12576797.00
20130806	5.93	5.96	5.89	5.96	2741284	17128858.00
20130807	5.96	5.97	5.88	5.88	1803575	11263890.00
20130808	5.86	5.91	5.80	5.82	1852639	11433439.00
20130809	5.82	5.89	5.77	5.85	1621148	9980271.00
20130812	5.89	6.12	5.85	6.07	4720810	29914252.00
20130813	6.05	6.10	5.97	6.09	2837094	18034844.00
20130814	6.19	6.58	6.19	6.29	7363533	49353224.00
20130815	6.11	6.33	6.10	6.17	2700577	17647824.00
20130816	6.17	6.31	6.06	6.09	2340171	15186642.00
20130819	6.06	6.18	6.01	6.16	1426294	9190940.00
20130820	6.17	6.19	6.06	6.08	2034598	13103186.00
20130821	6.10	6.11	6.02	6.08	1202666	7672877.00
20130822	6.08	6.23	6.00	6.14	1972445	12724958.00
20130823	6.15	6.18	5.97	6.03	2294686	14633994.00
20130826	6.03	6.19	6.02	6.18	2365177	15257315.00
20130827	6.13	6.16	6.03	6.15	4910931	31449252.00
20130828	6.08	6.28	6.04	6.28	5427831	35249660.00
20130829	6.40	6.48	6.19	6.24	4699640	31121648.00
20130830	6.25	6.74	6.18	6.52	10779942	73714224.00
20130902	6.50	6.56	6.29	6.37	5710011	38296736.00
20130903	6.36	6.41	6.26	6.38	3492568	23318248.00
20130904	6.35	6.41	6.26	6.29	3036758	20187676.00
20130905	6.29	6.37	6.28	6.31	2336953	15504101.00
20130906	6.31	6.38	6.21	6.27	3081695	20346592.00
20130909	6.27	6.40	6.27	6.39	4622941	30814366.00
20130910	6.34	6.46	6.34	6.42	3678153	24739244.00
20130911	6.42	6.57	6.38	6.54	5894710	40097776.00
20130912	6.54	6.84	6.47	6.76	10959788	76711376.00
20130913	6.64	6.68	6.44	6.45	8468625	57979064.00
20130916	6.46	6.46	6.35	6.38	2858868	19223536.00
20130917	6.39	6.46	6.33	6.34	2320454	15597296.00
20130918	6.35	6.40	6.31	6.39	1998336	13337257.00
20140120	6.18	6.71	5.73	6.70	13776813	91957176.00
20140121	6.64	6.81	6.58	6.79	6682241	46969204.00
20140122	6.79	6.82	6.69	6.76	2967439	20999404.00
20140123	6.79	6.81	6.66	6.79	3664890	25864262.00
20140124	6.78	7.23	6.71	7.21	6785883	49721448.00
20140127	7.11	7.20	6.99	7.13	2626627	19493816.00
20140128	7.15	7.15	7.00	7.10	2438839	18063672.00
20140129	7.16	7.19	6.89	7.04	3522726	25845040.00
20140130	6.99	7.13	6.93	7.08	6263344	46112944.00
20140207	7.00	7.20	7.00	7.19	2258041	16735737.00
20140210	7.18	7.29	7.16	7.25	2331932	17632080.00
20140211	7.24	7.38	7.17	7.33	3269716	24840714.00
20140212	7.33	7.38	7.20	7.37	3043884	23151080.00
20140213	7.32	7.41	7.27	7.40	3057179	23428044.00
20140214	7.38	7.84	7.38	7.77	5501952	43856224.00
20140217	7.74	8.03	7.71	8.01	5369424	43999380.00
20140218	7.96	8.13	7.81	7.95	4479015	36974460.00
20140219	7.96	8.03	7.82	8.00	3117544	25743758.00
20140220	7.99	8.05	7.71	7.79	3258634	26576592.00
20140221	7.77	7.89	7.69	7.86	1951504	15856289.00
20140224	7.77	7.87	7.71	7.77	3443874	27927122.00
20140225	7.67	7.80	7.30	7.34	5471839	42698368.00
20140226	7.23	7.38	6.99	7.33	2185126	16480359.00
20140227	7.31	7.52	7.28	7.34	2058162	15860638.00
20140228	7.34	7.43	7.23	7.38	1266080	9690974.00
20140303	7.37	7.58	7.29	7.57	1690581	13174322.00
20140304	7.56	7.66	7.46	7.63	1039729	8187573.00
20140305	7.64	7.76	7.53	7.56	1654534	13188023.00
20140306	7.49	7.56	7.36	7.48	1452052	11336189.00
20140307	7.43	7.55	7.42	7.48	1204043	9413912.00
20140310	7.42	7.65	6.98	7.07	2084924	16184409.00
20140311	7.02	7.38	7.02	7.32	1726006	13129630.00
20140312	7.24	7.37	7.10	7.23	1108631	8358485.00
20140313	7.27	7.35	7.21	7.29	1087985	8287875.00
20140314	7.23	7.27	7.10	7.14	830969	6229015.00
20140317	7.11	7.26	7.11	7.25	1050723	7878363.00
20140318	7.26	7.38	7.18	7.37	1395467	10634254.00
20140319	7.37	7.68	7.20	7.58	1560942	11925034.00
20140320	7.58	7.59	7.38	7.54	1585197	12438368.00
20140321	7.48	7.62	7.43	7.60	2637089	20693690.00
20140324	7.60	7.74	7.52	7.68	2042432	16280380.00
20140325	7.73	7.77	7.40	7.45	1846065	14583235.00
20140326	7.47	7.49	7.28	7.37	1094178	8426044.00
20140327	7.36	7.37	7.23	7.24	1002043	7634306.00
20140328	7.24	7.28	7.02	7.15	1236804	9246591.00
20140331	7.16	7.24	7.14	7.18	776419	5832403.00
20140401	7.17	7.29	7.00	7.27	956785	7156318.00
20140402	7.27	7.32	7.16	7.20	892766	6737342.00
20140403	7.20	7.32	7.20	7.29	1247376	9465058.00
20140404	7.29	7.44	7.26	7.44	1200004	9264382.00
20140408	7.46	7.55	7.41	7.55	1764434	13777233.00
20140409	8.34	8.34	8.34	8.34	7515580	65084924.00
20140410	8.66	9.21	8.54	9.09	42927063	393352384.00
20140411	8.78	8.88	8.49	8.58	20095830	181860640.00
20140414	8.33	8.67	8.33	8.60	11468110	101100272.00
20140415	8.60	8.82	8.45	8.54	11906159	106816336.00
20140416	8.48	8.62	8.40	8.54	9792935	86516896.00
20140417	8.58	8.74	8.33	8.58	12740617	112798080.00
20140418	8.43	8.63	8.35	8.41	8745824	76529048.00
20140421	8.32	8.32	7.93	7.95	9191448	77192752.00
20140422	8.00	8.00	7.63	7.78	7317653	59275404.00
20140423	7.76	7.91	7.72	7.86	5028073	40987112.00
20140424	7.84	7.84	7.65	7.72	4374827	35272576.00
20140425	7.66	7.97	7.64	7.80	5840953	47771480.00
20140428	7.01	7.18	6.99	6.99	9395936	68861656.00
20140429	6.82	6.98	6.79	6.94	5264648	38056032.00
20140430	6.97	7.06	6.92	7.02	4173810	30402128.00
20140505	7.03	7.24	6.98	7.21	4993372	37085716.00
20140506	7.24	7.27	7.15	7.23	3376230	25473336.00
20140507	7.18	7.87	7.16	7.46	8937140	70635816.00
20140508	7.44	7.66	7.31	7.48	4208834	32905684.00
20140509	7.42	7.62	7.13	7.49	4941959	37936084.00
20140512	7.56	7.56	7.25	7.51	5559466	43189068.00
20140513	7.52	7.58	7.36	7.43	2891377	22033340.00
20140514	7.44	7.53	7.35	7.50	2270456	17276136.00
20140515	7.49	7.50	7.37	7.38	2404244	18258252.00
20140516	7.34	7.42	7.34	7.39	1573784	11862902.00
20140519	7.40	7.49	7.32	7.44	1603469	12144165.00
20140520	7.45	7.55	7.41	7.44	1842028	14081073.00
20140521	7.38	7.63	7.35	7.59	3521929	27088432.00
20140522	7.56	7.62	7.51	7.56	2011751	15533525.00
20140523	7.57	7.61	7.49	7.60	1860342	14340337.00
20140526	7.60	7.63	7.53	7.57	1909061	14729556.00
20140527	7.58	7.58	7.47	7.48	1625610	12488102.00
20140528	7.47	7.50	7.38	7.47	2042399	15525413.00
20140529	7.45	7.49	7.33	7.34	1888329	14288127.00
20140530	7.34	7.59	7.32	7.54	3365534	25702634.00
20140603	7.54	7.59	7.42	7.46	1509897	11613180.00
20140604	7.49	7.50	7.32	7.35	1577194	11869257.00
20140605	7.38	7.43	7.33	7.40	966697	7278390.00
20140606	7.38	7.43	7.26	7.31	1449591	10861276.00
20140609	7.30	7.39	7.27	7.33	1318136	9861970.00
20140610	7.39	7.39	7.28	7.36	1131467	8477799.00
20140611	7.36	7.37	7.30	7.34	1459817	10950808.00
20140612	7.34	7.45	7.28	7.41	2864337	21506316.00
20140613	7.37	7.49	7.36	7.49	2129937	16180650.00
20140616	7.49	7.56	7.45	7.50	1873520	14386263.00
20140617	7.49	7.53	7.35	7.39	1868603	14218613.00
20140618	7.39	7.50	7.26	7.30	2827387	21294964.00
20140619	7.30	7.35	7.06	7.10	1618807	11958544.00
20140620	7.16	7.22	7.07	7.17	860463	6304966.00
20140623	7.20	7.26	7.11	7.14	1429136	10507120.00
20140624	7.14	7.29	7.12	7.25	2177006	16059676.00
20140625	7.28	7.28	7.18	7.20	1012580	7454803.00
20140626	7.23	7.30	7.20	7.27	1537797	11421090.00
20140627	7.30	7.39	7.23	7.37	2243306	16794208.00
20140630	7.37	7.55	7.37	7.55	2836750	21645624.00
20140701	7.58	7.60	7.49	7.55	2791310	21483604.00
20140702	7.55	7.59	7.48	7.54	2267654	17446438.00
20140703	7.54	7.64	7.53	7.61	2761945	21454224.00
20140704	7.62	7.69	7.57	7.65	2535016	19751716.00
20140707	7.67	7.68	7.59	7.63	2081696	16227346.00
20140708	7.64	7.70	7.49	7.65	3005513	23305904.00
20140709	7.68	7.68	7.38	7.43	5255357	40242824.00
20140710	7.44	7.52	7.39	7.47	2316470	17655592.00
20140711	7.51	7.68	7.48	7.68	3550543	27549968.00
20140714	7.72	8.04	7.72	7.93	6120493	49539616.00
20140715	7.85	7.99	7.79	7.88	3736757	30072316.00
20140716	7.89	7.94	7.68	7.73	3131950	24833622.00
20140717	7.72	7.96	7.55	7.94	5266486	41915920.00
20140718	7.92	8.31	7.89	8.23	12802761	107450568.00
20140721	8.20	8.29	8.06	8.23	3773766	31502708.00
20140722	8.22	8.32	8.14	8.29	4845335	40775288.00
20140723	8.31	8.31	8.22	8.25	3166378	26611624.00
20140724	8.25	8.25	8.03	8.19	4496083	37358328.00
20140725	8.19	8.41	8.13	8.21	3452704	29043580.00
20140728	8.19	8.32	8.19	8.26	3207915	27031796.00
20140729	8.26	8.59	8.26	8.40	12100594	104066296.00
20140730	8.41	8.44	8.20	8.31	4121472	34840784.00
20140731	8.32	8.35	8.20	8.34	3162307	26737388.00
20140801	8.33	8.38	8.26	8.34	4197624	35550368.00
20140804	8.34	8.43	8.28	8.42	3087720	26365780.00
20140805	8.42	8.46	8.31	8.40	2560539	21870134.00
20140806	8.39	8.40	8.30	8.38	2163162	18409692.00
20140807	8.35	8.38	8.19	8.21	3000029	25315848.00
20140808	8.24	8.26	8.18	8.25	1889936	15839834.00
20140811	8.26	8.42	8.24	8.41	3240135	27598016.00
20140812	8.39	8.39	8.31	8.38	2498945	21292668.00
20140813	8.36	8.47	8.32	8.41	2939483	25162372.00
20140814	8.42	8.43	8.31	8.34	2434070	20755016.00
20140815	8.33	8.49	8.32	8.42	3500431	30074900.00
20140818	8.45	8.84	8.45	8.83	7419221	66020512.00
20140819	8.83	8.85	8.76	8.83	3568639	31927552.00
20140820	8.81	9.15	8.77	8.83	4590257	41930960.00
20140821	8.83	8.95	8.76	8.93	3793219	34174244.00
20140822	8.93	8.98	8.77	8.86	3227914	29083768.00
20140825	8.86	9.29	8.86	9.14	6632494	61040984.00
20140826	8.89	9.05	8.62	8.80	10691580	95896728.00
20140827	8.71	8.89	8.70	8.88	4196835	37674672.00
20140828	8.89	9.78	8.89	9.55	21668636	211328208.00
20140829	9.67	9.67	9.04	9.21	23802147	223064624.00
20140901	9.14	9.23	8.98	9.17	11433288	106089544.00
20140902	9.19	9.38	9.15	9.24	17530405	165051344.00
20140903	9.25	9.37	9.10	9.16	21904369	205005248.00
20140904	9.24	9.29	9.16	9.27	14365146	134981120.00
20140905	9.27	9.27	9.15	9.23	9567080	89646832.00
20140909	9.22	9.25	9.07	9.17	7529090	70044440.00
20140910	9.14	9.48	9.09	9.47	16947951	161755984.00
20140911	9.49	9.70	9.32	9.46	14276178	138405920.00
20140912	9.44	9.52	9.37	9.50	7071710	67989776.00
20140915	9.50	9.68	9.47	9.58	7901871	76911120.00
20140916	9.49	9.59	9.11	9.12	10729052	102064872.00
20140917	9.14	9.26	8.84	9.01	7953948	73115104.00
20140918	9.01	9.26	8.94	9.22	6231730	57573508.00
20140919	9.22	9.25	9.10	9.20	3848564	35928944.00
20140922	9.15	9.15	8.94	8.95	4154699	38193716.00
20140923	8.97	9.17	8.96	9.12	3928677	36354484.00
20140924	9.13	9.38	9.12	9.36	7319677	69292328.00
20140925	9.43	9.47	9.22	9.25	7276286	69074888.00
20140926	9.25	9.41	9.19	9.38	5757155	54653716.00
20140929	9.39	9.61	9.31	9.59	8759309	84506592.00
20140930	9.59	9.61	9.48	9.53	5950154	57645960.00
20141008	9.55	10.02	9.55	9.97	13977764	140419552.00
20141009	9.97	10.25	9.86	10.22	16335362	167467632.00
20141010	10.14	10.24	9.96	10.05	8719948	89449632.00
20141013	10.04	10.17	9.95	10.14	8165587	83232632.00
20141014	10.18	10.19	9.79	9.89	8205387	83235976.00
20141015	9.85	10.15	9.79	10.10	7945854	80524336.00
20141016	10.02	10.10	9.87	9.93	6176027	62628248.00
20141017	9.90	9.92	9.59	9.71	6517211	64441176.00
20141020	9.69	9.84	9.69	9.80	3947543	39191012.00
20141021	9.81	9.83	9.67	9.73	3402306	33743756.00
20141022	9.73	9.75	9.39	9.41	4896103	47799156.00
20141023	9.32	9.49	9.09	9.23	5656149	53244516.00
20141024	9.27	9.31	9.18	9.23	2769253	26008108.00
20141027	9.19	9.49	9.19	9.48	4043658	38652312.00
20141028	9.54	9.78	9.47	9.75	4735260	46557832.00
20141029	9.80	10.06	9.69	10.02	9989285	100049888.00
20141030	9.91	10.04	9.66	9.75	11444079	114169272.00
20141031	9.79	9.88	9.66	9.79	7223543	71688248.00
20141103	9.80	9.99	9.73	9.81	8276718	82809032.00
20141104	9.81	9.93	9.62	9.67	7126358	70645416.00
20141105	9.63	9.71	9.51	9.55	6489852	63073668.00
20141106	9.56	9.63	9.41	9.62	4959948	48053320.00
20141107	9.64	9.81	9.56	9.65	7168426	70721640.00
20141110	9.69	9.82	9.57	9.81	6605910	65199732.00
20141111	9.87	9.88	9.39	9.49	7798642	75843616.00
20141112	9.44	9.58	9.40	9.57	3676808	35501116.00
20141113	9.59	9.60	9.24	9.47	6343835	60428532.00
20141114	9.34	9.46	9.27	9.41	3288831	31332564.00
20141117	9.41	9.46	9.30	9.41	2662019	25435036.00
20141118	9.39	9.58	9.37	9.56	4860527	46856760.00
20141119	9.53	9.58	9.46	9.49	3027778	29287140.00
20141120	9.50	9.50	9.37	9.46	2430353	23277656.00
20141121	9.47	9.51	9.39	9.50	3585246	34452780.00
20141124	9.59	9.69	9.58	9.60	8087900	79176552.00
20141125	9.63	9.91	9.60	9.85	11194853	111288480.00
20141126	9.86	9.98	9.73	9.87	8514354	85278248.00
20141127	9.96	10.02	9.79	9.88	7386001	74227296.00
20141128	9.87	9.91	9.69	9.81	7633595	76159000.00
20141201	9.82	10.28	9.69	10.26	17504511	178038112.00
20141202	10.26	10.26	10.07	10.16	11360242	117400360.00
20141203	10.19	10.54	9.97	10.13	13650091	141686736.00
20141204	10.21	10.26	10.04	10.21	11835423	121868616.00
20141205	10.21	10.21	9.64	9.73	12316903	123506560.00
20141208	9.74	9.89	9.61	9.78	8166004	81217448.00
20141209	9.70	9.75	9.20	9.27	10463104	101901424.00
20141210	9.26	10.13	9.19	10.06	15385978	152787088.00
20141211	9.87	10.01	9.74	9.92	11933190	119462232.00
20141212	9.89	10.04	9.80	10.02	8306909	83864960.00
20141215	10.00	10.22	9.92	10.19	10739548	110607968.00
20141216	10.22	10.23	9.99	10.03	6247096	63863688.00
20141217	10.04	10.08	9.76	9.85	6804846	68377056.00
20141218	9.83	9.97	9.80	9.88	4085833	40961608.00
20141219	9.84	9.84	9.48	9.61	6157797	60370708.00
20141222	8.65	8.84	8.63	8.63	8892000	78434096.00
20141223	8.20	8.42	7.96	8.10	13850593	115375136.00
20141224	8.27	8.59	8.27	8.50	8798494	75458504.00
20141225	8.43	8.58	8.38	8.51	5555968	47998992.00
20141226	8.51	8.57	8.45	8.55	5374112	46590084.00
20141229	8.52	8.53	8.26	8.30	8067945	68866904.00
20141230	8.32	8.39	8.23	8.28	3963974	33566024.00
20141231	8.33	8.36	8.20	8.34	4749764	39961556.00
20150105	8.36	8.63	8.33	8.60	8400223	72915392.00
20150106	8.55	9.00	8.49	8.90	9812664	87227992.00
20150107	8.83	8.86	8.65	8.74	5241299	46743200.00
20150108	8.74	8.89	8.69	8.78	4770723	42780908.00
20150109	8.76	8.83	8.65	8.66	4718312	42046368.00
20150112	8.58	8.62	8.33	8.37	3835631	32992348.00
20150113	8.35	8.49	8.35	8.46	2415999	20739124.00
20150114	8.46	8.50	8.35	8.46	3020196	25950180.00
20150115	8.45	8.90	8.44	8.85	7903300	70097792.00
20150116	8.89	8.89	8.69	8.79	4283700	38260892.00
20150119	8.63	8.73	8.34	8.47	4784104	41731432.00
20150120	8.52	8.79	8.52	8.74	4324784	38234076.00
20150121	8.76	8.93	8.72	8.92	7028488	63334040.00
20150122	8.93	9.02	8.85	9.01	6848700	62340092.00
20150123	9.04	9.06	8.91	8.93	4984042	45607360.00
20150126	8.91	9.11	8.89	9.10	5251525	48166000.00
20150127	9.10	9.24	8.99	9.17	5966110	55448136.00
20150128	9.22	9.44	9.20	9.29	9817402	93124272.00
20150129	9.20	9.28	9.07	9.16	4076589	38038548.00
20150130	9.16	9.23	8.99	9.00	2961010	27370002.00
20150202	8.94	9.04	8.86	8.98	2619594	23900888.00
20150203	9.00	9.12	8.97	9.11	3178406	29262786.00
20150204	9.12	9.12	8.96	8.97	3153411	28974416.00
20150205	9.12	9.22	8.88	8.89	3532873	32341520.00
20150206	8.90	8.95	8.59	8.67	3457963	30895000.00
20150209	8.65	8.85	8.63	8.73	3269542	29150040.00
20150210	8.71	8.79	8.71	8.77	1805980	16089844.00
20150211	8.77	8.93	8.75	8.87	1998115	17959898.00
20150212	8.87	8.93	8.86	8.91	2085949	18901484.00
20150213	8.94	9.14	8.94	9.07	3663969	33837112.00
20150216	9.07	9.20	9.05	9.20	3135319	29224764.00
20150217	9.23	9.24	9.12	9.20	3145960	29347256.00
20150225	9.21	9.23	9.09	9.15	3028368	28205688.00
20150226	9.14	9.22	9.09	9.21	5740353	53457808.00
20150227	9.22	9.30	9.18	9.29	5614584	52800560.00
20150302	9.32	9.47	9.29	9.46	7580575	72431376.00
20150303	9.44	9.44	9.28	9.29	6807427	64868376.00
20150304	9.25	9.71	9.25	9.66	11323048	109691992.00
20150305	9.67	9.91	9.56	9.85	11162148	110913728.00
20150306	9.85	9.98	9.62	9.72	7394591	73470144.00
20150309	9.62	9.99	9.62	9.92	7139428	71667968.00
20150310	9.92	10.09	9.89	9.92	6189515	62810800.00
20150311	9.92	10.01	9.68	9.72	6663211	66496472.00
20150312	9.70	9.86	9.69	9.84	6124121	60942592.00
20150313	9.87	9.99	9.77	9.87	5573441	55852260.00
20150316	9.95	10.30	9.94	10.18	10907850	112219736.00
20150317	10.24	10.46	10.14	10.35	10292324	107364512.00
20150318	10.29	10.59	10.26	10.56	10751314	114143840.00
20150319	10.55	11.06	10.47	10.84	13725737	151150320.00
20150320	10.84	10.97	10.75	10.87	8955619	98490048.00
20150323	11.72	11.78	10.95	11.28	33348910	381828864.00
20150324	10.94	11.08	10.38	10.84	34955433	383299808.00
20150325	10.81	10.82	10.52	10.75	16668352	180470816.00
20150326	10.69	10.86	10.59	10.74	12191769	132791000.00
20150327	10.74	11.05	10.69	11.04	15595588	172098208.00
20150330	10.84	10.94	10.64	10.89	23575591	257749824.00
20150331	10.82	10.82	10.56	10.57	23193742	251835344.00
20150401	10.58	10.72	10.56	10.71	14560059	157396224.00
20150402	10.77	11.04	10.72	11.04	25758561	284841152.00
20150403	10.97	11.32	10.91	11.29	24927958	281149632.00
20150407	11.35	11.73	11.34	11.54	21111962	246434800.00
20150408	11.54	11.61	11.17	11.33	17708004	204213760.00
20150409	11.35	11.41	10.65	11.01	15679889	174899712.00
20150410	11.02	12.13	10.90	12.13	30214501	356463360.00
20150413	12.66	13.36	12.66	13.36	35673911	473103168.00
20150414	14.09	14.71	13.17	13.21	60431819	852207936.00
20150415	12.84	12.84	12.24	12.41	30436466	388080128.00
20150416	12.14	13.04	11.93	12.80	24016158	307788352.00
20150417	12.84	13.34	12.71	12.73	25696005	337774752.00
20150420	12.54	12.61	11.96	12.12	23106914	288964000.00
20150421	11.96	12.52	11.96	12.52	14575556	181984592.00
20150422	12.57	12.98	12.55	12.80	20226218	262431552.00
20150423	12.83	13.59	12.68	13.55	32966918	440193024.00
20150424	13.53	14.34	13.19	13.75	33015046	463036800.00
20150427	14.04	14.17	13.44	13.58	24187091	335612512.00
20150428	13.58	13.75	12.97	13.08	17570217	235354704.00
20150429	13.12	13.73	13.04	13.71	17746830	242149360.00
20150430	13.80	13.94	13.36	13.39	16330560	224648224.00
20150504	13.36	13.62	13.20	13.52	12544797	171038048.00
20150505	13.39	13.43	12.63	12.72	15149719	200344832.00
20150506	12.72	12.94	12.14	12.33	11197463	143327920.00
20150507	12.30	12.30	11.82	11.94	8841400	107958128.00
20150508	12.10	12.42	12.06	12.40	8259483	102101880.00
20150511	12.64	12.93	12.46	12.92	12443983	160421552.00
20150512	12.92	13.01	12.68	13.00	13046420	170034944.00
20150513	13.00	13.27	12.76	13.19	15573266	206151040.00
20150514	13.17	13.28	12.94	13.08	13435461	178091360.00
20150515	13.05	13.06	12.60	12.75	11627619	150713120.00
20150518	12.65	13.41	12.59	13.28	17037136	225116848.00
20150519	13.24	13.82	13.19	13.69	19868746	273523040.00
20150520	13.70	14.39	13.47	13.88	24549575	348048512.00
20150521	13.90	14.98	13.89	14.88	26875378	389445568.00
20150522	14.99	15.13	14.44	14.83	27857225	414651936.00
20150525	14.72	15.93	14.59	15.68	27014161	418466432.00
20150526	15.84	15.93	15.40	15.86	23538314	374160384.00
20150527	15.92	15.94	15.44	15.69	22419691	353824544.00
20150528	15.70	16.73	15.04	15.08	29216097	472533056.00
20150529	14.51	15.39	14.51	14.98	19073144	289348896.00
20150601	15.14	16.27	15.00	16.15	20347931	324139744.00
20150602	16.15	17.27	15.99	17.17	21654352	360566944.00
20150603	17.20	18.23	16.84	17.77	23704587	421465312.00
20150604	17.77	17.82	16.11	17.24	19716516	338609216.00
20150605	17.44	18.21	17.32	17.87	21040236	377567456.00
20150608	18.01	18.13	17.14	17.30	22292864	392558944.00
20150609	17.05	17.29	16.71	16.99	16051853	275085408.00
20150610	16.99	17.51	16.72	17.24	14548715	252280896.00
20150611	17.20	18.24	17.15	18.23	20477180	366971776.00
20150612	18.23	18.63	17.97	18.03	19863187	366654944.00
20150615	18.06	18.32	17.69	17.97	17616252	320174048.00
20150616	17.84	17.84	16.74	16.82	16497909	286425024.00
20150617	16.94	17.17	15.95	17.08	15783554	263554976.00
20150618	17.08	17.88	16.45	16.55	17016312	298518848.00
20150619	16.34	16.71	15.07	15.10	13275913	215604768.00
20150623	15.31	15.92	14.42	15.91	13007485	201941296.00
20150624	16.02	16.50	15.74	16.24	13489858	219941456.00
20150625	16.14	16.38	15.34	15.54	13711294	221529616.00
20150626	14.93	15.19	13.97	13.97	16095172	236229184.00
20150629	14.29	14.49	12.63	13.51	18205033	253332128.00
20150630	13.44	14.40	12.45	14.37	17208023	237445584.00
20150701	14.24	14.54	13.14	13.32	15390283	220174352.00
20150702	13.47	13.48	12.11	12.20	12773140	165743584.00
20150703	11.99	12.45	10.96	10.96	14019329	162346512.00
20150706	12.07	12.07	9.85	10.34	17452492	193303840.00
20150707	9.94	10.14	9.29	9.29	12265751	118686512.00
20150708	8.35	8.74	8.35	8.35	16496854	141431888.00
20150709	7.54	9.20	7.54	9.20	18294960	160872928.00
20150710	9.87	10.14	9.63	10.14	9829554	100039600.00
20150713	10.99	11.17	10.64	11.17	16613248	186609632.00
20150714	11.50	12.22	11.14	11.64	28807791	341175616.00
20150715	11.25	11.42	10.46	10.46	17885455	195858112.00
20150716	9.89	11.03	9.79	10.72	12667259	135667872.00
20150717	10.72	11.62	10.72	11.57	16985937	194388304.00
20150720	11.66	11.99	11.38	11.59	17678166	209039824.00
20150721	11.40	11.77	11.28	11.73	12089157	142168752.00
20150722	11.71	11.84	11.36	11.80	13267116	156636880.00
20150723	11.78	12.32	11.65	12.22	17624461	215360176.00
20150724	12.19	12.41	11.72	11.84	20367975	249641184.00
20150727	11.50	11.81	10.64	10.64	15135873	173356800.00
20150728	9.94	10.90	9.61	10.41	15624757	161791056.00
20150729	10.54	11.22	10.13	11.15	10783899	115907296.00
20150730	10.97	11.32	10.64	10.73	10203168	114794144.00
20150731	10.50	10.82	10.34	10.53	7346518	78643624.00
20150803	10.40	10.43	9.79	10.02	7716019	79220376.00
20150804	10.04	10.82	10.04	10.77	9487426	100534176.00
20150805	10.69	11.01	10.49	10.62	10883971	118986784.00
20150806	10.42	10.93	10.29	10.80	10281557	111336720.00
20150807	10.84	11.19	10.79	11.17	10915985	122556696.00
20150810	11.26	11.89	11.14	11.84	15534191	181492096.00
20150811	11.82	12.02	11.55	11.80	16631015	198639872.00
20150812	11.66	11.98	11.54	11.81	13851252	166025824.00
20150813	11.70	12.12	11.65	12.10	14146389	170881776.00
20150814	12.31	12.45	12.01	12.16	17116498	211782656.00
20150817	12.14	12.57	11.94	12.49	16017764	198223120.00
20150818	12.44	12.52	11.23	11.23	17773068	213605552.00
20150819	10.82	11.62	10.44	11.57	13062251	146999664.00
20150820	11.36	11.60	11.10	11.11	8891606	102454104.00
20150821	10.79	11.04	10.25	10.54	10274549	111418352.00
20150824	10.17	10.23	9.47	9.47	9923312	97791688.00
20150825	8.74	9.06	8.51	8.51	8149009	72573512.00
20150826	8.74	9.11	8.19	8.57	10128035	89933200.00
20150827	8.74	9.09	8.57	9.08	7631354	68826664.00
20150828	9.15	9.74	8.95	9.72	13810748	129921000.00
20150831	9.44	9.56	9.10	9.16	8368036	78953040.00
20150901	9.09	9.09	8.34	8.41	6657378	59029720.00
20150902	8.15	8.74	7.97	8.12	6267400	53287336.00
20150907	8.24	8.69	8.24	8.38	6399815	55292140.00
20150908	8.39	8.94	8.27	8.88	7287762	63530696.00
20150909	8.89	9.22	8.88	9.16	10209868	94182624.00
20150910	9.01	9.12	8.85	8.92	5919406	54332000.00
20150911	8.95	9.10	8.89	9.04	5100029	46737224.00
20150914	9.06	9.08	8.14	8.22	6752918	59338572.00
20150915	8.12	8.30	7.85	7.94	5422107	44911296.00
20150916	7.95	8.75	7.95	8.68	7410362	62886696.00
20150917	8.55	8.88	8.37	8.39	8228146	72520080.00
20150918	8.48	8.61	8.36	8.53	5088670	43890932.00
20150921	8.44	8.92	8.36	8.91	6039233	53439976.00
20150922	8.92	9.00	8.78	8.92	7528808	68227688.00
20150923	8.73	8.88	8.62	8.71	5376536	47875376.00
20150924	8.73	8.88	8.71	8.85	4697506	42129400.00
20150925	8.79	8.93	8.45	8.57	5474191	48396264.00
20150928	8.54	8.73	8.49	8.72	2912644	25608774.00
20150929	8.55	8.66	8.48	8.59	2609102	22809054.00
20150930	8.62	8.77	8.59	8.75	3950801	34921000.00
20151008	9.02	9.16	8.94	9.11	8375669	77250168.00
20151009	9.06	9.20	9.00	9.19	6087664	56414748.00
20151012	9.20	9.68	9.15	9.59	12824373	123371536.00
20151013	9.49	9.63	9.45	9.59	7754463	75162408.00
20151014	9.54	9.61	9.44	9.46	7881100	76402568.00
20151015	9.42	9.82	9.40	9.80	8446751	82849824.00
20151016	9.84	9.95	9.68	9.90	8884833	88785280.00
20151019	9.93	9.97	9.71	9.82	7975075	79840216.00
20151020	9.86	10.04	9.79	10.03	7553323	76264400.00
20151021	10.03	10.24	9.25	9.35	10478844	105079952.00
20151022	9.38	9.75	9.29	9.70	6814244	65842384.00
20151023	9.75	10.02	9.68	10.00	8513735	85216456.00
20151026	10.17	10.41	10.00	10.19	11851345	122525024.00
20151027	10.04	10.30	9.74	10.22	8976571	91544272.00
20151028	10.16	10.28	9.93	9.98	9108191	93522696.00
20151029	10.04	10.12	9.90	10.04	7220312	73513784.00
20151030	9.94	10.13	9.81	9.96	6486870	65721776.00
20151102	9.73	10.02	9.66	9.79	6759532	67926712.00
20151103	9.84	9.94	9.74	9.91	5608667	56206260.00
20151104	9.91	10.53	9.87	10.45	11788816	122701200.00
20151105	10.45	10.61	10.25	10.40	12270428	130110344.00
20151106	10.38	10.63	10.36	10.62	11173436	119452616.00
20151109	10.58	11.02	10.49	11.01	13972477	152721232.00
20151110	10.85	11.17	10.82	11.08	11002834	122939552.00
20151111	11.09	11.14	10.86	11.11	8614242	96317904.00
20151112	11.14	11.24	10.86	11.03	8107636	90925152.00
20151113	10.93	10.98	10.64	10.73	8577242	93876520.00
20151116	10.59	11.24	10.59	11.19	10192084	112665064.00
20151117	11.25	11.44	11.15	11.27	11487710	131388568.00
20151118	11.24	11.60	11.12	11.36	13090524	151172112.00
20151119	11.31	11.44	11.17	11.43	8005087	92005200.00
20151120	11.41	11.64	11.34	11.63	11280157	131524504.00
20151123	11.64	12.09	11.59	11.86	14330178	171396672.00
20151124	11.69	12.09	11.62	11.93	10591904	126969512.00
20151125	11.94	12.10	11.84	12.09	9759291	118471144.00
20151126	12.10	12.77	12.09	12.58	20083030	253445520.00
20151127	12.48	12.48	11.31	11.39	14638077	176575472.00
20151130	11.46	11.71	10.97	11.67	10904066	126685192.00
20151201	11.68	12.09	11.44	11.92	10049193	119559752.00
20151202	11.87	12.10	11.42	11.80	9582674	114392928.00
20151203	11.82	12.18	11.74	12.07	7492464	91036704.00
20151204	11.93	12.36	11.90	12.12	10910731	133801824.00
20151207	12.11	12.42	12.02	12.39	10172737	126557088.00
20151208	12.34	12.34	11.82	11.86	8114827	98833120.00
20151209	11.83	12.04	11.71	11.88	6127388	73680696.00
20151210	11.85	11.94	11.60	11.70	7086381	84612352.00
20151211	11.65	11.65	11.32	11.49	6657619	77303952.00
20151214	11.38	11.84	11.36	11.82	6773782	79928464.00
20151215	11.88	12.12	11.83	11.97	6916195	83946072.00
20151216	12.07	12.18	11.96	12.13	7262845	88947456.00
20151217	12.15	12.42	12.15	12.34	9272338	115730272.00
20151218	12.36	13.00	12.30	12.84	22048405	283126656.00
20151221	12.84	13.02	12.66	12.84	13323341	173161648.00
20151222	12.80	12.97	12.69	12.88	8873117	115206488.00
20151223	12.87	12.94	12.51	12.55	8987618	115960192.00
20151224	12.50	12.64	12.16	12.62	6289442	79152632.00
20151225	12.62	12.81	12.55	12.78	6603388	84931304.00
20151228	12.82	13.20	12.64	12.69	13569684	177950448.00
20151229	12.59	13.00	12.49	12.98	8328164	107378616.00
20151230	13.04	13.48	12.98	13.31	14939631	200804336.00
20151231	13.32	13.34	12.85	13.08	8582468	113790472.00
20160104	12.82	13.04	11.76	11.76	8149080	101416272.00
20160105	11.16	11.80	10.87	11.43	10722307	124247760.00
20160106	11.44	11.92	11.42	11.90	12664709	150352800.00
20160107	11.69	11.70	10.69	10.69	3213835	35837016.00
20160108	11.03	11.78	10.44	11.72	12643364	143998688.00
20160111	11.54	12.09	11.04	11.07	10335797	122051848.00
20160112	11.12	11.29	10.69	10.86	7205677	79620480.00
20160113	10.93	11.09	9.80	9.95	6174604	66191636.00
20160114	9.54	10.24	9.44	10.23	6082392	61286536.00
20160115	10.14	10.24	9.49	9.54	5435018	54358252.00
20160118	9.22	9.75	9.22	9.61	5082164	49425120.00
20160119	9.67	10.03	9.55	9.99	6221033	62213936.00
20160120	9.95	10.09	9.65	9.81	6492390	65212328.00
20160121	9.61	10.02	9.40	9.42	5525056	54799852.00
20160122	9.56	9.71	9.19	9.61	5506738	52826224.00
20160125	9.67	9.81	9.60	9.75	4190853	41409860.00
20160126	9.69	9.69	8.76	8.84	5470606	51675756.00
20160127	9.11	9.11	8.16	8.67	6379772	55558092.00
20160128	8.57	8.82	8.39	8.50	5604113	49328368.00
20160129	8.45	8.99	8.45	8.88	7037391	62857848.00
20160201	8.84	8.84	8.49	8.67	4611851	40749684.00
20160202	8.67	9.02	8.57	8.94	7232551	65376916.00
20160203	8.84	9.02	8.75	8.99	4771412	43101076.00
20160204	8.96	9.29	8.96	9.22	6035887	56144224.00
20160205	9.16	9.25	9.06	9.13	3911500	36358368.00
20160215	8.85	9.16	8.84	9.12	2810721	25616720.00
20160216	9.14	9.52	9.10	9.49	8160613	77638112.00
20160217	9.52	9.56	9.34	9.52	5213351	50217044.00
20160218	9.56	9.63	9.45	9.45	5432983	52630400.00
20160219	9.46	9.53	9.36	9.51	3668682	35256832.00
20160222	9.62	9.75	9.54	9.73	6328351	62068384.00
20160223	9.73	9.75	9.49	9.61	4069577	39814024.00
20160224	9.54	9.72	9.48	9.69	5277111	51633316.00
20160225	9.65	9.70	8.71	8.71	6388453	59200688.00
20160226	8.82	8.88	8.49	8.76	4844266	43103864.00
20160229	8.80	8.80	8.15	8.30	4391809	37371928.00
20160301	8.34	8.63	8.29	8.61	4086341	35245288.00
20160302	8.66	9.27	8.61	9.20	7102850	65122992.00
20160303	9.17	9.47	9.11	9.22	6479891	61349048.00
20160304	9.22	9.31	8.74	9.06	5064394	46624192.00
20160307	9.02	9.39	9.02	9.30	4899208	45947372.00
20160308	9.27	9.39	8.90	9.36	5370089	49934520.00
20160309	9.14	9.26	9.02	9.15	2852197	26474556.00
20160310	9.11	9.23	9.00	9.09	2709232	25198336.00
20160311	8.95	9.17	8.92	9.12	2456270	22532120.00
20160314	9.26	9.58	9.14	9.44	6183985	59263088.00
20160315	9.37	9.46	9.30	9.40	3396046	32416368.00
20160316	9.46	9.54	9.24	9.30	3363348	32055910.00
20160317	9.30	9.56	9.30	9.53	5901512	56745096.00
20160318	9.53	9.91	9.50	9.91	7585453	75088432.00
20160321	9.98	10.10	9.92	10.08	8422597	85720944.00
20160322	10.01	10.08	9.91	10.01	4313488	43830700.00
20160323	10.02	10.04	9.87	10.02	3373295	34175864.00
20160324	9.95	10.02	9.79	9.81	4048717	40789936.00
20160325	9.76	9.98	9.76	9.96	3898085	39117608.00
20160328	9.96	10.22	9.94	10.04	8580568	88117032.00
20160329	9.85	9.96	9.59	9.77	7529497	74811400.00
20160330	9.77	10.09	9.70	10.08	8489316	85588656.00
20160331	10.06	10.15	10.00	10.09	5916651	60603192.00
20160401	10.04	10.09	9.85	9.99	4474170	45297560.00
20160405	10.00	10.30	9.99	10.28	6827631	70553696.00
20160406	10.21	10.52	10.18	10.37	8191299	86223296.00
20160407	10.42	10.47	10.13	10.14	5554519	57993492.00
20160408	10.04	10.11	9.90	10.01	5026449	51035812.00
20160411	10.06	10.49	10.05	10.38	8840998	92815640.00
20160412	10.32	10.47	10.18	10.47	7266337	76272152.00
20160413	10.54	10.82	10.51	10.63	10258192	110985816.00
20160414	10.73	10.80	10.51	10.77	6291768	68184568.00
20160415	10.81	10.87	10.64	10.81	5947931	65045972.00
20160418	10.80	10.97	10.55	10.93	6775044	73846600.00
20160419	10.94	11.01	10.73	10.82	5220588	57597704.00
20160420	10.86	10.91	10.02	10.26	9178225	97466904.00
20160421	10.24	10.41	10.15	10.21	5225049	54604688.00
20160422	10.14	10.32	9.97	10.30	4737095	48672364.00
20160425	10.22	10.23	9.89	10.09	5951027	60823476.00
20160426	10.12	10.39	10.05	10.38	5234063	54327624.00
20160427	10.19	10.35	10.16	10.20	9635639	100103296.00
20160428	10.19	10.29	10.04	10.13	6976236	71761736.00
20160429	10.06	10.16	10.02	10.04	4445300	45532256.00
20160503	9.98	10.44	9.98	10.35	9732719	101485632.00
20160504	10.29	10.52	10.29	10.36	6073980	64266624.00
20160505	10.30	10.50	10.27	10.41	4426069	46771904.00
20160506	10.44	10.56	9.88	9.92	9665534	100760160.00
20160509	9.75	9.83	9.16	9.36	6065379	58253376.00
20160510	9.36	9.48	9.29	9.43	2464898	23501876.00
20160511	9.40	9.56	9.29	9.31	2597462	24848610.00
20160512	9.20	9.20	8.84	9.08	3182910	29228088.00
20160513	9.10	9.19	8.97	9.02	2774647	25667460.00
20160516	8.97	9.14	8.89	9.13	4372537	40260368.00
20160517	9.13	9.23	9.09	9.14	3486770	32466064.00
20160518	9.12	9.12	8.73	8.80	3124813	28206270.00
20160519	8.75	8.93	8.74	8.79	3144632	28359932.00
20160520	8.74	8.89	8.64	8.89	3558694	31798350.00
20160523	8.91	9.04	8.89	9.02	3615527	33068006.00
20160524	9.04	9.09	8.94	9.02	3084193	28346876.00
20160525	9.05	9.17	8.98	9.02	3183263	29385396.00
20160526	8.98	9.18	8.80	9.15	3834020	35083824.00
20160527	9.11	9.24	9.05	9.22	3650109	34040576.00
20160530	9.22	9.28	8.99	9.23	3683227	34405044.00
20160531	9.23	9.56	9.19	9.54	5650596	54035000.00
20160601	9.54	9.68	9.47	9.57	4368554	42520684.00
20160602	9.59	9.74	9.54	9.69	5245447	51594176.00
20160603	9.66	9.84	9.65	9.83	4838858	47889704.00
20160606	9.82	9.90	9.59	9.71	4617655	45741216.00
20160607	9.67	9.78	9.58	9.75	2956980	29071840.00
20160608	9.70	9.75	9.54	9.74	3521277	34589448.00
20160613	9.64	9.74	9.34	9.36	4644189	45317508.00
20160614	9.37	9.53	9.12	9.37	3689297	35050712.00
20160615	9.26	9.83	9.21	9.74	3870852	37966624.00
20160616	9.67	9.81	9.65	9.74	3294296	32581572.00
20160617	9.74	10.02	9.70	9.81	3404236	34176416.00
20160620	9.87	9.91	9.72	9.90	2882408	28548588.00
20160621	10.03	10.12	9.74	9.79	2824363	28298460.00
20160622	9.70	10.10	9.70	10.08	4715012	47337996.00
20160623	10.02	10.03	9.84	9.92	2433811	24360552.00
20160624	9.88	10.02	9.63	9.76	4597162	45407376.00
20160627	9.63	9.97	9.61	9.95	3850404	38315084.00
20160628	9.91	10.11	9.85	10.10	3960513	39884272.00
20160629	10.10	10.21	10.03	10.12	4013017	40999052.00
20160630	10.10	10.22	10.03	10.20	2416105	24670864.00
20160701	10.24	10.38	10.16	10.21	3192662	33021128.00
20160704	10.12	10.65	10.10	10.53	6605800	69591104.00
20160705	10.53	10.61	10.42	10.58	5202410	55084972.00
20160706	10.48	10.79	10.44	10.73	5421300	57987568.00
20160707	10.68	11.46	10.67	11.04	12575300	139660512.00
20160708	11.04	11.19	10.81	11.12	8855200	98200736.00
20160711	11.02	11.14	10.78	10.87	6001600	66396368.00
20160712	10.87	10.93	10.60	10.92	6726000	73220120.00
20160713	10.97	11.01	10.71	10.82	5062100	55208592.00
20160714	10.83	10.86	10.66	10.78	3774300	40871508.00
20160715	10.74	10.81	10.69	10.78	2537000	27470716.00
20160718	10.79	10.79	10.60	10.66	3082300	33162312.00
20160719	10.63	10.73	10.59	10.72	2104900	22628920.00
20160720	10.74	10.80	10.66	10.74	2581400	27933858.00
20160721	10.68	10.83	10.68	10.77	2858400	31030180.00
20160722	10.81	10.90	10.76	10.79	3232000	35267296.00
20160725	10.75	10.87	10.37	10.46	8751800	93527136.00
20160726	10.37	10.50	10.28	10.42	12557600	131279152.00
20160727	10.44	10.46	9.85	9.97	10793870	111328512.00
20160728	9.93	10.00	9.88	9.98	4440826	44496172.00
20160729	10.01	10.12	9.89	9.99	3131466	31521258.00
20160801	9.95	9.95	9.57	9.78	2840221	27882444.00
20160802	9.75	9.87	9.74	9.86	1888560	18645912.00
20160803	9.89	10.06	9.72	9.99	2582650	25871968.00
20160804	10.10	10.10	9.98	10.05	2126209	21538258.00
20160805	10.02	10.17	10.00	10.08	2194197	22304144.00
20160808	10.02	10.27	9.98	10.24	2918432	29902304.00
20160809	10.24	10.34	10.15	10.30	3303200	34156060.00
20160810	10.31	10.34	10.24	10.27	2518200	26118112.00
20160811	10.27	10.27	10.09	10.17	1659236	17003532.00
20160812	10.17	10.25	10.09	10.24	2732685	28029772.00
20160815	10.29	10.48	10.19	10.42	7264757	75991128.00
20160816	10.43	10.47	10.37	10.42	3062714	32212000.00
20160817	10.43	10.48	10.33	10.37	2678598	28037954.00
20160818	10.37	10.52	10.37	10.42	4581198	48162644.00
20160819	10.42	10.52	10.37	10.48	3885602	40950376.00
20160822	10.53	10.64	10.45	10.62	7985300	84962824.00
20160823	10.59	10.77	10.46	10.60	12997900	139385920.00
20160824	10.51	10.60	10.25	10.36	10084700	105605312.00
20160825	10.29	10.30	10.13	10.27	4552700	46829992.00
20160826	10.29	10.40	10.24	10.27	3551300	36994320.00
20160829	10.28	10.39	10.28	10.37	3968074	41412272.00
20160830	10.40	10.52	10.37	10.43	4213004	44322692.00
20160831	10.44	10.51	10.34	10.48	5426023	57130036.00
20160901	10.49	10.56	10.44	10.47	5702315	60348408.00
20160902	10.50	10.53	10.38	10.49	5005413	52814544.00
20160905	10.49	10.60	10.44	10.59	6141412	65177660.00
20160906	10.58	10.69	10.45	10.67	6513583	69511752.00
20160907	10.66	10.83	10.59	10.66	13092717	141331648.00
20160908	10.64	10.76	10.54	10.74	6427400	69105144.00
20160909	10.74	10.76	10.61	10.68	4246562	45679132.00
20160912	10.54	10.55	10.28	10.34	4405315	46097736.00
20160913	10.37	10.48	10.34	10.43	3226693	33770924.00
20160914	10.44	10.77	10.35	10.68	9068887	97095320.00
20160919	10.66	10.86	10.61	10.82	7540433	81499696.00
20160920	10.79	10.94	10.69	10.77	7026997	76502128.00
20160921	10.78	10.88	10.73	10.83	6198163	67580688.00
20160922	10.85	10.92	10.82	10.87	7286320	79805912.00
20160923	10.88	10.89	10.72	10.72	4490375	48718684.00
20160926	10.70	10.79	10.57	10.62	5953566	64130296.00
20160927	10.63	10.71	10.53	10.70	3753574	40138040.00
20160928	10.70	10.76	10.59	10.68	3417315	36686084.00
20160929	10.66	10.96	10.66	10.90	6352991	69320512.00
20160930	10.86	10.94	10.84	10.90	4102807	45005952.00
20161010	10.89	11.07	10.77	11.07	7313775	81018464.00
20161011	11.04	11.10	10.92	11.04	9311725	103029840.00
20161012	10.99	11.09	10.95	11.06	5881360	65377956.00
20161013	11.02	11.08	10.94	11.00	4865262	53907364.00
20161014	10.99	11.01	10.77	10.91	8879275	97170080.00
20161017	10.91	10.98	10.80	10.85	5729842	62968496.00
20161018	10.80	11.05	10.79	11.03	6963693	76975360.00
20161019	11.05	11.14	11.01	11.07	5680323	63303744.00
20161020	11.07	11.15	10.98	11.10	6610353	73678008.00
20161021	11.06	11.21	10.92	11.11	6200333	69101712.00
20161024	11.12	11.27	11.06	11.21	7227841	81447224.00
20161025	11.27	11.34	11.18	11.26	5720801	64750104.00
20161026	11.32	12.28	11.27	11.91	25001364	297768768.00
20161027	11.76	12.02	11.62	11.88	14765659	175796880.00
20161028	11.80	11.90	11.62	11.78	10557662	124638664.00
20161031	11.75	12.07	11.57	12.01	10633202	126900224.00
20161101	11.94	12.60	11.94	12.35	17769000	220141312.00
20161102	12.25	12.41	12.12	12.18	9005700	110578080.00
20161103	12.17	12.80	12.09	12.56	16536719	208148896.00
20161104	12.43	12.70	12.38	12.47	10749700	135495232.00
20161107	12.61	12.61	12.14	12.26	9295588	115143608.00
20161108	12.28	12.36	12.13	12.26	7286537	89651136.00
20161109	12.23	12.41	11.94	12.07	10801071	132004016.00
20161110	12.16	12.45	12.08	12.39	12800824	158195808.00
20161111	12.45	12.67	12.30	12.57	14117296	177732880.00
20161114	12.57	12.65	12.39	12.63	9129143	114831232.00
20161115	12.64	12.77	12.57	12.62	6199707	78780296.00
20161116	12.67	12.98	12.51	12.78	10501100	134612352.00
20161117	12.76	12.87	12.60	12.72	6190000	79343912.00
20161118	12.64	13.92	12.64	13.28	21488000	287166048.00
20161121	13.28	13.42	13.08	13.16	9563300	127576752.00
20161122	13.11	13.37	12.94	13.20	10359452	137160608.00
20161123	13.25	13.68	13.11	13.36	8358721	112902696.00
20161124	13.43	13.60	13.17	13.20	6355300	85377096.00
20161125	13.12	13.38	12.74	13.35	12929700	169248240.00
20161128	13.31	13.63	13.15	13.63	11905100	161494288.00
20161129	13.57	13.77	13.24	13.32	9328100	127036816.00
20161130	13.33	13.35	12.88	13.00	8175000	107247704.00
20161201	12.97	13.14	12.88	13.03	5346941	70030784.00
20161202	13.03	13.03	12.40	12.46	7543605	96090080.00
20161205	12.17	12.55	12.17	12.35	3599800	44926952.00
20161206	12.35	12.54	12.34	12.42	2818000	35267924.00
20161207	12.46	12.55	12.34	12.55	3527400	44220068.00
20161208	12.58	12.65	12.50	12.52	3720600	47053964.00
20161209	12.45	12.55	12.14	12.33	5912200	73573120.00
20161212	12.33	12.37	11.59	11.64	7907219	95045672.00
20161213	11.57	11.84	11.57	11.78	4039592	47685872.00
20161214	11.78	11.90	11.67	11.78	3478702	41283124.00
20161215	11.68	12.10	11.68	11.98	5302398	63906600.00
20161216	11.94	12.80	11.93	12.77	10971732	138329776.00
20161219	12.77	14.06	12.73	13.60	35754740	494193952.00
20161220	13.40	14.05	13.02	13.72	19740329	267541952.00
20161221	13.62	13.82	13.37	13.57	9370816	127831112.00
20161222	13.48	13.70	13.30	13.60	7181321	97484560.00
20161223	13.60	13.81	13.42	13.69	9384843	128869584.00
20161226	13.60	13.60	13.03	13.29	8282689	110355792.00
20161227	13.42	13.52	13.23	13.33	6917617	92793064.00
20161228	13.26	13.62	13.26	13.39	7157458	96790112.00
20161229	13.36	13.36	13.04	13.10	5951200	78894592.00
20161230	13.05	13.27	12.95	12.99	5129600	67361296.00
20170103	13.02	13.37	13.00	13.08	7685423	101824088.00
20170104	13.08	13.45	13.03	13.42	9616437	128651392.00
20170105	13.39	13.64	13.27	13.37	7284779	98424344.00
20170106	13.30	13.64	13.29	13.59	8099444	110176640.00
20170109	13.60	14.40	13.43	14.30	17230663	243211312.00
20170110	14.22	14.26	13.82	13.84	10256749	144399552.00
20170111	13.86	14.10	13.65	13.68	6950167	96815952.00
20170112	13.67	13.81	13.52	13.74	5411263	74308704.00
20170113	13.74	13.81	12.70	12.72	9930664	131997520.00
20170116	12.63	12.69	11.52	11.89	8812058	107699856.00
20170117	11.89	12.30	11.83	12.18	5410868	65939704.00
20170118	12.23	12.48	12.12	12.21	4268298	52986616.00
20170119	11.96	12.32	11.96	12.15	2727621	33433444.00
20170120	12.21	12.67	12.21	12.56	4643534	58466848.00
20170123	12.66	12.71	12.48	12.58	3155150	39996032.00
20170124	12.60	12.92	12.58	12.75	4651470	59683192.00
20170125	12.84	12.84	12.65	12.76	2934578	37651288.00
20170126	12.62	13.05	12.62	12.84	4641059	60222068.00
20170203	12.88	13.00	12.77	12.86	2355389	30535144.00
20170206	12.82	12.90	12.63	12.83	3743187	47986824.00
20170207	12.76	12.97	12.70	12.84	4694219	60667860.00
20170208	12.82	12.87	12.71	12.86	3068883	39474368.00
20170209	12.89	13.02	12.77	13.00	5386872	70143944.00
20170210	12.95	13.09	12.82	12.89	7848221	101893848.00
20170213	12.85	12.88	12.57	12.78	4644039	59431492.00
20170214	12.78	12.81	12.60	12.68	3489410	44547976.00
20170215	12.57	12.73	12.35	12.44	4154698	52611436.00
20170216	12.47	12.66	12.43	12.63	3458617	43682752.00
20170217	12.60	12.68	12.43	12.46	2821106	35631816.00
20170220	12.41	12.89	12.37	12.86	6987500	89541304.00
20170221	12.84	13.39	12.82	13.21	11301243	149035392.00
20170222	13.10	13.20	12.96	13.06	6574039	86237312.00
20170223	13.08	13.12	12.83	12.89	4167920	54234012.00
20170224	12.95	13.06	12.84	12.97	3660100	47738080.00
20170227	12.98	13.06	12.74	12.79	3283200	42591980.00
20170228	12.79	13.08	12.74	13.05	5163983	67405632.00
20170301	13.01	13.20	13.00	13.09	5027300	66304028.00
20170302	13.03	13.15	12.93	12.96	3058044	40108104.00
20170303	12.92	13.07	12.84	13.00	3426567	44745492.00
20170306	12.95	13.16	12.90	13.13	4155023	54756864.00
20170307	13.13	13.19	13.05	13.17	4516000	59646108.00
20170308	13.17	13.46	13.11	13.33	8337735	111691424.00
20170309	13.30	13.36	13.07	13.13	4755517	62976768.00
20170310	13.12	13.28	13.07	13.17	3901819	51825368.00
20170313	13.08	13.21	12.95	13.20	3329977	43892104.00
20170314	13.22	13.36	13.16	13.27	4009875	53456076.00
20170315	13.30	13.30	13.06	13.11	2876363	38015232.00
20170316	13.11	13.20	13.01	13.15	4074254	53736868.00
20170317	13.15	13.19	12.98	13.00	3196961	42178944.00
20170320	12.99	13.12	12.98	13.04	3062100	40168724.00
20170321	13.04	13.21	13.02	13.20	3464100	45814012.00
20170322	13.17	13.18	12.92	12.97	4468782	58574324.00
20170323	13.02	13.07	12.92	13.02	3037890	39761736.00
20170324	13.02	13.04	12.75	12.90	4092500	52966100.00
20170327	12.96	12.98	12.53	12.60	4595425	58881472.00
20170328	12.62	12.92	12.53	12.87	4786544	61534772.00
20170329	12.82	12.90	12.69	12.74	2644236	34039920.00
20170330	12.74	12.78	11.92	11.96	6763616	83050936.00
20170331	12.01	12.09	11.67	11.96	5582756	66875640.00
20170405	11.97	12.49	11.94	12.45	5636260	70026464.00
20170406	12.42	12.65	12.35	12.51	4106819	51793244.00
20170407	12.57	12.62	12.45	12.56	2606090	32855460.00
20170410	12.45	12.58	12.37	12.51	3123677	39213304.00
20170411	12.51	12.51	12.10	12.27	3185200	39364000.00
20170412	12.32	12.38	12.16	12.27	3365100	41557208.00
20170413	12.30	12.30	12.11	12.12	3694761	45287944.00
20170414	12.19	12.19	11.78	11.87	3232760	38680956.00
20170417	11.86	11.90	11.48	11.54	3586336	42132348.00
20170418	11.60	11.62	11.24	11.39	3522286	40482008.00
20170419	11.25	11.38	10.72	10.93	5109636	56270456.00
20170420	10.88	10.98	10.36	10.41	6930887	73956232.00
20170421	10.48	10.80	10.43	10.61	4017895	42880156.00
20170424	10.62	10.84	10.45	10.65	5792900	62349048.00
20170425	10.65	10.71	10.37	10.38	3835400	40775652.00
20170426	10.38	10.47	9.96	10.13	7939500	81082136.00
20170427	10.09	10.19	9.80	10.14	4625000	46643432.00
20170428	10.15	10.34	10.08	10.30	3093535	32022508.00
20170502	10.27	10.37	10.12	10.17	5205741	53507472.00
20170503	10.20	10.21	9.95	10.12	5492948	55656160.00
20170504	10.06	10.21	9.97	10.07	4023500	41029604.00
20170505	10.06	10.10	9.93	9.97	3475300	35079456.00
20170508	9.93	9.93	9.62	9.63	3788300	37096228.00
20170509	9.56	9.72	9.54	9.70	2432600	23638388.00
20170510	9.70	9.79	9.20	9.24	4605900	44397736.00
20170511	9.23	9.39	9.07	9.35	4591200	42687220.00
20170512	9.35	9.37	9.03	9.18	4125513	38225964.00
20170515	9.13	9.25	9.12	9.23	2394541	22218194.00
20170516	9.21	9.64	9.13	9.61	4700023	44544020.00
20170517	9.63	9.73	9.55	9.64	4027313	39159260.00
20170518	9.60	9.71	9.45	9.51	2171900	20989672.00
20170519	9.52	9.58	9.42	9.51	1703287	16312184.00
20170522	9.51	9.55	9.16	9.20	2483523	23364652.00
20170523	9.19	9.22	8.82	8.83	4100900	37255892.00
20170524	8.74	9.00	8.71	8.95	3678700	32926504.00
20170525	8.95	9.11	8.81	9.05	3009500	27209680.00
20170526	9.05	9.14	8.97	9.02	2400200	21894728.00
20170531	9.12	9.22	9.04	9.05	2755155	25366286.00
20170601	9.08	9.11	8.71	8.73	3807826	34212936.00
20170602	8.75	8.96	8.63	8.91	3198152	28285348.00
20170605	8.93	9.03	8.88	8.95	2765558	24817316.00
20170606	8.95	9.22	8.94	9.08	4819844	43862192.00
20170607	9.04	9.41	9.04	9.37	4984441	46183136.00
20170608	9.37	9.51	9.25	9.36	3915092	36692600.00
20170609	9.37	9.39	9.25	9.36	2447947	22796216.00
20170612	9.35	9.35	9.19	9.21	2958000	27358800.00
20170613	9.28	9.37	9.17	9.31	4077573	37834648.00
20170614	9.31	9.42	9.29	9.35	4595020	42920504.00
20170615	9.30	9.68	9.28	9.54	5552797	52827448.00
20170616	9.49	9.57	9.42	9.54	2768591	26296104.00
20170619	9.50	9.59	9.49	9.58	1968285	18799952.00
20170620	9.59	9.67	9.55	9.64	2517214	24226936.00
20170621	9.66	9.66	9.47	9.56	2052714	19618256.00
20170622	9.56	9.57	9.38	9.40	3414417	32400320.00
20170623	9.40	9.47	9.21	9.37	3008388	28055076.00
20170626	9.37	9.51	9.27	9.50	4104576	38759544.00
20170627	9.50	9.60	9.46	9.52	2764614	26338820.00
20170628	9.48	9.53	9.39	9.47	2107000	19913176.00
20170629	9.45	9.58	9.39	9.51	2693359	25516976.00
20170630	9.42	9.57	9.42	9.56	2831540	26948068.00
20170703	9.57	9.61	9.52	9.61	2358035	22567288.00
20170704	9.60	9.64	9.55	9.61	2110725	20253974.00
20170705	9.60	9.65	9.53	9.64	2094546	20110248.00
20170706	9.63	9.71	9.59	9.70	2810326	27132292.00
20170707	9.65	9.71	9.62	9.70	2357933	22792918.00
20170710	9.66	9.87	9.65	9.81	3903632	38093140.00
20170711	9.83	10.23	9.78	10.15	10877119	109336328.00
数据来源:通达信
