600097 开创国际 日线 前复权
      日期	    开盘	    最高	    最低	    收盘	    成交量	    成交额
20111010	10.95	10.95	10.67	10.74	745970	8520042.00
20111011	11.01	11.01	10.68	10.75	998618	11441098.00
20111012	10.80	11.65	10.71	11.58	5776924	69620528.00
20111013	11.58	12.01	11.45	11.91	5724697	70704792.00
20111014	11.84	11.84	11.36	11.56	3082404	37670456.00
20111017	11.57	11.66	11.43	11.62	2258380	27541698.00
20111018	11.64	11.96	11.54	11.72	3720575	46086884.00
20111019	12.04	12.23	11.54	11.59	4643982	58356328.00
20111020	11.32	11.32	10.67	10.91	2639545	30606544.00
20111021	10.79	10.86	10.48	10.55	1673362	18863092.00
20111024	10.75	10.84	10.05	10.77	2069092	23037108.00
20111025	10.74	11.08	10.56	10.98	2517602	29036004.00
20111026	10.85	11.16	10.76	10.93	2377839	27640246.00
20111027	11.01	11.22	10.88	11.03	2041049	23852500.00
20111028	11.15	11.41	11.09	11.35	2278404	27060728.00
20111031	11.50	11.80	11.44	11.56	2904979	35629444.00
20111101	11.56	11.65	11.40	11.57	1606569	19530632.00
20111102	11.40	11.72	11.26	11.70	2206634	26781676.00
20111103	11.81	12.18	11.67	11.79	3455791	43680088.00
20111104	11.82	12.07	11.68	11.95	2310222	28886348.00
20111107	11.94	12.08	11.74	11.76	1492553	18656978.00
20111108	11.75	11.93	11.47	11.52	2170008	26812624.00
20111109	11.52	11.68	11.37	11.63	1680489	20440548.00
20111110	11.53	11.76	11.41	11.64	1856418	22662030.00
20111111	11.70	12.60	11.70	12.29	6395948	82151488.00
20111114	12.36	12.51	12.16	12.43	3646286	47271808.00
20111115	12.40	12.48	12.18	12.45	2451429	31779258.00
20111116	12.49	12.53	11.91	11.93	2508326	32115416.00
20111117	11.99	12.12	11.87	11.94	1449955	18310304.00
20111118	11.79	11.83	11.35	11.42	2017262	24602450.00
20111121	11.37	11.52	11.24	11.48	1037224	12450656.00
20111122	11.34	11.64	11.25	11.61	1368966	16594324.00
20111123	11.55	11.67	11.40	11.44	1165494	14158559.00
20111124	11.27	11.50	11.18	11.34	1098479	13153158.00
20111125	11.26	11.40	10.92	11.01	1842425	21654962.00
20111128	11.06	11.23	10.96	11.19	1076187	12669434.00
20111129	11.30	11.47	11.28	11.45	1611313	19368716.00
20111130	11.50	11.50	10.69	10.77	1784930	20756532.00
20111201	11.14	11.23	10.92	10.96	1602369	18764724.00
20111202	10.96	10.96	10.61	10.69	942518	10703454.00
20111205	10.57	10.74	10.29	10.30	804290	8914910.00
20111206	10.30	10.45	10.22	10.36	864438	9516729.00
20111207	10.36	10.43	10.22	10.30	860951	9433507.00
20111208	10.26	10.44	10.07	10.35	852587	9311493.00
20111209	10.17	10.38	10.17	10.25	504047	5502520.00
20111212	10.16	10.53	10.16	10.36	789599	8697568.00
20111213	10.26	10.63	10.08	10.62	1740641	19173492.00
20111214	10.55	10.80	10.42	10.71	2280596	25813632.00
20111215	10.67	10.67	9.86	9.93	1895401	20653420.00
20111216	9.94	10.12	9.52	10.11	1610370	16777252.00
20111219	10.04	10.04	9.64	9.95	1132042	11887992.00
20111220	9.81	10.14	9.81	9.84	915596	9748553.00
20111221	9.97	10.10	9.68	9.83	985371	10409336.00
20111222	9.83	10.08	9.52	9.99	1143957	12009316.00
20111223	9.80	10.11	9.80	9.98	1069680	11403056.00
20111226	9.99	10.20	9.88	10.14	1269999	13620323.00
20111227	10.14	10.14	9.54	9.57	1043319	10967785.00
20111228	9.57	9.71	9.06	9.45	1295516	12916156.00
20111229	9.36	9.50	9.29	9.34	705092	7065234.00
20111230	9.41	9.52	9.36	9.47	679596	6855241.00
20120104	9.50	9.61	8.93	8.96	904744	9049711.00
20120105	8.91	9.05	8.46	8.47	1042882	9702387.00
20120106	8.51	8.65	8.36	8.65	797668	7290079.00
20120109	8.61	9.03	8.57	8.99	921859	8728884.00
20120110	9.01	9.52	8.99	9.47	1669781	16720789.00
20120111	9.47	9.52	9.26	9.42	1353085	13544723.00
20120112	9.31	9.52	9.28	9.37	840175	8429298.00
20120113	9.47	9.49	8.97	9.06	1024947	10031160.00
20120116	8.86	9.01	8.56	8.60	556597	5270923.00
20120117	8.62	9.28	8.54	9.22	1257467	12103259.00
20120118	9.16	9.34	8.89	8.92	765083	7497739.00
20120119	9.14	9.29	8.97	9.19	832478	8128042.00
20120120	9.19	9.49	9.17	9.37	1224591	12253001.00
20120130	9.47	9.52	9.31	9.39	1007586	10124803.00
20120131	9.38	9.38	9.15	9.23	870883	8582630.00
20120201	9.24	9.41	9.15	9.21	1098680	10860127.00
20120202	9.26	9.84	9.26	9.71	2926959	30043988.00
20120203	9.74	9.74	9.54	9.68	1791309	18409150.00
20120206	9.68	9.86	9.56	9.84	1859872	19312220.00
20120207	9.71	9.83	9.43	9.55	1429714	14586066.00
20120208	9.46	9.78	9.46	9.75	1450430	14981551.00
20120209	9.80	9.91	9.65	9.68	2276849	23722604.00
20120210	9.67	9.88	9.63	9.75	1894858	19694034.00
20120213	9.76	10.06	9.72	9.91	2199756	23241256.00
20120214	9.78	9.89	9.72	9.84	1527947	15937108.00
20120215	9.77	9.99	9.73	9.93	2031697	21411284.00
20120216	9.96	10.15	9.90	10.10	2540666	27159648.00
20120217	10.12	10.13	9.95	10.03	1287408	13748851.00
20120220	10.14	10.18	9.89	9.92	2419732	25852676.00
20120221	9.96	9.97	9.72	9.96	2283480	23901012.00
20120222	9.98	10.16	9.91	10.16	2415224	25911792.00
20120223	10.19	10.46	10.09	10.38	3702602	40522940.00
20120224	10.38	10.54	10.32	10.54	3744759	41524268.00
20120227	10.62	10.68	10.38	10.40	3522609	39427432.00
20120228	10.40	10.60	10.21	10.55	3180058	35046912.00
20120229	10.59	10.94	10.36	10.90	5058980	57485472.00
20120301	10.95	11.54	10.91	11.33	7440876	89135728.00
20120302	11.31	11.50	11.17	11.40	4327255	51939916.00
20120305	11.41	11.46	11.12	11.18	4632407	54984644.00
20120306	11.07	11.44	10.75	11.43	5608691	65873132.00
20120307	11.16	11.73	11.12	11.23	4110491	49691920.00
20120308	11.30	11.36	11.04	11.27	2411480	28601880.00
20120309	11.23	11.41	11.17	11.37	2238247	26725684.00
20120312	11.35	11.54	11.30	11.43	2481088	29876290.00
20120313	11.54	11.54	11.31	11.43	1849220	22273090.00
20120314	11.45	11.51	10.55	10.68	3752288	44299288.00
20120315	10.66	10.84	10.45	10.55	2207931	24840416.00
20120316	10.61	11.01	10.55	10.98	2392705	27415296.00
20120319	11.08	11.22	10.99	11.13	2287326	26829784.00
20120320	11.05	11.05	10.66	10.69	1563468	17955556.00
20120321	10.72	10.89	10.56	10.76	1140683	12963103.00
20120322	10.69	10.83	10.60	10.73	929150	10543377.00
20120323	10.72	10.75	10.36	10.39	1212920	13513680.00
20120326	10.24	10.47	10.24	10.33	649206	7115212.00
20120327	10.44	10.51	10.29	10.31	630047	6955683.00
20120328	10.36	10.36	9.83	9.91	1201565	12844265.00
20120329	9.96	9.96	9.51	9.64	848107	8757196.00
20120330	9.64	9.71	9.32	9.43	715355	7224150.00
20120405	9.46	9.74	9.37	9.69	1110603	11426329.00
20120406	9.79	10.56	9.69	10.30	2245985	24182032.00
20120409	10.26	10.57	10.12	10.12	1885104	20676376.00
20120410	10.16	10.22	9.65	10.11	1407336	14798724.00
20120411	9.94	10.10	9.79	10.07	812122	8639840.00
20120412	9.98	10.26	9.96	10.23	2075641	22361730.00
20120413	10.33	11.06	10.32	10.77	3857181	44157048.00
20120416	10.58	10.85	10.54	10.83	2347108	26628462.00
20120417	10.86	10.86	10.46	10.47	1521648	17197704.00
20120418	10.54	10.75	10.36	10.75	1852102	20845960.00
20120419	10.75	10.86	10.67	10.82	1692629	19322852.00
20120420	10.72	10.92	10.67	10.83	1933276	22130982.00
20120423	10.73	10.82	10.47	10.53	1740656	19639490.00
20120424	10.41	10.65	10.09	10.42	1554018	17121744.00
20120425	10.51	11.15	10.34	11.01	4534129	52389576.00
20120426	11.02	11.09	10.75	10.89	2248318	25982904.00
20120427	10.99	11.00	10.46	10.47	1842450	20905096.00
20120502	10.59	10.67	9.44	9.72	5442379	56452856.00
20120503	9.61	9.74	9.55	9.73	2236682	23006696.00
20120504	9.71	9.79	9.60	9.77	2080459	21459384.00
20120507	9.72	9.79	9.66	9.75	1817048	18801434.00
20120508	9.81	10.03	9.71	9.94	2553487	26783036.00
20120509	9.89	9.93	9.72	9.74	1422191	14818263.00
20120510	9.71	9.81	9.58	9.61	1246837	12844168.00
20120511	9.66	9.66	9.51	9.53	1040049	10621739.00
20120514	9.58	9.67	9.53	9.55	968353	9899311.00
20120515	9.55	9.55	9.27	9.44	931798	9346290.00
20120516	9.45	9.62	9.44	9.60	1889182	19228176.00
20120517	9.64	9.75	9.46	9.70	2207149	22753172.00
20120521	9.59	9.86	9.41	9.84	2723736	28118052.00
20120522	9.85	10.39	9.77	10.28	5312888	56936280.00
20120523	10.19	10.70	10.18	10.59	5830344	64452588.00
20120524	10.59	10.91	10.46	10.61	5139923	58087476.00
20120525	10.71	10.74	10.48	10.55	2515870	28184200.00
20120528	10.56	11.08	10.49	10.89	12394920	142202432.00
20120529	10.81	11.07	10.71	10.90	12067273	139051888.00
20120530	10.90	11.16	10.78	11.07	11489138	133878328.00
20120531	11.06	11.13	10.94	11.00	9027450	105278264.00
20120601	11.03	11.26	10.94	11.15	7858513	92497920.00
20120604	11.04	11.26	10.85	11.03	7798359	91556216.00
20120605	11.04	11.06	10.54	10.56	5579896	63467692.00
20120606	10.54	10.62	10.31	10.38	3569614	39528956.00
20120607	10.50	10.56	10.04	10.06	2702504	29639040.00
20120608	10.13	10.20	9.74	9.78	2534654	26789822.00
20120611	9.77	10.10	9.77	10.05	2419910	25743444.00
20120612	10.03	10.03	9.81	9.89	1440750	15204974.00
20120613	9.94	10.34	9.89	10.29	2888588	31210918.00
20120614	10.22	10.32	10.12	10.12	1907588	20697540.00
20120615	10.23	10.23	10.01	10.17	1484372	15932263.00
20120618	10.23	10.31	10.11	10.30	1517993	16487083.00
20120619	10.31	10.31	10.15	10.15	1164811	12643273.00
20120620	10.27	10.27	9.85	9.88	1508811	15990266.00
20120621	9.87	9.87	9.55	9.57	1558705	16030792.00
20120625	9.53	9.75	9.48	9.56	819441	8381393.00
20120626	9.54	9.97	9.46	9.89	2826152	29402832.00
20120627	9.85	10.22	9.81	10.06	3239401	34717568.00
20120628	9.96	10.21	9.91	10.04	2594781	27897582.00
20120629	9.85	10.35	9.73	10.24	1928209	20887884.00
20120702	10.31	10.32	10.12	10.15	1763790	19130688.00
20120703	10.11	10.51	10.11	10.48	5056348	55621380.00
20120704	10.48	10.68	10.36	10.49	5165862	57696808.00
20120705	10.55	10.55	10.20	10.40	3881288	42787680.00
20120706	10.42	10.54	10.16	10.46	1996726	22053160.00
20120709	10.44	10.50	10.27	10.42	1394107	15398006.00
20120710	10.42	10.71	10.17	10.24	3201611	35585500.00
20120711	10.29	10.29	9.86	10.18	2654750	28312832.00
20120712	10.22	10.52	10.06	10.41	2477860	27052812.00
20120713	10.37	10.41	10.19	10.35	1045468	11355248.00
20120716	10.36	10.61	10.25	10.37	2719818	29996564.00
20120717	10.42	10.56	9.40	10.52	8123044	88396528.00
20120718	10.34	10.59	10.04	10.56	3184791	34827080.00
20120719	11.21	11.67	11.16	11.67	15699904	191473552.00
20120720	12.44	12.89	12.30	12.89	32285456	428458688.00
20120723	12.46	12.48	11.89	12.18	17571636	224463424.00
20120724	12.08	12.32	11.89	12.21	11658194	147263456.00
20120725	12.20	12.32	11.75	12.20	9934720	124508240.00
20120726	11.99	12.11	11.53	11.63	7804746	97097712.00
20120727	11.70	11.74	11.17	11.28	7295021	87286096.00
20120730	11.31	11.39	10.74	10.87	5813558	67208456.00
20120731	10.82	11.34	10.60	11.04	7010769	80920776.00
20120801	10.95	11.29	10.85	11.12	5988588	69747832.00
20120802	10.96	11.31	10.90	11.27	5593311	65386864.00
20120803	11.22	11.56	11.09	11.44	8094758	96117568.00
20120806	11.35	11.69	11.28	11.59	7480490	89984168.00
20120807	11.49	11.64	11.30	11.50	6453366	77633424.00
20120808	11.40	11.78	11.37	11.41	6343688	76973104.00
20120809	11.34	11.37	10.95	11.33	5837722	68608768.00
20120810	11.22	11.98	11.17	11.73	10752855	132148256.00
20120813	11.66	11.99	11.55	11.60	7790068	96222752.00
20120814	11.49	11.65	10.86	11.27	5526525	64965492.00
20120815	11.16	11.37	11.07	11.09	2439906	28800060.00
20120816	10.99	11.16	10.92	10.99	2231970	25882576.00
20120817	11.02	11.63	11.01	11.61	5209343	61970416.00
20120820	11.49	11.80	11.36	11.71	5689023	69452512.00
20120821	11.65	11.83	11.55	11.65	5844011	71527936.00
20120822	11.63	11.78	11.07	11.15	5068066	60698740.00
20120823	11.06	11.23	10.89	11.18	3649184	42314668.00
20120824	11.15	11.15	10.89	11.03	2486269	28732724.00
20120827	10.90	10.93	10.59	10.59	2375167	26753582.00
20120828	10.47	10.79	10.46	10.67	1407181	15785174.00
20120829	10.69	10.89	10.60	10.78	2133810	24244784.00
20120830	10.84	10.84	10.19	10.39	1899923	21014220.00
20120831	10.25	10.50	10.24	10.41	1132592	12426423.00
20120903	10.33	10.79	10.32	10.72	2428228	27205760.00
20120904	10.71	11.05	10.68	10.71	2997922	34197424.00
20120905	10.74	10.85	10.59	10.76	1238837	13998281.00
20120906	10.68	11.14	10.68	10.95	2962730	34080152.00
20120907	11.07	11.41	10.90	11.22	4585528	53866988.00
20120910	11.21	11.28	11.08	11.24	2812207	33024656.00
20120911	11.15	11.20	10.96	11.04	2240832	26077048.00
20120912	11.04	11.30	11.04	11.29	2486949	29257156.00
20120913	11.38	11.38	10.72	10.77	3410282	39620048.00
20120914	10.89	10.95	10.52	10.63	3953908	44275792.00
20120917	10.59	10.68	10.42	10.42	1958429	21686528.00
20120918	10.36	10.59	10.14	10.24	2587553	28219982.00
20120919	10.32	10.45	10.16	10.41	1602186	17462410.00
20120920	10.32	10.37	9.96	10.04	1587751	16993008.00
20120921	9.89	10.40	9.89	10.26	2319826	24879160.00
20120924	10.08	10.26	9.95	10.20	1282280	13733685.00
20120925	10.04	10.25	10.04	10.10	971146	10384114.00
20120926	10.01	10.13	9.59	9.64	1515559	15750562.00
20120927	9.64	10.04	9.59	9.90	1536835	15955773.00
20120928	9.90	10.11	9.80	10.07	1314180	13871598.00
20121008	9.98	10.25	9.98	10.12	1187534	12710831.00
20121009	10.16	10.36	10.15	10.36	1752037	19015412.00
20121010	10.31	10.46	10.28	10.40	1792980	19594534.00
20121011	10.44	10.44	10.17	10.18	1206350	13070687.00
20121012	10.14	10.30	10.00	10.14	1067436	11407180.00
20121015	10.23	10.23	9.77	9.89	1644819	17272740.00
20121016	9.88	10.38	9.87	10.29	2640114	28381710.00
20121017	10.67	11.38	10.66	11.05	12393690	145786304.00
20121018	10.62	11.07	10.49	10.92	8105167	91796432.00
20121019	10.86	11.08	10.70	10.73	4772162	54633128.00
20121022	10.55	10.82	10.54	10.80	1960508	22161200.00
20121023	10.72	11.00	10.70	10.73	2713140	30953858.00
20121024	10.64	10.77	10.46	10.48	2677911	29852258.00
20121025	10.47	10.60	10.39	10.42	1970331	21756876.00
20121026	10.36	10.72	10.32	10.55	2938451	32585108.00
20121029	10.54	10.54	10.29	10.44	1267471	13899049.00
20121030	10.44	10.90	10.40	10.87	2797537	31549684.00
20121031	10.79	10.93	10.64	10.87	3040145	34550480.00
20121101	10.88	11.09	10.81	10.99	4348080	50117364.00
20121102	10.95	11.03	10.81	11.00	2941956	33764352.00
20121105	10.93	11.04	10.84	10.93	1658543	19027972.00
20121106	10.86	10.94	10.57	10.81	2560782	28856156.00
20121107	10.82	11.41	10.80	11.06	5113239	59888672.00
20121108	10.85	11.10	10.68	10.69	3226609	36815452.00
20121109	10.55	11.28	10.55	11.09	4935097	57254940.00
20121112	11.09	11.70	11.04	11.42	7979478	95473504.00
20121113	11.39	11.44	11.14	11.20	3739937	44137008.00
20121114	11.11	11.41	10.95	11.21	3353606	39379728.00
20121115	11.06	11.21	10.92	10.95	2409424	27965672.00
20121116	10.84	10.91	10.34	10.37	3409493	38084088.00
20121119	10.37	10.37	9.92	10.15	2793461	29700892.00
20121120	10.24	10.36	10.05	10.32	1926807	20800846.00
20121121	10.22	10.40	10.10	10.39	1752538	18990152.00
20121122	10.30	10.74	10.18	10.56	3600117	39897752.00
20121123	10.73	11.09	10.72	10.82	5259076	60251092.00
20121126	10.74	10.99	10.63	10.79	3068329	35043020.00
20121127	10.71	10.89	10.11	10.16	3023736	33191616.00
20121128	10.01	10.31	9.95	10.24	1895452	20359760.00
20121129	10.29	10.30	9.64	9.74	2096671	22114680.00
20121130	9.76	9.92	9.66	9.87	1679133	17394860.00
20121203	9.81	9.90	9.63	9.65	1387977	14295185.00
20121204	9.62	9.86	9.25	9.84	1686014	17029780.00
20121205	9.84	10.27	9.72	10.16	2566484	27337844.00
20121206	10.12	10.24	9.98	10.09	1581680	16837348.00
20121207	10.10	10.49	10.07	10.45	3200384	35035268.00
20121210	10.43	10.81	10.36	10.77	3464883	38499516.00
20121211	10.73	10.73	10.51	10.51	2371227	26477828.00
20121212	10.45	10.56	10.25	10.47	2398233	26324376.00
20121213	10.43	10.67	10.29	10.44	1795074	19841610.00
20121214	10.36	11.52	10.36	11.27	7350215	85209272.00
20121217	11.24	11.29	10.96	11.16	4469276	52212048.00
20121218	11.16	11.50	11.05	11.24	5009844	59377600.00
20121219	11.22	11.73	11.14	11.33	4139322	49862980.00
20121220	11.25	11.44	11.16	11.38	3317477	39389640.00
20121221	11.40	11.51	11.21	11.28	3475073	41319424.00
20121224	11.24	11.90	11.21	11.74	5944119	72614856.00
20121225	11.88	12.23	11.72	11.73	9430650	117828504.00
20121226	11.67	11.86	11.57	11.78	4819515	59149096.00
20121227	11.79	11.84	11.46	11.46	3859012	46979408.00
20121228	11.48	11.73	11.48	11.70	2886177	35209072.00
20121231	11.72	11.79	11.56	11.74	2972305	36398796.00
20130104	11.79	11.83	11.49	11.54	2784873	33873908.00
20130107	11.57	11.78	11.36	11.77	3490697	42232104.00
20130108	11.76	12.03	11.67	11.82	5385328	66810832.00
20130109	11.81	12.03	11.66	11.84	4883328	60660688.00
20130110	11.76	11.92	11.62	11.75	3370657	41566384.00
20130111	11.75	11.83	11.43	11.44	2942688	35721736.00
20130114	11.30	11.76	11.30	11.75	3582269	43628212.00
20130115	11.81	12.19	11.70	12.07	6462930	81092456.00
20130116	12.07	12.45	11.91	12.44	6556337	83209152.00
20130117	12.27	12.49	12.04	12.11	3567754	45631092.00
20130118	12.64	12.89	12.18	12.40	6068494	78943888.00
20130121	12.31	12.52	12.26	12.41	3757272	48488872.00
20130122	12.31	12.31	11.93	12.12	3527136	44746588.00
20130123	12.04	12.04	11.72	11.97	3061946	38089608.00
20130124	11.95	12.16	11.62	11.67	3017022	37565808.00
20130125	11.69	11.77	11.61	11.68	1361056	16666981.00
20130128	11.74	12.07	11.73	12.05	2263423	28209432.00
20130129	12.07	12.28	12.00	12.19	2452624	31195180.00
20130130	12.21	12.21	11.93	12.02	2018380	25416656.00
20130131	12.05	12.08	11.78	11.91	1705890	21220916.00
20130201	11.95	12.16	11.93	12.07	2434892	30674708.00
20130204	12.05	12.22	11.92	12.12	2594392	32709076.00
20130205	12.21	13.32	12.20	13.00	8477066	113352632.00
20130206	13.00	13.56	12.96	13.50	8091021	111762008.00
20130207	13.04	13.24	12.75	13.05	5856919	79364600.00
20130208	13.08	13.23	12.95	13.14	3250461	44423580.00
20130218	13.24	13.36	12.85	12.92	3731384	50856008.00
20130219	12.95	12.95	12.40	12.62	3588522	47153688.00
20130220	12.57	12.96	12.46	12.95	3144663	41859032.00
20130221	12.86	12.87	12.52	12.60	2201325	29096790.00
20130222	12.59	12.67	12.24	12.26	3265535	42479608.00
20130225	12.29	12.72	12.26	12.70	3383311	44093768.00
20130226	12.59	12.90	12.37	12.41	3018922	40083860.00
20130227	12.41	13.18	12.41	12.91	3060988	40885960.00
20130228	13.29	13.64	13.15	13.44	7033884	98217416.00
20130301	13.33	13.73	13.16	13.55	5641493	78866336.00
20130304	13.45	13.71	13.22	13.47	4997284	70060928.00
20130305	13.49	13.98	13.49	13.83	4861850	69931968.00
20130306	13.77	13.89	13.46	13.60	4787304	67798632.00
20130307	13.56	13.62	13.18	13.31	2933860	40840012.00
20130308	13.30	13.79	13.29	13.35	2596461	36622620.00
20130311	13.24	13.28	12.94	13.10	2265917	30910132.00
20130312	13.15	13.32	12.32	12.46	4032158	53525288.00
20130313	12.46	12.58	12.22	12.32	1918761	24769512.00
20130314	12.27	12.48	12.27	12.45	1381798	17906532.00
20130315	12.45	12.81	12.25	12.68	2390342	31544436.00
20130318	12.57	12.67	12.38	12.42	1283756	16778328.00
20130319	12.42	12.69	12.38	12.66	1252511	16386312.00
20130320	12.70	13.03	12.67	13.02	2756717	37005784.00
20130321	13.02	13.09	12.87	13.02	2211904	29977536.00
20130322	13.02	13.19	12.83	12.95	1840676	24883440.00
20130325	12.88	12.99	12.67	12.74	1371446	18276864.00
20130326	12.70	12.70	12.46	12.60	1294094	16972064.00
20130327	12.61	12.74	12.54	12.73	1494385	19724336.00
20130328	12.57	12.57	12.05	12.08	2030604	26056552.00
20130329	12.14	12.46	12.04	12.33	1425012	18325482.00
20130401	12.34	12.50	12.20	12.36	947221	12245672.00
20130402	12.37	12.54	12.17	12.27	1435783	18540436.00
20130403	12.33	12.35	12.06	12.11	825699	10513074.00
20130408	12.19	13.19	12.19	13.16	5589797	74711328.00
20130409	12.94	13.16	12.82	12.98	3401483	45950688.00
20130410	12.96	12.98	12.62	12.78	2260243	30172988.00
20130411	12.87	13.03	12.68	12.71	2051083	27531020.00
20130412	12.65	12.67	12.26	12.33	2074917	26842644.00
20130415	12.30	12.77	12.29	12.35	1291188	16910520.00
20130416	12.00	12.23	11.80	12.20	1281949	16112862.00
20130417	12.14	12.30	12.11	12.27	854293	10906069.00
20130418	11.82	12.36	11.82	12.28	2226661	28102136.00
20130419	12.15	12.52	12.15	12.38	1825998	23588396.00
20130422	12.27	12.54	12.19	12.53	1495733	19377456.00
20130423	12.53	12.68	12.28	12.36	3229546	42222416.00
20130424	12.36	12.54	12.27	12.49	1556414	20197268.00
20130425	12.49	12.49	12.12	12.19	1345988	17366604.00
20130426	12.30	12.31	11.89	12.10	1410556	17772168.00
20130502	12.08	12.08	11.61	11.67	1591021	19599460.00
20130503	11.67	11.81	11.62	11.69	1909261	23460628.00
20130506	11.72	12.01	11.68	11.97	1627608	20162510.00
20130507	11.89	11.96	11.80	11.89	739412	9186367.00
20130508	11.87	11.96	11.77	11.89	1235059	15348473.00
20130509	11.91	11.94	11.62	11.70	1550193	19107018.00
20130510	11.59	11.86	11.54	11.84	1126827	13866888.00
20130513	11.84	12.20	11.80	12.05	2029440	25448900.00
20130514	12.06	12.06	11.70	11.86	1720861	21378980.00
20130515	11.83	11.86	11.60	11.74	1293530	15888208.00
20130516	11.69	11.94	11.63	11.88	1434321	17775120.00
20130517	11.94	12.06	11.81	12.04	2090790	26155564.00
20130520	12.02	12.26	11.97	12.25	2593605	32976524.00
20130521	12.25	12.29	12.08	12.25	2320820	29513768.00
20130522	12.18	12.60	12.18	12.44	3949878	51387108.00
20130523	12.32	12.37	12.06	12.11	2406759	30693868.00
20130524	12.19	12.25	12.10	12.14	1249936	15903991.00
20130527	12.10	12.37	12.10	12.35	2010401	25723968.00
20130528	12.30	12.37	12.12	12.30	1692394	21681556.00
20130529	12.31	12.47	12.24	12.35	2007634	25914764.00
20130530	12.34	12.40	12.13	12.20	2336189	29900704.00
20130531	12.18	12.31	12.04	12.08	1942673	24670478.00
20130603	12.07	12.17	12.03	12.08	1552959	19667298.00
20130604	12.05	12.05	11.59	11.64	2208892	27241108.00
20130605	11.57	11.84	11.56	11.69	1042996	12734000.00
20130606	11.64	11.69	11.46	11.47	948291	11516199.00
20130607	11.51	11.55	10.89	10.92	2282157	26811330.00
20130613	10.72	10.74	10.44	10.48	1451129	16061099.00
20130614	10.50	10.80	10.49	10.75	956003	10724730.00
20130617	10.69	10.74	10.55	10.64	986637	11060569.00
20130618	10.67	11.21	10.57	11.17	2238507	25764044.00
20130619	11.13	11.34	10.99	11.10	1170951	13668973.00
20130620	11.14	11.14	10.60	10.64	1037019	11844805.00
20130621	10.54	10.86	10.25	10.69	655665	7304025.00
20130624	10.61	10.77	9.86	9.98	933413	10107054.00
20130625	9.94	10.46	9.26	10.33	2242726	23719644.00
20130626	10.33	10.45	10.11	10.34	1066434	11570914.00
20130627	10.35	10.53	10.14	10.15	813230	8893114.00
20130628	10.15	10.30	9.97	10.24	753440	8072493.00
20130701	10.24	10.33	10.12	10.32	348993	3699265.00
20130702	10.26	10.54	10.26	10.51	818727	8843753.00
20130703	10.50	10.51	10.19	10.39	736201	7882729.00
20130704	10.39	10.62	10.29	10.52	945551	10272596.00
20130705	10.52	10.56	10.34	10.35	867652	9390407.00
20130708	10.14	10.20	9.69	9.73	1129670	11563034.00
20130709	9.73	9.79	9.60	9.74	596040	5991739.00
20130710	9.73	10.00	9.69	9.95	736332	7556085.00
20130711	9.95	10.29	9.91	10.22	1212693	12766433.00
20130712	10.32	10.32	10.10	10.10	909110	9599239.00
20130715	10.12	10.28	10.05	10.22	973259	10240994.00
20130716	10.26	10.32	10.11	10.29	839716	8881317.00
20130717	10.30	10.37	10.04	10.07	1239300	13154242.00
20130718	10.07	10.40	10.03	10.37	1703255	18126000.00
20130719	10.39	10.45	10.07	10.11	1034785	10992601.00
20130722	10.04	11.05	9.97	10.46	2042672	22282498.00
20130723	10.46	10.84	10.34	10.57	1742014	19001372.00
20130724	10.49	10.57	10.28	10.44	1201462	12954284.00
20130725	10.45	10.47	10.18	10.21	1028041	10942339.00
20130726	10.27	10.27	9.84	9.92	1188395	12317626.00
20130729	9.88	9.88	9.72	9.83	856557	8686976.00
20130730	9.81	9.88	9.67	9.79	643374	6526124.00
20130731	9.86	9.93	9.80	9.92	724119	7403606.00
20130801	10.95	10.95	10.47	10.69	5813457	64489856.00
20130802	10.47	11.09	10.45	10.76	4844439	54366808.00
20130805	10.61	10.87	10.54	10.81	2526344	27997018.00
20130806	10.77	10.94	10.75	10.81	1928109	21556918.00
20130807	10.78	10.79	10.44	10.48	1946471	21330212.00
20130808	10.44	10.60	10.35	10.53	1168687	12664674.00
20130809	10.53	10.63	10.35	10.52	1310407	14194801.00
20130812	10.43	10.70	10.43	10.69	1931838	21119852.00
20130813	10.68	10.78	10.63	10.70	1453403	16061369.00
20130814	10.68	10.75	10.48	10.58	1326150	14584093.00
20130815	10.52	10.63	10.42	10.54	700171	7658573.00
20130816	10.54	10.78	10.26	10.28	1827002	19955636.00
20130819	10.14	10.47	10.14	10.41	1314156	14032042.00
20130820	10.34	10.53	10.34	10.51	1024809	11092940.00
20130821	10.50	10.70	10.36	10.69	1490852	16267522.00
20130822	10.64	10.81	10.59	10.75	1977471	21874148.00
20130823	10.64	10.70	10.27	10.52	2940836	31994642.00
20130826	10.50	11.08	10.49	11.04	5414090	60602628.00
20130827	11.82	12.18	11.55	12.11	14196061	174085952.00
20130828	11.77	12.17	11.59	11.85	10060441	122890008.00
20130829	11.56	11.71	11.29	11.34	6250557	73837760.00
20130830	11.24	11.69	11.19	11.54	6567589	77928544.00
20130902	11.70	11.77	11.05	11.45	4277613	49963396.00
20130903	11.34	11.53	11.21	11.38	3829928	44960640.00
20130904	11.38	11.46	11.26	11.32	2636383	30923326.00
20130905	11.26	11.31	11.00	11.04	3035448	34774548.00
20130906	11.05	11.62	10.95	11.43	5662793	66077160.00
20130909	11.34	11.54	11.25	11.34	4178864	49109320.00
20130910	11.37	11.80	11.34	11.77	6932112	83243808.00
20130911	11.83	11.89	11.47	11.55	4165192	49844776.00
20130912	11.57	11.57	11.39	11.40	2309731	27301018.00
20130913	11.32	11.50	11.24	11.34	1948916	22841596.00
20130916	11.34	11.47	11.28	11.37	1678369	19666712.00
20130917	11.42	11.42	10.66	10.93	2852128	32503204.00
20130918	10.88	11.02	10.85	11.00	1056850	11967051.00
20130923	11.04	11.14	10.93	11.14	1847985	21039252.00
20130924	11.07	11.12	10.84	11.09	1858436	21127596.00
20130925	11.09	11.29	11.00	11.12	2632156	30314662.00
20130926	11.09	11.12	10.80	10.81	1939831	21878248.00
20130927	10.91	10.91	10.44	10.59	2060012	22761950.00
20130930	10.62	10.71	10.53	10.59	1223722	13435434.00
20131008	10.60	10.79	10.49	10.77	1141187	12580703.00
20131009	10.76	10.79	10.64	10.76	1410283	15603669.00
20131010	10.69	11.23	10.59	11.21	4655797	52397708.00
20131011	11.21	12.02	11.17	11.85	10697503	128693960.00
20131014	11.84	12.21	11.67	11.81	8577261	105569192.00
20131015	11.73	12.97	11.72	12.33	8969963	113674864.00
20131016	12.12	12.74	12.04	12.23	10477488	133944424.00
20131017	12.13	12.49	11.64	11.71	5679095	70304296.00
20131018	11.74	11.91	11.57	11.84	2539014	30838544.00
20131021	11.89	12.07	11.70	11.98	2853544	35046852.00
20131022	11.98	12.28	11.67	11.87	3661843	45118032.00
20131023	11.80	11.85	11.24	11.35	3492895	41428228.00
20131024	11.34	11.44	11.11	11.29	1924821	22337804.00
20131025	11.28	11.35	10.92	11.03	1889037	21592912.00
20131028	11.02	11.20	11.02	11.13	1064341	12226878.00
20131029	11.13	11.19	10.30	10.66	2775921	30531972.00
20131030	10.64	10.66	10.34	10.63	2667716	28936756.00
20131031	10.58	10.58	10.40	10.49	1334109	14486065.00
20131101	10.48	10.71	10.48	10.63	1375951	15082483.00
20131104	10.65	10.70	10.60	10.64	1249775	13772300.00
20131105	10.64	10.73	10.45	10.61	1770700	19433116.00
20131106	10.61	11.42	10.58	11.33	5448662	62507728.00
20131107	11.14	11.14	10.80	10.94	2541092	28808488.00
20131108	10.81	10.92	10.50	10.83	3036888	33401274.00
20131111	10.68	10.83	10.54	10.70	1302805	14395637.00
20131112	10.70	10.92	10.70	10.90	1865660	20887178.00
20131113	10.82	10.84	10.60	10.76	1458049	16121430.00
20131114	10.70	10.74	10.52	10.67	1394584	15339163.00
20131115	10.73	11.14	10.65	11.06	2992330	33970676.00
20131118	11.23	11.68	10.96	11.41	4189620	48960584.00
20131119	11.29	11.64	11.22	11.42	3500689	41333012.00
20131120	11.43	11.62	11.19	11.45	2865932	33527092.00
20131121	11.30	11.56	11.28	11.47	2799507	33011252.00
20131122	11.52	11.85	11.46	11.62	3697379	44454616.00
20131125	11.47	12.04	11.44	11.83	5401706	65951092.00
20131126	12.15	12.74	11.84	11.96	9117680	113652912.00
20131127	11.92	12.14	11.87	11.94	4546409	56197424.00
20131128	12.04	12.30	11.97	12.01	4536372	56405392.00
20131129	12.08	13.25	12.04	12.84	13195452	173771328.00
20131202	12.35	12.59	11.64	11.92	6489170	81023592.00
20131203	11.91	12.36	11.78	12.26	3936556	49173160.00
20131204	12.42	13.24	12.42	12.63	8229310	108776312.00
20131205	12.54	12.91	12.40	12.83	4182677	54534172.00
20131206	12.69	12.88	12.55	12.75	2647766	34584752.00
20131209	13.00	13.24	12.86	13.15	5238004	70448584.00
20131210	13.12	14.00	12.96	13.26	7461179	103450752.00
20131211	13.24	13.74	12.75	13.61	6725076	91243680.00
20131212	13.43	13.90	13.19	13.43	4852102	67409672.00
20131213	13.44	13.58	13.06	13.21	3259710	44678992.00
20131216	13.21	13.32	12.55	12.63	3791337	50166880.00
20131217	12.62	12.74	12.22	12.29	2448874	31372764.00
20131218	12.39	12.46	12.19	12.26	1582219	20062842.00
20131219	12.24	12.48	12.10	12.24	1356378	17146648.00
20131220	12.24	12.44	12.11	12.23	1269584	16000309.00
20131223	12.15	12.32	11.85	12.09	1510985	18795888.00
20131224	12.10	12.31	12.05	12.27	1918849	24082816.00
20131225	12.27	12.32	12.10	12.26	1496144	18790576.00
20131226	12.29	12.29	11.64	11.82	1857707	22886784.00
20131227	11.82	12.04	11.76	11.91	1332599	16318777.00
20131230	11.95	12.38	11.84	12.35	2265528	28185228.00
20131231	12.24	12.40	12.12	12.33	1450182	18310094.00
20140102	12.28	12.30	12.14	12.16	1241799	15600921.00
20140103	12.18	12.28	11.81	11.85	1585694	19515878.00
20140106	11.77	11.77	11.32	11.36	1527723	18067408.00
20140107	11.32	11.64	11.21	11.61	1300136	15345312.00
20140108	11.54	11.76	11.36	11.45	1042939	12389101.00
20140109	11.37	11.73	11.24	11.24	1075824	12767950.00
20140110	11.24	11.75	11.23	11.25	919435	10850674.00
20140113	11.27	11.51	11.10	11.14	768057	8939104.00
20140114	11.07	11.39	11.07	11.36	933827	10818529.00
20140115	11.32	11.67	11.25	11.64	1962516	23361000.00
20140116	11.56	11.71	11.54	11.59	862104	10318510.00
20140117	11.54	11.59	11.24	11.28	711870	8402245.00
20140120	11.28	11.43	11.14	11.28	459968	5358974.00
20140121	11.28	11.61	11.19	11.52	704491	8335090.00
20140122	11.46	11.97	11.46	11.80	1980441	23944024.00
20140123	11.74	12.01	11.73	11.89	1721738	21102150.00
20140124	11.84	12.00	11.72	11.88	1579723	19328152.00
20140127	11.87	11.87	11.59	11.65	1537847	18508292.00
20140128	11.70	11.81	11.60	11.66	1231843	14829635.00
20140129	11.68	11.70	11.52	11.64	1366612	16353464.00
20140130	11.63	11.63	11.09	11.10	2550654	29638136.00
20140207	11.10	11.10	10.96	11.07	1852867	21096832.00
20140210	11.04	11.49	11.04	11.48	2587481	30173730.00
20140211	11.44	11.68	11.38	11.63	2526194	30177388.00
20140212	11.63	11.80	11.55	11.77	2660229	31954568.00
20140213	11.73	12.08	11.64	11.80	3875389	47351704.00
20140214	11.75	12.04	11.70	11.95	2490195	30528352.00
20140217	12.04	12.12	11.82	12.03	3128211	38514048.00
20140218	11.99	12.00	11.64	11.82	3252517	39537524.00
20140219	11.80	12.08	11.74	12.04	3324908	40925000.00
20140220	12.03	12.14	11.77	11.89	3101376	38238364.00
20140221	12.03	12.55	11.91	12.53	6999301	87956168.00
20140224	12.42	12.42	12.04	12.29	4495544	56635108.00
20140225	12.29	12.35	11.42	11.48	4086689	50346792.00
20140226	11.36	11.48	11.03	11.47	2826034	32820132.00
20140227	11.42	11.59	11.16	11.19	1753430	20580368.00
20140228	11.19	11.48	11.06	11.38	1297614	15095499.00
20140303	11.40	12.28	11.32	12.01	4090612	50081912.00
20140304	11.85	11.99	11.62	11.79	3292030	39914756.00
20140305	11.79	11.92	11.73	11.89	2222651	27063980.00
20140306	11.88	11.99	11.56	11.93	2254977	27478568.00
20140307	11.90	12.03	11.77	11.83	2026832	24843212.00
20140310	11.80	11.80	11.34	11.38	1750137	20785462.00
20140311	11.34	11.52	11.10	11.28	1838682	21465966.00
20140312	11.19	11.46	11.17	11.43	1065356	12422393.00
20140313	11.38	11.48	11.34	11.36	917155	10784793.00
20140314	11.34	11.56	11.25	11.40	1450628	17090612.00
20140317	11.39	11.60	11.38	11.56	989180	11737170.00
20140318	11.53	11.83	11.53	11.60	1792385	21624896.00
20140319	11.64	11.83	11.46	11.82	1455355	17477728.00
20140320	11.82	11.99	11.44	11.47	2366283	28737292.00
20140321	11.35	11.84	11.30	11.82	2134285	25542312.00
20140324	11.86	12.03	11.80	11.95	2347522	28806356.00
20140325	11.99	12.41	11.92	12.18	4158755	52206612.00
20140326	12.19	12.24	11.94	12.07	2100405	26039686.00
20140327	12.07	12.26	12.04	12.12	2407124	30145388.00
20140328	12.11	12.65	12.10	12.15	5782755	73777040.00
20140331	12.19	12.34	11.53	11.59	3174922	38612248.00
20140401	11.54	11.68	11.54	11.67	1364765	16345692.00
20140402	11.63	11.78	11.59	11.67	1293435	15566358.00
20140403	11.64	11.74	11.48	11.55	1338477	15952249.00
20140404	11.57	11.81	11.55	11.80	1362447	16449188.00
20140408	11.80	12.02	11.77	12.02	1446864	17716188.00
20140409	12.02	12.15	11.92	12.14	1882366	23387380.00
20140410	12.06	12.58	12.06	12.46	4857822	61952556.00
20140411	12.39	12.77	12.31	12.55	4491955	58179652.00
20140414	12.54	12.61	12.32	12.49	2034934	26065532.00
20140415	12.43	12.44	12.20	12.35	2415665	30656968.00
20140416	12.33	12.51	12.25	12.36	1588408	20251664.00
20140417	12.34	12.77	12.34	12.61	2985990	38623528.00
20140418	12.64	12.87	12.46	12.83	3009956	39350236.00
20140421	12.65	12.93	12.15	12.33	3051781	39538528.00
20140422	12.24	12.39	11.97	12.36	2349547	29402406.00
20140423	12.32	12.42	12.15	12.24	1275830	16133949.00
20140424	12.29	12.36	12.12	12.26	1098889	13865395.00
20140425	12.22	12.30	11.59	11.75	2665610	32697308.00
20140428	11.60	11.69	11.44	11.57	929053	11067046.00
20140429	11.59	11.73	11.52	11.72	700754	8405232.00
20140430	10.86	11.19	10.51	10.78	5114188	57109852.00
20140505	10.76	10.82	10.51	10.77	2301648	25311342.00
20140506	10.72	11.03	10.72	11.02	1839900	20771302.00
20140507	10.95	10.99	10.79	10.90	1192858	13428054.00
20140508	10.84	11.10	10.77	10.91	645282	7301815.00
20140509	10.91	10.98	10.72	10.91	952688	10665829.00
20140512	10.98	11.00	10.54	10.84	4693567	52074608.00
20140513	10.65	10.79	10.64	10.76	1757176	19436856.00
20140514	10.74	10.80	10.70	10.75	972043	10804752.00
20140515	10.74	10.79	10.55	10.62	1143654	12563336.00
20140516	10.68	10.68	10.37	10.54	908253	9837186.00
20140519	10.54	10.54	10.30	10.36	535100	5753017.00
20140520	10.48	10.49	10.23	10.36	1125217	12050625.00
20140521	10.37	10.49	10.27	10.42	641882	6899981.00
20140522	10.42	10.54	10.36	10.42	836465	9051075.00
20140523	10.37	10.50	10.37	10.47	556154	6006163.00
20140526	10.50	10.58	10.46	10.54	852853	9275470.00
20140527	10.62	10.64	10.44	10.50	645447	7015207.00
20140528	10.44	10.57	10.43	10.52	862733	9370512.00
20140529	10.49	10.60	10.48	10.50	953534	10405152.00
20140530	10.57	10.57	10.43	10.53	467946	5081954.00
20140603	10.57	10.65	10.54	10.55	888363	9734882.00
20140604	10.57	10.57	10.23	10.33	1007124	10765061.00
20140605	10.33	10.39	10.27	10.37	499126	5343979.00
20140606	10.39	10.46	10.23	10.44	636993	6815553.00
20140609	10.41	10.44	10.28	10.39	536596	5752458.00
20140610	10.41	10.42	10.28	10.29	2037466	21768238.00
20140611	10.26	10.32	10.04	10.11	2043803	21473620.00
20140612	10.13	10.38	9.94	10.35	2153545	22743460.00
20140613	10.31	10.38	10.25	10.34	878419	9384611.00
20140616	10.34	10.35	10.19	10.31	871254	9283718.00
20140617	10.30	10.32	10.17	10.21	703916	7447914.00
20140618	10.20	10.26	9.93	9.99	1047780	10956060.00
20140619	9.98	10.07	9.57	9.65	1095886	11150549.00
20140620	9.61	9.78	9.59	9.73	661992	6645449.00
20140623	9.73	9.82	9.64	9.69	824673	8302099.00
20140624	9.73	9.77	9.69	9.74	547101	5521113.00
20140625	9.75	9.75	9.60	9.63	1048987	10492023.00
20140626	9.63	9.85	9.60	9.84	1073856	10860117.00
20140627	9.84	10.07	9.81	10.03	2458306	25332472.00
20140630	10.02	10.08	9.96	10.02	1489379	15466476.00
20140701	10.01	10.45	9.94	10.15	2844904	30006652.00
20140702	10.15	10.15	10.01	10.11	1490344	15570177.00
20140703	10.11	10.28	10.05	10.24	1535071	16163128.00
20140704	10.34	10.34	10.17	10.22	986559	10431159.00
20140707	10.18	10.28	10.12	10.26	814534	8594813.00
20140708	10.34	10.34	10.15	10.23	1015784	10747493.00
20140709	10.26	10.29	10.05	10.07	1284022	13530175.00
20140710	10.14	10.14	10.02	10.06	851307	8898653.00
20140711	10.06	10.24	10.02	10.22	830409	8742170.00
20140714	10.27	10.34	10.18	10.33	1185315	12623529.00
20140715	10.33	10.34	10.21	10.25	957110	10163054.00
20140716	10.27	10.44	10.23	10.40	2114051	22645552.00
20140717	10.41	10.70	10.36	10.55	2854095	31198128.00
20140718	10.54	10.57	10.45	10.55	1338653	14557631.00
20140721	10.55	10.64	10.49	10.53	902649	9845856.00
20140722	10.57	10.70	10.52	10.67	1323123	14524346.00
20140723	10.74	10.74	10.50	10.53	988005	10616739.00
20140724	10.49	10.61	10.41	10.47	1120912	11912824.00
20140725	10.44	10.57	10.41	10.53	1003283	10671684.00
20140728	10.58	10.77	10.55	10.72	1307493	14151255.00
20140729	10.69	10.81	10.69	10.78	1324460	14466726.00
20140730	10.73	10.86	10.69	10.80	1467808	16050143.00
20140731	10.79	10.89	10.70	10.85	1686361	18493276.00
20140801	10.85	11.12	10.80	10.90	3295693	36689720.00
20140804	10.92	11.06	10.85	11.04	1791141	19897100.00
20140805	11.08	11.09	10.94	11.08	1347362	15069292.00
20140806	11.10	11.10	10.95	11.09	1005092	11268231.00
20140807	11.05	11.19	10.86	10.90	1149407	12883455.00
20140808	10.90	11.02	10.84	10.99	1080998	11981420.00
20140811	10.96	11.17	10.96	11.13	1252250	14082090.00
20140812	11.13	11.21	11.05	11.13	1234062	13910622.00
20140813	11.13	11.22	10.99	11.12	1180335	13311353.00
20140814	11.14	11.18	11.06	11.12	1137843	12828859.00
20140815	11.19	11.46	11.16	11.35	2633536	30312512.00
20140818	11.33	11.59	11.31	11.48	2159450	25113510.00
20140819	11.51	11.54	11.38	11.50	1359827	15785088.00
20140820	11.50	11.82	11.44	11.63	2209781	26027276.00
20140821	11.61	11.75	11.49	11.62	1866309	21904960.00
20140822	11.63	11.72	11.55	11.71	1409521	16674712.00
20140825	11.71	11.77	11.51	11.59	1397187	16453445.00
20140826	11.59	11.69	11.22	11.59	2558548	29670598.00
20140827	11.44	12.72	11.44	12.28	6264051	77516120.00
20140916	13.50	13.50	12.66	12.77	14519911	190995648.00
20140917	12.44	12.58	12.14	12.54	5869752	73830112.00
20140918	12.38	12.78	12.38	12.60	3175330	40543056.00
20140919	12.60	12.91	12.44	12.84	3459682	44657720.00
20140922	12.69	12.78	12.24	12.34	3450342	43533572.00
20140923	12.39	12.54	12.28	12.47	1642251	20677488.00
20140924	12.46	12.78	12.46	12.71	2611621	33422376.00
20140925	12.70	12.83	12.50	12.53	2126125	27236648.00
20140926	12.56	12.89	12.40	12.78	3341839	43104360.00
20140929	12.72	12.89	12.64	12.80	3388858	43717312.00
20140930	12.75	12.93	12.64	12.76	3240429	41954480.00
20141008	12.76	13.06	12.67	13.01	3279179	42952008.00
20141009	13.06	13.24	12.81	13.01	3208397	42306172.00
20141010	12.90	13.00	12.75	12.77	2037444	26514944.00
20141013	12.79	12.79	12.44	12.78	2146451	27422376.00
20141014	12.70	12.84	12.58	12.83	1734528	22349178.00
20141015	12.77	13.04	12.59	13.02	2680620	34896220.00
20141016	12.86	14.34	12.83	13.95	9035669	126321720.00
20141017	13.89	13.89	13.22	13.38	5492998	75117376.00
20141020	13.50	14.16	13.40	13.88	3906381	54655892.00
20141021	13.89	13.89	13.55	13.78	2749490	38065212.00
20141022	13.69	13.89	13.20	13.26	2232265	30712284.00
20141023	13.19	13.52	12.94	12.98	2407819	32124976.00
20141024	12.98	13.53	12.95	13.43	1676798	22369390.00
20141027	13.34	13.71	13.12	13.60	2047907	27938164.00
20141028	13.60	13.92	13.60	13.75	2398242	33387592.00
20141029	13.79	14.07	13.61	13.85	3115160	43633568.00
20141030	13.86	13.86	13.56	13.61	2875057	39912520.00
20141031	13.61	13.74	13.50	13.64	1767102	24302072.00
20141103	13.67	13.82	13.49	13.61	3000380	41404524.00
20141104	13.49	13.69	13.25	13.32	2329042	31702128.00
20141105	13.30	13.59	13.12	13.52	2350009	31848464.00
20141106	13.52	13.84	13.49	13.83	2849613	39510880.00
20141107	13.89	14.04	13.44	13.50	2718653	37878576.00
20141110	13.47	13.83	13.41	13.66	1561474	21502014.00
20141111	13.66	13.74	12.81	12.83	3081657	41123452.00
20141112	12.89	13.23	12.86	13.19	1423205	18868292.00
20141113	13.18	13.35	13.01	13.01	1632821	21738650.00
20141114	13.01	13.10	12.89	13.05	931458	12255874.00
20141117	13.09	13.60	12.96	13.37	1625068	21907708.00
20141118	13.37	13.57	13.29	13.47	1125746	15309497.00
20141119	13.44	13.70	13.36	13.58	2091165	28740892.00
20141120	13.52	13.64	13.34	13.62	1477070	20189260.00
20141121	13.62	13.94	13.49	13.84	3033355	42225352.00
20141124	13.91	13.95	13.69	13.75	2713916	37874856.00
20141125	13.74	13.94	13.68	13.87	2936289	41136312.00
20141126	13.90	13.90	13.56	13.68	2676899	37135960.00
20141127	13.75	14.24	13.75	14.05	3738897	53109584.00
20141128	14.06	14.42	13.84	14.26	4168905	59623532.00
20141201	14.48	14.70	13.93	13.97	3258749	46751916.00
20141202	13.89	14.39	13.78	14.14	2783294	39726104.00
20141203	14.09	14.10	13.70	13.86	3041522	42624200.00
20141204	13.88	14.09	13.67	13.98	2996115	42276584.00
20141205	13.95	14.04	13.24	13.39	3316308	45379736.00
20141208	13.42	13.50	13.27	13.42	2222676	30112500.00
20141209	13.35	13.57	12.99	13.02	3110081	41944940.00
20141210	12.98	13.26	12.84	13.23	1851256	24497624.00
20141211	13.23	14.04	13.06	13.99	4468316	61868920.00
20141212	13.94	14.18	13.59	13.93	2283458	32008148.00
20141215	13.83	14.82	13.69	14.60	5989488	86986816.00
20141216	14.58	14.62	14.27	14.49	3485983	50919948.00
20141217	14.36	14.37	13.87	14.04	2825851	40326848.00
20141218	14.04	14.19	13.84	13.90	1614071	22852816.00
20141219	13.91	14.16	13.47	13.66	2916292	40594256.00
20141222	13.72	13.73	12.81	13.12	2684279	35687736.00
20141223	13.17	13.26	12.99	13.04	1255902	16710126.00
20141224	12.95	13.64	12.95	13.58	1954049	26508836.00
20141225	13.58	13.77	13.41	13.64	1253596	17265384.00
20141226	13.64	13.90	13.49	13.85	1353335	18672246.00
20141229	13.77	13.78	13.14	13.43	1809493	24650114.00
20141230	13.36	13.77	12.94	13.65	2502024	33881472.00
20141231	13.62	14.26	13.36	14.09	4723120	67090528.00
20150105	13.96	14.27	13.85	14.08	2485184	35361632.00
20150106	14.03	14.34	13.90	14.08	3749907	53641380.00
20150107	14.01	14.11	13.67	13.81	2670200	37533104.00
20150108	13.65	14.47	13.63	14.24	4532661	64765840.00
20150109	14.23	14.29	13.61	13.65	3062254	43322284.00
20150112	13.61	13.61	13.12	13.20	2147077	28818936.00
20150113	13.14	13.60	13.14	13.35	1346633	18251224.00
20150114	13.35	13.51	13.13	13.24	1078093	14499558.00
20150115	13.24	13.44	13.11	13.31	1084400	14563808.00
20150116	13.34	13.72	13.24	13.67	2136700	29120922.00
20150119	13.50	13.67	12.96	13.16	2840564	38546784.00
20150120	13.19	13.57	13.19	13.54	1405321	19089784.00
20150121	13.55	14.06	13.49	13.89	2742594	38415580.00
20150122	13.81	14.21	13.81	14.19	2745900	38917748.00
20150123	14.15	14.26	13.87	13.94	2224625	31540968.00
20150126	13.93	15.35	13.89	15.35	11786036	180321280.00
20150127	15.82	16.09	15.28	15.53	18188281	288377440.00
20150128	15.23	15.50	15.03	15.16	6993906	107348672.00
20150129	14.93	15.14	14.84	15.00	4171218	63211868.00
20150130	15.08	15.15	14.42	14.44	5097335	75839840.00
20150202	14.25	14.72	14.10	14.69	3526025	51807036.00
20150203	14.74	14.90	14.54	14.75	2929284	43605156.00
20150204	14.76	15.01	14.42	14.47	2713252	40463856.00
20150205	14.69	14.69	14.15	14.48	3498873	50964632.00
20150206	14.38	14.48	13.64	13.78	3213088	45720984.00
20150209	13.71	13.82	13.45	13.47	2332550	32004220.00
20150210	13.54	13.77	13.44	13.72	2123228	29200444.00
20150211	13.73	13.98	13.64	13.88	1506026	21042352.00
20150212	13.90	14.04	13.76	13.96	1450701	20401760.00
20150213	14.02	14.47	13.99	14.25	2870689	41267704.00
20150216	14.25	14.57	14.18	14.52	1992952	29062388.00
20150217	14.52	14.54	14.32	14.45	2022663	29526420.00
20150225	14.45	14.45	14.08	14.19	1917131	27558908.00
20150226	14.14	14.71	14.12	14.63	2344224	34091184.00
20150227	14.59	14.83	14.52	14.79	3029613	44971548.00
20150302	14.98	14.98	14.65	14.85	3240594	48552200.00
20150303	14.84	15.14	14.67	14.88	3329851	50015508.00
20150304	14.87	15.24	14.79	15.18	3206462	48998664.00
20150305	15.13	15.43	14.93	15.01	3206326	48803024.00
20150306	14.99	15.05	14.68	14.91	2593845	38912744.00
20150309	14.89	15.63	14.81	15.53	4493830	69660304.00
20150310	15.43	15.71	15.34	15.36	2939531	46061760.00
20150311	15.54	15.54	14.97	15.04	2694348	41408572.00
20150312	15.09	15.99	15.09	15.54	4384841	69266008.00
20150313	15.50	16.00	15.41	15.88	3806077	60473372.00
20150316	15.89	16.41	15.89	16.39	3900622	64091492.00
20150317	16.53	16.59	16.02	16.10	4304987	70703584.00
20150318	16.02	16.28	15.82	16.26	5039520	81977248.00
20150319	16.25	16.44	16.04	16.17	3305813	54134520.00
20150320	16.17	16.62	16.03	16.22	3780634	62110184.00
20150323	16.22	16.65	16.22	16.60	3869325	64544108.00
20150324	16.56	17.60	16.34	17.07	6835030	116667296.00
20150325	17.13	17.13	16.58	16.88	3544338	60123948.00
20150326	16.64	17.00	16.52	16.99	2990950	50717336.00
20150327	16.99	17.19	16.64	17.02	3106418	53161768.00
20150330	16.94	17.34	16.78	17.01	5995388	102723032.00
20150331	17.40	17.57	16.86	16.90	4388749	76166288.00
20150401	16.85	17.21	16.85	17.18	3348731	57580524.00
20150402	17.34	17.34	17.04	17.27	2800122	48540864.00
20150403	17.17	17.99	17.10	17.84	5218113	93408096.00
20150407	17.94	18.12	17.65	18.07	3684047	66390544.00
20150408	18.06	18.08	17.34	17.75	3466989	62013136.00
20150409	17.66	17.79	16.96	17.31	4455146	77868384.00
20150410	17.20	17.83	17.10	17.65	2952660	52239576.00
20150413	17.79	17.93	17.42	17.81	4289786	76559968.00
20150414	17.79	18.82	17.66	18.23	4733646	87626240.00
20150415	18.06	18.14	17.19	17.29	4736122	83742976.00
20150416	17.04	17.52	16.71	16.93	4518979	77563576.00
20150417	17.02	17.35	16.98	17.31	4409701	76171328.00
20150420	17.59	18.02	17.25	17.43	9088774	161566560.00
20150421	17.14	17.83	17.10	17.77	5251500	93073152.00
20150422	17.79	18.29	17.74	18.20	5220509	95520264.00
20150423	18.23	18.49	17.95	18.17	5060065	93014736.00
20150424	17.79	18.31	17.64	18.07	4617368	83529504.00
20150427	18.14	18.59	17.75	18.10	5291014	96863024.00
20150428	18.14	18.20	16.84	17.24	5277477	93205408.00
20150429	17.04	18.74	17.01	18.69	7868494	142664944.00
20150430	18.14	18.34	17.74	17.82	5395122	98613280.00
20150504	17.85	18.02	17.24	18.00	3522059	62411316.00
20150505	17.94	17.98	17.13	17.19	2904013	51467884.00
20150506	17.19	17.37	16.46	16.69	3587282	61515520.00
20150507	16.64	16.78	15.84	16.12	3224356	52617964.00
20150508	16.24	16.62	16.02	16.58	5153938	84459264.00
20150511	16.48	17.08	16.45	17.02	5702981	96682320.00
20150512	17.01	17.44	16.86	17.21	5508712	95108600.00
20150513	17.12	17.41	16.73	17.08	4907545	84467584.00
20150514	17.07	17.52	17.04	17.43	4819239	84113104.00
20150515	17.43	17.47	16.86	17.04	3258243	56249432.00
20150518	17.04	17.95	16.98	17.66	5266976	93828832.00
20150519	17.63	18.28	17.59	18.20	6461820	117772608.00
20150520	18.29	18.43	17.94	18.03	6046367	111251496.00
20150521	17.95	18.55	17.95	18.25	6928752	127658512.00
20150522	18.41	20.09	18.41	20.09	9124532	177215360.00
20150525	20.49	22.12	19.90	22.12	13011227	279131296.00
20150526	22.54	23.25	22.03	22.41	11864402	270190144.00
20150527	22.44	24.24	22.34	23.59	10832518	254146848.00
20150528	23.94	24.60	21.89	22.35	12618042	298571680.00
20150529	22.14	23.94	20.84	23.39	11067441	255523200.00
20150601	23.64	25.75	23.64	25.75	5719186	143666800.00
20150602	26.54	28.34	26.35	27.93	11581989	322649344.00
20150603	27.99	28.29	26.54	27.48	8009892	220267520.00
20150604	26.94	30.24	26.76	30.24	13070649	383900160.00
20151126	27.22	27.22	27.22	27.22	680100	18512322.00
20151127	24.50	24.50	24.50	24.50	1015900	24889550.00
20151130	22.61	23.89	22.05	22.05	27698949	616967424.00
20151201	20.98	21.30	19.85	19.85	21094064	430350208.00
20151202	19.60	20.35	18.80	20.04	14018470	275870528.00
20151203	19.83	20.30	19.58	20.18	10686051	212918656.00
20151204	20.00	20.20	19.50	19.96	8549081	169960000.00
20151207	19.91	20.38	19.39	20.31	12658406	249746176.00
20151208	20.02	21.76	19.83	20.82	17976494	371842176.00
20151209	20.20	20.58	19.74	20.00	9453540	190898496.00
20151210	19.85	20.23	19.10	19.19	8080886	158243664.00
20151211	18.89	18.90	18.48	18.53	6857662	127924296.00
20151214	18.40	19.10	18.11	18.90	6429533	119877208.00
20151215	18.89	19.23	18.78	18.93	5008845	95211960.00
20151216	19.02	19.70	18.92	19.13	6992420	134751424.00
20151217	19.33	19.59	19.22	19.45	7447698	144321872.00
20151218	19.40	20.39	19.31	20.19	11160113	223374720.00
20151221	20.15	20.55	19.91	20.08	7472992	150158608.00
20151222	20.12	20.32	19.70	20.06	6425493	128224048.00
20151223	20.12	20.12	19.59	19.68	6122436	121395408.00
20151224	19.50	19.60	19.07	19.22	5082606	97953792.00
20151225	19.30	19.66	19.22	19.63	3944864	76779960.00
20151228	19.64	20.34	19.48	20.05	10026551	199828384.00
20151229	20.11	21.45	20.02	20.79	14607574	304444704.00
20151230	20.72	20.72	20.06	20.30	8570409	173917360.00
20151231	20.34	20.54	19.60	19.64	5990080	119989704.00
20160104	19.60	19.70	17.68	17.68	5869154	108553552.00
20160105	16.30	17.32	15.91	16.35	9041454	149775488.00
20160106	16.56	16.97	16.15	16.87	5290500	87638536.00
20160107	16.45	16.45	15.18	15.18	1556100	24424436.00
20160108	15.55	15.80	14.17	15.00	7217702	108543184.00
20160111	14.65	14.65	13.50	13.50	6364015	90093472.00
20160112	13.40	14.40	13.40	14.16	6988883	97760928.00
20160113	14.12	14.58	13.50	13.78	4956286	69712976.00
20160114	13.48	15.16	13.00	15.16	7328332	104872680.00
20160115	14.90	15.15	13.99	14.12	6432375	94278272.00
20160118	13.90	14.76	13.60	14.32	4216318	60685084.00
20160119	14.28	15.05	14.28	14.97	6222513	91877488.00
20160120	14.80	14.95	14.48	14.55	5059666	74524904.00
20160121	14.17	14.64	13.65	13.68	5133036	72931824.00
20160122	13.80	14.48	13.75	14.43	4640611	65513728.00
20160125	14.51	15.87	14.51	15.87	12159340	189062688.00
20160126	15.92	17.30	15.60	16.65	20825406	339586016.00
20160128	16.00	17.18	15.35	16.43	14307951	233528800.00
20160129	15.70	16.59	15.40	16.02	9761755	156654512.00
20160201	15.82	17.04	14.42	14.42	11831003	186505600.00
20160202	13.05	14.95	12.98	14.42	17023697	232727792.00
20160203	13.73	14.28	13.60	14.08	8402227	116473432.00
20160204	14.07	14.46	13.97	14.15	7592117	107926960.00
20160205	14.16	14.38	13.67	13.72	5685771	79256736.00
20160215	13.20	13.67	12.82	13.48	4442147	59108124.00
20160216	13.51	14.29	13.51	14.20	6568389	92409256.00
20160217	14.23	15.62	14.23	15.62	12975789	194838880.00
20160218	16.00	16.29	15.21	16.05	15938715	250797904.00
20160219	15.79	16.15	15.36	16.08	10750270	169349232.00
20160222	16.16	16.98	15.79	16.55	10095433	164513856.00
20160223	16.54	16.65	15.79	16.55	7354474	119158112.00
20160224	16.33	17.08	16.18	16.62	7865006	131017248.00
20160225	16.56	16.57	14.96	14.96	7025311	110195520.00
20160226	14.88	15.64	14.14	15.48	8136787	120133400.00
20160229	15.08	15.24	14.01	14.92	6769928	99057088.00
20160301	14.82	15.64	14.67	15.36	6499851	98227264.00
20160302	15.17	16.30	15.15	16.17	8648532	136529312.00
20160303	16.12	17.10	15.86	16.39	11233515	183705200.00
20160304	16.20	16.38	15.00	15.86	8332976	130727792.00
20160307	15.74	17.07	15.74	16.99	10863684	179493840.00
20160308	16.76	17.80	16.00	17.62	11706161	198666704.00
20160309	17.00	17.38	16.61	17.16	7478758	127502856.00
20160310	17.10	17.19	16.00	16.12	4758541	79352632.00
20160311	15.79	16.51	15.60	16.27	4744496	76374152.00
20160314	16.50	17.17	16.35	17.01	7052091	118699048.00
20160315	17.01	17.01	16.36	16.90	4907675	81983104.00
20160316	16.76	16.95	16.15	16.63	5182699	85732720.00
20160317	16.58	17.32	16.37	17.13	6776543	114841640.00
20160318	17.09	17.87	17.04	17.53	8423235	147418352.00
20160321	17.72	17.88	17.25	17.74	11528187	202441360.00
20160322	17.50	18.40	17.39	17.53	10730211	191599600.00
20160323	17.32	17.58	17.10	17.55	6012438	104247008.00
20160324	17.31	17.35	16.84	16.88	6191816	106113704.00
20160325	16.80	17.24	16.68	17.19	4587812	77863584.00
20160328	17.25	17.48	16.68	16.70	6419455	109729104.00
20160329	16.70	16.78	15.68	16.00	5649485	91090880.00
20160330	16.08	16.55	16.08	16.47	5152552	84403472.00
20160331	16.47	16.55	16.10	16.34	5675508	92784200.00
20160401	16.36	17.97	16.30	17.97	15953752	276552448.00
20160405	17.97	18.43	17.39	18.14	17045917	305066752.00
20160406	18.14	18.64	17.83	18.21	12039825	219782048.00
20160407	18.32	18.40	17.42	17.46	8113562	144573808.00
20160408	17.21	17.35	16.69	16.98	6950214	118121920.00
20160411	17.05	17.62	17.05	17.49	6278083	108854400.00
20160412	17.31	17.45	16.86	17.39	5262066	90214296.00
20160413	17.29	17.97	17.29	17.58	7435299	131957792.00
20160414	18.11	18.16	17.60	17.91	7576697	135509056.00
20160415	17.85	17.90	17.45	17.67	5022427	88762480.00
20160418	17.41	17.97	17.20	17.84	5006484	87738016.00
20160419	17.81	18.30	17.79	18.13	8550274	154478432.00
20160420	18.08	18.14	16.46	16.67	9964364	171570800.00
20160421	16.47	16.89	16.16	16.22	5855941	96753080.00
20160422	16.00	16.43	15.85	16.22	3785146	61278276.00
20160425	16.05	16.42	15.88	16.15	3230063	52221512.00
20160426	16.21	16.57	16.15	16.48	3047606	49829500.00
20160427	16.48	16.67	16.27	16.30	3214394	52892304.00
20160428	16.20	16.44	15.20	16.37	5498101	87132080.00
20160429	16.06	16.49	16.06	16.26	2571099	41936576.00
20160526	15.04	15.30	14.63	14.81	10244092	151163360.00
20160527	14.33	14.57	14.20	14.32	5578434	80162872.00
20160530	14.32	14.70	14.15	14.61	4142236	60061336.00
20160531	14.43	15.04	14.41	14.99	6575607	97557736.00
20160601	14.91	15.53	14.90	15.27	5269471	80454096.00
20160602	15.21	15.57	15.20	15.47	3065279	47270632.00
20160603	15.39	15.60	15.21	15.36	3736879	57666288.00
20160606	15.30	15.80	15.30	15.70	3255267	50889504.00
20160607	15.78	15.78	15.51	15.60	2505109	39134104.00
20160608	15.66	15.68	15.31	15.44	2191665	33934628.00
20160613	15.21	15.58	14.65	14.86	2949100	44932952.00
20160614	15.00	15.38	14.72	15.34	2217638	33626868.00
20160615	15.11	15.82	15.03	15.67	2929664	45639300.00
20160616	15.65	15.89	15.45	15.56	2535094	39848312.00
20160617	15.44	15.80	15.30	15.43	1524662	23689368.00
20160620	15.48	15.70	15.21	15.66	1871655	29058008.00
20160621	15.78	15.80	15.15	15.18	2076240	32218494.00
20160622	15.18	15.33	14.90	15.30	2316492	34930096.00
20160623	15.20	15.31	15.13	15.18	1076151	16360076.00
20160624	15.25	15.32	14.44	14.91	2398053	35906096.00
20160627	14.65	15.12	14.65	15.03	1373828	20598240.00
20160628	15.00	15.40	14.87	15.34	2004516	30420794.00
20160629	15.41	15.60	15.32	15.45	2208476	34067512.00
20160630	15.45	15.50	15.26	15.31	1566244	24051060.00
20160701	15.28	15.54	15.26	15.40	1824774	28158752.00
20160704	15.33	15.70	15.25	15.64	2637873	41147680.00
20160705	15.65	15.81	15.54	15.79	2791148	43849332.00
20160706	15.64	16.72	15.64	16.19	9818800	160652560.00
20160707	16.35	16.59	16.18	16.21	5700600	93336072.00
20160708	16.08	16.34	15.80	16.08	3116500	50079616.00
20160711	16.09	16.38	15.90	15.91	3110000	50094516.00
20160712	15.91	16.15	15.89	16.07	2581300	41339176.00
20160713	16.15	16.64	16.10	16.43	4784300	78652152.00
20160714	16.40	16.49	16.12	16.24	3079500	49929016.00
20160715	16.28	16.33	16.14	16.27	2075400	33689820.00
20160718	16.30	16.30	15.98	16.15	2012200	32451128.00
20160719	16.15	16.21	16.00	16.17	1173800	18884780.00
20160720	16.13	16.60	16.08	16.52	2741000	44585888.00
20160721	16.70	16.81	16.30	16.48	8228700	136657536.00
20160722	16.37	16.39	15.98	16.06	4351000	70257928.00
20160725	16.06	16.43	15.95	16.40	3304100	53515240.00
20160726	16.36	16.75	16.18	16.46	7485200	123444816.00
20160727	16.59	18.11	16.12	18.11	20763007	360887424.00
20160728	19.38	19.92	18.69	19.92	42423064	823761856.00
20160729	19.30	19.53	18.50	19.20	29390634	560678400.00
20160801	18.94	19.35	17.83	18.02	25377184	469326816.00
20160802	17.83	19.82	17.83	19.82	32534938	609935104.00
20160803	19.43	21.18	19.43	20.13	39451721	795380224.00
20160804	19.92	19.97	19.50	19.65	22732425	447527520.00
20160805	19.57	20.23	19.15	19.67	18865482	370401536.00
20160808	19.58	20.79	19.48	20.09	23982658	482706368.00
20160809	19.90	20.69	19.10	20.40	23978700	477176288.00
20160810	20.01	20.15	19.41	19.49	15072000	297560896.00
20160811	19.21	19.76	18.71	18.92	14775577	282358624.00
20160812	19.00	19.20	18.53	19.16	12091893	228893872.00
20160815	19.12	19.79	18.80	19.57	15635631	301708960.00
20160816	19.49	19.95	19.28	19.38	11366046	221697632.00
20160817	19.34	20.20	19.01	19.93	18752448	369835968.00
20160818	19.60	20.11	19.40	19.79	15102164	297647712.00
20160819	19.68	19.69	19.10	19.11	10156425	196503040.00
20160822	18.75	18.90	18.01	18.19	10767300	198462976.00
20160823	18.00	18.24	17.71	18.11	7849200	141115904.00
20160824	18.12	18.31	17.85	17.97	6161100	111444168.00
20160825	17.75	18.30	17.65	18.06	6303700	113574616.00
20160826	18.06	18.16	17.90	18.05	4639300	83673136.00
20160829	17.92	18.13	17.82	17.98	3608209	64833320.00
20160830	18.13	18.13	17.77	17.86	3878345	69370680.00
20160831	17.84	18.16	17.51	18.08	6452339	115005072.00
20160901	18.04	18.30	17.89	17.96	4940668	89551632.00
20160902	17.96	18.20	17.72	17.81	3423069	61393520.00
20160905	17.79	18.06	17.72	17.92	3147634	56376012.00
20160906	17.88	18.18	17.50	18.08	4372141	78275616.00
20160907	18.08	18.45	17.92	18.32	6102543	111332320.00
20160908	18.31	18.31	18.03	18.16	3570400	64806440.00
20160909	18.16	18.35	17.88	17.94	2881403	52265972.00
20160912	17.52	17.82	17.33	17.41	4492633	78852032.00
20160913	17.51	17.63	17.38	17.60	2963707	51869008.00
20160914	17.49	17.70	17.39	17.57	2249801	39477388.00
20160919	17.64	17.86	17.51	17.82	2018600	35798368.00
20160920	17.91	17.91	17.63	17.83	1811600	32133586.00
20160921	17.85	17.93	17.78	17.85	1890833	33737888.00
20160922	17.92	18.34	17.92	18.20	4587080	83463672.00
20160923	18.13	18.47	18.03	18.43	4284764	78353880.00
20160926	18.55	18.55	17.66	17.88	3743316	67693048.00
20160927	17.80	17.96	17.54	17.89	2819899	49981384.00
20160928	17.89	18.29	17.89	17.96	2599054	46943872.00
20160929	17.95	18.09	17.75	17.93	2778053	49707544.00
20160930	17.73	18.29	17.52	18.04	5115291	90707936.00
20161010	18.50	18.55	18.01	18.23	3920849	71232696.00
20161011	18.24	18.90	18.14	18.64	6656055	123341384.00
20161012	18.44	18.73	18.35	18.67	4250171	78738952.00
20161013	18.67	18.72	18.41	18.45	2392384	44361112.00
20161014	18.46	18.60	18.10	18.16	2563053	46650548.00
20161017	18.14	18.40	18.07	18.23	2987793	54508600.00
20161018	18.11	18.33	18.08	18.29	2541172	46317436.00
20161019	18.32	18.88	18.19	18.65	5756339	107036880.00
20161020	18.61	18.71	18.33	18.56	3500191	64863408.00
20161021	18.58	19.47	18.47	18.83	7366183	139092256.00
20161024	19.00	19.40	18.61	19.00	6732767	127898872.00
20161025	18.50	19.49	18.50	18.67	6038837	113920384.00
20161026	18.93	18.93	18.50	18.65	5775211	108551360.00
20161027	18.79	18.90	18.59	18.68	4927780	92537232.00
20161028	18.60	18.72	18.31	18.34	4033043	74727200.00
20161031	18.26	18.30	17.48	17.84	5987123	106544264.00
20161101	17.85	18.28	17.81	18.20	4751200	85975168.00
20161102	18.12	18.97	18.11	18.55	5354200	100110904.00
20161103	18.45	18.76	18.15	18.72	4683827	86894912.00
20161104	18.71	18.86	18.58	18.80	2823700	52818812.00
20161107	18.65	18.91	18.62	18.85	3630510	68237320.00
20161108	18.89	18.91	18.60	18.79	4046556	76059984.00
20161109	18.77	18.88	18.53	18.79	5210332	97505256.00
20161110	18.70	19.20	18.70	18.94	4830416	91242880.00
20161111	18.95	19.43	18.84	19.35	5826688	111868376.00
20161114	19.26	19.97	19.14	19.94	7936741	155646288.00
20161115	19.95	20.39	19.60	20.37	7960924	160176288.00
20161116	20.21	20.50	19.92	20.02	6573200	132659896.00
20161117	20.06	20.65	19.70	20.38	5818400	117848584.00
20161118	20.48	20.59	19.98	20.01	3628100	73601680.00
20161121	19.83	20.18	19.76	19.87	3608100	71969608.00
20161122	19.90	21.30	19.90	21.12	7605797	156843600.00
20161123	20.58	20.87	20.20	20.30	6526660	134243856.00
20161124	20.22	20.48	20.03	20.34	3468300	70125160.00
20161125	20.28	20.44	19.67	20.36	4145500	83214328.00
20161128	20.36	20.58	20.00	20.47	3447700	70392688.00
20161129	20.26	20.42	19.77	20.33	4532600	90824688.00
20161130	20.25	21.29	19.90	20.67	4746200	98376000.00
20161201	20.67	20.86	20.20	20.66	2594710	53110004.00
20161202	20.59	20.59	19.90	20.15	3128260	63054856.00
20161205	19.85	20.19	19.83	20.04	2828800	56646632.00
20161206	19.83	20.18	19.83	20.00	1774100	35416720.00
20161207	19.90	20.19	19.90	20.03	2813300	56202632.00
20161208	19.93	20.16	19.86	19.95	1962200	39156756.00
20161209	19.90	20.83	19.90	20.33	4701800	96091528.00
20161212	20.23	20.40	19.56	19.79	5344241	106717616.00
20161213	19.52	21.30	19.45	20.78	5320513	109148656.00
20161214	20.65	22.28	20.65	20.89	8731985	186687104.00
20161215	20.70	21.68	20.61	21.39	8167644	173206160.00
20161216	21.20	22.63	21.19	22.01	9586952	210092736.00
20161219	21.77	22.57	21.27	21.66	7486979	164632336.00
20161220	21.50	21.97	21.03	21.42	4644409	99900320.00
20161221	21.52	22.05	21.10	21.64	6059229	130698168.00
20161222	21.35	21.74	21.08	21.50	4056311	86695728.00
20161223	21.40	21.60	20.76	21.06	4343688	91366240.00
20161226	20.88	22.50	20.87	22.20	8184607	178294096.00
20161227	22.20	23.98	21.61	23.42	16481274	370673952.00
20161228	22.98	23.35	22.30	22.74	7227502	164455888.00
20161229	21.89	22.37	21.31	22.23	10822500	235341648.00
20161230	21.99	22.25	21.58	21.74	9465100	206251088.00
20170103	21.72	22.30	21.70	22.03	6503455	142683664.00
20170104	22.03	22.96	21.36	22.77	7936653	175435600.00
20170105	22.40	23.41	22.33	22.80	6602087	151186464.00
20170106	22.80	23.49	22.45	23.29	5680104	129724704.00
20170109	23.18	23.20	22.71	23.04	7919274	182070432.00
20170110	23.00	23.24	22.23	22.77	8940100	203525248.00
20170111	22.52	23.00	21.75	22.70	11888740	269231392.00
20170112	22.40	22.79	21.82	22.26	4057248	90889096.00
20170113	22.09	22.82	21.86	22.27	4991810	110681288.00
20170116	22.10	22.16	20.11	21.78	9641045	206780864.00
20170117	21.69	22.20	21.27	21.85	4945749	107990320.00
20170118	21.60	22.25	21.60	22.14	3641357	80216880.00
20170119	22.11	22.97	22.10	22.92	6119219	138033088.00
20170120	22.92	23.28	22.56	23.16	5401500	124050000.00
20170123	23.00	23.50	22.86	23.47	3978355	92387976.00
20170124	23.29	23.53	23.21	23.42	2690184	62827168.00
20170125	23.42	24.07	23.33	23.84	4129601	98027744.00
20170126	23.75	23.84	22.91	23.08	3854100	89514328.00
20170203	22.98	23.37	22.63	23.32	2020678	46966980.00
20170206	23.29	23.54	23.25	23.39	4400849	103280912.00
20170207	23.23	25.00	23.23	24.33	7355509	177503760.00
20170208	24.54	26.76	24.03	26.76	26991250	693408128.00
20170209	28.98	29.44	28.20	29.44	31516476	921945280.00
20170210	30.32	30.50	26.50	26.50	72227855	1962256768.00
20170213	24.10	24.95	23.85	23.86	42329637	1024286592.00
20170214	23.65	24.25	23.46	23.87	23209770	554905664.00
20170215	23.87	24.00	22.81	23.00	26928156	626672128.00
20170216	23.05	23.17	22.23	22.42	20229694	456094784.00
20170217	22.45	22.65	22.13	22.18	15354030	343646208.00
20170220	22.08	22.08	21.20	21.40	16084000	345228320.00
20170221	21.38	21.64	21.23	21.51	10123706	217729040.00
20170222	21.52	21.67	21.33	21.49	8495085	182343824.00
20170223	21.51	21.55	20.73	20.94	12674401	265850768.00
20170224	20.90	21.07	20.81	21.04	6746600	141457280.00
20170227	21.06	21.35	20.83	21.28	9983200	210563696.00
20170228	21.25	21.25	21.00	21.21	6641504	140438896.00
20170301	21.28	21.47	21.04	21.33	8818881	187427120.00
20170302	21.35	21.41	20.59	20.61	9671539	202853392.00
20170303	20.50	20.50	20.13	20.34	7264488	147289376.00
20170306	20.28	20.53	20.20	20.52	4912549	100199440.00
20170307	20.44	20.58	20.31	20.42	4873900	99429816.00
20170308	20.38	20.52	20.18	20.23	4977204	101055488.00
20170309	20.20	20.23	19.66	19.80	7397400	146880336.00
20170310	19.88	20.15	19.85	20.03	5849898	117047608.00
20170313	20.06	20.09	19.60	19.98	4608695	91493480.00
20170314	19.98	20.41	19.90	20.21	6843633	137908352.00
20170315	20.08	20.35	20.02	20.10	4844026	97780384.00
20170316	20.15	20.46	20.10	20.41	6336566	128575656.00
20170317	20.41	20.49	20.07	20.12	5825586	118097784.00
20170320	20.05	20.33	19.97	20.30	4748100	95677160.00
20170321	20.30	20.39	20.20	20.34	4158800	84422488.00
20170322	20.24	20.24	19.90	19.95	4671300	93607952.00
20170323	19.94	20.08	19.16	19.41	7073200	138644336.00
20170324	19.31	19.42	19.02	19.22	5772000	110633008.00
20170327	19.24	19.51	19.15	19.49	4833693	93580048.00
20170328	19.47	19.68	19.34	19.38	3514100	68443472.00
20170329	19.34	19.38	19.07	19.09	4026001	77396464.00
20170330	19.07	19.42	18.98	19.17	6612000	126693096.00
20170331	19.19	19.32	18.44	18.60	6623565	124764296.00
20170405	18.45	18.76	18.30	18.71	4270979	79286536.00
20170406	18.71	19.15	18.55	18.99	5304068	100719304.00
20170407	18.87	19.11	18.54	18.71	4856435	91628280.00
20170410	18.65	18.70	18.10	18.16	5809242	106154544.00
20170411	18.01	18.15	17.29	17.66	8492900	149532096.00
20170412	17.66	17.76	17.34	17.44	4080400	71436512.00
20170413	17.38	18.45	17.09	17.74	8299441	147710064.00
20170414	17.54	18.10	17.40	17.64	6166981	109997192.00
20170424	17.70	18.24	17.23	18.07	8712500	156108560.00
20170425	17.78	18.30	17.55	18.25	6684000	119735928.00
20170426	18.14	18.40	18.00	18.24	3743800	68227040.00
20170427	18.40	18.50	18.02	18.46	4171500	76214000.00
20170428	18.33	18.56	18.31	18.48	2810783	51806532.00
20170502	18.50	18.50	18.03	18.04	2766847	50435360.00
20170503	17.88	18.38	17.88	18.27	2923300	53172112.00
20170504	18.00	18.55	17.93	18.37	2942300	53858088.00
20170505	18.38	18.66	18.20	18.38	2509200	46309992.00
20170508	19.30	19.98	18.80	19.03	10351000	201253056.00
20170509	19.09	19.34	18.50	18.78	5443700	101932712.00
20170510	18.81	18.91	17.50	17.58	5968800	109690296.00
20170511	17.45	17.45	16.56	17.07	5187700	87946528.00
20170512	17.00	17.25	16.67	17.16	3623239	61515368.00
20170515	17.08	17.41	17.02	17.19	2268052	39082532.00
20170516	17.51	17.52	17.03	17.47	2321008	40185480.00
20170517	17.57	17.95	17.34	17.75	2758000	48887452.00
20170518	17.57	17.72	17.46	17.60	1874300	32921440.00
20170519	17.55	18.28	17.52	17.75	2709875	48608268.00
20170522	17.67	17.75	16.95	16.97	2363000	40967992.00
20170523	17.00	17.25	16.68	16.79	2154100	36451840.00
20170524	16.68	17.08	16.52	17.06	1597700	26858134.00
20170525	17.07	17.37	16.85	17.35	1643300	28167964.00
20170526	17.30	17.67	17.22	17.61	1945000	34019728.00
20170531	17.66	17.95	17.59	17.60	1748364	30910474.00
20170601	17.67	17.73	17.40	17.43	1530749	26895128.00
20170602	17.11	17.55	17.05	17.40	1182064	20397464.00
20170605	17.50	17.60	17.41	17.45	763000	13362124.00
20170606	17.40	17.57	17.40	17.50	789601	13832653.00
20170607	18.48	18.48	18.00	18.11	4043153	73443424.00
20170608	18.01	18.15	17.91	18.03	2037733	36666920.00
20170609	17.95	18.47	17.90	18.17	3642243	66527368.00
20170612	18.06	18.45	17.91	18.01	1613000	29274654.00
20170613	18.00	18.14	17.83	18.04	1573466	28321632.00
20170614	18.04	18.04	17.82	17.86	1504004	26874272.00
20170615	17.86	18.19	17.86	18.09	1588126	28661928.00
20170616	18.43	18.97	18.20	18.55	4320032	80526904.00
20170619	18.45	18.60	18.17	18.59	2353031	43428288.00
20170620	18.58	18.58	18.32	18.35	2024880	37224572.00
20170621	18.45	18.58	18.32	18.36	1405570	25903928.00
20170622	18.36	18.54	18.02	18.04	1576510	28886248.00
20170623	18.05	18.09	17.58	17.86	1613540	28754292.00
20170626	17.73	17.97	17.73	17.92	1329151	23689776.00
20170627	18.08	18.13	17.90	17.95	961468	17327910.00
20170628	18.25	18.97	18.25	18.46	4722870	87993392.00
20170629	18.25	18.45	18.13	18.26	2091577	38145304.00
20170630	18.25	18.36	18.08	18.29	1338345	24339012.00
20170703	18.21	18.53	18.21	18.39	1416761	26049748.00
20170704	18.38	18.40	18.22	18.34	1035879	18934810.00
20170705	18.25	18.40	18.24	18.38	1166100	21337546.00
20170706	18.31	18.37	18.07	18.22	1257400	22936412.00
20170707	18.19	18.22	18.07	18.17	1275500	23128386.00
20170710	18.25	18.25	17.90	17.93	1557348	28080864.00
20170711	17.81	17.93	17.64	17.73	1638401	29150638.00
数据来源:通达信
