600057 象屿股份 日线 前复权
      日期	    开盘	    最高	    最低	    收盘	    成交量	    成交额
20111010	5.30	5.60	5.24	5.53	16575065	89966376.00
20111011	5.59	5.87	5.42	5.53	19704304	110891128.00
20111012	5.43	5.78	5.33	5.68	15080364	84978888.00
20111013	5.63	6.20	5.53	6.08	26517120	154368016.00
20111014	5.98	6.06	5.83	5.85	16112437	95531112.00
20111017	5.86	5.92	5.66	5.70	10888928	62603672.00
20111018	5.60	5.64	5.32	5.35	12470062	68357112.00
20111019	5.37	5.49	5.34	5.38	7454650	40288124.00
20111020	5.34	5.36	5.12	5.16	8270426	43062440.00
20111021	5.14	5.24	5.00	5.07	5729051	29472456.00
20111024	5.06	5.18	4.80	5.16	8919974	44887520.00
20111025	5.12	5.44	5.04	5.30	11200629	59027484.00
20111026	5.25	5.47	5.10	5.34	15775799	83710088.00
20111027	5.32	5.52	5.21	5.24	16269247	87030384.00
20111028	5.30	5.39	5.25	5.36	11910236	63348300.00
20111031	5.44	5.63	5.43	5.54	15660040	86403888.00
20111101	5.49	5.53	5.36	5.42	10107477	54918392.00
20111102	5.30	5.44	5.21	5.41	13006763	69127952.00
20111103	5.40	5.95	5.39	5.95	28771878	166653680.00
20111104	6.11	6.51	5.99	6.39	48425558	302360736.00
20111107	6.30	6.34	6.11	6.17	22561757	139891984.00
20111108	6.20	6.20	6.01	6.01	14781273	89750584.00
20111109	6.01	6.61	6.01	6.61	40526533	258506400.00
20111110	6.60	7.22	6.42	6.85	54100242	371339392.00
20111111	6.85	7.54	6.77	7.47	61020036	446902240.00
20111114	7.70	7.76	7.35	7.54	51696982	390029184.00
20111115	7.42	7.64	7.36	7.44	33997432	253870368.00
20111116	7.45	7.60	6.97	7.16	39562685	289703712.00
20111117	7.19	7.27	7.00	7.10	27021886	192615680.00
20111118	7.03	7.35	6.96	7.05	30098561	215321744.00
20111121	7.08	7.72	7.01	7.62	44895235	335334016.00
20111122	7.50	7.98	7.43	7.68	39031251	301613440.00
20111123	7.51	7.67	6.97	7.07	37082672	270155712.00
20111124	6.90	7.33	6.73	7.23	26794735	189841216.00
20111125	7.11	7.30	6.85	7.00	23887352	167996448.00
20111128	6.92	7.18	6.82	7.11	21098080	148679360.00
20111129	7.20	7.25	7.03	7.08	19470638	138342192.00
20111130	7.06	7.12	6.38	6.47	26679730	178805856.00
20111201	6.71	6.71	6.40	6.42	19081685	125632776.00
20111202	6.30	6.36	6.01	6.05	17449492	107092752.00
20111205	5.99	6.25	5.96	6.05	13149439	80342024.00
20111206	5.96	6.10	5.81	6.00	10402352	61641728.00
20111208	6.00	6.57	5.84	6.47	24298881	152556368.00
20111209	6.37	6.46	6.22	6.37	14921677	94548296.00
20111212	6.32	6.60	6.27	6.34	13086034	84256048.00
20111213	6.34	6.41	5.89	6.02	13553555	82407352.00
20111214	5.96	6.10	5.68	5.71	10229469	60568268.00
20111215	5.55	5.81	5.50	5.61	10405219	58742592.00
20111216	5.67	5.92	5.55	5.90	10770421	61611948.00
20111219	5.81	5.91	5.64	5.87	10337221	59790712.00
20111220	5.83	5.99	5.69	5.72	9936194	58309492.00
20111221	5.76	5.82	5.31	5.32	12303050	68776184.00
20111222	5.26	5.33	5.02	5.24	10934093	56413972.00
20111223	5.19	5.42	5.13	5.33	8708759	46303540.00
20111226	5.33	5.45	5.19	5.24	5718032	30439668.00
20111227	5.20	5.26	4.96	5.01	8114788	41296612.00
20111228	4.99	5.01	4.73	4.98	8139472	39669796.00
20111229	4.91	5.06	4.90	4.97	6323491	31524176.00
20111230	5.01	5.08	4.97	5.06	5685969	28673836.00
20120104	5.11	5.15	4.80	4.81	6471535	32333132.00
20120105	4.75	4.85	4.63	4.65	6389134	30244152.00
20120106	4.65	4.70	4.44	4.61	6770800	30913280.00
20120109	4.61	5.07	4.52	5.07	17017029	84680984.00
20120110	5.07	5.45	5.02	5.40	22433582	118598944.00
20120111	5.34	5.42	5.28	5.39	13839370	73937016.00
20120112	5.30	5.65	5.28	5.48	16010748	88523992.00
20120113	5.43	5.50	5.10	5.18	13407193	70545720.00
20120116	5.14	5.36	5.07	5.21	10938440	57136660.00
20120117	5.20	5.68	5.15	5.57	16044036	87393856.00
20120118	5.55	5.68	5.27	5.29	14353879	78381680.00
20120120	5.44	5.74	5.43	5.48	16773263	93287432.00
20120130	5.48	5.57	5.41	5.46	7739877	42527728.00
20120131	5.45	5.61	5.42	5.60	8941127	49543952.00
20120201	5.58	5.58	5.37	5.44	8968620	49221856.00
20120202	5.46	5.60	5.39	5.59	9978750	54904960.00
20120203	5.56	5.85	5.53	5.71	15104963	86217872.00
20120206	5.70	5.76	5.62	5.71	11185419	63601924.00
20120207	5.66	5.68	5.44	5.52	8911675	49413676.00
20120208	5.48	5.72	5.46	5.69	9638252	54253972.00
20120209	5.69	5.82	5.65	5.69	13170181	75550408.00
20120210	5.69	6.26	5.64	6.26	36085824	217748336.00
20120213	6.21	6.57	6.12	6.50	38873957	247191856.00
20120214	6.48	6.48	6.27	6.34	17743435	112441816.00
20120215	6.34	6.97	6.30	6.73	35443394	237466976.00
20120216	6.66	6.88	6.51	6.75	24458847	163365456.00
20120217	6.76	6.81	6.50	6.53	16298116	107672368.00
20120220	6.65	6.69	6.44	6.49	15836874	103946496.00
20120221	6.48	6.84	6.47	6.80	26052249	173945248.00
20120222	6.78	6.83	6.70	6.82	18038526	122027808.00
20120223	6.80	6.80	6.57	6.70	19554839	130614912.00
20120224	6.65	7.20	6.53	6.97	33774244	232109744.00
20120227	6.91	6.98	6.78	6.81	26026082	178616464.00
20120228	6.75	6.79	6.57	6.66	15367340	102517528.00
20120229	6.65	6.77	6.58	6.68	10341196	69093288.00
20120301	6.61	6.72	6.58	6.65	8626498	57349088.00
20120302	6.67	6.84	6.62	6.78	13321939	89806272.00
20120305	6.77	6.92	6.66	6.69	13340658	90286656.00
20120306	6.61	7.26	6.61	7.16	32761099	227494880.00
20120307	7.03	7.10	6.88	6.90	18862497	131643576.00
20120308	6.88	7.03	6.83	6.92	15267009	105358432.00
20120309	6.97	7.06	6.85	7.00	14588246	101564008.00
20120312	7.00	7.15	6.89	6.97	12866118	90121080.00
20120313	6.97	7.04	6.91	7.03	10361829	72362864.00
20120314	7.07	7.19	6.43	6.54	25875151	177606144.00
20120315	6.48	6.61	6.03	6.21	17411622	109394616.00
20120316	6.21	6.40	6.12	6.38	10392746	65341492.00
20120319	6.33	6.41	6.20	6.40	10981982	69399472.00
20120320	6.34	6.54	6.22	6.32	11721558	74574288.00
20120321	6.35	6.53	6.25	6.43	10108103	64719944.00
20120322	6.45	6.53	6.32	6.42	10341086	66526600.00
20120323	6.30	6.58	6.10	6.47	19064340	119908368.00
20120326	6.33	6.57	6.33	6.49	11588318	74923680.00
20120327	6.49	7.13	6.46	6.85	37835490	257663776.00
20120328	6.74	7.08	6.50	6.79	32217364	217891488.00
20120329	6.70	6.70	6.11	6.11	23529867	148123984.00
20120330	5.98	5.99	5.56	5.61	19185414	109902400.00
20120405	5.60	5.81	5.60	5.78	9022731	51792628.00
20120406	5.76	5.94	5.70	5.85	7962881	46580648.00
20120409	5.82	5.87	5.68	5.72	6050057	35022008.00
20120410	5.68	5.77	5.38	5.74	9313362	52014560.00
20120411	5.63	5.85	5.52	5.79	9091311	52370308.00
20120412	5.78	5.93	5.75	5.91	11412182	66901056.00
20120413	5.95	6.26	5.91	6.09	14600408	88945088.00
20120416	6.06	6.15	6.01	6.12	9065305	55182524.00
20120417	6.14	6.14	5.88	5.97	12248168	73128608.00
20120418	5.96	6.55	5.94	6.30	23716552	149323712.00
20120419	6.20	6.24	6.05	6.15	18481582	113151448.00
20120420	6.10	6.25	6.03	6.13	11311990	69301488.00
20120423	6.06	6.18	6.02	6.03	9231376	56178684.00
20120424	6.03	6.03	5.58	5.78	13717402	79291144.00
20120425	5.76	6.10	5.66	6.00	14253619	84154568.00
20120426	5.93	6.15	5.90	5.96	12663807	76517448.00
20120427	5.93	5.96	5.71	5.77	9405614	54654088.00
20120502	5.87	6.07	5.80	6.01	12223398	72884008.00
20120503	6.07	6.19	6.00	6.07	13582556	82616128.00
20120507	6.06	6.29	5.92	6.28	21339989	131360800.00
20120508	6.21	6.28	6.14	6.19	10786878	66782396.00
20120509	6.11	6.23	6.02	6.15	10726110	65679996.00
20120510	6.13	6.36	6.11	6.24	16026041	99989144.00
20120511	6.20	6.22	6.09	6.10	8488323	52254448.00
20120514	6.16	6.30	5.99	6.15	13792260	84868176.00
20120515	6.06	6.23	6.03	6.17	8696386	53336280.00
20120516	6.16	6.20	5.92	5.94	10042307	60871572.00
20120517	5.98	6.17	5.81	6.12	11898191	71305040.00
20120518	6.02	6.06	5.77	5.86	8986627	53373616.00
20120521	5.85	5.90	5.74	5.83	4627470	26936556.00
20120522	5.85	5.90	5.79	5.88	6725587	39310148.00
20120523	5.85	5.88	5.72	5.79	6497362	37758144.00
20120524	5.76	5.82	5.59	5.66	7372842	42143716.00
20120525	5.69	5.71	5.58	5.64	5320320	30021908.00
20120528	5.55	5.72	5.51	5.69	5240598	29521660.00
20120529	5.70	5.84	5.66	5.78	6359933	36698592.00
20120530	5.78	5.99	5.74	5.90	9447230	55640480.00
20120531	5.81	5.96	5.81	5.91	5986311	35192024.00
20120601	5.85	5.95	5.72	5.76	12994317	76171272.00
20120604	5.65	5.65	5.45	5.48	8436162	46752744.00
20120605	5.50	5.54	5.41	5.45	3975538	21726266.00
20120606	5.45	5.55	5.43	5.48	3309241	18169552.00
20120607	5.52	5.55	5.35	5.36	4318495	23501394.00
20120608	5.41	5.43	5.24	5.26	3971335	21206038.00
20120611	5.30	5.40	5.26	5.37	3016207	16092355.00
20120612	5.37	5.40	5.29	5.34	2484692	13245840.00
20120613	5.35	5.44	5.32	5.43	4176019	22509740.00
20120614	5.42	5.45	5.34	5.36	3126501	16876826.00
20120615	5.38	5.43	5.31	5.36	2351221	12641970.00
20120618	5.41	5.48	5.39	5.45	3609553	19604520.00
20120619	5.44	5.44	5.29	5.31	3590812	19216544.00
20120620	5.33	5.36	5.29	5.31	2848274	15137299.00
20120621	5.26	5.30	5.09	5.11	4666529	24054652.00
20120625	5.10	5.16	4.99	5.00	3412683	17276200.00
20120626	5.05	5.07	4.93	5.07	2904276	14555392.00
20120627	5.07	5.14	4.96	4.99	2879906	14555143.00
20120628	5.00	5.09	4.96	4.97	2641936	13315323.00
20120629	4.97	5.00	4.81	5.00	2882527	14194264.00
20120702	5.00	5.08	4.98	5.02	2517955	12674690.00
20120703	5.00	5.15	4.98	5.05	4144772	21013712.00
20120704	5.05	5.06	4.96	4.98	3362911	16781364.00
20120705	4.95	4.97	4.78	4.81	3371167	16376313.00
20120706	4.85	4.87	4.67	4.86	4458929	21271298.00
20120709	4.85	4.85	4.62	4.63	3173640	14978608.00
20120710	4.60	4.69	4.55	4.68	2844764	13146806.00
20120711	4.71	4.73	4.60	4.71	3468924	16181203.00
20120712	4.78	4.78	4.63	4.73	3733078	17580406.00
20120713	4.68	4.73	4.64	4.68	3139890	14669298.00
20120716	4.68	4.72	4.42	4.44	3705212	16782060.00
20120717	4.44	4.59	4.30	4.53	3585634	16051063.00
20120718	4.47	4.63	4.44	4.62	3401425	15417030.00
20120719	4.61	4.71	4.56	4.61	3960185	18407596.00
20120720	4.62	4.78	4.55	4.62	7915502	36904736.00
20120723	4.56	4.89	4.43	4.87	13625009	64346984.00
20120724	4.79	5.08	4.74	4.98	16328438	80680816.00
20120725	4.92	4.99	4.82	4.83	7451720	36499800.00
20120726	4.87	4.92	4.75	4.77	4231941	20500212.00
20120727	4.76	4.82	4.66	4.69	4619225	21738788.00
20120730	4.69	4.70	4.50	4.54	3839442	17589308.00
20120731	4.55	4.62	4.41	4.48	3097866	13932167.00
20120801	4.46	4.62	4.45	4.61	3747221	17099406.00
20120802	4.61	4.62	4.46	4.50	3173228	14357165.00
20120803	4.54	4.62	4.50	4.58	2431315	11106060.00
20120806	4.55	4.74	4.53	4.70	4769728	22178804.00
20120807	4.69	4.81	4.66	4.79	5168830	24571252.00
20120808	4.79	5.05	4.70	4.91	10989304	53783948.00
20120809	4.90	4.91	4.77	4.84	7554996	36550448.00
20120810	4.84	5.05	4.83	4.89	9364258	46457944.00
20120813	4.85	4.87	4.69	4.70	5975179	28478166.00
20120814	4.69	4.74	4.56	4.66	4197066	19467764.00
20120815	4.66	4.67	4.58	4.61	3292017	15178039.00
20120816	4.60	4.61	4.54	4.58	2131903	9752936.00
20120817	4.58	4.63	4.54	4.60	2381551	10907269.00
20120820	4.55	4.59	4.48	4.57	2821901	12786167.00
20120821	4.57	4.88	4.57	4.80	8668606	41034032.00
20120822	4.78	4.88	4.75	4.82	6086738	29362672.00
20120823	4.86	4.86	4.76	4.82	2767505	13342745.00
20120824	4.81	4.84	4.67	4.79	8088669	38207316.00
20120827	4.76	4.88	4.67	4.84	5437582	26164156.00
20120828	4.68	4.85	4.60	4.83	6274014	29842586.00
20120829	4.76	4.87	4.76	4.81	4342547	20960984.00
20120830	4.81	4.83	4.66	4.79	4426726	21060588.00
20120831	4.79	4.98	4.67	4.69	14974228	72361536.00
20120903	4.50	4.53	4.22	4.39	16176573	70036560.00
20120904	4.33	4.39	4.20	4.23	7976892	34273696.00
20120905	4.23	4.31	4.21	4.26	4892340	20833124.00
20120906	4.26	4.29	4.22	4.26	4747200	20163916.00
20120907	4.29	4.47	4.28	4.43	9740725	42774256.00
20120910	4.48	4.52	4.42	4.49	7602043	34016932.00
20120911	4.43	4.48	4.41	4.47	4625063	20539292.00
20120912	4.50	4.54	4.44	4.49	4922373	22049926.00
20120913	4.50	4.55	4.43	4.44	4728825	21243384.00
20120914	4.46	4.49	4.34	4.40	5064640	22280768.00
20120917	4.38	4.39	4.22	4.22	3520546	15170752.00
20120918	4.20	4.26	4.16	4.18	3673391	15423781.00
20120919	4.18	4.27	4.18	4.26	3138409	13313989.00
20120920	4.26	4.28	4.16	4.19	2868883	12100186.00
20120921	4.18	4.27	4.16	4.20	2815669	11906696.00
20120924	4.17	4.19	4.08	4.14	3085744	12776877.00
20120925	4.14	4.46	4.09	4.23	8533576	36450244.00
20120926	4.17	4.23	3.97	4.00	6808108	27716030.00
20120927	4.00	4.09	3.98	4.05	4921853	19961580.00
20120928	4.05	4.10	4.01	4.09	3793586	15464932.00
20121008	4.10	4.16	4.06	4.09	3883064	16006581.00
20121009	4.09	4.30	4.08	4.27	9723202	40955660.00
20121010	4.27	4.58	4.23	4.49	16653825	73741976.00
20121011	4.48	4.60	4.46	4.55	12045279	54612504.00
20121012	4.57	4.62	4.43	4.55	7802949	35120996.00
20121015	4.51	4.61	4.46	4.57	12029349	54612144.00
20121016	4.55	4.62	4.51	4.57	5016480	22860900.00
20121017	4.52	4.57	4.49	4.53	2606438	11779055.00
20121018	4.50	4.77	4.39	4.49	27872888	125579824.00
20121019	4.40	4.48	4.35	4.36	11689754	51112700.00
20121022	4.32	4.32	4.24	4.30	5634569	24128798.00
20121023	4.29	4.36	4.27	4.28	4984206	21512576.00
20121024	4.25	4.31	4.22	4.30	3371836	14403404.00
20121025	4.30	4.33	4.22	4.23	3597269	15366412.00
20121026	4.23	4.23	4.06	4.10	4529269	18659498.00
20121029	4.10	4.13	4.03	4.09	2470021	10071878.00
20121030	4.09	4.13	4.08	4.11	2457946	10089953.00
20121031	4.08	4.10	4.01	4.08	3759631	15200278.00
20121101	4.05	4.20	4.05	4.15	5348792	22208504.00
20121102	4.19	4.57	4.19	4.57	16355524	73964472.00
20121105	4.80	5.03	4.74	5.03	39564051	194843056.00
20121106	5.16	5.22	4.78	4.91	46573777	229257184.00
20121107	4.93	5.02	4.63	4.71	26877201	128395936.00
20121108	4.58	4.82	4.52	4.56	22296887	103956232.00
20121109	4.52	4.65	4.48	4.63	16078464	73624504.00
20121112	4.57	4.67	4.52	4.64	11349179	52182140.00
20121113	4.63	4.63	4.18	4.23	18902974	81904376.00
20121114	4.19	4.25	4.13	4.20	7630917	31888028.00
20121115	4.17	4.27	4.12	4.14	7817130	32730932.00
20121116	4.12	4.27	4.12	4.21	7809497	32847000.00
20121119	4.24	4.27	4.16	4.26	4809128	20273176.00
20121120	4.28	4.31	4.21	4.26	6536042	27843296.00
20121121	4.26	4.29	4.07	4.25	7429031	31095254.00
20121122	4.20	4.21	4.12	4.14	4878704	20265760.00
20121123	4.13	4.19	4.11	4.16	3533363	14687040.00
20121126	4.16	4.21	4.10	4.13	3986083	16539147.00
20121127	4.10	4.12	3.90	3.90	7704345	30735792.00
20121128	3.91	3.92	3.78	3.80	3052589	11666941.00
20121129	3.80	3.86	3.73	3.73	3584303	13582599.00
20121130	3.74	3.85	3.71	3.80	4390779	16681318.00
20121203	3.80	3.85	3.67	3.68	4076913	15420151.00
20121204	3.60	3.69	3.38	3.66	7474573	26471286.00
20121205	3.67	3.88	3.62	3.82	6445552	24437292.00
20121206	3.81	3.94	3.77	3.91	6220843	23999160.00
20121207	3.89	3.97	3.85	3.94	6324327	24830330.00
20121210	3.91	4.17	3.91	4.04	9425094	38119060.00
20121211	4.02	4.04	3.95	3.96	5010040	19973880.00
20121212	4.00	4.20	3.95	4.02	7610130	30862316.00
20121213	4.00	4.00	3.88	3.89	5186118	20427384.00
20121214	3.95	4.28	3.93	4.23	19651668	81771840.00
20121217	4.16	4.28	4.11	4.18	12419703	51936872.00
20121218	4.14	4.20	4.09	4.12	7321645	30334810.00
20121219	4.10	4.13	4.06	4.10	5437250	22245354.00
20121220	4.06	4.11	4.02	4.09	4750979	19321044.00
20121221	4.10	4.16	4.05	4.09	3985754	16314187.00
20121224	4.10	4.12	4.06	4.10	3860441	15792409.00
20121225	4.10	4.28	4.05	4.25	13801974	58196252.00
20121226	4.23	4.30	4.16	4.29	12088076	51181636.00
20121227	4.63	4.72	4.63	4.72	10403405	49029936.00
20121228	4.80	4.95	4.58	4.63	40557913	194128368.00
20121231	4.50	4.62	4.47	4.53	17257441	78135912.00
20130104	4.57	4.59	4.35	4.43	13219016	58664072.00
20130107	4.40	4.47	4.36	4.46	8571839	37876976.00
20130108	4.40	4.49	4.39	4.48	9788312	43489172.00
20130109	4.45	4.54	4.41	4.50	10040502	44924536.00
20130110	4.47	4.52	4.42	4.47	7477222	33412318.00
20130111	4.47	4.57	4.31	4.33	10491827	46809620.00
20130114	4.30	4.53	4.29	4.46	8717230	38570112.00
20130115	4.47	4.56	4.43	4.52	9848577	44278692.00
20130116	4.52	4.61	4.46	4.55	10817333	49093780.00
20130117	4.54	4.54	4.40	4.42	7315134	32543760.00
20130118	4.40	4.56	4.33	4.50	7359671	33056734.00
20130121	4.51	4.57	4.45	4.55	8355711	37819020.00
20130122	4.56	4.56	4.41	4.46	7735831	34581576.00
20130123	4.45	4.66	4.40	4.65	19212663	87677968.00
20130124	4.70	4.78	4.41	4.43	18452482	84692944.00
20130125	4.43	4.43	4.30	4.33	7563898	32930148.00
20130128	4.31	4.42	4.30	4.42	4535874	19853154.00
20130129	4.41	4.44	4.38	4.42	5514911	24320076.00
20130130	4.41	4.49	4.38	4.48	7210623	31872428.00
20130131	4.44	4.45	4.35	4.39	6745316	29569724.00
20130201	4.36	4.41	4.33	4.41	5354706	23437380.00
20130204	4.42	4.48	4.34	4.38	5675766	24945064.00
20130205	4.35	4.46	4.33	4.45	6357652	28013534.00
20130206	4.45	4.55	4.39	4.50	9831794	43931348.00
20130207	4.48	4.49	4.41	4.42	6099476	27073824.00
20130208	4.43	4.47	4.42	4.44	3604186	16022258.00
20130218	4.51	4.54	4.43	4.48	5787760	25913882.00
20130219	4.49	4.50	4.39	4.40	4885104	21622600.00
20130220	4.41	4.45	4.38	4.44	3599327	15905708.00
20130221	4.43	4.53	4.38	4.46	10695151	47632540.00
20130222	4.43	4.46	4.35	4.38	5798497	25614574.00
20130225	4.38	4.62	4.37	4.55	15162259	68491992.00
20130226	4.55	4.58	4.47	4.50	9012254	40739636.00
20130227	4.50	4.57	4.48	4.54	6528483	29535828.00
20130228	4.55	4.56	4.41	4.54	9407272	42225112.00
20130301	4.55	4.67	4.50	4.65	16121720	74193272.00
20130304	4.60	4.60	4.43	4.49	9001505	40563088.00
20130305	4.48	4.67	4.45	4.64	10581317	48368824.00
20130306	4.62	4.79	4.57	4.75	15263316	71817608.00
20130307	4.73	4.73	4.59	4.68	10712861	49949636.00
20130308	4.68	4.77	4.57	4.59	7810091	36423760.00
20130311	4.57	4.65	4.54	4.59	4390603	20141448.00
20130312	4.62	4.62	4.35	4.39	7927547	35395468.00
20130313	4.39	4.40	4.20	4.26	5458739	23380704.00
20130314	4.26	4.34	4.22	4.26	3780270	16119343.00
20130315	4.24	4.31	4.20	4.25	4023766	17163746.00
20130318	4.21	4.28	4.18	4.19	3219532	13593335.00
20130319	4.19	4.22	4.07	4.14	3809733	15752086.00
20130320	4.17	4.26	4.13	4.26	3924905	16550602.00
20130321	4.25	4.31	4.22	4.26	4961433	21210598.00
20130322	4.24	4.26	4.19	4.24	3869677	16365328.00
20130325	4.24	4.31	4.22	4.28	3424533	14600693.00
20130326	4.27	4.27	4.18	4.22	3214251	13546242.00
20130327	4.22	4.29	4.19	4.22	4150664	17587642.00
20130328	4.18	4.18	4.01	4.01	4964833	20255452.00
20130329	4.01	4.04	3.98	4.04	2671284	10723020.00
20130401	4.03	4.07	4.01	4.04	1810302	7320330.00
20130402	4.03	4.08	3.99	4.00	2006130	8085921.00
20130403	3.99	4.04	3.99	4.02	1772825	7109423.00
20130408	3.96	3.97	3.89	3.95	2255109	8858901.00
20130409	3.96	4.03	3.94	4.02	1713638	6859873.00
20130410	4.01	4.18	3.98	4.11	3798463	15531863.00
20130411	4.12	4.13	4.05	4.11	3121301	12779311.00
20130412	4.19	4.40	4.17	4.21	11008488	47041696.00
20130415	4.04	4.12	4.00	4.04	5379473	21715952.00
20130416	3.99	4.06	3.96	4.05	2808009	11245395.00
20130417	4.03	4.07	4.02	4.05	2437584	9860379.00
20130418	4.05	4.05	4.00	4.04	1922689	7748821.00
20130419	4.05	4.11	4.00	4.10	4142355	16891974.00
20130422	4.10	4.11	4.04	4.08	3133297	12742293.00
20130423	4.07	4.10	3.94	3.95	3598844	14391524.00
20130424	3.95	4.02	3.92	4.01	2339110	9318537.00
20130425	4.01	4.01	3.93	3.93	2954530	11709196.00
20130426	3.93	3.95	3.85	3.85	2891187	11278377.00
20130502	3.86	3.89	3.84	3.87	1942820	7515947.00
20130503	3.87	3.96	3.87	3.94	1932215	7605558.00
20130506	3.94	4.00	3.94	3.99	2450624	9751405.00
20130507	3.98	4.07	3.94	4.05	3422822	13711811.00
20130508	4.03	4.06	3.96	4.02	3417128	13751091.00
20130509	4.01	4.01	3.93	3.95	3427735	13564620.00
20130510	3.92	3.98	3.91	3.98	2875725	11335438.00
20130513	3.96	3.97	3.93	3.96	2216072	8754026.00
20130514	3.95	3.95	3.88	3.92	2276370	8899237.00
20130515	3.92	3.95	3.89	3.94	1659945	6513538.00
20130516	3.94	4.00	3.90	4.00	4385327	17421344.00
20130517	3.98	4.05	3.97	4.05	4519468	18173628.00
20130520	4.07	4.08	4.02	4.07	5418124	21983128.00
20130521	4.06	4.14	4.04	4.09	4836540	19793344.00
20130522	4.10	4.11	4.05	4.07	4431048	18077900.00
20130523	4.06	4.09	4.00	4.02	4228518	17085792.00
20130524	4.02	4.10	4.01	4.09	4344407	17658308.00
20130527	4.10	4.15	4.07	4.13	5925899	24359912.00
20130528	4.14	4.17	4.07	4.15	6485469	26723928.00
20130529	4.19	4.37	4.14	4.28	15958393	68036816.00
20130530	4.25	4.71	4.22	4.71	34273490	156380688.00
20130531	4.71	5.18	4.70	4.93	73875945	363392320.00
20130603	4.85	4.90	4.72	4.76	31722832	152073568.00
20130604	4.79	4.88	4.68	4.76	27077074	129704216.00
20130605	4.75	4.75	4.52	4.61	17108617	78760216.00
20130606	4.63	4.79	4.56	4.59	18429492	86393232.00
20130607	4.60	4.68	4.40	4.52	13560059	61499392.00
20130613	4.42	4.49	4.07	4.23	10870502	45953568.00
20130614	4.23	4.32	4.20	4.28	7173561	30566920.00
20130617	4.36	4.46	4.27	4.29	10905356	47361504.00
20130618	4.28	4.36	4.15	4.30	9092325	38562816.00
20130619	4.25	4.28	4.15	4.25	5585908	23525534.00
20130620	4.20	4.23	4.00	4.05	7842497	32263820.00
20130621	4.02	4.02	3.86	3.97	7092364	28058902.00
20130624	3.95	3.98	3.68	3.75	8241426	31615208.00
20130625	3.70	3.77	3.39	3.72	8393858	30405924.00
20130626	3.74	3.82	3.68	3.78	5957358	22383644.00
20130627	3.80	3.83	3.62	3.65	8389665	31177456.00
20130628	3.56	3.74	3.53	3.65	4976012	18100072.00
20130701	3.67	3.77	3.62	3.72	4672356	17342352.00
20130702	3.71	3.76	3.68	3.75	4380004	16321275.00
20130703	3.75	3.75	3.61	3.73	5501565	20195568.00
20130704	3.68	3.84	3.62	3.79	7403670	27952906.00
20130705	3.74	3.82	3.74	3.75	6004253	22688208.00
20130708	3.66	3.66	3.54	3.55	5713858	20624348.00
20130709	3.55	3.60	3.53	3.58	1927444	6878020.00
20130710	3.58	3.94	3.54	3.94	17344640	67039880.00
20130711	4.00	4.21	3.98	4.06	22520702	91453272.00
20130712	4.02	4.19	3.89	4.10	16060603	65377396.00
20130715	4.07	4.18	4.02	4.09	10844355	44440404.00
20130716	4.11	4.33	4.05	4.19	16795064	70348880.00
20130717	4.17	4.17	4.05	4.08	12012363	49274644.00
20130718	3.99	4.16	3.97	4.05	7990189	32455338.00
20130719	4.03	4.24	3.98	4.18	18590372	77318832.00
20130722	4.13	4.37	4.08	4.34	22660438	97169360.00
20130723	4.29	4.43	4.23	4.37	15745471	68114112.00
20130724	4.32	4.37	4.21	4.26	12631258	54076996.00
20130725	4.23	4.31	4.09	4.12	9959285	41926336.00
20130726	4.10	4.18	4.03	4.08	6535058	26725688.00
20130729	4.06	4.07	3.90	3.91	7221492	28576344.00
20130730	3.90	3.99	3.83	3.96	4994527	19640152.00
20130731	3.95	4.01	3.92	3.93	4158205	16467390.00
20130801	3.93	4.01	3.91	4.01	4724707	18812224.00
20130802	4.02	4.05	3.99	4.01	6037015	24276274.00
20130805	4.01	4.09	3.97	4.05	5365224	21711982.00
20130806	4.05	4.17	4.04	4.16	8246845	33997576.00
20130807	4.16	4.18	4.07	4.09	7197033	29678060.00
20130808	4.09	4.16	4.01	4.10	7699556	31396748.00
20130809	4.08	4.15	4.02	4.08	6429450	26141036.00
20130812	4.08	4.18	4.06	4.17	8485983	35109768.00
20130813	4.18	4.19	4.13	4.17	6320259	26236186.00
20130814	4.17	4.31	4.15	4.19	14506309	61439320.00
20130815	4.22	4.61	4.19	4.44	36144119	162357712.00
20130816	4.30	4.40	4.20	4.22	20311635	87816888.00
20130819	4.17	4.60	4.17	4.49	22386971	99353168.00
20130820	4.42	4.62	4.40	4.51	23150525	104188784.00
20130821	4.49	4.73	4.47	4.62	23981885	111129624.00
20130822	4.61	4.65	4.45	4.48	15000326	67878760.00
20130823	4.44	4.78	4.44	4.68	24264622	112277880.00
20130826	4.64	5.15	4.53	4.93	30127532	145668000.00
20130827	4.88	5.25	4.83	5.03	34672613	175766688.00
20130828	5.25	5.53	5.22	5.53	28098798	153855904.00
20130829	5.50	5.54	5.27	5.30	49927551	269059072.00
20130830	5.26	5.67	5.01	5.06	57266754	310876896.00
20130902	4.94	5.17	4.55	4.68	39728614	188196928.00
20130903	4.63	4.73	4.50	4.71	25553222	118145072.00
20130904	4.65	4.80	4.60	4.68	23108458	108638880.00
20130905	4.63	4.65	4.50	4.55	17947737	81697240.00
20130906	4.56	4.75	4.48	4.68	23634512	109197184.00
20130909	4.65	4.96	4.56	4.86	33484702	159809760.00
20130910	4.84	4.93	4.76	4.87	22441959	108816192.00
20130911	4.90	4.91	4.60	4.67	19431804	91491312.00
20130912	4.62	4.75	4.58	4.68	10289493	47935948.00
20130913	4.66	4.75	4.60	4.72	10703795	50173724.00
20130916	4.70	4.83	4.68	4.69	10339480	48965328.00
20130917	4.67	5.14	4.47	4.84	32001846	154047584.00
20130918	4.71	4.77	4.60	4.71	13464440	63283464.00
20130923	4.70	4.79	4.66	4.74	12229248	57595792.00
20130924	4.75	4.75	4.55	4.64	12126074	56234164.00
20130925	4.61	4.66	4.52	4.53	11244973	51537932.00
20130926	4.50	4.52	4.38	4.41	9404409	41773136.00
20130927	4.39	4.54	4.39	4.44	7062796	31592664.00
20130930	4.48	4.53	4.43	4.50	4542925	20373768.00
20131008	4.50	4.63	4.49	4.58	7972799	36486508.00
20131009	4.60	5.04	4.57	5.04	35513794	173483936.00
20131010	5.17	5.47	5.01	5.02	41783570	218086400.00
20131011	4.91	5.13	4.86	5.00	17457716	87081872.00
20131014	5.05	5.15	4.96	5.05	15007145	75875896.00
20131015	5.10	5.24	4.90	5.16	22920052	116725888.00
20131016	5.41	5.68	5.17	5.20	37880138	205308736.00
20131017	5.01	5.18	4.96	5.06	17954736	90936880.00
20131018	5.00	5.10	4.97	5.01	9121850	45804244.00
20131021	5.00	5.24	4.91	5.18	14293805	73155416.00
20131022	5.17	5.41	5.13	5.23	19447197	102876352.00
20131023	5.15	5.24	4.93	5.00	13591610	68716344.00
20131024	5.08	5.18	5.00	5.07	10098306	51520368.00
20131025	5.03	5.08	4.75	4.86	9608151	47269560.00
20131028	4.87	4.92	4.78	4.90	4406865	21371372.00
20131029	4.92	5.08	4.55	4.84	10676239	51682684.00
20131030	4.80	5.08	4.66	5.00	11550728	56463688.00
20131031	4.90	5.16	4.86	5.11	12894199	65013864.00
20131101	5.13	5.20	4.95	5.19	12505426	63825260.00
20131104	5.20	5.39	5.14	5.38	19874285	105082272.00
20131105	5.30	5.50	5.26	5.40	17794866	95122536.00
20131106	5.40	5.46	5.15	5.18	15578776	83212952.00
20131107	5.19	5.23	5.04	5.05	9578586	49086572.00
20131108	5.00	5.16	4.98	5.14	7749890	39193292.00
20131111	5.11	5.59	5.11	5.46	28495836	154463760.00
20131112	5.36	5.64	5.32	5.48	18295185	100460328.00
20131113	5.51	5.98	5.37	5.73	33171445	189143408.00
20131114	5.75	6.11	5.64	5.98	29150449	173292320.00
20131115	5.87	6.21	5.81	5.95	26540136	158751904.00
20131118	5.90	6.02	5.82	5.87	25039384	147548064.00
20131119	5.85	6.04	5.79	5.82	19021936	112680744.00
20131120	5.85	6.28	5.77	6.23	27185796	164257056.00
20131121	6.10	6.70	6.03	6.12	32716583	207154480.00
20131122	6.08	6.27	5.96	6.14	17068968	104425632.00
20131125	6.08	6.65	6.05	6.61	26546698	169948528.00
20131126	6.67	6.89	6.45	6.52	26221426	175352176.00
20131127	6.46	6.79	6.38	6.63	15685407	103155168.00
20131128	6.61	6.96	6.49	6.95	19765801	132469632.00
20131129	7.09	7.10	6.75	6.78	21155410	145870192.00
20131202	6.52	6.76	6.11	6.59	18379254	120338672.00
20131203	6.59	7.05	6.59	6.98	17581966	121193936.00
20131204	6.98	7.14	6.87	7.06	24485909	171273728.00
20131205	7.05	7.08	6.75	6.86	15932150	109582896.00
20131206	6.83	6.90	6.61	6.81	10739059	72737096.00
20131209	6.80	6.88	6.64	6.81	9302434	62762288.00
20140116	7.02	7.02	6.13	6.15	25211707	161190688.00
20140117	6.01	6.14	5.77	5.80	12906476	76298568.00
20140120	5.77	5.96	5.76	5.80	6760517	39564240.00
20140121	5.79	5.96	5.78	5.80	5345319	31242266.00
20140122	5.82	5.90	5.77	5.87	7768823	45403392.00
20140123	5.88	5.88	5.62	5.74	9575979	54946540.00
20140124	5.73	5.78	5.67	5.75	6397487	36713908.00
20140127	5.70	5.77	5.59	5.61	7828392	44447016.00
20140128	5.59	5.73	5.59	5.68	4959834	28102652.00
20140129	5.69	5.73	5.65	5.71	4007392	22772784.00
20140130	5.77	5.91	5.77	5.84	8666520	50713744.00
20140207	5.80	5.89	5.67	5.89	5798418	33722832.00
20140210	5.90	6.48	5.90	6.48	17582664	110220776.00
20140211	7.00	7.12	6.49	6.65	23719443	158647536.00
20140212	6.69	7.10	6.67	6.85	21153248	145487232.00
20140213	6.86	7.02	6.61	6.73	15354641	104202584.00
20140214	6.63	6.93	6.63	6.84	9277582	63250152.00
20140217	6.78	6.98	6.78	6.88	9038737	61797928.00
20140218	6.84	7.18	6.80	7.09	18191454	127393744.00
20140219	7.09	7.72	7.00	7.29	17326073	127459536.00
20140220	7.32	7.44	7.05	7.13	12195816	87630464.00
20140221	7.13	7.20	6.80	6.98	8390216	58244740.00
20140224	6.90	6.95	6.65	6.73	9870859	66782756.00
20140225	6.72	6.93	6.19	6.46	11393161	75136248.00
20140226	6.30	6.57	6.08	6.50	5915367	37621368.00
20140227	6.55	6.68	6.35	6.39	6164181	40213212.00
20140228	6.30	6.51	6.29	6.48	3841788	24655548.00
20140303	6.45	6.68	6.45	6.68	4943274	32639274.00
20140304	6.62	6.96	6.52	6.88	9161088	62320808.00
20140305	6.85	6.93	6.70	6.82	6490595	44123288.00
20140306	6.81	6.91	6.61	6.73	4753611	32125834.00
20140307	6.75	6.80	6.64	6.75	3813092	25635688.00
20140310	6.63	6.74	6.32	6.34	4640575	30146310.00
20140311	6.29	6.41	6.27	6.36	2785351	17636224.00
20140312	6.39	6.39	6.03	6.17	4570412	28288648.00
20140313	6.17	6.25	6.10	6.22	2880936	17834568.00
20140314	6.22	6.23	6.00	6.12	3745536	22824060.00
20140317	6.13	6.33	6.05	6.30	4159471	25813170.00
20140318	6.27	6.42	6.26	6.38	3375011	21476424.00
20140319	6.38	6.38	6.23	6.30	3216470	20189512.00
20140320	6.25	6.38	6.10	6.11	2974376	18549288.00
20140321	6.11	6.23	6.05	6.21	3631164	22344124.00
20140324	6.20	6.49	6.16	6.44	5872424	37650356.00
20140325	6.45	6.57	6.34	6.41	3788962	24480464.00
20140326	6.42	6.75	6.39	6.65	8143161	53765896.00
20140327	6.65	6.70	6.51	6.54	5003091	32862490.00
20140328	6.54	6.59	6.31	6.41	3798373	24353600.00
20140331	6.41	6.41	6.20	6.22	3135426	19639956.00
20140401	6.23	6.32	6.16	6.29	2432597	15240665.00
20140402	6.30	6.39	6.25	6.28	2297554	14499893.00
20140403	6.28	6.32	6.20	6.27	2072007	12971918.00
20140404	6.26	6.31	6.21	6.26	3247134	20293736.00
20140408	6.27	6.36	6.23	6.35	3650428	22993834.00
20140409	6.35	6.68	6.33	6.67	9593194	62838844.00
20140410	6.68	6.71	6.53	6.59	6887310	45479012.00
20140411	6.60	6.67	6.50	6.59	6233757	41145828.00
20140414	6.63	7.25	6.55	6.96	21379825	147913936.00
20140415	6.90	7.10	6.81	6.96	12387368	86173088.00
20140416	6.92	7.18	6.80	7.06	12172735	85427040.00
20140417	7.01	7.04	6.88	6.92	6079178	42153616.00
20140418	6.94	6.94	6.78	6.81	4575829	31299816.00
20140421	6.77	6.80	6.63	6.64	4671524	31319968.00
20140422	6.62	6.76	6.50	6.75	5949776	39548072.00
20140423	6.70	6.77	6.65	6.66	3444070	23091338.00
20140424	6.60	6.60	6.42	6.43	5674432	36850744.00
20140425	6.40	6.60	6.37	6.38	3426617	22194118.00
20140428	6.37	6.41	6.11	6.16	3398397	21155138.00
20140429	6.16	6.33	6.15	6.29	2637520	16444103.00
20140430	6.29	6.60	6.26	6.48	3522412	22860690.00
20140505	6.52	6.58	6.38	6.53	2785328	18023422.00
20140506	6.47	6.55	6.44	6.51	2142529	13927631.00
20140507	6.49	6.70	6.44	6.68	6385138	42174136.00
20140508	6.64	6.84	6.60	6.75	7863582	52996664.00
20140509	6.70	6.75	6.40	6.40	5229531	34097700.00
20140512	6.43	6.56	6.41	6.54	3830083	24851324.00
20140513	6.54	6.63	6.45	6.50	2763561	18030620.00
20140514	6.51	6.55	6.35	6.38	4021892	25783386.00
20140515	6.36	6.43	6.26	6.26	2682850	16931440.00
20140516	6.22	6.34	6.20	6.33	1839103	11564748.00
20140519	6.33	6.33	6.25	6.28	1217901	7650245.00
20140520	6.28	6.43	6.23	6.30	1849824	11699237.00
20140521	6.31	6.31	6.21	6.31	2275088	14256019.00
20140522	6.33	6.36	6.28	6.29	1908019	12059460.00
20140523	6.26	6.31	6.22	6.31	1793399	11228927.00
20140526	6.31	6.41	6.28	6.40	2390960	15132960.00
20140527	6.43	6.44	6.34	6.39	2060824	13166605.00
20140528	6.37	6.43	6.33	6.41	2144891	13688830.00
20140529	6.40	6.47	6.32	6.34	3171389	20279636.00
20140530	6.35	6.40	6.26	6.31	2314980	14612852.00
20140603	6.30	6.34	6.16	6.20	3888254	24206296.00
20140604	6.20	6.20	5.98	6.07	4039326	24457760.00
20140605	6.07	6.08	5.95	6.08	3233667	19419204.00
20140606	6.10	6.10	6.02	6.06	1796737	10883494.00
20140609	6.06	6.06	5.92	5.95	2876079	17192132.00
20140610	5.95	5.97	5.80	5.92	3796173	22262110.00
20140611	5.93	6.01	5.87	6.01	3364819	19955028.00
20140612	6.03	6.06	5.99	6.05	3527410	21282204.00
20140613	6.05	6.06	5.98	6.03	3363446	20288324.00
20140616	6.03	6.17	5.97	6.10	5159620	31324980.00
20140617	6.10	6.11	6.04	6.05	2507294	15219898.00
20140618	6.02	6.05	5.88	5.90	3657988	21708588.00
20140619	5.88	5.96	5.71	5.74	2666025	15557217.00
20140620	5.74	6.31	5.70	6.17	10929880	67244120.00
20140623	6.00	6.09	5.95	6.04	6025897	36303428.00
20140624	6.00	6.15	5.92	6.10	6069850	36544128.00
20140625	6.07	6.28	5.98	6.19	6638165	40898248.00
20140626	6.16	6.21	6.10	6.19	5203072	32012336.00
20140627	6.19	6.20	6.09	6.09	3391413	20801524.00
20140630	6.18	6.18	6.06	6.13	2779493	16980588.00
20140701	6.13	6.19	6.07	6.16	2831284	17374556.00
20140702	6.18	6.19	6.12	6.18	2947020	18144924.00
20140703	6.18	6.32	6.14	6.28	6726489	42106304.00
20140704	6.27	6.30	6.21	6.22	2905291	18117212.00
20140707	6.19	6.26	6.03	6.09	4511781	27546816.00
20140708	6.08	6.11	6.03	6.09	2273347	13793867.00
20140709	6.05	6.14	5.96	5.96	3418824	20658268.00
20140710	5.94	5.99	5.91	5.99	3134610	18689318.00
20140711	5.99	6.12	5.93	6.06	3207404	19443972.00
20140714	6.05	6.17	6.04	6.15	4240787	25950070.00
20140715	6.15	6.20	6.10	6.17	3032510	18651426.00
20140716	6.16	6.31	6.13	6.15	3735085	23252140.00
20140717	6.15	6.34	6.13	6.26	6274185	39277956.00
20140718	6.22	6.66	6.19	6.63	17959368	117206672.00
20140721	6.59	6.80	6.45	6.67	10385531	68867144.00
20140722	6.66	7.34	6.56	7.23	33580962	238820752.00
20140723	7.18	7.50	6.97	7.29	28602291	206218016.00
20140724	7.00	7.46	6.99	7.20	28014217	202658064.00
20140725	7.20	7.33	6.99	7.02	14114666	100713400.00
20140728	7.00	7.22	6.98	7.08	10574069	74883752.00
20140729	7.10	7.46	7.01	7.29	19978563	145362688.00
20140730	7.23	7.52	7.08	7.32	19146304	139906752.00
20140731	7.44	7.48	7.21	7.35	12332062	90439480.00
20140801	7.40	8.00	7.40	7.45	34426792	263699216.00
20140804	7.30	7.74	7.28	7.67	24460075	183874768.00
20140805	7.60	7.66	7.31	7.43	19243500	143614848.00
20140806	7.42	7.43	7.17	7.21	14267168	103200800.00
20140807	7.21	7.29	7.09	7.10	12127317	86999168.00
20140808	7.11	7.20	7.10	7.19	6789829	48585188.00
20140811	7.25	7.30	7.19	7.27	9882725	71620960.00
20140812	7.25	7.30	7.23	7.27	7004271	50902896.00
20140813	7.26	7.55	7.22	7.49	18512670	137038528.00
20140814	7.58	7.60	7.28	7.31	12700261	94487984.00
20140815	7.46	7.59	7.35	7.50	14693033	109704112.00
20140818	7.50	7.58	7.46	7.51	10686719	80150728.00
20140819	7.45	7.63	7.34	7.55	20280787	151551408.00
20140820	7.51	7.56	7.46	7.50	7394615	55529740.00
20140821	7.48	7.52	7.29	7.34	8477038	62573096.00
20140822	7.34	7.41	7.32	7.38	5854313	43157528.00
20140825	7.39	7.39	7.21	7.23	7149910	51979516.00
20140826	7.21	7.34	7.12	7.14	6791800	48912812.00
20140827	7.01	7.25	7.01	7.20	4592391	32916470.00
20140828	7.17	7.28	7.08	7.16	3971453	28550940.00
20140829	7.19	7.24	7.11	7.23	4140614	29705108.00
20140901	7.25	7.45	7.20	7.43	9022026	66741228.00
20140902	7.46	7.53	7.40	7.48	8216561	61347100.00
20140903	7.51	7.80	7.45	7.73	19505448	148952992.00
20140904	7.70	7.97	7.66	7.87	17559614	138089216.00
20140905	7.92	8.03	7.78	7.86	14583065	115240848.00
20140909	7.86	8.59	7.80	8.33	32670837	267707712.00
20140910	8.26	8.36	8.07	8.29	19419681	160355248.00
20140911	8.24	8.58	8.18	8.39	21658346	181182208.00
20140912	8.31	8.36	8.12	8.27	13934682	114447256.00
20140915	8.27	8.51	8.15	8.48	16316803	136786128.00
20140916	8.49	8.49	7.90	7.92	20630640	168353888.00
20140917	7.88	8.05	7.80	8.01	9244521	73565864.00
20140918	8.00	8.17	7.94	8.05	6898923	55602584.00
20140919	8.02	8.17	8.02	8.16	7057728	57355376.00
20140922	8.21	8.64	8.10	8.51	21846132	184007104.00
20140923	8.60	9.03	8.51	8.78	23672501	209282256.00
20140924	8.77	9.08	8.71	8.83	13911189	123949784.00
20140925	8.93	9.25	8.71	8.88	18714263	167416560.00
20140926	8.79	9.42	8.67	9.31	21888792	198347008.00
20140929	9.27	9.68	9.10	9.61	19656057	184278864.00
20140930	9.51	10.57	9.48	10.32	26710298	271836640.00
20141008	10.40	10.50	10.02	10.37	18378104	188918960.00
20141009	10.20	10.57	10.10	10.24	18462226	189620016.00
20141010	10.14	10.20	9.85	9.89	18259217	182591184.00
20141013	9.80	9.85	9.52	9.65	15354001	148176528.00
20141014	9.69	9.92	9.58	9.74	14292975	140102464.00
20141015	9.70	9.87	9.60	9.74	7594020	73844024.00
20141016	9.78	10.04	9.65	9.85	14306418	141401920.00
20141017	9.80	9.90	9.20	9.59	11901952	114048360.00
20141020	9.69	10.40	9.45	10.21	23205159	231062704.00
20141021	10.07	10.54	9.95	10.09	22141113	226064944.00
20141022	10.08	10.32	9.76	9.78	15030146	151034352.00
20141023	9.78	10.19	9.72	9.90	16069175	160307232.00
20141024	9.82	10.89	9.82	10.77	41046606	437331968.00
20141027	10.60	10.98	10.45	10.66	24642482	263944640.00
20141028	10.83	11.16	10.61	10.87	21952975	237266224.00
20141029	10.91	11.96	10.67	11.65	39021687	447368672.00
20141030	11.50	11.75	11.31	11.44	26780783	308110624.00
20141031	11.50	11.68	11.21	11.42	18588944	212718096.00
20141103	11.95	12.25	11.38	11.44	38799999	452248032.00
20141104	11.30	11.30	10.40	10.76	31276346	338483264.00
20141105	10.68	10.80	10.43	10.70	13334936	141876240.00
20141106	10.70	10.87	10.60	10.83	12094326	130408256.00
20141107	10.83	10.96	10.60	10.65	10526556	113662176.00
20141110	10.66	10.96	10.65	10.85	10995506	118722448.00
20141111	10.79	10.93	9.92	10.14	17323150	179231024.00
20141112	10.30	10.78	10.29	10.57	12350098	130364152.00
20141113	10.50	11.18	10.28	11.06	24135886	262747408.00
20141114	11.04	11.27	10.85	11.15	14725957	163001504.00
20141117	11.28	11.66	11.11	11.23	17716207	201313712.00
20141118	11.18	11.67	11.07	11.64	23131531	263497696.00
20141119	11.50	11.74	11.35	11.43	17074890	196275168.00
20141120	11.40	11.65	11.14	11.57	16184908	184937616.00
20141121	11.54	11.54	11.21	11.30	13866092	157461792.00
20141124	11.41	11.44	10.98	11.20	20778297	232176672.00
20141125	11.11	11.27	11.00	11.07	16024552	177356848.00
20141126	11.11	11.22	11.01	11.12	14311838	159104528.00
20141127	11.12	11.17	10.83	10.97	17285420	190288000.00
20141128	10.98	11.16	10.91	11.00	12778374	141022896.00
20141201	11.00	11.14	10.94	11.12	12619696	139452912.00
20141202	11.12	11.13	11.01	11.08	11302216	125228704.00
20141203	11.13	11.30	10.94	11.11	15790103	175222368.00
20141204	11.11	11.33	11.00	11.23	24206345	271320384.00
20141205	11.23	11.23	10.30	10.89	21187465	231079200.00
20141208	11.09	11.98	11.09	11.96	46026977	531983232.00
20141209	11.95	12.50	11.00	11.18	55049383	660319104.00
20141210	11.05	12.01	10.98	11.82	30062488	344175904.00
20141211	12.00	12.48	11.85	12.19	33979027	413134496.00
20141212	12.30	12.42	11.48	11.92	25794792	305454912.00
20141215	12.53	12.80	11.96	12.20	37639094	465039904.00
20141216	12.15	12.16	11.50	11.86	21436788	252737120.00
20141217	11.65	12.20	11.52	11.88	18840555	224144224.00
20141218	11.69	11.80	11.54	11.60	12169331	141830176.00
20141219	11.60	11.71	11.00	11.05	17327584	194560336.00
20141222	11.06	11.19	9.95	10.19	19963764	208319008.00
20141223	10.20	10.47	9.92	9.99	8112348	82769160.00
20141224	10.00	10.45	10.00	10.35	8688231	88882080.00
20141225	10.39	10.40	10.22	10.31	7277018	74847320.00
20141226	10.31	10.55	10.30	10.47	9659479	100968672.00
20141229	10.72	10.84	10.24	10.30	10484866	109982688.00
20141230	10.30	10.44	10.03	10.07	6504841	66017300.00
20141231	10.07	10.24	10.01	10.20	5503214	55795316.00
20150105	10.19	10.24	9.93	9.98	14304803	144019456.00
20150106	9.98	10.16	9.93	10.13	8475222	85528720.00
20150107	10.13	10.23	10.05	10.22	8102816	82334640.00
20150108	10.22	10.22	9.98	10.02	8916166	89549096.00
20150109	10.02	10.09	9.95	9.96	6286659	62875564.00
20150112	9.95	10.02	9.70	9.71	6627815	65459744.00
20150113	9.71	9.79	9.63	9.68	7293255	70731296.00
20150114	9.68	9.84	9.66	9.76	4687583	45685128.00
20150115	9.79	9.85	9.70	9.80	5528400	54062440.00
20150116	9.81	10.02	9.70	9.97	9052500	89287000.00
20150119	9.82	10.11	9.00	9.70	11347146	111266840.00
20150120	9.70	10.25	9.70	10.20	12345351	124462160.00
20150121	10.23	10.49	10.16	10.41	13559770	140831680.00
20150122	10.50	10.50	10.30	10.39	8792700	91063992.00
20150123	10.39	10.48	10.30	10.35	8831794	91530544.00
20150126	10.36	10.81	10.35	10.80	15909786	168639536.00
20150127	10.81	11.05	10.64	10.98	14697559	159767072.00
20150128	10.98	11.15	10.80	10.89	9842014	107973448.00
20150129	10.80	10.80	10.50	10.54	6783023	72071880.00
20150130	10.50	10.65	10.35	10.38	4780352	50366576.00
20150202	10.37	11.09	10.33	10.78	13790315	148941904.00
20150203	10.99	11.55	10.90	11.49	28069599	316883392.00
20150204	11.49	11.69	11.13	11.40	21839264	250120912.00
20150205	11.55	11.70	11.25	11.44	15891061	182526592.00
20150206	11.35	11.58	10.98	11.08	10054588	112974144.00
20150209	11.08	11.27	10.83	10.91	6128289	67754088.00
20150210	10.92	11.34	10.92	11.25	7431476	82950256.00
20150211	11.30	11.80	11.30	11.68	13648891	159033760.00
20150212	11.70	12.00	11.57	11.62	9135721	107263848.00
20150213	11.70	11.89	11.60	11.64	10504102	123009288.00
20150216	11.60	12.10	11.58	11.99	12214696	145750016.00
20150217	12.00	12.39	12.00	12.29	10448838	127870264.00
20150225	12.35	12.41	12.11	12.20	7345856	90183480.00
20150226	12.32	13.42	12.26	12.88	34707683	455389824.00
20150227	12.59	12.92	12.41	12.79	16829451	213277152.00
20150302	12.81	13.04	12.59	12.92	12290042	157772016.00
20150303	12.96	12.96	12.52	12.53	12486676	158447184.00
20150304	12.55	12.67	12.28	12.45	9501622	118311184.00
20150305	12.40	12.48	12.05	12.21	12192002	148627040.00
20150306	12.26	12.71	12.26	12.46	10919373	136527472.00
20150309	12.43	12.43	12.02	12.23	12595884	152565472.00
20150310	12.20	12.69	12.12	12.60	12362542	154502352.00
20150311	12.61	12.84	12.27	12.41	10167937	127131600.00
20150312	12.43	12.58	12.11	12.28	7204782	88275552.00
20150313	12.15	12.42	11.88	12.40	13110150	158581056.00
20150327	13.64	13.64	13.00	13.64	16372291	221092064.00
20150330	14.68	15.00	14.39	15.00	21872218	325669056.00
20150331	15.80	15.98	14.45	14.54	54549352	813769984.00
20150401	14.60	14.95	14.28	14.75	28504546	419495904.00
20150402	14.60	15.30	14.53	14.99	31394974	467693376.00
20150403	14.80	14.94	14.58	14.83	25462885	375033984.00
20150407	14.84	15.60	14.65	15.23	30016036	453317632.00
20150408	15.32	15.48	14.60	14.87	21973548	328171904.00
20150409	15.00	15.12	14.30	15.10	23089461	340577664.00
20150410	15.40	16.19	15.40	15.83	33399564	530084288.00
20150413	15.84	16.30	15.60	15.89	27848270	445635520.00
20150414	15.66	15.87	15.35	15.46	21785253	339631936.00
20150415	15.52	15.69	14.75	14.88	17344023	262815664.00
20150416	14.70	15.26	14.46	14.96	13936368	206869200.00
20150417	15.12	15.80	15.01	15.80	26034966	402949440.00
20150420	16.05	17.38	16.05	17.38	52631919	893647552.00
20150421	18.00	18.14	16.96	17.67	39338808	692217152.00
20150422	17.98	19.44	17.67	19.34	50994318	951841088.00
20150423	18.10	18.88	17.90	18.27	54909986	1002774656.00
20150424	18.00	18.00	17.14	17.41	35844218	623994240.00
20150427	17.36	17.67	17.02	17.24	24947605	430079360.00
20150428	17.24	17.42	16.20	16.47	22285662	372219456.00
20150429	16.45	17.33	16.23	17.20	23959752	407377056.00
20150430	17.09	17.73	16.79	17.40	25599515	442761440.00
20150504	17.38	17.38	16.57	16.83	17283656	291069600.00
20150505	16.60	16.88	15.43	15.46	22888074	369164448.00
20150506	15.50	16.20	14.93	15.15	16085201	250464336.00
20150507	15.22	15.59	14.55	14.70	12900394	192633696.00
20150508	14.97	15.25	14.70	15.23	13195372	197545696.00
20150511	15.41	16.11	15.21	16.09	18939304	297978080.00
20150512	16.30	16.30	15.84	16.18	19604174	314399360.00
20150513	16.31	16.90	16.27	16.38	20923634	345743904.00
20150514	16.25	16.33	15.99	16.11	14767749	238223136.00
20150515	16.18	16.18	15.30	15.38	15597857	242651696.00
20150518	15.35	15.88	15.10	15.51	11935731	185707024.00
20150519	15.45	15.88	15.45	15.87	14015497	220898960.00
20150520	15.96	16.79	15.96	16.36	24808072	406974272.00
20150521	16.36	17.80	16.36	17.79	38444538	666506880.00
20150522	18.01	18.22	17.25	17.62	28569878	501792000.00
20150525	17.40	18.47	17.11	18.23	31565438	567607040.00
20150526	18.71	18.98	18.18	18.62	40348459	749347200.00
20150527	18.62	18.81	18.00	18.33	30537730	560129216.00
20150528	18.35	18.75	16.50	16.55	31237522	559248512.00
20150529	16.55	16.80	15.26	16.19	20061976	323522368.00
20150601	16.19	17.40	16.19	17.33	19391273	325106848.00
20150602	17.61	18.27	17.60	18.10	26583706	478586656.00
20150603	18.11	18.19	17.27	17.71	24708970	438231296.00
20150604	17.69	17.98	16.39	17.58	17783274	308777280.00
20150605	17.80	18.41	17.63	18.29	30612195	554886912.00
20150608	18.39	19.96	18.39	19.44	44943732	868203072.00
20150609	19.19	19.19	18.50	18.81	25876992	485565184.00
20150610	18.59	19.75	18.23	19.29	33908676	652046080.00
20150611	19.15	21.22	19.15	21.22	22015289	459370624.00
20150612	21.60	22.76	20.85	21.94	45787990	997463296.00
20150615	22.17	22.40	20.27	20.55	35380027	744620224.00
20150616	19.98	20.25	18.80	19.09	21487832	421351328.00
20150617	18.90	20.47	18.39	20.28	25711131	501463232.00
20150618	20.28	21.51	19.88	20.20	29764338	618847936.00
20150619	19.15	19.98	18.18	18.18	17925980	340341440.00
20150623	18.00	18.56	16.37	17.60	20497802	354658624.00
20150624	17.91	18.45	17.28	17.96	25761040	457569280.00
20150625	18.05	18.08	16.28	16.57	21832921	379323712.00
20150626	16.00	16.03	14.91	14.91	19123491	291767200.00
20150629	15.14	15.37	13.42	13.42	19475294	273100608.00
20150630	13.32	14.19	12.08	14.17	32947297	426389600.00
20150701	13.95	14.36	12.75	12.75	23861410	327658272.00
20150702	12.90	13.10	11.48	11.48	24555155	297615200.00
20150703	10.81	11.49	10.33	10.33	22034745	234452512.00
20150706	11.36	11.36	9.30	9.34	29503647	295753984.00
20150707	9.05	9.21	8.41	8.41	25786847	218781712.00
20150708	7.57	7.83	7.57	7.57	24053781	182831888.00
20150713	8.33	8.33	8.33	8.33	274683	2288109.00
20150714	9.16	9.16	9.16	9.16	1515948	13886084.00
20150715	10.08	10.08	9.72	10.08	61766303	620279616.00
20150716	9.60	11.09	9.13	11.09	61733156	639234816.00
20150717	11.20	12.20	11.01	12.20	47444854	563051136.00
20150720	12.70	13.42	12.32	13.42	53037061	686068480.00
20150721	13.10	14.02	12.70	13.20	49094339	658226752.00
20150722	12.93	13.67	12.88	13.48	38611088	511670912.00
20150723	13.37	14.10	13.24	13.74	36169480	494014688.00
20150724	13.57	14.58	13.50	14.00	36424146	513828608.00
20150727	13.62	14.30	12.60	12.60	30388095	410323840.00
20150728	11.62	12.89	11.34	11.85	31720726	375900000.00
20150729	12.09	12.85	11.48	12.72	31596470	381533408.00
20150730	12.50	13.60	12.38	12.94	34943756	453656768.00
20150731	12.61	12.97	11.80	12.24	20734330	259420448.00
20150803	12.10	12.10	11.07	11.19	18589602	214388560.00
20150804	11.23	12.31	11.23	12.31	19772861	233543456.00
20150805	12.45	12.72	12.10	12.26	21321044	265705440.00
20150806	11.90	12.63	11.76	12.33	15484925	189999792.00
20150807	12.61	13.25	12.42	13.06	27094193	349245856.00
20150810	13.28	13.92	13.06	13.73	25350323	342409952.00
20150811	13.72	14.05	13.50	13.65	23441502	323191456.00
20150812	13.40	13.57	12.91	13.06	21529190	284464000.00
20150813	12.88	13.79	12.80	13.78	20778938	278086528.00
20150814	14.20	15.16	14.08	14.70	46093029	676573440.00
20150817	14.55	16.00	14.40	15.71	37026657	566231424.00
20150818	15.77	15.77	14.14	14.14	32427386	478196000.00
20150819	13.20	14.66	12.73	14.42	30684701	413494688.00
20150820	14.00	14.26	13.20	13.32	19372517	267726736.00
20150821	13.03	13.50	12.05	12.20	23327706	297482656.00
20150824	11.70	11.70	10.98	10.98	19722919	219409920.00
20150825	10.01	10.98	9.88	9.88	22383514	229127920.00
20150826	10.09	10.80	9.92	10.22	24917197	257667632.00
20150827	10.69	11.24	10.40	11.24	31622144	347360992.00
20150828	11.65	12.20	11.28	12.01	25716487	302446016.00
20150831	11.92	11.95	11.07	11.36	17210351	198276656.00
20150901	11.36	11.39	10.22	10.22	20665106	216634832.00
20150902	9.50	10.65	9.41	9.78	13490403	134586736.00
20150907	10.15	10.59	10.08	10.26	14090437	145580816.00
20150908	10.33	11.25	10.15	11.15	18240551	193562256.00
20150909	11.28	11.70	11.04	11.48	21613342	245749248.00
20150910	11.13	11.70	11.07	11.13	14869416	168908960.00
20150911	11.00	11.29	10.78	11.07	11637138	128551080.00
20150914	11.13	11.34	9.96	9.97	17029931	178712784.00
20150915	9.67	9.90	9.27	9.41	14098212	134838704.00
20150916	9.51	10.35	9.51	10.35	14029540	138898480.00
20150917	10.35	10.76	10.01	10.02	16473679	171783456.00
20150918	10.21	10.39	10.00	10.29	9037170	92270640.00
20150921	10.12	10.99	10.02	10.89	10348731	109842008.00
20150922	10.89	11.24	10.67	10.90	12655007	138704560.00
20150923	10.58	10.93	10.51	10.62	9479087	101405784.00
20150924	10.68	10.92	10.58	10.78	9748167	104757880.00
20150925	10.70	10.77	10.20	10.32	8393214	87995304.00
20150928	10.32	10.59	10.15	10.49	4527583	47133560.00
20150929	10.23	10.49	10.21	10.32	5120610	52941500.00
20150930	10.36	10.46	10.30	10.39	3935045	40925788.00
20151008	10.99	11.09	10.43	10.93	9861530	107684128.00
20151009	10.95	11.51	10.81	11.36	12099621	134667424.00
20151012	11.38	12.50	11.28	12.39	24116317	290918496.00
20151013	12.24	13.00	12.12	12.59	18662475	234265344.00
20151014	12.50	12.56	12.10	12.42	14840234	182513392.00
20151015	12.44	12.68	12.10	12.65	17096367	213105264.00
20151016	12.73	12.82	12.23	12.68	17984262	225417856.00
20151019	12.77	12.85	12.27	12.40	14390637	179883424.00
20151020	12.40	12.92	12.22	12.87	19350178	245522160.00
20151021	12.92	12.95	11.60	11.86	22728910	278323264.00
20151022	11.99	12.25	11.65	12.23	11816978	142118624.00
20151023	12.23	12.60	12.08	12.46	15024297	185159008.00
20151026	12.69	13.00	12.41	12.80	20002950	254947360.00
20151027	12.84	13.44	12.70	13.33	30443676	398930144.00
20151028	13.05	13.18	12.45	12.58	21687609	278014656.00
20151029	12.40	12.58	11.99	12.37	21916268	267980224.00
20151030	12.13	12.29	11.93	12.16	11038474	133972984.00
20151102	11.88	12.16	11.74	11.83	9437127	112675520.00
20151103	11.99	12.05	11.80	11.93	6704681	79890624.00
20151104	13.12	13.12	13.12	13.12	24440351	320657408.00
20151105	14.43	14.43	13.16	13.28	81653266	1146163328.00
20151106	12.81	13.94	12.62	13.80	66346718	875208576.00
20151109	13.30	13.63	13.00	13.35	42731725	567693440.00
20151110	13.42	13.78	12.95	13.28	31297943	420493024.00
20151111	13.39	13.63	13.10	13.38	20601109	275115456.00
20151112	13.39	13.46	12.86	13.05	23976733	313235168.00
20151113	12.85	13.04	12.68	12.74	14045341	180223232.00
20151116	12.38	13.16	12.30	12.90	28535856	364139232.00
20151117	12.96	13.10	12.38	12.40	32120985	410723392.00
20151118	12.56	12.66	12.10	12.17	20252380	250756480.00
20151119	12.20	12.55	12.00	12.53	21265788	260353056.00
20151120	12.53	12.67	12.34	12.51	18172350	227749344.00
20151123	12.57	12.70	12.41	12.53	15142958	189892224.00
20151124	12.59	12.97	12.41	12.96	21736335	277142688.00
20151125	12.96	13.06	12.68	13.02	20255143	261190352.00
20151126	13.02	13.08	12.60	12.64	19544556	250372064.00
20151127	12.55	12.58	11.54	11.58	22931467	278011072.00
20151130	11.50	11.78	10.70	11.54	15175916	173176192.00
20151201	11.57	12.10	11.49	11.99	13330953	156930400.00
20151202	11.99	12.31	11.85	12.19	15283783	185293824.00
20151203	12.17	12.37	12.04	12.24	9324037	114038640.00
20151204	12.20	12.26	12.05	12.16	8473695	103089360.00
20151207	12.18	12.26	12.06	12.24	6988321	85201184.00
20151208	12.14	12.50	12.11	12.15	9959938	123047824.00
20151209	12.12	12.48	11.90	12.19	11288954	137507744.00
20151210	12.13	12.52	12.12	12.32	14798532	182680496.00
20151214	12.45	13.12	12.32	12.83	28610009	364190880.00
20151215	12.88	13.46	12.85	13.31	33306031	441870784.00
20151216	13.42	13.49	13.05	13.17	20624901	273015904.00
20151217	13.20	13.43	13.02	13.34	27431619	363473536.00
20151218	13.33	13.33	12.88	12.93	15218081	198695072.00
20151221	12.92	13.33	12.85	13.24	14862605	194790032.00
20151222	13.28	13.28	12.89	13.08	14799649	193157312.00
20151223	13.06	13.85	13.00	13.34	30564463	411746048.00
20151224	13.38	14.20	13.38	14.15	39260039	542050240.00
20151225	14.01	14.09	13.66	13.85	24362960	337091296.00
20151228	13.85	13.98	12.90	12.98	26501142	356945920.00
20151229	13.00	13.36	13.00	13.30	9663364	127493544.00
20151230	13.25	13.42	13.17	13.37	10706030	142373360.00
20151231	13.50	13.50	12.97	13.04	13038046	171727296.00
20160104	13.01	13.06	11.76	11.81	12327670	152504224.00
20160105	11.25	12.03	11.25	11.81	12441856	145049888.00
20160106	11.84	12.11	11.74	12.01	12066072	143778448.00
20160107	11.80	11.82	11.02	11.25	2916672	33302796.00
20160108	11.58	11.78	10.60	11.25	13990143	156632912.00
20160111	11.00	11.00	10.13	10.13	13929581	147068496.00
20160112	10.00	10.24	9.66	9.84	11001470	109496352.00
20160113	10.00	10.06	9.25	9.29	10769311	104007032.00
20160114	8.96	9.54	8.82	9.35	15747539	145689696.00
20160115	9.35	9.45	8.71	8.90	12218157	111063168.00
20160118	8.70	9.12	8.65	8.96	10697233	95695040.00
20160119	8.90	9.36	8.78	9.35	12554209	113805576.00
20160120	9.20	9.59	9.18	9.49	13820420	129830304.00
20160121	9.30	9.52	9.19	9.23	11816229	110746360.00
20160122	9.40	9.54	9.00	9.47	8568396	79770096.00
20160125	9.89	10.19	9.74	10.04	15721736	157169456.00
20160126	9.80	10.28	9.31	9.54	15170906	149452704.00
20160127	9.53	9.71	9.07	9.38	12201797	114133456.00
20160128	9.32	9.73	9.15	9.28	11813207	112208768.00
20160129	9.08	9.70	9.08	9.69	8833003	83721552.00
20160201	9.60	9.80	9.48	9.76	8835781	85253344.00
20160202	9.65	10.17	9.64	10.11	7649562	76798832.00
20160203	10.07	10.15	9.81	10.11	5364009	53596360.00
20160204	10.15	10.55	10.15	10.17	7248231	74838328.00
20160205	10.16	10.37	9.91	9.94	5397486	54501372.00
20160215	9.55	9.96	9.42	9.81	4119921	40080784.00
20160216	9.88	10.28	9.87	10.21	6764001	68518232.00
20160217	10.20	10.27	10.09	10.25	5837707	59430608.00
20160218	10.31	10.60	10.11	10.46	8969303	92870152.00
20160219	10.46	10.97	10.30	10.83	11432841	122411536.00
20160222	10.91	10.97	10.70	10.87	6228816	67360952.00
20160223	10.77	10.95	10.60	10.70	5693612	61291568.00
20160224	10.65	10.90	10.46	10.71	4527110	48229516.00
20160225	10.56	10.73	9.64	9.64	8512277	85882808.00
20160226	9.71	9.84	9.20	9.54	7783045	73761960.00
20160229	9.47	9.47	8.85	9.14	7587959	68977304.00
20160301	9.20	9.59	9.08	9.50	6244469	57985904.00
20160302	9.45	9.93	9.34	9.86	6769107	65533152.00
20160303	9.71	10.00	9.71	9.81	5057459	49839788.00
20160304	9.84	9.98	9.41	9.57	4452166	43300936.00
20160307	9.61	9.93	9.61	9.84	4979911	48712352.00
20160308	9.80	9.84	9.15	9.70	4126543	39244316.00
20160309	9.50	9.58	9.39	9.48	2728650	25850970.00
20160310	9.48	9.58	9.40	9.48	2240964	21275596.00
20160311	9.43	9.59	9.34	9.49	2160540	20508562.00
20160314	9.62	9.93	9.56	9.86	5663352	55600304.00
20160315	9.86	9.86	9.62	9.67	3047567	29564868.00
20160316	9.67	9.73	9.41	9.52	2154946	20585348.00
20160317	9.53	9.79	9.52	9.74	4822552	46765200.00
20160318	9.73	10.18	9.72	10.01	8690668	86564528.00
20160321	10.12	10.50	10.03	10.32	12084293	124912040.00
20160322	10.29	10.44	10.08	10.30	6546068	67523664.00
20160323	10.26	10.88	10.22	10.62	11085151	116816384.00
20160324	10.45	10.48	10.16	10.17	8242648	85077312.00
20160325	10.20	10.30	10.03	10.18	3940722	40043064.00
20160328	10.26	10.32	10.04	10.07	4712605	48092736.00
20160329	10.16	10.18	9.85	9.93	3648543	36492696.00
20160330	10.05	10.28	10.02	10.24	4592227	46734092.00
20160331	10.29	10.36	10.16	10.20	3615132	37115724.00
20160401	10.19	10.25	10.00	10.23	3372847	34097992.00
20160405	10.25	10.53	10.17	10.50	7734352	80608376.00
20160406	10.40	10.95	10.33	10.87	13660555	146350288.00
20160407	10.69	10.78	10.42	10.43	8515582	90140320.00
20160408	10.39	10.42	10.15	10.27	4481262	45984704.00
20160411	10.35	10.57	10.33	10.42	4048724	42311340.00
20160412	10.42	10.57	10.24	10.54	8201099	85585512.00
20160413	10.56	10.67	10.48	10.59	9570038	101382744.00
20160414	10.65	10.68	10.50	10.62	5335593	56524516.00
20160415	10.64	10.64	10.46	10.55	4874753	51339532.00
20160418	10.51	10.51	10.17	10.22	6083474	62460120.00
20160419	10.28	10.35	10.22	10.29	4208313	43250568.00
20160420	10.30	10.35	9.66	9.73	8400787	83296640.00
20160421	9.78	10.06	9.70	9.84	6174769	61287552.00
20160422	9.71	9.87	9.49	9.85	4448939	43157264.00
20160425	9.82	9.85	9.66	9.78	2443853	23835082.00
20160426	9.78	9.90	9.76	9.86	2577507	25339200.00
20160427	9.86	9.91	9.77	9.79	2867488	28193734.00
20160428	9.80	9.83	9.62	9.70	3797631	36887820.00
20160429	9.69	9.94	9.64	9.89	4093685	40190972.00
20160503	9.88	10.14	9.72	10.09	5802680	58118948.00
20160504	10.00	10.45	10.00	10.24	10185952	104724976.00
20160505	10.18	10.34	10.16	10.25	4404149	45060184.00
20160506	10.26	10.38	9.88	9.89	6208570	62978252.00
20160509	9.84	10.06	9.57	9.64	5965495	57893164.00
20160510	9.64	9.77	9.60	9.71	3789849	36732516.00
20160511	9.78	10.05	9.72	9.94	6165495	61107692.00
20160512	9.87	9.88	9.65	9.84	3840807	37533968.00
20160513	9.81	10.35	9.80	10.18	9802576	99842208.00
20160516	10.07	10.34	10.02	10.34	7898809	80830560.00
20160517	10.29	10.38	10.01	10.06	6991292	71000000.00
20160518	10.01	10.01	9.75	9.80	5000612	49229624.00
20160519	9.81	10.04	9.73	9.86	4178807	41277712.00
20160520	9.74	9.98	9.74	9.97	3346924	33065246.00
20160523	10.02	10.25	9.98	10.11	5780518	58657960.00
20160524	10.13	10.60	10.04	10.46	14222945	147022784.00
20160525	10.49	10.80	10.31	10.34	17589645	185576176.00
20160526	10.23	10.33	9.94	10.23	9107158	91776728.00
20160527	10.19	10.26	10.09	10.13	4024702	40922880.00
20160530	10.10	10.13	9.93	10.00	5232725	52320580.00
20160531	10.01	10.37	10.00	10.33	10228199	104759072.00
20160601	10.30	10.43	10.22	10.40	10880549	112317672.00
20160602	10.41	10.58	10.27	10.51	12708996	132542928.00
20160603	10.55	10.55	10.33	10.44	8067306	84128664.00
20160606	10.44	10.73	10.38	10.66	13331387	140233280.00
20160607	10.62	10.73	10.51	10.55	7326604	77605992.00
20160608	10.55	10.56	10.31	10.33	5386016	56068500.00
20160613	10.28	10.38	9.98	9.99	8469048	86248560.00
20160614	9.95	10.10	9.95	10.06	4332982	43390632.00
20160615	9.95	10.33	9.91	10.24	6783405	69079888.00
20160616	10.23	10.28	10.10	10.14	5008611	50909812.00
20160617	10.17	10.26	10.03	10.15	4532709	46151744.00
20160620	10.11	10.25	10.02	10.22	3781816	38468276.00
20160621	10.23	10.29	9.98	10.06	6467704	65522752.00
20160622	10.08	10.15	9.99	10.14	3770649	37917480.00
20160623	10.14	10.14	9.95	10.02	4981160	49895864.00
20160624	10.00	10.06	9.78	9.93	7563456	75097040.00
20160627	9.85	10.03	9.82	10.03	5149007	51218688.00
20160628	9.96	10.09	9.96	10.08	4929187	49472116.00
20160629	10.15	10.43	10.06	10.18	15407203	158373936.00
20160630	10.26	10.36	10.16	10.28	8567327	87865712.00
20160701	10.30	10.34	10.16	10.23	4290863	43931768.00
20160704	10.15	10.40	10.13	10.36	8430511	87056408.00
20160705	10.36	10.48	10.28	10.38	6102856	63200292.00
20160706	10.37	10.53	10.28	10.43	10003400	104591544.00
20160707	10.43	10.55	10.27	10.50	11106000	115641704.00
20160708	10.42	10.47	10.37	10.38	4622800	48111984.00
20160711	10.38	10.38	10.20	10.21	7477100	76775344.00
20160712	10.21	10.31	10.10	10.30	5136800	52475080.00
20160713	10.32	10.52	10.32	10.46	9700100	101244136.00
20160714	10.47	10.56	10.40	10.50	7156700	74949376.00
20160715	10.49	10.66	10.46	10.50	11168000	117785056.00
20160718	10.56	10.56	10.31	10.44	7144400	74385984.00
20160719	10.44	10.71	10.34	10.69	8374200	88125736.00
20160720	10.65	11.28	10.61	10.92	23286500	256163552.00
20160721	10.98	11.47	10.92	11.34	25435300	287304512.00
20160722	11.35	11.41	11.14	11.24	12998900	146445488.00
20160725	11.18	11.47	11.07	11.27	9931200	112177968.00
20160726	11.27	11.45	11.17	11.34	9370800	105610848.00
20160727	11.31	11.33	10.65	10.81	10965948	120705760.00
20160728	10.80	11.10	10.70	11.00	7794063	85101536.00
20160729	10.98	11.01	10.73	10.75	6098303	66212768.00
20160801	10.77	11.67	10.75	11.41	17342379	195162208.00
20160802	11.30	11.75	11.20	11.74	16342491	187985568.00
20160803	11.59	11.79	11.45	11.52	12599789	145520816.00
20160804	11.62	11.62	11.25	11.59	10576006	120729512.00
20160805	11.53	11.65	11.31	11.35	7369834	84335528.00
20160808	11.35	11.65	11.03	11.54	8250488	94312816.00
20160809	11.50	11.58	11.36	11.49	5174200	59173664.00
20160810	11.47	11.99	11.40	11.80	14636000	172409040.00
20160811	11.80	11.84	11.29	11.32	9112609	104787568.00
20160812	11.37	11.55	11.16	11.40	7356001	83447896.00
20160815	11.40	11.66	11.17	11.51	10859274	124377904.00
20160816	11.52	11.90	11.50	11.59	9093127	106380224.00
20160817	11.59	11.85	11.37	11.75	10601938	123673096.00
20160818	11.72	12.15	11.59	12.03	14010709	166651264.00
20160819	12.04	12.16	11.76	11.88	7536644	89975136.00
20160822	11.83	11.96	11.61	11.64	5284600	62155376.00
20160823	11.62	11.76	11.60	11.72	4180800	48838836.00
20160824	11.78	11.93	11.66	11.68	4347700	51225584.00
20160825	11.71	11.87	11.50	11.80	5001700	58328712.00
20160826	11.76	11.89	11.65	11.68	4255100	50130416.00
20160829	11.70	11.70	11.31	11.43	8117725	92729056.00
20160830	11.36	11.50	11.13	11.22	6909015	77784232.00
20160831	11.25	11.32	11.08	11.25	4359930	48904436.00
20160901	11.15	11.33	11.11	11.20	4225698	47408152.00
20160902	11.24	11.26	10.98	11.04	6672758	73873232.00
20160905	11.05	11.15	10.94	11.00	4903517	54175188.00
20160906	11.01	11.28	10.94	11.24	5266312	58672916.00
20160907	11.19	11.30	11.14	11.16	3702527	41529796.00
20160908	11.10	11.20	11.06	11.08	3542500	39386888.00
20160909	11.12	11.40	11.09	11.26	7682714	86577336.00
20160912	11.10	11.30	11.01	11.23	5002154	56045580.00
20160913	11.29	11.29	11.05	11.24	5004649	55897476.00
20160914	11.19	11.23	10.68	10.76	9080733	99145456.00
20160919	10.75	10.90	10.71	10.84	2519180	27296198.00
20160920	10.88	10.88	10.64	10.74	3749570	40185608.00
20160921	10.80	10.87	10.68	10.83	4094564	44086228.00
20160922	10.85	10.96	10.76	10.84	5367593	58346496.00
20160923	10.85	10.88	10.73	10.74	1888708	20345900.00
20160926	10.70	10.77	10.48	10.59	4427279	47092864.00
20160927	10.51	10.65	10.50	10.62	3418590	36214736.00
20160928	10.65	10.65	10.40	10.44	2766046	29030756.00
20160929	10.43	10.65	10.43	10.51	3379975	35747128.00
20160930	10.49	10.82	10.49	10.77	3342322	35790576.00
20161010	10.78	10.95	10.77	10.90	3127316	33942328.00
20161011	10.90	11.09	10.83	11.04	2999972	32879494.00
20161012	10.97	11.01	10.87	10.91	2143101	23437128.00
20161013	10.91	11.02	10.81	10.98	2287008	25034028.00
20161014	10.97	11.00	10.86	10.98	2354208	25798408.00
20161017	10.98	11.08	10.83	10.86	2340283	25615392.00
20161018	10.82	10.90	10.75	10.90	3546187	38480540.00
20161019	10.92	10.92	10.81	10.85	2813358	30582646.00
20161020	10.82	10.90	10.76	10.87	2167568	23530248.00
20161021	10.87	10.93	10.76	10.84	3023140	32793884.00
20161024	10.85	11.01	10.84	10.97	3823218	41863476.00
20161025	10.96	11.08	10.93	11.04	3370973	37151304.00
20161026	11.06	11.12	10.92	10.98	3317700	36389712.00
20161027	10.97	11.01	10.92	10.96	2245080	24590798.00
20161028	10.94	11.10	10.94	10.96	3119172	34372428.00
20161031	10.95	11.34	10.95	11.33	11152133	125101464.00
20161101	11.30	11.36	11.19	11.30	6399600	72020728.00
20161102	11.24	11.27	11.00	11.06	5712700	63541796.00
20161103	11.00	11.40	11.00	11.32	9333669	104646136.00
20161104	11.30	11.34	11.00	11.05	7502700	83683864.00
20161107	11.06	11.13	10.88	11.01	9438851	103971760.00
20161108	10.98	11.38	10.88	11.21	9222794	102939992.00
20161109	11.21	11.31	10.92	11.09	7030923	78208208.00
20161110	11.17	11.34	11.14	11.31	10280935	115630008.00
20161111	11.33	11.62	11.23	11.49	11763071	134496112.00
20161114	11.50	11.56	11.33	11.38	6908874	78970880.00
20161115	11.37	11.64	11.30	11.46	6402786	73428904.00
20161116	11.45	11.60	11.40	11.42	4693100	53774432.00
20161117	11.40	11.59	11.33	11.40	4740800	54318216.00
20161118	11.38	11.62	11.33	11.51	9901300	113646640.00
20161121	11.50	11.71	11.45	11.62	6502700	75357632.00
20161122	11.61	11.71	11.48	11.52	7093068	82028120.00
20161123	11.52	11.58	11.39	11.40	5458456	62773544.00
20161124	11.38	11.49	11.15	11.26	7359600	83364192.00
20161125	11.24	11.37	11.12	11.35	4365500	49154416.00
20161128	11.35	11.44	11.23	11.24	6193200	69952648.00
20161129	11.24	11.40	11.17	11.31	5529000	62623712.00
20161130	11.29	11.48	11.21	11.48	5682500	64582196.00
20161201	11.44	11.55	11.41	11.46	4558132	52276644.00
20161202	11.42	11.53	11.26	11.28	4123977	46931228.00
20161205	11.20	11.25	10.83	10.96	6670800	73799392.00
20161206	11.00	11.12	11.00	11.07	3251100	36079728.00
20161207	11.06	11.51	11.06	11.48	6543500	74308560.00
20161208	11.43	11.60	11.38	11.47	4032600	46335820.00
20161209	11.44	11.93	11.44	11.83	16726400	196039856.00
20161212	11.88	12.90	11.88	12.17	26837041	332597632.00
20161213	12.35	12.92	12.13	12.74	29255503	369233760.00
20161214	12.51	12.68	12.24	12.29	16356969	203175648.00
20161215	12.18	12.47	12.08	12.39	11665104	142996512.00
20161216	12.25	12.35	12.04	12.16	9285580	113276688.00
20161219	12.24	12.76	12.12	12.50	15393665	192921168.00
20161220	12.35	12.36	11.85	11.99	13043262	157167152.00
20161221	12.07	12.30	11.92	12.10	11731994	141929584.00
20161222	12.08	12.23	11.99	12.17	6440944	78225328.00
20161223	12.16	12.16	11.80	11.82	7913888	94189176.00
20161226	11.83	11.83	11.32	11.53	12397175	143101024.00
20161227	11.51	11.65	11.41	11.56	8582106	98918376.00
20161228	11.54	11.56	11.35	11.36	6060710	69336416.00
20161229	11.34	11.62	11.29	11.56	7738700	88921240.00
20161230	11.49	11.60	11.25	11.50	8825000	100639488.00
20170103	11.49	11.64	11.40	11.55	8398163	96546992.00
20170104	11.55	11.96	11.46	11.85	13176061	154876352.00
20170105	11.81	11.87	11.66	11.78	8165830	95935864.00
20170106	11.76	11.81	11.56	11.57	7967268	92957240.00
20170109	11.56	11.65	11.40	11.63	6998371	80569968.00
20170110	11.65	11.68	11.46	11.59	5447966	62901756.00
20170111	11.59	11.78	11.49	11.57	5613816	65227232.00
20170112	11.52	11.59	11.15	11.16	7526312	85286872.00
20170113	11.13	11.23	10.79	10.83	9487503	104312688.00
20170116	10.83	10.87	10.20	10.60	6649326	70554592.00
20170117	10.60	10.74	10.50	10.71	3209263	34115992.00
20170118	10.76	10.81	10.60	10.66	5228614	56004140.00
20170119	10.60	10.74	10.47	10.49	6283892	66488932.00
20170120	10.44	10.88	10.00	10.85	5169508	55278396.00
20170123	10.89	11.08	10.85	11.05	4964197	54414832.00
20170124	10.89	11.08	10.89	10.93	4153697	45466288.00
20170125	10.93	11.03	10.90	10.97	1829603	20055156.00
20170126	10.90	11.23	10.90	11.10	3866561	43012728.00
20170203	11.06	11.14	10.95	11.05	2889995	31962716.00
20170206	11.11	11.44	11.11	11.31	8554301	96573928.00
20170207	11.27	11.34	11.16	11.23	4966689	55760156.00
20170208	11.24	11.27	11.06	11.26	3973614	44415512.00
20170209	11.25	11.29	11.14	11.28	5271435	59199420.00
20170210	11.29	11.49	11.22	11.37	8668620	98881592.00
20170213	11.32	11.46	11.32	11.38	4521963	51505452.00
20170214	11.43	11.46	11.31	11.34	3475373	39553440.00
20170215	11.32	11.33	11.06	11.11	7678494	85937000.00
20170216	11.06	11.28	11.06	11.20	3893234	43487276.00
20170217	11.15	11.26	11.09	11.12	2676543	29876828.00
20170220	11.08	11.38	11.07	11.34	4932300	55449432.00
20170221	11.30	11.43	11.23	11.40	6474227	73556056.00
20170222	11.40	12.35	11.33	11.82	16130787	191667808.00
20170223	11.70	11.88	11.53	11.64	8548883	99507120.00
20170224	11.59	11.62	11.44	11.57	5802600	66832104.00
20170227	11.56	11.65	11.40	11.42	8319200	95861560.00
20170228	11.40	11.79	11.40	11.52	12986649	150656896.00
20170301	11.49	11.63	11.38	11.39	12494124	143664048.00
20170302	11.36	11.44	11.21	11.24	7285191	82363960.00
20170303	11.26	11.36	11.15	11.34	5179935	58436136.00
20170306	11.26	11.42	11.24	11.41	4899751	55539736.00
20170307	11.41	11.47	11.32	11.45	5370700	61256000.00
20170308	11.45	11.57	11.43	11.54	7156299	82431344.00
20170309	11.54	11.54	11.16	11.24	9128388	102890520.00
20170310	11.20	11.29	11.15	11.21	4492741	50449704.00
20170313	11.20	11.27	11.05	11.25	4245574	47469480.00
20170314	11.29	11.31	11.07	11.12	6276785	69932248.00
20170315	11.15	11.15	10.91	10.99	7379511	81046592.00
20170316	10.99	11.22	10.95	11.08	7621670	84729264.00
20170317	11.08	11.13	10.94	10.97	6371059	70366136.00
20170320	11.01	11.05	10.90	11.01	5185500	56901064.00
20170321	11.01	11.15	10.95	11.13	5186600	57463652.00
20170322	11.12	11.17	11.02	11.15	4180161	46351424.00
20170323	11.18	11.20	11.03	11.10	4712898	52461400.00
20170324	11.09	11.16	11.02	11.15	4158700	46200300.00
20170327	11.16	11.29	11.13	11.19	8664436	97171168.00
20170328	11.16	11.18	10.99	11.02	7226323	79897648.00
20170329	11.02	11.58	10.98	11.28	18393771	207381136.00
20170330	11.20	11.40	11.04	11.08	12929117	144738080.00
20170331	11.02	11.18	11.00	11.05	6294175	69638472.00
20170405	11.05	11.21	11.00	11.18	5987738	66810736.00
20170406	11.13	11.39	11.12	11.38	8650574	97900248.00
20170407	11.38	11.38	11.23	11.34	6313514	71313512.00
20170410	11.26	11.34	11.04	11.06	7671667	85540864.00
20170411	11.04	11.19	10.91	11.18	7695900	85049384.00
20170412	11.13	11.69	11.07	11.36	15538600	177073408.00
20170413	11.36	11.36	11.20	11.34	7230262	81471272.00
20170414	11.34	11.34	11.09	11.11	7098884	79394800.00
20170417	11.05	11.19	10.74	10.87	8795295	96313072.00
20170418	10.84	10.91	10.70	10.73	7312410	78748960.00
20170419	10.71	10.80	10.46	10.61	5919255	62672592.00
20170420	10.62	10.77	10.61	10.69	3833558	40918320.00
20170421	10.71	10.76	10.61	10.73	2962516	31683176.00
20170424	10.69	10.72	10.13	10.16	8714900	89605896.00
20170425	10.17	10.28	10.10	10.17	4686100	47696976.00
20170426	10.23	10.32	10.18	10.26	3223900	33034052.00
20170427	10.21	10.28	10.00	10.27	6012000	61161004.00
20170428	10.27	10.37	10.19	10.26	4503912	46264224.00
20170502	10.26	10.28	10.01	10.06	8204829	83071208.00
20170503	10.06	10.18	10.03	10.16	5740957	57970316.00
20170504	10.15	10.27	10.05	10.16	4640400	47303232.00
20170505	10.12	10.23	10.12	10.19	4270900	43551272.00
20170508	10.18	10.24	10.04	10.05	5416700	54919108.00
20170509	10.06	10.12	9.90	10.00	4602900	45945220.00
20170510	10.02	10.13	9.91	9.93	4531800	45463676.00
20170511	9.92	9.92	9.50	9.65	5515800	53358604.00
20170512	9.66	9.85	9.60	9.74	4390534	42774436.00
20170515	9.74	9.85	9.74	9.76	2664628	26070202.00
20170516	9.74	9.91	9.56	9.89	3731731	36352880.00
20170517	9.84	10.02	9.80	9.96	4235999	42159176.00
20170518	9.96	10.01	9.85	9.90	2962000	29400280.00
20170519	9.94	10.00	9.87	9.91	2794573	27714440.00
20170522	10.03	10.03	9.80	9.86	3597216	35703896.00
20170523	9.87	9.93	9.55	9.59	3626400	35230940.00
20170524	9.61	9.70	9.47	9.67	2253900	21609424.00
20170525	9.68	9.78	9.52	9.73	2932500	28375740.00
20170526	9.75	9.86	9.67	9.77	1967400	19263220.00
20170531	9.87	9.95	9.75	9.87	4117110	40669480.00
20170601	9.81	9.90	9.51	9.54	3985075	38587092.00
20170602	9.55	9.67	9.47	9.67	2886378	27627480.00
20170605	9.67	9.80	9.67	9.74	2845898	27714642.00
20170606	9.69	9.80	9.69	9.76	1772647	17295016.00
20170607	9.76	9.92	9.73	9.89	4007542	39474848.00
20170608	9.91	9.92	9.81	9.86	2849738	28063548.00
20170609	9.86	9.89	9.75	9.89	3463143	34040464.00
20170612	9.88	9.89	9.77	9.78	3250000	31915844.00
20170613	9.78	9.87	9.75	9.85	3056567	30041738.00
20170614	9.85	9.90	9.78	9.81	3226410	31734566.00
20170615	9.81	9.95	9.71	9.87	5011318	49400632.00
20170616	9.88	10.26	9.84	10.09	7548629	75761752.00
20170619	10.04	10.12	9.95	10.03	5563559	55732228.00
20170620	10.03	10.22	9.99	10.05	6901824	69821760.00
20170621	10.07	10.17	10.01	10.13	3027069	30584372.00
20170622	10.15	10.15	9.88	9.92	3121891	31431244.00
20170623	9.90	10.01	9.85	9.97	3194441	31679966.00
20170626	9.98	10.19	9.98	10.17	4195268	42322000.00
20170704	10.17	10.17	9.90	10.06	10631516	106074144.00
20170705	9.99	9.99	9.87	9.95	7332950	72767784.00
20170706	9.95	10.12	9.91	10.03	6947060	69562288.00
20170707	10.00	10.05	9.94	10.02	3270801	32683488.00
20170710	10.06	10.24	10.02	10.16	7247044	73578272.00
20170711	10.16	10.21	10.08	10.08	5229583	53075416.00
数据来源:通达信
