600073 上海梅林 日线 前复权
      日期	    开盘	    最高	    最低	    收盘	    成交量	    成交额
20111010	5.36	5.41	5.30	5.33	783706	7171345.00
20111011	5.41	5.51	5.20	5.28	927812	8551468.00
20111012	5.30	5.43	5.24	5.43	1178157	10861618.00
20111013	5.42	5.56	5.37	5.50	1827771	17246036.00
20111014	5.50	5.60	5.43	5.59	2425862	22950908.00
20111017	5.60	5.60	5.53	5.57	1426598	13645567.00
20111018	5.57	5.89	5.54	5.69	6369064	62426212.00
20111019	5.76	5.83	5.36	5.43	4091262	38943764.00
20111020	5.43	5.59	5.35	5.49	3861572	36294160.00
20111021	5.48	5.50	5.30	5.31	1335498	12365689.00
20111024	5.39	5.54	5.21	5.47	2449784	22692184.00
20111025	5.47	5.72	5.43	5.64	3222860	30971172.00
20111026	5.62	5.77	5.60	5.74	3270195	31921936.00
20111027	5.74	5.81	5.66	5.66	2556159	25104984.00
20111028	5.73	5.80	5.66	5.77	2470285	24332018.00
20111031	5.71	5.82	5.71	5.77	1715191	16942232.00
20111101	5.73	5.88	5.73	5.80	1438525	14275109.00
20111102	5.74	5.82	5.60	5.81	2458497	23996396.00
20111103	5.85	5.95	5.80	5.82	4924603	49489364.00
20111104	5.83	5.89	5.80	5.85	1849777	18470124.00
20111107	5.85	5.94	5.79	5.94	2802333	28275652.00
20111108	5.93	5.98	5.88	5.88	1747020	17676904.00
20111109	5.89	5.97	5.75	5.96	2488140	25030104.00
20111110	5.93	5.93	5.83	5.86	1523091	15338642.00
20111111	5.83	5.88	5.79	5.83	1181516	11809929.00
20111114	5.87	5.97	5.83	5.96	2191219	22173492.00
20111115	5.95	6.02	5.93	5.99	1528275	15632888.00
20111116	5.97	5.99	5.81	5.84	2510459	25261494.00
20111117	5.83	5.89	5.78	5.80	1047537	10436427.00
20111118	5.80	5.82	5.61	5.66	1813465	17654080.00
20111121	5.66	5.71	5.60	5.66	1272172	12307138.00
20111122	5.60	5.66	5.46	5.65	1988754	18938488.00
20111123	5.64	5.66	5.58	5.59	779356	7494242.00
20111124	5.57	5.68	5.51	5.62	1311030	12629676.00
20111125	5.65	5.71	5.63	5.66	1170832	11376680.00
20111128	5.66	5.77	5.63	5.77	1458532	14308699.00
20111129	5.79	5.94	5.76	5.89	2325223	23339136.00
20111130	5.85	5.96	5.64	5.80	3351133	33418688.00
20111201	5.88	6.10	5.86	6.00	5882382	60178380.00
20111202	5.96	6.00	5.87	5.94	1955916	19808750.00
20111205	5.97	6.00	5.51	5.57	3860586	37933748.00
20111206	5.59	5.79	5.41	5.79	3126470	29936528.00
20111207	5.74	5.96	5.74	5.92	4380127	43720100.00
20111208	5.85	5.96	5.71	5.88	7123428	70976160.00
20111209	5.77	5.79	5.50	5.54	3570354	34494704.00
20111212	5.54	5.56	5.23	5.29	2795837	25903064.00
20111213	5.29	5.31	4.96	5.02	2554515	22372480.00
20111214	5.00	5.08	4.71	4.73	1997054	16827834.00
20111215	4.72	4.78	4.62	4.68	1826445	14775962.00
20111216	4.70	4.86	4.65	4.85	1556509	12733189.00
20111219	4.93	5.12	4.83	5.03	3358868	28873128.00
20111220	4.98	5.11	4.94	5.09	2697833	23466922.00
20111221	5.12	5.23	4.97	4.99	2252372	19886642.00
20111222	4.94	4.95	4.70	4.85	1413475	11744563.00
20111223	4.85	4.93	4.82	4.88	1800453	15136734.00
20111226	4.91	4.95	4.85	4.87	906642	7643214.00
20111227	4.85	4.87	4.65	4.65	1155411	9435119.00
20111228	4.65	4.76	4.63	4.73	1181420	9566221.00
20111229	4.79	4.82	4.74	4.76	802227	6599520.00
20111230	4.76	4.93	4.76	4.91	1109708	9269603.00
20120104	4.93	4.96	4.79	4.79	900474	7558048.00
20120105	4.76	4.82	4.62	4.64	1148056	9381340.00
20120106	4.50	4.64	4.16	4.18	6433388	46801120.00
20120109	4.10	4.25	4.02	4.25	4896270	35505932.00
20120110	4.22	4.47	4.21	4.45	4915519	37067928.00
20120111	4.43	4.52	4.41	4.45	2577264	19866100.00
20120112	4.44	4.51	4.39	4.46	1792604	13821950.00
20120113	4.71	4.93	4.70	4.93	16397021	138385504.00
20120116	4.77	4.84	4.41	4.41	9780784	78403488.00
20120117	4.45	4.73	4.42	4.69	6692034	53014888.00
20120118	4.63	4.71	4.46	4.54	4696930	37333380.00
20120119	4.54	4.61	4.45	4.54	2685990	21121774.00
20120120	4.66	4.77	4.57	4.73	3515413	28442280.00
20120130	4.75	4.83	4.70	4.76	3019516	24778518.00
20120131	4.76	4.76	4.64	4.73	1678880	13583607.00
20120201	4.73	4.76	4.53	4.56	2617522	21000972.00
20120202	4.54	4.68	4.54	4.67	1695538	13473132.00
20120203	4.67	4.84	4.64	4.82	4600705	37800688.00
20120206	4.79	4.83	4.74	4.80	2398179	19789880.00
20120207	4.76	4.77	4.62	4.66	2412546	19454612.00
20120208	4.65	4.79	4.64	4.79	2004557	16373449.00
20120209	4.80	4.88	4.78	4.79	2999077	24921560.00
20120210	4.79	4.88	4.76	4.82	2115870	17577696.00
20120213	4.79	4.98	4.77	4.92	3207590	27075744.00
20120214	4.92	4.94	4.85	4.88	2375801	19959420.00
20120215	4.86	5.02	4.85	4.99	3085681	26359292.00
20120216	4.99	5.05	4.90	4.96	2755262	23604940.00
20120217	5.00	5.00	4.88	4.93	1915311	16272467.00
20120220	4.98	5.06	4.93	4.94	2489986	21373000.00
20120221	4.93	4.99	4.83	4.99	1825806	15487918.00
20120222	4.97	5.09	4.95	5.07	3280191	28440584.00
20120223	5.05	5.22	5.05	5.08	4335172	38162024.00
20120224	5.09	5.28	5.02	5.22	4544334	40313800.00
20120227	5.24	5.34	5.16	5.17	4946149	44469016.00
20120228	5.13	5.20	5.09	5.17	2811555	24842962.00
20120229	5.17	5.17	5.05	5.12	2295226	20130604.00
20120301	5.11	5.16	5.07	5.12	1366926	12050635.00
20120302	5.15	5.22	5.12	5.20	1820073	16212501.00
20120305	5.20	5.30	5.17	5.22	3335796	30037388.00
20120306	5.22	5.26	5.14	5.17	2846824	25423490.00
20120307	5.11	5.23	5.07	5.19	2190105	19445338.00
20120308	5.21	5.37	5.21	5.35	3981460	36342648.00
20120309	5.35	5.38	5.30	5.36	2517666	23075536.00
20120312	5.42	5.52	5.38	5.42	4698551	43827104.00
20120313	5.43	5.63	5.43	5.56	4588567	43556752.00
20120314	5.60	5.60	5.25	5.37	6488397	60571568.00
20120315	5.57	5.93	5.57	5.70	16187382	158894304.00
20120316	5.58	5.87	5.58	5.85	9800305	96054944.00
20120319	5.87	5.96	5.75	5.85	7983123	79961120.00
20120320	5.85	5.86	5.62	5.66	5202919	50903972.00
20120321	5.68	5.72	5.56	5.68	3371382	32545720.00
20120322	5.66	5.69	5.51	5.55	2817194	26917272.00
20120323	5.52	5.57	5.43	5.45	2168394	20392888.00
20120326	5.43	5.53	5.39	5.50	1759483	16475501.00
20120327	5.53	5.59	5.45	5.48	1779099	16816012.00
20120328	5.46	5.46	5.13	5.15	3607328	32700604.00
20120329	5.11	5.21	4.88	4.91	4460581	38612328.00
20120330	4.91	4.97	4.79	4.87	2754429	23057060.00
20120405	4.88	5.11	4.88	5.10	2665283	22959920.00
20120406	5.11	5.50	5.07	5.48	5625998	51011016.00
20120409	5.45	5.57	5.39	5.50	3710084	34818092.00
20120410	5.45	5.51	5.24	5.51	3784080	34944396.00
20120411	5.39	5.53	5.37	5.48	2224477	20823566.00
20120412	5.54	5.59	5.44	5.58	3346206	31658076.00
20120413	5.59	5.70	5.57	5.60	4686899	45263536.00
20120416	5.61	5.70	5.56	5.62	3292735	31828648.00
20120417	5.63	5.66	5.48	5.49	2522144	24080540.00
20120418	5.50	5.72	5.50	5.65	2728389	26331440.00
20120419	5.64	5.70	5.61	5.68	2514241	24392792.00
20120420	5.68	5.86	5.66	5.79	4498191	44518852.00
20120423	5.79	5.83	5.65	5.65	3645273	35907848.00
20120424	5.63	5.94	5.50	5.94	6373994	62781156.00
20120425	5.79	5.93	5.68	5.83	7609061	75430224.00
20120426	5.83	5.96	5.78	5.96	6233212	62699780.00
20120427	5.94	6.02	5.84	5.96	3927474	39721460.00
20120502	6.02	6.05	5.85	5.97	3458400	35113512.00
20120503	5.94	5.96	5.84	5.86	2475558	24883044.00
20120504	5.86	5.94	5.85	5.93	2530464	25483856.00
20120507	5.88	5.97	5.85	5.96	2214103	22423580.00
20120508	5.97	5.97	5.87	5.93	2075304	20949252.00
20120509	5.91	5.91	5.68	5.70	2759523	27408348.00
20120510	5.68	5.80	5.68	5.70	1796638	17622468.00
20120511	5.68	5.75	5.63	5.70	1555946	15199380.00
20120514	5.74	5.76	5.66	5.67	1298374	12678931.00
20120515	5.64	5.88	5.63	5.86	2458939	24196220.00
20120516	5.82	5.93	5.82	5.86	2811685	28285964.00
20120517	5.86	5.94	5.80	5.91	2110880	21252696.00
20120521	5.85	5.88	5.65	5.81	2480988	24412650.00
20120522	5.84	5.96	5.79	5.94	2450518	24668528.00
20120523	5.94	6.05	5.86	6.02	3437699	35008384.00
20120524	6.02	6.03	5.85	5.86	2360558	23926840.00
20120525	5.90	5.90	5.70	5.71	1967204	19469896.00
20120528	5.71	5.81	5.60	5.80	1522985	14894890.00
20120529	5.83	5.83	5.74	5.81	1513925	15001009.00
20120530	5.78	5.83	5.75	5.79	1356244	13431895.00
20120531	5.70	5.81	5.70	5.75	992750	9794521.00
20120601	5.77	5.80	5.70	5.73	1192132	11721124.00
20120604	5.66	5.75	5.47	5.48	1830032	17633652.00
20120605	5.49	5.56	5.45	5.48	1365938	12887953.00
20120606	5.52	5.53	5.42	5.48	945568	8887077.00
20120607	5.57	5.57	5.48	5.56	1026372	9726494.00
20120608	5.60	5.75	5.54	5.74	2190636	21202328.00
20120611	5.71	5.85	5.71	5.82	2594606	25778132.00
20120612	5.82	5.85	5.75	5.75	1305864	12943277.00
20120613	5.77	5.90	5.75	5.85	1493006	14896620.00
20120614	5.85	5.88	5.66	5.78	2498446	24679548.00
20120615	5.80	5.87	5.73	5.86	3402592	33902108.00
20120618	5.91	5.96	5.82	5.89	3576883	35972992.00
20120619	5.89	5.92	5.78	5.78	2952294	29578952.00
20120620	5.77	5.88	5.66	5.70	2844795	28280420.00
20120621	5.73	5.74	5.63	5.65	1712077	16642356.00
20120625	5.58	5.75	5.55	5.62	1020098	6557606.00
20120626	5.64	5.89	5.27	5.87	4509307	28677588.00
20120627	5.82	6.00	5.77	5.93	9441893	63164176.00
20120628	5.90	6.09	5.85	6.08	10799576	73592384.00
20120629	6.18	6.29	6.04	6.28	12087168	84656936.00
20120702	6.35	6.54	6.22	6.53	12313523	89095040.00
20120703	6.48	6.75	6.44	6.64	17206715	128677280.00
20120704	6.64	6.73	6.43	6.56	10778839	80155768.00
20120705	6.47	6.63	6.36	6.55	5741727	41863024.00
20120706	6.51	6.73	6.47	6.63	7198326	53887848.00
20120709	6.66	6.66	6.26	6.43	9508339	68866072.00
20120710	6.34	6.45	6.26	6.34	3819604	27552556.00
20120711	6.31	6.38	6.07	6.26	4446574	31414128.00
20120712	6.25	6.46	6.19	6.35	3836751	27537508.00
20120713	6.34	6.50	6.28	6.40	3156449	22944728.00
20120716	6.43	6.43	6.00	6.03	5026083	35416912.00
20120717	6.04	6.07	5.93	6.06	2554734	17421760.00
20120718	6.05	6.09	5.63	5.90	6744629	44522492.00
20120719	5.85	6.42	5.84	6.32	6804419	47920944.00
20120720	6.27	6.36	6.23	6.29	4471457	31835354.00
20120723	6.24	6.24	6.09	6.13	2543353	17701746.00
20120724	6.14	6.23	6.09	6.16	1860327	13014194.00
20120725	6.20	6.35	6.14	6.23	3821963	27129848.00
20120726	6.23	6.30	6.00	6.05	2729755	19051452.00
20120727	6.09	6.13	5.73	5.75	4996823	33180768.00
20120730	5.82	5.83	5.55	5.67	2589089	16868340.00
20120731	5.66	5.85	5.59	5.81	1655093	10776538.00
20120801	5.76	5.91	5.74	5.85	1514131	10064667.00
20120802	5.83	5.95	5.78	5.94	2080315	13897875.00
20120803	5.93	6.03	5.89	6.01	1266509	8575532.00
20120806	6.01	6.07	5.96	6.05	1978573	13496784.00
20120807	6.05	6.63	6.03	6.46	9315990	67351048.00
20120808	6.54	6.54	6.23	6.33	6958807	49785772.00
20120809	6.28	6.35	6.23	6.33	3156176	22531062.00
20120810	6.36	6.36	6.14	6.21	2937149	20741156.00
20120813	6.21	6.24	6.14	6.17	2353291	16506060.00
20120814	6.16	6.46	6.14	6.36	6774613	48653088.00
20120815	6.29	6.42	6.28	6.34	4107962	29500576.00
20120816	6.31	6.39	6.23	6.25	1772972	12612264.00
20120817	6.29	6.44	6.24	6.28	2193406	15746608.00
20120820	6.20	6.23	6.10	6.20	2169829	15148823.00
20120821	6.19	6.28	6.03	6.07	6805871	47055200.00
20120822	6.03	6.13	6.03	6.03	2338291	16069478.00
20120823	6.02	6.08	5.93	6.03	2437918	16608239.00
20120824	6.03	6.03	5.83	5.92	3060489	20492888.00
20120827	5.86	5.96	5.84	5.87	1832412	12261325.00
20120828	5.85	5.98	5.83	5.93	1307778	8752792.00
20120829	5.92	5.97	5.86	5.88	934821	6267054.00
20120830	5.88	5.93	5.63	5.83	2357445	15498612.00
20120831	5.79	6.09	5.79	6.08	2411819	16302560.00
20120903	6.08	6.23	6.03	6.17	2645981	18429656.00
20120904	6.16	6.20	6.03	6.08	1497134	10351630.00
20120905	6.02	6.15	5.92	6.08	1500936	10297220.00
20120906	6.06	6.14	6.03	6.12	1031564	7116024.00
20120907	6.13	6.31	6.10	6.17	4910592	34560968.00
20120910	6.18	6.36	6.17	6.34	7042177	50166876.00
20120911	6.34	6.34	6.25	6.32	3138396	22371552.00
20120912	6.32	6.36	6.23	6.29	2263068	16126806.00
20120913	6.27	6.31	6.14	6.16	2388900	16893068.00
20120914	6.19	6.24	6.04	6.21	3226254	22481760.00
20120917	6.24	6.24	5.57	5.59	9278820	61528948.00
20120918	5.63	5.85	5.63	5.73	3968713	25769756.00
20120919	5.69	5.77	5.69	5.74	1076066	7001390.00
20120920	5.74	5.77	5.54	5.56	2717169	17331536.00
20120921	5.54	5.61	5.51	5.57	1321783	8364189.00
20120924	5.59	5.67	5.45	5.63	1593237	10042719.00
20120925	5.65	5.66	5.53	5.53	1293549	8218994.00
20120926	5.53	5.53	5.40	5.43	1598676	9923319.00
20120927	5.47	5.63	5.41	5.46	1823119	11439957.00
20120928	5.50	5.68	5.49	5.62	2375169	15131526.00
20121008	5.62	5.68	5.62	5.65	1085547	6954117.00
20121009	5.64	5.80	5.63	5.78	2308719	15033826.00
20121010	5.76	5.83	5.73	5.79	1693657	11106372.00
20121011	5.78	5.79	5.51	5.59	7218535	45878608.00
20121012	5.61	5.61	5.39	5.48	9671212	59886336.00
20121015	5.44	5.49	5.41	5.49	2897475	17966640.00
20121016	5.49	5.53	5.44	5.50	1552920	9694512.00
20121017	5.49	5.53	5.36	5.48	2120713	13111723.00
20121018	5.51	5.61	5.50	5.59	3427496	21612972.00
20121019	5.59	5.59	5.51	5.53	1880088	11845028.00
20121022	5.52	5.61	5.47	5.60	2000645	12668261.00
20121023	5.60	5.67	5.57	5.59	2503619	15954661.00
20121024	5.60	5.65	5.55	5.62	2070696	13208053.00
20121025	5.62	5.62	5.45	5.47	2099218	13200260.00
20121026	5.43	5.49	5.37	5.43	1515305	9362706.00
20121029	5.40	5.49	5.40	5.42	627492	3883932.00
20121030	5.46	5.49	5.36	5.42	1925611	11814613.00
20121031	5.38	5.41	5.33	5.38	1342259	8197397.00
20121101	5.41	5.56	5.34	5.55	3049825	18897042.00
20121102	5.54	5.56	5.48	5.54	2777068	17443440.00
20121105	5.53	5.54	5.47	5.50	1440934	9011650.00
20121106	5.46	5.55	5.43	5.52	1187252	7410230.00
20121107	5.48	5.59	5.47	5.54	1603788	10115208.00
20121108	5.50	5.54	5.39	5.47	1615550	10036822.00
20121109	5.43	5.45	5.36	5.38	1461609	8991486.00
20121112	5.39	5.43	5.36	5.39	865510	5307891.00
20121113	5.38	5.42	5.18	5.24	1257349	7618192.00
20121114	5.18	5.25	5.13	5.25	1230039	7295138.00
20121115	5.25	5.29	5.16	5.26	2066450	12300083.00
20121116	5.23	5.37	5.22	5.33	1870136	11305699.00
20121119	5.35	5.36	5.25	5.32	1047832	6304886.00
20121120	5.32	5.35	5.28	5.30	938435	5663756.00
20121121	5.28	5.33	5.23	5.32	669284	4018690.00
20121122	5.32	5.35	5.27	5.33	901155	5454277.00
20121123	5.31	5.35	5.28	5.29	565319	3416169.00
20121126	5.30	5.32	5.25	5.25	684049	4109826.00
20121127	5.27	5.29	5.16	5.17	1587509	9440284.00
20121128	5.17	5.17	4.83	4.87	2592411	14676345.00
20121129	4.87	4.98	4.82	4.83	690232	3857140.00
20121130	4.83	4.93	4.83	4.91	613528	3427574.00
20121203	4.91	4.91	4.68	4.73	1133553	6268455.00
20121204	4.72	4.78	4.64	4.75	858261	4620565.00
20121205	4.77	5.23	4.77	5.06	2546431	14615288.00
20121206	5.04	5.17	5.01	5.09	1278539	7407003.00
20121207	5.07	5.17	5.03	5.13	1199651	7011631.00
20121210	5.13	5.32	5.12	5.28	2364216	14134967.00
20121211	5.19	5.33	5.18	5.29	1576310	9453054.00
20121212	5.28	5.37	5.23	5.30	1124312	6772377.00
20121213	5.30	5.32	4.82	4.86	9180010	52160152.00
20121214	4.83	5.37	4.83	5.37	8907627	52190884.00
20121217	5.43	5.65	5.43	5.53	8604364	54058444.00
20121218	5.53	5.72	5.38	5.69	7134352	45127100.00
20121219	5.63	5.74	5.52	5.58	4478757	28481760.00
20121220	5.63	5.70	5.46	5.66	3377261	21412178.00
20121221	5.66	5.66	5.49	5.54	2914934	18410500.00
20121224	5.50	5.60	5.49	5.55	2410066	15171317.00
20121225	5.54	5.64	5.49	5.63	3405935	21636658.00
20121226	5.69	5.71	5.56	5.65	4066991	26064154.00
20121227	5.70	5.70	5.53	5.62	4169144	26543098.00
20121228	5.62	5.63	5.54	5.61	2932575	18636940.00
20121231	5.59	5.67	5.54	5.65	3236751	20630364.00
20130104	5.65	5.69	5.57	5.66	3489128	22274840.00
20130107	5.66	6.00	5.66	5.95	8504569	56875024.00
20130108	5.91	6.02	5.80	5.86	5646299	37714572.00
20130109	5.81	5.96	5.76	5.83	4163020	27713780.00
20130110	5.82	5.93	5.73	5.79	3315339	21943324.00
20130111	5.80	5.89	5.65	5.68	3353665	21929254.00
20130114	5.66	5.89	5.64	5.86	5122241	33704528.00
20130115	5.84	6.03	5.83	5.94	5999818	40563072.00
20130116	5.94	6.01	5.83	5.97	4414471	29785356.00
20130117	6.00	6.14	5.88	5.99	5008761	34208404.00
20130118	6.02	6.07	5.95	6.01	3251065	22137976.00
20130121	6.03	6.03	5.91	5.99	3064773	20769036.00
20130122	6.00	6.00	5.84	5.87	3072139	20541932.00
20130123	5.87	6.13	5.77	6.02	5876757	39829516.00
20130124	6.01	6.18	5.88	5.98	7524103	51427700.00
20130125	5.93	6.04	5.83	5.90	2719444	18319848.00
20130128	5.94	5.94	5.83	5.87	5289634	35298744.00
20130129	5.92	5.93	5.84	5.90	5385645	35914200.00
20130130	5.90	6.03	5.87	6.01	5325160	35967200.00
20130131	5.98	6.00	5.77	5.88	4156174	27608708.00
20130201	5.89	5.91	5.77	5.85	2927036	19388400.00
20130204	5.84	5.90	5.82	5.87	2560629	16991370.00
20130205	5.86	5.93	5.80	5.92	2625041	17508236.00
20130206	5.88	5.98	5.88	5.93	2929776	19718878.00
20130207	5.93	6.02	5.92	5.94	2874526	19467670.00
20130208	5.97	6.16	5.97	6.15	6277499	43318708.00
20130218	6.36	6.75	6.36	6.53	15974752	118423920.00
20130219	6.51	6.98	6.41	6.75	27836483	213027904.00
20130220	6.67	6.89	6.58	6.80	13930408	106427592.00
20130221	6.73	6.86	6.57	6.72	9783962	74285528.00
20130222	6.82	6.94	6.56	6.58	8786262	67119592.00
20130225	6.58	6.97	6.52	6.89	9729336	74431856.00
20130226	6.91	6.94	6.67	6.74	5868119	45019112.00
20130227	6.73	6.80	6.45	6.59	6072141	45469016.00
20130228	6.50	6.77	6.50	6.72	5857666	44115332.00
20130301	6.69	6.73	6.56	6.66	5048746	37901904.00
20130304	6.65	6.86	6.44	6.75	10572872	80014256.00
20130305	6.73	6.97	6.69	6.94	13630871	105995640.00
20130306	6.98	7.38	6.91	7.06	21546849	172749536.00
20130307	6.96	7.01	6.63	6.72	11287188	87004880.00
20130308	6.72	6.75	6.62	6.72	7938529	60043944.00
20130311	6.72	6.77	6.26	6.36	14539186	105920512.00
20130312	6.33	6.50	6.29	6.48	11527107	83854560.00
20130313	6.45	6.76	6.37	6.74	9306049	69193016.00
20130314	6.68	6.87	6.63	6.72	9265018	71169264.00
20130315	6.67	7.05	6.46	6.90	15374737	117910784.00
20130318	6.83	7.04	6.73	6.93	9422432	73495128.00
20130319	6.93	6.98	6.79	6.94	7760390	60414660.00
20130320	6.97	7.12	6.82	6.98	11296395	88955712.00
20130321	6.91	7.08	6.87	6.99	8817095	69610168.00
20130322	6.97	7.29	6.95	7.03	24722912	199507696.00
20130325	6.98	7.59	6.93	7.48	27116146	224833264.00
20130326	7.43	8.18	7.31	8.00	34375282	299361728.00
20130327	8.00	8.03	7.63	7.78	20137442	176886896.00
20130328	7.63	8.19	7.58	7.91	30672924	274280352.00
20130329	7.82	7.82	7.40	7.53	16363973	139864928.00
20130401	7.48	7.75	7.38	7.47	11192659	95501856.00
20130402	7.40	7.51	7.11	7.33	11103701	91279104.00
20130403	7.27	7.29	6.58	6.71	28181969	215898128.00
20130408	6.45	6.75	6.32	6.65	10500177	77937088.00
20130409	6.67	7.15	6.63	7.10	11528926	89902936.00
20130410	7.05	7.23	6.92	7.12	8227373	66156896.00
20130411	7.16	7.20	6.93	6.99	5089568	40533392.00
20130412	6.95	7.08	6.91	7.03	2769974	21964488.00
20130415	6.98	7.06	6.63	6.74	5416891	41401920.00
20130416	6.68	6.83	6.56	6.66	4468092	33931504.00
20130417	6.71	7.03	6.71	6.98	7883434	61641984.00
20130418	6.91	7.13	6.82	6.87	8531748	67195040.00
20130419	6.89	7.17	6.89	7.05	9421201	75365592.00
20130422	7.08	7.39	7.06	7.35	12757603	104065056.00
20130423	7.32	7.39	7.15	7.22	6899500	56406600.00
20130424	7.22	7.54	7.13	7.51	8201296	67531712.00
20130425	7.42	7.53	7.23	7.24	5847499	48512000.00
20130426	7.26	7.32	6.89	6.96	6131736	48869960.00
20130502	6.94	7.09	6.74	6.99	3035579	23740420.00
20130503	6.93	7.14	6.93	7.00	4849897	38740860.00
20130506	7.02	7.25	6.95	7.24	6512069	52046312.00
20130507	7.18	7.34	7.16	7.24	6775322	55442584.00
20130508	7.24	7.32	7.19	7.30	4922061	40227948.00
20130509	7.30	7.32	6.99	7.09	5755864	46406516.00
20130510	7.02	7.16	7.01	7.12	3656531	29205066.00
20130513	7.09	7.38	7.09	7.35	7936379	65178140.00
20130514	7.34	7.50	7.15	7.48	8895313	73613032.00
20130515	7.42	7.49	7.30	7.46	6750220	56523352.00
20130516	7.46	7.98	7.41	7.79	18693723	163579520.00
20130517	7.77	7.84	7.59	7.80	13089788	113668848.00
20130520	7.73	7.73	7.43	7.52	23903928	202850288.00
20130521	7.48	7.48	7.28	7.42	19635585	162946976.00
20130522	7.42	7.98	7.40	7.72	27891886	241515232.00
20130523	7.63	7.63	7.44	7.53	22345814	189677248.00
20130524	7.53	7.86	7.39	7.73	25736691	220179616.00
20130527	7.65	7.94	7.65	7.85	19073574	168117712.00
20130528	7.82	7.86	7.67	7.86	16327353	142993536.00
20130529	7.83	7.85	7.67	7.70	13961315	121423720.00
20130530	7.70	7.77	7.45	7.55	29151756	247836544.00
20130531	7.52	7.61	7.43	7.49	16643539	140792016.00
20130603	7.50	7.57	7.23	7.28	16955870	141128528.00
20130604	7.30	7.40	7.18	7.19	15591509	128095664.00
20130605	7.25	7.37	7.13	7.30	10701676	78802424.00
20130606	7.23	7.30	6.98	7.02	13661482	98772752.00
20130607	7.01	7.06	6.53	6.68	20314706	139541296.00
20130613	6.57	6.85	6.46	6.81	15975226	109023160.00
20130614	6.78	6.95	6.65	6.87	11668331	81131160.00
20130617	6.88	7.06	6.76	6.85	9635247	67972168.00
20130618	6.84	7.06	6.84	7.00	7698998	54745816.00
20130619	6.97	7.03	6.88	6.99	8143034	57728052.00
20130620	6.95	6.97	6.76	6.77	5975417	41687068.00
20130621	6.69	6.92	6.59	6.82	5254128	36222628.00
20130624	6.78	6.83	6.21	6.45	8672949	57538200.00
20130625	6.40	6.57	5.88	6.38	13365050	85824752.00
20130626	6.36	6.52	6.28	6.43	6712019	43750008.00
20130627	6.43	6.48	6.20	6.21	6845183	44291412.00
20130628	6.19	6.31	5.93	6.11	7334474	46067596.00
20130701	6.12	6.28	6.12	6.23	4438213	27980252.00
20130702	6.24	6.69	6.19	6.50	8796569	58284440.00
20130703	6.50	6.63	6.28	6.41	8088549	53219084.00
20130704	6.43	6.53	6.32	6.47	4996980	32811008.00
20130705	6.47	6.51	6.31	6.33	5399305	35209808.00
20130708	6.31	6.38	6.07	6.09	6646541	41924224.00
20130709	6.09	6.16	5.81	5.89	11331664	68465248.00
20130710	5.90	6.00	5.78	6.00	8217433	49474028.00
20130711	6.00	6.22	5.93	6.17	13537744	83949712.00
20130712	6.14	6.28	6.08	6.08	8876387	55831068.00
20130715	6.11	6.55	6.11	6.47	16917715	110355000.00
20130716	6.46	6.83	6.39	6.75	13112055	88556832.00
20130717	6.69	6.79	6.55	6.55	5672450	38406296.00
20130718	6.54	6.61	6.38	6.45	5618285	37203332.00
20130719	6.45	6.64	6.39	6.42	5345802	35366620.00
20130722	6.37	6.65	6.30	6.63	4857097	32362792.00
20130723	6.64	6.82	6.58	6.64	6236445	42664060.00
20130724	6.62	6.85	6.62	6.82	9027791	62120752.00
20130725	6.81	6.94	6.75	6.83	8159809	57181000.00
20130726	6.76	6.94	6.72	6.84	5700539	39823948.00
20130729	6.81	6.91	6.69	6.86	6296245	43838588.00
20130730	6.86	7.05	6.78	6.82	12820258	90031520.00
20130731	6.83	6.87	6.72	6.76	5764543	39741812.00
20130801	6.75	6.82	6.53	6.80	9828885	66935516.00
20130802	6.78	6.81	6.68	6.72	6599116	45329664.00
20130805	6.68	7.02	6.68	6.97	7636569	53688252.00
20130806	6.93	7.23	6.92	7.17	11947640	86732512.00
20130807	7.17	7.37	7.07	7.19	8012341	58639512.00
20130808	7.20	7.24	7.11	7.17	4430910	32306510.00
20130809	7.18	7.38	7.15	7.27	12376253	91669728.00
20130812	7.28	7.47	7.26	7.41	14931253	112105888.00
20130813	7.46	7.61	7.32	7.38	13784980	104460496.00
20130814	7.32	7.40	7.26	7.34	9322874	69463440.00
20130815	7.37	7.50	7.21	7.28	12412396	92828080.00
20130816	7.23	7.41	7.18	7.26	7638570	56530496.00
20130819	7.28	7.37	7.20	7.34	6619850	49066500.00
20130820	7.37	7.52	7.31	7.43	8924651	67504688.00
20130821	7.44	7.68	7.44	7.57	14573683	112428864.00
20130822	7.55	7.61	7.45	7.46	5046612	38571080.00
20130823	7.46	7.52	7.16	7.30	9161067	68148256.00
20130826	7.28	7.61	7.21	7.53	10851764	82636856.00
20130827	7.61	7.81	7.53	7.61	19747659	153700880.00
20130828	7.57	8.03	7.44	7.82	30650175	243004128.00
20130829	7.77	7.86	7.53	7.60	17363983	135310960.00
20130830	7.59	7.91	7.57	7.70	18998590	149786864.00
20130902	7.76	7.81	7.28	7.50	13453877	102160688.00
20130903	7.46	7.68	7.43	7.53	8287588	63735140.00
20130904	7.55	7.74	7.40	7.70	12253731	94782536.00
20130905	7.72	8.26	7.64	8.14	29313448	240018048.00
20130906	8.09	8.18	7.96	8.14	15758085	129025728.00
20130909	8.13	8.14	7.96	8.09	11886803	97228296.00
20130910	8.14	8.37	8.03	8.12	17228160	143032688.00
20130911	8.12	8.12	7.78	7.83	15201979	122090168.00
20130912	7.85	7.99	7.74	7.84	10784019	86306136.00
20130913	7.86	8.64	7.86	8.27	40101555	341880768.00
20130916	8.14	8.43	8.13	8.41	15764565	132932896.00
20130917	8.42	9.03	8.36	8.72	26276731	232217504.00
20130918	8.64	9.00	8.56	8.68	20210257	179674112.00
20130923	8.71	9.56	8.71	9.56	49430517	469900928.00
20130924	9.77	9.83	9.46	9.67	29298482	285731456.00
20130925	9.59	10.65	9.51	10.20	44530242	450200928.00
20130926	10.14	10.39	9.58	9.72	31667690	320203008.00
20130927	9.64	10.66	9.64	10.34	33336723	342418048.00
20130930	10.30	10.95	10.19	10.62	16760577	179667504.00
20131008	10.46	11.01	10.46	10.54	17223431	185535376.00
20131009	10.48	10.50	10.01	10.24	23202703	238909344.00
20131010	10.28	10.98	10.26	10.34	23704944	253710960.00
20131011	10.48	11.39	10.45	11.39	30403590	340517120.00
20131014	11.73	12.28	11.36	11.57	36492929	434662528.00
20131015	11.49	11.76	11.18	11.69	21520845	250134544.00
20131016	11.59	11.59	10.53	10.98	31348682	350395584.00
20131017	10.98	11.30	10.38	10.67	23119306	252634784.00
20131018	10.68	10.87	10.49	10.80	10942075	118531536.00
20131021	10.81	11.54	10.68	11.45	20845358	238571536.00
20131022	11.36	11.63	10.77	10.90	18522275	208181600.00
20131023	10.85	10.99	9.85	9.90	20576451	213118192.00
20131024	9.88	10.16	9.38	9.95	19394005	191729872.00
20131025	9.92	10.32	9.66	9.92	16449441	165686160.00
20131028	9.98	10.07	9.59	9.88	9281897	92381240.00
20131029	9.90	10.04	8.88	9.37	20191720	192190624.00
20131030	9.27	10.06	9.18	9.84	12393970	120948024.00
20131031	9.76	9.96	9.28	9.41	10642777	103032344.00
20131101	9.33	9.48	9.05	9.18	7487218	69851152.00
20131104	9.28	9.68	9.16	9.45	7613627	72811336.00
20131105	9.40	9.63	9.18	9.52	9057535	86055648.00
20131106	9.42	9.93	9.42	9.61	10967712	107260032.00
20131107	9.51	9.65	9.33	9.38	5958476	57105892.00
20131108	9.28	9.28	8.43	8.43	30381670	265592224.00
20131111	8.26	8.58	8.21	8.45	10754631	92417600.00
20131112	8.68	8.78	8.44	8.60	10472574	91406400.00
20131113	8.53	8.62	8.28	8.47	6346607	54543640.00
20131114	8.41	9.06	8.36	8.95	18984068	169342752.00
20131115	8.95	9.86	8.95	9.86	17092926	167856256.00
20131118	10.86	10.86	10.03	10.37	54116076	570841472.00
20131119	10.18	10.98	10.13	10.57	48656449	520113152.00
20131120	10.46	10.78	10.26	10.71	25311002	270240608.00
20131121	10.60	11.79	10.46	11.06	67357820	770169856.00
20131122	10.90	11.45	10.73	11.39	42828385	480113568.00
20131125	11.12	11.72	10.90	11.11	38512577	440618400.00
20131126	10.97	11.38	10.79	11.05	24723795	276551104.00
20131127	11.08	11.16	10.73	10.99	23744084	262214912.00
20131128	11.16	11.46	10.98	11.03	25377737	286631424.00
20131129	11.01	11.08	10.76	11.05	21540317	237372976.00
20131202	10.58	10.92	9.93	9.93	31885532	330101408.00
20131203	9.86	10.53	9.69	10.37	20873174	214367584.00
20131204	10.35	11.08	10.35	10.62	28609291	311147168.00
20131205	10.64	10.80	10.53	10.78	15300695	165097344.00
20131206	10.70	10.87	10.63	10.69	7892133	85642696.00
20131209	10.74	10.97	10.71	10.81	10228482	111792336.00
20131210	10.76	11.34	10.76	10.98	25356530	284439104.00
20131211	10.92	10.92	10.46	10.72	12377981	134064056.00
20131212	10.70	10.95	10.41	10.50	18177904	195492000.00
20131216	10.62	10.62	9.44	9.44	59076757	577859456.00
20131217	9.29	9.60	9.08	9.48	27171293	258959840.00
20131218	9.43	9.48	9.13	9.33	11810344	111179304.00
20131219	9.33	9.42	8.76	9.03	24948390	227958512.00
20131220	8.98	9.05	8.79	8.80	9220619	83080184.00
20131223	8.83	8.86	8.16	8.32	16961135	145281296.00
20131224	8.37	8.79	8.37	8.45	19667710	170778992.00
20131225	8.49	8.83	8.48	8.80	15280785	134953936.00
20131226	8.83	8.93	8.70	8.81	10723275	95971112.00
20131227	8.83	9.03	8.70	8.99	8481557	76426480.00
20131230	9.06	9.09	8.78	8.92	10437307	94432816.00
20131231	8.89	8.93	8.57	8.66	12379259	109406504.00
20140102	8.66	8.80	8.55	8.63	10164589	89071024.00
20140103	8.60	8.66	8.38	8.47	10928122	94016976.00
20140106	8.48	8.51	8.02	8.04	13279331	110128984.00
20140107	7.98	8.10	7.89	7.98	10826098	87803968.00
20140108	8.04	8.20	7.79	7.98	15791264	127845384.00
20140109	8.01	8.11	7.88	7.93	10172026	82596672.00
20140110	7.92	8.00	7.64	7.71	8057350	63878220.00
20140113	7.68	7.90	7.66	7.81	7416724	58778856.00
20140114	7.81	8.04	7.69	7.99	9199629	73604528.00
20140115	7.94	8.04	7.92	8.00	7511610	60943040.00
20140116	8.05	8.52	8.00	8.45	21835455	185556656.00
20140117	8.32	8.45	8.18	8.23	8893628	74810136.00
20140124	8.28	8.88	8.18	8.46	35976554	311502752.00
20140127	8.33	8.34	8.06	8.12	20248803	167433536.00
20140128	8.13	8.17	8.07	8.11	6587571	54260948.00
20140129	8.15	8.15	7.94	8.03	7860633	64092056.00
20140130	8.01	8.19	7.98	8.01	6898116	56676192.00
20140207	7.99	8.09	7.82	8.08	6984051	56478736.00
20140210	8.12	8.57	8.12	8.48	17049631	144925440.00
20140211	8.50	8.81	8.47	8.56	21067085	184675184.00
20140212	8.56	8.70	8.52	8.68	14345531	125175256.00
20140213	8.71	9.11	8.61	8.93	28602365	256932784.00
20140214	8.88	9.00	8.78	8.95	16176770	145785424.00
20140217	8.96	9.03	8.87	8.93	17504448	158280976.00
20140218	8.93	8.97	8.58	8.72	21797927	192538800.00
20140219	8.68	8.82	8.63	8.73	19856051	176076896.00
20140220	8.93	9.21	8.81	8.86	33388726	305087264.00
20140221	8.79	8.90	8.55	8.65	12617024	111136920.00
20140224	8.57	8.57	8.26	8.40	11589961	98347936.00
20140225	8.52	8.52	8.03	8.14	12033237	101364352.00
20140226	8.07	8.11	7.85	8.07	9136133	74139528.00
20140227	8.08	8.15	7.90	7.92	12413461	101097040.00
20140228	7.90	7.96	7.66	7.83	16368368	129182576.00
20140303	7.84	8.62	7.79	8.41	35503080	298790144.00
20140304	8.37	8.37	8.19	8.32	13934143	117060752.00
20140305	8.36	8.39	8.13	8.17	10324790	86238840.00
20140306	8.15	8.22	7.90	8.05	10981987	89530960.00
20140307	8.04	8.21	7.92	8.16	12823238	105071920.00
20140310	8.04	8.12	7.78	7.81	11783830	95032664.00
20140311	7.83	7.95	7.68	7.93	7478493	59765992.00
20140312	7.92	8.00	7.82	7.94	7888952	63370712.00
20140313	8.01	8.13	7.90	8.03	8384419	68476128.00
20140314	7.96	8.07	7.84	7.90	8183516	65914772.00
20140317	7.90	8.06	7.85	8.05	8421294	67886864.00
20140318	8.07	8.22	8.01	8.14	11541349	95087512.00
20140319	8.10	8.22	8.02	8.11	12632606	104117840.00
20140320	8.13	8.19	7.89	7.90	8534536	69700728.00
20140321	7.87	8.16	7.80	8.12	11611252	94246576.00
20140324	8.13	8.23	7.97	8.17	14045308	115794672.00
20140325	8.21	8.64	8.14	8.48	36274849	311317888.00
20140326	8.54	8.61	8.30	8.39	16152563	137772448.00
20140327	8.38	8.71	8.36	8.57	24131675	208896176.00
20140328	8.59	8.85	8.43	8.48	25979404	228039040.00
20140331	8.48	8.55	7.89	8.00	18244894	149833136.00
20140401	8.02	8.12	7.93	8.11	7214534	58877800.00
20140402	8.15	8.17	7.95	8.15	9723484	79378400.00
20140403	8.23	8.29	8.03	8.07	9179555	75573448.00
20140404	8.08	8.19	7.98	8.14	6826027	56238248.00
20140408	8.08	8.29	8.08	8.25	8772555	72991840.00
20140409	8.25	8.36	8.20	8.32	11963437	100431896.00
20140410	8.34	8.44	8.29	8.43	13015422	110588960.00
20140411	8.43	8.43	8.24	8.27	13175065	110953440.00
20140414	8.30	8.34	8.23	8.30	8673882	72853440.00
20140415	8.26	8.33	8.23	8.29	7438594	62427856.00
20140416	8.27	8.29	8.09	8.16	8361929	69424984.00
20140417	8.19	8.21	8.09	8.11	5920755	48972504.00
20140418	8.08	8.13	8.06	8.12	4936160	40550576.00
20140421	8.07	8.09	7.86	7.90	12354676	99990256.00
20140422	7.90	7.97	7.72	7.91	10452750	83208640.00
20140423	7.93	7.93	7.71	7.76	10387822	81501192.00
20140424	7.74	7.76	7.49	7.51	9662028	73984072.00
20140425	7.51	7.63	7.36	7.39	7167108	54028624.00
20140428	7.39	7.43	7.03	7.04	7468754	53806876.00
20140429	7.03	7.13	6.99	7.13	8778552	62460588.00
20140430	7.12	7.26	7.09	7.17	6468223	46790072.00
20140505	7.17	7.38	7.08	7.36	8609650	62966404.00
20140506	7.32	7.45	7.30	7.41	7530825	56155816.00
20140507	7.39	7.42	7.28	7.32	5738121	42439532.00
20140508	7.28	7.44	7.26	7.31	4342336	32219772.00
20140509	7.28	7.36	7.11	7.16	4649574	33693396.00
20140512	7.27	7.38	7.18	7.36	7054908	51890228.00
20140513	7.39	7.41	7.27	7.32	4865981	35939592.00
20140514	7.33	7.40	7.29	7.36	3624420	26880548.00
20140515	7.35	7.52	7.30	7.40	11265883	84397536.00
20140516	7.40	7.52	7.35	7.49	6147893	46041320.00
20140519	7.56	7.93	7.55	7.75	20526522	160702240.00
20140520	7.82	7.84	7.59	7.77	11340578	88119632.00
20140521	7.73	7.76	7.62	7.72	4639937	36028024.00
20140522	7.71	7.78	7.56	7.58	7939101	61503008.00
20140523	7.57	7.81	7.56	7.74	8297086	64565184.00
20140526	7.80	7.86	7.71	7.74	6155218	48200280.00
20140527	7.78	7.84	7.71	7.77	6442231	50600384.00
20140528	7.77	7.88	7.75	7.87	8227952	65003832.00
20140529	7.92	7.98	7.73	7.77	9033499	71642400.00
20140530	7.83	8.01	7.78	8.00	13411494	107170576.00
20140603	8.02	8.04	7.81	7.82	9072645	72141392.00
20140604	7.87	7.89	7.65	7.74	8050491	62797464.00
20140605	7.74	7.82	7.65	7.78	6754413	52547064.00
20140606	7.79	7.79	7.65	7.66	4444103	34480300.00
20140609	7.68	7.74	7.54	7.54	5190558	39933320.00
20140610	7.57	7.68	7.52	7.65	4263613	32707874.00
20140611	7.64	7.69	7.57	7.66	3779685	29067746.00
20140612	7.64	7.65	7.38	7.42	8949528	67423928.00
20140613	7.35	7.51	7.35	7.43	8126661	60975680.00
20140616	7.43	7.48	7.39	7.46	6586223	49346028.00
20140617	7.46	7.46	7.32	7.36	5981551	44368436.00
20140618	7.37	7.37	7.19	7.21	6763424	49545144.00
20140619	7.21	7.25	6.95	7.04	8209298	58946636.00
20140620	7.06	7.11	7.04	7.10	3659664	26110642.00
20140623	7.12	7.20	7.09	7.19	3613770	26095192.00
20140624	7.16	7.21	7.14	7.19	3032075	21924148.00
20140625	7.21	7.26	7.17	7.24	4505129	32789372.00
20140626	7.27	7.43	7.26	7.37	9773805	72449528.00
20140627	7.37	7.37	7.27	7.28	8807805	64756496.00
20140630	7.27	7.30	7.19	7.21	8645817	62976080.00
20140701	7.24	7.39	7.21	7.30	9387282	69138640.00
20140702	7.31	7.35	7.28	7.34	7052204	52063972.00
20140703	7.32	7.42	7.31	7.41	8482385	63023040.00
20140704	7.39	7.59	7.39	7.58	20897634	157881920.00
20140707	7.58	7.61	7.45	7.52	8756098	66243116.00
20140708	7.58	7.81	7.58	7.62	20434505	158269216.00
20140709	7.56	7.62	7.32	7.36	13463664	101125376.00
20140710	7.36	7.46	7.33	7.39	7024847	52387656.00
20140711	7.37	7.53	7.37	7.53	7571737	57229740.00
20140714	7.62	7.75	7.56	7.71	13133423	101450496.00
20140715	7.68	7.77	7.58	7.69	8974708	69225448.00
20140716	7.70	7.81	7.65	7.76	14874752	116003816.00
20140717	7.77	7.82	7.60	7.66	6842967	52997140.00
20140718	7.65	7.69	7.59	7.61	5213289	40179348.00
20140721	7.58	7.64	7.50	7.57	4652557	35383316.00
20140722	7.61	7.70	7.59	7.64	7615928	58670356.00
20140723	7.62	7.65	7.47	7.54	7056572	53697664.00
20140724	7.54	7.59	7.48	7.56	6865566	52234920.00
20140725	7.56	7.66	7.52	7.66	7342303	56363280.00
20140728	7.71	7.86	7.67	7.81	15677847	122838720.00
20140729	7.84	7.99	7.74	7.81	16652984	132086112.00
20140730	7.83	7.88	7.74	7.84	10676891	84027464.00
20140731	7.90	7.98	7.82	7.98	13546348	108166728.00
20140801	7.97	8.28	7.94	8.01	31922383	260773856.00
20140804	8.00	8.24	7.97	8.17	15549791	127756656.00
20140805	8.17	8.20	8.06	8.13	9994765	81591424.00
20140806	8.12	8.12	7.98	8.05	10363081	83929088.00
20140807	8.06	8.14	7.98	8.00	10236007	83113680.00
20140808	8.00	8.08	7.99	8.06	7125485	57674616.00
20140811	8.06	8.12	7.97	8.11	12600579	102180248.00
20140812	8.11	8.22	8.05	8.15	12838780	105104872.00
20140813	8.14	8.29	8.11	8.21	13593703	112175208.00
20140814	8.19	8.21	7.99	8.00	15480374	126060176.00
20140815	8.02	8.27	7.99	8.21	18264404	150163440.00
20140818	8.26	8.29	8.17	8.24	11143500	92156232.00
20140819	8.24	8.33	8.20	8.33	14462158	120574296.00
20140820	8.36	8.36	8.19	8.24	10769915	89768272.00
20140821	8.25	8.28	8.06	8.15	12872517	105673896.00
20140822	8.14	8.24	8.10	8.24	11655980	95958304.00
20140825	8.24	8.24	8.10	8.16	8720421	71669448.00
20140826	8.15	8.21	7.95	8.01	11440481	92762000.00
20140827	8.01	8.17	7.93	8.16	11765419	95523776.00
20140828	8.20	8.32	8.05	8.18	11968240	98593168.00
20140829	8.21	8.67	8.02	8.47	30461599	257646448.00
20140901	8.47	8.77	8.39	8.67	37996866	328837664.00
20140902	8.58	8.67	8.52	8.63	25262431	218295072.00
20140903	8.62	8.68	8.53	8.59	20495278	177190448.00
20140904	8.62	8.72	8.55	8.71	18944875	164641952.00
20140905	8.70	8.81	8.64	8.75	25745706	226355152.00
20140909	8.86	8.94	8.69	8.80	26391323	234772560.00
20140910	8.79	8.81	8.61	8.64	15364862	133940976.00
20140911	8.64	9.06	8.64	8.71	28452866	251605760.00
20140912	8.65	8.77	8.55	8.72	15837229	138332640.00
20140915	8.72	8.84	8.64	8.80	17592653	154598928.00
20140916	8.83	9.01	8.54	8.58	27803279	246715760.00
20140917	8.64	8.69	8.45	8.58	12842201	110540448.00
20140918	8.62	8.69	8.54	8.62	10265094	89068384.00
20140919	8.62	8.75	8.59	8.70	10401857	90823232.00
20140922	8.73	8.84	8.62	8.64	13061632	114765208.00
20140923	8.64	8.80	8.60	8.78	13657593	119868272.00
20140924	8.74	8.91	8.73	8.84	17961079	159704704.00
20140925	8.87	8.90	8.74	8.76	16475097	146091440.00
20140926	8.73	8.80	8.67	8.74	10327965	90786544.00
20140929	8.82	8.90	8.74	8.84	16730081	148580928.00
20140930	8.94	9.33	8.93	9.21	48385779	446306112.00
20141008	9.23	9.26	9.05	9.22	21118708	194266336.00
20141009	9.21	9.23	9.02	9.15	21155699	194467968.00
20141010	9.15	9.15	8.92	8.95	20205686	183306288.00
20141013	8.91	8.91	8.72	8.85	16192446	143547184.00
20141014	8.88	8.92	8.68	8.74	16739261	148274624.00
20141015	8.74	8.80	8.64	8.79	12539670	110283272.00
20141016	8.71	8.76	8.59	8.60	15888346	138723952.00
20141017	8.55	8.65	7.94	8.29	23629273	198137264.00
20141020	8.39	8.52	8.35	8.44	10676533	90851128.00
20141021	8.44	8.45	8.24	8.28	9912205	83251720.00
20141022	8.32	8.44	8.26	8.32	9441327	79386272.00
20141023	8.27	8.36	8.18	8.24	8579809	71436752.00
20141024	8.24	8.38	8.21	8.31	6883061	57544348.00
20141027	8.32	8.36	8.21	8.34	8204158	68667568.00
20141028	8.36	8.54	8.34	8.50	11651406	99073136.00
20141029	8.52	8.71	8.48	8.67	18445486	160090128.00
20141030	8.67	8.70	8.52	8.55	12890374	111561616.00
20141031	8.56	8.62	8.46	8.58	10761910	92555800.00
20141103	8.58	8.77	8.58	8.68	13938469	121956272.00
20141104	8.69	8.73	8.60	8.63	10765582	93816872.00
20141105	8.60	8.64	8.49	8.54	13477855	115824808.00
20141106	8.53	8.58	8.40	8.54	13565823	116023712.00
20141107	8.55	8.65	8.40	8.45	18275725	157106224.00
20141110	8.46	8.53	8.40	8.51	9889844	84366816.00
20141111	8.55	8.80	8.47	8.54	30408423	264851200.00
20141112	8.46	8.91	8.45	8.90	42572195	377121312.00
20141113	8.93	8.99	8.67	8.78	29289217	260658672.00
20141114	8.74	8.90	8.67	8.77	15804068	139723616.00
20141117	8.84	8.98	8.69	8.89	20904732	186438096.00
20141118	8.89	8.93	8.72	8.75	14849642	131591576.00
20141119	8.75	8.81	8.69	8.73	9804455	86317872.00
20141120	8.79	8.96	8.75	8.86	22832606	204354224.00
20141121	8.84	8.91	8.78	8.87	13784171	122872104.00
20141124	8.94	9.07	8.81	9.01	29135657	262433472.00
20141125	8.99	9.42	8.96	9.25	47152211	437963232.00
20141126	9.20	9.30	9.09	9.16	27614291	254638448.00
20141127	9.18	9.22	9.09	9.17	26385007	243336432.00
20141128	9.18	9.31	8.93	9.04	27750605	254196064.00
20141201	9.02	9.19	8.97	9.14	25491409	232875296.00
20141202	9.15	9.34	9.12	9.16	21674794	200478656.00
20141203	9.16	9.27	9.06	9.20	29243716	270454272.00
20141204	9.22	9.38	9.15	9.36	31688549	296706752.00
20141205	9.35	9.35	8.82	8.93	37435137	340730880.00
20141208	8.92	9.00	8.82	8.90	23066230	206832416.00
20141209	8.85	9.03	8.63	8.71	29554880	262594432.00
20141210	8.64	8.90	8.64	8.87	15843015	140441152.00
20141211	8.88	8.96	8.78	8.91	14177236	126472880.00
20141212	8.88	9.10	8.88	9.06	17839313	161816416.00
20141215	9.09	9.19	8.89	9.15	19484189	177884720.00
20141216	9.15	9.22	9.07	9.12	15182225	139415456.00
20141217	9.19	9.38	9.03	9.13	26841924	248588400.00
20141218	9.14	9.34	9.12	9.25	29040753	270667008.00
20141219	9.23	9.29	8.91	9.03	22056357	201298144.00
20141222	9.32	9.35	8.89	9.03	19821375	181259648.00
20141223	9.14	9.62	9.04	9.39	59665055	565401920.00
20141224	9.39	9.81	9.31	9.78	56387757	543147904.00
20141225	9.75	9.78	9.53	9.76	35517306	345245568.00
20141226	9.74	9.94	9.63	9.70	31144577	305106464.00
20141229	9.69	9.91	9.41	9.51	36714201	357584800.00
20141230	9.49	9.63	9.18	9.24	23751289	224043760.00
20141231	9.25	9.34	9.09	9.32	18801651	174246896.00
20150105	9.28	9.51	9.13	9.43	21293113	199744384.00
20150106	9.41	9.60	9.23	9.59	18930885	179991200.00
20150107	9.57	9.62	9.40	9.44	14879214	141883424.00
20150108	9.45	9.52	9.28	9.40	13416828	126699184.00
20150109	9.39	9.61	9.29	9.31	17361453	165839696.00
20150112	9.26	9.32	8.99	9.03	14847128	136395840.00
20150113	9.09	9.22	9.07	9.16	8237859	75680720.00
20150114	9.10	9.17	8.97	9.03	9951225	90624720.00
20150115	9.03	9.10	8.97	9.09	10300600	93701608.00
20150116	9.11	9.18	9.04	9.17	14236100	130627320.00
20150119	8.86	9.05	8.66	8.80	19101874	170932544.00
20150120	8.82	8.99	8.82	8.98	13114477	117754416.00
20150121	8.99	9.16	8.93	9.13	16900476	154392224.00
20150122	9.14	9.28	9.08	9.23	16377500	151388848.00
20150123	9.25	9.46	9.15	9.27	18837936	176408528.00
20150126	9.33	9.79	9.27	9.73	37321846	361040224.00
20150127	9.73	9.83	9.45	9.60	24935213	240981104.00
20150128	9.60	9.74	9.50	9.56	17348163	168179120.00
20150129	9.44	10.02	9.36	9.98	35836536	351990592.00
20150130	9.94	10.17	9.70	9.73	29508603	294010368.00
20150202	9.77	10.22	9.59	10.10	36575320	367837696.00
20150203	10.20	10.42	10.03	10.22	40432503	415062016.00
20150204	10.23	10.42	9.96	9.98	33811707	345973280.00
20150205	10.03	10.17	9.86	10.06	27482313	277517728.00
20150206	9.97	10.23	9.60	9.74	25378782	252305328.00
20150209	9.64	10.18	9.64	10.14	29171690	293603328.00
20150210	10.14	10.21	9.96	10.13	20765315	210816304.00
20150211	10.15	10.25	9.98	10.24	19192308	195234976.00
20150212	10.24	10.49	10.13	10.14	25626113	265258512.00
20150213	10.19	10.43	10.15	10.32	24687607	256031344.00
20150216	10.43	11.01	10.39	10.83	37450472	404000096.00
20150217	10.88	11.13	10.73	10.98	28969120	319638272.00
20150225	11.08	11.09	10.66	10.74	19084712	207655520.00
20150226	10.75	10.89	10.58	10.79	14972350	161796944.00
20150227	10.80	10.82	10.64	10.69	13112334	141354400.00
20150302	10.71	10.88	10.65	10.75	20086503	216765040.00
20150303	10.77	11.03	10.75	10.87	24978546	273844224.00
20150304	10.94	11.43	10.92	11.34	29101259	327717728.00
20150305	11.45	11.78	11.24	11.68	35752890	414616256.00
20150306	11.83	12.27	11.34	12.11	46505094	557921088.00
20150309	12.28	13.33	12.11	13.02	55012607	712697920.00
20150310	12.74	13.06	12.65	12.83	28142256	363165760.00
20150311	12.83	13.02	12.49	12.93	23447589	300249504.00
20150327	13.13	14.22	12.39	12.66	102476280	1341668736.00
20150330	12.49	12.50	12.06	12.29	50596417	621455424.00
20150331	12.26	12.27	12.09	12.19	38126707	466039936.00
20150401	12.24	12.49	12.20	12.41	33099398	411746496.00
20150402	12.45	12.52	12.19	12.38	34184260	422615712.00
20150403	12.29	12.48	12.19	12.38	31036703	385057184.00
20150407	12.44	12.87	12.37	12.83	51730383	656704832.00
20150408	12.83	13.30	12.35	13.25	62868163	815400256.00
20150409	13.48	14.44	13.47	13.84	71724207	1000363328.00
20150410	13.54	13.98	13.54	13.83	36608912	506934816.00
20150413	13.86	14.23	13.74	13.85	31727951	442648288.00
20150414	13.93	14.15	13.72	13.84	38172351	532533024.00
20150415	13.82	13.82	12.95	12.99	31606642	423716960.00
20150416	12.83	13.22	12.34	12.94	25145272	322985856.00
20150417	12.99	13.23	12.98	13.08	25739398	338218624.00
20150420	13.04	13.04	12.48	12.52	30942881	396298176.00
20150421	12.44	12.90	12.44	12.86	21951637	280639904.00
20150422	12.88	13.27	12.88	13.22	31149715	410234880.00
20150423	13.19	13.62	13.15	13.33	34045821	458591168.00
20150424	13.09	13.88	12.97	13.78	49957712	680187136.00
20150427	13.99	14.18	13.52	13.68	41444080	576685248.00
20150428	13.72	13.83	12.96	13.11	30004661	402285344.00
20150429	12.98	13.38	12.94	13.21	21520976	285773408.00
20150430	13.34	13.53	13.20	13.31	25234041	339508192.00
20150504	13.31	13.32	12.92	13.11	21066757	276345216.00
20150505	13.11	13.22	12.84	12.99	19402409	254795056.00
20150506	13.10	13.20	12.44	12.78	18386328	238360864.00
20150507	12.54	13.15	12.44	12.55	10968252	139333648.00
20150508	13.03	13.29	12.74	13.11	21564481	281937568.00
20150511	13.23	13.91	13.07	13.89	40890872	556466240.00
20150512	13.92	14.05	13.64	13.80	38686799	538070720.00
20150513	13.92	14.92	13.83	14.43	51603708	752954176.00
20150514	14.32	14.49	14.00	14.14	28610721	407770304.00
20150515	14.23	14.28	13.52	13.76	27908935	388206528.00
20150518	13.69	14.19	13.62	13.85	28375189	396408640.00
20150519	13.94	14.59	13.79	14.58	39889709	570370304.00
20150520	14.61	15.00	14.39	14.49	44643514	657076928.00
20150521	14.47	14.94	14.44	14.93	36411372	537339392.00
20150522	15.19	16.43	14.55	16.43	64055303	991484096.00
20150525	16.50	16.92	15.74	16.64	60544232	999596992.00
20150526	16.64	17.52	16.59	16.81	53181759	907342656.00
20150527	16.82	17.23	16.34	17.08	44841330	753492352.00
20150528	16.99	17.15	15.37	15.37	53169935	875692224.00
20150529	15.19	15.54	14.46	15.03	37378858	562087680.00
20150601	15.19	15.83	15.03	15.81	29062003	450910624.00
20150602	16.00	16.69	15.81	16.63	38187099	622241344.00
20150603	16.75	16.89	15.92	16.28	32504056	534094848.00
20150604	16.26	16.26	14.74	15.83	31921254	499284288.00
20150605	15.97	16.42	15.62	16.14	33850267	546194496.00
20150608	16.42	17.10	16.33	16.93	55614564	936536448.00
20150609	17.29	18.30	17.05	17.14	65521001	1158224896.00
20150610	17.21	17.87	16.66	17.35	43117245	747665152.00
20150611	17.55	18.79	17.25	18.46	52929048	956591168.00
20150612	18.94	19.12	18.30	18.36	50629910	946943552.00
20150615	18.37	18.42	17.23	17.40	40881927	729209152.00
20150616	17.19	17.28	16.33	16.65	32229943	545617344.00
20150617	16.45	17.21	15.94	17.10	27188560	456206240.00
20150618	17.10	17.49	16.47	16.59	26227246	449809376.00
20150619	15.95	16.44	14.93	14.93	23884584	375242016.00
20150623	14.99	15.39	13.64	15.13	23769794	351691840.00
20150624	15.42	15.54	14.84	15.39	29529133	452501568.00
20150625	15.49	15.54	14.07	14.43	26323961	397514560.00
20150626	13.95	14.02	12.98	12.98	26406704	353154848.00
20150629	13.29	13.42	11.68	11.70	33921455	418687136.00
20150630	11.94	12.88	11.49	12.88	37579570	463442336.00
20150701	13.15	13.87	12.54	12.83	43026959	575751808.00
20150702	12.94	13.34	11.59	11.88	32677697	412698528.00
20150703	11.43	12.36	10.69	10.69	32060403	362863328.00
20150706	11.77	11.77	9.62	10.09	50032885	523813920.00
20150707	9.54	9.68	9.08	9.08	24373421	226330224.00
20150715	9.99	9.99	9.99	9.99	10805969	108599984.00
20150716	8.99	10.88	8.99	10.31	60340061	598229504.00
20150717	10.24	11.21	10.11	11.02	45069738	490600352.00
20150720	11.09	11.52	10.73	11.39	48559871	547160704.00
20150721	11.49	12.42	11.19	12.22	64736683	783044544.00
20150722	12.29	12.63	11.54	12.23	59055293	719626240.00
20150723	12.29	12.74	12.19	12.65	50165923	630689856.00
20150724	12.71	12.74	11.92	12.13	47475997	592147008.00
20150727	11.84	12.28	10.91	10.91	39315170	463844416.00
20150728	10.24	11.22	9.85	10.63	40219670	423578688.00
20150729	10.93	11.27	10.41	11.25	25663090	278086976.00
20150730	11.09	11.37	10.65	10.71	30663573	341219616.00
20150731	10.49	10.68	10.12	10.30	28790173	299910112.00
20150803	10.19	10.27	9.78	10.23	25176980	253239984.00
20150804	10.22	10.93	10.16	10.92	24961916	265161104.00
20150805	10.92	11.30	10.66	10.91	27941409	309151328.00
20150806	10.63	11.09	10.46	10.80	12984560	141892032.00
20150807	10.83	11.29	10.83	11.23	23928103	268251520.00
20150810	11.32	11.92	11.32	11.84	26789172	313737280.00
20150811	11.84	12.32	11.75	12.08	35287753	428210048.00
20150812	11.84	12.44	11.74	12.00	36081478	439767680.00
20150813	11.91	12.68	11.84	12.53	45371135	564310656.00
20150814	12.77	12.82	12.19	12.26	37951645	475440320.00
20150817	12.35	13.49	12.35	13.49	67493252	902531328.00
20151008	12.14	12.80	12.14	12.15	98865945	1212152576.00
20151009	11.68	11.88	11.38	11.67	52617471	609660288.00
20151012	11.72	12.19	11.66	11.88	73751561	880922560.00
20151013	11.88	12.80	11.68	12.69	67710839	830761728.00
20151014	12.42	12.53	12.03	12.10	44652506	548012928.00
20151015	12.25	12.77	12.24	12.68	48417668	604992000.00
20151016	12.60	13.67	12.45	13.34	69249543	900192832.00
20151019	13.08	14.27	13.07	13.82	68135795	934345664.00
20151020	13.70	14.09	13.50	13.75	39748225	545740032.00
20151021	13.71	13.91	12.38	12.38	52011895	675137856.00
20151022	12.38	13.07	12.21	12.91	37413623	471788096.00
20151023	12.89	13.30	12.80	13.16	34126821	447307872.00
20151026	13.35	13.72	13.08	13.28	33829983	454137632.00
20151027	13.00	13.21	12.34	13.13	31308749	400761856.00
20151028	13.05	13.58	12.72	12.73	25728849	339876032.00
20151029	12.80	13.04	12.61	12.79	15650243	200711680.00
20151030	12.89	13.54	12.72	13.04	26238369	345782784.00
20151102	12.76	13.30	12.58	12.68	19167512	248806096.00
20151103	12.68	12.86	12.41	12.52	17408923	219445856.00
20151104	12.60	13.16	12.59	13.15	22772252	296152768.00
20151105	13.22	13.56	13.10	13.29	24439448	325137888.00
20151106	13.32	13.79	13.32	13.44	25392079	343642496.00
20151109	13.40	13.60	13.22	13.48	25940002	347815456.00
20151110	13.38	13.87	13.31	13.50	23445419	317996416.00
20151111	13.50	13.80	13.46	13.61	18813947	255886544.00
20151112	13.60	13.67	13.20	13.24	20085672	268177008.00
20151113	13.01	13.32	12.87	12.91	20204237	263890720.00
20151116	12.68	12.99	12.60	12.97	13416883	171128656.00
20151117	13.05	13.30	12.74	12.76	17285805	225606288.00
20151118	12.76	13.04	12.65	12.71	11047549	141587936.00
20151119	12.78	12.92	12.64	12.91	9584640	122422232.00
20151120	12.92	13.09	12.75	12.96	13166450	170326448.00
20151123	12.95	13.57	12.85	13.52	32231699	429614464.00
20151124	13.51	13.51	13.09	13.40	16542679	220145760.00
20151125	13.39	13.53	13.26	13.38	17542533	234618704.00
20151126	13.47	13.72	13.35	13.42	24399942	330344608.00
20151127	13.38	13.75	12.20	12.61	25315496	336721216.00
20151130	12.63	12.85	11.83	12.47	18687608	232690592.00
20151201	12.50	12.64	12.30	12.48	9114328	113828216.00
20151202	12.53	12.78	11.98	12.59	9209182	115253984.00
20151203	12.64	12.92	12.57	12.90	11529857	146801216.00
20151204	12.85	13.26	12.70	13.22	18572961	241599264.00
20151207	13.40	13.40	13.03	13.14	12032321	157977216.00
20151208	13.07	13.07	12.50	12.66	10796044	137592192.00
20151209	12.70	12.76	12.53	12.73	6333048	80287504.00
20151210	12.78	12.97	12.60	12.78	9507386	121872288.00
20151211	12.66	12.76	12.33	12.44	7608508	95441264.00
20151214	12.35	12.69	12.26	12.68	6451751	80628768.00
20151215	12.67	12.77	12.48	12.57	10090353	127156552.00
20151216	12.62	12.82	12.60	12.64	9616025	122289000.00
20151217	12.68	12.94	12.65	12.85	16231424	207730176.00
20151218	12.80	13.09	12.76	12.90	15370113	198820496.00
20151221	12.98	13.79	12.90	13.40	28572404	384247616.00
20151222	13.44	13.56	13.10	13.42	17556159	233906288.00
20151223	13.40	13.72	13.15	13.24	18142333	244273552.00
20151224	13.08	13.88	13.01	13.79	26597266	358653856.00
20151225	13.84	13.97	13.61	13.74	17284942	237760912.00
20151228	13.74	14.33	13.20	13.44	29076805	405955328.00
20151229	13.50	14.72	13.50	14.40	41939815	594487552.00
20151230	14.35	14.71	14.11	14.66	34073370	491310208.00
20151231	14.71	14.73	14.14	14.15	21512308	310021184.00
20160104	14.12	14.12	12.74	12.77	18588228	249836608.00
20160105	12.10	13.03	11.96	12.57	24263555	302476128.00
20160106	12.60	12.84	12.48	12.72	14057519	178338512.00
20160107	12.49	12.49	11.45	11.45	5919000	69507784.00
20160108	11.69	11.88	10.58	11.26	20302264	232050480.00
20160111	10.98	11.39	10.13	10.13	18456222	197696416.00
20160112	10.09	10.39	9.79	10.25	14888157	151607136.00
20160113	10.39	10.55	9.80	9.85	14261729	146754384.00
20160114	9.45	10.17	9.40	10.15	12959258	127355368.00
20160115	10.08	10.26	9.49	9.57	13056708	129047800.00
20160118	9.40	9.88	9.25	9.63	11096959	107281936.00
20160119	9.65	10.40	9.65	10.29	16964797	171277248.00
20160120	10.15	10.80	10.11	10.42	22790476	239331536.00
20160121	10.17	10.59	10.02	10.04	12869413	132139512.00
20160122	10.15	10.34	9.88	10.23	11681669	118429480.00
20160125	10.31	10.47	10.25	10.35	7653217	79321880.00
20160126	10.00	10.23	9.32	9.32	12948802	126307056.00
20160127	9.32	9.49	8.39	8.77	25532731	221836704.00
20160128	8.67	8.95	8.35	8.44	14032804	121957712.00
20160129	8.50	9.10	8.36	8.81	15662043	136687120.00
20160201	8.80	8.84	8.36	8.49	11910789	102893496.00
20160202	8.47	8.90	8.47	8.84	12102483	106110680.00
20160203	8.75	8.82	8.49	8.80	11391674	98724048.00
20160204	8.87	9.07	8.80	9.01	14998315	134186720.00
20160205	9.00	9.21	8.84	8.86	9564939	86539976.00
20160215	8.57	8.78	8.50	8.74	7500391	64781156.00
20160216	8.70	9.11	8.70	9.07	14668631	131857008.00
20160217	9.04	9.31	9.03	9.23	15670589	143747952.00
20160218	9.32	9.69	9.18	9.38	22467791	211601904.00
20160219	9.34	9.54	9.31	9.50	12384068	116304528.00
20160222	9.65	9.72	9.46	9.66	15509520	148951200.00
20160223	9.61	9.69	9.28	9.43	12126605	115038376.00
20160224	9.42	10.05	9.30	10.01	21582694	208624576.00
20160225	9.93	10.08	9.11	9.12	28043163	272685088.00
20160226	9.30	9.42	8.98	9.31	13619553	125644808.00
20160229	9.32	9.32	8.56	8.93	12440057	110820360.00
20160301	9.01	9.28	8.72	9.20	11045952	99537672.00
20160302	9.21	9.75	9.20	9.72	17947943	171114256.00
20160303	9.70	9.98	9.60	9.79	15349527	149801008.00
20160304	9.69	9.90	9.26	9.43	16227153	155850032.00
20160307	9.49	9.96	9.49	9.71	11816667	114972880.00
20160308	9.51	9.56	9.07	9.53	15267169	142601408.00
20160309	9.22	9.34	8.93	9.00	15042363	136913248.00
20160310	9.01	9.03	8.75	8.76	8732714	77702448.00
20160311	8.65	8.85	8.52	8.78	8139633	70372184.00
20160314	8.87	9.20	8.80	9.10	10497299	95063776.00
20160315	9.14	9.15	8.90	9.02	7513017	67735040.00
20160316	9.09	9.20	8.82	8.89	6372421	57294304.00
20160317	8.96	9.18	8.91	9.10	12490439	113363464.00
20160318	9.15	9.77	9.06	9.65	22966446	215848960.00
20160321	9.75	9.92	9.54	9.86	21670460	211503408.00
20160322	9.85	10.30	9.71	9.97	30116657	301972992.00
20160323	9.82	10.08	9.75	9.99	18380017	181641216.00
20160324	9.90	10.50	9.75	10.17	32783443	334459392.00
20160325	10.12	11.19	10.09	11.19	45386634	490057600.00
20160328	12.00	12.31	11.50	11.78	90006491	1069080640.00
20160329	11.69	11.69	10.98	11.14	47408679	535061696.00
20160330	11.30	11.54	11.11	11.39	35710335	404401536.00
20160331	11.20	11.70	11.06	11.39	37600455	428991776.00
20160401	11.50	11.63	10.98	11.25	24859783	278892192.00
20160405	11.20	11.60	11.07	11.47	23502894	267638432.00
20160406	11.40	11.69	11.30	11.45	25781837	296597952.00
20160407	11.42	11.62	11.05	11.07	21110177	239280464.00
20160408	10.99	11.40	10.71	11.14	23282666	258617920.00
20160411	11.12	11.55	11.12	11.38	20208988	230369568.00
20160412	11.35	11.47	11.05	11.18	11678570	130853896.00
20160413	11.23	11.49	11.21	11.28	15780129	179449872.00
20160414	11.36	12.10	11.36	11.96	40570138	476756448.00
20160415	11.88	12.47	11.76	12.07	30795181	372521216.00
20160418	11.90	11.98	11.60	11.64	17441527	205619504.00
20160419	11.75	11.78	11.38	11.45	16829206	193470384.00
20160420	11.46	11.64	10.36	10.57	20837732	228577408.00
20160421	10.58	10.71	10.16	10.35	18600542	195154976.00
20160422	10.21	10.36	10.15	10.33	14344223	146997440.00
20160425	10.33	10.75	10.02	10.51	12578427	130845776.00
20160426	10.50	10.64	10.21	10.60	10250216	106956728.00
20160427	10.57	10.65	10.42	10.44	7119701	75183152.00
20160428	10.49	10.66	10.24	10.41	8761778	91880120.00
20160429	10.78	11.45	10.78	11.45	22950735	258606144.00
20160503	11.66	11.94	11.27	11.82	40848266	479306432.00
20160504	11.82	12.22	11.58	11.61	30891878	367365856.00
20160505	11.71	11.89	11.59	11.81	21924769	257269888.00
20160506	11.75	11.89	11.20	11.21	26069188	300491104.00
20160509	11.04	11.52	10.70	10.97	29513326	328837312.00
20160510	10.81	11.36	10.80	11.32	26753733	297877664.00
20160511	11.37	12.14	11.24	11.64	50536202	596665856.00
20160512	11.45	11.99	11.07	11.97	31588051	365193664.00
20160513	11.88	12.45	11.53	11.85	57353314	690830976.00
20160516	11.70	12.18	11.30	12.14	36140333	425212544.00
20160517	12.10	12.65	11.95	12.02	47061783	580111808.00
20160518	11.69	11.89	11.40	11.62	24025712	279375968.00
20160519	11.59	11.84	11.40	11.58	19989281	232615408.00
20160520	11.36	11.62	11.35	11.56	15293559	175531952.00
20160523	11.63	12.46	11.53	12.39	35505040	426323456.00
20160524	12.24	12.36	11.93	12.16	25079913	303493472.00
20160525	12.28	12.53	12.06	12.32	30918430	380607328.00
20160526	12.30	12.85	12.01	12.74	39755180	494879936.00
20160527	12.60	12.68	12.36	12.40	29007709	362876768.00
20160530	12.30	12.30	11.95	12.00	22186952	268437344.00
20160531	12.01	12.46	11.94	12.41	33968907	415217184.00
20160601	12.37	12.87	12.27	12.79	38301365	480159456.00
20160602	12.66	12.75	12.46	12.60	26991490	339325472.00
20160603	12.61	13.05	12.52	12.54	40163447	514632960.00
20160606	12.61	12.83	12.45	12.61	26174428	330369984.00
20160607	12.62	12.66	12.24	12.39	23219635	287823648.00
20160608	12.32	12.55	12.30	12.33	20331859	252229872.00
20160613	12.15	12.43	11.42	11.68	23772213	288775328.00
20160614	11.70	11.89	11.52	11.67	15432422	180255808.00
20160615	11.56	12.14	11.50	12.09	20843769	249133712.00
20160616	12.02	12.13	11.63	11.66	25122992	296596160.00
20160617	11.74	11.88	11.60	11.76	14134861	166250688.00
20160620	11.77	11.80	11.50	11.63	15542508	180307888.00
20160621	11.65	11.79	11.33	11.35	14946440	173611104.00
20160622	11.35	11.35	11.06	11.24	23675644	264463056.00
20160623	11.26	11.26	10.98	11.09	16196699	179910944.00
20160624	11.11	11.28	10.87	11.21	23264735	259202464.00
20160627	11.19	11.40	11.11	11.37	15261892	172077824.00
20160628	11.35	11.35	11.12	11.32	18500532	207751776.00
20160629	11.35	11.49	11.29	11.44	17256799	196692512.00
20160630	11.60	11.69	11.40	11.45	12506926	143604704.00
20160701	11.46	11.50	11.19	11.22	11994477	136092432.00
20160704	11.11	11.50	11.11	11.44	13210227	150264992.00
20160705	11.53	11.58	11.43	11.53	16473541	189370880.00
20160706	11.53	11.75	11.42	11.74	21150700	245419280.00
20160707	11.75	11.94	11.60	11.76	20929700	246301216.00
20160708	11.67	11.76	11.52	11.57	14278700	165746784.00
20160711	11.55	11.92	11.54	11.73	22024700	259761616.00
20160712	11.80	12.37	11.73	12.29	49118600	596965696.00
20160713	12.23	12.28	12.07	12.21	25126100	305498432.00
20160714	12.15	12.45	12.13	12.26	22936200	281925056.00
20160715	12.21	12.44	12.10	12.15	15611800	190726416.00
20160718	12.10	12.13	11.78	11.88	21173000	252695744.00
20160719	11.89	11.97	11.68	11.86	14315100	169155616.00
20160720	11.82	12.03	11.82	11.98	15637200	186565920.00
20160721	11.98	12.27	11.90	12.16	20929700	252842000.00
20160722	12.15	12.15	11.84	11.87	16594800	198830736.00
20160725	11.81	11.86	11.58	11.81	16696600	195715792.00
20160726	11.76	12.40	11.75	12.35	30495100	371283008.00
20160727	12.38	12.79	11.78	12.45	62424667	773008512.00
20160728	12.27	13.30	12.10	12.87	63147000	806548608.00
20160729	12.94	13.16	12.55	12.69	43044099	552239296.00
20160801	12.65	12.96	12.08	12.26	36294147	452203296.00
20160802	12.30	12.98	12.11	12.96	50683934	638327424.00
20160803	12.78	13.16	12.73	12.91	50506614	652905856.00
20160804	12.91	13.28	12.72	12.85	45352630	587963456.00
20160805	12.91	13.18	12.75	13.01	38651936	503155744.00
20160808	13.00	13.28	12.95	13.02	33259956	434551072.00
20160809	13.10	13.10	12.72	12.91	30506100	392425472.00
20160810	12.85	12.88	12.60	12.66	24251200	307780192.00
20160811	12.58	12.79	12.46	12.47	19465726	245717952.00
20160812	12.49	12.78	12.43	12.76	20675971	261645216.00
20160815	12.87	13.18	12.71	13.08	35245201	457429344.00
20160816	13.10	13.46	12.98	13.27	46817003	621543168.00
20160817	13.22	13.47	13.14	13.29	37878035	504436416.00
20160818	13.30	13.80	13.22	13.78	50772164	680550912.00
20160819	13.61	14.17	13.58	13.99	56687512	785600256.00
20160822	13.89	13.99	13.33	13.38	34936400	479239648.00
20160823	13.35	13.61	13.29	13.49	23506800	316416832.00
20160824	13.53	13.60	13.18	13.27	24451500	325902080.00
20160825	13.15	13.50	13.09	13.45	26395900	352288928.00
20160826	13.40	13.52	13.15	13.26	21103300	281566912.00
20160829	13.16	13.31	13.09	13.11	18643401	245861824.00
20160830	13.06	13.15	12.58	12.73	36013467	460049472.00
20160831	12.71	12.89	12.61	12.78	19277575	246098336.00
20160901	12.80	12.84	12.64	12.66	13707274	174573120.00
20160902	12.66	12.93	12.65	12.77	13472444	172258544.00
20160905	12.79	12.85	12.65	12.68	10909614	139063024.00
20160906	12.70	12.80	12.43	12.78	17520013	220830208.00
20160907	12.79	12.97	12.75	12.79	17701389	227356032.00
20160908	12.76	12.92	12.74	12.89	11135800	142678160.00
20160909	12.89	13.05	12.86	12.89	17708622	229527856.00
20160912	12.54	12.57	12.15	12.18	20597028	254628928.00
20160913	12.29	12.34	12.02	12.16	11727140	142462976.00
20160914	12.13	12.25	12.06	12.12	7875608	95764384.00
20160919	12.15	12.24	12.12	12.18	9340903	113664424.00
20160920	12.18	13.10	12.06	12.65	27104840	341854528.00
20160921	12.50	12.70	12.45	12.52	12426096	155957424.00
20160922	12.59	12.76	12.52	12.59	13981682	176935520.00
20160923	12.56	12.73	12.56	12.57	9612924	121368856.00
20160926	12.57	12.57	11.90	11.98	14058273	171727008.00
20160927	11.92	12.07	11.80	12.06	9803917	117294640.00
20160928	12.10	12.10	11.85	11.91	8435597	100741096.00
20160929	11.91	12.05	11.91	11.92	7760061	92910448.00
20160930	11.93	11.99	11.88	11.94	7408226	88471944.00
20161010	12.00	12.32	12.00	12.30	11179774	136120928.00
20161011	12.29	12.44	12.22	12.38	9072110	111858776.00
20161012	12.33	12.36	12.21	12.28	7759292	95255760.00
20161013	12.29	12.32	12.12	12.20	10007411	122067088.00
20161014	12.19	12.19	12.00	12.13	10046046	121344424.00
20161017	12.15	12.26	12.01	12.10	9464313	115182032.00
20161018	12.09	12.23	11.96	12.22	16586361	200270304.00
20161019	12.22	12.35	12.20	12.25	13440089	164973936.00
20161020	12.27	12.30	12.21	12.23	7606074	93083640.00
20161021	12.23	12.24	12.05	12.09	8939873	108394480.00
20161024	12.09	12.19	12.07	12.14	12040673	146006128.00
20161025	12.14	12.26	12.10	12.26	10791577	131522704.00
20161026	12.26	12.26	12.10	12.13	8128861	98968880.00
20161027	12.13	12.16	11.95	12.05	9606309	115613248.00
20161028	12.03	12.10	11.93	11.95	7842065	94117176.00
20161031	11.96	11.96	11.75	11.84	10050586	118810200.00
20161101	11.89	11.95	11.80	11.94	8144400	96893376.00
20161102	11.91	12.04	11.80	11.97	11502500	137472640.00
20161103	11.90	12.25	11.86	12.08	16683005	202184880.00
20161104	12.08	12.12	11.80	11.92	11675400	139848096.00
20161107	11.92	11.92	11.77	11.81	8677179	102732120.00
20161108	11.88	11.94	11.85	11.88	7213660	85749400.00
20161109	11.87	11.92	11.50	11.64	13497118	157999792.00
20161110	11.74	11.97	11.74	11.85	16144886	191782784.00
20161111	11.91	11.94	11.77	11.86	14008825	165928976.00
20161114	11.81	11.97	11.80	11.88	11904465	141499728.00
20161115	11.88	12.08	11.86	12.08	18812548	225827264.00
20161116	12.12	12.23	12.02	12.12	16349100	198377824.00
20161117	12.18	12.31	12.11	12.19	17891000	218261120.00
20161118	12.20	12.27	12.01	12.03	13051700	157798288.00
20161121	12.03	12.17	11.99	12.03	10145600	122425680.00
20161122	12.04	12.15	12.04	12.10	11024187	133327096.00
20161123	12.15	12.22	11.96	11.98	12753916	154123568.00
20161124	11.92	11.97	11.74	11.78	17498300	207184656.00
20161125	11.85	11.87	11.59	11.85	12961000	151885696.00
20161128	11.86	11.88	11.73	11.82	12481100	147215760.00
20161129	11.82	11.89	11.73	11.74	12560500	148303376.00
20161130	11.75	11.84	11.66	11.71	10956100	128673152.00
20161201	11.74	11.75	11.66	11.70	10571565	123658720.00
20161202	11.71	11.71	11.48	11.50	11011374	127520616.00
20161205	11.44	11.64	11.37	11.41	7732800	88586024.00
20161206	11.45	11.67	11.45	11.56	11316400	131263776.00
20161207	11.50	11.63	11.50	11.62	6278000	72680320.00
20161208	11.65	11.66	11.47	11.48	7120800	82319520.00
20161209	11.50	11.74	11.50	11.69	13175600	153545248.00
20161212	11.70	11.85	11.08	11.12	20559232	236698896.00
20161213	11.15	11.27	11.03	11.22	9002263	100492536.00
20161214	11.17	11.42	10.95	11.26	14437926	161359376.00
20161215	11.19	11.41	11.13	11.26	9190061	103664192.00
20161216	11.23	11.56	11.23	11.44	13414466	153721856.00
20161219	11.49	11.61	11.40	11.55	10984500	126737880.00
20161220	11.50	11.54	11.25	11.31	9671506	109587760.00
20161221	11.31	11.54	11.31	11.45	8961798	102724336.00
20161222	11.43	11.85	11.38	11.67	18730696	218381488.00
20161223	11.58	11.68	11.31	11.33	11068116	127107856.00
20161226	11.24	11.49	11.21	11.47	6935849	78958072.00
20161227	11.47	11.74	11.46	11.64	13265251	154257488.00
20161228	11.56	11.68	11.41	11.46	8691904	100197744.00
20161229	11.45	11.61	11.36	11.43	6636300	76254080.00
20161230	11.41	11.54	11.40	11.45	4990800	57238088.00
20170103	11.53	11.65	11.48	11.60	7634689	88381088.00
20170104	11.60	11.76	11.53	11.71	12191767	142280256.00
20170105	11.71	11.76	11.62	11.73	12054755	141134416.00
20170106	11.73	12.08	11.64	11.85	27194966	322477792.00
20170109	11.80	12.06	11.76	11.97	19510210	233025872.00
20170110	11.93	12.06	11.76	11.80	14034955	167268576.00
20170111	11.79	11.89	11.61	11.73	12173835	142721264.00
20170112	11.71	11.86	11.67	11.79	10341411	121740536.00
20170113	11.73	11.79	11.12	11.17	22244438	253706928.00
20170116	11.18	11.23	10.10	10.60	15541216	167794160.00
20170117	10.56	10.70	10.31	10.70	7397675	78263168.00
20170118	10.65	10.79	10.58	10.61	5585781	59788484.00
20170119	10.56	10.65	10.46	10.49	7508694	79294200.00
20170120	10.46	10.69	10.46	10.61	5148885	54608664.00
20170123	10.65	10.76	10.61	10.72	5519222	59067964.00
20170124	10.66	10.70	10.56	10.63	5274714	56009440.00
20170125	10.62	10.70	10.54	10.69	4367844	46426380.00
20170126	10.71	10.83	10.68	10.69	5269978	56671704.00
20170203	10.71	10.81	10.61	10.74	4636580	49701504.00
20170206	10.74	10.93	10.74	10.91	7982071	86632496.00
20170207	10.87	10.90	10.80	10.88	5646945	61278260.00
20170208	10.88	10.89	10.75	10.88	5541327	59978968.00
20170209	10.87	10.94	10.85	10.91	6626666	72213744.00
20170210	10.89	10.97	10.86	10.90	8562756	93502736.00
20170213	10.90	11.04	10.79	10.97	10951158	119786472.00
20170214	11.00	11.10	10.90	11.02	10011276	110202536.00
20170215	11.80	12.12	11.55	11.68	63356281	746655808.00
20170216	11.50	11.70	11.31	11.52	33826009	387853248.00
20170217	11.46	11.46	11.15	11.20	21496703	242545616.00
20170220	11.20	11.34	11.18	11.33	12236700	137817408.00
20170221	11.34	11.58	11.27	11.49	17648775	201455088.00
20170222	11.36	11.46	11.32	11.38	12860144	146132208.00
20170223	11.36	11.36	11.22	11.28	8381127	94556792.00
20170224	11.27	11.34	11.25	11.33	6909400	78087840.00
20170227	11.28	11.34	11.12	11.13	7744800	86798592.00
20170228	11.11	11.23	11.11	11.20	5637341	63010772.00
20170301	11.21	11.32	11.13	11.22	8401247	94574320.00
20170302	11.25	11.32	11.12	11.14	7087569	79562728.00
20170303	11.12	11.18	11.06	11.10	6796597	75516336.00
20170306	11.08	11.17	11.06	11.15	7660286	85109136.00
20170307	11.15	11.23	11.11	11.19	10080300	112533176.00
20170308	11.19	11.20	10.94	11.01	11658381	128862192.00
20170309	11.02	11.02	10.79	10.84	10018984	108844328.00
20170310	10.80	10.87	10.74	10.76	5795520	62611096.00
20170313	10.77	10.84	10.62	10.79	6542159	70411296.00
20170314	10.77	10.86	10.71	10.75	6370211	68669344.00
20170315	10.76	10.79	10.69	10.74	5087065	54602912.00
20170316	10.75	10.83	10.75	10.82	6821795	73700912.00
20170317	10.82	10.87	10.68	10.71	7261927	78366704.00
20170320	10.71	10.81	10.70	10.79	5882700	63178784.00
20170321	10.76	10.84	10.73	10.82	6037900	65122444.00
20170322	10.79	10.85	10.72	10.84	6562887	70886992.00
20170323	10.84	10.95	10.73	10.88	8772948	95208952.00
20170324	10.84	10.88	10.70	10.83	7524200	81084992.00
20170327	10.83	10.89	10.80	10.85	6074165	65905240.00
20170328	10.86	10.87	10.76	10.76	4522738	48837412.00
20170329	10.76	10.82	10.62	10.64	6025740	64507244.00
20170330	10.64	10.64	10.26	10.29	11040961	115081864.00
20170331	10.30	10.41	10.28	10.37	5198878	53898196.00
20170405	10.39	10.67	10.38	10.59	6796140	71718968.00
20170406	10.60	10.73	10.56	10.70	7090644	75588832.00
20170407	10.70	10.72	10.63	10.68	4907552	52382192.00
20170410	10.66	10.67	10.58	10.59	5488347	58265328.00
20170411	10.59	10.67	10.50	10.66	6512600	69085696.00
20170412	10.61	10.65	10.51	10.58	6142600	65049600.00
20170413	10.55	10.63	10.51	10.55	4844239	51264548.00
20170414	10.55	10.55	10.27	10.28	8243081	85380136.00
20170417	10.26	10.39	10.23	10.31	5128846	52867732.00
20170418	10.31	10.43	10.26	10.27	5283182	54741228.00
20170419	10.22	10.32	9.85	9.97	10735312	107337040.00
20170420	9.93	10.04	9.86	9.96	6356364	63233240.00
20170421	9.96	9.98	9.63	9.69	10917379	107222032.00
20170424	9.67	9.69	9.40	9.56	8169800	77748848.00
20170425	9.54	9.64	9.47	9.49	5356600	51197716.00
20170426	9.55	9.55	9.45	9.47	5330700	50612208.00
20170427	9.40	9.42	9.07	9.38	9876300	91180848.00
20170428	9.56	10.07	9.56	9.93	18651424	184231024.00
20170502	9.85	9.99	9.81	9.94	11325686	112226552.00
20170503	9.90	9.98	9.81	9.95	8497919	84104520.00
20170504	9.93	9.96	9.76	9.83	7893600	77844656.00
20170505	9.85	9.92	9.65	9.71	6321800	62143528.00
20170508	9.69	9.84	9.59	9.70	6429700	62528172.00
20170509	9.70	9.80	9.67	9.79	5469400	53230460.00
20170510	9.76	9.87	9.29	9.32	8458200	81575168.00
20170511	9.24	9.37	9.02	9.34	10292400	94817064.00
20170512	9.30	9.35	9.17	9.22	6355225	58776664.00
20170515	9.22	9.38	9.19	9.23	4918229	45441340.00
20170516	9.24	9.40	9.06	9.38	9669335	88990944.00
20170517	9.39	9.44	9.30	9.33	8773796	82164192.00
20170518	9.27	9.32	9.17	9.19	5672400	52446340.00
20170519	9.21	9.38	9.18	9.23	5270741	48720900.00
20170522	9.22	9.22	8.91	9.00	9845580	89262856.00
20170523	8.92	8.96	8.53	8.61	12931000	113039168.00
20170524	8.60	8.73	8.52	8.68	9061800	78170320.00
20170525	8.68	8.85	8.59	8.80	8640400	75408720.00
20170526	8.80	8.85	8.77	8.80	6158400	54225436.00
20170531	8.95	8.99	8.76	8.80	7172127	63389684.00
20170601	8.76	8.81	8.55	8.56	7218986	62887764.00
20170602	8.60	8.84	8.52	8.80	8083513	70107944.00
20170605	8.81	8.86	8.78	8.85	7573841	66795292.00
20170606	8.81	8.87	8.79	8.84	6586104	58091284.00
20170607	8.84	9.02	8.81	8.99	10221416	91411264.00
20170608	8.98	9.07	8.94	9.00	7645801	68831448.00
20170609	8.99	9.22	8.94	9.13	14007664	127491296.00
20170612	9.09	9.11	8.90	8.93	8889200	80060392.00
20170613	8.91	9.22	8.90	9.18	11845260	108181384.00
20170614	9.18	9.34	9.11	9.18	9687634	89267376.00
20170615	9.18	9.35	9.15	9.25	8324549	77199952.00
20170616	9.25	9.31	9.18	9.25	6388061	58998604.00
20170619	9.28	9.32	9.23	9.30	6600632	61195408.00
20170620	9.32	9.34	9.17	9.19	7186077	66462284.00
20170621	9.22	9.39	9.16	9.31	8411451	78132192.00
20170622	9.31	9.43	9.18	9.19	12083685	112841520.00
20170623	9.20	9.31	9.06	9.28	9844526	90512096.00
20170626	9.29	9.42	9.21	9.41	10516275	98287840.00
20170627	9.42	9.47	9.36	9.40	7214194	67869224.00
20170628	9.41	9.52	9.36	9.46	9649443	91282664.00
20170629	9.45	9.53	9.40	9.48	8104243	76869704.00
20170630	9.46	9.56	9.43	9.55	6161259	58645840.00
20170703	9.55	9.63	9.51	9.62	7700099	73750120.00
20170704	9.59	9.75	9.58	9.62	8652320	83675880.00
20170705	9.58	9.67	9.50	9.66	7061033	67675824.00
20170706	9.68	9.70	9.48	9.59	6944942	66646520.00
20170707	9.60	9.68	9.51	9.66	7675057	73778888.00
20170710	9.59	9.61	9.46	9.52	10303757	98267416.00
20170711	9.48	9.61	9.48	9.49	7516912	71880976.00
数据来源:通达信
