600005 武钢股份 日线 前复权
      日期	    开盘	    最高	    最低	    收盘	    成交量	    成交额
20111010	3.17	3.19	3.14	3.16	10522429	34670804.00
20111011	3.23	3.23	3.17	3.19	18162311	60256404.00
20111012	3.19	3.29	3.16	3.28	29958208	101050704.00
20111013	3.27	3.43	3.25	3.33	33423210	115386256.00
20111014	3.32	3.32	3.28	3.31	13276934	45522196.00
20111017	3.32	3.34	3.28	3.29	13484981	46410364.00
20111018	3.27	3.28	3.19	3.20	19281818	64957584.00
20111019	3.19	3.27	3.19	3.21	13885633	46540040.00
20111020	3.19	3.22	3.14	3.15	14483158	47776552.00
20111021	3.15	3.19	3.15	3.16	9580413	31601508.00
20111024	3.17	3.23	3.16	3.23	12407559	41294288.00
20111025	3.22	3.29	3.20	3.28	24559435	83126424.00
20111026	3.26	3.33	3.24	3.30	30418156	104187120.00
20111027	3.30	3.34	3.27	3.29	26542641	91161584.00
20111028	3.33	3.36	3.31	3.34	34203548	118745448.00
20111031	3.34	3.35	3.31	3.33	22628808	78186904.00
20111101	3.30	3.36	3.29	3.31	18871314	65175800.00
20111102	3.27	3.35	3.26	3.35	23080499	79175376.00
20111103	3.35	3.41	3.34	3.36	40930628	143627664.00
20111104	3.39	3.44	3.37	3.39	31429492	110862520.00
20111107	3.39	3.45	3.38	3.40	29892889	106011872.00
20111108	3.43	3.44	3.37	3.38	24425139	85947496.00
20111109	3.39	3.40	3.32	3.37	21058517	73324248.00
20111110	3.34	3.42	3.32	3.33	40164595	140134784.00
20111111	3.34	3.36	3.28	3.30	20181049	69440336.00
20111114	3.32	3.34	3.30	3.34	19619665	67797528.00
20111115	3.34	3.34	3.31	3.32	15536631	53588696.00
20111116	3.32	3.33	3.23	3.24	23022701	78175616.00
20111117	3.23	3.25	3.22	3.23	12258094	41242072.00
20111118	3.21	3.22	3.15	3.17	20248659	67048812.00
20111121	3.18	3.22	3.16	3.20	10419238	34521708.00
20111122	3.18	3.20	3.16	3.18	14283308	47171628.00
20111123	3.19	3.19	3.12	3.13	14878272	48700932.00
20111124	3.12	3.17	3.10	3.14	14642959	47687112.00
20111125	3.14	3.14	3.10	3.11	9722114	31591496.00
20111128	3.12	3.14	3.10	3.11	9572761	31072790.00
20111129	3.12	3.15	3.11	3.14	7647218	24906992.00
20111130	3.12	3.14	2.99	3.00	22505836	71425120.00
20111201	3.07	3.11	3.02	3.06	21878888	69979216.00
20111202	3.04	3.05	3.01	3.03	10167537	32096884.00
20111205	3.02	3.04	2.99	3.00	12213546	38274976.00
20111206	2.99	3.03	2.99	3.02	9908976	31139216.00
20111207	3.02	3.03	2.99	3.02	7508154	23600720.00
20111208	3.02	3.05	3.00	3.04	14574267	46069940.00
20111209	3.02	3.06	2.97	3.01	10327234	32476384.00
20111212	3.01	3.01	2.97	2.98	8457515	26372324.00
20111213	2.98	2.98	2.91	2.91	15276868	46893308.00
20111214	2.91	2.91	2.87	2.88	10847025	32744188.00
20111215	2.87	2.88	2.78	2.81	17104795	50563600.00
20111216	2.80	2.86	2.80	2.86	14680113	43324492.00
20111219	2.84	2.85	2.74	2.82	16983482	49583164.00
20111220	2.82	2.84	2.78	2.79	11152352	32728876.00
20111221	2.82	2.83	2.75	2.75	10511126	30669456.00
20111222	2.75	2.76	2.69	2.74	16617275	47400344.00
20111223	2.74	2.80	2.68	2.75	13024174	37591136.00
20111226	2.75	2.83	2.72	2.80	20170544	58995832.00
20111227	2.80	2.80	2.74	2.76	10666757	30934278.00
20111228	2.75	2.77	2.72	2.76	9106422	26184158.00
20111229	2.75	2.78	2.74	2.75	8946409	25868616.00
20111230	2.76	2.78	2.74	2.76	11017521	31876706.00
20120104	2.77	2.79	2.72	2.72	10957752	31670008.00
20120105	2.72	2.75	2.70	2.70	15046543	42941320.00
20120106	2.70	2.75	2.70	2.75	14088009	40205548.00
20120109	2.75	2.81	2.72	2.81	20533440	59571092.00
20120110	2.81	2.93	2.79	2.92	36149549	108256248.00
20120111	2.92	2.96	2.89	2.92	26130903	79854288.00
20120112	2.91	2.94	2.88	2.90	15295513	46393744.00
20120113	2.90	2.91	2.82	2.85	14792712	44223992.00
20120116	2.82	2.85	2.81	2.83	9646915	28590172.00
20120117	2.83	2.98	2.82	2.97	27160779	82746544.00
20120118	3.00	3.01	2.92	2.92	21786066	67442448.00
20120119	2.94	3.00	2.92	2.95	17556321	54318280.00
20120120	2.97	2.99	2.95	2.98	14512542	44969904.00
20120130	2.98	2.99	2.92	2.92	13654333	42023764.00
20120131	2.92	2.93	2.85	2.88	15661069	47200172.00
20120201	2.88	2.91	2.85	2.86	10126991	30406156.00
20120202	2.87	2.92	2.86	2.92	10577093	31922828.00
20120203	2.91	2.94	2.88	2.93	15964605	48597228.00
20120206	2.94	2.94	2.89	2.91	12642135	38466364.00
20120207	2.90	2.91	2.86	2.88	12356178	37194268.00
20120208	2.88	2.95	2.86	2.93	14631034	44490080.00
20120209	2.93	2.95	2.92	2.92	20964080	64150008.00
20120210	2.92	3.00	2.91	2.96	37708479	116733800.00
20120213	2.93	2.98	2.91	2.96	25857737	79435736.00
20120214	2.95	2.96	2.92	2.92	11105589	34009976.00
20120215	2.92	2.98	2.91	2.97	20852721	64428828.00
20120216	2.96	2.98	2.93	2.95	19265845	59471968.00
20120217	2.96	2.98	2.94	2.95	10895487	33624976.00
20120220	2.98	2.99	2.95	2.95	16420242	50843320.00
20120221	2.96	2.97	2.92	2.96	12186931	37448660.00
20120222	2.95	3.00	2.93	3.00	35797821	111183200.00
20120223	2.99	3.07	2.98	3.02	43648696	137775504.00
20120224	3.03	3.06	2.99	3.06	39575525	125122064.00
20120227	3.07	3.12	3.07	3.09	63408078	204698496.00
20120228	3.09	3.14	3.06	3.12	49373810	159171424.00
20120229	3.10	3.13	3.04	3.06	31717739	102313672.00
20120301	3.03	3.07	3.03	3.06	15626534	49811848.00
20120302	3.06	3.10	3.05	3.10	17398524	55933224.00
20120305	3.11	3.12	3.06	3.07	22059994	70868712.00
20120306	3.05	3.07	3.01	3.02	20500443	64904788.00
20120307	3.01	3.05	2.99	3.01	18060889	56744744.00
20120308	3.01	3.04	3.01	3.02	16255637	51259952.00
20120309	3.02	3.04	3.01	3.04	13066292	41231568.00
20120312	3.05	3.05	2.99	3.00	22060084	69241696.00
20120313	3.00	3.04	2.99	3.03	17529921	55150072.00
20120314	3.04	3.10	2.92	2.95	65687497	207345568.00
20120315	2.95	2.97	2.89	2.89	31549190	96090400.00
20120316	2.90	2.92	2.87	2.91	22138164	66994532.00
20120319	2.91	2.91	2.87	2.90	20850938	62923284.00
20120320	2.89	2.93	2.87	2.89	28367003	85916360.00
20120321	2.90	2.91	2.87	2.89	21932225	66165024.00
20120322	2.89	2.90	2.87	2.88	15508977	46680572.00
20120323	2.87	2.88	2.84	2.85	16440949	49197472.00
20120326	2.86	2.87	2.83	2.84	10596665	31586104.00
20120327	2.85	2.86	2.83	2.85	11894228	35400640.00
20120328	2.84	2.85	2.72	2.73	25949458	75414232.00
20120329	2.71	2.75	2.70	2.71	19205112	54716376.00
20120330	2.73	2.73	2.70	2.73	11126981	31672222.00
20120405	2.72	2.77	2.71	2.76	20603351	59061760.00
20120406	2.75	2.77	2.74	2.77	15076822	43489888.00
20120409	2.76	2.78	2.73	2.74	13847870	39918712.00
20120410	2.74	2.77	2.71	2.76	14075865	40307216.00
20120411	2.74	2.77	2.73	2.75	18107073	51954444.00
20120412	2.74	2.79	2.74	2.78	19709086	57014744.00
20120413	2.77	2.80	2.77	2.79	17813450	51960800.00
20120416	2.78	2.80	2.76	2.79	16636093	48376548.00
20120417	2.79	2.86	2.77	2.81	31243925	91992976.00
20120418	2.81	2.84	2.77	2.84	31121866	91398880.00
20120419	2.83	2.84	2.81	2.82	15048137	44427764.00
20120420	2.82	2.85	2.80	2.84	18111598	53663696.00
20120423	2.84	2.84	2.81	2.81	16869813	49796924.00
20120424	2.79	2.83	2.75	2.79	26387068	76912824.00
20120425	2.78	2.82	2.76	2.81	24961305	72933872.00
20120426	2.81	2.81	2.77	2.78	19307801	56342000.00
20120427	2.79	2.82	2.77	2.80	17423587	50969484.00
20120502	2.82	2.85	2.81	2.83	27281526	80793240.00
20120503	2.84	2.85	2.82	2.83	14433012	42774536.00
20120504	2.83	2.85	2.82	2.85	21880838	65009372.00
20120507	2.84	2.84	2.81	2.82	17490001	51583196.00
20120508	2.82	2.83	2.79	2.82	25514144	74858872.00
20120509	2.80	2.81	2.74	2.75	27876488	80610080.00
20120510	2.75	2.79	2.74	2.77	18449955	53414828.00
20120511	2.76	2.77	2.73	2.74	14104837	40618204.00
20120514	2.76	2.76	2.71	2.72	20227725	57938340.00
20120515	2.71	2.72	2.68	2.70	22017364	62204420.00
20120516	2.69	2.70	2.68	2.68	13499776	38032248.00
20120517	2.69	2.72	2.67	2.71	12933104	36574100.00
20120521	2.71	2.71	2.68	2.70	17387405	49130040.00
20120522	2.71	2.72	2.69	2.72	14968281	42396988.00
20120523	2.71	2.72	2.69	2.70	13370250	37905584.00
20120524	2.70	2.72	2.69	2.71	10513093	29791652.00
20120525	2.71	2.77	2.70	2.73	29371269	83956312.00
20120528	2.74	2.80	2.74	2.79	43158475	125490408.00
20120529	2.80	2.82	2.77	2.81	33570512	97971360.00
20120530	2.80	2.80	2.77	2.77	14058204	40895160.00
20120531	2.76	2.77	2.74	2.75	12755202	36774584.00
20120601	2.75	2.77	2.72	2.73	10257533	29502972.00
20120604	2.70	2.70	2.67	2.67	17567914	49481792.00
20120605	2.68	2.72	2.67	2.68	10988637	31001332.00
20120606	2.69	2.71	2.68	2.68	7596786	21404348.00
20120607	2.69	2.71	2.65	2.66	13311766	37332760.00
20120608	2.67	2.69	2.65	2.67	10186446	28456432.00
20120611	2.67	2.71	2.66	2.69	10263205	28898300.00
20120612	2.68	2.69	2.66	2.67	8308123	23268872.00
20120613	2.67	2.69	2.65	2.68	9744333	27316640.00
20120614	2.68	2.69	2.67	2.67	8509085	23895018.00
20120618	2.69	2.70	2.68	2.69	11251690	31739080.00
20120619	2.69	2.70	2.68	2.69	6063828	17064784.00
20120620	2.70	2.70	2.67	2.68	10945300	30843008.00
20120621	2.68	2.69	2.63	2.65	12322409	34368808.00
20120625	2.69	2.70	2.64	2.65	11695763	32145200.00
20120626	2.64	2.64	2.60	2.63	9700895	26196180.00
20120627	2.62	2.64	2.59	2.59	8048615	21666264.00
20120628	2.59	2.61	2.59	2.60	8401938	22498348.00
20120629	2.61	2.62	2.58	2.61	12553049	33617236.00
20120702	2.62	2.63	2.57	2.58	15790358	42080964.00
20120703	2.59	2.60	2.56	2.57	14190264	37743412.00
20120704	2.58	2.59	2.56	2.58	7719859	20471072.00
20120705	2.57	2.57	2.54	2.55	11269780	29680284.00
20120706	2.56	2.58	2.53	2.57	11281427	29714658.00
20120709	2.56	2.56	2.52	2.52	10040275	26314792.00
20120710	2.52	2.54	2.51	2.53	9218826	24010486.00
20120711	2.52	2.55	2.52	2.53	9207024	24080248.00
20120712	2.53	2.54	2.51	2.53	16303904	42487364.00
20120713	2.54	2.54	2.52	2.53	6527225	17032888.00
20120716	2.53	2.54	2.47	2.51	16924182	43791440.00
20120717	2.50	2.51	2.49	2.50	7114624	18386276.00
20120718	2.51	2.54	2.50	2.53	9336151	24278992.00
20120719	2.54	2.55	2.52	2.52	8718540	22772148.00
20120720	2.52	2.54	2.51	2.53	9420883	24541184.00
20120723	2.52	2.52	2.48	2.49	8416815	21685416.00
20120724	2.49	2.53	2.49	2.51	7821878	20293554.00
20120725	2.51	2.52	2.49	2.49	5983991	15461499.00
20120726	2.49	2.55	2.49	2.53	12026244	31350544.00
20120727	2.52	2.54	2.52	2.52	7770566	20290434.00
20120730	2.52	2.54	2.51	2.53	8761718	22808088.00
20120731	2.52	2.53	2.51	2.51	9932344	25827410.00
20120801	2.51	2.54	2.51	2.52	6992786	18230720.00
20120802	2.53	2.61	2.52	2.54	11648508	30748988.00
20120803	2.54	2.56	2.52	2.56	7054102	18450984.00
20120806	2.55	2.58	2.53	2.56	11710496	30880264.00
20120807	2.56	2.58	2.54	2.56	13842779	36540968.00
20120808	2.56	2.57	2.54	2.55	7674236	20184964.00
20120809	2.54	2.56	2.54	2.56	7634352	20058280.00
20120810	2.56	2.56	2.54	2.55	7040120	18499642.00
20120813	2.55	2.55	2.52	2.53	8847717	23148106.00
20120814	2.54	2.54	2.52	2.53	8609178	22467040.00
20120815	2.52	2.54	2.49	2.50	10438112	27059400.00
20120816	2.50	2.52	2.50	2.51	4685458	12111329.00
20120817	2.50	2.52	2.50	2.51	6024307	15600486.00
20120820	2.50	2.52	2.49	2.50	5391215	13914631.00
20120821	2.51	2.53	2.49	2.52	10685141	27677196.00
20120822	2.52	2.52	2.50	2.50	7702150	19915918.00
20120823	2.50	2.52	2.49	2.50	5812241	14997921.00
20120824	2.50	2.51	2.46	2.46	7821884	20021454.00
20120827	2.46	2.47	2.41	2.41	11881740	29877932.00
20120828	2.47	2.52	2.47	2.47	17631240	45263016.00
20120829	2.45	2.47	2.43	2.43	10277203	25897340.00
20120830	2.43	2.46	2.42	2.43	8519184	21461448.00
20120831	2.43	2.44	2.42	2.44	5801588	14571436.00
20120903	2.43	2.44	2.40	2.42	11129728	27807460.00
20120904	2.41	2.42	2.35	2.36	10309557	25424506.00
20120905	2.36	2.36	2.30	2.32	12208196	29336208.00
20120906	2.32	2.34	2.31	2.34	6644836	15957907.00
20120907	2.35	2.47	2.34	2.44	30426565	76003600.00
20120910	2.44	2.45	2.42	2.43	12893443	32406532.00
20120911	2.42	2.43	2.39	2.42	10427519	25991998.00
20120912	2.43	2.44	2.40	2.43	7686111	19209802.00
20120913	2.42	2.45	2.40	2.42	11849719	29678368.00
20120914	2.42	2.44	2.41	2.42	11380814	28502624.00
20120917	2.42	2.43	2.37	2.38	9743390	24174196.00
20120918	2.37	2.37	2.28	2.32	10295903	24906512.00
20120919	2.32	2.33	2.31	2.33	6888293	16537617.00
20120920	2.32	2.33	2.30	2.31	12481613	29917732.00
20120921	2.30	2.34	2.29	2.31	10326052	24715516.00
20120924	2.32	2.32	2.29	2.30	8207057	19552222.00
20120925	2.31	2.31	2.29	2.30	7373427	17529606.00
20120926	2.30	2.30	2.27	2.27	5922493	14005362.00
20120927	2.27	2.35	2.27	2.32	11298321	27033008.00
20120928	2.31	2.35	2.30	2.34	11906156	28604992.00
20121008	2.36	2.36	2.31	2.32	9365500	22587876.00
20121009	2.33	2.38	2.32	2.38	16854488	41191512.00
20121010	2.37	2.47	2.36	2.44	28095691	70637312.00
20121011	2.43	2.43	2.39	2.40	13509473	33580984.00
20121012	2.41	2.43	2.39	2.41	8371293	20822060.00
20121015	2.41	2.41	2.36	2.37	6122106	15025302.00
20121016	2.38	2.39	2.36	2.37	7200318	17665612.00
20121017	2.37	2.39	2.36	2.37	6574749	16138049.00
20121018	2.37	2.42	2.37	2.40	15794885	39201468.00
20121019	2.40	2.42	2.38	2.39	8932656	22206732.00
20121022	2.39	2.40	2.36	2.39	6563586	16156329.00
20121023	2.39	2.40	2.38	2.38	7973668	19710584.00
20121024	2.38	2.43	2.38	2.42	14084372	35080804.00
20121025	2.42	2.55	2.41	2.47	52497627	134883168.00
20121026	2.45	2.46	2.36	2.37	25896960	64160552.00
20121029	2.38	2.38	2.34	2.35	10572205	25781452.00
20121127	2.43	2.59	2.39	2.48	75849432	195076704.00
20121128	2.42	2.45	2.34	2.38	33055727	81487600.00
20121129	2.38	2.52	2.38	2.48	46733554	118661944.00
20121130	2.57	2.63	2.54	2.57	60802684	161705664.00
20121203	2.57	2.65	2.53	2.61	48414337	128958352.00
20121204	2.57	2.65	2.57	2.63	38224577	103124680.00
20121205	2.63	2.66	2.58	2.65	49457892	133898416.00
20121206	2.62	2.68	2.61	2.65	38626302	105312136.00
20121207	2.66	2.66	2.60	2.64	37610915	101714064.00
20121210	2.62	2.65	2.59	2.63	31990451	86348648.00
20121211	2.62	2.63	2.59	2.59	20780037	55823256.00
20121212	2.60	2.62	2.58	2.59	15900370	42530876.00
20121213	2.59	2.60	2.57	2.58	13404912	35730228.00
20121214	2.58	2.66	2.57	2.66	44989726	122428376.00
20121217	2.66	2.71	2.64	2.67	36626020	101160136.00
20121218	2.68	2.68	2.64	2.66	25043048	68557664.00
20121219	2.66	2.68	2.64	2.65	16060142	43906732.00
20121220	2.64	2.65	2.61	2.63	18943176	51285392.00
20121221	2.63	2.64	2.59	2.60	21685935	58497688.00
20121224	2.60	2.62	2.60	2.61	8371517	22516212.00
20121225	2.61	2.66	2.58	2.65	26580070	72156016.00
20121226	2.64	2.67	2.63	2.65	18054806	49181796.00
20121227	2.64	2.73	2.63	2.69	54406651	150732112.00
20121228	2.69	2.69	2.65	2.67	24649971	67783528.00
20121231	2.67	2.71	2.65	2.69	40822484	112959328.00
20130104	2.75	2.80	2.73	2.75	55054634	156777440.00
20130107	2.74	2.76	2.71	2.73	23936842	67194224.00
20130108	2.73	2.74	2.69	2.72	17108571	47807600.00
20130109	2.71	2.73	2.70	2.73	15937385	44557184.00
20130110	2.73	2.77	2.72	2.74	22361013	63185468.00
20130111	2.75	2.76	2.68	2.69	26520358	74085240.00
20130114	2.69	2.77	2.67	2.75	28370723	79576976.00
20130115	2.75	3.02	2.75	2.83	43868135	128907832.00
20130116	2.83	2.87	2.77	2.82	20957776	60759988.00
20130117	2.82	2.87	2.79	2.82	22195100	64715304.00
20130118	2.83	2.87	2.82	2.86	19543469	57114936.00
20130121	2.86	2.88	2.83	2.84	19299844	56488292.00
20130122	2.84	2.90	2.82	2.82	23501029	68563000.00
20130123	2.84	2.87	2.81	2.84	16780134	48963840.00
20130124	2.84	2.86	2.78	2.80	20648225	60086540.00
20130125	2.80	2.95	2.79	2.90	41519264	122820664.00
20130128	2.90	2.95	2.88	2.93	27507417	82266728.00
20130129	2.93	2.94	2.89	2.90	16768663	50044752.00
20130130	2.93	2.93	2.88	2.91	16174092	48232204.00
20130131	2.92	2.92	2.86	2.91	18148108	53911264.00
20130201	2.90	2.90	2.87	2.89	12307169	36545956.00
20130204	2.89	2.92	2.88	2.92	19596637	58408564.00
20130205	2.91	2.94	2.90	2.93	19715236	59244808.00
20130206	2.93	2.93	2.90	2.90	13493557	40339316.00
20130207	2.90	2.91	2.88	2.89	14939292	44436852.00
20130208	2.89	2.92	2.88	2.90	15397052	45989828.00
20130218	2.91	2.92	2.86	2.87	16693490	49433628.00
20130219	2.88	2.89	2.82	2.84	15239594	44768396.00
20130220	2.84	2.85	2.83	2.85	12415752	36295288.00
20130221	2.83	2.84	2.73	2.74	22013705	62714676.00
20130222	2.75	2.75	2.70	2.71	14586576	40838732.00
20130225	2.70	2.73	2.70	2.71	10204963	28521356.00
20130226	2.71	2.72	2.62	2.64	17764683	48930528.00
20130227	2.64	2.82	2.63	2.80	22257066	62043532.00
20130228	2.77	2.81	2.73	2.79	21166649	60333920.00
20130301	2.79	2.87	2.73	2.86	26100434	75053232.00
20130304	2.86	2.86	2.75	2.79	24484852	70512944.00
20130305	2.89	3.01	2.83	2.86	40160272	119484424.00
20130306	2.86	2.87	2.82	2.84	16782732	48887304.00
20130307	2.90	2.90	2.80	2.82	16978898	49463028.00
20130308	2.81	2.83	2.79	2.80	8003651	23132864.00
20130311	2.79	2.79	2.75	2.76	9633636	27433308.00
20130312	2.76	2.79	2.72	2.74	10805454	30544004.00
20130313	2.73	2.75	2.69	2.70	9389153	26210012.00
20130314	2.67	2.70	2.66	2.70	7328322	20278500.00
20130315	2.71	2.74	2.67	2.69	10770172	29945370.00
20130318	2.68	2.71	2.67	2.67	6583144	18189328.00
20130319	2.69	2.69	2.67	2.69	9109722	25147156.00
20130320	2.69	2.73	2.65	2.71	11697592	32505952.00
20130321	2.72	2.76	2.71	2.74	11208353	31600374.00
20130322	2.74	2.75	2.70	2.72	8742938	24463936.00
20130325	2.78	2.82	2.77	2.81	26001071	74716296.00
20130326	2.80	2.80	2.73	2.75	11531139	32723416.00
20130327	2.74	2.77	2.72	2.72	8062544	22751456.00
20130328	2.72	2.72	2.65	2.66	15731606	43429392.00
20130329	2.68	2.69	2.66	2.68	6624504	18244296.00
20130401	2.65	2.68	2.65	2.66	7688466	21079200.00
20130402	2.67	2.69	2.65	2.68	7110683	19545164.00
20130403	2.69	2.70	2.67	2.67	5842960	16134222.00
20130408	2.64	2.64	2.62	2.64	11110223	30105742.00
20130409	2.64	2.67	2.62	2.64	9177229	25021604.00
20130410	2.63	2.66	2.62	2.65	7658146	20806540.00
20130411	2.66	2.66	2.60	2.60	9279944	25119552.00
20130412	2.61	2.62	2.56	2.58	9120074	24333056.00
20130415	2.59	2.64	2.56	2.56	7931622	21148740.00
20130416	2.57	2.58	2.49	2.55	13215040	34475092.00
20130417	2.55	2.55	2.51	2.54	7312971	19055824.00
20130418	2.53	2.55	2.51	2.51	6744363	17551092.00
20130419	2.52	2.57	2.51	2.56	13815823	36257952.00
20130422	2.57	2.59	2.55	2.56	15018021	39762168.00
20130423	2.56	2.56	2.48	2.49	12573230	32542360.00
20130424	2.50	2.53	2.48	2.51	11978828	30967820.00
20130425	2.51	2.53	2.47	2.51	10783281	27870920.00
20130426	2.52	2.53	2.47	2.50	11046234	28376680.00
20130502	2.48	2.49	2.43	2.45	12310835	31311130.00
20130503	2.45	2.51	2.45	2.50	16830266	43237876.00
20130506	2.51	2.52	2.49	2.50	10183575	26393338.00
20130507	2.49	2.51	2.48	2.49	11368926	29202838.00
20130508	2.50	2.51	2.49	2.50	9634567	24858662.00
20130509	2.50	2.50	2.47	2.48	12452588	31970278.00
20130510	2.48	2.50	2.46	2.49	9198053	23500390.00
20130513	2.49	2.50	2.47	2.47	7887251	20205768.00
20130514	2.47	2.48	2.44	2.45	9420755	23906352.00
20130515	2.45	2.47	2.42	2.44	12061780	30408820.00
20130516	2.43	2.46	2.41	2.45	10130461	25538548.00
20130517	2.45	2.52	2.45	2.50	19245227	49278080.00
20130520	2.50	2.52	2.49	2.51	11994100	31036784.00
20130521	2.50	2.51	2.49	2.51	9362561	24174316.00
20130522	2.51	2.55	2.50	2.54	19138157	49944752.00
20130523	2.54	2.60	2.52	2.57	35459710	94220424.00
20130524	2.57	2.59	2.54	2.58	14330283	37969820.00
20130527	2.57	2.59	2.55	2.57	13596261	36067304.00
20130528	2.56	2.59	2.56	2.59	14080860	37347832.00
20130529	2.59	2.61	2.58	2.60	12850896	34412204.00
20130530	2.59	2.60	2.56	2.58	9080880	24108004.00
20130531	2.58	2.61	2.56	2.57	10259869	27319496.00
20130603	2.57	2.58	2.56	2.57	8899684	23553604.00
20130604	2.56	2.57	2.50	2.51	9935055	25919044.00
20130605	2.51	2.52	2.50	2.50	5764229	14922988.00
20130606	2.50	2.50	2.48	2.48	6901675	17748196.00
20130607	2.48	2.52	2.44	2.46	13450251	34457128.00
20130613	2.45	2.45	2.35	2.37	17262590	42417468.00
20130614	2.37	2.39	2.35	2.36	11746347	28708024.00
20130617	2.36	2.36	2.31	2.32	16115662	38835140.00
20130618	2.33	2.34	2.29	2.32	13295713	31723292.00
20130619	2.32	2.38	2.29	2.36	20010198	48329388.00
20130620	2.35	2.36	2.30	2.31	11426798	27465838.00
20130621	2.30	2.34	2.28	2.33	11978013	28616208.00
20130624	2.33	2.41	2.28	2.31	33750812	81646296.00
20130625	2.28	2.29	2.08	2.24	30268408	68655720.00
20130626	2.24	2.24	2.15	2.18	20001557	45062772.00
20130627	2.17	2.21	2.15	2.15	25236635	56883112.00
20130628	2.16	2.19	2.15	2.17	16264199	36419392.00
20130701	2.16	2.17	2.13	2.16	11783108	26137048.00
20130702	2.16	2.18	2.12	2.15	24015337	53199568.00
20130703	2.18	2.33	2.17	2.21	35163467	80357240.00
20130704	2.19	2.27	2.17	2.22	27106727	61846788.00
20130705	2.22	2.25	2.18	2.21	23170966	52784336.00
20130708	2.18	2.18	2.12	2.12	15816774	34990684.00
20130709	2.12	2.15	2.10	2.13	8631044	18965696.00
20130710	2.13	2.19	2.12	2.19	13500307	30141834.00
20130711	2.19	2.29	2.19	2.28	31149161	72250080.00
20130712	2.28	2.28	2.23	2.24	18313636	42578272.00
20130715	2.24	2.28	2.23	2.24	19489260	45155616.00
20130716	2.23	2.26	2.22	2.26	13074917	30214380.00
20130717	2.25	2.29	2.24	2.27	16351207	38255148.00
20130718	2.27	2.27	2.23	2.25	10968407	25437840.00
20130719	2.25	2.27	2.21	2.22	12795987	29629888.00
20130722	2.21	2.24	2.18	2.23	12303587	28128768.00
20130723	2.23	2.27	2.21	2.26	12204488	28290802.00
20130724	2.24	2.25	2.22	2.23	9649463	22221440.00
20130725	2.23	2.27	2.22	2.24	18007430	41780432.00
20130726	2.23	2.24	2.20	2.21	8627596	19740590.00
20130729	2.22	2.22	2.15	2.16	9593285	21504088.00
20130730	2.15	2.21	2.15	2.19	9571274	21594844.00
20130731	2.18	2.21	2.16	2.17	7213783	16254739.00
20130801	2.18	2.22	2.18	2.21	9794025	22254704.00
20130802	2.22	2.23	2.21	2.21	8604789	19689956.00
20130805	2.22	2.24	2.20	2.24	10715845	24607736.00
20130806	2.24	2.25	2.21	2.24	9611263	22133960.00
20130807	2.23	2.25	2.22	2.22	11082134	25544716.00
20130808	2.23	2.24	2.22	2.23	8386622	19261180.00
20130809	2.23	2.24	2.21	2.22	11035114	25323524.00
20130812	2.24	2.28	2.22	2.27	20538119	47704068.00
20130813	2.28	2.33	2.26	2.30	24323886	57618628.00
20130814	2.31	2.31	2.26	2.28	18510674	43675968.00
20130815	2.28	2.30	2.24	2.25	15622234	36638640.00
20130816	2.26	2.32	2.23	2.26	25962699	60721800.00
20130819	2.25	2.28	2.23	2.26	13681450	31761112.00
20130820	2.25	2.27	2.23	2.25	10692163	24809148.00
20130821	2.25	2.26	2.23	2.24	7366426	17048156.00
20130822	2.24	2.25	2.21	2.22	11518598	26437724.00
20130823	2.23	2.23	2.18	2.22	12728872	29035884.00
20130826	2.22	2.26	2.20	2.26	11957689	27566540.00
20130827	2.26	2.27	2.24	2.26	13010649	30211466.00
20130828	2.25	2.31	2.23	2.28	22818279	53360796.00
20130829	2.29	2.29	2.25	2.27	12362818	28889772.00
20130830	2.26	2.30	2.25	2.28	24530484	57668280.00
20130902	2.28	2.31	2.27	2.29	17264104	40677072.00
20130903	2.29	2.31	2.28	2.31	24976593	59095040.00
20130904	2.31	2.47	2.30	2.39	65175378	158851744.00
20130905	2.35	2.36	2.30	2.32	30956370	74178440.00
20130906	2.31	2.35	2.29	2.33	20558873	49167492.00
20130909	2.33	2.38	2.33	2.36	27946872	67831760.00
20130910	2.37	2.44	2.36	2.42	37911356	93755032.00
20130911	2.42	2.61	2.42	2.51	75478669	195464528.00
20130912	2.50	2.50	2.46	2.48	32787882	83536008.00
20130913	2.49	2.50	2.42	2.43	24867543	62622508.00
20130916	2.43	2.45	2.38	2.39	21390060	53221332.00
20130917	2.38	2.40	2.36	2.37	15184844	37129176.00
20130918	2.36	2.38	2.35	2.38	11192269	27230628.00
20130923	2.38	2.41	2.37	2.40	10966206	27004176.00
20130924	2.39	2.40	2.30	2.35	21294299	51470856.00
20130925	2.34	2.35	2.32	2.33	12062034	28992404.00
20130926	2.36	2.42	2.30	2.32	20052051	48665620.00
20130927	2.31	2.33	2.30	2.33	9990201	23856768.00
20130930	2.34	2.35	2.32	2.33	6742871	16169592.00
20131008	2.33	2.35	2.31	2.34	9911690	23792044.00
20131009	2.33	2.35	2.32	2.34	10357825	24879462.00
20131010	2.34	2.34	2.31	2.32	12592354	30091734.00
20131011	2.33	2.37	2.32	2.36	19613860	47511896.00
20131014	2.36	2.39	2.34	2.38	17460922	42581888.00
20131015	2.37	2.38	2.35	2.36	10675625	25984604.00
20131016	2.36	2.37	2.32	2.32	15423833	37167380.00
20131017	2.33	2.36	2.32	2.33	13286820	31943908.00
20131018	2.33	2.34	2.31	2.32	10890709	26080468.00
20131021	2.31	2.35	2.30	2.35	15582107	37253248.00
20131022	2.34	2.34	2.31	2.32	11101997	26561940.00
20131023	2.33	2.34	2.30	2.30	12615943	30097264.00
20131024	2.29	2.30	2.27	2.28	11222513	26419578.00
20131025	2.29	2.30	2.24	2.25	11818360	27659612.00
20131028	2.25	2.26	2.23	2.25	7330079	16950016.00
20131029	2.23	2.26	2.19	2.22	19464943	44733784.00
20131030	2.21	2.26	2.20	2.25	15895533	36597796.00
20131031	2.24	2.25	2.22	2.24	9519106	21937508.00
20131101	2.25	2.26	2.24	2.26	7049896	16363154.00
20131104	2.26	2.32	2.26	2.29	15303804	36120984.00
20131105	2.28	2.29	2.26	2.29	8846679	20745852.00
20131106	2.28	2.31	2.26	2.28	15367806	36157176.00
20131107	2.28	2.29	2.25	2.26	7676977	17924648.00
20131108	2.25	2.27	2.22	2.24	8643227	20015380.00
20131111	2.23	2.25	2.22	2.23	7341163	16920764.00
20131112	2.23	2.25	2.23	2.24	6455777	14895065.00
20131113	2.23	2.24	2.20	2.21	8664292	19800624.00
20131114	2.21	2.22	2.19	2.21	6752253	15366290.00
20131115	2.21	2.25	2.20	2.23	12580332	28958788.00
20131118	2.24	2.29	2.22	2.28	19011653	44165476.00
20131119	2.28	2.28	2.25	2.27	10233356	23872760.00
20131120	2.26	2.28	2.25	2.28	11948218	27872132.00
20131121	2.27	2.28	2.25	2.27	13834034	32285620.00
20131122	2.28	2.28	2.24	2.27	12460933	29047244.00
20131125	2.26	2.28	2.25	2.26	8389590	19598028.00
20131126	2.26	2.27	2.24	2.25	10853191	25276176.00
20131127	2.25	2.27	2.24	2.27	18044283	41995952.00
20131128	2.27	2.35	2.26	2.31	47279542	112620456.00
20131129	2.30	2.31	2.28	2.30	11291888	26687984.00
20131202	2.27	2.31	2.24	2.26	24828952	58157928.00
20131203	2.25	2.31	2.25	2.29	26956880	63595056.00
20131204	2.29	2.34	2.28	2.33	32869964	78599776.00
20131205	2.33	2.35	2.31	2.33	15157157	36338376.00
20131206	2.32	2.35	2.31	2.33	24861643	59662748.00
20131209	2.34	2.35	2.31	2.32	17964135	43175664.00
20131210	2.31	2.33	2.28	2.31	25862336	61462984.00
20131211	2.29	2.30	2.24	2.25	23636499	55293368.00
20131212	2.24	2.26	2.21	2.24	26476074	61066740.00
20131213	2.22	2.24	2.20	2.21	27624075	63317264.00
20131216	2.22	2.22	2.17	2.17	27149764	61333596.00
20131217	2.18	2.19	2.16	2.17	11771934	26429412.00
20131218	2.18	2.19	2.16	2.17	12774820	28617736.00
20131219	2.18	2.19	2.16	2.17	9793176	21979032.00
20131220	2.17	2.18	2.12	2.13	16193497	35838704.00
20131223	2.13	2.14	2.07	2.11	21993818	47754320.00
20131224	2.11	2.12	2.08	2.10	20995481	45568672.00
20131225	2.10	2.11	2.09	2.10	11887220	25756350.00
20131226	2.11	2.11	2.07	2.08	13215384	28503202.00
20131227	2.09	2.12	2.08	2.11	12667768	27523472.00
20131230	2.12	2.13	2.11	2.11	6968502	15229711.00
20131231	2.10	2.14	2.10	2.13	9278401	20318880.00
20140102	2.12	2.15	2.08	2.10	30013672	65270244.00
20140103	2.10	2.10	2.04	2.06	36041044	76800936.00
20140106	2.06	2.06	2.00	2.01	20780278	43370464.00
20140107	2.00	2.02	1.99	2.01	8622210	17921934.00
20140108	2.02	2.04	2.01	2.02	12126696	25400110.00
20140109	2.01	2.02	1.98	1.99	10485942	21691320.00
20140110	1.99	2.01	1.98	1.99	12149376	25098380.00
20140113	1.99	2.04	1.98	2.04	20604153	42969928.00
20140114	2.03	2.04	2.02	2.04	6822310	14335119.00
20140115	2.03	2.04	2.01	2.01	7356202	15359337.00
20140116	2.02	2.04	2.00	2.03	7464757	15604907.00
20140117	2.02	2.03	1.99	1.99	8398487	17436896.00
20140120	1.99	2.00	1.98	1.99	7321319	15060471.00
20140121	1.99	2.01	1.98	2.00	6379312	13200226.00
20140122	2.01	2.04	2.00	2.03	12511766	26219796.00
20140123	2.02	2.03	2.01	2.02	8120877	16981952.00
20140124	2.01	2.06	2.01	2.04	15683639	33038552.00
20140127	2.03	2.05	2.02	2.02	7234819	15204429.00
20140128	2.03	2.04	2.02	2.03	6402322	13436572.00
20140129	2.03	2.04	2.02	2.04	5436839	11437621.00
20140130	2.03	2.04	2.01	2.01	6175930	12937645.00
20140207	2.01	2.02	2.00	2.02	5962947	12405153.00
20140210	2.02	2.06	2.02	2.05	14850221	31407644.00
20140211	2.05	2.07	2.04	2.06	13887794	29523368.00
20140212	2.06	2.07	2.04	2.06	14996043	31919814.00
20140213	2.06	2.07	2.04	2.04	17407465	36926816.00
20140214	2.04	2.06	2.03	2.05	10939875	23156912.00
20140217	2.06	2.08	2.05	2.08	18088902	38603700.00
20140218	2.07	2.08	2.04	2.06	14163274	30107628.00
20140219	2.06	2.08	2.04	2.07	15941793	33965688.00
20140220	2.07	2.09	2.06	2.08	22413902	48124560.00
20140221	2.07	2.07	2.04	2.05	13011457	27611406.00
20140224	2.05	2.05	2.00	2.01	18400094	38313072.00
20140225	2.00	2.02	1.96	1.97	18000827	37128696.00
20140226	1.97	1.99	1.96	1.99	13471279	27514976.00
20140227	1.99	2.01	1.97	1.99	12606952	25948428.00
20140228	1.99	2.00	1.97	1.99	9020003	18515684.00
20140303	1.99	2.02	1.98	2.00	13070213	27060692.00
20140304	1.99	2.01	1.98	2.00	9204497	18986646.00
20140305	2.00	2.01	1.98	1.98	7254868	14952187.00
20140306	1.98	2.00	1.97	2.00	8676382	17829452.00
20140307	2.00	2.01	1.98	1.98	9423688	19459748.00
20140310	1.98	1.99	1.93	1.93	17749080	35989860.00
20140311	1.94	1.96	1.93	1.95	12462743	25065508.00
20140312	1.95	1.97	1.93	1.95	10633656	21467208.00
20140313	1.94	1.97	1.94	1.97	10956060	22218624.00
20140314	1.95	1.97	1.93	1.94	10960823	22111766.00
20140317	1.94	1.96	1.94	1.95	9728728	19654690.00
20140318	1.95	1.96	1.94	1.95	11801938	23843956.00
20140319	1.94	1.97	1.93	1.96	16822357	34043444.00
20140320	1.96	1.97	1.93	1.94	13091099	26439036.00
20140321	1.94	1.98	1.93	1.98	20327026	41261076.00
20140324	1.98	2.03	1.96	2.02	35860424	74362752.00
20140325	2.01	2.02	1.99	2.01	22486100	46672256.00
20140326	2.01	2.01	1.98	2.00	9746763	20109050.00
20140327	1.99	2.01	1.97	1.99	15859279	32715076.00
20140328	1.98	2.00	1.97	1.98	15443274	31754864.00
20140331	1.98	2.00	1.97	1.98	10335818	21225400.00
20140401	1.98	2.00	1.97	1.99	8398017	17294300.00
20140402	1.99	2.04	1.99	2.02	29531069	61533832.00
20140403	2.02	2.02	1.98	1.99	17005000	35204728.00
20140404	1.98	2.00	1.97	2.00	9487587	19516108.00
20140408	1.99	2.02	1.99	2.02	15770064	32719192.00
20140409	2.02	2.02	2.00	2.01	13501100	28104260.00
20140410	2.01	2.10	2.00	2.09	71995256	153045792.00
20140411	2.07	2.08	2.06	2.07	21503230	46051848.00
20140414	2.07	2.08	2.05	2.07	14338207	30501448.00
20140415	2.06	2.06	2.02	2.03	14321849	30220964.00
20140416	2.03	2.04	2.02	2.03	6923201	14532202.00
20140417	2.03	2.04	2.02	2.02	7015317	14689973.00
20140418	2.02	2.03	2.01	2.02	6751061	14093382.00
20140421	2.01	2.05	2.00	2.01	15644373	32845992.00
20140422	2.01	2.02	1.99	2.02	9952333	20648088.00
20140423	2.01	2.04	2.01	2.02	8148600	17016092.00
20140424	2.01	2.02	1.99	2.00	8472674	17562056.00
20140425	2.00	2.01	1.97	1.97	7325888	15081136.00
20140428	1.97	1.98	1.94	1.95	13435767	27231628.00
20140429	1.95	1.96	1.93	1.95	11880953	23933030.00
20140430	1.95	1.97	1.95	1.96	6567119	13325207.00
20140505	1.97	1.98	1.95	1.97	6533900	13273672.00
20140506	1.96	1.99	1.96	1.98	8079377	16561264.00
20140507	1.98	1.98	1.96	1.96	4552974	9271097.00
20140508	1.96	1.98	1.95	1.97	6060432	12347508.00
20140509	1.96	1.98	1.95	1.97	6746213	13710349.00
20140512	1.98	2.03	1.97	2.02	29783485	61953812.00
20140513	2.02	2.03	2.00	2.00	13332357	27767412.00
20140514	2.00	2.02	1.99	2.01	14290876	29640000.00
20140515	2.00	2.01	1.98	1.98	9501568	19606442.00
20140516	1.98	1.99	1.97	1.98	5642340	11572799.00
20140519	1.98	1.99	1.96	1.97	4795660	9797416.00
20140520	1.97	1.99	1.97	1.98	4025069	8239671.00
20140521	1.98	1.99	1.96	1.98	4215337	8628721.00
20140522	1.98	2.00	1.97	1.98	7307044	14994448.00
20140523	1.98	1.98	1.96	1.98	7342571	14989115.00
20140526	1.98	1.99	1.97	1.99	6483633	13291607.00
20140527	1.99	1.99	1.97	1.97	4237052	8672677.00
20140528	1.97	1.98	1.96	1.98	10613760	21643112.00
20140529	1.98	1.98	1.96	1.96	6153247	12545728.00
20140530	1.96	1.98	1.93	1.96	31995123	64470176.00
20140603	1.95	1.95	1.94	1.94	10577569	21323156.00
20140604	1.94	1.95	1.93	1.94	9938885	19914550.00
20140605	1.93	1.95	1.93	1.95	6788286	13624341.00
20140606	1.95	1.95	1.93	1.94	7293752	14651249.00
20140609	1.94	1.95	1.93	1.93	5595314	11230096.00
20140610	1.93	1.95	1.93	1.95	7489214	15049043.00
20140611	1.95	1.95	1.93	1.95	9337644	18789560.00
20140612	1.94	1.95	1.94	1.94	4379725	8811583.00
20140613	1.94	1.96	1.94	1.96	11658476	23567754.00
20140616	1.96	1.97	1.95	1.97	10884204	22090520.00
20140617	1.96	1.97	1.95	1.95	12659960	25726500.00
20140618	1.95	1.96	1.94	1.94	8863012	17854388.00
20140619	1.94	1.95	1.91	1.92	11313125	22652628.00
20140620	1.92	1.93	1.92	1.93	9157392	18254808.00
20140623	1.93	1.94	1.92	1.93	4158176	8323058.00
20140624	1.93	1.95	1.92	1.94	8081819	16215624.00
20140625	1.94	1.95	1.93	1.94	5175398	10380265.00
20140626	1.93	1.96	1.93	1.96	12434182	25098972.00
20140627	1.96	1.99	1.95	1.97	19188233	38829248.00
20140630	1.97	2.01	1.97	1.98	18900522	38514640.00
20140701	1.98	1.99	1.96	1.98	11929925	24121220.00
20140702	1.97	1.99	1.96	1.98	10413608	21083684.00
20140703	1.97	2.00	1.97	1.99	21368141	43503868.00
20140704	1.98	2.00	1.97	1.99	14945180	30427384.00
20140707	1.98	1.99	1.97	1.99	10176283	20660064.00
20140708	1.98	1.99	1.97	1.98	6307005	12776615.00
20140709	1.98	1.98	1.96	1.96	9936304	20053916.00
20140710	1.96	1.97	1.95	1.96	16295570	32750864.00
20140711	1.96	1.98	1.95	1.98	16189910	32708512.00
20140714	1.97	1.99	1.97	1.99	16383543	33276584.00
20140715	1.99	2.03	1.98	2.01	41451382	85196176.00
20140716	2.00	2.02	2.00	2.02	28051724	57815636.00
20140717	2.01	2.02	1.99	2.00	19080460	39076980.00
20140718	1.99	2.01	1.98	2.00	12479048	25560456.00
20140721	2.00	2.01	1.99	1.99	12209098	25006092.00
20140722	1.99	2.02	1.99	2.00	18872354	38817880.00
20140723	2.00	2.03	2.00	2.02	27591822	57020032.00
20140724	2.01	2.05	2.01	2.04	34685058	72337512.00
20140725	2.04	2.07	2.03	2.07	33993093	71561232.00
20140728	2.07	2.12	2.06	2.10	72208232	155065440.00
20140729	2.11	2.11	2.08	2.09	33275394	71327680.00
20140730	2.09	2.10	2.07	2.09	43166667	92189896.00
20140731	2.09	2.12	2.08	2.11	31620920	67865704.00
20140801	2.11	2.14	2.10	2.10	56226877	122357280.00
20140804	2.10	2.14	2.09	2.13	46597544	101016536.00
20140805	2.14	2.15	2.11	2.12	41143138	89772096.00
20140806	2.13	2.17	2.09	2.16	75648571	165588128.00
20140807	2.16	2.19	2.13	2.14	73550319	162331440.00
20140808	2.13	2.14	2.11	2.12	31652921	68745664.00
20140811	2.12	2.15	2.11	2.14	25785548	56367864.00
20140812	2.15	2.15	2.12	2.14	21699720	47336156.00
20140813	2.13	2.14	2.11	2.13	30933267	67188520.00
20140814	2.13	2.14	2.10	2.10	22655040	49094952.00
20140815	2.10	2.13	2.10	2.12	19734961	42722776.00
20140818	2.12	2.13	2.11	2.13	20710819	44960272.00
20140819	2.12	2.19	2.11	2.15	45138889	99151264.00
20140820	2.14	2.16	2.13	2.15	30124801	66071604.00
20140821	2.14	2.17	2.12	2.14	30861809	67631832.00
20140822	2.14	2.15	2.13	2.15	20849224	45650368.00
20140825	2.14	2.16	2.12	2.14	42891507	93990152.00
20140826	2.14	2.14	2.10	2.11	29012270	62904840.00
20140827	2.11	2.12	2.10	2.11	17126830	36968244.00
20140828	2.11	2.12	2.09	2.10	17558871	37790320.00
20140829	2.10	2.11	2.09	2.11	17151607	36856136.00
20140901	2.11	2.12	2.10	2.11	14889051	32189472.00
20140902	2.12	2.16	2.11	2.15	41969230	91714616.00
20140903	2.14	2.17	2.13	2.16	49179333	108264376.00
20140904	2.15	2.17	2.14	2.16	47094926	103696424.00
20140905	2.16	2.18	2.15	2.17	53548007	118521672.00
20140909	2.17	2.23	2.16	2.20	90951319	204185856.00
20140910	2.19	2.24	2.17	2.21	80894318	182267200.00
20140911	2.20	2.22	2.17	2.18	58644844	131648424.00
20140912	2.17	2.21	2.16	2.21	84927842	189610192.00
20140915	2.20	2.24	2.19	2.23	86038180	195273280.00
20140916	2.23	2.39	2.21	2.27	215682616	506672064.00
20140917	2.25	2.28	2.23	2.28	101137916	232701728.00
20140918	2.27	2.32	2.26	2.28	87387632	204290336.00
20140919	2.28	2.32	2.27	2.30	56498198	132298656.00
20140922	2.29	2.29	2.21	2.22	57261623	131469120.00
20140923	2.21	2.25	2.21	2.24	39862913	90777096.00
20140924	2.23	2.28	2.22	2.27	57962612	133457728.00
20140925	2.28	2.29	2.24	2.25	61028289	141661072.00
20140926	2.24	2.28	2.23	2.27	48304042	111471360.00
20140929	2.27	2.29	2.26	2.28	40873070	94864744.00
20140930	2.28	2.28	2.26	2.27	45189513	104876936.00
20141008	2.27	2.29	2.26	2.29	38031740	88520832.00
20141009	2.29	2.33	2.27	2.33	85711330	201410176.00
20141010	2.31	2.34	2.30	2.33	55908880	132401440.00
20141027	2.32	2.33	2.18	2.21	67058283	152486944.00
20141028	2.21	2.30	2.20	2.28	50738900	116998720.00
20141029	2.29	2.38	2.27	2.36	89411527	213642816.00
20141030	2.36	2.49	2.34	2.44	129992945	323163936.00
20141031	2.48	2.69	2.47	2.59	323402404	865692928.00
20141103	2.54	2.69	2.52	2.68	254670067	680125120.00
20141104	2.65	2.67	2.60	2.63	145584451	390378944.00
20141105	2.62	2.72	2.60	2.60	121983034	329979328.00
20141106	2.60	2.60	2.52	2.57	76890769	200460896.00
20141107	2.57	2.60	2.52	2.53	73771351	193102528.00
20141110	2.55	2.68	2.54	2.68	136006139	365404352.00
20141111	2.70	2.80	2.59	2.62	166607553	456400704.00
20141112	2.63	2.67	2.58	2.67	74502800	199779616.00
20141113	2.67	2.74	2.61	2.72	166561172	455504832.00
20141114	2.69	2.72	2.63	2.66	100944067	274097024.00
20141117	2.67	2.69	2.61	2.62	60045342	161754064.00
20141118	2.60	2.61	2.55	2.56	59381634	155659792.00
20141119	2.56	2.59	2.54	2.57	39335954	102995600.00
20141120	2.56	2.60	2.55	2.58	36943544	96915928.00
20141121	2.58	2.63	2.56	2.62	49366909	130506616.00
20141124	2.66	2.69	2.62	2.66	97072415	263328880.00
20141125	2.66	2.69	2.65	2.68	84827664	231026464.00
20141126	2.68	2.70	2.66	2.68	99619607	272049568.00
20141127	2.69	2.72	2.67	2.70	108530908	297817056.00
20141128	2.70	2.79	2.68	2.78	202115091	561863296.00
20141201	2.79	2.95	2.78	2.88	267901718	779075136.00
20141202	2.87	2.95	2.81	2.90	208464294	607900672.00
20141203	2.90	3.09	2.89	2.98	294799134	895592192.00
20141204	2.97	3.06	2.94	3.05	197213316	601731328.00
20141205	3.06	3.10	2.86	2.93	255886696	775033088.00
20141208	2.92	3.16	2.87	3.09	266296358	812283712.00
20141209	3.06	3.30	2.96	3.00	400938236	1279822208.00
20141210	2.98	3.09	2.91	3.07	189256690	578608000.00
20141211	3.06	3.38	3.02	3.38	398320967	1293370496.00
20141212	3.37	3.40	3.23	3.28	287076363	961929408.00
20141215	3.28	3.32	3.19	3.26	157363507	518978976.00
20141216	3.28	3.38	3.26	3.34	201206440	678316416.00
20141217	3.34	3.44	3.28	3.35	207975677	708975744.00
20141218	3.36	3.42	3.33	3.34	179883290	616839360.00
20141219	3.34	3.61	3.30	3.58	354498098	1245350912.00
20141222	3.59	3.89	3.59	3.69	396694333	1505781376.00
20141223	3.65	3.65	3.35	3.45	202150367	719745536.00
20141224	3.43	3.48	3.25	3.30	151558315	513764992.00
20141225	3.31	3.48	3.29	3.47	126646798	434997088.00
20141226	3.47	3.54	3.44	3.52	129597347	460463040.00
20141229	3.53	3.61	3.45	3.53	150752365	543134592.00
20141230	3.56	3.60	3.39	3.45	127404838	450276992.00
20141231	3.48	3.54	3.43	3.53	122495594	433782976.00
20150105	3.53	3.77	3.52	3.72	258097632	958309120.00
20150106	3.65	3.70	3.57	3.65	161809485	596799616.00
20150107	3.64	3.72	3.61	3.68	140950924	525117312.00
20150108	3.68	3.70	3.50	3.51	135723831	490013728.00
20150109	3.47	3.58	3.45	3.46	102063548	363587456.00
20150112	3.41	3.42	3.28	3.31	102131064	346322016.00
20150113	3.31	3.34	3.28	3.31	50172239	168770288.00
20150114	3.31	3.33	3.23	3.25	55192662	183857792.00
20150115	3.24	3.35	3.22	3.35	68406000	227761776.00
20150116	3.36	3.40	3.35	3.40	69780000	239256976.00
20150119	3.25	3.28	3.06	3.07	133764002	429331648.00
20150120	3.07	3.16	3.07	3.13	92856383	294288032.00
20150121	3.13	3.31	3.10	3.28	113189437	367323232.00
20150122	3.27	3.35	3.24	3.31	85206600	285384832.00
20150123	3.31	3.35	3.27	3.28	74036614	247917344.00
20150126	3.29	3.34	3.26	3.33	64686668	217322704.00
20150127	3.34	3.36	3.23	3.29	69385975	231530928.00
20150128	3.29	3.29	3.23	3.25	52893820	174838080.00
20150129	3.23	3.33	3.15	3.27	80598524	265988544.00
20150130	3.28	3.29	3.21	3.22	39162352	129209840.00
20150202	3.19	3.21	3.11	3.12	58556082	187847568.00
20150203	3.14	3.18	3.12	3.18	36385602	116476960.00
20150204	3.21	3.35	3.20	3.26	103853490	346735328.00
20150205	3.29	3.31	3.15	3.17	66339391	217671088.00
20150206	3.15	3.18	3.07	3.09	63804131	202064320.00
20150209	3.09	3.12	3.03	3.09	39955416	124969200.00
20150210	3.09	3.15	3.07	3.14	35498168	112716088.00
20150211	3.15	3.18	3.13	3.14	29432224	94261968.00
20150212	3.13	3.28	3.10	3.26	95593852	312023424.00
20150213	3.56	3.59	3.47	3.59	468807911	1695532288.00
20150216	3.61	3.82	3.53	3.70	361868678	1340990080.00
20150217	3.66	3.89	3.60	3.81	189755520	723887360.00
20150225	3.76	3.97	3.75	3.78	187548963	729503744.00
20150226	3.78	3.79	3.64	3.79	133648902	503204480.00
20150227	3.75	3.88	3.71	3.84	177146026	684847744.00
20150302	3.86	4.23	3.84	4.12	334243059	1383804416.00
20150303	4.06	4.07	3.79	3.89	233517379	940998656.00
20150304	3.90	4.06	3.83	4.05	142179666	569775424.00
20150305	4.06	4.13	3.89	3.97	147450462	597256192.00
20150306	3.93	3.97	3.78	3.83	122715205	480982560.00
20150309	3.78	3.86	3.71	3.83	73262264	280976768.00
20150310	3.83	3.85	3.75	3.78	105992491	406845664.00
20150311	3.80	3.84	3.65	3.70	141060816	533202656.00
20150312	3.71	3.78	3.67	3.70	119737728	451442688.00
20150313	3.72	3.81	3.71	3.79	84750892	323639552.00
20150316	3.83	4.01	3.81	3.96	171960889	685861760.00
20150317	3.98	4.07	3.95	4.03	182923927	742208064.00
20150318	4.04	4.40	4.04	4.33	293615182	1258689408.00
20150319	4.33	4.37	4.19	4.25	213296491	917269888.00
20150320	4.25	4.30	4.19	4.29	151015571	647273024.00
20150323	4.45	4.55	4.37	4.47	236454189	1066543616.00
20150324	4.46	4.92	4.45	4.92	503361747	2442083584.00
20150325	4.85	4.85	4.63	4.72	298623909	1425023488.00
20150326	4.69	5.05	4.56	4.81	240233463	1169871616.00
20150327	4.79	4.82	4.64	4.72	125033730	596286272.00
20150330	4.72	4.89	4.70	4.82	156933623	761186240.00
20150331	4.87	5.04	4.77	4.80	181342028	898110336.00
20150401	4.77	4.83	4.71	4.80	125633293	604955456.00
20150402	4.80	4.81	4.73	4.79	102544671	493942912.00
20150403	4.76	4.97	4.71	4.86	179754023	885651200.00
20150407	4.96	5.04	4.90	4.96	189029471	945525184.00
20150408	5.00	5.05	4.85	5.04	204137865	1023590592.00
20150409	5.08	5.17	4.90	5.04	195643271	990941248.00
20150410	5.06	5.12	4.96	5.06	166185675	847980672.00
20150413	5.10	5.13	5.03	5.12	160703804	824239552.00
20150414	5.10	5.13	5.01	5.08	216397807	1106344320.00
20150415	5.05	5.05	4.87	4.95	197810569	990180032.00
20150416	4.93	5.07	4.83	4.99	169768825	851305344.00
20150417	4.99	5.43	4.99	5.27	374431448	1968145408.00
20150420	5.21	5.80	5.10	5.47	427972315	2353934336.00
20150421	5.55	5.81	5.36	5.73	316529433	1783319808.00
20150422	5.73	5.81	5.66	5.76	338603554	1959006720.00
20150423	5.75	6.17	5.70	6.04	377829992	2274711296.00
20150424	6.01	6.01	5.71	5.83	268523535	1584908160.00
20150427	5.95	6.42	5.83	6.42	574462626	3604531456.00
20150428	6.48	7.03	6.27	6.74	630917254	4254718464.00
20150429	6.81	7.15	6.56	6.66	471082030	3259124992.00
20150430	6.46	6.68	6.37	6.40	364660797	2371767808.00
20150504	6.42	7.05	6.42	7.05	554142209	3847561216.00
20150505	7.16	7.17	6.34	6.51	507539353	3448982784.00
20150506	6.48	6.61	6.01	6.13	308550537	1979927040.00
20150507	6.03	6.03	5.51	5.52	313279326	1797088384.00
20150508	5.57	5.74	5.39	5.70	261710182	1479897472.00
20150511	5.76	5.84	5.60	5.83	272349104	1578756992.00
20150512	5.84	6.12	5.74	6.02	249497957	1497106688.00
20150513	5.98	6.18	5.83	5.88	273119726	1645147392.00
20150514	5.92	5.92	5.58	5.85	237284114	1372537984.00
20150515	5.78	5.78	5.60	5.64	172579554	987231232.00
20150518	5.65	5.65	5.51	5.52	149572864	839534976.00
20150519	5.50	5.73	5.50	5.70	177919604	1015282176.00
20150520	5.77	5.85	5.70	5.73	239698320	1396485888.00
20150521	5.74	5.77	5.59	5.76	188404130	1077096064.00
20150522	5.86	6.34	5.80	6.25	468529393	2891779072.00
20150525	6.25	6.40	6.11	6.39	421451712	2679293184.00
20150526	6.46	6.49	6.15	6.41	446627086	2856455680.00
20150527	6.41	6.59	6.25	6.52	473988505	3066758144.00
20150528	6.45	6.59	5.86	5.86	431619804	2739682816.00
20150529	5.76	5.93	5.33	5.75	335766565	1926015360.00
20150601	5.84	6.22	5.78	6.18	315344353	1929131776.00
20150602	6.19	6.54	6.10	6.50	429454332	2750322432.00
20150603	6.52	6.53	6.16	6.36	315667859	2023032704.00
20150604	6.43	6.67	6.05	6.66	457266907	2978606080.00
20150605	6.83	7.03	6.61	6.86	530841622	3651153408.00
20150608	6.79	7.11	6.79	7.00	482829279	3398518272.00
20150609	6.96	6.97	6.73	6.84	345712340	2380819200.00
20150610	6.75	6.88	6.60	6.75	284814496	1937329152.00
20150611	6.74	6.82	6.61	6.78	234159566	1586308352.00
20150612	6.78	6.99	6.65	6.97	390993231	2684631552.00
20150615	6.90	7.56	6.84	7.22	557217293	3989518592.00
20150616	7.04	7.13	6.64	6.70	363994292	2532304640.00
20150617	6.67	7.05	6.40	6.99	317982874	2161792000.00
20150618	6.94	7.40	6.83	6.99	413935006	2973177856.00
20150619	6.77	6.93	6.30	6.33	299040514	1975004928.00
20150623	6.32	6.59	5.88	6.58	260870604	1651656704.00
20150624	6.63	7.18	6.58	7.14	480990901	3322233344.00
20150625	7.06	7.35	6.90	7.15	581591690	4140167168.00
20150626	6.85	7.04	6.44	6.45	437582485	2947349504.00
20150629	6.57	6.86	5.81	6.47	493167442	3190295808.00
20150630	6.50	7.11	6.00	7.03	521433233	3460242176.00
20150701	7.00	7.47	6.88	6.91	743873509	5344139776.00
20150702	6.80	7.12	6.27	6.30	588088817	3949648640.00
20150703	5.80	6.13	5.67	5.67	411191378	2373095680.00
20150706	6.10	6.10	5.10	5.19	537777673	2958984960.00
20150707	5.00	5.16	4.67	4.68	503562155	2392782336.00
20150708	4.21	4.34	4.21	4.21	251086526	1058044608.00
20150709	4.18	4.63	3.80	4.63	457217874	1974021504.00
20150710	4.72	5.09	4.63	5.09	429218736	2143364224.00
20150713	5.17	5.58	5.06	5.56	480123730	2564849920.00
20150714	5.40	5.54	5.01	5.12	409753761	2165571584.00
20150715	4.94	5.03	4.61	4.61	273352090	1303299456.00
20150716	4.61	4.85	4.30	4.66	223487730	1039624256.00
20150717	4.66	5.01	4.66	4.94	214136967	1036569920.00
20150720	4.96	5.12	4.84	4.96	215166732	1071904576.00
20150721	4.85	5.20	4.80	5.09	267237119	1352937088.00
20150722	5.01	5.34	4.87	5.22	318579789	1621886464.00
20150723	5.30	5.64	5.21	5.46	393465389	2147686912.00
20150724	5.35	5.58	5.21	5.30	392400966	2118556544.00
20150727	5.10	5.28	4.77	4.77	258561460	1301048960.00
20150728	4.50	4.84	4.32	4.63	256164289	1167951360.00
20150729	4.70	5.00	4.61	4.99	171334258	817231424.00
20150730	4.96	5.18	4.82	4.84	215320447	1087888768.00
20150731	4.78	5.05	4.74	5.02	182603392	900637184.00
20150803	4.99	5.32	4.91	5.30	284603800	1444148096.00
20150804	5.25	5.40	5.11	5.36	206863982	1095038080.00
20150805	5.30	5.45	5.15	5.20	155977173	826038208.00
20150806	5.01	5.15	5.00	5.05	104959478	532626592.00
20150807	5.10	5.22	5.06	5.17	107559711	555297728.00
20150810	5.46	5.69	5.46	5.69	331438391	1864519296.00
20150811	5.85	6.10	5.73	5.90	434515245	2554878464.00
20150812	5.85	6.23	5.75	5.95	333703174	2013782016.00
20150813	5.90	6.15	5.71	6.09	336504998	2004900864.00
20150814	6.12	6.18	5.91	6.03	279534485	1689064320.00
20150817	5.98	6.41	5.84	6.28	351006036	2148372224.00
20150818	6.22	6.27	5.65	5.65	317072534	1881299200.00
20150819	5.46	6.22	5.40	6.13	373065966	2177080576.00
20150820	6.00	6.10	5.70	5.76	250643995	1481174272.00
20150821	5.65	5.73	5.28	5.36	208807229	1147003136.00
20150824	5.07	5.14	4.82	4.82	162674979	792346304.00
20150825	4.34	4.51	4.34	4.34	155121791	678802176.00
20150826	4.34	4.50	3.96	4.01	225016885	949593984.00
20150827	4.13	4.21	3.88	4.20	167628198	686776448.00
20150828	4.28	4.58	4.21	4.54	199029199	866801920.00
20150831	4.40	4.47	4.20	4.42	201963303	875021440.00
20150901	4.35	4.72	4.25	4.53	290604082	1311705984.00
20150902	4.30	4.71	4.15	4.48	267530225	1206666624.00
20150907	4.51	4.70	4.40	4.41	97325258	443512736.00
20150908	4.36	4.54	4.14	4.50	99618393	431789248.00
20150909	4.48	4.67	4.44	4.61	142599085	651439232.00
20150910	4.50	4.55	4.41	4.44	90426453	405509600.00
20150911	4.38	4.46	4.30	4.39	71745829	313855328.00
20150914	4.50	4.55	4.06	4.40	148621492	644392896.00
20150915	4.20	4.30	3.99	4.00	88168073	361710240.00
20150916	4.04	4.38	3.88	4.28	118395131	486403776.00
20150917	4.20	4.35	4.06	4.09	117117427	492763808.00
20150918	4.11	4.14	4.01	4.07	65002117	264907456.00
20150921	4.02	4.14	3.99	4.12	56847683	231996000.00
20150922	4.12	4.20	4.08	4.14	81986908	339535680.00
20150923	4.06	4.08	3.97	4.00	78465336	315304352.00
20150924	4.00	4.05	3.99	4.03	46492750	186782912.00
20150925	4.01	4.02	3.87	3.90	62083278	244179792.00
20150928	3.90	3.92	3.82	3.90	32712970	126834264.00
20150929	3.85	3.85	3.75	3.76	49259636	187065872.00
20150930	3.76	3.79	3.71	3.76	42883277	161060096.00
20151008	3.87	3.96	3.83	3.92	81059271	315118528.00
20151009	3.91	3.92	3.83	3.89	73583154	285854496.00
20151012	3.90	4.07	3.89	4.04	115690741	462410624.00
20151013	4.00	4.04	3.97	4.00	70093576	279941792.00
20151014	4.00	4.13	3.98	4.01	93499301	378481120.00
20151015	3.98	4.09	3.95	4.09	117715308	474988800.00
20151016	4.09	4.11	4.03	4.09	114408737	466189920.00
20151019	4.09	4.12	4.03	4.06	107076961	436764352.00
20151020	4.05	4.10	4.02	4.09	88747149	360183328.00
20151021	4.11	4.17	3.88	3.89	161914490	660037440.00
20151022	3.89	3.95	3.81	3.94	90664019	352477856.00
20151023	3.93	3.97	3.90	3.95	92031509	361892832.00
20151026	3.96	3.98	3.88	3.93	111375111	435882912.00
20151027	3.90	3.90	3.76	3.87	87785071	335936608.00
20151028	3.84	3.94	3.82	3.85	94815624	367907264.00
20151029	3.85	3.87	3.80	3.82	58650182	224002528.00
20151030	3.80	3.82	3.75	3.77	50414649	190357312.00
20151102	3.73	3.76	3.67	3.69	60710970	225580272.00
20151103	3.69	3.71	3.61	3.63	53813907	196687792.00
20151104	3.63	3.79	3.63	3.75	96335867	358265952.00
20151105	3.73	4.12	3.72	3.92	217036193	847228160.00
20151106	3.90	3.97	3.85	3.93	144055507	563806208.00
20151109	3.91	4.05	3.87	3.96	125104760	497194432.00
20151110	3.94	3.98	3.90	3.98	109948711	432518240.00
20151111	3.98	4.14	3.96	4.01	168538312	682266688.00
20151112	4.00	4.01	3.91	3.94	91796253	362127328.00
20151113	3.90	3.93	3.83	3.84	68253728	264140208.00
20151116	3.77	3.85	3.75	3.84	56848101	216076640.00
20151117	3.84	3.90	3.81	3.85	71770535	277149120.00
20151118	3.83	3.85	3.80	3.81	43805265	167408224.00
20151119	3.82	3.84	3.78	3.83	54979037	209254064.00
20151120	3.84	3.85	3.81	3.84	59068688	225902368.00
20151123	3.82	3.83	3.77	3.78	58666706	222868384.00
20151124	3.77	3.79	3.72	3.76	46863722	175455376.00
20151125	3.76	3.81	3.73	3.78	44345551	167171952.00
20151126	3.79	3.80	3.74	3.75	54825166	206897648.00
20151127	3.74	3.75	3.46	3.51	80881069	293266592.00
20151130	3.51	3.54	3.31	3.44	57933879	199499152.00
20151201	3.45	3.50	3.39	3.44	41672921	143269376.00
20151202	3.45	3.61	3.41	3.60	68966318	242456816.00
20151203	3.58	3.67	3.55	3.61	71794048	258977216.00
20151204	3.57	3.60	3.49	3.51	51672572	183108960.00
20151207	3.51	3.52	3.47	3.49	33007633	115136336.00
20151208	3.48	3.48	3.39	3.42	45149889	155316240.00
20151209	3.40	3.45	3.40	3.42	25467946	87321456.00
20151210	3.42	3.44	3.34	3.37	31620958	107416928.00
20151211	3.36	3.36	3.31	3.34	31351671	104518272.00
20151214	3.31	3.50	3.30	3.47	69334697	237467120.00
20151215	3.42	3.54	3.42	3.46	57239378	198877696.00
20151216	3.46	3.47	3.42	3.44	31073067	107135448.00
20151217	3.47	3.59	3.46	3.54	86048304	303594720.00
20151218	3.52	3.55	3.48	3.49	49506273	173463616.00
20151221	3.49	3.63	3.46	3.57	70963474	251820416.00
20151222	3.57	3.70	3.54	3.64	111242289	405570912.00
20151223	3.62	3.66	3.56	3.57	54414752	196248800.00
20151224	3.56	3.59	3.49	3.52	39549150	139489280.00
20151225	3.53	3.54	3.49	3.54	25107786	88440368.00
20151228	3.55	3.56	3.42	3.43	37441281	130412584.00
20151229	3.42	3.50	3.38	3.48	38582331	132584264.00
20151230	3.52	3.53	3.44	3.47	29233728	101735944.00
20151231	3.46	3.55	3.45	3.47	45698030	160359040.00
20160104	3.47	3.51	3.20	3.23	49814455	169866848.00
20160105	3.18	3.41	3.14	3.33	75101819	247455600.00
20160106	3.33	3.66	3.30	3.66	206579486	739556288.00
20160107	3.65	3.65	3.29	3.30	43354500	151466192.00
20160108	3.42	3.63	3.40	3.63	262362041	940783296.00
20160111	3.65	3.66	3.45	3.49	229337353	815080960.00
20160112	3.46	3.53	3.28	3.37	107819679	362181696.00
20160113	3.37	3.70	3.35	3.44	202520610	721079040.00
20160114	3.33	3.60	3.18	3.54	168164106	577061376.00
20160115	3.47	3.50	3.30	3.34	105356411	356383072.00
20160118	3.26	3.38	3.15	3.25	83029089	269924512.00
20160119	3.24	3.35	3.18	3.34	75332100	247581664.00
20160120	3.29	3.32	3.18	3.25	78264187	253626704.00
20160121	3.18	3.28	3.13	3.14	61550690	197235152.00
20160122	3.20	3.27	3.13	3.20	47136284	150718640.00
20160125	3.23	3.31	3.21	3.24	56119486	182954272.00
20160126	3.20	3.22	2.97	3.04	68773839	214883824.00
20160127	3.05	3.11	2.91	3.01	86748217	260768656.00
20160128	2.98	3.00	2.75	2.76	65975945	189741648.00
20160129	2.75	2.85	2.72	2.82	53113197	148769376.00
20160201	2.78	2.81	2.62	2.64	49883182	135377056.00
20160202	2.66	2.72	2.65	2.71	40595261	109186744.00
20160203	2.69	2.69	2.60	2.67	37978569	100266104.00
20160204	2.68	2.73	2.67	2.71	37108697	100359616.00
20160205	2.73	2.76	2.71	2.75	45671089	124957128.00
20160215	2.69	2.73	2.63	2.71	25386215	68118968.00
20160216	2.71	2.82	2.71	2.81	43900980	122315240.00
20160217	2.80	2.86	2.79	2.85	49109861	138941136.00
20160218	2.87	2.95	2.83	2.84	53161958	153190944.00
20160219	2.83	2.84	2.78	2.82	32739265	92131896.00
20160222	2.85	3.10	2.84	3.02	147818958	442920896.00
20160223	3.00	3.02	2.95	3.01	56206885	167508784.00
20160224	2.98	3.05	2.95	3.03	56575207	170033728.00
20160225	3.03	3.03	2.77	2.79	72210083	209404736.00
20160226	2.82	2.89	2.78	2.87	42905656	121956408.00
20160229	2.88	2.88	2.69	2.80	56491781	156890064.00
20160301	2.83	2.88	2.78	2.87	41093112	116628056.00
20160302	2.85	3.14	2.85	3.08	142919914	436035776.00
20160303	3.02	3.11	3.01	3.02	97390287	297377984.00
20160304	3.01	3.07	2.95	3.01	78311803	236005728.00
20160307	3.12	3.20	3.06	3.11	88706372	277331520.00
20160308	3.20	3.26	3.08	3.10	121504893	380349408.00
20160309	2.99	3.00	2.92	2.97	60201277	178734752.00
20160310	2.98	3.01	2.91	2.93	34139651	100843808.00
20160311	2.89	2.95	2.87	2.92	23953082	69652624.00
20160314	2.94	3.01	2.94	2.98	38232172	113981904.00
20160315	2.97	2.98	2.91	2.94	29601196	86883144.00
20160316	2.92	2.95	2.91	2.92	22666469	66317228.00
20160317	2.93	2.97	2.90	2.95	40347661	118505504.00
20160318	2.96	3.04	2.94	3.01	94531187	283083104.00
20160321	3.03	3.10	3.00	3.09	92098482	280653024.00
20160322	3.06	3.07	3.02	3.04	51860756	157968368.00
20160323	3.04	3.07	3.00	3.05	42312652	128297920.00
20160324	3.01	3.02	2.95	2.96	50881263	151361584.00
20160325	2.94	2.97	2.92	2.95	37449089	110008832.00
20160328	2.96	2.99	2.91	2.92	33538532	98880920.00
20160329	2.91	2.93	2.83	2.86	48376267	138725312.00
20160330	2.88	2.92	2.86	2.92	51226559	148139856.00
20160331	2.91	2.92	2.87	2.91	41688759	120849152.00
20160401	2.89	3.08	2.87	3.02	133455245	397862848.00
20160405	2.99	3.06	2.95	3.03	98276418	295779040.00
20160406	3.01	3.11	3.00	3.07	105576316	323556128.00
20160407	3.07	3.18	3.06	3.08	133535865	415938528.00
20160408	3.05	3.22	3.03	3.17	183153364	578850880.00
20160411	3.25	3.49	3.25	3.49	166649741	574511552.00
20160412	3.53	3.80	3.44	3.58	354468895	1271217664.00
20160413	3.61	3.78	3.58	3.64	309282427	1139159936.00
20160414	3.63	3.65	3.51	3.61	129526321	463240384.00
20160415	3.57	3.57	3.47	3.55	115318021	405418848.00
20160418	3.55	3.64	3.49	3.61	152313269	544524480.00
20160419	3.60	3.62	3.48	3.60	111066639	393552032.00
20160420	3.70	3.75	3.36	3.47	138372601	490799520.00
20160421	3.48	3.62	3.47	3.51	158194581	561592640.00
20160422	3.40	3.45	3.31	3.43	108474581	367151232.00
20160425	3.39	3.56	3.34	3.46	73430552	254535792.00
20160426	3.44	3.49	3.38	3.43	49849527	170354640.00
20160427	3.44	3.44	3.35	3.39	39775898	134964224.00
20160428	3.38	3.38	3.24	3.32	63823671	210764784.00
20160429	3.30	3.38	3.27	3.31	38750808	128537888.00
20160503	3.31	3.37	3.27	3.35	58853840	196003296.00
20160504	3.31	3.33	3.25	3.28	90298147	295796672.00
20160505	3.26	3.27	3.19	3.25	69661534	224566640.00
20160506	3.24	3.24	3.09	3.10	79980842	252485648.00
20160509	3.05	3.07	2.86	2.89	96844693	284942304.00
20160510	2.88	2.91	2.84	2.90	68719028	197622464.00
20160511	2.91	2.94	2.86	2.89	45580731	131727424.00
20160512	2.86	2.99	2.81	2.93	57925240	167641184.00
20160513	2.91	2.98	2.89	2.93	63263551	185927808.00
20160516	2.93	2.93	2.86	2.91	42894444	123847056.00
20160517	2.90	3.01	2.90	2.94	73015641	216345296.00
20160518	2.90	2.91	2.81	2.85	43811717	125307208.00
20160519	2.85	2.92	2.84	2.87	46478073	133665264.00
20160520	2.84	2.87	2.81	2.86	30932906	87844184.00
20160523	2.90	2.91	2.86	2.89	45608795	131613152.00
20160524	2.89	2.90	2.83	2.86	35603016	101408848.00
20160525	2.88	2.90	2.84	2.86	32629699	93626344.00
20160526	2.87	2.88	2.82	2.86	38968804	111047432.00
20160527	2.86	2.94	2.82	2.88	67963653	194863808.00
20160530	2.85	2.86	2.82	2.84	46027131	130706752.00
20160531	2.85	2.93	2.84	2.93	74412117	215644000.00
20160601	2.91	2.95	2.90	2.92	54498500	159152064.00
20160602	2.91	2.93	2.90	2.93	39792286	116114552.00
20160603	2.93	2.93	2.88	2.92	45265476	131706080.00
20160606	2.91	2.94	2.90	2.93	43934944	128064792.00
20160607	2.92	2.93	2.89	2.90	30914729	89710024.00
20160608	2.90	2.91	2.86	2.89	32187012	92973640.00
20160613	2.86	2.87	2.80	2.81	40458558	115054648.00
20160614	2.80	2.82	2.78	2.79	30757668	86017088.00
20160615	2.77	2.83	2.76	2.83	42963778	120519808.00
20160616	2.81	2.85	2.80	2.81	34373954	96803368.00
20160617	2.81	2.88	2.80	2.84	38918801	110564456.00
20160620	2.82	2.83	2.80	2.82	24434085	68746784.00
20160621	2.83	2.84	2.77	2.79	33041252	92718608.00
20160622	2.79	2.82	2.77	2.82	28164488	79014528.00
20160623	2.81	2.82	2.79	2.81	27280154	76512448.00
20160624	2.80	2.81	2.73	2.76	46789206	129558064.00
20161010	3.04	3.04	3.04	3.04	3884596	11809172.00
20161011	3.34	3.34	3.15	3.34	352377360	1156838912.00
20161012	3.30	3.30	3.21	3.24	157148839	511857056.00
20161013	3.22	3.26	3.19	3.24	89508901	288706496.00
20161014	3.23	3.23	3.13	3.17	92782218	294683456.00
20161017	3.18	3.22	3.14	3.20	74575724	237453088.00
20161018	3.17	3.22	3.16	3.21	83291361	266176208.00
20161019	3.21	3.27	3.18	3.19	82240143	265145968.00
20161020	3.18	3.19	3.13	3.16	58897627	185896016.00
20161021	3.15	3.16	3.11	3.13	56622219	177482336.00
20161024	3.12	3.18	3.11	3.16	85536864	269940576.00
20161025	3.19	3.23	3.17	3.18	98636503	315539520.00
20161026	3.18	3.20	3.14	3.20	75093697	237533168.00
20161027	3.18	3.19	3.15	3.17	35294695	111762240.00
20161028	3.17	3.18	3.14	3.15	38942790	122895272.00
20161031	3.16	3.16	3.12	3.13	47454168	148635968.00
20161101	3.13	3.14	3.12	3.14	41204800	128852496.00
20161102	3.13	3.13	3.07	3.08	53816000	166717424.00
20161103	3.07	3.11	3.05	3.09	48103134	148331968.00
20161104	3.08	3.11	3.07	3.09	37101100	114729448.00
20161107	3.09	3.15	3.08	3.14	61978237	193611888.00
20161108	3.15	3.17	3.12	3.13	50133017	157506512.00
20161109	3.13	3.14	3.08	3.10	45344766	140754368.00
20161110	3.12	3.15	3.11	3.14	58251722	182749488.00
20161111	3.14	3.24	3.13	3.23	154350874	491965600.00
20161114	3.20	3.37	3.19	3.30	189924035	622419776.00
20161115	3.30	3.30	3.22	3.24	81801472	265864144.00
20161116	3.23	3.24	3.20	3.24	48089700	154752816.00
20161117	3.22	3.23	3.19	3.22	38096800	122129976.00
20161118	3.22	3.29	3.20	3.23	67226200	218197840.00
20161121	3.23	3.26	3.21	3.24	50842300	164632192.00
20161122	3.24	3.32	3.23	3.29	91606956	301272928.00
20161123	3.30	3.33	3.27	3.28	72025965	237774112.00
20161124	3.28	3.33	3.27	3.32	68750600	227566848.00
20161125	3.33	3.44	3.28	3.43	132122800	443353088.00
20161128	3.43	3.50	3.41	3.45	116802700	403032128.00
20161129	3.45	3.66	3.43	3.48	184551000	657088064.00
20161130	3.49	3.50	3.39	3.42	83650000	287812512.00
20161208	3.68	3.75	3.53	3.56	210285300	763696064.00
20161209	3.54	3.76	3.47	3.68	208432000	753206848.00
20161212	3.69	3.89	3.66	3.67	191880040	722456448.00
20161213	3.61	3.81	3.59	3.79	156884910	587455424.00
20161214	3.76	3.78	3.59	3.62	124085623	459382400.00
20161215	3.57	3.63	3.50	3.58	84415876	299985568.00
20161216	3.55	3.57	3.50	3.51	49325187	173943376.00
20161219	3.49	3.56	3.46	3.49	50528575	177518560.00
20161220	3.49	3.50	3.34	3.37	65231415	221310368.00
20161221	3.38	3.46	3.37	3.42	35739273	121970792.00
20161222	3.41	3.44	3.38	3.40	35469997	120879872.00
20161223	3.40	3.47	3.37	3.44	43358638	148031264.00
20161226	3.41	3.43	3.33	3.39	35578635	119863216.00
20161227	3.39	3.40	3.37	3.39	21784487	73815400.00
20161228	3.39	3.44	3.39	3.40	22482109	76674000.00
20161229	3.39	3.41	3.35	3.39	24515100	82983016.00
20161230	3.40	3.46	3.39	3.41	34821700	119119632.00
20170103	3.41	3.43	3.37	3.42	23576136	80286056.00
20170104	3.42	3.46	3.38	3.46	38483397	132203640.00
20170105	3.45	3.50	3.44	3.48	34281728	119296208.00
20170106	3.48	3.57	3.47	3.53	62009477	219306240.00
20170109	3.52	3.59	3.51	3.56	31442642	111734232.00
20170110	3.56	3.65	3.55	3.63	79917449	288575008.00
数据来源:通达信
