600059 古越龙山 日线 前复权
      日期	    开盘	    最高	    最低	    收盘	    成交量	    成交额
20111010	9.18	9.43	9.14	9.29	4374557	46419452.00
20111011	9.53	9.55	9.10	9.24	4858521	52135544.00
20111012	9.23	9.68	9.18	9.64	6616962	72506872.00
20111013	9.64	9.90	9.57	9.77	6703313	75543472.00
20111014	9.80	9.83	9.66	9.78	3194309	35832648.00
20111017	9.77	9.90	9.72	9.78	3912593	44236152.00
20111018	9.70	9.78	9.44	9.47	4243424	46861400.00
20111019	9.46	9.64	9.43	9.44	3478675	38066360.00
20111020	9.45	9.49	9.14	9.25	4849397	51705124.00
20111021	9.24	9.31	9.11	9.16	2226107	23477526.00
20111024	9.20	9.52	9.04	9.51	4210233	45080580.00
20111025	9.51	9.77	9.38	9.66	6236218	68936184.00
20111026	9.59	9.80	9.58	9.70	5770269	64649900.00
20111027	9.71	9.87	9.64	9.74	5406357	60873736.00
20111028	9.82	9.98	9.78	9.92	7723160	88023280.00
20111031	9.94	10.05	9.85	9.94	5186514	59533456.00
20111101	9.89	9.97	9.74	9.84	4685700	53317820.00
20111102	9.67	10.33	9.67	10.31	11597742	135015344.00
20111103	10.30	10.57	10.24	10.32	9155697	110664696.00
20111104	10.37	10.44	10.29	10.40	5007561	60305568.00
20111107	10.40	10.44	10.25	10.28	4202428	50545432.00
20111108	10.30	10.37	10.04	10.10	6538946	77581488.00
20111109	10.22	11.00	10.21	10.88	35076266	442295648.00
20111110	10.68	11.09	10.64	10.90	25547960	325628064.00
20111111	10.98	11.02	10.72	10.81	11882594	150270656.00
20111114	10.99	11.17	10.87	11.00	14274931	184220992.00
20111115	11.07	11.08	10.90	10.94	6767305	86791064.00
20111116	10.96	10.99	10.57	10.64	11167037	139443568.00
20111117	10.66	10.83	10.59	10.60	6621603	82631704.00
20111118	10.54	11.07	10.40	11.02	17229435	216198400.00
20111121	11.03	11.03	10.55	10.83	15232655	191504320.00
20111122	10.69	11.03	10.62	10.94	13217976	168222624.00
20111123	11.02	11.32	10.78	11.12	20725678	270212384.00
20111124	10.98	11.20	10.87	10.94	13530425	174705168.00
20111125	10.87	11.06	10.72	10.77	10002807	127180096.00
20111128	10.79	10.98	10.68	10.89	9643245	122065528.00
20111129	10.93	10.95	10.68	10.80	11569210	145791520.00
20111130	10.72	10.78	10.14	10.30	18066839	219241168.00
20111201	10.53	10.64	10.34	10.39	12855196	156810112.00
20111202	10.37	10.59	10.24	10.44	7742304	94056296.00
20111205	10.58	10.62	10.20	10.23	6365709	77217536.00
20111206	10.24	10.30	9.89	10.10	6008426	70261376.00
20111207	10.10	10.38	10.10	10.34	5949746	70773248.00
20111208	10.46	10.70	10.34	10.49	12758868	156068688.00
20111209	10.41	10.54	10.03	10.06	9340677	111709632.00
20111212	10.09	10.10	9.62	9.64	9584927	108273744.00
20111213	9.72	9.94	9.57	9.77	8836645	99547856.00
20111214	9.65	9.79	9.54	9.57	5717017	63452932.00
20111215	9.57	9.80	9.50	9.62	7619564	84917512.00
20111216	9.63	9.93	9.63	9.90	7119459	80267616.00
20111219	9.86	10.06	9.74	10.04	6683043	76195200.00
20111220	9.95	10.14	9.87	9.87	6333380	73098808.00
20111221	9.96	10.03	9.59	9.60	7076807	79737816.00
20111222	9.54	9.56	9.23	9.47	7767003	83674112.00
20111223	9.44	9.66	9.40	9.51	6297147	69091896.00
20111226	9.53	9.70	9.37	9.42	5879009	64683952.00
20111227	9.40	9.40	9.09	9.10	5655756	59461280.00
20111228	9.05	9.07	8.76	8.94	6288656	63700664.00
20111229	8.81	9.03	8.81	9.01	5077993	51845728.00
20111230	9.03	9.21	9.00	9.18	5834101	60990124.00
20120104	9.24	9.34	8.83	8.86	5732325	59199920.00
20120105	8.86	8.93	8.45	8.47	6850043	67747736.00
20120106	8.45	8.61	8.31	8.57	4565047	43522240.00
20120109	8.60	8.86	8.47	8.86	7717701	76123432.00
20120110	8.86	9.22	8.80	9.15	9936154	102569552.00
20120111	9.15	9.18	8.94	9.06	6344056	65590892.00
20120112	9.03	9.20	9.01	9.03	5753782	59679668.00
20120113	9.03	9.09	8.71	8.77	5959641	60029288.00
20120116	8.65	8.74	8.44	8.47	4671652	45534316.00
20120117	8.50	8.95	8.39	8.90	6316136	62378584.00
20120118	8.89	9.04	8.64	8.67	6259570	63124196.00
20120119	8.69	8.90	8.60	8.78	5259245	52397724.00
20120120	8.80	9.09	8.80	9.01	7832941	80324896.00
20120130	8.97	9.17	8.92	9.04	6343075	65499256.00
20120131	9.01	9.10	8.94	9.02	4372802	44885504.00
20120201	9.00	9.09	8.84	8.87	4566466	46574704.00
20120202	8.84	8.95	8.77	8.94	5855064	58904024.00
20120203	8.92	9.07	8.86	9.03	6464553	65961768.00
20120206	9.05	9.07	8.96	9.06	5684499	58543216.00
20120207	9.01	9.01	8.80	8.85	4801256	48491192.00
20120208	8.81	9.15	8.80	9.08	9442744	97195928.00
20120209	9.08	9.31	9.05	9.22	11156249	117292872.00
20120210	9.18	9.29	9.10	9.19	6631546	69703888.00
20120213	9.17	9.40	9.07	9.35	9458144	100475944.00
20120214	9.37	9.40	9.22	9.33	6150782	65725556.00
20120215	9.35	9.41	9.23	9.34	6943843	74209712.00
20120216	9.34	9.45	9.24	9.34	8954452	96029160.00
20120217	9.37	9.40	9.21	9.26	4730912	50291888.00
20120220	9.37	9.44	9.26	9.33	7055209	75852976.00
20120221	9.34	9.74	9.34	9.69	17600271	194399376.00
20120222	9.70	9.77	9.64	9.74	9254640	103424008.00
20120223	9.70	9.77	9.60	9.68	5775197	64454032.00
20120224	9.71	9.92	9.64	9.79	7870716	88987904.00
20120227	9.79	9.99	9.74	9.76	9702654	110449616.00
20120228	9.70	9.80	9.67	9.74	6116155	68543760.00
20120229	9.72	9.82	9.64	9.72	4870184	54696952.00
20120301	9.72	9.91	9.68	9.83	7682624	86993304.00
20120302	9.83	9.97	9.81	9.92	7998412	91311976.00
20120305	9.94	10.02	9.85	9.97	8328562	95649088.00
20120306	9.92	10.14	9.88	9.95	12341019	142835616.00
20120307	9.88	9.90	9.64	9.70	8262197	93222960.00
20120308	9.73	9.93	9.67	9.86	9340198	105623584.00
20120309	9.91	10.30	9.88	10.26	17647973	206968768.00
20120312	10.25	10.46	10.18	10.37	15193420	182097984.00
20120313	10.37	10.47	10.28	10.40	8915604	107674200.00
20120314	10.43	10.76	9.95	10.04	27363685	332731392.00
20120315	10.03	10.37	9.92	10.27	15833424	187141360.00
20120316	10.22	10.90	10.22	10.78	26674891	331152800.00
20120319	10.79	10.90	10.60	10.66	15973371	199347616.00
20120320	10.67	10.76	10.37	10.53	11817748	144955632.00
20120321	10.57	10.64	10.24	10.45	10647578	129125880.00
20120322	10.43	10.54	10.32	10.44	8159929	98990056.00
20120323	10.34	10.42	9.94	10.09	10655871	125429440.00
20120326	10.07	10.53	10.04	10.51	13864342	165724720.00
20120327	10.50	10.61	10.27	10.32	12933056	156888176.00
20120328	10.10	10.16	9.49	9.52	21474841	241435744.00
20120329	9.48	9.64	9.29	9.36	10230431	110817480.00
20120330	9.40	9.47	9.14	9.20	7732284	81885000.00
20120405	9.27	9.85	9.20	9.69	10481285	115064888.00
20120406	9.69	9.88	9.62	9.77	7137499	80072528.00
20120409	9.75	9.76	9.49	9.53	5523437	61228120.00
20120410	9.52	9.72	9.28	9.71	6638851	72037856.00
20120411	9.57	9.83	9.54	9.69	5582110	62339192.00
20120412	9.72	9.90	9.68	9.84	8064309	91248232.00
20120413	9.91	9.91	9.75	9.77	6657206	75358272.00
20120416	9.75	9.90	9.66	9.80	6319440	71591736.00
20120417	9.77	9.84	9.54	9.56	5854408	65127732.00
20120418	9.61	9.74	9.48	9.74	6960943	77165456.00
20120420	9.70	9.83	9.59	9.80	8247785	92404480.00
20120423	9.84	10.18	9.82	10.07	14808186	172551216.00
20120424	9.95	10.37	9.80	10.31	16540651	194260448.00
20120425	10.26	10.40	10.15	10.25	10449024	124531704.00
20120426	10.29	10.43	10.19	10.35	9373392	112400616.00
20120427	10.32	10.69	10.29	10.48	15868751	194995168.00
20120502	10.55	10.59	10.39	10.56	12155808	148236256.00
20120503	10.54	10.79	10.50	10.64	13874786	172885776.00
20120504	10.58	11.09	10.57	10.87	16009190	203580832.00
20120507	10.83	11.18	10.76	11.05	19416052	249943696.00
20120508	11.04	11.07	10.70	10.80	15972964	201807552.00
20120509	10.72	10.88	10.57	10.61	10914522	136291008.00
20120510	10.61	11.04	10.60	10.99	15714250	199814336.00
20120511	10.99	11.24	10.91	11.10	21204057	276574880.00
20120514	11.18	11.20	10.87	10.90	12464867	160282368.00
20120515	10.80	10.98	10.79	10.96	10678019	135729824.00
20120516	11.22	11.49	10.97	11.02	20276407	267027920.00
20120517	11.03	11.98	10.84	11.75	33827945	457502976.00
20120518	11.59	12.24	11.57	11.82	34210064	480276576.00
20120522	12.14	12.89	11.95	12.89	61419499	909503872.00
20120523	12.64	13.94	12.62	13.58	69049997	1091618176.00
20120524	13.50	13.85	13.30	13.60	48400559	782299328.00
20120525	13.50	13.63	13.11	13.27	36333721	576835776.00
20120528	13.15	13.40	12.92	13.25	30369351	476759424.00
20120529	13.17	13.48	12.99	13.24	32324424	511769568.00
20120530	13.11	13.48	13.03	13.32	23338823	369334368.00
20120531	13.24	14.09	13.17	13.42	45801737	748607296.00
20120601	13.33	13.45	13.07	13.20	29680694	467175168.00
20120604	12.90	13.22	12.66	12.70	23842842	366514080.00
20120605	12.76	12.85	12.43	12.55	16010463	239600864.00
20120606	12.54	12.77	12.38	12.56	15376976	229883440.00
20120607	12.77	12.81	12.45	12.60	13195422	197729536.00
20120608	12.69	12.74	12.17	12.29	14762898	216442112.00
20120611	12.26	12.45	12.07	12.44	13191984	191339232.00
20120612	12.37	12.64	12.24	12.49	12430101	183702224.00
20120613	12.53	13.17	12.53	13.12	26618476	407668288.00
20120614	12.97	13.39	12.82	12.86	22798848	355230848.00
20120615	12.91	13.15	12.20	12.37	35362697	526361856.00
20120619	12.41	12.86	12.41	12.70	54271113	810620352.00
20120620	12.53	12.64	11.84	12.00	37797235	542972224.00
20120621	12.04	12.14	11.74	12.09	15644718	220326896.00
20120625	12.09	12.17	11.53	11.56	16860928	234473776.00
20120626	11.54	11.70	11.45	11.67	12185539	165444928.00
20120627	11.67	12.00	11.59	11.86	13765796	191630656.00
20120628	11.84	12.00	11.76	11.85	10201663	142479232.00
20120629	11.87	12.24	11.77	12.12	13925910	198304032.00
20120702	12.20	12.90	12.08	12.61	25374530	376574496.00
20120703	12.54	12.64	12.38	12.57	12434391	183771840.00
20120704	12.57	12.80	12.35	12.78	13404742	199078112.00
20120705	12.76	12.76	12.52	12.58	8866727	132029832.00
20120706	12.68	13.14	12.58	13.11	24122675	370358496.00
20120709	12.98	13.29	12.80	12.82	17115199	264986608.00
20120710	12.60	12.78	12.21	12.24	13058290	194033376.00
20120711	12.14	12.94	11.95	12.89	16684280	243724224.00
20120712	12.76	13.41	12.74	13.07	27292564	426641888.00
20120713	12.92	13.53	12.91	13.37	21623634	341090880.00
20120716	13.34	13.59	13.07	13.09	17529928	277258144.00
20120717	12.92	13.25	12.53	13.23	14939809	226835856.00
20120718	13.14	13.28	12.69	13.04	11867138	182606080.00
20120719	13.02	13.10	12.80	12.85	9221051	141585216.00
20120720	12.77	13.04	12.60	12.67	9575626	145347216.00
20120723	12.45	12.52	12.07	12.14	15202984	220580192.00
20120724	12.03	12.40	11.99	12.30	10126898	145711808.00
20120725	12.23	12.38	12.03	12.07	5630821	81075432.00
20120726	11.99	12.34	11.88	12.07	7172519	102522696.00
20120727	12.09	12.17	11.69	11.81	6289616	87583768.00
20120730	11.90	11.95	11.57	11.75	4637183	63922392.00
20120731	11.76	11.83	11.25	11.27	8490262	113568400.00
20120801	11.27	11.57	11.25	11.45	6043773	80963784.00
20120802	11.45	11.63	11.39	11.54	5312345	71626120.00
20120803	11.58	11.97	11.47	11.92	6596453	90674208.00
20120806	11.84	12.10	11.77	12.04	7248934	101963080.00
20120807	11.99	12.07	11.79	11.93	6504115	90953592.00
20120808	11.94	11.97	11.67	11.68	5734988	79448456.00
20120809	11.67	12.14	11.50	12.13	10138396	142209088.00
20120810	12.10	12.17	11.84	11.93	6850645	96386888.00
20120813	11.85	12.10	11.77	11.83	5745648	80696568.00
20120814	11.83	11.97	11.54	11.95	4274505	59041704.00
20120815	11.87	11.91	11.60	11.69	4571276	63080472.00
20120816	11.59	11.74	11.41	11.50	4465641	60439584.00
20120817	11.53	11.53	11.11	11.26	6647585	87438456.00
20120820	11.10	11.33	11.03	11.31	3272323	42917428.00
20120821	11.31	11.53	11.22	11.43	4006125	53582464.00
20120822	11.44	11.47	11.12	11.20	4756628	62430216.00
20120823	11.21	11.29	11.13	11.23	3551913	46500024.00
20120824	11.23	11.27	11.07	11.13	3613974	47031996.00
20120827	11.04	11.13	10.83	10.87	4684459	59649856.00
20120828	10.84	10.98	10.72	10.87	3467637	43776864.00
20120829	10.81	10.95	10.77	10.80	2807329	35443472.00
20120830	10.84	10.84	10.22	10.43	5219655	63293904.00
20120831	10.37	10.54	10.34	10.48	2598979	31410162.00
20120903	10.44	10.76	10.43	10.72	4222100	52248440.00
20120904	10.80	10.85	10.53	10.59	3207062	39683448.00
20120905	10.54	10.61	10.46	10.60	2333350	28569124.00
20120906	10.62	11.02	10.60	10.94	5850623	73878760.00
20120907	10.99	11.47	10.91	11.35	7854673	103143928.00
20120910	11.30	11.45	11.18	11.28	5450716	71947272.00
20120911	11.21	11.28	11.06	11.12	4502103	58502736.00
20120912	11.16	11.44	11.16	11.31	5035976	66548908.00
20120913	11.36	11.39	11.10	11.10	2849073	37286100.00
20120914	11.11	11.25	11.07	11.13	3596402	46820288.00
20120917	11.14	11.16	10.67	10.67	4988078	63090160.00
20120918	10.64	10.85	10.64	10.70	3361330	42012496.00
20120919	10.75	10.80	10.69	10.80	2104728	26270464.00
20120920	10.82	10.83	10.57	10.57	2716543	33530520.00
20120921	10.49	10.65	10.44	10.46	1834603	22434836.00
20120924	10.45	10.66	10.24	10.60	2389577	29090478.00
20120925	10.60	10.80	10.57	10.77	3004395	37382996.00
20120926	10.74	10.80	10.51	10.60	2107969	26026140.00
20120927	10.57	11.00	10.50	10.90	4918710	61718296.00
20120928	10.84	11.18	10.80	11.13	5172153	66701096.00
20121008	11.07	11.22	10.91	11.04	2974561	38281932.00
20121009	11.04	11.32	10.99	11.31	5445416	71241832.00
20121010	11.31	11.34	11.17	11.27	2890589	37973256.00
20121011	11.23	11.26	11.00	11.04	3616863	46817528.00
20121012	11.04	11.22	11.02	11.03	2960602	38303476.00
20121015	11.03	11.29	11.00	11.23	3913235	51106208.00
20121016	11.24	11.69	11.19	11.59	12849966	173324672.00
20121017	11.58	11.69	11.44	11.57	4943495	66832452.00
20121018	11.56	11.91	11.54	11.90	10952513	151470624.00
20121019	11.86	12.07	11.76	11.82	6562752	91786832.00
20121022	11.74	11.82	11.57	11.74	5722888	78320472.00
20121023	11.73	11.73	11.30	11.37	6955003	93682624.00
20121024	11.32	11.83	11.30	11.67	10455437	142366528.00
20121025	11.45	11.52	11.08	11.22	8254895	109066648.00
20121026	11.20	11.31	10.95	11.03	4865415	63034584.00
20121029	10.99	11.07	10.75	10.87	6365312	80400480.00
20121030	10.88	11.08	10.88	10.98	2874306	36873916.00
20121031	10.98	11.22	10.95	11.16	3970510	51539368.00
20121101	11.14	11.30	11.13	11.23	4459661	58450968.00
20121102	11.24	11.41	11.14	11.37	5479310	72239344.00
20121105	11.34	11.34	11.04	11.13	6048879	78769320.00
20121106	11.03	11.14	10.87	10.99	4870884	62352196.00
20121107	11.07	11.07	10.91	11.00	2912470	37201960.00
20121108	10.94	11.08	10.84	10.84	3110619	39539780.00
20121109	10.85	10.90	10.50	10.57	4271645	53069624.00
20121112	10.59	10.71	10.53	10.60	2830942	34873688.00
20121113	10.60	10.64	10.50	10.54	2070621	25327820.00
20121114	10.54	10.58	10.28	10.37	4218887	50735832.00
20121115	10.42	10.50	10.23	10.29	5799967	69441168.00
20121116	10.29	10.29	9.88	10.04	4747305	54923116.00
20121119	10.05	10.05	9.47	9.80	7620206	84619344.00
20121120	9.76	9.80	9.54	9.63	5938367	65607128.00
20121121	9.61	9.74	9.54	9.74	4310775	47565540.00
20121122	9.64	9.72	9.51	9.61	3203717	35322168.00
20121123	9.60	10.11	9.60	9.86	6957480	79106928.00
20121126	9.77	9.84	9.63	9.68	2834570	31553908.00
20121127	9.67	9.74	9.59	9.60	3599160	39865736.00
20121128	9.50	9.51	9.16	9.26	5804636	61426072.00
20121129	9.36	9.37	8.93	8.94	5199081	53911992.00
20121130	8.94	8.95	8.66	8.88	8067250	80468184.00
20121203	8.88	8.89	8.48	8.53	6635378	65099104.00
20121204	8.45	8.78	8.44	8.74	6460842	62647236.00
20121205	8.68	9.05	8.60	8.92	8710580	87491232.00
20121206	8.91	9.42	8.76	9.29	10685930	110291672.00
20121207	9.18	9.39	9.08	9.29	9274210	97782128.00
20121210	9.26	9.49	9.12	9.46	8912308	94660280.00
20121211	9.37	9.53	9.33	9.34	8043609	86751480.00
20121212	9.34	9.67	9.30	9.55	9996607	109114680.00
20121213	9.50	9.66	9.39	9.48	5554285	60457260.00
20121214	9.43	9.84	9.39	9.78	8016941	88672216.00
20121217	9.77	10.07	9.64	9.82	9333321	105608104.00
20121218	9.76	9.76	9.54	9.66	11591803	127934816.00
20121219	9.62	9.74	9.52	9.67	7705974	85071032.00
20121220	9.60	9.61	9.40	9.52	7719188	83740928.00
20121221	9.47	9.59	9.41	9.47	5132114	55595392.00
20121224	9.47	9.47	9.33	9.37	6863182	73573440.00
20121225	9.36	9.70	9.31	9.61	10229779	111934000.00
20121226	9.62	9.80	9.60	9.79	9131863	101896536.00
20121227	9.80	9.95	9.70	9.81	11257408	126978848.00
20121228	9.77	10.03	9.77	9.89	7788237	88552408.00
20121231	9.89	9.97	9.78	9.93	9020348	102025744.00
20130104	9.99	10.00	9.61	9.72	8575590	96306864.00
20130107	9.72	9.76	9.64	9.70	11044607	122713640.00
20130108	9.70	10.18	9.65	10.17	22651544	258426272.00
20130109	10.07	10.20	9.95	10.07	14376012	167027744.00
20130110	10.07	10.10	9.94	9.99	7812371	90100960.00
20130111	10.00	10.07	9.72	9.78	8999511	102512096.00
20130114	9.75	9.97	9.63	9.96	11883251	134358816.00
20130115	9.91	10.10	9.85	10.07	13601979	156453616.00
20130116	10.07	10.26	9.96	10.23	15662839	182815440.00
20130117	10.18	10.30	10.07	10.07	8991252	105253200.00
20130118	10.07	10.19	9.99	10.13	7234207	84027376.00
20130121	10.14	10.25	10.07	10.24	7537823	88491928.00
20130122	10.23	10.23	9.88	10.03	8072755	93596952.00
20130123	10.03	10.05	9.92	10.03	5788829	66482680.00
20130124	10.01	10.10	9.64	9.66	9067493	103060880.00
20130125	9.67	9.74	9.45	9.47	7294811	79855160.00
20130128	9.47	9.52	9.20	9.45	14463338	153633312.00
20130129	9.38	9.57	9.31	9.49	9843340	106246968.00
20130130	9.45	9.62	9.42	9.57	9007431	98188848.00
20130131	9.57	9.58	9.39	9.44	5693643	61477860.00
20130201	9.40	9.56	9.37	9.47	5898303	63926272.00
20130204	9.45	9.51	9.30	9.37	7273792	77759560.00
20130205	9.37	9.59	9.26	9.59	7771532	84179056.00
20130206	9.55	9.87	9.55	9.77	12308525	137468512.00
20130207	9.73	9.81	9.60	9.73	8150704	90704464.00
20130208	9.74	9.93	9.69	9.87	8103478	91757168.00
20130218	9.87	9.90	9.66	9.71	6853398	76617552.00
20130219	9.68	10.05	9.67	9.88	11511287	130632456.00
20130220	9.94	10.18	9.75	10.15	15469693	178682032.00
20130221	10.13	10.34	10.03	10.07	17822942	210045408.00
20130222	10.06	10.49	10.01	10.24	17491774	208203792.00
20130225	10.23	10.39	10.14	10.20	7890695	93170632.00
20130226	10.15	10.20	9.84	9.86	9523208	109827280.00
20130227	9.87	9.94	9.70	9.79	6105401	68625720.00
20130228	9.76	9.88	9.72	9.87	7536672	84696032.00
20130301	9.85	10.27	9.82	10.24	12905234	149673776.00
20130304	10.25	10.42	9.94	10.09	13051800	154487520.00
20130305	10.07	10.46	10.07	10.39	12624312	151352288.00
20130306	10.39	10.73	10.30	10.72	15529145	189578832.00
20130307	10.64	11.14	10.61	11.02	29516696	376367488.00
20130308	10.96	11.05	10.76	10.92	9116677	115631632.00
20130311	10.88	11.10	10.80	10.94	12109754	154087104.00
20130312	10.85	10.87	10.03	10.37	19116123	231409520.00
20130313	10.26	10.41	10.04	10.30	8509059	100716040.00
20130314	10.30	10.53	10.16	10.27	6936771	82991736.00
20130315	10.36	10.44	10.11	10.16	6088940	71935040.00
20130318	10.13	10.50	10.07	10.37	7110998	84767368.00
20130319	10.37	10.63	10.23	10.43	7760836	93953784.00
20130320	10.41	10.64	10.37	10.57	8027763	97852960.00
20130321	10.53	10.80	10.49	10.70	7693711	95380376.00
20130322	10.62	11.07	10.62	10.90	11296764	143460160.00
20130325	10.91	11.03	10.64	10.71	9116862	114705472.00
20130326	10.74	11.22	10.51	11.20	13704656	173754496.00
20130327	11.14	11.34	10.91	11.00	18099235	236166192.00
20130328	10.80	11.21	10.68	10.87	10365687	132334960.00
20130329	10.87	10.90	10.44	10.45	9595870	118622848.00
20130401	10.44	10.57	10.29	10.40	9857179	119316648.00
20130402	10.41	10.76	10.40	10.46	7302104	89474208.00
20130403	10.48	10.68	10.45	10.65	6884801	84406624.00
20130408	10.54	10.55	10.26	10.50	4428975	53562856.00
20130409	10.45	10.60	10.44	10.47	4573788	55659816.00
20130410	10.46	10.80	10.44	10.70	8043615	99449056.00
20130411	10.70	10.70	10.52	10.67	4830784	59346580.00
20130412	10.67	10.67	10.26	10.30	9803108	117369328.00
20130415	10.22	10.24	9.46	9.59	17379729	194300960.00
20130416	9.38	9.64	9.30	9.63	6307905	68466968.00
20130417	9.63	9.66	9.51	9.57	5093243	55970540.00
20130418	9.55	9.64	9.49	9.61	4157801	45597816.00
20130419	9.61	9.78	9.57	9.71	5285823	58918344.00
20130422	9.63	9.66	9.45	9.54	5450752	59594712.00
20130423	9.54	9.58	9.44	9.47	3573999	38819352.00
20130424	9.49	9.52	9.00	9.18	10397345	109288000.00
20130425	9.22	9.23	9.03	9.16	6055305	62874488.00
20130426	9.16	9.21	9.14	9.16	3536095	36916264.00
20130502	9.19	9.19	8.96	9.16	3025242	31324432.00
20130503	9.13	9.36	9.13	9.30	3816290	40356712.00
20130506	9.30	9.44	9.27	9.43	3618242	38740616.00
20130507	9.41	9.64	9.39	9.55	6175131	67213496.00
20130508	9.53	9.60	9.44	9.47	4274939	46472244.00
20130509	9.45	9.57	9.37	9.47	5032018	54424544.00
20130510	9.46	9.54	9.41	9.48	3601794	39023472.00
20130513	9.50	9.74	9.46	9.71	7855727	86722928.00
20130514	9.68	9.77	9.60	9.68	5078839	56256296.00
20130515	9.68	9.89	9.66	9.82	6631389	74819888.00
20130516	9.82	10.13	9.82	10.05	9187454	105656000.00
20130517	10.04	10.20	9.94	10.05	7076813	82181352.00
20130520	10.06	10.18	9.90	10.15	7278129	84049712.00
20130521	10.15	10.17	10.01	10.13	4304206	50044288.00
20130522	10.09	10.18	9.99	10.15	7580837	88313728.00
20130523	10.14	10.34	10.07	10.07	6607025	77812272.00
20130524	10.09	10.53	10.07	10.46	8384630	99579184.00
20130527	10.49	10.64	10.37	10.50	9557527	116231400.00
20130528	10.50	10.50	10.30	10.39	5311189	63831504.00
20130529	10.37	10.45	10.28	10.34	8312376	99398832.00
20130530	10.34	10.72	10.24	10.56	12238893	148277648.00
20130531	10.59	10.80	10.49	10.69	14581464	181163712.00
20130603	10.69	11.05	10.60	10.84	19015195	240365088.00
20130604	10.83	10.95	10.68	10.83	8758609	109494080.00
20130605	10.80	11.28	10.80	11.17	14762161	190901584.00
20130606	11.07	11.20	10.67	10.74	28305286	364187648.00
20130607	10.74	10.90	10.38	10.80	24099870	299581696.00
20130613	10.76	11.76	10.53	11.05	19698819	247874000.00
20130614	10.75	11.09	10.57	10.77	32580699	407725568.00
20130617	10.76	10.81	10.40	10.54	13879994	170867808.00
20130618	10.53	10.58	10.28	10.29	9900578	117580016.00
20130619	10.37	10.59	10.28	10.58	12172053	145844736.00
20130620	10.58	10.60	10.06	10.20	9270549	110386432.00
20130621	10.07	10.41	9.90	10.31	4850909	56262704.00
20130624	10.26	10.57	10.06	10.26	17661005	209679040.00
20130625	10.23	10.36	9.36	9.87	13346203	149644224.00
20130626	9.88	10.12	9.84	10.05	7008250	80041232.00
20130627	9.97	10.17	9.79	9.84	5765132	65778856.00
20130628	9.84	9.95	9.61	9.85	11585937	129481128.00
20130701	9.83	10.14	9.70	10.09	17827765	202633200.00
20130702	10.10	10.40	9.99	10.29	17652559	205468384.00
20130703	10.22	10.23	9.94	10.03	8361257	95823888.00
20130704	9.98	10.34	9.92	10.24	14458408	167886304.00
20130705	10.20	10.45	10.17	10.22	12801710	151710176.00
20130708	10.07	10.11	9.81	9.82	6104753	69191184.00
20130709	9.82	10.10	9.77	9.84	4671583	52605632.00
20130710	9.91	10.40	9.80	10.27	11970196	137748368.00
20130711	10.30	10.50	10.22	10.42	24558610	293150400.00
20130712	10.36	10.59	10.20	10.26	16416434	196021920.00
20130715	10.30	10.40	10.17	10.36	9246385	109184304.00
20130716	10.35	10.51	10.20	10.44	11341259	135323840.00
20130717	10.40	10.52	10.13	10.16	10479411	123588688.00
20130718	10.14	10.20	9.92	9.94	7443130	84966304.00
20130719	9.94	10.10	9.84	9.87	14098978	160628944.00
20130722	9.80	10.05	9.70	9.95	5702881	64720420.00
20130723	9.95	10.24	9.91	10.18	14860832	171187936.00
20130724	10.07	10.33	10.03	10.24	15701271	183581472.00
20130725	10.24	10.39	10.10	10.24	16852618	198378336.00
20130726	10.16	10.24	9.90	9.94	8325316	95079544.00
20130729	9.92	9.92	9.71	9.73	5227079	58181624.00
20130730	9.72	9.87	9.68	9.77	3413289	37907456.00
20130731	9.78	9.87	9.76	9.80	3154394	35220332.00
20130801	9.80	9.97	9.80	9.94	3782461	42645160.00
20130802	9.94	10.03	9.89	9.93	5304025	60173080.00
20130805	9.93	10.28	9.90	10.12	10722648	124536320.00
20130806	10.20	10.33	10.14	10.22	14394193	168655792.00
20130807	10.18	10.23	9.98	10.00	7150832	82529480.00
20130808	9.95	10.20	9.95	10.10	7206588	83092096.00
20130809	10.07	10.15	9.95	10.07	5461084	62723080.00
20130812	10.09	10.22	10.04	10.22	6951087	80804640.00
20130813	10.20	10.25	10.14	10.23	4938691	57605096.00
20130814	10.23	10.24	10.02	10.04	6128254	71004696.00
20130815	10.04	10.05	9.93	9.94	5672308	64541060.00
20130816	9.91	10.08	9.84	9.84	4713094	53375024.00
20130819	9.86	9.92	9.83	9.90	3245715	36528520.00
20130820	9.90	9.94	9.84	9.86	3640270	41034356.00
20130821	9.90	9.94	9.83	9.92	3337870	37593580.00
20130822	9.95	10.34	9.94	10.20	13644690	157944432.00
20130823	10.18	10.24	10.03	10.14	12473726	145241472.00
20130826	10.11	10.25	10.07	10.24	7492518	87349256.00
20130827	10.28	10.31	10.15	10.26	14801744	173850400.00
20130828	10.21	10.21	10.03	10.07	6420333	74246624.00
20130829	10.07	10.14	9.99	10.02	3734042	42853680.00
20130830	10.02	10.09	9.91	9.97	4728653	54066144.00
20130902	9.95	10.08	9.92	10.07	6145030	70200944.00
20130903	10.09	10.12	9.98	10.07	6134504	70274320.00
20130904	10.07	10.08	9.95	9.97	4998668	57055416.00
20130905	9.99	10.10	9.96	10.03	4968591	56977096.00
20130906	10.07	10.07	9.96	9.97	4873431	55606556.00
20130909	9.97	10.11	9.93	10.07	7287505	83481312.00
20130910	10.17	10.28	10.10	10.17	13567539	157935184.00
20130911	10.20	10.40	10.09	10.37	21501615	253907536.00
20130912	10.34	10.37	10.26	10.30	8462525	99879944.00
20130913	10.27	10.52	10.22	10.40	16172196	192935792.00
20130916	10.34	10.47	10.27	10.34	9577937	113723016.00
20130917	10.42	10.66	10.29	10.53	18974633	228753456.00
20130918	10.53	10.66	10.43	10.47	10566212	127739776.00
20130923	10.46	10.53	10.31	10.34	11709429	139294544.00
20130924	10.37	10.50	10.27	10.30	9031529	107518024.00
20130925	10.32	10.58	10.26	10.47	10829513	129598296.00
20130926	10.42	10.44	10.18	10.22	8350527	98599984.00
20130927	10.22	10.44	10.14	10.33	9138805	107760688.00
20130930	10.30	10.35	10.18	10.21	5504342	64694024.00
20131008	10.22	10.31	10.18	10.22	5428542	63721244.00
20131009	10.24	10.48	10.20	10.40	9369996	111625904.00
20131010	10.39	10.51	10.31	10.35	7824197	93441208.00
20131011	10.37	10.60	10.30	10.56	11893398	143276128.00
20131014	10.55	11.30	10.47	11.10	27081250	344980000.00
20131015	11.01	11.20	10.93	11.07	12643628	162133360.00
20131016	11.03	11.06	10.68	10.76	8740142	109010944.00
20131017	10.77	10.85	10.67	10.70	5438089	67402856.00
20131018	10.75	11.03	10.70	10.87	7052699	88560624.00
20131021	10.84	11.05	10.74	10.96	8407521	105777728.00
20131022	10.96	11.00	10.76	10.92	7148096	89723008.00
20131023	10.96	10.97	10.26	10.40	8950306	109070608.00
20131024	10.34	10.56	10.27	10.34	5406090	64423080.00
20131025	10.19	10.32	9.84	9.94	10460490	119568712.00
20131028	9.84	9.88	9.24	9.37	12176307	130197856.00
20131029	9.31	9.40	9.02	9.20	7107033	73836304.00
20131030	9.15	9.34	9.13	9.26	4229007	44105600.00
20131031	9.27	9.37	9.04	9.34	7112931	74242240.00
20131101	9.18	9.31	9.18	9.24	3277618	34199832.00
20131104	9.22	9.34	9.20	9.30	3026118	31650756.00
20131105	9.30	9.35	9.17	9.34	3361760	35209200.00
20131106	9.34	9.48	9.22	9.24	4899608	51797540.00
20131107	9.24	9.29	9.04	9.07	4222372	43548296.00
20131108	9.05	9.12	8.80	8.82	5687138	56940568.00
20131111	8.83	8.95	8.70	8.91	5808792	57583400.00
20131112	8.90	9.15	8.82	9.10	8875300	89887760.00
20131113	9.04	9.07	8.84	8.84	5985504	60145904.00
20131114	8.83	8.90	8.75	8.84	3233408	32036400.00
20131115	8.84	9.12	8.84	9.03	6609886	67231744.00
20131118	9.04	9.22	9.04	9.17	7110195	73334224.00
20131119	9.19	9.26	9.07	9.14	6769910	69778000.00
20131120	9.14	9.17	9.00	9.04	8880727	90341504.00
20131121	9.04	9.04	8.92	8.96	6894822	69462392.00
20131122	8.98	9.02	8.90	8.93	6697959	67195712.00
20131125	8.92	8.97	8.84	8.94	5195406	52074552.00
20131126	8.94	8.99	8.90	8.96	3791504	38048192.00
20131127	8.97	9.05	8.92	9.02	5386981	54402152.00
20131128	9.03	9.18	9.02	9.10	8748686	89762800.00
20131129	9.10	9.19	9.04	9.07	7758156	79616728.00
20131202	8.99	9.14	8.86	8.92	10385749	104667928.00
20131203	8.88	8.99	8.84	8.97	7633981	76504128.00
20131204	8.96	9.20	8.91	9.14	16214555	166223408.00
20131205	9.14	9.19	9.07	9.15	8563558	88033904.00
20131206	9.11	9.24	9.10	9.19	8778872	90836768.00
20131209	9.19	9.27	9.11	9.26	8839425	91691888.00
20131210	9.28	9.30	9.19	9.23	8612281	89856720.00
20131211	9.22	9.27	9.15	9.27	7054374	73137448.00
20131212	9.24	9.27	9.14	9.15	5818527	60264336.00
20131213	9.17	9.19	9.10	9.18	4732003	48735424.00
20131216	9.17	9.17	8.91	8.94	6532660	66169584.00
20131217	8.97	8.99	8.88	8.91	4454716	44643032.00
20131218	8.96	9.01	8.88	8.97	4023451	40477888.00
20131219	8.96	8.99	8.87	8.88	5333998	53334256.00
20131220	8.88	8.89	8.48	8.51	13123041	126962256.00
20131223	8.55	8.57	8.44	8.48	4720394	44614804.00
20131224	8.49	8.62	8.45	8.48	5059773	48062932.00
20131225	8.50	8.55	8.38	8.45	7766428	72911216.00
20131226	8.46	8.47	8.22	8.26	9422096	86694480.00
20131227	8.27	8.39	8.24	8.36	7420539	68444200.00
20131230	8.37	8.69	8.36	8.55	10941051	103978912.00
20131231	8.55	8.64	8.48	8.52	8094265	77399688.00
20140102	8.53	8.54	8.41	8.53	6546915	61822672.00
20140103	8.48	8.49	8.37	8.45	6161048	57563216.00
20140106	8.41	8.61	8.36	8.48	10059907	95349880.00
20140107	8.49	8.65	8.37	8.41	7871021	74500704.00
20140108	8.40	8.44	8.23	8.25	7888100	72489536.00
20140109	8.24	8.26	8.07	8.16	10209765	92157272.00
20140110	8.10	8.21	8.04	8.07	4724827	42211084.00
20140113	8.08	8.13	8.04	8.06	3189081	28417134.00
20140114	8.07	8.30	7.97	8.22	5871359	52751848.00
20140115	8.18	8.58	8.12	8.40	13690813	126065616.00
20140116	8.37	8.56	8.34	8.47	23028791	216100096.00
20140117	8.43	8.59	8.30	8.52	7920303	74238776.00
20140120	8.47	8.67	8.42	8.62	20208621	193570512.00
20140121	8.62	8.74	8.52	8.60	14920056	143451888.00
20140122	8.57	8.86	8.49	8.69	11374323	109899808.00
20140123	8.67	8.74	8.55	8.57	25191921	242513248.00
20140124	8.56	8.57	8.46	8.53	7472021	70906240.00
20140127	8.49	8.63	8.42	8.57	14749019	140846976.00
20140128	8.58	8.66	8.44	8.46	13848641	132283216.00
20140129	8.47	8.49	8.31	8.32	6327819	58818040.00
20140130	8.33	8.39	8.26	8.30	3174538	29286420.00
20140207	8.27	8.36	8.19	8.35	3395602	31231560.00
20140210	8.36	8.48	8.34	8.47	5905187	55306520.00
20140211	8.47	8.67	8.41	8.57	14461162	137736976.00
20140212	8.56	8.62	8.47	8.57	10117038	96029200.00
20140213	8.52	8.64	8.47	8.49	15433531	147709200.00
20140214	8.48	8.59	8.44	8.55	8012485	76007104.00
20140217	8.56	8.73	8.52	8.68	18315321	176652032.00
20140218	8.64	8.69	8.52	8.54	10609530	101658736.00
20140219	8.52	8.62	8.47	8.56	8159176	77972712.00
20140220	8.60	8.80	8.60	8.66	21428840	208499584.00
20140221	8.65	8.80	8.61	8.68	12235467	119047240.00
20140224	8.66	8.66	8.37	8.40	9867557	92966384.00
20140225	8.38	8.50	8.11	8.17	11059187	101978176.00
20140226	8.16	8.20	7.90	8.00	12210606	107761008.00
20140227	8.00	8.07	7.91	7.93	5772765	50795400.00
20140228	7.95	8.00	7.90	7.97	5154544	45082808.00
20140303	7.99	8.10	7.95	8.07	6122647	54118688.00
20140304	8.04	8.04	7.92	8.01	6676855	58608384.00
20140305	8.01	8.08	7.87	7.97	6201451	54407288.00
20140306	7.95	7.98	7.88	7.93	5741710	49948936.00
20140307	7.92	7.98	7.91	7.97	3813935	33350832.00
20140310	7.96	8.00	7.70	7.71	6411451	55378224.00
20140311	7.71	7.88	7.67	7.82	5540214	47225496.00
20140312	7.82	7.87	7.69	7.77	4168261	35564352.00
20140313	7.80	8.07	7.74	8.01	12621035	111039032.00
20140314	7.97	8.01	7.84	7.88	5236441	45487976.00
20140317	7.91	7.97	7.87	7.94	3424005	29791066.00
20140318	7.95	8.08	7.90	7.93	6674316	58706096.00
20140319	7.90	7.94	7.82	7.87	3150410	27257280.00
20140320	7.87	7.97	7.62	7.64	4449324	38199588.00
20140321	7.64	7.84	7.62	7.77	5059605	42786360.00
20140324	7.75	7.88	7.74	7.87	4695206	40377352.00
20140325	7.84	7.89	7.80	7.84	4323472	37220520.00
20140326	7.85	7.90	7.78	7.84	4039686	34743888.00
20140327	7.84	7.86	7.74	7.74	3390915	28951312.00
20140328	7.74	7.80	7.63	7.64	3967730	33430206.00
20140331	7.65	7.71	7.62	7.65	2772634	23227536.00
20140401	7.68	7.74	7.64	7.73	2197322	18526420.00
20140402	7.74	7.78	7.72	7.77	3083688	26207028.00
20140403	7.77	7.80	7.71	7.74	2707726	22996784.00
20140404	7.74	7.79	7.71	7.77	2423117	20596884.00
20140408	7.76	7.86	7.74	7.86	4978101	42718176.00
20140409	7.86	7.94	7.83	7.88	5979244	51772692.00
20140410	7.87	7.90	7.84	7.89	3973122	34354960.00
20140411	7.89	7.97	7.88	7.93	5806419	50709784.00
20140414	7.93	7.94	7.87	7.90	2928925	25432196.00
20140415	7.90	7.92	7.80	7.81	3843779	33057658.00
20140416	7.82	7.84	7.75	7.77	3811303	32533094.00
20140417	7.80	7.81	7.77	7.79	2081156	17771432.00
20140418	7.78	7.82	7.75	7.80	1852941	15836701.00
20140421	7.79	7.80	7.67	7.67	3644523	30849752.00
20140422	7.70	7.71	7.60	7.63	4132765	34500768.00
20140423	7.63	7.74	7.63	7.66	3036876	25464208.00
20140424	7.65	7.67	7.60	7.61	2088144	17387316.00
20140425	7.60	7.62	7.34	7.47	7654792	62294380.00
20140428	7.45	7.45	7.28	7.29	4246379	33764032.00
20140429	7.28	7.41	7.28	7.38	2446235	19536742.00
20140430	7.37	7.42	7.34	7.39	2209979	17702136.00
20140505	7.38	7.47	7.34	7.44	2250228	18166780.00
20140506	7.45	7.47	7.38	7.45	1881829	15229659.00
20140507	7.45	7.45	7.37	7.37	2067184	16610098.00
20140508	7.37	7.59	7.36	7.50	8828851	72041072.00
20140509	7.50	7.51	7.38	7.40	3321608	26837260.00
20140512	7.42	7.56	7.39	7.54	4753182	38767320.00
20140513	7.56	7.58	7.52	7.54	2417560	19652994.00
20140514	7.52	7.54	7.48	7.49	2167868	17472350.00
20140515	7.49	7.49	7.39	7.41	2387745	19073638.00
20140516	7.43	7.48	7.38	7.44	1502956	11971846.00
20140519	7.44	7.45	7.33	7.37	1877390	14814069.00
20140520	7.40	7.41	7.34	7.37	1374748	10861806.00
20140521	7.36	7.42	7.34	7.40	1435912	11375108.00
20140522	7.40	7.77	7.37	7.66	17022050	137944992.00
20140523	7.64	7.75	7.57	7.67	12524126	103555016.00
20140526	7.69	7.72	7.65	7.67	13008159	108046056.00
20140527	7.67	7.67	7.55	7.56	4924434	40275076.00
20140528	7.55	7.62	7.53	7.61	3453508	28197102.00
20140529	7.56	7.62	7.50	7.51	8056361	65588592.00
20140530	7.51	7.54	7.44	7.45	6047435	48680444.00
20140603	7.45	7.49	7.33	7.34	10079707	80228096.00
20140612	7.12	7.60	7.12	7.43	20041230	151110464.00
20140613	7.40	7.52	7.35	7.49	12173017	92805976.00
20140616	7.51	7.69	7.43	7.61	19143259	148791824.00
20140617	7.61	7.76	7.53	7.72	15423639	121363200.00
20140618	7.67	7.78	7.57	7.61	10349337	81364912.00
20140619	7.56	7.64	7.41	7.51	8865897	68311856.00
20140620	7.43	7.61	7.40	7.52	5925504	45645952.00
20140623	7.50	7.67	7.43	7.58	29617631	229374432.00
20140624	7.58	7.73	7.50	7.70	28237169	221041840.00
20140625	7.64	7.67	7.53	7.63	8890283	69164744.00
20140626	7.61	7.80	7.57	7.71	12337071	96924808.00
20140627	7.69	7.90	7.60	7.79	31670973	252577184.00
20140701	7.65	7.70	7.46	7.62	19502355	151407280.00
20140702	7.59	7.66	7.57	7.62	8816294	68701152.00
20140703	7.62	7.65	7.58	7.62	7784259	60695020.00
20140704	7.60	7.68	7.57	7.63	9639582	75285104.00
20140707	7.61	7.65	7.58	7.61	5609454	43705708.00
20140708	7.61	7.66	7.58	7.64	5578273	43602576.00
20140709	7.62	7.74	7.51	7.66	14014977	109415168.00
20140710	7.62	7.66	7.58	7.60	6668547	51997728.00
20140711	7.59	7.68	7.55	7.67	6737124	52639976.00
20140714	7.71	7.85	7.65	7.79	19314551	153490992.00
20140715	7.87	8.12	7.87	7.94	24508804	199920416.00
20140716	7.92	8.02	7.83	7.87	11277718	91258368.00
20140717	7.90	8.01	7.85	7.99	10847261	88202080.00
20140718	7.97	8.17	7.97	8.05	16252975	133993304.00
20140721	8.07	8.11	7.93	7.97	8826412	72252576.00
20140722	7.97	8.02	7.92	7.97	10891295	88753920.00
20140723	7.93	8.00	7.78	7.89	19808529	159840624.00
20140724	7.86	7.94	7.83	7.92	14898998	120432808.00
20140725	7.91	8.03	7.88	7.97	10198582	83088432.00
20140728	8.03	8.14	7.99	8.11	15336755	126776896.00
20140729	8.13	8.20	8.04	8.07	13895791	115267944.00
20140730	8.07	8.18	8.03	8.13	10828832	89930440.00
20140731	8.13	8.28	8.09	8.22	17316964	145294848.00
20140801	8.22	8.27	8.07	8.08	12229758	102129216.00
20140804	8.07	8.22	8.05	8.20	10291766	85864128.00
20140805	8.20	8.23	8.11	8.18	9442609	78790848.00
20140806	8.16	8.30	8.14	8.29	13049812	109887600.00
20140807	8.37	8.59	8.35	8.39	24805116	213846496.00
20140808	8.39	8.53	8.31	8.45	12553003	107842392.00
20140811	8.47	8.59	8.41	8.56	15207874	132198872.00
20140812	8.54	8.70	8.53	8.66	17526268	154370880.00
20140813	8.67	8.78	8.58	8.69	17463117	154618720.00
20140814	8.70	8.71	8.43	8.45	17079018	149135504.00
20140815	8.42	8.71	8.41	8.55	13632431	119140728.00
20140818	8.50	8.58	8.46	8.56	11547413	100582128.00
20140819	8.55	8.55	8.34	8.43	17489020	150633440.00
20140820	8.42	8.49	8.39	8.44	10844185	93533312.00
20140821	8.40	8.45	8.31	8.41	15221507	130327448.00
20140822	8.40	8.69	8.39	8.67	22232473	194387472.00
20140825	8.67	8.71	8.43	8.44	12885356	111960320.00
20140826	8.43	8.51	8.12	8.18	15101645	127665488.00
20140827	8.17	8.31	8.14	8.28	6684024	56204956.00
20140828	8.27	8.31	8.14	8.27	6715877	56393376.00
20140829	8.27	8.31	8.19	8.28	5542807	46773936.00
20140901	8.30	8.43	8.25	8.39	9035748	76988472.00
20140902	8.40	8.54	8.38	8.51	13659346	118368904.00
20140903	8.52	8.77	8.48	8.61	22247117	196319536.00
20140904	8.59	8.99	8.52	8.79	36529359	326034400.00
20140905	8.77	8.82	8.66	8.69	15340543	136419648.00
20140909	8.66	8.67	8.54	8.61	14752137	129324912.00
20140910	8.58	8.71	8.51	8.66	13319462	117310640.00
20140911	8.64	8.74	8.51	8.56	19771449	174061648.00
20140912	8.54	8.59	8.50	8.59	11293811	98594872.00
20140915	8.55	8.67	8.55	8.65	12956264	114014784.00
20140916	8.63	8.67	8.35	8.36	16318575	142158352.00
20140917	8.37	8.44	8.30	8.39	10615637	90736040.00
20140918	8.38	8.44	8.34	8.42	6881680	59076804.00
20140919	8.42	8.54	8.40	8.51	7697094	66656776.00
20140922	8.50	8.50	8.27	8.28	10311225	87936600.00
20140923	8.30	8.35	8.26	8.33	6843796	58094816.00
20140924	8.32	8.45	8.30	8.43	10712241	91870208.00
20140925	8.44	8.53	8.44	8.47	12202771	105718528.00
20140926	8.44	8.46	8.38	8.43	7187583	61817832.00
20140929	8.47	8.57	8.45	8.54	16029036	139368480.00
20140930	8.56	8.60	8.52	8.57	12974419	113551136.00
20141008	8.59	8.66	8.56	8.64	15325162	134896448.00
20141009	8.65	8.66	8.50	8.60	16338036	143235424.00
20141010	8.57	8.68	8.52	8.61	15137477	132837104.00
20141013	8.60	8.60	8.49	8.54	9737399	84781296.00
20141014	8.55	8.62	8.46	8.52	9820438	85780104.00
20141015	8.51	8.65	8.49	8.64	15046944	131916576.00
20141016	8.61	8.75	8.53	8.54	23528614	208153440.00
20141017	8.51	8.57	8.31	8.36	15510140	133303144.00
20141020	8.37	8.42	8.34	8.39	7673739	65652108.00
20141021	8.39	8.45	8.30	8.30	8014549	68628808.00
20141022	8.29	8.32	8.07	8.08	11264895	94399384.00
20141023	8.07	8.13	7.86	7.93	9410425	76782896.00
20141024	7.93	7.98	7.90	7.93	5989032	48669552.00
20141027	7.94	7.98	7.90	7.94	5075550	41178736.00
20141028	7.92	8.11	7.92	8.08	6517687	53538696.00
20141029	8.09	8.16	8.03	8.13	10224531	84600912.00
20141030	8.12	8.17	8.09	8.13	8924655	74250824.00
20141031	8.13	8.26	8.12	8.22	13142442	109971944.00
20141103	8.21	8.30	8.17	8.23	9939601	83474312.00
20141104	8.22	8.35	8.16	8.30	14901330	125724816.00
20141105	8.26	8.27	8.15	8.18	11192714	93705224.00
20141106	8.16	8.20	8.10	8.19	9519527	79314272.00
20141107	8.18	8.26	8.08	8.12	10985309	91870432.00
20141110	8.15	8.36	8.13	8.36	17149824	145302816.00
20141111	8.39	8.49	8.17	8.25	25139391	214744960.00
20141112	8.18	8.45	8.17	8.43	14532358	123654528.00
20141113	8.43	8.48	8.34	8.36	15601518	134118168.00
20141114	8.36	8.47	8.32	8.38	16675876	143090272.00
20141117	8.44	8.51	8.31	8.36	12517672	107327936.00
20141118	8.35	8.36	8.22	8.25	11334175	95852864.00
20141119	8.26	8.28	8.20	8.24	7518116	63271372.00
20141120	8.20	8.32	8.17	8.30	8710775	73458448.00
20141121	8.29	8.32	8.24	8.32	9009385	76313328.00
20141124	8.36	8.44	8.29	8.38	24476319	208996704.00
20141125	8.38	8.48	8.36	8.47	19282808	166286384.00
20141126	8.47	8.55	8.42	8.52	27184434	235771008.00
20141127	8.50	8.57	8.44	8.52	19115521	165991248.00
20141128	8.51	8.52	8.39	8.51	20428457	176580496.00
20141201	8.51	8.76	8.47	8.68	48322877	425769504.00
20141202	8.64	8.76	8.56	8.69	32514290	287124576.00
20141203	8.69	8.91	8.64	8.78	43427118	388835168.00
20141204	8.74	8.91	8.71	8.90	42979070	387646368.00
20141205	8.87	9.00	8.47	8.66	42647860	380625952.00
20141208	8.62	8.87	8.52	8.80	32108531	285776832.00
20141209	8.78	9.06	8.57	8.61	46852933	421124320.00
20141210	8.62	8.88	8.52	8.85	26653703	237416464.00
20141211	8.80	8.97	8.71	8.87	30277931	272768544.00
20141212	8.88	9.24	8.83	9.18	46170553	426689888.00
20141215	9.10	9.18	9.03	9.18	29763630	276762080.00
20141216	9.15	9.16	8.99	9.05	24026198	221787424.00
20141217	9.04	9.05	8.74	8.88	21992913	199637280.00
20141218	8.81	8.94	8.81	8.89	14374856	130033752.00
20141219	8.88	8.97	8.81	8.92	22657837	205736544.00
20141222	8.92	8.94	8.52	8.60	25474859	226292480.00
20141223	8.60	8.85	8.56	8.66	18816534	167641040.00
20141224	8.66	8.89	8.66	8.78	20239233	181671888.00
20141225	8.83	8.89	8.73	8.87	15092558	135939664.00
20141226	8.83	9.04	8.78	8.99	25813133	235450784.00
20141229	9.02	9.10	8.88	8.95	25044729	230114288.00
20141230	8.94	8.99	8.64	8.67	20800841	186479008.00
20141231	8.69	8.77	8.62	8.76	12403902	110183848.00
20150105	8.77	9.07	8.73	9.06	33434508	305779360.00
20150106	8.99	9.09	8.93	9.05	20670307	190005264.00
20150107	9.04	9.36	9.00	9.27	44822610	419983776.00
20150108	9.24	9.36	9.06	9.19	30103072	282524608.00
20150109	9.17	9.40	9.04	9.05	33230452	313474720.00
20150112	9.00	9.06	8.71	8.79	21598992	195588384.00
20150113	8.76	8.90	8.73	8.89	12906835	116183640.00
20150114	8.87	8.92	8.72	8.77	13463910	121146640.00
20150115	8.78	8.90	8.74	8.90	9366700	84566096.00
20150116	8.88	8.98	8.86	8.90	14123700	128524048.00
20150119	8.72	8.83	8.29	8.38	21399108	188436112.00
20150120	8.47	8.57	8.38	8.56	12678898	110226072.00
20150121	8.56	8.78	8.55	8.75	15407235	136460928.00
20150122	8.73	8.81	8.71	8.78	14577300	130347824.00
20150123	8.77	8.79	8.63	8.68	17598950	156459936.00
20150126	8.68	8.86	8.64	8.85	15794095	141633568.00
20150127	8.86	8.91	8.76	8.88	15894508	143490480.00
20150128	8.89	8.89	8.79	8.82	10584889	95415952.00
20150129	8.72	8.79	8.67	8.70	11577597	103037168.00
20150130	8.69	8.79	8.63	8.67	8453210	75214640.00
20150202	8.66	8.77	8.60	8.70	7499809	66498028.00
20150203	8.71	8.80	8.69	8.79	9176835	81939160.00
20150204	8.79	8.85	8.70	8.71	10988254	98483216.00
20150205	8.77	8.79	8.58	8.59	10354993	91971328.00
20150206	8.60	8.62	8.39	8.43	12202233	105628560.00
20150209	8.42	8.52	8.40	8.50	5860001	50723624.00
20150210	8.51	8.55	8.43	8.49	7028411	60946524.00
20150211	8.49	8.55	8.48	8.52	5572303	48463712.00
20150212	8.54	8.58	8.50	8.56	5445496	47577132.00
20150213	8.57	8.70	8.57	8.63	11601901	102418808.00
20150216	8.65	8.72	8.64	8.71	8490773	75350872.00
20150217	8.70	8.74	8.64	8.67	10264241	91123800.00
20150225	8.68	8.73	8.65	8.68	8052264	71472208.00
20150226	8.67	8.76	8.65	8.75	9477242	84313744.00
20150227	8.75	8.80	8.73	8.79	12824485	114797664.00
20150302	8.82	8.86	8.77	8.85	16720874	150495632.00
20150303	8.83	9.05	8.78	8.93	32542197	297302976.00
20150304	8.91	9.22	8.91	9.16	27011630	250931120.00
20150305	9.16	9.73	9.11	9.70	64720770	627921408.00
20150306	9.71	10.02	9.61	9.88	49986116	499309600.00
20150309	9.88	10.40	9.85	10.13	45483046	467765760.00
20150310	10.09	10.29	9.97	10.22	27782092	287102080.00
20150311	10.34	11.03	10.34	10.77	69695658	762537856.00
20150312	10.67	10.83	10.36	10.60	33668561	363120608.00
20150313	10.54	10.76	10.44	10.62	20268170	218129392.00
20150316	10.67	11.10	10.58	10.72	28037058	307559264.00
20150317	10.72	11.34	10.61	11.07	32928849	370339616.00
20150318	11.12	11.53	11.10	11.47	26951072	310744416.00
20150319	11.46	12.37	11.17	12.30	41890697	506248608.00
20150320	12.32	12.45	12.15	12.25	27474789	341734624.00
20150323	12.22	12.69	12.01	12.31	35368849	442132480.00
20150324	12.21	12.27	11.45	11.90	31041144	373672576.00
20150325	11.82	12.22	11.54	12.05	25397087	303834432.00
20150326	11.96	12.05	11.70	11.80	16149109	194164720.00
20150327	11.84	12.04	11.67	12.03	23860945	287248032.00
20150330	11.99	11.99	11.65	11.72	26387905	314885536.00
20150331	11.74	11.74	11.48	11.66	22284784	262798608.00
20150401	11.70	11.93	11.57	11.81	25659930	306922112.00
20150402	11.81	12.40	11.81	12.17	39100675	481752832.00
20150403	12.17	12.22	11.92	12.06	24522747	299459264.00
20150407	12.10	12.10	11.72	11.92	38208769	459864032.00
20150408	11.92	12.18	11.76	11.98	29880507	362510656.00
20150409	11.98	12.21	11.52	11.84	26626359	321239168.00
20150410	11.79	12.07	11.68	12.02	30803592	373708896.00
20150413	12.03	12.75	11.95	12.48	46743450	583151872.00
20150414	12.49	12.49	11.82	12.05	39993698	493838592.00
20150415	12.04	12.14	11.42	11.45	33198784	394677792.00
20150416	11.32	12.52	11.12	11.82	38988227	465440064.00
20150417	11.85	12.03	11.68	11.73	29238232	350611264.00
20150420	11.86	12.04	11.43	11.51	35100880	419628384.00
20150421	11.50	12.22	11.50	12.07	34838669	421841408.00
20150422	12.22	12.52	12.11	12.38	47357987	591690496.00
20150423	12.41	13.64	12.23	13.64	72919955	967478528.00
20150424	13.72	14.47	13.71	14.02	63761051	910035648.00
20150427	14.00	14.70	13.75	13.88	46387517	662531136.00
20150428	13.83	13.83	12.82	13.01	40585468	545373760.00
20150429	12.90	13.22	12.83	13.01	29224002	386863392.00
20150430	13.08	13.40	12.96	13.09	22804248	304637312.00
20150504	13.08	13.18	12.77	12.91	21117538	276391904.00
20150505	12.92	12.95	12.03	12.13	28424709	359495712.00
20150506	12.21	12.67	12.07	12.23	24601111	309041248.00
20150507	12.27	12.47	11.85	11.98	15588029	191900368.00
20150508	12.11	12.39	11.97	12.36	17291215	213130912.00
20150511	12.42	12.71	12.26	12.70	26973404	342274752.00
20150512	12.72	13.05	12.63	12.90	27803061	361797120.00
20150513	12.90	13.06	12.58	12.68	31245027	406925664.00
20150514	12.63	12.75	12.30	12.42	30954906	391023488.00
20150515	12.41	12.42	11.87	12.36	23243693	286858912.00
20150518	12.21	12.60	12.11	12.36	18582350	233484480.00
20150519	12.36	12.81	12.30	12.71	26470879	339714464.00
20150520	12.76	13.82	12.76	13.01	40436691	545056128.00
20150521	13.07	13.49	13.05	13.29	34359303	462177568.00
20150522	13.41	13.67	13.20	13.66	49172796	668531008.00
20150525	13.78	14.24	13.53	14.02	42119341	594922176.00
20150526	14.02	14.42	13.80	14.41	45881505	656010240.00
20150527	14.47	14.80	14.14	14.39	40912873	596073856.00
20150528	14.38	14.56	12.93	12.95	56317343	789540480.00
20150529	12.92	13.47	12.32	13.13	38796814	511311264.00
20150601	13.03	14.10	13.02	14.07	44925866	619813952.00
20150602	14.00	14.60	13.89	14.50	43272860	624183808.00
20150603	14.60	14.60	13.78	14.19	36346664	519601504.00
20150604	14.19	14.32	13.12	14.10	32343275	452992672.00
20150605	14.22	15.53	14.10	15.53	64369721	954716864.00
20150608	15.82	17.10	15.57	16.70	88529799	1468395904.00
20150609	16.62	16.62	15.82	16.30	48725814	795971520.00
20150610	16.30	17.16	15.90	16.88	51480249	863630720.00
20150611	17.02	18.18	16.88	17.97	50623271	907031232.00
20150612	18.00	19.79	18.00	19.79	51940101	1008818240.00
20150615	20.20	21.12	18.82	19.91	85529628	1726884096.00
20150616	19.82	19.82	18.08	18.18	50523637	961392512.00
20150617	17.83	18.79	16.80	18.47	45731489	819278208.00
20150618	18.32	18.55	17.20	17.30	34145479	621975872.00
20150619	16.93	17.40	15.78	15.80	32729761	547454080.00
20150623	15.87	16.67	14.55	16.49	36326774	575524672.00
20150624	16.42	17.07	16.17	16.70	37573213	633609664.00
20150625	16.77	17.61	15.90	16.16	42956001	734089152.00
20150626	15.43	15.73	14.53	14.53	39889177	606276864.00
20150629	14.82	15.41	13.06	13.75	50566769	732287936.00
20150630	13.81	15.14	12.92	15.14	43085352	616208192.00
20150701	14.92	15.88	14.22	14.27	42956085	663124928.00
20150702	14.70	14.82	12.90	12.95	39208318	549920064.00
20150703	12.32	13.32	11.64	11.64	41131919	504547488.00
20150706	12.82	12.82	10.46	10.67	61921850	705109248.00
20150707	10.44	10.44	9.59	9.59	28001611	277462016.00
20150708	8.61	9.28	8.61	8.61	97804170	876985664.00
20150709	8.56	9.48	8.54	9.48	32322414	300615008.00
20150710	9.80	10.44	9.70	10.44	32878428	343699840.00
20150713	11.30	11.49	10.90	11.49	45061994	513844192.00
20150714	11.79	12.56	11.38	11.78	54734628	659097152.00
20150715	11.37	11.63	10.59	10.59	31192156	344612032.00
20150716	10.59	11.35	9.91	10.85	32983145	358715232.00
20150717	11.00	11.90	10.90	11.75	27922792	322533760.00
20150720	11.76	12.07	11.46	11.83	33646822	400869888.00
20150721	11.57	12.02	11.40	11.86	26638484	316538048.00
20150722	11.77	12.00	11.46	11.89	25646357	305154400.00
20150723	11.86	12.49	11.70	12.34	33574561	413150944.00
20150724	12.29	12.56	11.72	11.90	36285557	448430688.00
20150727	11.72	12.19	10.70	10.70	37308366	435003104.00
20150728	10.28	11.00	9.70	10.79	35713059	374884320.00
20150729	10.92	11.40	10.36	11.34	24993806	273888928.00
20150730	11.28	11.49	10.76	10.89	23301617	264215824.00
20150731	10.68	11.05	10.67	10.87	16433724	179124672.00
20150803	10.56	11.08	10.42	11.04	19593200	210535600.00
20150804	11.01	11.70	11.01	11.66	19778076	226412928.00
20150805	11.61	11.73	11.16	11.32	16884803	195650992.00
20150806	11.12	11.40	10.92	11.28	11414818	129434952.00
20150807	11.35	11.68	11.35	11.55	16035572	186498080.00
20150810	11.69	12.36	11.58	12.21	30099921	363620352.00
20150811	12.07	12.25	11.91	12.06	28512807	346950816.00
20150812	11.81	12.06	11.65	11.68	21231437	253750768.00
20150813	11.61	12.09	11.57	12.07	22446750	267526448.00
20150814	12.07	12.30	12.00	12.14	24713776	302934080.00
20150817	12.16	13.01	12.08	12.88	37194316	469747136.00
20150818	12.80	13.05	11.58	11.58	35024564	433364480.00
20150819	11.11	12.08	10.76	11.94	24626295	282629056.00
20150820	11.75	12.07	11.20	11.24	19480372	229618720.00
20150821	11.01	11.25	10.40	10.62	16964858	185614544.00
20150824	10.23	10.33	9.55	9.55	19507793	190826640.00
20150825	8.63	9.19	8.59	8.59	24425705	216487312.00
20150826	8.80	9.12	8.20	8.36	20091103	176176544.00
20150827	8.65	9.09	8.37	9.02	16867386	149101840.00
20150828	9.15	9.65	9.03	9.57	19989108	187148368.00
20150831	9.40	9.44	9.09	9.12	14885257	138480144.00
20150901	9.14	9.15	8.51	8.66	10612171	94259384.00
20150902	8.30	8.96	7.90	8.83	19023709	166145952.00
20150907	8.76	9.26	8.76	8.90	10301306	94515296.00
20150908	8.93	9.32	8.73	9.30	8949669	81725472.00
20150909	9.34	9.67	9.26	9.62	16036594	154067120.00
20150910	9.45	9.52	9.26	9.33	10004292	94933800.00
20150911	9.37	9.42	9.11	9.27	7867032	73846952.00
20150914	9.34	9.39	8.43	8.52	10941434	98261344.00
20150915	8.40	8.62	8.03	8.10	8773619	73982552.00
20150916	8.18	8.92	8.14	8.83	8937602	76696600.00
20150917	8.75	8.98	8.60	8.62	10253640	91292464.00
20150918	8.68	8.77	8.53	8.68	5870983	51342368.00
20150921	8.57	8.97	8.55	8.95	7619127	67970384.00
20150922	9.00	9.10	8.77	9.01	9244629	83906848.00
20150923	8.80	8.93	8.70	8.77	6425731	57306456.00
20150924	8.83	8.97	8.75	8.95	7279702	65231292.00
20150925	9.40	9.61	8.93	9.05	29395139	276305728.00
20150928	9.29	9.32	8.79	9.04	19467704	176381136.00
20150929	8.81	8.86	8.60	8.71	11440738	101053616.00
20150930	8.74	8.84	8.69	8.73	5615220	49724392.00
20151008	8.98	9.12	8.93	9.05	13593723	124009664.00
20151009	9.05	9.17	8.99	9.15	11675378	107276296.00
20151012	9.21	9.63	9.17	9.52	24922659	237519328.00
20151013	9.46	9.62	9.37	9.61	17435131	167503344.00
20151014	9.55	9.62	9.36	9.39	14293149	136810192.00
20151015	9.35	9.75	9.35	9.69	19497450	188543424.00
20151016	9.75	9.86	9.55	9.80	21221974	208544400.00
20151019	9.88	10.04	9.75	9.92	23380917	233546976.00
20151020	9.88	9.97	9.72	9.96	14629036	145752480.00
20151021	9.92	9.97	9.15	9.26	20197035	195496304.00
20151022	9.24	9.52	9.20	9.48	10980037	103914984.00
20151023	9.50	9.77	9.48	9.75	16684565	162622560.00
20151026	9.86	9.94	9.71	9.91	17974298	178653920.00
20151027	10.08	10.91	10.06	10.89	50950480	535042432.00
20151028	10.70	10.78	10.25	10.34	26227102	278849920.00
20151029	10.45	10.56	10.25	10.39	15154364	159409360.00
20151030	10.33	10.46	10.12	10.23	12543071	130375528.00
20151102	9.92	10.41	9.92	10.06	13198402	136009776.00
20151103	10.10	10.39	10.04	10.37	12541246	129072624.00
20151104	10.31	10.78	10.30	10.74	19931059	213621008.00
20151105	10.75	10.88	10.54	10.79	24501979	265223264.00
20151106	10.70	10.99	10.65	10.93	18001415	197472160.00
20151109	10.87	11.00	10.71	10.76	32412446	355256864.00
20151110	10.75	10.87	10.56	10.71	20941977	226773600.00
20151111	10.72	10.86	10.64	10.85	17807360	193418064.00
20151112	10.85	10.89	10.61	10.74	20081202	217764160.00
20151113	10.59	10.69	10.40	10.49	13114122	139503872.00
20151116	10.31	10.63	10.28	10.62	10383855	109684136.00
20151117	10.66	10.84	10.45	10.52	20550468	221288560.00
20151118	10.52	10.70	10.47	10.52	10260486	109595560.00
20151119	10.60	10.83	10.55	10.82	13728452	148428160.00
20151120	10.83	10.87	10.63	10.78	14469540	156852128.00
20151123	10.73	10.88	10.66	10.71	14432693	157048352.00
20151124	10.69	10.74	10.44	10.65	10053679	107113960.00
20151125	10.60	10.76	10.56	10.75	12132345	130690848.00
20151126	10.82	10.88	10.64	10.84	16970889	184414208.00
20151127	10.77	10.77	9.89	10.03	16742407	176145840.00
20151130	10.14	10.17	9.47	9.91	15538395	154540672.00
20151201	9.91	10.05	9.82	9.96	9320066	93445824.00
20151202	9.97	10.26	9.91	10.24	14581783	148679056.00
20151203	10.23	10.51	10.13	10.40	12239371	127378144.00
20151204	10.27	10.36	10.16	10.27	9339915	96646080.00
20151207	10.31	10.47	10.18	10.39	9556282	99858704.00
20151208	10.33	10.33	10.02	10.05	9482260	96949072.00
20151209	10.04	10.16	9.99	10.08	5294500	53863112.00
20151210	10.04	10.21	10.02	10.09	5677250	57997848.00
20151211	10.07	10.20	9.92	10.19	7056981	71664624.00
20151214	10.12	10.38	10.05	10.36	8998732	93127608.00
20151215	10.37	10.55	10.31	10.42	10023904	105617080.00
20151216	10.47	10.55	10.41	10.43	7980217	84398208.00
20151217	10.50	10.88	10.10	10.82	20305101	219353008.00
20151218	10.79	11.26	10.63	11.22	29305821	324123072.00
20151221	11.22	11.87	11.12	11.58	36385746	426403168.00
20151222	11.57	11.62	11.30	11.55	18954833	219031920.00
20151223	11.65	11.67	10.92	11.04	24856548	283903520.00
20151224	11.07	11.25	11.01	11.16	12161724	136563872.00
20151225	11.12	11.26	10.95	11.08	15612915	174483808.00
20151228	11.14	11.18	10.68	10.70	23695356	262438384.00
20151229	10.66	11.02	10.64	11.01	11759167	128223288.00
20151230	11.03	11.04	10.80	10.96	11347557	125230344.00
20151231	10.96	11.18	10.86	10.89	14344602	159676016.00
20160104	10.85	10.85	9.90	9.91	12258659	129930824.00
20160105	9.59	10.18	9.50	9.98	15612043	155734752.00
20160106	9.98	10.22	9.94	10.20	9539129	97090616.00
20160107	10.01	10.04	9.25	9.32	3295600	32406560.00
20160108	9.68	9.73	9.12	9.56	13754091	132398176.00
20160111	9.41	9.53	8.86	8.87	13465497	125358504.00
20160112	8.95	9.05	8.73	8.91	8370351	75569344.00
20160113	9.03	9.07	8.59	8.60	8552210	76745144.00
20160114	8.40	8.90	8.30	8.87	7820389	68397944.00
20160115	8.79	8.97	8.38	8.45	8150417	71185360.00
20160118	8.43	8.69	8.30	8.61	5855359	50816648.00
20160119	8.60	8.93	8.56	8.91	7638122	67834744.00
20160120	8.82	8.97	8.70	8.81	6573240	58695588.00
20160121	8.77	8.90	8.55	8.56	5639312	49892372.00
20160122	8.69	8.82	8.50	8.81	5499154	48257064.00
20160125	8.88	9.00	8.75	8.86	5337746	48006808.00
20160126	8.70	8.78	7.96	7.98	10930820	92625512.00
20160127	8.00	8.22	7.77	8.10	10249854	83018144.00
20160128	8.02	8.17	7.72	7.79	7432542	59985748.00
20160129	7.80	8.08	7.74	7.99	8617600	69398936.00
20160201	7.99	8.04	7.75	7.88	6788420	54499692.00
20160202	7.95	8.12	7.88	8.08	8530545	69427264.00
20160203	7.99	8.08	7.90	8.04	6453026	52129296.00
20160204	8.07	8.23	8.00	8.15	9737421	80235696.00
20160205	8.13	8.19	8.08	8.08	7625512	62739424.00
20160215	7.84	8.05	7.74	8.01	5712472	45724936.00
20160216	8.05	8.30	8.03	8.29	10298690	85617984.00
20160217	8.25	8.49	8.21	8.42	9873785	83068976.00
20160218	8.57	8.63	8.31	8.37	10280401	87737488.00
20160219	8.35	8.43	8.30	8.37	6975605	59109672.00
20160222	8.45	8.65	8.40	8.60	9638532	83101576.00
20160223	8.60	8.75	8.48	8.60	10207471	88841824.00
20160224	8.56	8.66	8.44	8.64	7787937	67368416.00
20160225	8.60	8.63	7.90	7.96	10997801	92254128.00
20160226	8.08	8.27	7.97	8.17	6382525	52444004.00
20160229	8.17	8.17	7.76	7.96	8546617	68858944.00
20160301	8.03	8.26	7.91	8.19	5736559	46969252.00
20160302	8.18	8.59	8.14	8.52	10343833	88050104.00
20160303	8.51	8.64	8.44	8.46	10970481	94587944.00
20160304	8.41	8.54	8.26	8.37	8071654	68607120.00
20160307	8.40	8.59	8.40	8.53	6785066	58543568.00
20160308	8.49	8.56	8.15	8.48	7851100	66263888.00
20160309	8.34	8.42	8.20	8.25	5282484	44404416.00
20160310	8.27	8.37	8.14	8.15	4936912	41337592.00
20160311	8.12	8.20	8.05	8.16	5047426	41564040.00
20160314	8.26	8.53	8.23	8.52	9665453	82457528.00
20160315	8.47	8.52	8.38	8.44	5139245	43959448.00
20160316	8.48	8.62	8.41	8.46	5860051	50503032.00
20160317	8.50	8.69	8.45	8.62	7503408	65239704.00
20160318	8.65	8.86	8.58	8.79	10949996	96927584.00
20160321	8.83	8.97	8.80	8.92	10416121	93592328.00
20160322	8.90	9.06	8.82	8.89	8758496	79360464.00
20160323	8.85	8.94	8.69	8.87	8122945	72238312.00
20160324	8.80	8.87	8.65	8.66	8915702	78959152.00
20160325	8.68	8.85	8.64	8.84	6351535	56281064.00
20160328	8.84	9.04	8.69	8.76	9575900	86303296.00
20160329	8.79	8.99	8.70	8.87	12263016	109926720.00
20160330	8.90	9.26	8.90	9.24	14643798	135374240.00
20160331	9.11	9.25	9.07	9.08	11310402	104457264.00
20160401	9.21	9.58	9.21	9.24	21053148	199491424.00
20160405	9.25	9.45	9.18	9.35	11412746	107569320.00
20160406	9.28	9.39	9.25	9.32	7696887	72433784.00
20160407	9.35	9.36	9.08	9.10	9256532	85870904.00
20160408	9.00	9.09	8.94	9.03	5799617	52850520.00
20160411	9.10	9.16	8.91	9.12	10625814	97644312.00
20160412	9.06	9.10	8.92	9.00	6582186	59839408.00
20160413	9.04	9.25	9.01	9.14	10229621	94823496.00
20160414	9.16	9.20	9.01	9.13	10330097	94849144.00
20160415	9.11	9.15	9.03	9.09	6960135	63978308.00
20160418	9.05	9.17	9.02	9.07	8740536	80476080.00
20160419	9.07	9.34	9.07	9.27	12566056	117169568.00
20160420	9.29	9.30	8.70	8.81	12014998	108960248.00
20160421	8.78	8.93	8.70	8.71	6313798	56420904.00
20160422	8.68	8.78	8.66	8.76	4363505	38462548.00
20160425	8.80	8.80	8.48	8.60	8639872	75149296.00
20160426	8.62	8.68	8.52	8.65	5245515	45564216.00
20160427	8.64	8.87	8.63	8.77	7013860	62162672.00
20160428	8.78	8.79	8.56	8.72	4857795	42591792.00
20160429	8.68	8.98	8.68	8.91	7960624	71547576.00
20160503	8.88	9.46	8.88	9.33	18370908	172233520.00
20160504	9.33	9.39	9.18	9.24	11564795	108592024.00
20160505	9.20	9.28	9.11	9.25	6525388	60713200.00
20160506	9.50	9.67	9.12	9.17	24113889	229067376.00
20160509	9.06	9.20	8.79	9.05	12383030	112983064.00
20160510	9.07	9.36	9.01	9.27	14048357	131105920.00
20160511	9.49	10.00	9.40	9.48	41853521	409987200.00
20160512	9.30	9.58	9.11	9.55	23699158	223886672.00
20160513	9.46	9.80	9.28	9.40	20415539	197332192.00
20160516	9.30	9.49	9.09	9.49	15612465	146548960.00
20160517	9.49	9.60	9.22	9.26	12930725	122841784.00
20160518	9.14	9.22	8.75	8.87	15858035	143834080.00
20160519	8.81	8.97	8.75	8.80	9837733	88152904.00
20160520	8.71	8.83	8.63	8.81	8222669	72758712.00
20160523	8.86	8.92	8.80	8.88	8996760	80551416.00
20160524	9.07	9.72	9.07	9.32	34496040	326172192.00
20160525	9.37	9.37	9.13	9.29	14809514	138529392.00
20160526	9.22	9.30	8.95	9.28	13515065	124880168.00
20160527	9.31	9.44	9.19	9.24	11370506	107020048.00
20160530	9.20	9.20	8.96	8.99	9677892	88493424.00
20160531	8.94	9.39	8.94	9.34	16649588	155641552.00
20160601	9.34	9.50	9.30	9.39	15113832	143501024.00
20160602	9.36	9.75	9.33	9.74	25736438	249752976.00
20160603	9.67	10.14	9.55	9.73	30905952	306930112.00
20160606	9.74	9.79	9.58	9.67	14216189	138771536.00
20160607	9.69	9.93	9.57	9.87	16238069	160099728.00
20160608	9.85	9.95	9.61	9.67	14037894	137861600.00
20160613	9.50	9.66	9.20	9.21	15708762	149999040.00
20160614	9.21	9.39	9.21	9.37	8859748	83379024.00
20160615	9.25	9.65	9.23	9.64	12367018	119207736.00
20160616	9.60	9.86	9.51	9.71	15611205	152989552.00
20160617	9.68	9.85	9.68	9.76	13003752	128079800.00
20160620	9.78	10.08	9.64	10.07	17596511	175750576.00
20160621	10.06	10.17	9.80	9.81	16165600	163389424.00
20160622	9.83	10.00	9.75	9.96	7724942	77350832.00
20160623	9.95	9.96	9.70	9.78	8929169	88405816.00
20160624	9.80	9.90	9.55	9.72	11276461	110908920.00
20160627	9.72	9.97	9.62	9.95	10079907	100568552.00
20160628	9.92	10.14	9.87	10.05	11667150	118097728.00
20160629	10.07	10.13	9.92	9.99	8936881	90153632.00
20160630	10.03	10.31	9.96	10.19	13811512	142024256.00
20160701	10.17	10.27	10.06	10.20	8389083	86027536.00
20160704	10.14	10.36	10.10	10.26	10280646	106530976.00
20160705	10.25	10.40	10.20	10.37	11534391	120259280.00
20160706	10.35	10.82	10.26	10.68	24677100	264305744.00
20160707	10.71	10.72	10.38	10.43	19592700	207939680.00
20160708	10.36	10.47	10.28	10.33	11438800	119599880.00
20160711	10.35	10.87	10.33	10.62	22854000	245933760.00
20160712	10.62	10.95	10.55	10.70	18693400	202554928.00
20160713	10.70	10.82	10.57	10.63	16915600	182007184.00
20160714	10.66	11.00	10.65	10.83	19786400	216305344.00
20160715	10.68	10.83	10.62	10.69	10579500	114402096.00
20160718	10.70	10.76	10.57	10.59	9229400	99206472.00
20160719	10.56	10.60	10.36	10.46	11096900	116955072.00
20160720	10.49	10.63	10.46	10.50	7129000	75917328.00
20160721	10.54	10.64	10.50	10.57	5702200	60920216.00
20160722	10.62	10.62	10.28	10.32	8456900	89051768.00
20160725	10.29	10.49	10.25	10.38	7630800	79876560.00
20160726	10.39	10.54	10.31	10.53	5859400	61894956.00
20160727	10.59	10.64	9.80	10.14	15764513	162349504.00
20160728	10.09	10.23	10.02	10.17	8242111	84345224.00
20160729	10.18	10.28	10.10	10.12	5650646	58131232.00
20160801	10.06	10.10	9.80	9.97	7716309	77307144.00
20160802	9.95	10.04	9.89	10.03	6070680	61047680.00
20160803	10.01	10.05	9.95	10.00	3810515	38484580.00
20160804	10.01	10.12	9.96	10.11	5418326	54966680.00
20160805	10.11	10.16	9.90	9.99	7641959	77254808.00
20160808	9.99	10.14	9.90	10.13	5638582	57169056.00
20160809	10.13	10.24	10.09	10.24	6764500	69501400.00
20160810	10.25	10.25	10.10	10.13	5225200	53663888.00
20160811	10.12	10.18	10.04	10.06	4753926	48560576.00
20160812	10.08	10.21	10.01	10.18	6310499	64328876.00
20160815	10.20	10.47	10.15	10.41	10850945	113275984.00
20160816	10.45	10.50	10.36	10.43	6894589	72568968.00
20160817	10.40	10.66	10.38	10.54	10097843	107508792.00
20160818	10.54	10.57	10.41	10.45	7344094	77600832.00
20160819	10.48	10.53	10.41	10.51	4958145	52477624.00
20160822	10.55	10.78	10.50	10.55	14511400	156099760.00
20160823	10.59	10.77	10.51	10.64	9146200	98031216.00
20160824	10.67	10.68	10.42	10.50	6453500	68603272.00
20160825	10.51	10.51	10.26	10.42	6865800	71830440.00
20160826	10.43	10.64	10.39	10.62	8667500	92327008.00
20160829	10.56	10.87	10.56	10.77	12552543	136316384.00
20160830	10.78	10.85	10.61	10.64	5991459	64779604.00
20160831	10.65	10.90	10.65	10.85	13941012	152214736.00
20160901	10.89	10.90	10.52	10.56	13519442	145289232.00
20160902	10.50	10.55	10.36	10.42	7449191	78510168.00
20160905	10.42	10.51	10.29	10.42	8610756	90416896.00
20160906	10.42	10.52	10.25	10.50	10236123	107606176.00
20160907	10.50	10.56	10.30	10.36	12096544	126973512.00
20160908	10.36	10.41	10.33	10.39	4301500	45034384.00
20160909	10.39	10.48	10.30	10.31	6367315	66751132.00
20160912	10.18	10.18	9.88	9.91	9531074	96490136.00
20160913	9.96	10.03	9.87	9.96	5371430	53833216.00
20160914	9.90	10.01	9.80	9.97	5118409	51440984.00
20160919	9.97	10.05	9.94	10.01	4302258	43457992.00
20160920	10.10	10.10	9.96	9.99	3551268	35843752.00
20160921	10.02	10.06	9.92	10.01	6226135	62853288.00
20160922	10.03	10.17	9.99	10.14	6206147	63270424.00
20160923	10.11	10.16	10.06	10.10	4430231	45267804.00
20160926	10.03	10.15	9.81	9.84	5007866	50540712.00
20160927	9.88	9.95	9.76	9.92	4195681	41742956.00
20160928	9.99	9.99	9.87	9.88	2845623	28470860.00
20160929	9.90	10.02	9.88	9.95	2749206	27640728.00
20160930	9.92	10.06	9.92	9.99	3220783	32535140.00
20161010	10.03	10.18	9.99	10.14	6587954	67067920.00
20161011	10.18	10.24	10.12	10.15	4353042	44700668.00
20161012	10.13	10.26	10.08	10.23	5571389	57264072.00
20161013	10.31	10.31	10.16	10.20	3367764	34726512.00
20161014	10.24	10.25	10.14	10.16	3408774	35047448.00
20161017	10.18	10.24	10.05	10.09	3598898	36872216.00
20161018	10.13	10.28	10.07	10.26	4769523	49068808.00
20161019	10.26	10.33	10.11	10.17	4122281	42467872.00
20161020	10.18	10.22	10.11	10.14	3249545	33314592.00
20161021	10.17	10.18	9.97	10.10	4984771	50683072.00
20161024	10.11	10.25	10.07	10.22	5751441	59136196.00
20161025	10.24	10.29	10.17	10.29	5644632	58352344.00
20161026	10.26	10.63	10.25	10.39	16178228	170520352.00
20161027	10.30	10.35	10.15	10.26	8663664	89640376.00
20161028	10.25	10.29	10.18	10.24	4597097	47500448.00
20161031	10.25	10.25	10.10	10.18	5033986	51630288.00
20161101	10.19	10.25	10.16	10.24	4400800	45372692.00
20161102	10.21	10.21	10.13	10.15	4658100	47801072.00
20161103	10.14	10.14	9.88	10.03	13290794	134204904.00
20161104	10.00	10.04	9.93	10.04	6892900	69556080.00
20161107	10.03	10.11	9.98	10.07	5495626	55754264.00
20161108	10.08	10.13	10.04	10.08	5161755	52558892.00
20161109	10.06	10.10	9.91	10.04	5568209	56308380.00
20161110	10.08	10.18	10.07	10.09	8004221	81704976.00
20161111	10.12	10.12	10.04	10.10	7942510	80890864.00
20161114	10.10	10.15	10.06	10.10	8461056	86325440.00
20161115	10.11	10.20	10.04	10.17	9105346	92951520.00
20161116	10.17	10.17	10.08	10.13	5187000	53009784.00
20161117	10.15	10.15	10.06	10.09	3821300	38971308.00
20161118	10.10	10.17	10.09	10.11	4556800	46609900.00
20161121	10.06	10.17	10.05	10.13	5703400	58228076.00
20161122	10.13	10.16	10.08	10.15	6929873	70766960.00
20161123	10.17	10.21	10.13	10.14	7480508	76854136.00
20161124	10.15	10.38	10.14	10.35	17415600	180725504.00
20161125	10.32	10.35	10.16	10.25	9839900	101632024.00
20161128	10.25	10.34	10.23	10.27	8243300	85613568.00
20161129	10.25	10.40	10.23	10.32	11510600	120154256.00
20161130	10.34	10.53	10.26	10.27	10067500	105496240.00
20161201	10.23	10.35	10.16	10.25	8721579	90137344.00
20161202	10.26	10.27	9.93	9.97	10540271	107191848.00
20161205	9.92	10.03	9.89	10.01	7402400	74352448.00
20161206	9.99	10.04	9.92	9.93	5300500	53317108.00
20161207	9.95	10.00	9.91	10.00	3847500	38679944.00
20161208	10.00	10.14	9.97	10.02	6167900	62654380.00
20161209	10.00	10.11	9.95	10.03	5065600	51401164.00
20161212	10.04	10.08	9.40	9.51	12129314	119447712.00
20161213	9.54	9.70	9.41	9.68	6553700	63342932.00
20161214	9.64	9.77	9.62	9.64	4641677	45472980.00
20161215	9.66	9.80	9.58	9.66	5539940	54214092.00
20161216	9.70	9.82	9.63	9.81	6673956	65765900.00
20161219	9.81	9.81	9.72	9.79	3123113	30776072.00
20161220	9.78	9.79	9.64	9.69	2959457	28993952.00
20161221	9.69	9.80	9.69	9.77	5317477	52432424.00
20161222	9.78	9.83	9.71	9.80	3678582	36351208.00
20161223	9.77	10.14	9.77	9.92	11960712	120144440.00
20161226	9.92	10.15	9.91	10.07	9328766	94574544.00
20161227	10.05	10.25	9.99	10.15	10289986	105201168.00
20161228	10.11	10.16	10.01	10.08	3580054	36403608.00
20161229	10.13	10.22	10.05	10.13	5766600	59069708.00
20161230	10.20	10.20	10.01	10.14	5867200	59968964.00
20170103	10.17	10.26	10.09	10.22	5336856	54949068.00
20170104	10.24	10.28	10.16	10.26	5885404	60828260.00
20170105	10.22	10.45	10.22	10.35	8969103	93829632.00
20170106	10.32	10.44	10.20	10.37	9930779	103936872.00
20170109	10.38	10.58	10.38	10.46	12226924	129145872.00
20170110	10.45	10.52	10.28	10.31	9680457	101822752.00
20170111	10.31	10.32	10.15	10.25	7154516	74026272.00
20170112	10.26	10.28	10.18	10.21	3551700	36662188.00
20170113	10.20	10.26	9.90	9.93	6417125	65623480.00
20170116	9.97	10.07	9.64	9.81	9764196	97631720.00
20170117	9.76	10.02	9.76	9.98	4631069	46261476.00
20170118	9.93	10.10	9.90	9.99	5542705	55953516.00
20170119	9.94	10.01	9.83	9.86	4959246	49679328.00
20170120	9.88	9.99	9.86	9.96	4338912	43575692.00
20170123	10.01	10.05	9.95	9.98	4143127	41819476.00
20170124	9.97	10.47	9.97	10.36	17419200	180246880.00
20170125	10.38	10.41	10.26	10.37	7402216	77353000.00
20170126	10.42	10.42	10.29	10.41	7023487	73496296.00
20170203	10.39	10.45	10.32	10.36	6029082	63162596.00
20170206	10.32	10.44	10.28	10.43	7498952	78423448.00
20170207	10.43	10.48	10.25	10.35	6959886	72758896.00
20170208	10.35	10.50	10.25	10.47	8579297	89864120.00
20170209	10.62	11.53	10.62	11.17	75351218	850269440.00
20170210	11.02	11.19	10.95	10.98	33272331	370662080.00
20170213	10.96	11.20	10.89	11.01	28411778	316471936.00
20170214	10.95	11.14	10.93	11.08	16701072	186260576.00
20170215	11.09	11.14	10.80	10.84	17308833	191144304.00
20170216	10.81	10.97	10.76	10.90	13063979	143316016.00
20170217	10.90	11.13	10.86	10.96	18025984	200322144.00
20170220	10.99	11.36	10.96	11.24	20160100	227664512.00
20170221	11.26	11.29	11.06	11.14	13599072	152948016.00
20170222	11.11	11.26	11.06	11.19	13088149	147446080.00
20170223	11.21	11.21	10.93	10.98	12692340	141335392.00
20170224	10.95	11.06	10.89	11.00	8299700	91969920.00
20170227	10.98	11.00	10.70	10.73	12614500	137750400.00
20170228	10.71	10.78	10.66	10.77	6261202	67719456.00
20170301	10.77	10.86	10.68	10.70	8107791	88261888.00
20170302	10.74	10.77	10.59	10.64	7564545	81371768.00
20170303	10.61	10.72	10.56	10.64	6189073	66615440.00
20170306	10.67	10.77	10.59	10.72	7762909	83878080.00
20170307	10.75	10.76	10.49	10.73	14063300	150940640.00
20170308	10.69	10.69	10.57	10.61	6942033	74355976.00
20170309	10.61	10.62	10.42	10.49	7815909	82867552.00
20170310	10.53	10.63	10.46	10.51	6244221	66434296.00
20170313	10.51	10.62	10.45	10.60	7414866	79024176.00
20170314	10.60	10.63	10.41	10.50	8484512	90064648.00
20170315	10.50	10.57	10.41	10.47	6637096	70321856.00
20170316	10.48	10.59	10.46	10.58	7066648	75175104.00
20170317	10.57	10.65	10.52	10.53	8874651	94802496.00
20170320	10.52	10.55	10.34	10.41	9166200	96473840.00
20170321	10.42	10.65	10.40	10.63	13297400	141663360.00
20170322	10.55	10.65	10.44	10.57	8774254	93349496.00
20170323	10.57	10.64	10.44	10.58	8942793	95338840.00
20170324	10.59	10.73	10.54	10.70	12346500	132920112.00
20170327	10.71	10.75	10.60	10.63	10460417	112503792.00
20170328	10.61	10.65	10.46	10.51	7463549	79345800.00
20170329	10.51	10.54	10.31	10.31	10673010	111930232.00
20170330	10.31	10.32	10.02	10.09	9357989	96004632.00
20170331	10.12	10.15	10.03	10.11	5547531	56606960.00
20170405	10.13	10.28	10.10	10.26	5950988	61330516.00
20170406	10.26	10.40	10.17	10.33	8008201	83129432.00
20170407	10.30	10.40	10.29	10.32	5345256	55764564.00
20170410	10.25	10.32	10.10	10.14	5613713	57665492.00
20170411	10.17	10.24	10.11	10.22	5375900	55218088.00
20170412	10.23	10.40	10.13	10.25	8595300	89412768.00
20170413	10.22	10.38	10.22	10.30	4716421	49088412.00
20170414	10.27	10.33	10.11	10.13	5771211	59311824.00
20170417	10.11	10.29	10.03	10.23	5695824	58463688.00
20170418	10.23	10.31	9.90	9.92	7575714	77546496.00
20170419	9.90	10.07	9.86	9.98	9078326	91320112.00
20170420	9.94	10.37	9.92	10.26	10818583	111542632.00
20170421	10.18	10.31	10.16	10.20	4290869	44314176.00
20170424	10.20	10.23	9.78	9.83	9803900	98151960.00
20170425	9.81	9.92	9.75	9.80	4805300	47707080.00
20170426	9.89	10.14	9.89	9.92	7318100	73822248.00
20170427	9.90	9.95	9.65	9.88	7555300	74866960.00
20170428	9.78	9.80	9.53	9.56	12318818	119850728.00
20170502	9.51	9.54	9.33	9.36	9204239	87719328.00
20170503	9.36	9.43	9.27	9.34	4954156	46788384.00
20170504	9.33	9.40	9.25	9.30	4945600	46605016.00
20170505	9.29	9.32	9.18	9.20	5183600	48351368.00
20170508	9.23	9.23	9.05	9.06	4121000	37987460.00
20170509	9.05	9.16	9.03	9.13	3377600	31101480.00
20170510	9.18	9.19	8.91	8.92	4722400	43279012.00
20170511	8.90	8.94	8.70	8.85	6462300	57811828.00
20170512	8.96	8.99	8.85	8.90	4074062	36699272.00
20170515	8.92	9.10	8.92	8.98	4263570	38745312.00
20170516	9.04	9.18	8.94	9.16	5376992	49214404.00
20170517	9.19	9.26	9.07	9.10	5249825	48632560.00
20170518	9.06	9.16	9.04	9.05	3158300	29050480.00
20170519	9.05	9.16	9.03	9.07	2353833	21605772.00
20170522	9.07	9.13	8.78	8.83	6809418	61514324.00
20170523	8.84	8.89	8.66	8.66	4489200	39841368.00
20170524	8.67	8.79	8.54	8.77	4859700	42646432.00
20170525	8.78	8.89	8.67	8.85	5877900	52365776.00
20170526	8.86	8.95	8.80	8.86	4108800	36912676.00
20170531	8.95	9.01	8.82	8.84	5660300	51044640.00
20170601	8.85	8.90	8.70	8.72	4009399	35654984.00
20170602	8.73	8.83	8.65	8.81	4707025	41583340.00
20170605	8.79	8.87	8.77	8.86	3878079	34595984.00
20170606	8.89	8.92	8.85	8.90	2411310	21427760.00
20170607	8.90	9.07	8.87	9.07	5825680	52427808.00
20170608	9.06	9.16	9.04	9.12	5162150	47036488.00
20170609	9.11	9.34	9.09	9.20	7573807	70047664.00
20170612	9.15	9.29	9.14	9.19	4939900	45584276.00
20170613	9.20	9.25	9.12	9.19	3302622	30298714.00
20170614	9.20	9.27	9.15	9.22	2968794	27340136.00
20170615	9.20	9.25	9.14	9.20	4013383	36906832.00
20170616	9.19	9.24	9.11	9.14	3593387	32935288.00
20170619	9.13	9.29	9.13	9.29	4718513	43577444.00
20170620	9.34	9.34	9.21	9.23	3778688	35011872.00
20170621	9.25	9.27	9.13	9.25	4110071	37815752.00
20170622	9.22	9.27	9.12	9.13	4832665	44482984.00
20170623	9.12	9.14	8.98	9.09	5249442	47529184.00
20170626	9.08	9.23	9.04	9.20	4533333	41470140.00
20170627	9.20	9.32	9.19	9.27	5276115	48868288.00
20170628	9.21	9.26	9.15	9.17	3709779	34104160.00
20170629	9.19	9.26	9.15	9.20	2349471	21670652.00
20170630	9.22	9.26	9.17	9.25	2442849	22531100.00
20170703	9.27	9.27	9.15	9.23	3314829	30468874.00
20170704	9.22	9.23	9.11	9.12	3644165	33349004.00
20170705	9.13	9.21	9.12	9.19	2794966	25608476.00
20170706	9.17	9.20	9.11	9.16	3475573	31785012.00
20170707	9.14	9.17	9.11	9.17	2647449	24197308.00
20170710	9.17	9.21	9.15	9.20	3695636	33928052.00
20170711	9.20	9.26	9.16	9.17	5376593	49529312.00
数据来源:通达信
