600063 皖维高新 日线 前复权
      日期	    开盘	    最高	    最低	    收盘	    成交量	    成交额
20111010	3.22	3.24	3.18	3.23	5910868	30642360.00
20111011	3.38	3.43	3.24	3.30	15419205	82882336.00
20111012	3.31	3.63	3.23	3.63	24679321	139863040.00
20111013	3.66	4.00	3.63	3.91	79563403	504331168.00
20111014	3.88	3.97	3.73	3.79	48032674	297906464.00
20111017	3.80	3.89	3.73	3.87	41505520	254518464.00
20111018	3.81	3.88	3.62	3.66	28850236	175020064.00
20111019	3.69	3.72	3.52	3.65	26323674	153768096.00
20111020	3.61	3.66	3.35	3.48	24784595	138681184.00
20111021	3.44	3.59	3.36	3.48	15659158	88042760.00
20111024	3.49	3.59	3.29	3.56	17982670	101252984.00
20111025	3.52	3.79	3.51	3.73	26251127	154804064.00
20111026	3.67	3.77	3.61	3.66	27195109	162237760.00
20111027	3.66	3.72	3.56	3.58	16534334	96659056.00
20111028	3.63	3.73	3.58	3.69	20200361	118428712.00
20111031	3.67	3.71	3.63	3.68	10662605	62899864.00
20111101	3.65	3.66	3.57	3.63	12907386	75163936.00
20111102	3.58	3.62	3.41	3.60	20287807	115193632.00
20111103	3.61	3.87	3.61	3.78	31426423	188845408.00
20111104	3.78	3.83	3.69	3.74	18099493	109318336.00
20111107	3.72	3.79	3.68	3.71	9972097	59721440.00
20111108	3.71	3.74	3.63	3.64	10053399	59398328.00
20111109	3.64	3.68	3.53	3.67	10821248	62971168.00
20111110	3.63	3.63	3.51	3.54	12539710	71925184.00
20111111	3.55	3.57	3.51	3.53	6753275	38474784.00
20111114	3.57	3.61	3.55	3.58	8212846	47477688.00
20111115	3.61	3.63	3.57	3.63	9953049	57707796.00
20111116	3.63	3.69	3.54	3.58	16594162	96591288.00
20111117	3.60	3.69	3.58	3.63	19227298	113142392.00
20111118	3.58	3.59	3.43	3.44	14246808	80737960.00
20111121	3.44	3.51	3.41	3.49	7872240	43848144.00
20111122	3.43	3.45	3.34	3.41	8734726	47794908.00
20111123	3.43	3.43	3.33	3.34	7595437	41229256.00
20111124	3.32	3.33	3.21	3.27	9208330	48444624.00
20111125	3.27	3.31	3.19	3.23	5765938	30215712.00
20111128	3.23	3.26	3.21	3.23	5008247	26040804.00
20111129	3.26	3.34	3.24	3.32	9239853	48927084.00
20111130	3.29	3.31	3.06	3.09	12779951	65030428.00
20111201	3.23	3.26	3.10	3.16	12297442	62978104.00
20111202	3.14	3.16	3.04	3.10	7333665	36757560.00
20111205	3.10	3.11	2.94	2.97	5324426	25937766.00
20111206	2.98	2.99	2.84	2.89	7642486	35727924.00
20111207	2.90	2.91	2.86	2.88	3740520	17415332.00
20111208	2.87	2.93	2.82	2.88	5835805	26999998.00
20111209	2.86	2.89	2.79	2.79	5092381	23239598.00
20111212	2.81	2.83	2.78	2.79	2843550	12885529.00
20111213	2.76	2.78	2.59	2.61	6198892	26728530.00
20111214	2.60	2.67	2.57	2.59	5681728	24029628.00
20111215	2.59	2.59	2.48	2.49	6423665	26012584.00
20111216	2.49	2.59	2.49	2.58	5683409	23287516.00
20111219	2.57	2.58	2.48	2.55	5208059	21252516.00
20111220	2.55	2.62	2.54	2.56	5784032	24068672.00
20111221	2.61	2.61	2.50	2.51	4028133	16701773.00
20111222	2.51	2.51	2.33	2.48	5899815	23114360.00
20111223	2.46	2.57	2.44	2.53	5953675	24250484.00
20111226	2.51	2.56	2.51	2.52	3350746	13688481.00
20111227	2.51	2.51	2.44	2.46	3259943	13035859.00
20111228	2.44	2.50	2.41	2.49	3834398	15163521.00
20111229	2.49	2.50	2.46	2.47	2568992	10319144.00
20111230	2.49	2.52	2.47	2.50	4239998	17150436.00
20120104	2.51	2.54	2.35	2.44	3988585	16052558.00
20120105	2.44	2.44	2.33	2.35	5026477	19244536.00
20120106	2.35	2.38	2.30	2.38	2822520	10656393.00
20120109	2.39	2.51	2.35	2.51	5946313	23533184.00
20120110	2.51	2.64	2.49	2.63	10314397	42967072.00
20120111	2.62	2.63	2.55	2.61	8664235	36295812.00
20120112	2.61	2.71	2.56	2.65	9624124	41331660.00
20120113	2.64	2.65	2.52	2.54	6076498	25192848.00
20120116	2.50	2.52	2.42	2.42	4083716	16287514.00
20120117	2.46	2.61	2.42	2.59	6870737	27999442.00
20120118	2.61	2.69	2.57	2.66	12792622	54276132.00
20120119	2.64	2.71	2.63	2.69	8029264	34632172.00
20120120	2.71	2.73	2.65	2.68	6429484	27817468.00
20120130	2.69	2.69	2.64	2.64	3883542	16660331.00
20120131	2.63	2.65	2.56	2.64	3955994	16664481.00
20120201	2.64	2.66	2.58	2.61	4692952	19833356.00
20120202	2.61	2.65	2.60	2.64	3765109	15978160.00
20120203	2.64	2.74	2.63	2.71	10125346	43966272.00
20120206	2.71	2.74	2.68	2.72	9051915	39605424.00
20120207	2.71	2.71	2.63	2.65	5656094	24246044.00
20120208	2.68	2.72	2.64	2.71	8617863	37392544.00
20120209	2.71	2.76	2.69	2.73	9604949	42313648.00
20120210	2.74	2.98	2.71	2.96	26304978	120729176.00
20120213	2.90	3.01	2.86	2.94	18014444	85336272.00
20120214	2.96	3.00	2.89	2.96	11387815	54005816.00
20120215	2.94	3.00	2.92	3.00	12272528	58866440.00
20120216	3.00	3.03	2.91	2.98	13015530	62534160.00
20120217	2.98	2.99	2.89	2.91	10069435	47461256.00
20120220	2.96	2.98	2.88	2.89	9190251	43343264.00
20120221	2.88	2.92	2.82	2.90	11725464	54198344.00
20120222	2.89	2.96	2.87	2.96	11336288	53437384.00
20120223	2.98	3.11	2.95	3.05	24122238	118638704.00
20120224	3.04	3.08	3.01	3.06	12781367	62823288.00
20120227	3.07	3.11	3.03	3.03	16072125	79793936.00
20120228	3.01	3.03	2.90	3.00	19046310	90975504.00
20120229	2.96	2.99	2.94	2.94	8342080	39843344.00
20120301	2.93	2.99	2.92	2.96	7400888	35246392.00
20120302	2.97	3.01	2.96	3.01	10080076	48548248.00
20120305	3.02	3.07	2.99	3.06	17507420	85514416.00
20120306	3.05	3.11	3.03	3.10	24721154	122749352.00
20120307	3.04	3.09	3.01	3.01	14278066	70132520.00
20120308	3.03	3.06	3.01	3.04	10094968	49433988.00
20120309	3.04	3.08	3.02	3.08	12819978	63067120.00
20120312	3.07	3.07	3.03	3.06	13866582	68104624.00
20120313	3.06	3.06	2.98	3.04	21954190	106946576.00
20120314	3.04	3.14	2.88	2.89	36864001	181706416.00
20120315	2.89	2.91	2.76	2.83	17894257	81892256.00
20120316	2.83	2.89	2.80	2.89	9889187	45492288.00
20120319	2.89	2.97	2.86	2.94	12713456	60021136.00
20120320	2.94	2.96	2.85	2.85	13300220	62248544.00
20120321	2.87	2.89	2.83	2.87	9802788	45262408.00
20120322	2.85	2.92	2.81	2.88	11690712	54186480.00
20120323	2.86	2.86	2.78	2.79	8585107	38954072.00
20120326	2.80	2.83	2.75	2.79	5423213	24494940.00
20120327	2.79	2.82	2.74	2.74	5839682	26134008.00
20120328	2.74	2.74	2.55	2.56	11797881	49825016.00
20120329	2.56	2.58	2.48	2.52	6866033	28067486.00
20120330	2.53	2.55	2.43	2.44	11662675	46673256.00
20120405	2.46	2.51	2.45	2.51	11689890	46957420.00
20120406	2.51	2.55	2.47	2.51	13436209	54507292.00
20120409	2.53	2.77	2.49	2.77	34381545	148995904.00
20120410	2.79	2.81	2.65	2.75	39520861	174539968.00
20120411	2.72	2.84	2.69	2.83	28487618	127516960.00
20120412	2.81	2.84	2.76	2.83	25054132	113641872.00
20120413	2.83	2.84	2.77	2.79	20043667	90505720.00
20120416	2.78	2.93	2.76	2.87	30587980	140950592.00
20120417	2.85	2.88	2.76	2.77	22419338	101545896.00
20120418	2.79	2.86	2.76	2.84	20231879	91752112.00
20120419	2.83	2.94	2.81	2.86	24912375	115835824.00
20120420	2.84	2.98	2.84	2.98	32348763	152715408.00
20120423	3.00	3.08	2.93	2.94	41633887	201953824.00
20120424	2.92	3.04	2.83	3.03	30852750	146577856.00
20120425	2.99	3.24	2.97	3.16	65165280	327015392.00
20120426	3.13	3.16	3.06	3.07	36294681	181867104.00
20120427	3.08	3.12	2.99	2.99	19983334	98182760.00
20120502	3.07	3.09	3.01	3.08	22561697	111048768.00
20120503	3.07	3.08	3.00	3.03	15302218	75019248.00
20120504	3.04	3.08	3.02	3.05	13303642	65436524.00
20120507	3.03	3.05	2.98	3.04	20906740	101479632.00
20120509	3.01	3.06	2.93	2.94	31058002	150267536.00
20120510	2.93	2.98	2.89	2.94	18034623	85341088.00
20120511	2.94	3.00	2.93	2.95	15243657	73033856.00
20120514	2.99	3.09	2.98	3.03	37894916	186369856.00
20120515	2.98	3.09	2.98	3.08	32439177	159955056.00
20120516	3.08	3.11	3.02	3.03	21344362	105142544.00
20120517	3.03	3.05	2.94	3.03	23934836	116099776.00
20120518	2.99	3.03	2.93	2.98	20869047	99791392.00
20120521	2.96	2.99	2.91	2.98	11059480	52783776.00
20120522	2.99	3.07	2.98	3.06	28500504	139729472.00
20120523	3.03	3.04	2.96	3.02	17753108	86182360.00
20120524	2.98	3.04	2.94	2.97	14779923	71256384.00
20120525	2.98	2.99	2.91	2.98	16394310	78212128.00
20120528	2.99	3.08	2.97	3.07	31860323	156278720.00
20120529	3.08	3.08	3.03	3.08	28720043	141726160.00
20120530	3.08	3.13	3.04	3.09	31677212	157675152.00
20120531	3.05	3.12	3.04	3.07	19587573	97314192.00
20120601	3.06	3.09	3.03	3.05	15566895	76670480.00
20120604	2.99	3.00	2.74	2.76	42114950	194636560.00
20120606	2.82	2.86	2.79	2.83	19944230	90968936.00
20120607	2.86	2.88	2.71	2.75	14921793	66985244.00
20120608	2.78	2.79	2.72	2.77	8967141	39910924.00
20120611	2.77	2.82	2.76	2.79	11428094	51469560.00
20120612	2.79	2.83	2.77	2.79	8751439	24676418.00
20120613	2.76	2.79	2.67	2.76	24323106	66954808.00
20120614	2.74	2.75	2.68	2.69	19809657	54099296.00
20120615	2.70	2.72	2.62	2.66	14793549	39770112.00
20120618	2.67	2.71	2.67	2.69	9271419	25106286.00
20120619	2.70	2.96	2.69	2.96	87259832	255965360.00
20120620	2.99	3.18	2.87	3.09	170682015	518624320.00
20120621	3.01	3.08	2.97	3.04	66049748	200566912.00
20120625	3.02	3.06	2.93	2.98	55270032	166132192.00
20120626	2.95	3.12	2.90	3.04	107853463	327774688.00
20120627	2.99	3.02	2.90	2.92	58879371	175209072.00
20120628	2.92	2.94	2.73	2.74	54197554	152938240.00
20120629	2.70	2.77	2.67	2.77	29189932	80253928.00
20120702	2.80	2.82	2.73	2.76	28308953	78955264.00
20120703	2.76	2.80	2.70	2.77	33386050	92784144.00
20120704	2.78	2.87	2.77	2.83	37996571	108159440.00
20120705	2.81	2.86	2.74	2.74	28591019	80111512.00
20120706	2.77	2.79	2.69	2.78	26348667	73011152.00
20120709	2.76	2.78	2.66	2.67	24813768	67935880.00
20120710	2.66	2.70	2.60	2.62	20418937	54050512.00
20120711	2.63	2.67	2.58	2.66	13531610	35972872.00
20120712	2.67	2.75	2.61	2.70	23139343	62491720.00
20120713	2.69	2.72	2.66	2.67	13833333	37390196.00
20120716	2.67	2.68	2.56	2.57	22057430	57844504.00
20120717	2.56	2.60	2.54	2.60	16078424	41662804.00
20120718	2.59	2.60	2.53	2.59	17306359	44762352.00
20120719	2.59	2.65	2.56	2.62	24234821	63922124.00
20120720	2.60	2.70	2.60	2.65	25661484	68653872.00
20120723	2.62	2.62	2.57	2.59	12991939	33912900.00
20120724	2.58	2.63	2.56	2.60	11394115	29805996.00
20120725	2.60	2.60	2.57	2.57	10871417	28303796.00
20120726	2.57	2.61	2.56	2.57	9490846	24721764.00
20120727	2.58	2.61	2.56	2.58	8975742	23363256.00
20120730	2.58	2.61	2.51	2.51	13566834	34846504.00
20120731	2.50	2.51	2.26	2.30	30336365	71285104.00
20120801	2.31	2.36	2.30	2.34	11798033	27831462.00
20120802	2.33	2.35	2.28	2.29	10018182	23341056.00
20120803	2.30	2.35	2.29	2.35	12131556	28394280.00
20120806	2.33	2.59	2.33	2.59	56788999	145736192.00
20120807	2.64	2.85	2.61	2.85	128491972	361783296.00
20120808	2.86	2.98	2.78	2.83	121349290	350417760.00
20120809	2.80	2.88	2.71	2.82	73813162	207178144.00
20120810	2.79	2.94	2.73	2.84	86198938	245814928.00
20120813	2.81	2.82	2.70	2.71	44316689	123094592.00
20120814	2.69	2.75	2.63	2.74	35227917	95478840.00
20120815	2.72	2.75	2.68	2.70	23243072	63571556.00
20120816	2.66	2.69	2.61	2.65	24619542	65887860.00
20120817	2.63	2.68	2.61	2.67	18848616	50283572.00
20120820	2.68	2.68	2.58	2.63	22481726	59316300.00
20120821	2.63	2.70	2.61	2.66	25562974	68486792.00
20120822	2.63	2.65	2.53	2.56	32246363	84294672.00
20120823	2.55	2.58	2.51	2.56	20600718	52773928.00
20120824	2.54	2.54	2.43	2.44	22948267	57399152.00
20120827	2.42	2.47	2.38	2.40	14375905	35239172.00
20120828	2.43	2.64	2.43	2.64	45522469	118436560.00
20120829	2.71	2.74	2.54	2.54	56063173	147754464.00
20120830	2.47	2.54	2.42	2.51	29533668	73944048.00
20120831	2.48	2.56	2.47	2.54	19011505	48539556.00
20120903	2.50	2.56	2.49	2.53	18223752	46504936.00
20120904	2.54	2.55	2.44	2.45	22000188	55075988.00
20120905	2.44	2.70	2.42	2.57	42003563	110025048.00
20120906	2.52	2.69	2.52	2.67	39762212	105548808.00
20120907	2.68	2.78	2.65	2.72	60765101	166341744.00
20120910	2.72	2.85	2.69	2.79	56621662	158619920.00
20120911	2.77	2.77	2.70	2.73	31506205	86422368.00
20120912	2.74	2.77	2.68	2.74	24219369	66458032.00
20120913	2.74	2.74	2.65	2.66	20800144	56495936.00
20120914	2.68	2.92	2.67	2.84	101891431	290297792.00
20120917	2.79	2.83	2.69	2.71	49145940	135939648.00
20120918	2.67	2.74	2.66	2.73	22393196	60916892.00
20120919	2.73	2.83	2.72	2.76	37474967	105064808.00
20120920	2.76	2.82	2.69	2.72	37863306	105278216.00
20120921	2.68	2.72	2.61	2.62	32942501	88201680.00
20120924	2.58	2.66	2.56	2.65	18322565	48544196.00
20120925	2.63	2.65	2.58	2.61	19902213	52295824.00
20120926	2.58	2.62	2.50	2.52	22118368	56672320.00
20120927	2.52	2.61	2.50	2.58	26193914	67668624.00
20120928	2.56	2.63	2.55	2.63	21085738	55341096.00
20121008	2.58	2.59	2.54	2.56	24578975	63365876.00
20121009	2.55	2.77	2.54	2.74	64252967	173030768.00
20121010	2.69	2.95	2.69	2.86	116590925	332417152.00
20121012	2.85	2.94	2.73	2.80	92085887	263930288.00
20121015	2.77	2.81	2.72	2.78	30805947	85308120.00
20121016	2.78	2.79	2.70	2.71	30361209	83844720.00
20121017	2.73	2.75	2.68	2.73	24898302	68133848.00
20121018	2.73	2.82	2.72	2.78	40461682	113728808.00
20121019	2.78	2.92	2.77	2.82	53959427	155051216.00
20121022	2.79	2.91	2.77	2.87	44840681	129329136.00
20121023	2.86	2.87	2.80	2.81	35095364	100163280.00
20121024	2.80	3.06	2.78	2.96	112922582	333544288.00
20121025	2.92	2.99	2.83	2.85	71099387	208017728.00
20121026	2.82	2.83	2.75	2.79	46769130	130816104.00
20121029	2.78	2.83	2.75	2.80	25090661	70692328.00
20121030	2.80	2.82	2.76	2.77	20777226	58258380.00
20121031	2.77	2.78	2.69	2.74	26307859	72026120.00
20121101	2.83	2.91	2.80	2.82	51678868	148061600.00
20121102	2.78	2.83	2.78	2.82	27148190	76653344.00
20121105	2.80	2.81	2.76	2.78	17808543	49952376.00
20121106	2.78	2.78	2.71	2.76	22030016	60779044.00
20121107	2.75	2.85	2.73	2.81	27821091	78674720.00
20121108	2.79	2.79	2.70	2.71	21877809	60364536.00
20121109	2.69	2.73	2.66	2.69	15418132	41873248.00
20121112	2.69	2.72	2.66	2.70	12586402	34098780.00
20121113	2.70	2.70	2.61	2.62	16237131	43183264.00
20121114	2.60	2.63	2.56	2.63	14917866	38937544.00
20121115	2.60	2.62	2.56	2.56	11783218	30707266.00
20121116	2.56	2.59	2.54	2.58	11558509	29829072.00
20121119	2.58	2.61	2.54	2.60	8901957	23083500.00
20121120	2.60	2.63	2.57	2.57	10351827	27163056.00
20121121	2.57	2.61	2.53	2.61	12636717	32730532.00
20121122	2.60	2.60	2.55	2.56	8483822	21955104.00
20121123	2.58	2.58	2.53	2.56	8421894	21721368.00
20121126	2.56	2.65	2.53	2.60	15198504	39728692.00
20121127	2.57	2.58	2.45	2.45	16914874	42761052.00
20121128	2.43	2.44	2.35	2.37	11346270	27345112.00
20121129	2.36	2.40	2.32	2.32	8190418	19534824.00
20121130	2.33	2.39	2.32	2.37	9783386	23340552.00
20121203	2.38	2.39	2.33	2.33	8384900	19977128.00
20121204	2.32	2.41	2.29	2.39	10516776	24910876.00
20121205	2.39	2.51	2.37	2.47	20578602	51023344.00
20121206	2.48	2.49	2.44	2.45	10654760	26405826.00
20121207	2.45	2.57	2.43	2.54	27484698	69425328.00
20121210	2.54	2.58	2.51	2.57	25018032	64189464.00
20121211	2.54	2.56	2.50	2.51	17917933	45684908.00
20121212	2.50	2.54	2.49	2.53	11488609	29085928.00
20121213	2.51	2.67	2.49	2.57	40570736	105624752.00
20121214	2.54	2.66	2.53	2.64	44238722	116795440.00
20121217	2.64	2.67	2.60	2.62	25688423	68127768.00
20121218	2.63	2.65	2.58	2.61	22031545	58091868.00
20121219	2.59	2.61	2.57	2.59	17394719	45438416.00
20121220	2.58	2.60	2.54	2.58	15871221	41138116.00
20121221	2.59	2.64	2.56	2.61	26724294	70009888.00
20121224	2.60	2.62	2.58	2.58	13313786	34788180.00
20121225	2.58	2.64	2.56	2.62	24851843	65582192.00
20121226	2.63	2.66	2.61	2.65	22850807	60674136.00
20121227	2.65	2.71	2.61	2.65	36366690	97557768.00
20121228	2.65	2.66	2.61	2.65	23971321	63599752.00
20121231	2.65	2.65	2.59	2.63	32198972	84891128.00
20130104	2.65	2.67	2.59	2.60	19608386	51734488.00
20130107	2.61	2.67	2.58	2.66	30942157	81934944.00
20130108	2.64	2.71	2.63	2.68	40646764	109487784.00
20130109	2.67	2.76	2.66	2.72	48841669	133513856.00
20130110	2.70	2.73	2.66	2.69	29287288	79497968.00
20130111	2.69	2.71	2.60	2.61	30214811	80618216.00
20130114	2.59	2.68	2.57	2.68	36842414	97629480.00
20130115	2.68	2.82	2.65	2.74	61311556	169913040.00
20130116	2.72	2.74	2.64	2.70	40915307	111039208.00
20130117	2.69	2.70	2.65	2.66	18834143	50548584.00
20130118	2.66	2.70	2.66	2.70	20939258	56560428.00
20130121	2.70	2.73	2.67	2.70	23239237	63082420.00
20130122	2.70	2.71	2.63	2.64	22302180	59880964.00
20130123	2.64	2.67	2.59	2.64	20536456	54444496.00
20130124	2.91	2.91	2.91	2.91	68507930	200728240.00
20130125	2.90	2.90	2.77	2.80	113070876	322146688.00
20130128	2.76	2.83	2.73	2.82	52568627	146954448.00
20130129	2.79	2.81	2.76	2.79	35750209	100224152.00
20130130	2.80	2.87	2.78	2.85	59483519	170170160.00
20130131	2.81	2.81	2.72	2.75	45970951	127557224.00
20130201	2.75	2.78	2.70	2.76	26129024	72192904.00
20130204	2.77	2.79	2.74	2.75	27706167	77166392.00
20130205	2.72	2.76	2.71	2.75	21076248	58045772.00
20130206	2.75	2.88	2.73	2.81	40343945	113802928.00
20130207	2.80	2.81	2.75	2.77	23968108	66997164.00
20130208	2.78	2.80	2.77	2.79	19619064	55053632.00
20130218	2.80	2.82	2.78	2.81	23900030	67534080.00
20130219	2.80	2.87	2.76	2.86	51485522	146248896.00
20130220	2.83	2.87	2.81	2.86	33870732	97031440.00
20130221	2.83	2.91	2.82	2.83	60806828	175260192.00
20130222	2.83	2.85	2.79	2.81	25186256	71549560.00
20130225	2.81	3.02	2.80	2.94	98217607	289305664.00
20130226	2.90	2.91	2.81	2.83	46788693	135394304.00
20130227	2.84	2.87	2.82	2.85	20729073	59308168.00
20130228	2.88	2.89	2.83	2.88	33252176	95718984.00
20130301	2.87	2.93	2.86	2.91	32678989	95647176.00
20130304	2.87	2.91	2.78	2.80	38992124	111638680.00
20130305	2.81	2.84	2.79	2.83	21108028	59866816.00
20130306	2.86	2.90	2.81	2.88	28339119	81714528.00
20130307	2.87	2.92	2.82	2.84	31476729	90945520.00
20130308	2.83	2.86	2.80	2.82	20043391	57160212.00
20130311	2.85	2.86	2.80	2.83	18613595	52988904.00
20130312	2.83	2.89	2.67	2.88	63152603	178258944.00
20130314	2.88	2.88	2.75	2.76	49086037	139015232.00
20130315	2.74	2.79	2.70	2.73	19256989	53152856.00
20130318	2.71	2.73	2.63	2.65	21911092	59044080.00
20130319	2.65	2.67	2.59	2.64	14675003	38854308.00
20130320	2.64	2.69	2.62	2.68	17179160	46112480.00
20130321	2.68	2.74	2.66	2.69	20932359	56858008.00
20130322	2.67	2.71	2.66	2.71	15742330	42619504.00
20130325	2.71	2.72	2.66	2.67	15233255	41055464.00
20130326	2.67	2.67	2.60	2.63	14982779	39583424.00
20130327	2.62	2.65	2.59	2.62	14487206	38247544.00
20130328	2.60	2.60	2.50	2.51	21566863	55176868.00
20130329	2.51	2.53	2.48	2.52	10963458	27702340.00
20130401	2.51	2.53	2.49	2.52	9107772	23045084.00
20130402	2.52	2.54	2.48	2.50	13592184	34377256.00
20130403	2.50	2.51	2.44	2.46	11947146	29702450.00
20130408	2.45	2.45	2.40	2.45	10617522	25906464.00
20130409	2.46	2.52	2.46	2.49	10255710	25749894.00
20130410	2.49	2.51	2.46	2.48	10487243	26202928.00
20130411	2.48	2.54	2.47	2.52	15667503	39570468.00
20130412	2.51	2.52	2.46	2.47	7783792	19528856.00
20130415	2.45	2.46	2.40	2.41	9289583	22699060.00
20130416	2.36	2.45	2.36	2.43	6675081	16201899.00
20130417	2.43	2.44	2.40	2.43	6202272	15143514.00
20130418	2.43	2.45	2.40	2.45	7670331	18798190.00
20130419	2.45	2.49	2.44	2.48	11105593	27687846.00
20130422	2.45	2.52	2.45	2.48	13855192	34677148.00
20130423	2.48	2.48	2.39	2.39	14264496	34897712.00
20130424	2.39	2.44	2.39	2.44	9577365	23400654.00
20130425	2.42	2.42	2.38	2.39	14242861	34404504.00
20130426	2.39	2.41	2.33	2.34	9095499	21700908.00
20130502	2.35	2.41	2.31	2.40	13377667	31874224.00
20130503	2.38	2.43	2.38	2.40	13372635	32450404.00
20130506	2.39	2.42	2.38	2.41	12445384	30207344.00
20130507	2.41	2.41	2.38	2.40	10364505	25021384.00
20130508	2.40	2.42	2.38	2.40	12001908	29012814.00
20130509	2.40	2.45	2.38	2.42	19295544	47096088.00
20130510	2.42	2.46	2.40	2.46	16864799	41336864.00
20130513	2.45	2.53	2.43	2.50	27903621	69878624.00
20130514	2.49	2.49	2.43	2.47	17277132	42839880.00
20130515	2.46	2.47	2.44	2.47	12242350	30364932.00
20130516	2.46	2.49	2.44	2.48	18567333	46181580.00
20130517	2.48	2.50	2.45	2.50	18497619	46136600.00
20130520	2.49	2.51	2.47	2.50	21107624	53028704.00
20130521	2.50	2.51	2.47	2.50	20347338	51069452.00
20130522	2.50	2.54	2.48	2.53	27118036	68592416.00
20130523	2.52	2.54	2.49	2.50	23104760	58640600.00
20130524	2.49	2.51	2.47	2.50	16787891	42124736.00
20130527	2.49	2.51	2.48	2.49	16535981	41509872.00
20130528	2.49	2.54	2.48	2.53	24406521	61864832.00
20130529	2.52	2.54	2.50	2.52	22756635	57732312.00
20130530	2.51	2.52	2.48	2.50	16105977	40544368.00
20130531	2.50	2.51	2.47	2.48	13065429	32814546.00
20130603	2.48	2.49	2.46	2.48	11431202	28540088.00
20130604	2.48	2.48	2.40	2.42	15822727	38844256.00
20130605	2.41	2.42	2.40	2.41	7952887	19319938.00
20130606	2.42	2.42	2.38	2.39	7891600	19111096.00
20130607	2.39	2.40	2.33	2.35	10827861	25780638.00
20130613	2.34	2.34	2.27	2.29	13502073	31164024.00
20130614	2.29	2.31	2.28	2.30	9730859	22527898.00
20130617	2.30	2.31	2.27	2.29	6921176	15992755.00
20130618	2.29	2.31	2.28	2.29	6530905	15106312.00
20130619	2.29	2.30	2.22	2.26	11162371	25341022.00
20130620	2.25	2.25	2.17	2.18	8392100	18734020.00
20130621	2.17	2.19	2.13	2.17	7220350	15739584.00
20130624	2.17	2.18	1.97	2.00	17613705	36557488.00
20130625	1.99	1.99	1.83	1.95	22498805	43713944.00
20130626	1.95	1.97	1.92	1.95	8623888	16929576.00
20130627	1.95	1.99	1.92	1.93	9783421	19366034.00
20130628	1.92	1.96	1.87	1.94	8316911	16214104.00
20130701	1.93	1.97	1.92	1.96	7014178	13768769.00
20130702	1.96	1.97	1.92	1.96	7770536	15263039.00
20130703	1.95	1.95	1.90	1.92	8106162	15751443.00
20130704	1.92	1.97	1.89	1.95	9301458	18247038.00
20130705	1.95	2.00	1.93	1.98	12471473	24842126.00
20130708	1.98	1.98	1.90	1.90	9761920	19042140.00
20130709	1.89	1.92	1.89	1.91	5280444	10162239.00
20130710	1.94	1.97	1.91	1.97	8307635	16354980.00
20130711	1.98	2.07	1.96	2.03	24717679	50469748.00
20130712	2.03	2.03	1.97	1.98	13230219	26747890.00
20130715	1.98	2.02	1.97	2.01	9600651	19420656.00
20130716	2.01	2.04	1.99	2.04	13475548	27517224.00
20130717	2.03	2.05	2.00	2.01	15087655	30890536.00
20130718	2.00	2.01	1.97	1.99	11189969	22456376.00
20130719	1.99	2.01	1.91	1.92	14298322	28453272.00
20130722	1.92	1.94	1.89	1.93	9499921	18402940.00
20130723	1.92	1.98	1.92	1.98	9105952	18025848.00
20130724	1.97	1.98	1.94	1.96	11629606	22985594.00
20130725	1.96	1.97	1.94	1.95	10510121	20785524.00
20130726	1.95	1.96	1.93	1.94	7410263	14544676.00
20130729	1.93	1.93	1.90	1.91	11493671	22185960.00
20130730	1.91	1.93	1.88	1.90	11528469	22222636.00
20130731	1.91	1.92	1.89	1.90	7040299	13561144.00
20130801	1.90	1.94	1.89	1.94	14790741	28723936.00
20130802	1.95	1.95	1.92	1.92	9484380	18522480.00
20130805	1.92	2.04	1.92	1.99	19584047	38998432.00
20130806	1.96	2.10	1.95	2.04	34241144	70526320.00
20130807	2.03	2.04	1.98	1.99	20038721	40644376.00
20130808	2.00	2.06	1.99	2.03	17546433	35866376.00
20130809	2.02	2.04	1.99	2.02	11940190	24296898.00
20130812	2.02	2.07	2.01	2.06	21100829	43637264.00
20130813	2.08	2.10	2.05	2.09	23018204	48230684.00
20130814	2.09	2.09	2.05	2.06	18895571	39478056.00
20130815	2.06	2.07	2.03	2.03	13163625	27197346.00
20130819	1.96	2.01	1.93	1.98	22180889	44345012.00
20130820	2.01	2.02	1.97	1.98	13535477	27191368.00
20130821	1.98	1.99	1.97	1.98	8274842	16523084.00
20130822	1.98	2.00	1.97	1.98	11258745	22598424.00
20130823	1.99	2.01	1.93	2.00	17299347	34586672.00
20130826	2.00	2.05	1.99	2.04	23877953	48680048.00
20130827	2.03	2.09	2.03	2.06	23547142	49026256.00
20130828	2.05	2.07	2.03	2.06	15094353	31242060.00
20130829	2.05	2.10	2.03	2.08	25709693	53608220.00
20130830	2.08	2.10	2.04	2.05	21423268	44767908.00
20130902	2.05	2.15	2.04	2.10	31263567	66251904.00
20130903	2.11	2.14	2.10	2.12	21103337	45057444.00
20130904	2.11	2.12	2.07	2.09	29581897	62540668.00
20130905	2.09	2.11	2.07	2.09	20802530	43872004.00
20130906	2.10	2.11	2.08	2.09	17153970	36140928.00
20130909	2.10	2.14	2.08	2.12	28477888	60768556.00
20130910	2.12	2.20	2.11	2.17	43496367	94884040.00
20130911	2.17	2.39	2.17	2.39	89542497	210001744.00
20130912	2.48	2.49	2.31	2.37	107578888	259902448.00
20130913	2.34	2.35	2.25	2.27	47961480	110910224.00
20130916	2.25	2.30	2.25	2.27	24484197	55966128.00
20130917	2.27	2.27	2.17	2.18	27463134	61308764.00
20130918	2.17	2.24	2.17	2.23	20611441	45804576.00
20130923	2.23	2.24	2.20	2.23	16075646	36063228.00
20130924	2.23	2.24	2.15	2.19	22176080	49037984.00
20130925	2.18	2.22	2.16	2.20	18691924	41292976.00
20130926	2.20	2.21	2.13	2.14	20678363	45375248.00
20130927	2.13	2.15	2.12	2.14	11861516	25573832.00
20130930	2.14	2.15	2.12	2.14	9559052	20616884.00
20131008	2.14	2.21	2.12	2.20	17037049	37408052.00
20131009	2.20	2.22	2.17	2.20	18054683	39986892.00
20131010	2.18	2.20	2.13	2.17	22555728	49281680.00
20131011	2.15	2.22	2.15	2.21	22027206	48636320.00
20131014	2.21	2.24	2.18	2.23	24258218	54067760.00
20131015	2.23	2.23	2.19	2.21	16159850	35912516.00
20131016	2.20	2.21	2.13	2.15	20593183	44792716.00
20131017	2.16	2.18	2.14	2.17	18132271	39519748.00
20131018	2.17	2.18	2.13	2.17	17740852	38626852.00
20131021	2.17	2.19	2.15	2.19	16739098	36648432.00
20131022	2.18	2.26	2.17	2.24	32384040	72320320.00
20131023	2.23	2.28	2.19	2.20	30992944	69960800.00
20131024	2.18	2.19	2.15	2.16	12318269	26928272.00
20131025	2.16	2.18	2.12	2.13	13182051	28573100.00
20131028	2.13	2.15	2.12	2.14	6710511	14481546.00
20131029	2.14	2.17	2.04	2.09	18987069	40309536.00
20131030	2.07	2.12	2.06	2.12	8372740	17766452.00
20131031	2.11	2.12	2.09	2.12	8152917	17355036.00
20131101	2.12	2.12	2.09	2.11	6374839	13532944.00
20131104	2.10	2.11	2.08	2.09	8064560	17071636.00
20131105	2.10	2.10	2.05	2.10	11966479	25044436.00
20131106	2.09	2.10	2.06	2.07	11730860	24673404.00
20131107	2.06	2.08	2.05	2.07	8711958	18173986.00
20131108	2.07	2.07	2.02	2.04	8754661	18065346.00
20131111	2.04	2.06	2.02	2.05	6073202	12484820.00
20131112	2.04	2.07	2.03	2.07	8412855	17458356.00
20131113	2.06	2.07	2.00	2.00	11292227	23158332.00
20131114	2.00	2.03	1.99	2.02	10351922	21041886.00
20131115	2.01	2.06	2.01	2.05	12101253	25010780.00
20131118	2.06	2.09	2.04	2.09	14989707	31330792.00
20131119	2.09	2.09	2.06	2.08	10560124	22137088.00
20131120	2.08	2.11	2.07	2.10	11585710	24411722.00
20131121	2.09	2.10	2.07	2.09	9732053	20468492.00
20131122	2.09	2.13	2.07	2.12	21764627	46322644.00
20131125	2.10	2.12	2.09	2.10	10079694	21424862.00
20131126	2.09	2.14	2.09	2.13	17997780	38472128.00
20131127	2.13	2.14	2.11	2.12	11381556	24410640.00
20131128	2.12	2.16	2.12	2.13	13947818	30110888.00
20131129	2.13	2.17	2.11	2.15	18466514	39900152.00
20131202	2.13	2.17	2.09	2.11	20277220	43476088.00
20131203	2.09	2.12	2.05	2.12	15976559	33711284.00
20131204	2.11	2.16	2.10	2.15	21036263	45428032.00
20131205	2.15	2.18	2.12	2.16	17019613	36888728.00
20131206	2.15	2.19	2.13	2.17	18004530	39308944.00
20131209	2.16	2.18	2.15	2.16	11805582	25786084.00
20131210	2.17	2.17	2.14	2.15	11421119	24826202.00
20131211	2.14	2.15	2.10	2.11	10761117	23055424.00
20131212	2.11	2.13	2.10	2.11	7513358	16047135.00
20131213	2.10	2.12	2.09	2.11	6851630	14570840.00
20131216	2.11	2.12	2.06	2.06	10681731	22433208.00
20131217	2.06	2.07	2.04	2.05	8917198	18485872.00
20140318	2.26	2.26	2.26	2.26	8517802	19420588.00
20140319	2.49	2.49	2.39	2.49	56920439	142479088.00
20140320	2.59	2.69	2.43	2.45	174331621	450178144.00
20140321	2.41	2.47	2.33	2.43	79267387	190948352.00
20140324	2.38	2.57	2.35	2.53	94188993	236664336.00
20140325	2.52	2.57	2.43	2.45	57725189	144685536.00
20140326	2.45	2.52	2.40	2.47	38574009	95376760.00
20140327	2.44	2.48	2.40	2.41	34925038	85670192.00
20140328	2.40	2.51	2.39	2.44	38588956	95116728.00
20140331	2.41	2.46	2.32	2.37	35612757	85479136.00
20140401	2.37	2.41	2.35	2.37	18983766	45583320.00
20140402	2.37	2.41	2.36	2.37	24215622	58010600.00
20140403	2.37	2.38	2.33	2.34	19544351	46505880.00
20140404	2.34	2.35	2.30	2.34	18817840	44157968.00
20140408	2.34	2.41	2.33	2.37	28358778	67712504.00
20140409	2.36	2.38	2.35	2.37	17200309	41006488.00
20140410	2.37	2.38	2.33	2.35	24328660	57613280.00
20140411	2.34	2.36	2.33	2.34	13098486	30985568.00
20140414	2.34	2.36	2.33	2.36	17314364	40934192.00
20140415	2.35	2.36	2.29	2.32	21813268	50902964.00
20140416	2.31	2.32	2.28	2.30	14036053	32517920.00
20140417	2.30	2.30	2.25	2.27	18273577	41838840.00
20140418	2.26	2.27	2.24	2.25	12992184	29483476.00
20140421	2.25	2.26	2.22	2.23	12462107	28211314.00
20140422	2.22	2.24	2.19	2.23	14540169	32474284.00
20140423	2.22	2.26	2.22	2.25	11316300	25613140.00
20140424	2.25	2.25	2.21	2.22	10781687	24207526.00
20140425	2.22	2.24	2.16	2.16	12448057	27615204.00
20140428	2.16	2.16	2.06	2.08	15750460	33512832.00
20140429	2.07	2.11	2.07	2.11	8967583	18930204.00
20140430	2.10	2.11	2.09	2.10	8013100	17001210.00
20140505	2.10	2.14	2.09	2.14	9314703	19946856.00
20140506	2.14	2.16	2.13	2.14	10543199	22848184.00
20140507	2.15	2.15	2.11	2.12	9461482	20388568.00
20140508	2.11	2.15	2.10	2.13	8389911	18034100.00
20140509	2.13	2.14	2.09	2.10	8750827	18588552.00
20140512	2.11	2.17	2.11	2.16	21521807	46554576.00
20140513	2.15	2.17	2.14	2.15	10105440	21946552.00
20140514	2.15	2.17	2.14	2.16	8762054	19062804.00
20140515	2.15	2.16	2.10	2.12	10319234	22155844.00
20140516	2.11	2.12	2.09	2.11	6938085	14723005.00
20140519	2.11	2.16	2.10	2.13	9910305	21305916.00
20140520	2.13	2.16	2.12	2.14	10520803	22722528.00
20140521	2.14	2.14	2.10	2.14	7486026	16034607.00
20140522	2.13	2.15	2.12	2.12	7357188	15857796.00
20140523	2.12	2.14	2.11	2.14	5541067	11909154.00
20140526	2.15	2.22	2.14	2.22	37059753	81906096.00
20140527	2.22	2.40	2.21	2.32	69752638	163308304.00
20140528	2.33	2.44	2.32	2.40	62474114	150199696.00
20140529	2.48	2.52	2.41	2.44	79562386	197099040.00
20140530	2.42	2.48	2.33	2.37	43090505	103760408.00
20140603	2.41	2.43	2.34	2.36	29594864	71135648.00
20140604	2.35	2.36	2.27	2.30	22845729	53054928.00
20140605	2.31	2.35	2.30	2.34	23947088	56165532.00
20140606	2.35	2.36	2.30	2.33	19107594	44778292.00
20140609	2.33	2.34	2.28	2.29	13988188	32534402.00
20140610	2.30	2.33	2.24	2.32	23156113	53175108.00
20140611	2.31	2.32	2.28	2.28	14662086	33911904.00
20140612	2.27	2.28	2.24	2.27	13654780	31093640.00
20140613	2.27	2.29	2.24	2.28	13743390	31427744.00
20140616	2.28	2.51	2.28	2.44	52248065	127371464.00
20140617	2.41	2.42	2.32	2.37	26991317	64444544.00
20140618	2.37	2.53	2.34	2.47	52101574	129257216.00
20140619	2.49	2.53	2.40	2.43	34927345	86344232.00
20140620	2.42	2.49	2.37	2.42	24450963	59720084.00
20140623	2.44	2.48	2.40	2.46	28930586	71224904.00
20140624	2.45	2.46	2.41	2.44	18853211	46209292.00
20140625	2.42	2.44	2.38	2.43	13286388	32406198.00
20140626	2.42	2.44	2.40	2.42	17082240	41734908.00
20140627	2.41	2.41	2.36	2.39	26410023	63409568.00
20140630	2.39	2.44	2.36	2.43	29003140	70349824.00
20140701	2.42	2.43	2.38	2.42	19414505	47040660.00
20140702	2.41	2.50	2.40	2.48	30993059	76841632.00
20140703	2.47	2.68	2.45	2.64	78274535	202828032.00
20140704	2.63	2.63	2.53	2.54	59140685	153120016.00
20140707	2.56	2.80	2.55	2.68	96294257	262698896.00
20140708	2.72	2.79	2.68	2.69	59505593	162661040.00
20140709	2.70	2.70	2.59	2.60	46128515	122387336.00
20140710	2.61	2.62	2.56	2.59	24606869	64239108.00
20140711	2.59	2.71	2.59	2.65	33590242	89999576.00
20140714	2.65	2.79	2.65	2.76	58590102	162173120.00
20140715	2.78	2.78	2.70	2.74	32409261	89341672.00
20140716	2.73	2.90	2.72	2.82	62046135	177627360.00
20140717	2.83	2.87	2.79	2.83	30958695	88064864.00
20140718	2.79	2.95	2.79	2.91	58955946	172826096.00
20140721	2.93	3.06	2.85	2.87	63091875	187032688.00
20140722	2.85	2.92	2.80	2.90	38840386	112769640.00
20140723	2.92	3.18	2.87	3.10	95083995	292714720.00
20140724	3.11	3.14	3.00	3.13	51909559	160507344.00
20140725	3.11	3.25	3.07	3.12	49253692	155736704.00
20140728	3.11	3.17	3.03	3.11	65192118	202571280.00
20140729	3.11	3.26	3.06	3.25	64479054	205252272.00
20140730	3.22	3.31	3.18	3.24	45318430	147301776.00
20140731	3.21	3.25	3.15	3.18	45694487	146840304.00
20140801	3.18	3.21	3.11	3.13	37584729	118927184.00
20140804	3.12	3.20	3.11	3.17	32687026	103980304.00
20140805	3.19	3.19	3.03	3.07	72003058	222962672.00
20140806	3.05	3.10	3.02	3.08	33731556	103957904.00
20140807	3.08	3.13	3.06	3.11	33822903	105457552.00
20140808	3.11	3.16	3.09	3.13	27658921	87050504.00
20140811	3.13	3.15	3.10	3.13	29413442	92644056.00
20140812	3.14	3.28	3.12	3.23	58042849	187751296.00
20140813	3.23	3.25	3.13	3.20	28198954	90464472.00
20140814	3.19	3.19	3.13	3.14	24402802	77551480.00
20140815	3.12	3.19	3.11	3.14	24773298	78560144.00
20140818	3.14	3.21	3.14	3.20	27714351	88726088.00
20140819	3.22	3.23	3.16	3.19	24296729	77850248.00
20140820	3.16	3.18	3.14	3.16	24927547	79094544.00
20140821	3.15	3.15	3.07	3.09	37233215	116143840.00
20140822	3.09	3.10	3.04	3.08	33345102	102648088.00
20140825	3.08	3.08	2.98	3.01	35846811	108869024.00
20140826	2.99	3.00	2.93	2.94	24347661	72476136.00
20140827	2.93	3.05	2.92	3.02	32037612	96800704.00
20140828	3.01	3.01	2.94	2.98	20986507	62814472.00
20140829	2.98	3.01	2.94	3.00	14517775	43437896.00
20140901	2.99	3.09	2.99	3.07	19800244	60881088.00
20140902	3.07	3.09	3.05	3.09	22266495	68849360.00
20140903	3.09	3.10	3.06	3.09	22142123	68665480.00
20140904	3.10	3.16	3.06	3.15	40785254	127754552.00
20140905	3.15	3.16	3.08	3.13	29858781	93766440.00
20140909	3.13	3.18	3.11	3.17	33622846	106801888.00
20140910	3.18	3.31	3.12	3.26	59394234	193188528.00
20140911	3.24	3.29	3.19	3.23	55547295	181269136.00
20140912	3.23	3.26	3.19	3.26	30727557	99961504.00
20140915	3.26	3.40	3.24	3.40	70533150	236384320.00
20140916	3.39	3.51	3.27	3.28	88553519	303884448.00
20140917	3.27	3.35	3.20	3.34	48290978	159637376.00
20140918	3.35	3.47	3.31	3.45	53651964	184364752.00
20140919	3.43	3.53	3.39	3.42	44101938	152947536.00
20140922	3.42	3.42	3.28	3.32	36986136	124245136.00
20140923	3.33	3.37	3.29	3.36	25881655	86938624.00
20140924	3.34	3.41	3.32	3.40	32200475	109133096.00
20140925	3.42	3.45	3.33	3.36	37951158	129560944.00
20140926	3.35	3.37	3.30	3.32	29705851	99477664.00
20140929	3.34	3.40	3.31	3.37	35082332	118415400.00
20140930	3.37	3.43	3.35	3.41	32598485	111369032.00
20141008	3.41	3.56	3.39	3.55	59457136	208334112.00
20141009	3.66	3.91	3.65	3.91	154388795	601369472.00
20141010	4.10	4.30	4.03	4.30	142318344	598500416.00
20141013	4.45	4.53	4.04	4.22	229239202	967685760.00
20141014	4.26	4.64	4.13	4.64	227456175	996673920.00
20141015	4.58	4.84	4.43	4.54	224675526	1039878464.00
20141016	4.48	4.62	4.21	4.25	143406885	636382144.00
20141017	4.16	4.31	4.09	4.26	98207786	414043840.00
20141020	4.25	4.36	4.21	4.34	70788707	304854752.00
20141021	4.31	4.31	4.10	4.12	81292517	341685088.00
20141022	4.14	4.16	4.05	4.09	44751685	184320240.00
20141023	4.09	4.12	4.00	4.04	43356186	176265648.00
20141024	4.06	4.20	3.99	4.15	55358833	228233088.00
20141027	4.10	4.20	4.09	4.13	39005877	162504720.00
20141028	4.15	4.33	4.12	4.28	72526614	308780288.00
20141029	4.26	4.55	4.24	4.38	100794099	444516480.00
20141030	4.40	4.45	4.31	4.33	65341124	286336000.00
20141031	4.30	4.37	4.19	4.24	54762201	233939152.00
20141103	4.22	4.35	4.19	4.32	43943857	189243936.00
20141104	4.27	4.33	4.22	4.29	34431297	147548496.00
20141105	4.27	4.32	4.21	4.25	31626260	135669536.00
20141106	4.25	4.27	4.09	4.15	47482198	198264272.00
20141107	4.13	4.18	4.08	4.13	32037331	133035416.00
20141110	4.13	4.21	4.07	4.20	35385833	147633392.00
20141111	4.22	4.24	3.96	3.99	57001531	232797536.00
20141112	3.99	4.09	3.95	4.08	24234871	98103824.00
20141113	4.09	4.09	3.97	4.01	28454805	114905224.00
20141114	3.99	4.05	3.98	4.03	19338279	78126768.00
20141117	4.03	4.09	4.00	4.05	18343532	74818336.00
20141118	4.04	4.33	4.03	4.27	70467655	299768736.00
20141119	4.24	4.33	4.20	4.23	34665736	147896720.00
20141120	4.24	4.28	4.19	4.21	24669963	104627472.00
20141121	4.20	4.21	4.10	4.17	33316590	138791296.00
20141124	4.23	4.27	4.18	4.22	41656604	176786976.00
20141125	4.22	4.37	4.20	4.32	55065002	238366736.00
20141126	4.33	4.53	4.28	4.48	93650940	416108000.00
20141127	4.46	4.52	4.39	4.44	63079878	280612352.00
20141128	4.49	4.50	4.32	4.39	53571817	236758704.00
20141201	4.39	4.53	4.33	4.49	70271810	313740128.00
20141202	4.49	4.57	4.43	4.52	71546859	323849120.00
20141203	4.53	4.71	4.45	4.50	89488160	410435712.00
20141204	4.50	4.61	4.45	4.60	84585013	383627648.00
20141205	4.61	4.71	4.41	4.57	112577069	519201472.00
20141208	4.53	4.66	4.43	4.57	85923972	393317472.00
20141209	4.57	4.65	4.23	4.25	105957779	478089280.00
20141210	4.19	4.35	4.12	4.33	55952449	237710240.00
20141211	4.28	4.35	4.21	4.33	58089345	249769120.00
20141212	4.32	4.48	4.31	4.47	53105507	233919424.00
20141215	4.45	4.60	4.42	4.59	67840268	308995456.00
20141216	4.57	4.64	4.52	4.60	64091942	294476512.00
20141217	4.60	4.84	4.55	4.67	116840995	552450048.00
20141226	4.64	5.14	4.49	5.00	137152053	689905216.00
20141229	4.91	5.04	4.70	4.80	89225191	435987648.00
20141230	4.76	4.90	4.62	4.68	49016575	234047040.00
20141231	4.65	4.74	4.60	4.68	34608837	161912880.00
20150105	4.69	4.72	4.49	4.64	56996644	262158400.00
20150106	4.58	4.62	4.50	4.57	48092591	219819728.00
20150107	4.56	4.68	4.53	4.67	42523527	197118864.00
20150108	4.69	4.69	4.51	4.53	32483329	149480336.00
20150109	4.52	4.57	4.49	4.49	24602855	112210880.00
20150112	4.49	4.49	4.29	4.31	32015960	140366368.00
20150113	4.29	4.34	4.25	4.34	21089934	91269488.00
20150114	4.31	4.34	4.18	4.21	21075866	90237696.00
20150115	4.22	4.43	4.21	4.39	31916800	138300720.00
20150116	4.38	4.47	4.32	4.46	31353700	138636096.00
20150119	4.26	4.33	4.02	4.05	46314227	194956768.00
20150120	4.05	4.19	4.05	4.19	28942282	120471560.00
20150121	4.23	4.36	4.19	4.33	28795392	124385568.00
20150122	4.37	4.53	4.33	4.46	32494700	145099824.00
20150123	4.47	4.58	4.42	4.49	42597159	192413200.00
20150126	4.48	4.68	4.46	4.67	50691136	233923040.00
20150127	4.68	5.08	4.64	4.82	153539381	753416448.00
20150128	4.83	4.92	4.70	4.72	61196021	294129248.00
20150129	4.63	4.67	4.51	4.56	47161582	217260336.00
20150130	4.56	4.64	4.54	4.56	27011215	124549776.00
20150202	4.52	4.52	4.43	4.44	22577846	101366424.00
20150203	4.52	4.65	4.52	4.63	36586572	169244352.00
20150204	4.68	4.69	4.54	4.56	30255945	139551024.00
20150205	4.63	4.65	4.43	4.45	26233670	119572816.00
20150206	4.43	4.47	4.26	4.29	25220215	110221856.00
20150209	4.28	4.37	4.23	4.33	12796694	55589960.00
20150210	4.33	4.37	4.30	4.36	14442558	63105776.00
20150211	4.36	4.50	4.35	4.49	14412276	64217444.00
20150212	4.50	4.53	4.43	4.50	14623520	65681352.00
20150213	4.52	4.63	4.50	4.60	26281259	121134040.00
20150216	4.60	4.65	4.55	4.62	28122201	130028448.00
20150217	4.64	4.69	4.59	4.63	28219958	131672784.00
20150225	4.62	4.77	4.61	4.68	33686971	158677008.00
20150226	4.67	4.71	4.61	4.70	31507460	147725536.00
20150227	4.71	4.74	4.65	4.72	37678071	177804720.00
20150302	4.77	4.77	4.71	4.76	37739159	179455088.00
20150303	4.75	4.75	4.60	4.61	45605274	213583264.00
20150304	4.60	5.07	4.59	5.07	107955551	531218176.00
20150305	5.16	5.36	4.96	5.08	149873297	770611904.00
20150306	5.04	5.51	5.00	5.25	132988511	703902784.00
20150309	5.25	5.45	5.13	5.32	84768226	451402176.00
20150310	5.34	5.34	5.23	5.31	50802003	269437344.00
20150311	5.30	5.35	5.13	5.19	54948721	287860960.00
20150312	5.20	5.27	5.14	5.18	40429403	210696128.00
20150313	5.20	5.30	5.17	5.25	39690203	208855856.00
20150316	5.31	5.46	5.31	5.44	65929674	357870816.00
20150317	5.48	5.98	5.47	5.77	116814371	674341888.00
20150318	5.79	5.92	5.68	5.84	78265855	456358944.00
20150319	5.84	6.14	5.75	5.99	87278385	524599776.00
20150320	6.05	6.09	5.96	6.05	60426169	365084128.00
20150323	6.21	6.66	6.21	6.66	90871369	599751936.00
20150324	7.15	7.33	6.57	7.12	199652040	1393925760.00
20150325	7.05	7.05	6.70	6.83	144717431	996407360.00
20150326	6.78	6.78	6.56	6.59	92819394	618405440.00
20150327	6.60	6.93	6.60	6.75	65542226	446277856.00
20150330	6.84	6.88	6.66	6.77	66811562	452371008.00
20150331	6.77	6.78	6.58	6.62	71548903	477629952.00
20150401	6.62	6.86	6.62	6.80	67721858	461341888.00
20150402	6.93	7.29	6.93	7.13	100735968	719364416.00
20150403	7.06	7.13	6.93	7.07	78086075	549628864.00
20150407	7.08	7.29	6.99	7.23	105497665	754379584.00
20150408	7.23	7.23	6.89	7.04	76632020	541407040.00
20150409	7.00	7.03	6.64	6.80	70703771	482090464.00
20150410	6.78	7.13	6.78	7.03	69474475	487178080.00
20150413	7.22	7.27	7.11	7.22	87747623	633005760.00
20150414	7.25	7.94	7.25	7.94	133904687	1039211456.00
20150415	8.08	8.53	7.78	7.83	139847584	1139818496.00
20150416	7.78	8.17	7.53	8.02	88792785	703782848.00
20150417	8.15	8.23	7.86	7.96	89731251	717351552.00
20150420	7.98	8.03	7.58	7.60	98034899	758960064.00
20150421	7.70	8.13	7.70	8.00	74136806	588996672.00
20150422	8.05	8.43	8.00	8.24	82153448	677134272.00
20150423	8.27	8.28	7.96	8.12	78555446	637086016.00
20150424	7.98	7.99	7.78	7.94	63335467	502056832.00
20150427	7.96	8.07	7.84	7.96	64967267	517504480.00
20150428	7.98	8.08	7.52	7.61	81832895	632222016.00
20150429	7.59	7.74	7.35	7.72	50450401	382621472.00
20150430	7.71	7.73	7.55	7.56	40711940	311978176.00
20150504	7.48	7.70	7.43	7.61	40507201	306579424.00
20150505	7.60	7.60	7.00	7.03	64671058	471769312.00
20150506	7.04	7.18	6.48	6.63	51013988	353594112.00
20150507	6.63	6.67	6.30	6.41	42837748	276832704.00
20150508	6.44	6.71	6.44	6.71	41424586	273797376.00
20150511	6.83	7.24	6.83	7.22	54083023	383761696.00
20150512	7.32	7.37	7.11	7.19	45468866	328100672.00
20150513	7.19	7.27	7.06	7.09	40846701	292686048.00
20150514	7.15	7.26	6.99	7.05	39089452	277433760.00
20150515	7.05	7.05	6.71	6.81	48511776	331860704.00
20150518	6.81	6.87	6.69	6.83	35402559	240691888.00
20150519	6.83	7.25	6.80	7.11	53843323	382491200.00
20150520	7.14	7.39	7.13	7.24	68140783	497367584.00
20150521	7.24	7.78	7.24	7.76	99363038	759098048.00
20150522	7.76	7.98	7.55	7.81	92694932	721612224.00
20150525	7.78	8.33	7.66	8.20	119905915	973245632.00
20150526	8.30	8.86	8.11	8.62	123030074	1052165312.00
20150527	8.58	8.76	8.18	8.63	104966589	896901056.00
20150528	8.64	9.14	8.38	8.44	158024696	1393412096.00
20150529	8.47	9.18	7.98	9.02	195859014	1731421952.00
20150601	9.28	9.59	9.04	9.52	183762548	1713368320.00
20150602	9.42	9.63	9.23	9.58	123506859	1167844096.00
20150603	9.63	10.54	9.48	10.54	137459597	1395066624.00
20150604	10.48	11.60	9.87	11.60	170078079	1875541248.00
20150605	12.03	12.28	11.08	11.27	201364715	2353536256.00
20150608	11.25	11.25	10.68	10.86	116968429	1283744128.00
20150609	10.73	11.95	10.53	11.95	130496627	1490949760.00
20150610	12.13	12.98	11.56	12.52	139932380	1759554176.00
20150611	12.37	13.74	12.28	13.59	148201965	1905149696.00
20150612	13.68	14.72	13.26	13.83	151198567	2143512320.00
20150615	13.83	14.45	13.46	13.91	114583955	1605243392.00
20150616	13.73	13.92	12.66	12.90	104821682	1387430016.00
20150617	12.86	13.68	11.83	13.46	110822084	1418413568.00
20150618	13.34	13.85	12.90	12.93	80798509	1084958592.00
20150619	12.48	12.95	11.64	11.64	73757272	893094976.00
20150623	11.44	11.96	10.47	11.28	82793315	914173504.00
20150624	11.48	11.96	11.18	11.74	82473141	956261760.00
20150625	11.96	12.08	10.63	10.98	88505533	1020158848.00
20150626	10.53	10.53	9.88	9.88	68039274	691044288.00
20150629	10.08	10.19	8.89	8.89	101764647	946368128.00
20150630	8.50	9.46	8.00	9.32	110877573	960797824.00
20150701	9.30	9.50	8.39	8.61	87097058	787089344.00
20150702	8.76	8.76	7.75	7.75	64995050	524119744.00
20150703	7.03	7.65	6.97	6.97	76700675	545435968.00
20150706	7.64	7.64	6.27	6.27	89143873	604427264.00
20150707	5.65	5.78	5.64	5.64	24157800	136962096.00
20150708	5.07	5.07	5.07	5.07	3267600	16632084.00
20150709	4.56	5.58	4.56	5.58	173747706	878563584.00
20150710	5.82	6.14	5.68	6.14	61525657	373855136.00
20150713	6.72	6.76	6.32	6.76	127003546	851439488.00
20150714	6.98	7.44	6.77	7.33	196722505	1416283136.00
20150715	7.02	7.18	6.60	6.60	89129233	607287936.00
20150716	5.94	6.98	5.94	6.63	111541900	728428992.00
20150717	6.64	7.20	6.53	7.10	96505558	671603904.00
20150720	7.17	7.45	6.97	7.30	117735988	850550912.00
20150721	7.26	7.48	7.07	7.33	83039184	607654272.00
20150722	7.32	8.07	7.18	7.97	137652892	1060535808.00
20150723	7.93	8.13	7.73	8.06	121524835	967684992.00
20150724	8.08	8.46	7.77	7.88	116870914	953007616.00
20150727	7.61	8.12	7.09	7.09	99786403	766381888.00
20150804	7.56	7.56	6.68	7.42	111573755	806149248.00
20150805	7.22	7.45	7.03	7.14	72724633	527837216.00
20150806	6.93	7.12	6.83	6.93	46934976	328954816.00
20150807	6.96	7.15	6.96	7.12	49654498	352850848.00
20150810	7.23	7.68	7.14	7.59	85531502	635205952.00
20150811	7.63	8.16	7.53	8.00	114418218	899010304.00
20150812	7.93	8.25	7.80	7.89	90960849	733992768.00
20150813	7.78	8.06	7.52	8.03	84315567	662160832.00
20150814	8.05	8.20	7.92	8.04	87070784	703700032.00
20150817	7.98	8.34	7.79	8.26	91237896	738462016.00
20150818	8.20	8.51	7.43	7.43	111127331	895752320.00
20150819	7.18	7.68	6.70	7.60	80543551	580178368.00
20150820	7.45	7.88	7.28	7.34	60701288	462172160.00
20150821	7.18	7.31	6.73	6.82	50600219	355657696.00
20150824	6.45	6.52	6.14	6.14	38716604	240491072.00
20150825	5.52	5.77	5.52	5.52	38863807	216038304.00
20150826	5.52	5.67	4.97	4.97	83146283	438625536.00
20150827	5.08	5.28	4.64	5.18	60477567	306045888.00
20150828	5.29	5.70	5.17	5.70	73907867	400171072.00
20150831	5.62	5.68	5.33	5.36	51254098	281129312.00
20150901	5.28	5.32	4.82	4.83	48747879	243685696.00
20150902	4.58	4.98	4.35	4.40	50055968	230933040.00
20150907	4.46	4.84	4.46	4.83	82761370	397888416.00
20150908	4.74	5.17	4.63	5.11	69688187	338350048.00
20150909	5.14	5.38	5.08	5.30	68129590	358334368.00
20150910	5.27	5.43	5.14	5.21	55749654	295985856.00
20150911	5.22	5.35	5.13	5.28	39818286	209768096.00
20150914	5.35	5.39	4.75	4.75	58841387	293623584.00
20150915	4.53	4.73	4.27	4.31	45567940	203415456.00
20150916	4.39	4.74	4.34	4.74	43513447	197938768.00
20150917	4.74	5.22	4.67	5.10	115070353	585004160.00
20150918	5.09	5.13	4.75	4.85	102968604	502405952.00
20150921	4.77	5.25	4.71	5.08	57964513	287234592.00
20150922	5.09	5.15	4.97	5.08	57504556	291065056.00
20150923	4.97	5.16	4.86	5.00	52639985	262904800.00
20150924	5.05	5.14	4.95	5.12	43877851	221821424.00
20150925	5.05	5.09	4.77	4.83	41981770	206772704.00
20150928	4.80	4.94	4.75	4.91	19609920	95432944.00
20150929	4.80	4.86	4.70	4.75	23901032	114323096.00
20150930	4.79	4.83	4.72	4.78	16466053	78767712.00
20151008	4.96	5.04	4.94	4.98	34836932	173937856.00
20151009	4.99	5.10	4.95	5.07	40777235	205292976.00
20151012	5.11	5.58	5.08	5.47	77790304	419220864.00
20151013	5.40	5.60	5.33	5.52	60744529	331056192.00
20151014	5.48	5.56	5.37	5.40	47290382	258091648.00
20151015	5.37	5.66	5.35	5.62	60618859	336853024.00
20151016	5.69	5.80	5.53	5.73	70443729	399696736.00
20151019	5.75	5.78	5.52	5.66	56446694	320608960.00
20151020	5.65	5.91	5.57	5.85	64520269	372250496.00
20151021	5.85	5.89	5.27	5.31	87029021	483050208.00
20151022	5.31	5.59	5.23	5.53	62742834	339494016.00
20151023	5.54	5.71	5.45	5.67	61915556	345688000.00
20151026	5.72	5.76	5.60	5.67	60004958	340929696.00
20151027	5.62	5.68	5.31	5.66	54735179	300742464.00
20151028	5.65	5.76	5.50	5.53	47749227	269378048.00
20151029	5.58	5.88	5.48	5.74	78998407	450243552.00
20151030	5.68	5.85	5.59	5.73	62433103	357331264.00
20151102	5.60	5.71	5.42	5.51	44120447	246344320.00
20151103	5.55	5.57	5.35	5.41	30594798	166442736.00
20151104	5.43	5.80	5.42	5.77	58052406	327889440.00
20151105	5.77	6.05	5.71	5.89	105052553	614876288.00
20151106	5.90	6.13	5.82	6.08	76568530	458509952.00
20151109	6.07	6.15	5.96	6.07	75950285	459815360.00
20151110	6.02	6.34	5.99	6.20	81725565	504901696.00
20151111	6.23	6.27	6.11	6.23	60039134	371801376.00
20151112	6.24	6.28	6.03	6.11	56994275	348791872.00
20151113	6.01	6.05	5.85	5.91	54688998	325133152.00
20151116	6.18	6.38	6.06	6.36	110618487	687623040.00
20151117	6.30	6.37	6.19	6.21	80116924	503376672.00
20151118	6.21	6.24	6.03	6.08	40590196	249345168.00
20151119	6.09	6.20	6.05	6.19	36591049	223814352.00
20151120	6.19	6.23	6.13	6.19	47555032	293855456.00
20151123	6.19	6.36	6.16	6.20	55154781	345865600.00
20151124	6.16	6.24	6.05	6.21	35831791	219529728.00
20151125	6.19	6.55	6.14	6.45	85911275	547550080.00
20151126	6.49	6.65	6.40	6.61	82281769	536628256.00
20151127	6.57	6.57	5.99	6.13	74500355	472512288.00
20151130	6.10	6.18	5.60	5.99	56313665	334192352.00
20151201	6.00	6.06	5.85	6.01	33501576	199448464.00
20151202	6.01	6.03	5.78	5.98	37912975	223344944.00
20151203	5.98	6.10	5.90	6.06	36985211	222506240.00
20151204	6.01	6.02	5.86	5.91	36451027	216638048.00
20151207	5.94	6.00	5.86	5.99	28392305	168189920.00
20151208	5.94	5.94	5.71	5.71	34140110	197840224.00
20151209	5.70	5.74	5.65	5.67	21841277	124253320.00
20151210	5.67	5.75	5.57	5.61	22225662	125872112.00
20151211	5.61	5.70	5.53	5.68	19815511	111130664.00
20151214	5.58	5.84	5.55	5.82	26215830	150148864.00
20151215	5.82	5.86	5.77	5.78	21270811	123491688.00
20151216	5.85	6.04	5.82	5.93	49841751	296111776.00
20151217	5.97	6.34	5.94	6.24	81444168	503171584.00
20151218	6.24	6.55	6.21	6.25	85318646	545159104.00
20151221	6.29	6.55	6.29	6.37	65789320	421492896.00
20151222	6.39	6.52	6.30	6.50	48272067	309565728.00
20151223	6.48	6.51	6.28	6.30	38936574	248673280.00
20151224	6.27	6.30	6.11	6.19	27211100	168632896.00
20151225	6.32	6.81	6.25	6.81	151991486	1021995648.00
20151228	6.89	7.48	6.70	7.14	211940057	1489507968.00
20151229	7.02	7.14	6.88	7.12	96457847	675256768.00
20151230	7.07	7.45	6.98	7.01	103708446	747692480.00
20151231	6.93	7.00	6.68	6.75	61342462	419658848.00
20160104	6.71	6.79	6.08	6.08	47520149	302243168.00
20160105	5.71	6.14	5.60	5.92	67191387	395811584.00
20160106	5.98	6.20	5.89	6.16	61665734	374024672.00
20160107	5.98	5.98	5.54	5.54	14792900	84764904.00
20160108	5.72	5.80	5.12	5.52	55657584	311359200.00
20160111	5.51	5.56	4.97	5.03	58384871	305017120.00
20160112	4.95	5.12	4.89	5.05	32550740	163635520.00
20160113	5.08	5.14	4.80	4.81	33209056	165764528.00
20160114	4.65	5.03	4.55	5.01	37830563	181296128.00
20160115	4.96	5.01	4.69	4.73	32412502	157352512.00
20160118	4.58	4.88	4.51	4.76	29385304	138750896.00
20160119	4.77	5.13	4.71	5.00	34105678	167720192.00
20160120	4.93	5.03	4.82	4.89	31329114	154674544.00
20160121	4.75	4.96	4.52	4.56	29866339	142804208.00
20160122	4.63	4.70	4.50	4.69	22418854	103547520.00
20160125	4.76	4.82	4.67	4.78	19701402	93798736.00
20160126	4.69	4.73	4.30	4.33	27716337	124990688.00
20160127	4.35	4.40	3.95	4.17	43212796	178817616.00
20160128	4.13	4.15	3.90	3.91	26085247	105367896.00
20160129	3.91	4.13	3.85	4.07	31040918	124663312.00
20160201	4.14	4.34	4.08	4.20	46079553	194131744.00
20160202	4.32	4.62	4.22	4.57	51507620	231821696.00
20160203	4.46	4.97	4.41	4.84	61841862	291156672.00
20160204	4.87	5.05	4.81	4.87	50602011	248206688.00
20160205	4.91	4.92	4.70	4.79	34040709	163841536.00
20160215	4.40	4.83	4.40	4.73	30717542	143666624.00
20160216	4.74	4.91	4.72	4.90	35571827	172671360.00
20160217	4.98	5.18	4.96	5.08	58052064	293741632.00
20160218	5.08	5.14	4.91	4.97	60601922	303099264.00
20160219	5.00	5.20	5.00	5.10	60714567	310278176.00
20160222	5.19	5.20	5.10	5.18	53120493	273775520.00
20160223	5.14	5.15	5.00	5.10	39572041	201001408.00
20160224	5.09	5.15	5.00	5.13	37513832	190658848.00
20160225	5.12	5.12	4.62	4.64	56086588	271808480.00
20160226	4.70	4.75	4.51	4.65	30147917	140216048.00
20160229	4.62	4.62	4.30	4.37	31310626	137593552.00
20160301	4.52	4.62	4.42	4.60	33455973	151670688.00
20160302	4.65	5.05	4.61	5.05	57341513	279552032.00
20160303	5.06	5.10	4.96	5.01	55066295	276813504.00
20160304	5.02	5.07	4.78	4.90	44516722	220088496.00
20160307	4.95	5.06	4.92	5.00	30920567	154528624.00
20160308	4.96	5.00	4.75	4.99	34985507	170165488.00
20160309	4.85	4.91	4.80	4.82	25036374	121092752.00
20160310	4.78	4.86	4.72	4.73	16194531	77646624.00
20160311	4.66	4.74	4.62	4.70	13519827	63313952.00
20160314	4.77	4.95	4.76	4.87	25688159	125209456.00
20160315	4.85	4.87	4.77	4.81	17154211	82687680.00
20160316	4.85	4.87	4.74	4.75	14170787	67997296.00
20160317	4.77	4.91	4.75	4.89	25456521	123557032.00
20160318	4.91	5.10	4.89	5.09	49868187	249632480.00
20160321	5.13	5.26	5.05	5.21	64943087	334701088.00
20160322	5.13	5.15	5.05	5.08	42884002	218626544.00
20160323	5.05	5.12	5.01	5.09	28710577	145548160.00
20160324	5.05	5.05	4.95	4.96	30214395	150934384.00
20160325	4.95	5.00	4.92	5.00	20017488	99388728.00
20160328	5.00	5.06	4.91	4.93	25714082	128723528.00
20160329	4.95	4.97	4.76	4.81	26206990	127457928.00
20160330	4.86	4.97	4.84	4.96	23526799	115441464.00
20160331	4.97	5.03	4.94	4.96	25737575	128348368.00
20160401	5.02	5.18	5.00	5.11	54229382	276305312.00
20160405	5.06	5.20	5.03	5.19	48118222	246971968.00
20160406	5.16	5.19	5.08	5.11	36416127	186684544.00
20160407	5.14	5.30	5.11	5.11	54297460	282231840.00
20160408	5.06	5.08	4.95	5.01	31190054	156123264.00
20160411	5.05	5.10	5.02	5.08	26307924	133477800.00
20160412	5.08	5.08	4.97	5.01	20584450	102961696.00
20160413	5.04	5.15	5.04	5.08	42448642	217120448.00
20160414	5.13	5.21	5.05	5.16	43639071	224197184.00
20160415	5.17	5.21	5.10	5.18	30032432	154839312.00
20160418	5.18	5.44	5.13	5.33	75787366	402087808.00
20160419	5.28	5.34	5.18	5.24	41178534	216129024.00
20160420	5.25	5.28	4.87	5.00	46252484	233302448.00
20160421	4.96	5.04	4.90	4.92	22657872	112722576.00
20160422	4.86	4.96	4.84	4.93	13890267	68093512.00
20160425	4.92	4.93	4.82	4.88	13295378	64674272.00
20160426	4.83	4.95	4.83	4.94	13937184	68186256.00
20160427	4.93	4.97	4.86	4.87	15894969	78015840.00
20160428	4.89	4.92	4.72	4.78	20524174	98279752.00
20160429	4.77	4.82	4.73	4.82	9914334	47432264.00
20160503	4.85	4.93	4.78	4.93	18210570	89003352.00
20160504	4.90	4.94	4.88	4.90	14968289	73451152.00
20160505	4.90	4.95	4.88	4.93	13632367	66935612.00
20160506	4.94	4.95	4.70	4.71	24103857	115867656.00
20160509	4.70	4.71	4.42	4.46	22243078	101283800.00
20160510	4.47	4.53	4.42	4.46	14564861	65132960.00
20160511	4.48	4.50	4.34	4.39	16413255	72500912.00
20160512	4.33	4.33	4.19	4.31	17666688	75520688.00
20160513	4.29	4.34	4.25	4.30	13117877	56499736.00
20160516	4.31	4.34	4.20	4.33	15364160	65977600.00
20160517	4.34	4.36	4.29	4.33	12376333	53523872.00
20160518	4.30	4.30	4.15	4.19	16574952	69819664.00
20160519	4.18	4.29	4.18	4.21	13768198	58401812.00
20160520	4.21	4.28	4.17	4.27	12853202	54338828.00
20160523	4.30	4.45	4.26	4.38	17737158	77270976.00
20160524	4.33	4.35	4.27	4.31	12300097	52895248.00
20160525	4.35	4.39	4.28	4.30	10943059	47396776.00
20160526	4.30	4.33	4.20	4.30	10169985	43343312.00
20160527	4.30	4.31	4.24	4.28	10334742	44204696.00
20160530	4.25	4.28	4.20	4.24	8274768	35069564.00
20160531	4.24	4.43	4.24	4.42	24195232	105665232.00
20160601	4.44	4.45	4.40	4.41	18236909	80599216.00
20160602	4.41	4.43	4.38	4.43	16668417	73473040.00
20160603	4.42	4.46	4.39	4.45	17060719	75568536.00
20160606	4.43	4.46	4.37	4.43	14243569	62880496.00
20160607	4.43	4.47	4.38	4.46	17891178	79317840.00
20160608	4.43	4.44	4.37	4.41	13148351	57877720.00
20160613	4.36	4.36	4.16	4.17	19100420	81667400.00
20160614	4.15	4.20	4.12	4.16	11649213	48475580.00
20160615	4.10	4.28	4.07	4.25	16398721	69203696.00
20160616	4.25	4.25	4.18	4.20	14311350	60236768.00
20160617	4.20	4.31	4.18	4.27	18060339	76951832.00
20160620	4.26	4.29	4.17	4.28	14139195	59660108.00
20160621	4.28	4.35	4.21	4.23	15675300	67151552.00
20160622	4.26	4.30	4.25	4.29	12813898	54855912.00
20160623	4.31	4.32	4.24	4.29	14305061	61190952.00
20160624	4.29	4.31	4.10	4.20	19758942	82968416.00
20160627	4.16	4.28	4.16	4.28	15366950	65202848.00
20160628	4.27	4.35	4.22	4.34	21268192	91246504.00
20160629	4.36	4.45	4.30	4.42	31450877	138435888.00
20160630	4.52	4.58	4.42	4.43	32500635	145637408.00
20160701	4.42	4.45	4.38	4.39	19045734	84130376.00
20160704	4.40	4.57	4.36	4.55	37581267	169009648.00
20160705	4.54	4.80	4.51	4.65	43982188	205959008.00
20160706	4.64	4.64	4.52	4.62	19040400	87304224.00
20160707	4.60	4.63	4.54	4.59	12929700	59247264.00
20160708	4.57	4.61	4.52	4.55	13040600	59552040.00
20160711	4.57	4.61	4.52	4.55	15985600	73045088.00
20160712	4.55	4.59	4.47	4.59	23108400	105000352.00
20160713	4.60	4.65	4.57	4.60	21350900	98383560.00
20160714	4.60	4.64	4.55	4.63	19135000	88099192.00
20160715	4.64	4.84	4.61	4.78	53081600	252277584.00
20160718	4.75	4.76	4.65	4.68	23463300	109915880.00
20160719	4.65	4.70	4.62	4.67	12368800	57610432.00
20160720	4.67	4.72	4.64	4.65	10844600	50705052.00
20160721	4.66	4.69	4.62	4.63	12994100	60522200.00
20160722	4.64	4.64	4.56	4.60	15809700	72708520.00
20160725	4.58	4.63	4.56	4.59	12470400	57215536.00
20160726	4.59	4.64	4.56	4.64	12207900	56227340.00
20160727	4.65	4.65	4.41	4.46	27212084	123155656.00
20160728	4.42	4.47	4.35	4.43	14802094	65386316.00
20160729	4.43	4.45	4.39	4.41	7546485	33285672.00
20160801	4.38	4.40	4.28	4.34	9501824	41110036.00
20160802	4.34	4.39	4.33	4.38	6896115	29991496.00
20160803	4.35	4.42	4.33	4.41	8951641	39281272.00
20160804	4.39	4.41	4.35	4.40	6723763	29463406.00
20160805	4.39	4.43	4.35	4.42	9955390	43753344.00
20160808	4.40	4.52	4.37	4.51	13828844	61608368.00
20160809	4.52	4.52	4.47	4.51	9499000	42692936.00
20160810	4.51	4.57	4.48	4.49	14049300	63617688.00
20160811	4.51	4.58	4.48	4.55	19305419	87638888.00
20160812	4.53	4.57	4.50	4.56	14303590	64869752.00
20160815	4.57	4.67	4.53	4.64	25320361	116684792.00
20160816	4.66	4.66	4.58	4.62	22080482	101877232.00
20160817	4.60	4.68	4.58	4.64	18673511	86650040.00
20160818	4.61	4.67	4.58	4.60	19975606	92313904.00
20160819	4.60	4.62	4.58	4.61	10394984	47819760.00
20160822	4.61	4.62	4.55	4.56	10287300	47127808.00
20160823	4.57	4.60	4.54	4.58	9003800	41211928.00
20160824	4.58	4.60	4.54	4.56	8658800	39534416.00
20160825	4.55	4.56	4.51	4.54	13669600	61885820.00
20160826	4.53	4.62	4.52	4.58	14914400	68164432.00
20160829	4.57	4.63	4.54	4.59	10864881	49950636.00
20160830	4.59	4.61	4.54	4.57	9882896	45284296.00
20160831	4.54	4.57	4.52	4.55	7991584	36312656.00
20160901	4.54	4.58	4.51	4.51	9124612	41456248.00
20160902	4.50	4.54	4.48	4.49	9915010	44661216.00
20160905	4.50	4.55	4.50	4.51	7771201	35178300.00
20160906	4.52	4.57	4.48	4.57	12653205	57285312.00
20160907	4.57	4.63	4.55	4.58	17937173	82433112.00
20160908	4.58	4.63	4.54	4.61	13944100	63836260.00
20160909	4.60	4.61	4.55	4.55	11214168	51319852.00
20160912	4.49	4.49	4.36	4.38	20453834	90471128.00
20160913	4.40	4.42	4.38	4.42	8703805	38294536.00
20160914	4.39	4.43	4.37	4.42	8392121	36926572.00
20160919	4.42	4.45	4.41	4.44	6447956	28574160.00
20160920	4.43	4.44	4.38	4.43	7433703	32749818.00
20160921	4.42	4.46	4.39	4.44	7619458	33807884.00
20160922	4.45	4.48	4.44	4.46	10532213	46984056.00
20160923	4.45	4.47	4.41	4.42	7996836	35516788.00
20160926	4.40	4.41	4.32	4.33	11929500	52134744.00
20160927	4.33	4.37	4.32	4.36	8056751	34953352.00
20160928	4.38	4.38	4.33	4.35	6006298	26114456.00
20160929	4.35	4.38	4.33	4.36	8903020	38854108.00
20160930	4.36	4.42	4.34	4.39	9236408	40412052.00
20161010	4.43	4.53	4.40	4.51	21793488	97678824.00
20161011	4.50	4.54	4.48	4.52	10472803	47169976.00
20161012	4.52	4.62	4.48	4.58	20577459	93917744.00
20161013	4.57	4.60	4.53	4.57	15470806	70711768.00
20161014	4.57	4.57	4.48	4.56	10273191	46541864.00
20161017	4.57	4.66	4.50	4.55	13834446	63586420.00
20161018	4.54	4.64	4.51	4.62	22486970	103620232.00
20161019	4.62	4.64	4.59	4.62	13460231	62120496.00
20161020	4.61	4.64	4.59	4.60	12035543	55499720.00
20161021	4.60	4.67	4.55	4.58	16056093	74038912.00
20161024	4.59	4.65	4.57	4.64	20552875	95003656.00
20161025	4.65	4.66	4.62	4.64	13211849	61231196.00
20161026	4.65	4.66	4.59	4.60	16390957	75716384.00
20161027	4.59	4.61	4.56	4.60	11123291	50970360.00
20161028	4.60	4.61	4.54	4.54	12668196	57865092.00
20161031	4.53	4.63	4.52	4.62	18298114	83732152.00
20161101	4.62	4.68	4.59	4.67	20644800	95614704.00
20161102	4.65	4.66	4.57	4.59	16462000	75977152.00
20161103	4.58	4.86	4.57	4.78	54835126	260853520.00
20161104	4.77	4.81	4.70	4.73	32059300	152758880.00
20161107	4.74	4.85	4.69	4.77	28326357	134966736.00
20161108	4.78	4.90	4.75	4.85	30660094	148144816.00
20161109	4.83	4.99	4.71	4.92	48973477	239366112.00
20161110	4.95	5.04	4.91	4.92	36637561	182132672.00
20161111	4.93	4.96	4.87	4.92	26307974	129116432.00
20161114	4.88	4.99	4.82	4.88	35171621	172190272.00
20161115	4.89	4.89	4.82	4.88	18407476	89416944.00
20161116	4.87	4.92	4.86	4.91	17669200	86355728.00
20161117	4.88	4.91	4.82	4.86	20644200	100287184.00
20161118	4.88	4.92	4.84	4.89	18869100	92082568.00
20161121	4.90	4.93	4.86	4.88	18513500	90720208.00
20161122	4.89	4.97	4.85	4.96	34467994	168916512.00
20161123	4.92	4.94	4.83	4.85	28415047	138687680.00
20161124	4.83	4.91	4.81	4.84	16866000	81933792.00
20161125	4.83	4.87	4.73	4.79	26161500	124915208.00
20161128	4.79	4.82	4.76	4.80	21931700	104918104.00
20161129	4.79	4.80	4.73	4.74	16042400	76515360.00
20161130	4.74	4.75	4.68	4.70	15416200	72593576.00
20161201	4.69	4.76	4.69	4.75	12728888	60305292.00
20161202	4.73	4.75	4.63	4.65	13679456	64015396.00
20161205	4.60	4.68	4.58	4.63	9141600	42334476.00
20161206	4.65	4.71	4.64	4.64	10593600	49574040.00
20161207	4.66	4.73	4.64	4.72	12944500	60870916.00
20161208	4.72	4.73	4.67	4.70	9930000	46628704.00
20161209	4.72	4.77	4.68	4.73	17415800	82627752.00
20161212	4.71	4.77	4.52	4.52	25358931	117572160.00
20161213	4.52	4.62	4.51	4.57	14080438	64353496.00
20161214	4.57	4.61	4.53	4.58	11987759	54771992.00
20161215	4.57	4.63	4.56	4.58	13036911	59931684.00
20161216	4.60	4.65	4.59	4.64	15424372	71254384.00
20161219	4.64	4.69	4.59	4.69	12335704	57229340.00
20161220	4.67	4.74	4.64	4.69	12871055	60345632.00
20161221	4.69	4.73	4.68	4.70	8694799	40846956.00
20161222	4.70	4.71	4.63	4.68	8586689	40020628.00
20161223	4.68	4.68	4.62	4.65	9658859	44811984.00
20161226	4.63	4.66	4.54	4.66	10394224	47796328.00
20161227	4.64	4.73	4.61	4.70	12662161	59296680.00
20161228	4.68	4.81	4.67	4.72	16604695	78708296.00
20161229	4.70	4.71	4.62	4.63	13988700	65392092.00
20161230	4.61	4.66	4.60	4.63	12121400	56051752.00
20170103	4.65	4.82	4.63	4.81	34767974	165147408.00
20170104	4.79	4.84	4.78	4.82	33054499	159035872.00
20170105	4.82	4.94	4.80	4.86	35624618	173701696.00
20170106	4.83	4.94	4.79	4.86	28365220	137977904.00
20170109	4.86	4.93	4.84	4.92	20510743	100473840.00
20170110	4.94	4.95	4.82	4.84	22790766	111082104.00
20170111	4.83	4.91	4.82	4.84	16509261	80201592.00
20170112	4.84	5.08	4.84	4.90	58443310	290131808.00
20170113	4.88	4.92	4.77	4.78	29248196	140910816.00
20170116	4.76	4.77	4.41	4.64	31372749	145594304.00
20170117	4.60	4.67	4.54	4.66	17801082	82277912.00
20170118	4.65	4.68	4.62	4.67	10719700	49952608.00
20170119	4.65	4.67	4.61	4.62	9123959	42321608.00
20170120	4.61	4.70	4.59	4.67	11052125	51521948.00
20170123	4.66	4.72	4.65	4.71	11189448	52529476.00
20170124	4.71	4.72	4.67	4.69	8480245	39804296.00
20170125	4.70	4.76	4.68	4.75	13438649	63652116.00
20170126	4.73	4.77	4.71	4.73	10146144	48035840.00
20170203	4.74	4.75	4.68	4.69	8970604	42242660.00
20170206	4.69	4.85	4.66	4.83	26804548	127841272.00
20170207	4.82	4.88	4.79	4.84	17563975	84847872.00
20170208	4.84	4.86	4.78	4.85	17773031	85840944.00
20170209	4.83	4.91	4.82	4.90	22743250	110828792.00
20170210	4.89	4.98	4.86	4.93	32539411	159953888.00
20170213	4.93	4.96	4.87	4.93	20211400	99276808.00
20170214	4.92	4.93	4.85	4.91	23858038	116655608.00
20170215	4.89	4.99	4.88	4.92	29477797	145471760.00
20170216	4.90	5.41	4.88	5.13	81562794	421979264.00
20170217	5.06	5.27	5.06	5.14	56071573	288333088.00
20170220	5.20	5.30	5.11	5.19	46373600	240213392.00
20170221	5.15	5.22	5.10	5.18	45268846	233346912.00
20170222	5.15	5.35	5.12	5.28	55747515	290626304.00
20170223	5.23	5.27	5.12	5.15	38644120	200318960.00
20170224	5.16	5.22	5.13	5.16	21085400	108834056.00
20170227	5.17	5.18	5.02	5.03	29479900	150416752.00
20170228	5.03	5.08	5.02	5.05	16735720	84509840.00
20170301	5.05	5.12	5.02	5.08	20314638	103006976.00
20170302	5.08	5.10	5.00	5.02	18639345	94085224.00
20170303	5.00	5.02	4.96	4.98	15109663	75383336.00
20170306	4.98	5.04	4.98	5.03	11889211	59639128.00
20170307	5.02	5.11	5.01	5.08	21068500	106904688.00
20170308	5.07	5.08	4.98	5.01	16054220	80634968.00
20170309	5.00	5.01	4.88	4.89	24545864	120796416.00
20170310	4.89	4.95	4.89	4.91	11317625	55669784.00
20170313	4.88	4.94	4.85	4.93	12026783	59037640.00
20170314	4.92	4.96	4.91	4.94	10067206	49730284.00
20170315	4.93	4.95	4.90	4.91	9153721	45018980.00
20170316	4.91	5.02	4.89	5.00	24206682	120164808.00
20170317	5.01	5.01	4.90	4.91	18638720	92348512.00
20170320	4.91	4.93	4.85	4.90	16539000	80829976.00
20170321	4.88	4.98	4.81	4.96	29095300	142138016.00
20170322	4.90	4.95	4.88	4.92	12119847	59547244.00
20170323	4.91	4.99	4.88	4.99	22833767	113027496.00
20170324	5.00	5.03	4.96	5.02	20394000	101888064.00
20170327	5.02	5.07	4.97	4.99	15373796	76951280.00
20170328	4.99	5.00	4.92	4.94	11239231	55645608.00
20170329	4.95	5.01	4.89	4.92	19352248	95780904.00
20170330	4.92	4.94	4.82	4.89	20794444	101339288.00
20170331	4.89	4.93	4.85	4.88	10855917	53083288.00
20170405	4.88	4.99	4.88	4.98	25821118	127893016.00
20170406	4.98	5.03	4.96	5.01	20878994	104353744.00
20170407	5.00	5.05	4.97	5.04	22434183	112797488.00
20170410	5.04	5.04	4.98	5.01	16788261	84018896.00
20170411	5.02	5.03	4.94	5.02	21769000	108575808.00
20170412	5.00	5.00	4.92	4.98	18936700	94069104.00
20170413	4.97	5.07	4.94	5.06	26788474	134933360.00
20170414	5.05	5.06	4.86	4.92	23447970	116698328.00
20170417	4.91	4.97	4.85	4.89	17645033	86652192.00
20170418	4.89	4.95	4.72	4.74	25838812	124997152.00
20170419	4.70	4.74	4.61	4.71	19471981	90998832.00
20170420	4.71	4.76	4.63	4.68	15320152	72108280.00
20170421	4.69	4.73	4.68	4.70	6132601	28831978.00
20170424	4.70	4.71	4.57	4.58	13832500	63971396.00
20170425	4.58	4.64	4.58	4.60	7601200	35025884.00
20170426	4.58	4.62	4.55	4.55	8712500	39954160.00
20170427	4.55	4.59	4.38	4.58	16537400	74280952.00
20170428	4.56	4.58	4.53	4.56	7141610	32587844.00
20170502	4.52	4.61	4.49	4.58	6959360	31748472.00
20170503	4.58	4.61	4.55	4.60	6727507	30827674.00
20170504	4.60	4.60	4.52	4.54	8923700	40682224.00
20170505	4.51	4.54	4.41	4.53	11303300	50837620.00
20170508	4.49	4.51	4.19	4.22	18724600	81803248.00
20170509	4.29	4.37	4.25	4.33	9316200	40159740.00
20170510	4.30	4.34	4.18	4.20	12728700	54178824.00
20170511	4.17	4.21	4.08	4.19	12243800	50775008.00
20170512	4.18	4.21	4.15	4.18	5722003	23934436.00
20170515	4.20	4.22	4.16	4.17	4547500	19016508.00
20170516	4.15	4.25	4.09	4.24	14817074	61587952.00
20170517	4.23	4.28	4.21	4.23	8767654	37213000.00
20170518	4.18	4.24	4.13	4.21	5851900	24575872.00
20170519	4.21	4.24	4.20	4.23	5370381	22657732.00
20170522	4.22	4.23	4.13	4.15	7098640	29687710.00
20170523	4.17	4.20	3.99	4.00	11393800	46552384.00
20170524	4.00	4.01	3.91	4.01	8365100	33143036.00
20170525	3.98	4.08	3.90	4.05	12846000	51348000.00
20170526	4.03	4.08	4.02	4.04	5888600	23868452.00
20170531	4.08	4.13	4.03	4.04	9761000	39834560.00
20170601	4.05	4.06	3.91	3.96	6330330	25278930.00
20170602	3.92	4.06	3.92	4.03	6870654	27345906.00
20170605	4.04	4.08	4.02	4.05	4324981	17514080.00
20170606	4.06	4.08	4.03	4.07	4991800	20247764.00
20170607	4.07	4.14	4.06	4.14	10090820	41434736.00
20170608	4.13	4.14	4.10	4.13	6099944	25129850.00
20170609	4.13	4.13	4.05	4.10	8097310	33032336.00
20170612	4.07	4.08	4.01	4.01	6494300	26230084.00
20170613	4.00	4.08	4.00	4.06	7752173	31392720.00
20170614	4.06	4.08	4.04	4.07	4907401	19908164.00
20170615	4.05	4.13	4.05	4.11	10035229	41119984.00
20170616	4.10	4.11	4.06	4.07	7953485	32500384.00
20170619	4.07	4.14	4.07	4.13	10171094	41780628.00
20170620	4.13	4.17	4.10	4.14	8827966	36527552.00
20170621	4.14	4.19	4.14	4.16	8391294	34889652.00
20170622	4.15	4.16	4.07	4.07	8108379	33407756.00
20170623	4.06	4.10	4.03	4.09	6180160	25128324.00
20170626	4.07	4.13	4.04	4.13	7277564	29809360.00
20170627	4.13	4.15	4.10	4.13	8539333	35217512.00
20170628	4.11	4.14	4.10	4.12	6904400	28426718.00
20170629	4.11	4.16	4.11	4.15	8521815	35282064.00
20170630	4.15	4.15	4.12	4.13	5142332	21270420.00
20170703	4.14	4.17	4.12	4.17	9226517	38264012.00
20170704	4.17	4.21	4.15	4.18	11326736	47367680.00
20170705	4.18	4.24	4.16	4.23	11663446	49074240.00
20170706	4.22	4.36	4.22	4.30	26198883	112462128.00
20170707	4.28	4.37	4.24	4.33	13612700	58538212.00
20170710	4.34	4.43	4.32	4.35	14281685	62389640.00
20170711	4.34	4.40	4.27	4.28	11277800	48610728.00
数据来源:通达信
