600091 ST明科 日线 前复权
      日期	    开盘	    最高	    最低	    收盘	    成交量	    成交额
20111010	5.30	5.30	5.18	5.24	1220626	6360259.00
20111011	5.35	5.38	5.11	5.16	1478339	7781607.00
20111012	5.17	5.34	5.12	5.33	1874409	9876193.00
20111013	5.33	5.36	5.30	5.34	1410022	7515851.00
20111014	5.28	5.35	5.28	5.34	1146252	6093384.00
20111017	5.38	5.43	5.28	5.33	1448577	7748556.00
20111018	5.28	5.29	5.10	5.14	1627650	8468069.00
20111019	5.14	5.20	5.12	5.18	1483765	7655004.00
20111020	5.13	5.18	4.92	4.99	2011659	10088065.00
20111021	4.96	5.00	4.89	4.96	948108	4688965.00
20111024	4.97	5.06	4.89	5.03	894424	4471102.00
20111025	5.04	5.20	5.03	5.16	1545425	7911573.00
20111026	5.16	5.23	5.10	5.11	1779604	9204772.00
20111027	5.15	5.19	5.10	5.15	1006282	5189745.00
20111028	5.17	5.27	5.17	5.23	1834067	9559704.00
20111031	5.23	5.28	5.19	5.21	1457225	7605486.00
20111101	5.21	5.25	5.17	5.21	1234099	6417991.00
20111102	5.14	5.27	5.13	5.26	2070632	10802150.00
20111103	5.27	5.36	5.24	5.26	2920223	15467400.00
20111104	5.28	5.33	5.23	5.31	2451616	12963399.00
20111107	5.27	5.35	5.24	5.31	1596958	8460661.00
20111108	5.31	5.42	5.30	5.35	2816445	15098739.00
20111109	5.38	5.39	5.26	5.35	1832216	9732800.00
20111110	5.30	5.30	5.22	5.22	1379902	7255259.00
20111111	5.25	5.27	5.20	5.24	1223688	6407329.00
20111114	5.26	5.34	5.25	5.33	2094909	11103700.00
20111115	5.33	5.41	5.29	5.41	2361609	12646557.00
20111116	5.40	5.41	5.20	5.23	1701510	9010209.00
20111117	5.23	5.36	5.21	5.30	1131862	5991720.00
20111118	5.29	5.29	5.13	5.16	1463160	7621054.00
20111121	5.13	5.16	4.94	4.99	2195083	10978066.00
20111122	4.95	5.00	4.88	4.99	1549480	7662685.00
20111123	4.99	5.05	4.91	4.93	811000	4024970.00
20111124	4.93	4.93	4.76	4.86	1736246	8380919.00
20111125	4.81	4.89	4.80	4.83	1296530	6272730.00
20111128	4.84	4.88	4.82	4.83	1573388	7629409.00
20111129	4.85	4.90	4.81	4.88	1482756	7214983.00
20111130	4.90	4.90	4.64	4.64	1839478	8679836.00
20111201	4.72	4.78	4.63	4.64	2335119	11007970.00
20111202	4.66	4.66	4.41	4.42	2717896	12103994.00
20111205	4.33	4.38	4.21	4.24	2601923	11077444.00
20111206	4.21	4.25	4.14	4.20	1304398	5475609.00
20111207	4.20	4.27	4.18	4.21	1047395	4419482.00
20111208	4.24	4.24	4.00	4.10	2055125	8417052.00
20111209	4.05	4.08	4.00	4.01	1331285	5366418.00
20111212	3.94	4.02	3.94	3.96	979988	3890706.00
20111213	3.99	3.99	3.76	3.76	1394701	5290018.00
20111214	3.70	3.70	3.57	3.57	2323399	8405686.00
20111215	3.49	3.52	3.39	3.39	3125531	10640872.00
20111216	3.26	3.43	3.22	3.40	3211286	10578335.00
20111219	3.40	3.44	3.32	3.42	2196739	7422444.00
20111220	3.39	3.59	3.39	3.50	2637163	9293026.00
20111221	3.52	3.59	3.34	3.35	1925401	6760136.00
20111222	3.27	3.41	3.18	3.38	1994804	6546332.00
20111223	3.38	3.55	3.35	3.48	1561580	5422028.00
20111226	3.45	3.65	3.45	3.55	1839146	6596764.00
20111227	3.56	3.70	3.52	3.55	3233093	11731273.00
20111228	3.46	3.60	3.44	3.57	1640245	5774064.00
20111229	3.56	3.64	3.52	3.57	1491981	5359471.00
20111230	3.63	3.64	3.58	3.62	1078955	3891078.00
20120104	3.69	3.70	3.51	3.56	1066919	3848437.00
20120105	3.50	3.50	3.38	3.38	2194350	7448461.00
20120106	3.33	3.55	3.21	3.42	1752319	5784064.00
20120109	3.40	3.55	3.33	3.54	1903817	6656582.00
20120110	3.54	3.72	3.54	3.72	3026376	11070471.00
20120111	3.69	3.75	3.66	3.70	1804152	6690383.00
20120112	3.67	3.75	3.67	3.72	846410	3136897.00
20120113	3.72	3.73	3.53	3.53	1444858	5201859.00
20120116	3.38	3.66	3.38	3.46	1375896	4862894.00
20120117	3.46	3.63	3.44	3.62	1667564	5973696.00
20120118	3.62	3.75	3.61	3.64	1481435	5463994.00
20120119	3.61	3.70	3.55	3.66	907217	3305651.00
20120120	3.66	3.83	3.66	3.73	1605115	6040743.00
20120130	3.75	3.92	3.70	3.88	3722133	14442454.00
20120131	3.89	3.99	3.85	3.94	2788931	10965313.00
20120201	3.93	3.96	3.80	3.84	2590724	10094880.00
20120202	3.85	3.88	3.76	3.84	1717082	6539070.00
20120203	3.84	3.98	3.83	3.94	2102527	8236922.00
20120206	3.97	4.08	3.93	4.01	2355727	9397837.00
20120207	4.01	4.04	3.81	3.83	3998120	15452288.00
20120208	3.82	3.94	3.82	3.91	1739915	6752107.00
20120209	3.91	4.00	3.88	3.94	2356861	9315979.00
20120210	3.93	3.99	3.91	3.95	2215612	8729538.00
20120213	3.90	4.03	3.87	3.98	1787911	7090251.00
20120214	3.97	4.13	3.93	4.12	3532991	14340715.00
20120215	4.13	4.19	4.05	4.16	3991620	16553486.00
20120216	4.16	4.18	4.06	4.10	2444078	10047750.00
20120217	4.11	4.16	4.01	4.06	1476970	6000671.00
20120220	4.13	4.13	4.04	4.04	1674046	6821396.00
20120221	4.04	4.16	4.04	4.12	2217683	9114093.00
20120222	4.12	4.33	4.11	4.29	3868234	16319544.00
20120223	4.30	4.32	4.16	4.23	2556043	10789037.00
20120224	4.20	4.26	4.18	4.25	2555399	10781566.00
20120227	4.23	4.30	4.19	4.21	3464384	14708091.00
20120228	4.18	4.24	4.07	4.13	2856813	11828953.00
20120229	4.12	4.12	4.04	4.05	1674187	6828250.00
20120301	4.05	4.12	4.03	4.09	1168235	4754184.00
20120302	4.06	4.17	4.06	4.16	1733628	7157532.00
20120305	4.14	4.20	4.14	4.18	1795318	7484941.00
20120306	4.16	4.18	4.10	4.12	1647984	6811109.00
20120307	4.08	4.14	4.06	4.07	1819938	7452600.00
20120308	4.10	4.16	4.09	4.10	1563595	6443201.00
20120309	4.12	4.13	4.07	4.10	3314425	13591341.00
20120312	4.14	4.16	4.07	4.14	2965020	12200022.00
20120313	4.14	4.18	4.13	4.17	2762486	11468191.00
20120314	4.17	4.20	3.96	3.96	3802751	15548323.00
20120315	3.89	3.95	3.76	3.80	3568880	13668153.00
20120316	3.85	3.88	3.70	3.85	2211339	8445801.00
20120319	3.85	3.91	3.77	3.89	1776195	6849552.00
20120320	3.88	3.91	3.80	3.81	2235409	8621863.00
20120321	3.83	3.86	3.71	3.79	2587811	9801027.00
20120322	3.72	3.82	3.72	3.77	1691053	6365601.00
20120323	3.75	3.96	3.74	3.90	7618381	29935748.00
20120326	3.87	3.91	3.75	3.83	3804772	14600967.00
20120327	3.82	3.85	3.79	3.80	2054950	7859837.00
20120328	3.80	3.80	3.61	3.61	3307308	12043037.00
20120329	3.58	3.60	3.50	3.52	2218531	7872760.00
20120330	3.48	3.58	3.48	3.55	1552732	5495464.00
20120405	3.55	3.71	3.50	3.64	1398533	5083806.00
20120406	3.65	3.76	3.64	3.69	1890579	7015863.00
20120409	3.67	3.80	3.67	3.71	1350600	5068893.00
20120410	3.71	3.88	3.65	3.86	3030072	11456872.00
20120411	3.79	3.89	3.75	3.85	2216200	8513691.00
20120412	3.85	4.04	3.85	4.04	4097062	16356491.00
20120413	4.06	4.06	3.96	4.00	2581819	10329921.00
20120416	3.96	4.10	3.95	4.02	2527449	10248364.00
20120417	4.02	4.07	3.89	3.91	1827351	7264827.00
20120418	3.91	4.05	3.91	4.02	1918159	7653997.00
20120419	4.02	4.07	3.95	4.05	2170710	8733258.00
20120420	4.05	4.09	3.99	4.08	1828302	7399448.00
20120424	3.93	3.96	3.88	3.88	3130650	12191784.00
20120425	3.84	3.88	3.69	3.82	5496577	20690880.00
20120426	3.82	3.85	3.75	3.80	3559496	13502938.00
20120427	3.79	3.83	3.69	3.81	2899129	10928650.00
20120502	3.62	3.68	3.62	3.62	5498797	19937600.00
20120503	3.55	3.65	3.48	3.63	3967056	14201984.00
20120504	3.61	3.79	3.58	3.76	3687195	13670822.00
20120507	3.72	3.80	3.72	3.76	1898896	7148910.00
20120508	3.77	3.90	3.73	3.84	2363536	9033424.00
20120509	3.82	3.90	3.78	3.85	2411100	9247423.00
20120510	3.85	3.95	3.85	3.91	2067553	8080978.00
20120511	3.94	4.11	3.86	3.98	5143753	20847982.00
20120514	3.98	4.17	3.98	4.07	4449852	18252482.00
20120515	4.01	4.16	3.96	4.05	3912283	15841581.00
20120516	4.02	4.07	3.93	3.95	2449010	9764463.00
20120517	3.92	4.02	3.90	4.01	1793177	7154870.00
20120518	3.99	4.21	3.99	4.21	7908750	33175640.00
20120521	4.18	4.28	4.11	4.15	3747641	15717234.00
20120522	4.12	4.26	4.11	4.23	2691849	11290862.00
20120523	4.20	4.24	4.12	4.19	2166792	9040244.00
20120524	4.19	4.30	4.14	4.24	2991718	12638868.00
20120528	4.11	4.23	4.11	4.17	2420320	10081200.00
20120529	4.17	4.38	4.17	4.38	3253111	14183222.00
20120530	4.44	4.60	4.41	4.60	2511726	11431753.00
20120531	4.71	4.83	4.55	4.59	13756731	65531824.00
20120620	4.82	4.82	4.42	4.54	7159206	33038548.00
20120621	4.43	4.77	4.38	4.77	6047174	28009976.00
20120625	4.92	5.01	4.81	5.01	2941027	14627404.00
20120626	5.05	5.22	4.76	4.77	8925286	44328904.00
20120627	4.74	4.91	4.58	4.68	3853241	18162996.00
20120628	4.65	4.72	4.50	4.55	2039373	9457526.00
20120629	4.50	4.78	4.50	4.60	1724920	8035243.00
20120702	4.60	4.64	4.46	4.55	2174173	9846203.00
20120703	4.55	4.60	4.45	4.57	1906130	8623873.00
20120704	4.61	4.61	4.48	4.52	1040380	4712814.00
20120705	4.53	4.53	4.34	4.35	1323200	5843034.00
20120706	4.33	4.57	4.30	4.57	1909061	8574428.00
20120709	4.55	4.66	4.37	4.43	2023508	9120600.00
20120710	4.36	4.65	4.36	4.51	1938800	8699812.00
20120711	4.67	4.74	4.50	4.55	2046458	9409226.00
20120712	4.53	4.63	4.46	4.59	1365712	6201772.00
20120713	4.59	4.80	4.53	4.74	1707529	8017584.00
20120716	4.72	4.72	4.50	4.59	2670802	12182953.00
20120717	4.57	4.67	4.55	4.65	1028809	4751158.00
20120718	4.66	4.88	4.61	4.84	3255295	15684104.00
20120719	4.83	4.92	4.75	4.84	1888471	9094314.00
20120720	4.83	4.91	4.71	4.76	1449692	6973812.00
20120723	4.70	4.75	4.55	4.65	883962	4103851.00
20120724	4.64	4.83	4.59	4.67	1377549	6480791.00
20120725	4.68	4.70	4.61	4.67	1009497	4703932.00
20120726	4.66	4.69	4.45	4.58	866300	3977946.00
20120727	4.54	4.59	4.43	4.49	1229392	5536460.00
20120730	4.27	4.27	4.27	4.27	138300	590541.00
20120731	4.06	4.06	4.06	4.06	92100	373926.00
20120801	3.86	3.98	3.86	3.86	5420900	20995236.00
20120802	3.95	3.95	3.69	3.74	2718404	10354101.00
20120803	3.74	3.82	3.68	3.80	1470670	5502459.00
20120806	3.79	3.93	3.74	3.90	1537482	5937807.00
20120807	3.90	3.96	3.86	3.96	1915505	7497787.00
20120808	3.96	4.02	3.85	3.91	2253115	8905121.00
20120809	3.94	4.03	3.90	4.00	1391071	5529597.00
20120810	4.00	4.06	3.96	3.98	1156253	4623764.00
20120813	3.98	3.98	3.93	3.93	806832	3186093.00
20120814	3.92	3.99	3.87	3.94	904284	3545828.00
20120815	3.93	3.93	3.86	3.87	636265	2471975.00
20120816	3.85	4.06	3.81	4.02	2129403	8499508.00
20120817	3.98	4.02	3.96	3.99	791962	3159852.00
20120820	3.96	4.12	3.96	4.06	1385950	5633786.00
20120821	4.07	4.15	4.07	4.10	1193419	4909881.00
20120822	4.13	4.31	4.13	4.24	2249207	9515836.00
20120823	4.36	4.45	4.31	4.45	5000850	22137018.00
20120824	4.40	4.43	4.23	4.23	1959600	8385384.00
20120827	4.14	4.39	4.03	4.25	3593510	15230015.00
20120828	4.23	4.46	4.23	4.46	4539500	20143560.00
20120829	4.43	4.68	4.40	4.55	7576940	34942684.00
20120830	4.32	4.32	4.32	4.32	554000	2393280.00
20120831	4.10	4.31	4.10	4.22	5516116	22973388.00
20120903	4.16	4.20	4.13	4.18	1864229	7774570.00
20120904	4.20	4.23	4.14	4.18	1644016	6870255.00
20120905	4.17	4.18	4.00	4.04	3101289	12629461.00
20120906	4.04	4.10	4.02	4.08	1730285	7017887.00
20120907	4.09	4.23	4.08	4.22	3093275	12931141.00
20120910	4.24	4.32	4.20	4.28	2054055	8741605.00
20120911	4.28	4.32	4.24	4.30	1817244	7817839.00
20120912	4.31	4.42	4.23	4.31	1714498	7416814.00
20120913	4.32	4.37	4.15	4.19	1650408	7069154.00
20120914	4.19	4.29	4.19	4.26	1267183	5374816.00
20120917	4.23	4.30	4.16	4.16	893141	3784814.00
20120918	4.14	4.19	4.07	4.17	954240	3966995.00
20120919	4.18	4.36	4.18	4.34	1214524	5192758.00
20120920	4.32	4.42	4.16	4.19	2001895	8622082.00
20120921	4.15	4.29	4.14	4.21	1345727	5626472.00
20120924	4.16	4.19	4.02	4.11	1773904	7276180.00
20120925	4.11	4.12	4.03	4.03	1010414	4108748.00
20120926	4.03	4.07	3.90	3.91	1395912	5544448.00
20120927	3.88	4.05	3.88	4.03	1432651	5723604.00
20120928	3.98	4.11	3.93	4.11	1190979	4848602.00
20121008	4.09	4.15	4.07	4.14	1264270	5202492.00
20121009	4.13	4.20	4.12	4.18	1463117	6093191.00
20121010	4.18	4.26	4.11	4.20	1804652	7567346.00
20121011	4.18	4.35	4.16	4.17	2974606	12577487.00
20121012	4.14	4.25	4.12	4.22	1737048	7274995.00
20121015	4.22	4.38	4.19	4.33	3722345	15943333.00
20121016	4.32	4.34	4.25	4.27	1985874	8500202.00
20121017	4.27	4.38	4.26	4.28	1718839	7388765.00
20121018	4.28	4.36	4.27	4.34	2196916	9489947.00
20121019	4.30	4.44	4.30	4.43	3291303	14452569.00
20121022	4.42	4.65	4.39	4.56	3577956	16155044.00
20121023	4.55	4.56	4.43	4.46	2695026	12116604.00
20121024	4.46	4.60	4.43	4.53	2166139	9789165.00
20121025	4.56	4.70	4.38	4.41	4001260	18175766.00
20121026	4.40	4.43	4.25	4.31	2039084	8812296.00
20121029	4.30	4.53	4.28	4.53	3359564	15005952.00
20121030	4.40	4.45	4.32	4.35	2649149	11626747.00
20121031	4.30	4.40	4.30	4.36	900099	3922260.00
20121101	4.36	4.45	4.36	4.43	1174995	5185889.00
20121102	4.45	4.57	4.42	4.45	1837813	8230522.00
20121105	4.50	4.50	4.39	4.43	1277501	5654150.00
20121106	4.43	4.48	4.38	4.43	1551318	6860811.00
20121107	4.38	4.44	4.37	4.38	985669	4331475.00
20121108	4.35	4.36	4.20	4.20	1633400	6970623.00
20121109	4.16	4.34	4.16	4.25	1517901	6478349.00
20121112	4.27	4.32	4.25	4.29	1184624	5072882.00
20121113	4.29	4.31	4.18	4.21	1094078	4634315.00
20121114	4.21	4.23	4.06	4.11	1538559	6352878.00
20121115	4.12	4.12	3.97	4.01	1163037	4705670.00
20121116	4.01	4.04	3.98	4.01	693400	2779316.00
20121119	4.00	4.07	3.95	4.06	769701	3092088.00
20121120	4.06	4.10	4.04	4.08	796542	3239612.00
20121121	4.06	4.12	3.98	4.10	964190	3909787.00
20121122	4.10	4.13	4.00	4.08	1202671	4886458.00
20121123	4.08	4.13	4.04	4.12	1087105	4443073.00
20121126	4.09	4.15	4.04	4.07	1066613	4381155.00
20121127	4.00	4.05	3.87	3.87	1588810	6212937.00
20121128	3.85	3.85	3.69	3.72	945705	3556091.00
20121129	3.81	3.85	3.74	3.78	1105033	4199400.00
20121130	3.78	3.84	3.78	3.83	506119	1928841.00
20121203	3.78	3.80	3.66	3.69	646773	2415449.00
20121204	3.77	3.80	3.66	3.79	657034	2441649.00
20121205	3.75	3.94	3.75	3.91	819213	3178861.00
20121206	3.91	3.94	3.86	3.89	658100	2562460.00
20121207	3.85	3.98	3.85	3.98	778757	3066363.00
20121210	3.98	4.07	3.95	4.00	1282002	5134404.00
20121211	3.98	4.03	3.96	3.98	1098139	4388269.00
20121212	3.97	3.98	3.91	3.97	667200	2633088.00
20121213	3.97	3.98	3.91	3.94	758020	2985716.00
20121214	3.93	4.07	3.92	4.06	1565383	6306595.00
20121217	4.06	4.10	3.99	4.04	1679831	6774857.00
20121218	4.02	4.05	3.96	3.96	2046181	8169791.00
20121219	3.96	3.99	3.94	3.97	947542	3760630.00
20121220	3.95	3.95	3.86	3.90	1153586	4497960.00
20121221	3.94	3.96	3.90	3.95	889807	3501737.00
20121224	3.93	4.02	3.90	3.96	913154	3632871.00
20121225	3.98	4.02	3.92	4.00	2178871	8681978.00
20121226	4.00	4.02	3.95	4.02	2531761	10093770.00
20121227	4.01	4.15	4.00	4.08	3638992	14883786.00
20121228	4.10	4.16	4.03	4.11	3028079	12362043.00
20121231	4.10	4.15	4.05	4.06	2128068	8723210.00
20130104	4.06	4.08	3.88	3.91	2333256	9228270.00
20130107	3.92	3.98	3.89	3.95	1140728	4491244.00
20130108	3.97	4.13	3.91	4.09	2215199	8933943.00
20130109	4.09	4.17	4.09	4.10	2001512	8264828.00
20130110	4.08	4.18	4.08	4.11	1622459	6700908.00
20130111	4.10	4.15	4.08	4.09	1809975	7448216.00
20130114	4.08	4.20	4.07	4.19	1939483	8052499.00
20130115	4.18	4.28	4.15	4.26	2016151	8540867.00
20130116	4.26	4.37	4.24	4.29	2723537	11704529.00
20130117	4.29	4.37	4.25	4.32	2452310	10582412.00
20130118	4.32	4.35	4.27	4.34	2175423	9377703.00
20130121	4.37	4.45	4.33	4.38	2870804	12604339.00
20130122	4.39	4.46	4.34	4.39	2882772	12663435.00
20130123	4.39	4.40	4.24	4.31	3820169	16455289.00
20130124	4.30	4.35	4.16	4.21	3728635	15889105.00
20130125	4.21	4.42	4.21	4.36	4795869	20969722.00
20130128	4.37	4.52	4.36	4.42	3388572	14976215.00
20130129	4.42	4.49	4.37	4.47	3507755	15555220.00
20130130	4.49	4.65	4.42	4.63	4680396	21384324.00
20130131	4.60	4.67	4.51	4.56	2675941	12180160.00
20130201	4.55	4.64	4.51	4.59	2555669	11713400.00
20130204	4.59	4.62	4.43	4.49	2835380	12823352.00
20130205	4.45	4.62	4.45	4.58	2974264	13543682.00
20130206	4.60	4.65	4.57	4.60	1568107	7203306.00
20130207	4.62	4.64	4.55	4.63	2180354	9996821.00
20130208	4.66	4.66	4.53	4.57	2564481	11715189.00
20130218	4.59	4.59	4.48	4.54	1971241	8932819.00
20130219	4.52	4.55	4.45	4.48	2524110	11348198.00
20130220	4.48	4.49	4.44	4.49	2140449	9551118.00
20130221	4.46	4.46	4.27	4.31	3004778	13044398.00
20130222	4.29	4.36	4.29	4.34	1197806	5194379.00
20130225	4.35	4.41	4.35	4.38	1043433	4569498.00
20130226	4.34	4.40	4.28	4.28	1055472	4599014.00
20130227	4.29	4.36	4.26	4.32	1230940	5314296.00
20130228	4.32	4.40	4.32	4.37	1691710	7386040.00
20130301	4.38	4.47	4.37	4.44	2328992	10275528.00
20130304	4.46	4.52	4.30	4.33	3581604	15713598.00
20130305	4.40	4.55	4.40	4.55	6627684	29989058.00
20130306	4.60	4.70	4.53	4.63	4584125	21156224.00
20130307	4.64	4.86	4.63	4.78	5561537	26761516.00
20130308	4.80	4.83	4.67	4.74	2954406	13994159.00
20130311	4.75	4.96	4.74	4.82	2403545	11686083.00
20130312	4.82	4.85	4.58	4.63	3528670	16409901.00
20130313	4.68	4.78	4.60	4.76	2315329	10836903.00
20130314	4.73	4.83	4.66	4.72	2597484	12338025.00
20130315	4.69	4.76	4.64	4.68	2504260	11730511.00
20130318	4.66	4.69	4.53	4.59	1950990	8972288.00
20130319	4.60	4.82	4.60	4.74	2824823	13454785.00
20130320	4.72	4.92	4.71	4.84	2740286	13255427.00
20130321	4.81	4.90	4.78	4.85	2556783	12387800.00
20130322	4.80	5.05	4.80	4.95	3808671	18889108.00
20130325	4.98	5.10	4.93	4.99	3142505	15806803.00
20130326	5.00	5.05	4.95	5.05	2714503	13543762.00
20130327	5.04	5.08	4.95	4.99	1658238	8312574.00
20130328	4.90	5.04	4.88	4.95	2471049	12233425.00
20130329	4.95	5.05	4.95	4.97	1589231	7952373.00
20130401	4.96	5.07	4.96	5.01	2109968	10594279.00
20130402	5.01	5.02	4.79	4.81	3097332	15062127.00
20130403	4.80	4.84	4.72	4.75	1880722	8981155.00
20130408	4.65	4.76	4.54	4.75	1853283	8675374.00
20130409	4.75	4.85	4.74	4.81	1741268	8358811.00
20130410	4.80	4.89	4.75	4.84	1904899	9211852.00
20130411	4.83	4.86	4.73	4.77	1645675	7870427.00
20130412	4.74	4.85	4.74	4.75	1074601	5127974.00
20130415	4.80	4.80	4.60	4.65	1770069	8258795.00
20130416	4.61	4.67	4.52	4.65	1264300	5799914.00
20130417	4.63	4.71	4.62	4.70	800921	3737558.00
20130418	4.72	4.89	4.69	4.84	2476274	11964608.00
20130419	4.84	4.98	4.84	4.94	2039439	10047142.00
20130422	4.91	5.05	4.88	5.02	2233027	11052347.00
20130423	5.02	5.05	4.87	4.89	2143504	10581680.00
20130424	4.90	5.13	4.88	5.13	5384931	27341202.00
20130425	5.13	5.19	5.03	5.05	3054353	15644610.00
20130426	5.06	5.11	4.94	5.05	3861822	19436776.00
20130502	4.87	4.87	4.80	4.80	4552747	21867904.00
20130503	4.76	4.83	4.71	4.76	2535663	12114783.00
20130506	4.77	4.84	4.76	4.82	2259931	10843687.00
20130507	4.80	4.82	4.65	4.71	2680538	12669849.00
20130508	4.74	4.80	4.69	4.76	1925615	9134656.00
20130509	4.73	4.76	4.61	4.66	1940756	9058345.00
20130510	4.64	4.73	4.64	4.72	1513447	7099613.00
20130513	4.71	4.74	4.68	4.70	1752270	8258125.00
20130514	4.70	4.76	4.69	4.74	1102523	5212484.00
20130515	4.75	4.77	4.68	4.76	1246178	5875828.00
20130516	4.75	4.78	4.71	4.74	1168794	5537969.00
20130517	4.74	4.78	4.73	4.77	1665396	7916389.00
20130520	4.78	4.82	4.72	4.80	2508005	11976497.00
20130521	4.79	4.82	4.76	4.81	1841861	8827946.00
20130522	4.78	4.84	4.78	4.83	1717488	8260583.00
20130523	4.86	4.86	4.77	4.79	2132300	10238227.00
20130524	4.81	4.81	4.75	4.78	1607998	7675484.00
20130527	4.78	4.80	4.72	4.80	2175421	10359172.00
20130528	4.76	4.96	4.76	4.86	2829673	13771238.00
20130529	4.83	4.99	4.83	4.97	3861366	19028156.00
20130530	4.95	4.97	4.87	4.89	2770605	13633157.00
20130531	4.94	5.00	4.89	4.92	3354132	16630865.00
20130603	4.91	4.95	4.88	4.89	1589368	7808142.00
20130604	4.89	4.90	4.67	4.71	3204450	15257073.00
20130605	4.71	4.74	4.67	4.72	1631050	7671078.00
20130606	4.70	4.74	4.55	4.58	1675398	7805056.00
20130607	4.58	4.63	4.51	4.60	1660868	7600060.00
20130613	4.56	4.58	4.37	4.37	2224876	9794758.00
20130614	4.37	4.50	4.37	4.45	1543385	6823284.00
20130617	4.44	4.44	4.25	4.40	1523624	6688492.00
20130618	4.41	4.43	4.33	4.37	1333214	5832993.00
20130619	4.37	4.39	4.27	4.34	749210	3241911.00
20130620	4.30	4.35	4.26	4.28	687069	2962622.00
20130621	4.23	4.29	4.07	4.25	1484326	6193035.00
20130624	4.25	4.25	4.04	4.04	1671500	6846350.00
20130625	4.04	4.04	3.84	3.91	2043102	7921608.00
20130626	3.95	3.97	3.84	3.90	1507709	5864525.00
20130627	3.92	3.95	3.71	3.74	1814105	6970046.00
20130628	3.75	3.80	3.58	3.71	1879162	6906765.00
20130701	3.74	3.82	3.64	3.81	1453856	5431744.00
20130702	3.77	3.87	3.77	3.87	1153578	4407796.00
20130703	3.83	3.84	3.75	3.82	967488	3674162.00
20130704	3.78	3.90	3.78	3.84	895637	3427257.00
20130705	3.83	3.90	3.82	3.83	752010	2895247.00
20130708	3.83	3.83	3.64	3.65	1322066	4858082.00
20130709	3.63	3.72	3.63	3.70	770510	2826866.00
20130710	3.69	3.80	3.69	3.78	871084	3279341.00
20130711	3.83	3.96	3.79	3.90	1578495	6137081.00
20130712	3.92	4.03	3.86	3.90	1475100	5831790.00
20130715	3.90	3.96	3.85	3.95	1166072	4567909.00
20130716	3.95	3.97	3.88	3.96	1637706	6428688.00
20130717	3.94	3.97	3.88	3.90	1450868	5698870.00
20130718	3.90	3.94	3.86	3.90	806301	3152436.00
20130719	3.89	3.91	3.80	3.82	1231700	4763153.00
20130722	3.80	3.85	3.73	3.82	924901	3507809.00
20130723	3.87	3.94	3.83	3.93	1198749	4659609.00
20130724	3.89	3.94	3.86	3.94	893656	3488570.00
20130725	3.93	3.94	3.85	3.90	713298	2784974.00
20130726	3.86	3.91	3.85	3.90	491084	1904992.00
20130729	3.89	3.98	3.86	3.90	1078848	4214978.00
20130730	3.92	3.94	3.81	3.93	868818	3384559.00
20130731	3.98	3.98	3.90	3.95	1140476	4497443.00
20130801	3.93	4.10	3.93	4.04	1400846	5630122.00
20130802	4.01	4.07	3.97	4.04	1618601	6501253.00
20130805	4.03	4.06	3.98	4.05	688862	2776939.00
20130806	4.04	4.07	3.98	4.05	826610	3327843.00
20130807	4.08	4.13	4.05	4.07	1848439	7540933.00
20130808	4.09	4.12	4.06	4.12	855545	3507585.00
20130809	4.14	4.16	4.05	4.10	1013699	4146158.00
20130812	4.10	4.19	4.07	4.19	1406237	5835274.00
20130813	4.20	4.24	4.15	4.20	1099363	4607691.00
20130814	4.17	4.26	4.17	4.18	823699	3469170.00
20130815	4.18	4.23	4.14	4.16	1086202	4547245.00
20130816	4.17	4.37	4.16	4.24	3068206	13193873.00
20130819	4.19	4.45	4.15	4.45	3072478	13474439.00
20130820	4.48	4.67	4.46	4.53	6199623	28701060.00
20130821	4.43	4.50	4.30	4.41	4377544	19263768.00
20130822	4.41	4.63	4.36	4.63	3201622	14535233.00
20130823	4.63	4.77	4.48	4.65	3332310	15496560.00
20130826	4.60	4.69	4.58	4.65	1735555	8038859.00
20130827	4.62	4.65	4.51	4.55	2430177	11109106.00
20130828	4.56	4.75	4.51	4.61	2557422	11911088.00
20130829	4.55	4.62	4.47	4.49	1770503	8038478.00
20130830	4.50	4.55	4.33	4.47	2359681	10460037.00
20130902	4.47	4.48	4.36	4.48	1064801	4694454.00
20130903	4.50	4.61	4.45	4.59	1298706	5927251.00
20130904	4.60	4.72	4.59	4.65	1210991	5627537.00
20130905	4.62	4.67	4.52	4.54	1100770	5034640.00
20130906	4.61	4.62	4.55	4.57	1149544	5285716.00
20130909	4.51	4.69	4.51	4.62	2257954	10448259.00
20130910	4.58	4.67	4.57	4.61	1655949	7625254.00
20130911	4.62	4.62	4.53	4.59	1944292	8861643.00
20130912	4.59	4.71	4.54	4.67	1947957	9039877.00
20130913	4.66	4.74	4.65	4.71	1285035	6040749.00
20130916	4.74	4.95	4.72	4.95	3975573	19420792.00
20130917	4.97	4.97	4.81	4.84	2707503	13201113.00
20130918	4.83	4.91	4.79	4.88	1717912	8322043.00
20130923	4.84	4.96	4.84	4.89	1648824	8095604.00
20130924	4.86	4.91	4.82	4.83	1718698	8323340.00
20130925	4.81	4.93	4.81	4.82	1552120	7549301.00
20130926	4.81	4.83	4.68	4.68	2218086	10495543.00
20130927	4.65	4.69	4.61	4.64	1076502	4999441.00
20130930	4.63	4.77	4.63	4.76	753379	3545207.00
20131008	4.74	4.80	4.66	4.76	1169164	5567533.00
20131009	4.70	4.76	4.68	4.72	1527923	7209510.00
20131010	4.72	4.75	4.67	4.70	1197450	5631995.00
20131011	4.71	4.87	4.71	4.85	1972700	9476342.00
20131014	4.81	4.98	4.81	4.90	1796916	8830121.00
20131015	4.88	4.90	4.85	4.89	726397	3535454.00
20131016	4.93	5.13	4.87	5.02	5078159	25622306.00
20131017	5.06	5.09	4.97	5.04	2088629	10525927.00
20131018	5.04	5.04	4.89	4.91	1730318	8592693.00
20131021	4.91	4.97	4.87	4.94	1795673	8833513.00
20131022	4.92	5.02	4.90	4.96	1915213	9536238.00
20131023	4.98	4.98	4.74	4.82	1568581	7625192.00
20131024	4.82	4.89	4.80	4.84	867990	4204791.00
20131025	4.84	4.87	4.75	4.77	1142355	5476723.00
20131028	4.78	4.83	4.74	4.76	679889	3248125.00
20131029	4.76	4.80	4.52	4.60	2129539	9847910.00
20131030	4.60	4.74	4.58	4.72	1605178	7509657.00
20131031	4.77	4.77	4.64	4.70	1272485	5963458.00
20131101	4.65	4.84	4.65	4.83	1940057	9188574.00
20131104	4.83	5.07	4.80	5.05	4101585	20579584.00
20131105	5.05	5.06	4.97	5.00	1793500	8986693.00
20131106	4.97	5.21	4.97	5.06	2512315	12884041.00
20131107	5.09	5.13	5.00	5.05	1664070	8436200.00
20131108	5.08	5.08	4.94	5.07	1501363	7523034.00
20131111	5.15	5.21	5.07	5.10	1756757	8997882.00
20131112	5.10	5.36	5.03	5.36	6204299	32777320.00
20131113	5.37	5.37	5.25	5.30	2043195	10836541.00
20131114	5.26	5.39	5.25	5.36	1731724	9223858.00
20131115	5.36	5.45	5.29	5.37	2409801	12997034.00
20131118	5.25	5.34	5.10	5.10	4825200	24885384.00
20131119	5.05	5.36	5.02	5.36	4945423	26075754.00
20131120	5.37	5.47	5.33	5.45	4448427	24030100.00
20131121	5.39	5.64	5.35	5.48	3534099	19480424.00
20131122	5.44	5.59	5.34	5.39	3331676	18291134.00
20131125	5.30	5.47	5.27	5.44	2843000	15333839.00
20131126	5.47	5.55	5.41	5.50	2406011	13205424.00
20131127	5.50	5.55	5.45	5.51	1756621	9669607.00
20131128	5.51	5.55	5.44	5.45	1975945	10867951.00
20131129	5.41	5.53	5.41	5.50	2183851	11976985.00
20131202	5.23	5.50	5.23	5.23	3983078	21026752.00
20131203	5.11	5.20	4.97	5.10	4087754	20639398.00
20131204	5.10	5.31	5.06	5.19	1911043	9931609.00
20131205	5.19	5.30	5.10	5.28	1323214	6895768.00
20131206	5.30	5.34	5.23	5.27	1352282	7131113.00
20131209	5.28	5.28	5.16	5.26	1492411	7755822.00
20131210	5.22	5.26	5.11	5.17	1145703	5922750.00
20131211	5.12	5.17	5.05	5.10	1015770	5187642.00
20131212	5.10	5.19	5.07	5.17	773843	3976179.00
20131213	5.10	5.29	5.10	5.28	1766131	9156172.00
20131216	5.23	5.27	5.02	5.06	1651220	8477105.00
20131217	5.03	5.13	5.00	5.05	1168407	5925538.00
20131218	5.05	5.09	4.87	4.92	1901909	9423322.00
20131219	4.98	4.99	4.82	4.88	921296	4510817.00
20131220	4.86	4.89	4.75	4.76	989209	4768936.00
20131223	4.76	4.85	4.67	4.71	689305	3265581.00
20131224	4.64	4.76	4.64	4.73	1013021	4756617.00
20131225	4.75	4.83	4.70	4.79	450130	2150069.00
20131226	4.76	4.78	4.67	4.68	625990	2949707.00
20131227	4.71	4.72	4.67	4.68	655896	3077437.00
20131230	4.73	4.76	4.63	4.71	1354574	6355955.00
20131231	4.68	4.72	4.66	4.70	527049	2470265.00
20140102	4.67	4.71	4.64	4.67	758225	3541667.00
20140103	4.70	4.70	4.50	4.55	1839497	8424276.00
20140106	4.50	4.59	4.35	4.37	894199	3995325.00
20140107	4.35	4.42	4.21	4.39	588581	2556268.00
20140108	4.40	4.40	4.26	4.29	784462	3387588.00
20140109	4.25	4.36	4.25	4.32	846014	3648924.00
20140110	4.38	4.38	4.20	4.23	778200	3314370.00
20140113	4.24	4.28	4.03	4.08	1530479	6266769.00
20140114	4.08	4.16	4.05	4.11	1048688	4309206.00
20140115	4.10	4.11	4.04	4.05	1064049	4333837.00
20140116	4.04	4.14	4.00	4.11	928338	3783918.00
20140117	4.11	4.11	4.00	4.03	794843	3213091.00
20140120	4.00	4.08	3.95	4.00	933419	3745938.00
20140121	4.02	4.13	4.00	4.08	971912	3944586.00
20140122	4.08	4.28	4.08	4.28	880469	3732447.00
20140123	4.33	4.49	4.29	4.48	2951623	13069046.00
20140124	4.55	4.55	4.42	4.45	1051749	4698379.00
20140127	4.43	4.67	4.40	4.63	1835600	8497837.00
20140128	4.62	4.83	4.56	4.68	1796562	8422733.00
20140129	4.71	4.75	4.59	4.69	1173706	5461937.00
20140130	4.63	4.65	4.48	4.58	1317639	5989902.00
20140207	4.53	4.60	4.44	4.50	1224537	5500490.00
20140210	4.52	4.62	4.48	4.60	1465218	6659149.00
20140211	4.55	4.66	4.53	4.58	1366219	6260952.00
20140212	4.57	4.60	4.53	4.56	1024386	4674245.00
20140213	4.62	4.62	4.50	4.52	1685999	7648801.00
20140214	4.50	4.55	4.31	4.47	3935610	17419634.00
20140217	4.47	4.47	4.38	4.42	2951750	13038233.00
20140218	4.45	4.45	4.33	4.36	3717448	16208381.00
20140219	4.35	4.50	4.32	4.49	2752000	12210626.00
20140220	4.49	4.59	4.44	4.56	2494788	11258200.00
20140221	4.56	4.56	4.40	4.41	1555793	6949529.00
20140224	4.43	4.43	4.32	4.37	1572116	6855070.00
20140225	4.38	4.40	4.15	4.17	2288900	9738317.00
20140226	4.16	4.29	4.05	4.20	1530025	6385292.00
20140227	4.22	4.24	4.16	4.20	1387495	5818510.00
20140228	4.18	4.25	4.13	4.25	914262	3844659.00
20140303	4.26	4.32	4.15	4.27	1228566	5217672.00
20140304	4.25	4.32	4.23	4.28	784501	3355303.00
20140305	4.30	4.37	4.26	4.32	898082	3866506.00
20140306	4.35	4.37	4.25	4.30	1241322	5319979.00
20140307	4.28	4.36	4.28	4.36	1299160	5643631.00
20140310	4.36	4.36	4.19	4.27	1452887	6215537.00
20140311	4.27	4.28	4.21	4.24	1375299	5834811.00
20140312	4.22	4.34	4.22	4.33	1381915	5917448.00
20140313	4.30	4.44	4.30	4.38	1286376	5624537.00
20140314	4.38	4.44	4.35	4.41	1046067	4583494.00
20140317	4.36	4.48	4.36	4.48	923439	4107849.00
20140318	4.45	4.54	4.45	4.48	1218332	5482405.00
20140319	4.48	4.50	4.41	4.48	1272686	5663570.00
20140320	4.47	4.70	4.44	4.68	5099763	23706584.00
20140321	4.66	4.69	4.57	4.68	2458067	11380824.00
20140324	4.67	4.70	4.62	4.67	1487615	6931286.00
20140325	4.66	4.90	4.66	4.81	3032998	14662270.00
20140326	4.80	4.82	4.68	4.73	1668049	7919047.00
20140327	4.70	4.79	4.65	4.69	1092772	5136037.00
20140328	4.65	4.87	4.65	4.72	2273957	10821421.00
20140331	4.70	4.75	4.65	4.68	817980	3832531.00
20140401	4.70	4.82	4.65	4.79	1237002	5882426.00
20140402	4.80	5.01	4.78	4.85	3186378	15608214.00
20140403	4.86	4.91	4.79	4.84	1469700	7116008.00
20140404	4.87	5.00	4.81	4.93	2373872	11733933.00
20140408	4.92	5.01	4.90	4.96	1570781	7831205.00
20140409	4.95	5.02	4.91	4.94	1358975	6733953.00
20140410	4.92	5.03	4.86	5.00	3211504	15942559.00
20140411	4.97	4.97	4.88	4.91	2555907	12552730.00
20140414	4.90	4.90	4.67	4.73	4804288	22886752.00
20140415	4.71	4.79	4.70	4.75	2008418	9537850.00
20140416	4.75	4.81	4.71	4.81	1418325	6770619.00
20140417	4.81	4.81	4.67	4.73	2041200	9645950.00
20140418	4.73	4.80	4.68	4.74	1632143	7741562.00
20140421	4.70	4.78	4.67	4.69	2058827	9714359.00
20140422	4.66	4.72	4.64	4.69	1869051	8741134.00
20140423	4.68	4.79	4.68	4.78	1594394	7571971.00
20140424	4.81	4.82	4.70	4.71	1049713	4997531.00
20140425	4.69	4.95	4.69	4.84	5685472	27753380.00
20140428	4.80	4.84	4.60	4.61	3527551	16440606.00
20140429	4.52	4.59	4.41	4.46	2094605	9397743.00
20140430	4.45	4.65	4.44	4.51	1783111	8078875.00
20140505	4.51	4.63	4.51	4.60	1676491	7686407.00
20140506	4.61	4.75	4.56	4.61	1831216	8488274.00
20140507	4.61	4.66	4.54	4.59	1219386	5614303.00
20140508	4.59	4.74	4.56	4.66	1309908	6093318.00
20140509	4.63	4.69	4.61	4.68	853098	3958506.00
20140512	4.72	4.74	4.65	4.69	1714485	8048991.00
20140513	4.72	4.74	4.68	4.72	604192	2846686.00
20140514	4.72	4.85	4.70	4.81	2230870	10710317.00
20140515	4.80	4.82	4.66	4.67	1208622	5728609.00
20140516	4.67	4.73	4.57	4.73	1037461	4830912.00
20140519	4.75	4.75	4.62	4.69	830622	3873594.00
20140520	4.73	4.81	4.66	4.74	770311	3642577.00
20140521	4.75	4.76	4.61	4.68	2027282	9481800.00
20140522	4.67	4.72	4.63	4.65	1274872	5950078.00
20140523	4.65	4.73	4.63	4.71	929030	4348485.00
20140526	4.69	4.79	4.68	4.73	774468	3652087.00
20140527	4.71	4.75	4.68	4.74	767952	3626497.00
20140528	4.71	4.82	4.71	4.78	2209512	10560315.00
20140529	4.79	4.79	4.68	4.72	1197940	5665076.00
20140530	4.71	4.78	4.68	4.75	807417	3817669.00
20140603	4.75	4.83	4.68	4.81	1512640	7220376.00
20140604	4.79	4.81	4.73	4.77	1163672	5543439.00
20140605	4.75	4.82	4.74	4.80	1196166	5722017.00
20140606	4.77	4.81	4.74	4.77	1600512	7638505.00
20140609	4.76	4.77	4.64	4.66	2197637	10377701.00
20140610	4.64	4.82	4.64	4.75	3203280	15224672.00
20140611	4.73	4.81	4.73	4.80	1901534	9083612.00
20140612	4.77	4.94	4.77	4.90	2742227	13344776.00
20140613	4.85	4.92	4.85	4.89	1659280	8107784.00
20140616	4.89	4.93	4.85	4.91	1769220	8667525.00
20140617	4.90	4.94	4.80	4.83	1640835	7982673.00
20140618	4.81	4.84	4.76	4.81	2134545	10235016.00
20140619	4.79	4.81	4.66	4.68	1454206	6899181.00
20140620	4.68	4.85	4.65	4.81	1922421	9199761.00
20140623	4.81	4.85	4.76	4.83	1929335	9277383.00
20140624	4.83	4.85	4.78	4.84	1043573	5013732.00
20140625	4.86	4.88	4.81	4.85	1107850	5364623.00
20140626	4.86	4.91	4.81	4.89	2052950	10004371.00
20140627	4.89	4.91	4.85	4.89	2781432	13585654.00
20140630	4.88	4.88	4.80	4.87	2542552	12333457.00
20140701	4.85	5.11	4.85	5.07	6511382	32804000.00
20140702	5.04	5.11	5.01	5.06	3098333	15655640.00
20140703	5.07	5.13	5.03	5.12	1754142	8880484.00
20140704	5.12	5.38	5.10	5.28	4431599	23463840.00
20140707	5.23	5.25	5.15	5.19	2058118	10691494.00
20140708	5.19	5.27	5.15	5.21	1233808	6423588.00
20140709	5.20	5.24	5.04	5.08	2857035	14617819.00
20140710	5.02	5.14	5.00	5.06	2287220	11604776.00
20140711	5.06	5.17	5.04	5.16	2222109	11369184.00
20140714	5.17	5.20	5.14	5.18	1169748	6042917.00
20140715	5.15	5.18	5.05	5.10	2689502	13685313.00
20140716	5.10	5.12	5.07	5.09	1196054	6085638.00
20140717	5.10	5.16	5.06	5.16	2026203	10344128.00
20140718	5.11	5.16	5.08	5.12	1474062	7526453.00
20140721	5.10	5.15	5.06	5.14	1712482	8744984.00
20140722	5.13	5.21	5.11	5.15	1941074	10012965.00
20140723	5.13	5.15	5.06	5.06	2002267	10221642.00
20140724	5.08	5.16	5.03	5.09	2050574	10407536.00
20140725	5.09	5.17	5.06	5.14	1374479	7045099.00
20140728	5.12	5.20	5.11	5.18	2451456	12656336.00
20140729	5.18	5.35	5.15	5.27	3591896	18907676.00
20140730	5.27	5.49	5.25	5.46	4069321	21946194.00
20140731	5.48	5.56	5.40	5.42	2719654	14875805.00
20140801	5.38	5.51	5.38	5.45	2415689	13180982.00
20140804	5.42	5.63	5.42	5.57	2657471	14796959.00
20140805	5.60	5.61	5.49	5.56	2372421	13142776.00
20140806	5.56	5.60	5.51	5.60	2144408	11933750.00
20140807	5.60	5.62	5.40	5.43	2786597	15349878.00
20140808	5.44	5.70	5.42	5.70	3814940	21391032.00
20140811	5.69	5.81	5.62	5.74	3563526	20367878.00
20140812	5.71	5.80	5.71	5.74	2200757	12670426.00
20140813	5.77	5.77	5.63	5.69	2327520	13256063.00
20140814	5.70	5.97	5.66	5.89	4197222	24729202.00
20140815	5.86	6.05	5.81	5.96	3074110	18255544.00
20140818	5.92	6.01	5.88	5.98	2456384	14629713.00
20140819	6.02	6.28	5.99	6.28	4868168	30127040.00
20140820	6.26	6.48	6.18	6.19	4972077	31440160.00
20140821	6.19	6.43	6.15	6.26	2651729	16623036.00
20140822	6.22	6.40	6.18	6.29	2215410	13874353.00
20140825	6.27	6.28	6.11	6.18	3187191	19703936.00
20140826	6.18	6.20	5.88	5.95	3638760	21860856.00
20140827	5.97	6.13	5.92	6.07	3202236	19272148.00
20140828	6.08	6.12	5.94	5.95	2136102	12837550.00
20140829	5.95	6.20	5.95	6.19	3502502	21437516.00
20140901	6.19	6.22	6.09	6.22	3088830	19006896.00
20140902	6.21	6.53	6.21	6.53	3755005	24422640.00
20140903	6.73	6.85	6.53	6.63	8473520	56837532.00
20140904	6.65	6.96	6.60	6.96	5762132	39605692.00
20140905	6.98	7.03	6.90	7.02	4231042	29445352.00
20150115	6.67	6.67	6.67	6.67	373200	2489244.00
20150116	6.34	6.34	6.34	6.34	192600	1221084.00
20150119	6.02	6.02	6.02	6.02	419900	2527798.00
20150120	5.72	5.72	5.72	5.72	4168300	23842676.00
20150121	5.61	5.75	5.60	5.74	29169458	165009616.00
20150122	5.70	5.79	5.66	5.76	16359600	93793960.00
20150123	5.79	5.93	5.74	5.79	15109550	87802968.00
20150126	5.81	5.95	5.77	5.92	9586613	56223432.00
20150127	5.87	5.94	5.81	5.89	9717759	57050020.00
20150128	5.85	5.95	5.83	5.85	7479517	43994964.00
20150129	5.81	5.89	5.77	5.79	8042898	46876040.00
20150130	5.78	5.84	5.77	5.78	4897286	28387360.00
20150202	5.61	5.81	5.60	5.71	6655405	37864632.00
20150203	5.72	5.76	5.68	5.72	5081661	28983594.00
20150204	5.72	5.74	5.67	5.70	5467176	31178722.00
20150205	5.76	5.77	5.68	5.69	4454334	25466280.00
20150206	5.68	5.69	5.41	5.42	7987236	43995184.00
20150209	5.40	5.40	5.28	5.29	4513604	24112782.00
20150210	5.28	5.36	5.20	5.23	5019425	26484390.00
20150211	5.26	5.32	5.24	5.31	3536502	18694152.00
20150212	5.33	5.57	5.30	5.46	5195303	28263720.00
20150213	5.48	5.62	5.45	5.55	3886050	21540756.00
20150216	5.56	5.66	5.52	5.60	2867483	16063263.00
20150217	5.61	5.77	5.59	5.74	4074423	23277010.00
20150225	5.74	5.78	5.60	5.68	5191343	29422460.00
20150226	5.66	5.72	5.64	5.72	3776320	21445816.00
20150227	5.70	5.84	5.65	5.77	4345424	25040588.00
20150302	5.79	5.88	5.75	5.87	6778219	39506712.00
20150303	5.84	5.89	5.76	5.78	6315385	36806344.00
20150304	5.77	6.07	5.76	6.07	8730566	51526976.00
20150305	6.12	6.32	6.01	6.24	11136738	68395512.00
20150306	6.21	6.38	6.14	6.24	7711190	48137852.00
20150309	6.20	6.32	6.19	6.27	5167183	32357428.00
20150310	6.26	6.30	6.21	6.29	5793999	36257848.00
20150311	6.26	6.55	6.25	6.33	8580116	55205968.00
20150312	6.39	6.47	6.15	6.18	6128315	38638504.00
20150313	6.19	6.29	6.19	6.24	3883644	24224590.00
20150316	6.27	6.45	6.25	6.43	4825172	30766604.00
20150317	6.50	6.59	6.41	6.48	8199287	53271788.00
20150318	6.49	6.57	6.45	6.54	6407180	41836640.00
20150319	6.52	6.87	6.46	6.87	11694672	79442160.00
20150320	6.84	7.00	6.76	6.89	9635194	66367376.00
20150323	6.89	7.23	6.89	7.23	12496729	88614984.00
20150324	7.25	7.58	7.00	7.29	13458407	98415504.00
20150325	7.35	7.65	7.34	7.65	9798317	73535328.00
20150326	7.77	8.03	7.62	8.02	12974816	102036848.00
20150327	7.95	8.17	7.66	7.78	11439245	89335968.00
20150330	7.65	7.65	7.39	7.40	12601158	93845328.00
20150331	7.31	7.61	7.31	7.49	7358931	55059580.00
20150401	7.43	7.54	7.38	7.49	7702587	57343588.00
20150402	7.49	7.74	7.44	7.57	7130692	53935404.00
20150403	7.58	7.65	7.50	7.61	8064283	61053144.00
20150407	7.61	7.64	7.50	7.60	9763146	73987720.00
20150408	7.61	7.87	7.59	7.75	11018236	84999960.00
20150409	7.75	8.10	7.65	8.07	14410169	113725048.00
20150410	8.06	8.47	8.00	8.47	9529154	79051536.00
20150413	8.51	8.89	8.51	8.89	9765961	85754552.00
20150414	8.96	9.28	8.63	8.78	12981051	116036336.00
20150415	8.72	8.77	8.34	8.34	10207208	86334272.00
20150416	8.21	8.50	8.01	8.40	8407959	69109064.00
20150417	8.48	8.59	8.27	8.39	7744634	65151396.00
20150420	8.39	8.81	8.01	8.79	15818440	136871616.00
20150421	8.72	9.23	8.72	9.23	10836949	98374976.00
20150422	9.30	9.69	9.30	9.59	15360559	147751120.00
20150423	9.59	9.78	9.40	9.67	12764164	122414768.00
20150424	9.60	9.85	9.37	9.70	10996042	105791624.00
20150427	9.59	9.96	9.27	9.31	12335387	118104000.00
20150428	9.33	9.78	9.07	9.78	18217461	172556160.00
20150429	9.92	9.98	9.40	9.73	11682673	114546640.00
20150504	9.45	10.20	9.44	9.73	10311651	100960280.00
20150505	9.73	9.85	9.24	9.30	9963519	94676648.00
20150506	9.31	9.49	8.91	8.97	8350369	76822520.00
20150507	8.93	9.05	8.53	8.67	7598082	66548908.00
20150508	8.80	8.96	8.73	8.90	4945297	43629528.00
20150511	8.92	9.35	8.92	9.35	7823616	71744208.00
20150512	9.40	9.61	9.36	9.54	6693207	63748960.00
20150513	9.49	9.65	9.31	9.42	6785052	64108172.00
20150514	9.41	9.72	9.32	9.62	8388888	80747544.00
20150515	9.70	10.10	9.56	10.10	9285695	91290432.00
20150518	10.32	10.61	10.12	10.61	4546546	47690044.00
20150519	11.14	11.14	11.14	11.14	1755228	19553240.00
20150520	11.70	11.70	11.70	11.70	466743	5460893.00
20150521	12.29	12.29	12.02	12.29	12016748	147481952.00
20150522	12.90	12.90	12.79	12.90	6982125	90000320.00
20150525	13.55	13.55	13.55	13.55	967359	13107714.00
20150526	14.23	14.23	14.23	14.23	463731	6598892.00
20150527	14.94	14.94	14.94	14.94	393684	5881639.00
20150528	15.69	15.69	15.00	15.20	11139570	173890720.00
20150604	15.96	15.96	15.03	15.96	8601341	136422304.00
20150605	16.76	16.76	16.76	16.76	537674	9011416.00
20150608	17.60	17.60	15.92	15.92	31585939	525613824.00
20150609	15.14	15.50	15.12	15.12	8640944	131123168.00
20150610	14.38	15.88	14.38	15.88	20764546	319497792.00
20150611	16.00	16.67	15.88	16.67	9594927	157785728.00
20150612	17.45	17.50	17.10	17.50	2859679	49868536.00
20150615	18.38	18.38	17.85	18.38	14647553	268591296.00
20150617	17.46	19.15	17.46	18.23	16820181	301714976.00
20150618	18.28	18.90	17.35	17.44	10421873	190878112.00
20150619	16.68	17.28	16.57	16.57	8437164	140500320.00
20150623	16.50	16.50	15.74	15.74	4944054	78079536.00
20150624	15.88	16.44	15.08	15.60	10869232	172960384.00
20150625	16.03	16.03	14.82	14.83	8897540	136858480.00
20150626	14.64	14.64	14.09	14.09	5617911	79214424.00
20150629	14.00	14.00	13.39	13.39	2764401	37429624.00
20150630	12.72	13.98	12.72	13.50	12793981	165756912.00
20150701	13.68	14.18	12.83	12.83	13264432	180542592.00
20150702	12.95	12.97	12.19	12.19	6675725	81879496.00
20150703	11.58	11.76	11.58	11.58	5090933	58986116.00
20150706	12.09	12.16	11.00	11.00	7327400	83331696.00
20150707	10.45	10.45	10.45	10.45	275000	2873750.00
20150708	9.93	9.93	9.93	9.93	156000	1549080.00
20150709	9.43	10.38	9.43	9.94	25975219	254371872.00
20150710	9.55	10.44	9.55	10.44	25343371	258184848.00
20150713	10.45	10.82	10.00	10.27	18331819	190295040.00
20150714	10.07	10.34	9.76	9.80	16595750	166246000.00
20150715	9.47	9.49	9.31	9.31	4357041	40620320.00
20150716	8.84	9.11	8.84	8.84	11081700	98163656.00
20150717	8.53	9.25	8.41	9.10	14122204	124130104.00
20150720	9.18	9.56	9.01	9.56	13218764	124736784.00
20150721	9.38	9.99	9.22	9.53	11473075	110934088.00
20150722	9.58	10.01	9.56	10.01	17066528	169301600.00
20150723	10.20	10.51	10.15	10.51	5240421	54508636.00
20150724	11.04	11.04	10.51	11.03	8435895	92537920.00
20150727	10.98	10.98	10.48	10.48	12051906	128644136.00
20150728	9.96	10.15	9.96	9.96	6228873	62154072.00
20150729	9.82	10.15	9.46	9.83	10360753	99426912.00
20150730	9.89	9.94	9.34	9.34	6722234	64811184.00
20150731	8.87	9.20	8.87	8.88	6590641	59021216.00
20150803	8.64	8.83	8.44	8.44	3942763	33506464.00
20150804	8.16	8.86	8.15	8.86	7261464	62032984.00
20150805	8.86	9.30	8.63	9.08	8023312	72308648.00
20150806	8.75	9.53	8.72	9.53	6691765	62934420.00
20150807	9.80	10.01	9.75	10.00	7079042	70289040.00
20150810	10.00	10.37	9.80	10.19	7523532	76591144.00
20150811	10.19	10.34	9.87	10.00	8602422	86729552.00
20150812	9.90	10.50	9.70	10.14	11097857	111705080.00
20150813	10.07	10.48	10.06	10.38	6230421	64029280.00
20150814	10.45	10.55	10.27	10.38	6265569	65315080.00
20150817	10.33	10.53	10.12	10.52	5987504	62025200.00
20150818	10.59	10.65	9.99	9.99	7851497	80649384.00
20150819	9.51	9.98	9.49	9.79	8967737	85798048.00
20150820	9.70	9.84	9.30	9.40	6216297	59614084.00
20150821	9.40	9.43	8.93	8.93	5930305	53678968.00
20150824	8.48	8.48	8.48	8.48	838200	7107936.00
20150825	8.06	8.06	8.06	8.06	1083700	8734622.00
20150826	7.66	7.90	7.66	7.66	6754954	51959236.00
20150827	7.45	7.77	7.28	7.43	7242538	53473240.00
20150828	7.63	7.80	7.41	7.80	10207937	77781032.00
20150831	7.70	7.74	7.41	7.41	5563159	42167612.00
20150901	7.39	7.78	7.14	7.43	7667213	57677836.00
20150902	7.10	7.37	7.06	7.06	5928079	42264648.00
20150907	7.06	7.30	6.91	7.14	5869826	41721216.00
20150908	7.09	7.38	7.03	7.34	3457136	24874854.00
20150909	7.36	7.71	7.35	7.71	1882600	14362180.00
20150910	7.95	8.10	7.80	8.10	2188600	17465106.00
20150911	8.48	8.51	8.14	8.39	14116156	119092656.00
20150914	8.39	8.54	7.97	7.97	5295194	43095200.00
20150915	7.57	7.68	7.57	7.57	3845322	29175356.00
20150916	7.50	7.95	7.25	7.95	6540766	49893576.00
20150917	7.82	8.12	7.55	7.56	6163547	48272480.00
20150918	7.68	7.69	7.22	7.59	4252397	31937684.00
20150921	7.59	7.97	7.43	7.97	5933328	47010032.00
20150922	8.06	8.25	7.89	7.98	5422681	43633404.00
20150923	7.91	8.20	7.81	8.06	5432460	43791992.00
20150924	8.02	8.17	7.98	8.07	3968184	31992584.00
20150925	8.05	8.08	7.67	7.67	5129773	40044632.00
20150928	7.66	7.99	7.66	7.89	3840600	30002752.00
20150929	7.80	8.28	7.69	7.97	4764510	38654504.00
20150930	8.00	8.18	7.83	8.02	2885138	23158050.00
20151008	8.35	8.35	8.10	8.16	3842593	31446992.00
20151009	8.11	8.24	8.08	8.18	4456784	36252152.00
20151012	8.12	8.54	8.12	8.43	6134072	51383648.00
20151013	8.34	8.73	8.34	8.66	6201123	52994656.00
20151014	8.58	8.70	8.41	8.41	4782052	40848120.00
20151015	8.35	8.69	8.35	8.62	4630558	39662040.00
20151016	8.74	9.05	8.60	9.05	7672094	67015280.00
20151019	9.10	9.23	8.91	9.08	6835441	61793208.00
20151020	9.12	9.13	9.01	9.10	3800334	34432700.00
20151021	9.09	9.56	8.65	8.68	9973648	90842368.00
20151022	8.79	9.04	8.70	9.01	5081044	45210480.00
20151023	9.01	9.40	9.01	9.29	5215832	48227392.00
20151026	9.32	9.39	9.18	9.29	5040345	46825160.00
20151027	9.27	9.72	9.21	9.60	7386494	70413816.00
20151028	9.52	9.90	9.43	9.50	6567573	63489736.00
20151029	9.55	9.70	9.42	9.61	3269617	31320278.00
20151030	9.61	9.74	9.42	9.67	3818235	36673948.00
20151102	10.01	10.15	9.82	10.15	4675784	47258240.00
20151103	10.60	10.60	10.00	10.05	8986636	92760216.00
20151104	9.97	10.30	9.88	10.21	5757864	58383372.00
20151105	10.20	10.40	10.15	10.20	4312011	44194944.00
20151106	10.15	10.50	10.15	10.36	3626905	37511424.00
20151109	10.21	10.66	10.21	10.54	5478391	57254600.00
20151110	10.42	10.95	10.42	10.88	5438379	58532744.00
20151111	10.88	11.42	10.88	11.42	2245824	25411964.00
20151112	11.99	11.99	11.73	11.99	9522865	113505920.00
20151215	12.59	12.59	11.39	11.39	6971349	82182384.00
20151216	11.16	11.96	11.16	11.96	11177655	130159256.00
20151217	12.38	12.56	12.10	12.56	3059114	38094788.00
20151218	13.19	13.19	12.13	12.21	17294648	220245296.00
20151221	12.02	12.82	12.02	12.82	6711728	84269424.00
20151222	13.00	13.46	12.70	13.44	11093232	146156928.00
20151223	13.35	13.40	12.80	12.93	7611145	99774272.00
20151224	13.10	13.10	12.47	12.79	3979343	50761744.00
20151225	12.79	13.24	12.79	13.07	4432116	57840008.00
20151228	13.00	13.07	12.42	12.42	6459437	81459568.00
20151229	12.45	12.99	11.95	12.63	8585306	107160160.00
20151230	12.71	13.26	12.69	13.26	9233189	121012128.00
20151231	13.37	13.92	13.35	13.58	9168187	126314984.00
20160104	13.76	13.76	12.90	12.90	5087700	66130456.00
20160105	12.26	12.43	12.26	12.26	7257987	89037512.00
20160106	12.39	12.49	11.65	11.92	8171068	97927536.00
20160107	11.56	11.70	11.32	11.32	1719950	19594836.00
20160108	11.19	11.46	10.75	10.75	9118236	98528704.00
20160111	10.40	10.85	10.21	10.21	5400608	55652204.00
20160112	9.73	10.08	9.70	9.70	2112300	20553976.00
20160113	9.23	9.68	9.22	9.22	6428603	59948632.00
20160114	8.76	9.27	8.76	9.26	5717767	50713528.00
20160115	9.06	9.55	8.80	8.80	5506008	49916888.00
20160118	8.60	9.08	8.45	8.90	3483808	30857824.00
20160119	8.98	9.35	8.90	9.35	3549283	32674148.00
20160120	9.40	9.63	9.17	9.39	5480534	51790976.00
20160121	9.29	9.56	9.00	9.01	4198381	39189780.00
20160122	9.10	9.24	8.90	9.21	2723501	24693368.00
20160125	9.29	9.67	9.22	9.50	3813406	36256024.00
20160126	9.40	9.79	9.03	9.03	5667275	53072148.00
20160127	8.63	9.03	8.58	8.60	4612806	39765816.00
20160128	8.62	8.92	8.29	8.43	3836943	33228594.00
20160129	8.30	8.80	8.30	8.68	2745541	23694358.00
20160201	8.70	8.86	8.54	8.65	2790100	24361572.00
20160202	8.70	8.93	8.70	8.90	2612399	23161440.00
20160203	8.77	9.03	8.71	9.01	2472241	22014880.00
20160204	9.03	9.30	9.00	9.19	3266055	30008260.00
20160205	9.30	9.45	9.21	9.27	3040158	28294640.00
20160215	8.89	9.12	8.81	9.05	2772151	24745480.00
20160216	9.29	9.50	9.09	9.50	4060669	37948440.00
20160217	9.45	9.70	9.36	9.51	3574679	34117920.00
20160218	9.61	9.67	9.44	9.52	2977762	28412392.00
20160219	9.51	9.66	9.44	9.56	2731609	26084332.00
20160222	9.63	9.93	9.63	9.69	3806928	37177080.00
20160223	9.73	9.84	9.65	9.77	3216705	31339808.00
20160224	9.80	10.25	9.69	10.23	3892876	38451188.00
20160225	10.20	10.25	9.72	9.72	4396501	43659996.00
20160226	9.40	9.55	9.23	9.30	5157945	47889768.00
20160229	9.18	9.29	8.84	8.84	2605996	23130612.00
20160301	8.77	9.04	8.40	8.95	3434468	29756436.00
20160302	8.91	9.39	8.91	9.32	3248772	29867868.00
20160303	9.32	9.48	9.27	9.29	2749519	25699780.00
20160304	9.29	9.54	8.83	9.00	3293111	30125802.00
20160307	9.06	9.40	9.06	9.22	1510828	13952676.00
20160308	9.27	9.54	8.90	9.52	3193171	29562588.00
20160309	9.33	9.75	9.27	9.66	3753078	35711808.00
20160310	9.60	9.75	9.36	9.38	2071000	19829676.00
20160311	9.32	9.55	9.21	9.40	3300882	30965674.00
20160314	9.47	9.81	9.46	9.65	3618684	34808292.00
20160315	9.65	9.78	9.56	9.60	2735124	26395848.00
20160316	9.73	9.96	9.56	9.64	2970900	28835182.00
20160317	9.65	9.95	9.64	9.94	3502986	34349180.00
20160318	9.99	10.44	9.91	10.37	4796481	48874932.00
20160321	10.46	10.83	10.35	10.77	4564150	48408648.00
20160322	10.67	10.94	10.57	10.64	4579088	49212264.00
20160323	10.79	11.06	10.54	11.04	4516046	49252160.00
20160324	10.88	11.32	10.85	11.06	4629114	51393904.00
20160325	11.05	11.33	10.91	11.23	6644857	74058976.00
20160715	10.67	10.67	10.67	10.67	1209200	12902164.00
20160718	10.14	10.42	10.14	10.14	8909300	90523264.00
20160719	10.01	10.58	10.00	10.27	5758800	59372080.00
20160720	10.21	10.58	10.20	10.49	2444700	25531696.00
20160721	10.45	10.58	10.28	10.31	2237300	23211160.00
20160722	10.31	10.34	10.15	10.15	2364000	24169676.00
20160725	10.19	10.20	9.80	9.89	4245700	42501260.00
20160726	9.96	10.38	9.89	10.38	2296800	23533428.00
20160727	10.61	10.69	10.02	10.23	5087810	52761656.00
20160728	10.28	10.65	10.23	10.44	3006440	31378244.00
20160729	10.39	10.50	10.25	10.30	1762309	18193348.00
20160801	10.36	10.36	9.79	9.89	4547634	45144816.00
20160802	9.98	10.00	9.81	9.97	1753653	17406972.00
20160803	9.97	10.05	9.93	10.04	1092870	10929325.00
20160804	10.07	10.37	9.99	10.23	2268903	23107896.00
20160805	10.23	10.36	10.11	10.16	1426501	14574150.00
20160808	10.17	10.32	10.03	10.19	1967801	20019984.00
20160809	10.15	10.34	10.15	10.31	1428600	14675663.00
20160810	10.33	10.40	10.27	10.33	1427700	14738985.00
20160811	10.28	10.38	10.23	10.28	1268300	13017787.00
20160812	10.27	10.36	10.22	10.35	1208703	12430697.00
20160815	10.33	10.47	10.31	10.44	1853769	19295336.00
20160816	10.44	10.44	10.20	10.35	1890590	19511976.00
20160817	10.30	10.41	10.28	10.36	1436116	14829899.00
20160818	10.30	10.40	10.28	10.36	1482801	15281779.00
20160819	10.38	10.88	10.30	10.79	4340209	46148816.00
20160822	10.74	10.89	10.51	10.59	2128000	22590386.00
20160823	10.59	10.76	10.52	10.64	1442400	15278566.00
20160824	10.62	10.99	10.60	10.81	2460000	26589306.00
20160825	10.80	10.80	10.56	10.64	2012200	21419340.00
20160826	10.57	10.81	10.57	10.72	1202100	12889247.00
20160829	10.79	10.79	10.63	10.74	1222030	13070756.00
20160830	10.77	10.96	10.71	10.89	1958202	21264130.00
20160831	10.90	11.43	10.86	11.43	7619883	86465216.00
20160901	11.42	11.50	11.32	11.33	3326030	37961624.00
20160902	11.33	11.88	11.33	11.79	3791565	44129484.00
20160905	11.79	11.89	11.69	11.85	2062296	24299092.00
20160906	11.84	12.16	11.75	12.06	2302375	27564876.00
20160907	12.07	12.08	11.85	11.88	2344360	28035492.00
20160908	11.89	11.94	11.68	11.69	2239700	26372136.00
20160909	11.70	11.99	11.65	11.80	1414200	16704905.00
20160912	11.30	11.58	11.21	11.21	2845539	32264140.00
20160913	11.29	11.33	11.00	11.29	1974642	22216170.00
20160914	11.16	11.49	11.15	11.29	2177400	24615332.00
20160919	11.30	11.59	11.25	11.54	2291580	26164264.00
20160920	11.60	11.61	11.45	11.47	1206300	13907145.00
20160921	11.50	11.53	11.38	11.47	1385010	15849746.00
20160922	11.55	11.66	11.47	11.54	1767398	20456920.00
20160923	11.53	11.56	11.48	11.54	1678500	19342902.00
20160926	11.53	11.53	10.96	11.00	3403280	38199604.00
20160927	10.90	10.98	10.73	10.98	3084029	33426620.00
20160928	10.89	11.06	10.89	11.01	1368800	15037735.00
20160929	11.01	11.32	11.01	11.26	1881372	21091890.00
20160930	11.24	11.48	11.21	11.45	1854312	21107222.00
20161010	11.46	11.57	11.31	11.43	3552797	40483036.00
20161011	11.43	11.47	11.37	11.45	1993770	22753306.00
20161012	11.46	11.46	11.13	11.18	3881346	43551324.00
20161013	11.17	11.23	11.00	11.17	2218323	24712624.00
20161014	11.11	11.22	11.03	11.20	1365879	15187052.00
20161017	11.20	11.26	10.96	10.97	2092742	23238692.00
20161018	11.00	11.17	10.96	11.12	2311662	25500574.00
20161019	11.15	11.18	11.06	11.10	1628732	18114142.00
20161020	11.10	11.26	11.07	11.20	1794600	19961944.00
20161021	11.14	11.14	10.85	11.00	2473869	27224960.00
20161024	11.00	11.12	10.97	11.03	1168841	12941238.00
20161025	11.03	11.23	11.00	11.17	1883121	20998526.00
20161026	11.17	11.36	11.13	11.26	2699893	30405060.00
20161027	11.23	11.33	11.18	11.21	1930500	21722362.00
20161028	11.23	11.37	11.20	11.35	2825394	31936196.00
20161031	11.30	11.38	11.09	11.16	2612334	29246672.00
20161101	11.10	11.32	11.10	11.30	1974200	22176064.00
20161102	11.28	11.41	11.22	11.30	2667800	30227080.00
20161103	11.25	11.39	11.18	11.31	2610542	29530096.00
20161104	11.32	11.36	11.20	11.31	2008000	22658770.00
20161107	11.26	11.29	11.19	11.25	2182450	24501508.00
20161108	11.28	11.28	11.19	11.24	2278400	25563388.00
20161109	11.22	11.26	11.07	11.20	2654638	29731440.00
20161110	11.20	11.49	11.20	11.39	3700952	42145432.00
20161111	11.46	11.47	11.30	11.39	2167900	24652676.00
20161114	11.33	11.59	11.33	11.58	4077924	46708488.00
20161115	11.56	11.69	11.51	11.61	2554000	29604782.00
20161116	11.61	11.70	11.50	11.53	2542800	29456232.00
20161117	11.51	11.51	11.37	11.42	2576900	29423440.00
20161118	11.42	11.54	11.36	11.44	2429400	27823120.00
20161121	11.40	11.46	11.36	11.41	2178300	24815204.00
20161122	11.40	11.45	11.36	11.42	2505473	28538596.00
20161123	11.45	11.45	11.29	11.33	2599724	29515464.00
20161124	11.33	11.34	11.02	11.07	3617700	40467660.00
20161125	11.03	11.34	10.91	11.26	3107300	34556088.00
20161128	11.25	11.31	11.17	11.22	2103500	23653756.00
20161129	11.17	11.24	11.08	11.10	1948600	21747078.00
20161130	11.06	11.25	11.01	11.16	1944300	21687266.00
20161201	11.28	11.30	11.15	11.20	1663721	18642578.00
20161202	11.26	11.76	11.20	11.74	11313524	132181744.00
20161205	11.53	11.75	11.43	11.60	4783800	55362316.00
20161206	11.60	12.18	11.57	11.76	7850200	93794432.00
20161207	11.86	11.98	11.67	11.89	4018100	47647208.00
20161208	11.95	12.38	11.85	12.22	5116300	62009112.00
20161209	12.20	12.75	12.13	12.28	6078800	75609320.00
20161212	12.15	12.50	11.67	11.67	6149460	73204344.00
20161213	11.63	12.02	11.44	11.80	4270559	50132676.00
20161214	11.81	12.32	11.80	12.08	5393993	65316192.00
20161215	12.06	12.58	12.01	12.42	4335403	53567204.00
20161216	12.48	12.70	12.31	12.35	3484258	43373612.00
20161219	12.47	12.65	12.28	12.53	2904581	36250752.00
20161220	12.61	12.61	12.05	12.17	4334803	53212336.00
20161221	12.19	12.47	12.13	12.32	2141913	26351160.00
20161222	12.34	12.34	12.00	12.01	2610165	31658968.00
20161223	12.01	12.08	11.86	11.98	2006160	23936222.00
20161226	11.88	12.11	11.66	12.08	2398859	28505096.00
20161227	12.07	12.32	12.00	12.21	2266578	27581830.00
20161228	12.27	12.29	12.03	12.08	1821700	22130622.00
20161229	12.15	12.17	11.85	11.91	2285400	27431446.00
20161230	11.97	12.12	11.88	12.01	1902200	22761282.00
20170103	12.06	12.06	11.79	11.85	3127536	37175256.00
20170104	11.82	11.94	11.77	11.90	1384541	16469497.00
20170105	11.90	11.91	11.73	11.74	3179500	37485468.00
20170106	11.70	11.80	11.67	11.77	1672600	19590640.00
20170109	11.77	11.77	11.65	11.75	1493530	17477256.00
20170110	11.75	12.04	11.68	11.91	2439899	29054896.00
20170111	11.94	12.07	11.80	12.00	2909967	34720984.00
20170112	12.00	12.03	11.60	11.68	2218863	26325172.00
20170113	11.65	11.69	11.37	11.40	2770832	31909206.00
20170116	11.47	11.47	10.83	10.83	4753300	51623484.00
20170117	10.65	10.70	10.29	10.51	5857268	60885844.00
20170118	10.51	10.59	10.36	10.48	1496840	15719792.00
20170119	10.33	10.41	10.06	10.32	1552989	16018150.00
20170120	10.30	10.56	10.30	10.50	1099381	11507210.00
20170123	10.50	10.82	10.50	10.59	1677176	17860366.00
20170124	10.68	10.71	10.58	10.63	1125511	11967895.00
20170125	10.60	10.75	10.53	10.65	912397	9710439.00
20170126	10.62	10.74	10.62	10.71	885400	9462693.00
20170203	10.17	10.17	10.17	10.17	973900	9904563.00
20170206	9.66	9.66	9.66	9.66	1605600	15510096.00
20170207	9.19	9.38	9.18	9.20	32192675	295867680.00
20170208	9.17	9.24	9.14	9.21	12268498	112766264.00
20170209	9.21	9.28	9.18	9.23	9775235	90186016.00
20170210	9.23	9.24	8.77	8.77	25436139	226870448.00
20170213	8.46	8.64	8.33	8.58	23413554	198284080.00
20170214	8.59	8.76	8.55	8.61	11673932	100908624.00
20170215	8.57	8.66	8.50	8.62	8171133	70096368.00
20170216	8.57	8.92	8.56	8.77	10392804	90810960.00
20170217	8.77	9.04	8.77	8.95	12070055	107458464.00
20170220	8.91	8.96	8.81	8.93	7073700	62809664.00
20170221	8.88	8.95	8.84	8.85	6794564	60416192.00
20170222	8.86	8.94	8.83	8.90	5423284	48159784.00
20170223	8.92	8.92	8.74	8.80	6544701	57589552.00
20170224	8.78	8.95	8.76	8.90	5996500	53054664.00
20170227	8.89	9.07	8.86	8.98	8048700	72523688.00
20170228	9.00	9.13	8.96	9.03	6533747	59059704.00
20170301	9.05	9.48	9.03	9.36	15637546	145484240.00
20170302	9.38	9.47	9.23	9.38	10403332	97291632.00
20170303	9.35	9.81	9.28	9.71	11067130	106364920.00
20170306	9.79	9.97	9.61	9.90	12669835	123945488.00
20170307	9.87	9.88	9.66	9.77	11696500	114043576.00
20170308	9.70	9.92	9.70	9.83	7416468	72716328.00
20170309	9.84	9.84	9.50	9.65	10600169	102125184.00
20170310	9.60	9.62	9.33	9.50	8734690	82648960.00
20170313	9.10	9.23	9.03	9.03	10547612	95438368.00
20170314	8.96	9.18	8.83	9.01	11792783	106603384.00
20170315	9.00	9.07	8.86	8.87	7858765	70280416.00
20170316	8.90	9.08	8.81	9.04	11401398	101656944.00
20170317	9.01	9.17	8.98	9.01	8813268	79928800.00
20170320	9.00	9.07	8.90	9.03	7418000	66678160.00
20170321	9.07	9.12	9.01	9.07	5491700	49742664.00
20170322	9.02	9.03	8.87	8.93	5768945	51560652.00
20170323	8.94	8.95	8.50	8.72	8774962	76924584.00
20170324	8.69	8.74	8.59	8.68	5242600	45341036.00
20170327	8.66	8.73	8.62	8.70	4245946	36870148.00
20170328	8.72	8.95	8.68	8.90	4858176	42893008.00
20170329	8.88	8.98	8.77	8.81	4636203	41124856.00
20170330	8.73	8.78	8.37	8.39	8514300	72197576.00
20170331	8.37	8.47	8.37	8.41	3331100	28009088.00
20170405	8.41	8.53	8.35	8.52	4885264	41294260.00
20170406	8.48	8.56	8.45	8.50	3489843	29711220.00
20170407	8.50	8.51	8.41	8.45	3892226	32874368.00
20170410	8.48	8.49	8.03	8.03	10581389	86619096.00
20170411	8.00	8.03	7.69	7.92	10963100	85842520.00
20170412	7.86	8.00	7.82	7.84	5208500	41194360.00
20170413	7.80	7.94	7.75	7.90	3664323	28901000.00
20170414	7.90	7.96	7.80	7.92	4136338	32675236.00
20170417	7.86	7.86	7.52	7.52	6791400	51662892.00
20170418	7.51	7.58	7.20	7.22	5006866	36979240.00
20170419	7.15	7.26	7.01	7.15	5081898	36075696.00
20170420	7.13	7.21	7.09	7.15	2510755	17953044.00
20170421	7.16	7.51	7.12	7.51	6761640	50280840.00
20170424	7.40	7.49	7.13	7.13	6579900	47392540.00
20170425	7.10	7.18	7.03	7.14	2966700	21123474.00
20170426	7.15	7.21	7.10	7.15	3076100	22008408.00
20170427	7.14	7.19	6.85	7.17	4651000	32847840.00
20170428	7.19	7.45	7.18	7.42	3527844	25853580.00
20170502	7.40	7.62	7.35	7.50	3771400	28248108.00
20170503	7.45	7.56	7.45	7.52	2954746	22193256.00
20170504	7.52	7.55	7.41	7.45	2234900	16733762.00
20170505	7.46	7.46	7.18	7.19	3382600	24831948.00
20170508	7.10	7.19	7.01	7.04	2840000	20200224.00
20170509	7.02	7.14	6.90	7.08	2485600	17458306.00
20170510	7.10	7.43	7.02	7.04	5543100	40222320.00
20170511	7.00	7.07	6.69	6.86	5792400	39680120.00
20170512	6.86	7.13	6.83	7.04	3222595	22592898.00
20170515	7.05	7.19	6.97	7.11	3310982	23425324.00
20170516	7.07	7.21	6.95	7.19	3946961	28017492.00
20170517	7.17	7.34	7.15	7.21	3753887	27166364.00
20170518	7.11	7.35	7.10	7.22	3970500	28741530.00
20170519	7.36	7.36	7.16	7.24	2213073	16044695.00
20170522	7.25	7.25	6.96	7.02	2874912	20422350.00
20170523	7.02	7.04	6.76	6.81	3426400	23678492.00
20170524	6.70	6.75	6.47	6.68	3660500	24154892.00
20170525	6.66	6.79	6.61	6.78	2135000	14314208.00
20170526	6.75	6.87	6.73	6.82	1860600	12625649.00
20170531	6.87	6.92	6.74	6.77	2120800	14506163.00
20170601	6.74	6.80	6.43	6.43	3440500	22716708.00
20170602	6.43	6.45	6.11	6.39	4915138	30781550.00
20170605	6.40	6.64	6.37	6.48	2718359	17638992.00
20170606	6.50	6.54	6.45	6.52	1650042	10738660.00
20170607	6.48	6.73	6.46	6.67	2611871	17289804.00
20170608	6.65	6.76	6.64	6.67	2564597	17184608.00
20170609	6.65	6.74	6.62	6.68	2361903	15781824.00
20170612	6.63	6.66	6.35	6.35	3802100	24396592.00
20170613	6.32	6.48	6.20	6.46	2092811	13383694.00
20170614	6.46	6.50	6.36	6.43	2163023	13895928.00
20170615	6.42	6.61	6.42	6.56	2618609	17078900.00
20170616	6.55	6.70	6.54	6.60	1914474	12658164.00
20170619	6.62	6.71	6.59	6.68	2184971	14533969.00
20170620	6.69	6.74	6.62	6.65	1826497	12205464.00
20170621	6.65	6.66	6.57	6.62	1570071	10400444.00
20170622	6.62	6.78	6.57	6.58	3758671	25095494.00
20170623	6.61	6.64	6.44	6.63	2375468	15509329.00
20170626	6.61	6.69	6.58	6.69	1840288	12237333.00
20170627	6.69	6.84	6.64	6.74	2504379	16950404.00
20170628	6.66	6.70	6.55	6.59	2044621	13578254.00
20170629	6.63	6.68	6.58	6.68	1412048	9376269.00
20170630	6.66	6.71	6.61	6.65	1765888	11762814.00
20170703	6.65	6.82	6.65	6.74	2451288	16582636.00
20170704	6.76	6.82	6.73	6.78	1540884	10424683.00
20170705	6.80	6.87	6.75	6.86	2197800	15013567.00
20170706	6.81	7.06	6.81	7.02	4267824	29708022.00
20170707	7.01	7.02	6.93	6.98	1998300	13944366.00
20170710	6.95	7.16	6.93	7.14	3506736	24810572.00
20170711	7.08	7.20	7.08	7.13	2959303	21127572.00
数据来源:通达信
