600054 黄山旅游 日线 前复权
      日期	    开盘	    最高	    最低	    收盘	    成交量	    成交额
20111010	10.24	10.24	9.58	9.90	2169939	33880080.00
20111011	10.14	10.14	9.68	9.92	1740406	27165104.00
20111012	9.92	10.38	9.78	10.20	1619850	25859448.00
20111013	10.30	10.47	10.12	10.34	1501058	24459618.00
20111014	10.34	10.36	10.10	10.28	616833	9900858.00
20111017	10.32	10.35	10.20	10.26	615490	9953182.00
20111018	10.22	10.22	10.03	10.03	594847	9466939.00
20111019	10.05	10.25	10.04	10.10	714702	11403202.00
20111020	10.04	10.10	9.75	10.00	428321	6646004.00
20111021	9.97	10.16	9.78	9.90	494865	7771836.00
20111024	9.94	10.12	9.89	10.06	508288	8009885.00
20111025	10.11	10.44	10.04	10.40	1047799	16887756.00
20111026	10.31	10.62	10.26	10.56	1408639	23100064.00
20111027	10.53	10.71	10.51	10.66	1131697	18878756.00
20111028	10.78	10.91	10.38	10.73	3451721	57672616.00
20111031	10.73	10.73	10.50	10.57	1558712	25892002.00
20111101	10.48	10.78	10.40	10.60	1703372	28330904.00
20111102	10.44	10.98	10.44	10.90	2345592	39652580.00
20111103	10.90	11.04	10.80	10.82	1708345	29215264.00
20111104	10.90	11.08	10.74	10.95	2008573	34394144.00
20111107	10.98	10.98	10.78	10.78	427805	7261810.00
20111108	10.81	10.83	10.51	10.59	963107	16074855.00
20111109	10.65	11.03	10.54	10.98	1612423	27189496.00
20111110	10.84	11.18	10.78	11.04	2146522	37049708.00
20111111	11.03	11.42	10.91	11.11	2218445	38899432.00
20111114	11.09	11.21	11.05	11.20	1420941	24796132.00
20111115	11.16	11.38	11.05	11.24	1135919	19943624.00
20111116	11.24	11.37	10.76	10.83	1002817	17320264.00
20111117	10.81	11.02	10.81	10.84	493736	8424335.00
20111118	10.80	10.82	10.52	10.64	525070	8761441.00
20111121	10.60	10.76	10.60	10.72	272136	4561600.00
20111122	10.61	11.06	10.61	11.06	1537765	26266852.00
20111123	11.14	11.36	11.12	11.26	2459578	43357380.00
20111124	11.21	11.36	11.06	11.29	942159	16559599.00
20111125	11.28	11.29	10.98	11.01	613157	10669653.00
20111128	11.10	11.10	10.84	10.94	471869	8096221.00
20111129	11.04	11.10	10.94	11.03	1389298	23961298.00
20111130	10.96	11.06	10.29	10.40	1125668	18786286.00
20111201	10.65	10.81	10.38	10.43	2310571	38319820.00
20111202	10.44	10.50	9.96	10.00	1715878	27503888.00
20111205	9.95	10.08	9.84	9.85	2242785	35067144.00
20111206	9.91	9.94	9.57	9.81	2998400	45831932.00
20111207	9.77	9.91	9.74	9.84	1333164	20653368.00
20111208	9.78	9.88	9.58	9.84	1916140	29471556.00
20111209	9.74	9.88	9.63	9.69	990614	15175629.00
20111212	9.68	9.76	9.38	9.40	1941743	29243032.00
20111213	9.31	9.32	9.12	9.29	1194923	17464428.00
20111214	9.24	9.38	9.23	9.31	1237453	18187100.00
20111215	9.30	9.50	9.13	9.41	934902	13776521.00
20111216	9.33	9.62	9.32	9.60	1029478	15395739.00
20111219	9.58	9.70	9.42	9.62	1064173	16024266.00
20111220	9.58	9.69	9.39	9.41	1011100	15216512.00
20111221	9.45	9.52	9.22	9.22	784972	11657471.00
20111222	9.18	9.21	8.91	9.01	862710	12358460.00
20111223	9.02	9.28	8.96	9.10	1077202	15548088.00
20111226	9.14	9.38	9.10	9.18	1203959	17571882.00
20111227	9.18	9.23	8.99	9.00	526941	7582473.00
20111228	8.98	9.03	8.86	8.98	1015980	14369014.00
20111229	8.96	9.35	8.94	9.21	976110	14236343.00
20111230	9.18	9.50	9.18	9.41	796391	11774433.00
20120104	9.50	9.74	9.26	9.42	2224298	33349352.00
20120105	9.36	9.47	9.05	9.18	781475	11481056.00
20120106	9.18	9.31	9.01	9.22	656204	9471185.00
20120109	9.36	9.46	9.22	9.45	2109050	31104756.00
20120110	9.46	9.74	9.39	9.69	2668642	40356656.00
20120111	9.69	9.78	9.56	9.60	2220034	33785016.00
20120112	9.61	9.65	9.51	9.55	1281120	19383204.00
20120113	9.55	9.62	9.15	9.25	1408469	20691428.00
20120116	9.22	9.25	9.01	9.02	1086825	15649125.00
20120117	9.04	9.41	9.04	9.36	2001777	29307986.00
20120118	9.34	9.43	8.83	8.98	2765181	40109784.00
20120119	8.97	9.31	8.96	9.28	1518359	22004968.00
20120120	9.24	9.71	9.24	9.50	2767373	41619552.00
20120130	9.48	9.62	9.38	9.42	1492785	22403432.00
20120131	9.34	9.49	9.34	9.47	465032	6914118.00
20120201	9.47	9.58	9.31	9.37	801974	11976191.00
20120202	9.43	9.74	9.32	9.63	1402146	21251544.00
20120203	9.58	9.87	9.56	9.78	1734719	26629256.00
20120206	9.78	9.86	9.64	9.74	1092527	16838764.00
20120207	9.74	9.74	9.50	9.57	1290200	19486146.00
20120208	9.56	9.82	9.52	9.71	1058939	16213952.00
20120209	9.71	9.88	9.66	9.75	1319817	20340272.00
20120210	9.74	9.84	9.64	9.79	1849140	28453860.00
20120213	9.74	9.84	9.66	9.78	660676	10162087.00
20120214	9.71	9.91	9.71	9.80	1052315	16286005.00
20120215	9.81	9.98	9.79	9.92	835485	13010523.00
20120216	9.88	10.12	9.86	9.96	1260442	19831380.00
20120217	10.18	10.36	10.02	10.04	3871901	61949580.00
20120220	10.12	10.21	9.90	9.96	1526245	23989550.00
20120221	9.85	10.18	9.84	10.08	1301520	20506884.00
20120222	10.08	10.14	9.93	10.14	1923327	30410282.00
20120223	10.07	10.16	10.01	10.08	1354407	21485304.00
20120224	10.06	10.27	9.98	10.22	2421402	38483864.00
20120227	10.22	10.32	10.16	10.17	2674181	42969996.00
20120228	10.13	10.30	10.08	10.11	1197575	19096236.00
20120229	10.14	10.41	10.09	10.18	2384910	38468752.00
20120301	10.15	10.36	10.13	10.28	1457629	23522448.00
20120302	10.29	10.48	10.24	10.42	2487050	40544620.00
20120305	10.43	10.48	10.28	10.34	1923011	31286512.00
20120306	10.34	10.42	10.18	10.34	2022332	32801012.00
20120307	10.24	10.61	10.17	10.38	2499131	41003340.00
20120308	10.34	10.46	10.32	10.42	1024273	16745757.00
20120309	10.55	10.61	10.40	10.55	1628457	26903392.00
20120312	10.55	10.72	10.51	10.70	2836490	47336120.00
20120313	10.67	10.82	10.58	10.74	1525498	25603576.00
20120314	10.81	10.84	10.28	10.34	2481296	41184260.00
20120315	10.34	10.44	10.22	10.36	1247570	20263544.00
20120316	10.41	10.74	10.36	10.68	3183776	52741800.00
20120319	10.68	11.16	10.64	10.92	4642184	79740336.00
20120320	10.84	10.89	10.61	10.65	2165109	36337884.00
20120321	10.68	10.73	10.44	10.65	1489483	24706472.00
20120322	10.63	10.65	10.36	10.44	1968767	32332640.00
20120323	10.38	10.44	10.24	10.30	1872302	30347236.00
20120326	10.29	10.40	10.25	10.37	1177593	19130820.00
20120327	10.40	10.48	10.28	10.34	1262453	20589412.00
20120328	10.26	10.26	9.91	9.98	2097545	33200500.00
20120329	9.96	10.08	9.78	9.82	988584	15397666.00
20120330	9.94	10.10	9.76	10.07	1107284	17219108.00
20120405	10.06	10.34	9.98	10.31	1344358	21574132.00
20120406	10.32	10.42	10.18	10.30	1245835	20236912.00
20120409	10.30	10.39	10.12	10.14	1298564	20923766.00
20120410	10.08	10.11	9.81	10.05	2870436	45019800.00
20120411	9.92	10.03	9.83	9.87	3835979	59823740.00
20120412	9.92	10.22	9.88	10.15	4578873	72425720.00
20120413	10.18	10.33	10.08	10.26	3461229	55612672.00
20120416	10.18	10.41	10.14	10.31	3026405	49116724.00
20120417	10.32	10.39	10.16	10.18	1961422	31595968.00
20120418	10.30	10.54	10.23	10.51	4542102	74385040.00
20120419	10.46	10.48	10.35	10.44	3134746	51239940.00
20120420	10.43	10.46	10.28	10.45	3270989	53313636.00
20120423	10.46	10.57	10.38	10.40	3869296	63640140.00
20120424	10.31	10.42	9.72	10.04	5873278	92670800.00
20120425	10.04	10.20	9.86	10.16	3800017	59764848.00
20120426	10.04	10.06	9.83	9.86	6203815	97111120.00
20120427	9.87	9.94	9.53	9.64	3522241	53778980.00
20120502	9.70	9.81	9.60	9.75	3324701	50766720.00
20120503	9.71	9.71	9.60	9.66	2133694	32489484.00
20120504	9.66	9.76	9.66	9.74	1720545	26349640.00
20120507	9.70	9.77	9.63	9.76	1679587	25641960.00
20120508	9.80	9.80	9.66	9.73	1577248	24157352.00
20120509	9.69	9.72	9.57	9.58	1607631	24423732.00
20120510	9.60	9.64	9.53	9.60	1151245	17409762.00
20120511	9.60	9.66	9.58	9.60	999029	15151255.00
20120514	9.64	9.72	9.58	9.64	1092999	16616758.00
20120515	9.58	9.60	9.32	9.44	1713525	25489340.00
20120516	9.44	9.47	9.31	9.31	857439	12688211.00
20120517	9.31	9.44	9.31	9.43	766071	11362530.00
20120518	9.38	9.40	9.18	9.22	812256	11944699.00
20120521	9.31	9.31	9.18	9.25	555764	8120211.00
20120522	9.28	9.42	9.28	9.42	693952	10281520.00
20120523	9.42	9.46	9.35	9.43	644553	9565161.00
20120524	9.42	9.42	9.25	9.28	683944	10101393.00
20120525	9.34	9.34	9.16	9.18	658232	9593683.00
20120528	9.18	9.18	9.04	9.17	1877560	27041680.00
20120529	9.16	9.36	9.11	9.30	2428930	35494008.00
20120530	9.29	9.34	9.24	9.32	1332160	19565458.00
20120531	9.26	9.42	9.21	9.41	1245077	18371060.00
20120601	9.41	9.44	9.32	9.37	998088	14780658.00
20120604	9.23	9.23	9.04	9.10	2389788	34518260.00
20120605	9.16	9.18	9.01	9.07	1165283	16736712.00
20120606	9.11	9.12	9.03	9.06	865111	12416552.00
20120607	9.15	9.16	9.00	9.04	694482	9963013.00
20120608	9.08	9.13	9.02	9.05	665546	9539536.00
20120611	9.06	9.18	9.02	9.18	1018186	14660786.00
20120612	9.14	9.14	9.00	9.09	1213709	17370676.00
20120613	9.09	9.30	9.04	9.26	1828680	26567144.00
20120614	9.24	9.34	9.21	9.22	1416838	20751312.00
20120618	9.34	9.43	9.25	9.38	2144767	31699208.00
20120619	9.35	9.39	9.26	9.32	918913	13506743.00
20120620	9.32	9.34	9.26	9.26	553718	8123772.00
20120621	9.26	9.29	9.18	9.28	1283169	18737950.00
20120625	9.27	9.30	9.02	9.07	929498	13450399.00
20120626	9.01	9.15	8.96	9.13	1051874	15057552.00
20120627	9.13	9.24	9.06	9.10	683640	9867021.00
20120628	9.08	9.13	9.01	9.01	572331	8211186.00
20120629	9.01	9.50	8.99	9.46	3594919	53010240.00
20120702	9.44	9.71	9.44	9.62	4284869	64943144.00
20120703	9.62	9.71	9.56	9.62	1794329	27253504.00
20120704	9.59	9.62	9.46	9.49	1070569	16067261.00
20120705	9.43	9.48	9.31	9.39	1226880	18195180.00
20120706	9.40	9.68	9.38	9.66	2017849	30293168.00
20120709	9.62	9.83	9.52	9.54	3377698	51670156.00
20120710	9.53	9.53	9.25	9.45	2061351	30446340.00
20120711	9.39	9.50	9.30	9.49	1258122	18623980.00
20120712	9.48	9.73	9.43	9.70	2983482	45283520.00
20120713	9.67	9.69	9.54	9.65	1227851	18608084.00
20120716	9.62	9.74	9.32	9.32	1658721	24977780.00
20120717	9.31	9.31	8.99	9.19	2207356	31721804.00
20120718	9.18	9.18	8.94	9.15	1092365	15614551.00
20120719	9.10	9.28	9.05	9.20	899436	13051067.00
20120720	9.21	9.24	9.05	9.11	814031	11747270.00
20120723	9.11	9.11	8.92	9.00	597282	8489984.00
20120724	8.98	9.17	8.92	9.14	523490	7518074.00
20120725	9.06	9.14	9.00	9.01	384754	5505831.00
20120726	9.12	9.17	8.99	9.04	608310	8749801.00
20120727	9.12	9.12	8.96	9.00	455771	6429482.00
20120730	8.99	9.02	8.86	8.90	494393	6929885.00
20120731	8.90	8.92	8.70	8.79	704696	9689612.00
20120801	8.78	8.88	8.74	8.87	515411	7145623.00
20120802	8.87	8.87	8.75	8.80	449109	6196500.00
20120803	8.84	8.96	8.84	8.95	654649	9131221.00
20120806	8.87	9.08	8.87	9.06	880228	12431136.00
20120807	9.06	9.14	9.03	9.11	1000119	14221489.00
20120808	9.01	9.12	8.96	9.03	362180	5126126.00
20120809	9.02	9.11	8.97	9.10	1076548	15247409.00
20120810	9.08	9.11	9.00	9.04	615960	8721121.00
20120813	9.00	9.20	8.98	9.06	1909399	27194302.00
20120814	9.04	9.24	9.00	9.20	1406636	20016488.00
20120815	9.14	9.19	9.06	9.10	571208	8135384.00
20120816	9.08	9.11	8.94	8.96	817480	11590607.00
20120817	8.93	8.95	8.83	8.94	859395	12001575.00
20120820	8.88	8.98	8.84	8.94	473744	6625406.00
20120821	8.94	9.04	8.93	9.01	995920	14027054.00
20120822	9.03	9.06	8.87	8.89	813631	11421964.00
20120823	8.88	8.94	8.83	8.92	1219346	16963844.00
20120824	8.87	8.90	8.80	8.85	696704	9667217.00
20120827	8.84	8.85	8.54	8.54	1260279	17153268.00
20120828	8.54	8.60	8.48	8.54	985815	13191886.00
20120829	8.51	8.53	8.37	8.50	637096	8466164.00
20120830	8.44	8.50	8.27	8.32	1020818	13424718.00
20120831	8.32	8.37	8.22	8.36	1201711	15664966.00
20120903	8.35	8.64	8.34	8.54	1396925	18686444.00
20120904	8.57	8.79	8.54	8.68	2657577	36116260.00
20120905	8.66	8.72	8.60	8.70	1586879	21601666.00
20120906	8.70	8.84	8.65	8.80	1919461	26384792.00
20120907	8.86	9.08	8.76	9.00	2681737	37627444.00
20120910	9.01	9.03	8.92	8.99	1814026	25519526.00
20120911	8.94	9.06	8.90	8.99	1190279	16757266.00
20120912	9.06	9.10	8.92	8.97	1633285	22998460.00
20120913	8.99	9.26	8.99	9.05	5031188	72092048.00
20120914	9.12	9.14	8.92	9.09	2459565	34715636.00
20120917	9.10	9.18	8.86	8.89	2102757	29777346.00
20120918	8.80	8.97	8.70	8.80	1246883	17280834.00
20120919	8.80	9.08	8.80	9.00	3138850	44169788.00
20120920	9.00	9.04	8.79	8.80	1680320	23352452.00
20120921	8.80	8.86	8.38	8.40	2531168	34091708.00
20120924	8.38	8.38	8.03	8.20	2807418	36099924.00
20120925	8.17	8.30	8.08	8.12	1520461	19590508.00
20120926	8.13	8.18	8.01	8.04	1119799	14231507.00
20120927	8.04	8.23	7.92	8.18	1882198	24014414.00
20120928	8.14	8.32	8.11	8.32	1793102	23245188.00
20121008	8.54	8.78	8.34	8.36	4438809	59479036.00
20121009	8.33	8.53	8.33	8.44	2144826	28410238.00
20121010	8.42	8.45	8.32	8.43	1715043	22564962.00
20121011	8.43	8.43	8.20	8.20	1458770	19047018.00
20121012	8.22	8.30	8.00	8.06	1841328	23461292.00
20121015	8.04	8.15	7.96	8.15	1344923	16990524.00
20121016	8.14	8.16	8.04	8.11	671795	8579275.00
20121017	8.14	8.14	8.00	8.10	952008	12086535.00
20121018	8.13	8.20	8.09	8.20	1179678	15135892.00
20121019	8.20	8.23	8.13	8.15	1040934	13383022.00
20121022	8.14	8.20	8.08	8.16	748380	9589819.00
20121023	8.19	8.22	8.06	8.07	1101776	14068379.00
20121024	8.08	8.14	8.06	8.07	926261	11794585.00
20121025	8.07	8.10	7.93	7.94	1243407	15696965.00
20121026	7.94	8.00	7.66	8.00	2989638	36929648.00
20121029	7.95	8.00	7.87	7.92	1678010	20992158.00
20121030	7.92	7.92	7.72	7.88	1504558	18501150.00
20121031	7.82	7.84	7.73	7.80	1063802	13034524.00
20121101	7.79	7.91	7.79	7.90	1227563	15238870.00
20121102	7.88	7.92	7.83	7.90	685080	8509313.00
20121105	7.92	7.92	7.82	7.84	701970	8672815.00
20121106	7.85	7.85	7.70	7.77	808937	9899101.00
20121107	7.78	7.83	7.74	7.78	506418	6201831.00
20121108	7.70	7.75	7.65	7.65	760400	9231043.00
20121109	7.65	7.68	7.58	7.60	760969	9160777.00
20121112	7.60	7.66	7.60	7.63	378032	4545897.00
20121113	7.66	7.90	7.58	7.87	3572820	44006660.00
20121114	7.92	7.96	7.78	7.82	2965891	36857608.00
20121115	7.72	7.74	7.56	7.57	1195286	14433062.00
20121116	7.58	7.59	7.39	7.48	674141	7950577.00
20121119	7.43	7.50	7.34	7.40	599105	7018246.00
20121120	7.45	7.51	7.40	7.42	526413	6198576.00
20121121	7.42	7.53	7.38	7.52	568669	6717782.00
20121122	7.50	7.54	7.40	7.46	651552	7702035.00
20121123	7.47	7.55	7.44	7.46	521276	6181564.00
20121126	7.51	7.52	7.40	7.41	266181	3135403.00
20121127	7.41	7.43	7.22	7.23	512017	5906946.00
20121128	7.21	7.26	7.04	7.08	514972	5792030.00
20121129	7.12	7.14	6.96	6.97	551842	6142405.00
20121130	6.95	7.04	6.93	7.02	748093	8286143.00
20121203	7.00	7.04	6.86	6.86	512873	5651656.00
20121204	6.75	6.95	6.74	6.94	814384	8817055.00
20121205	6.84	7.24	6.84	7.11	1118882	12563251.00
20121206	7.10	7.16	7.02	7.02	609059	6816504.00
20121207	7.02	7.18	7.02	7.16	796371	8976178.00
20121210	7.19	7.36	7.14	7.32	1190816	13698033.00
20121211	7.36	7.36	7.24	7.24	655496	7554763.00
20121212	7.24	7.28	7.16	7.23	451132	5146752.00
20121213	7.26	7.34	7.23	7.24	823327	9488846.00
20121214	7.20	7.55	7.20	7.50	1716309	20134972.00
20121217	7.46	7.55	7.46	7.50	1104492	13081193.00
20121218	7.48	7.60	7.45	7.48	985072	11698823.00
20121219	7.52	7.55	7.43	7.49	713036	8427018.00
20121220	7.49	7.49	7.39	7.44	1090985	12803732.00
20121221	7.44	7.58	7.41	7.48	1145238	13548310.00
20121224	7.48	7.54	7.40	7.52	860686	10182447.00
20121225	7.53	7.80	7.42	7.78	2925166	35369056.00
20121226	7.84	7.96	7.76	7.82	4770329	58955124.00
20121227	7.82	7.85	7.74	7.76	1898673	23284562.00
20121228	7.74	7.91	7.72	7.90	2295273	28335458.00
20121231	7.89	8.03	7.85	7.99	2483450	30958904.00
20130104	7.99	8.02	7.78	7.82	1361874	16886060.00
20130107	7.80	7.86	7.75	7.86	1070097	13159658.00
20130108	7.83	8.16	7.77	8.10	4112266	52071920.00
20130109	8.04	8.13	7.96	8.06	1677539	21296712.00
20130110	8.06	8.12	8.02	8.08	1199782	15249994.00
20130111	8.19	8.29	7.94	7.97	2787103	35714920.00
20130114	7.92	8.19	7.90	8.14	3421453	43659504.00
20130115	8.15	8.31	8.12	8.26	2959532	38221856.00
20130116	8.24	8.26	8.05	8.18	1897182	24388924.00
20130117	8.19	8.24	8.07	8.10	1411062	18075510.00
20130118	8.10	8.47	7.99	8.28	3074180	39913384.00
20130121	8.32	8.42	8.23	8.37	3595853	46981468.00
20130122	8.37	8.37	8.11	8.18	2348171	30351852.00
20130123	8.20	8.21	8.04	8.17	1262524	16150600.00
20130124	8.15	8.27	7.85	7.93	2559417	32499532.00
20130125	7.94	7.98	7.86	7.86	1107610	13770993.00
20130128	7.86	8.34	7.86	8.32	4116244	53052728.00
20130129	8.38	8.64	8.28	8.51	7194745	95205200.00
20130130	8.53	9.15	8.39	9.11	9063528	124199440.00
20130131	8.94	9.44	8.94	9.24	8410340	121297664.00
20130201	9.22	9.22	8.94	9.13	3514486	49889216.00
20130204	9.17	9.40	8.81	8.86	6400038	90941400.00
20130205	8.86	9.00	8.74	8.96	3990509	55190832.00
20130206	8.96	8.96	8.82	8.92	1819522	25315070.00
20130207	8.90	8.90	8.72	8.84	3259213	44920224.00
20130208	8.88	8.94	8.77	8.92	4018200	55900596.00
20130218	8.98	8.98	8.79	8.86	2944975	40894688.00
20130219	8.92	8.96	8.64	8.67	4114289	56343952.00
20130220	8.65	8.76	8.61	8.72	2898026	39510948.00
20130221	8.68	8.70	8.42	8.48	2896625	38831664.00
20130222	8.44	8.58	8.41	8.54	2239834	29893240.00
20130225	8.55	8.67	8.54	8.62	1831860	24725728.00
20130226	8.62	8.62	8.38	8.39	2046942	27249662.00
20130227	8.40	8.66	7.60	8.42	3334103	43766480.00
20130228	8.40	8.51	8.30	8.50	2206996	29314700.00
20130301	8.49	8.57	8.34	8.56	3071957	40730876.00
20130304	8.46	8.53	8.28	8.32	2276427	30045664.00
20130305	8.30	8.51	8.30	8.50	1772822	23482636.00
20130306	8.52	8.70	8.48	8.70	3163546	42811480.00
20130307	8.69	8.84	8.60	8.82	4214284	57924548.00
20130308	8.86	8.90	8.74	8.84	3094012	42880824.00
20130311	8.80	9.04	8.68	9.04	3566522	49805424.00
20130312	9.02	9.14	8.80	9.02	4937182	69465552.00
20130313	9.02	9.02	8.67	8.80	2379060	32772188.00
20130314	8.77	8.90	8.70	8.88	1238065	17129980.00
20130315	8.86	9.12	8.76	9.10	5108684	72356880.00
20130318	9.09	9.18	8.88	8.90	3317727	47015940.00
20130319	8.91	8.93	8.71	8.84	1701433	23467806.00
20130320	8.86	9.20	8.80	9.08	3590264	50763968.00
20130321	9.07	9.20	9.02	9.17	4238544	60489996.00
20130322	9.14	9.15	9.02	9.11	1590586	22636372.00
20130325	9.09	9.20	9.03	9.05	1282189	18256896.00
20130326	9.04	9.16	8.84	9.15	2019444	28454924.00
20130327	9.14	9.18	8.89	8.96	1862206	26380820.00
20130328	8.90	8.90	8.57	8.59	2532292	34544892.00
20130329	8.58	8.70	8.54	8.62	951117	12858200.00
20130401	8.57	8.72	8.51	8.64	1443266	19577990.00
20130402	8.67	8.70	8.54	8.62	1360472	18394548.00
20130403	8.32	8.66	8.32	8.44	1021645	13549733.00
20130408	8.24	8.24	8.01	8.07	2308894	29336920.00
20130409	8.04	8.19	8.04	8.16	894178	11436624.00
20130410	8.16	8.26	8.06	8.15	909857	11622421.00
20130411	8.17	8.30	8.14	8.20	918403	11867643.00
20130412	8.18	8.22	8.08	8.10	565738	7249869.00
20130415	8.07	8.07	7.64	7.80	2187775	26742726.00
20130416	7.78	7.96	7.74	7.91	1173791	14479689.00
20130417	7.86	7.98	7.86	7.98	1177178	14707546.00
20130418	8.00	8.04	7.93	7.98	796324	10016829.00
20130419	8.04	8.32	7.98	8.27	1460426	18787776.00
20130422	8.17	8.44	8.14	8.40	1370287	17904066.00
20130423	8.44	8.44	8.18	8.29	1991042	25883834.00
20130424	8.28	8.43	8.24	8.41	1051380	13777928.00
20130425	8.41	8.60	8.41	8.53	2731101	36569984.00
20130426	8.40	8.40	7.72	7.87	4834727	60640252.00
20130502	7.88	7.88	7.40	7.68	3022610	36132836.00
20130503	7.59	7.70	7.57	7.68	2491725	29988982.00
20130506	7.66	7.73	7.58	7.72	2658447	32108252.00
20130507	7.69	7.70	7.58	7.68	1319505	15928292.00
20130508	7.70	7.75	7.58	7.62	3434787	41381144.00
20130509	7.63	7.68	7.59	7.66	2135171	25719980.00
20130510	7.65	7.76	7.60	7.74	2551931	30894824.00
20130513	7.75	7.98	7.72	7.95	3220526	39940152.00
20130514	7.88	7.94	7.74	7.87	1084913	13388719.00
20130515	7.86	7.88	7.78	7.86	1000025	12328326.00
20130516	7.85	7.94	7.79	7.92	1645817	20409712.00
20130517	7.92	8.13	7.84	8.00	2450495	30777458.00
20130520	7.98	8.07	7.95	7.96	2948095	37079828.00
20130521	7.98	8.00	7.88	7.96	1960555	24475440.00
20130522	7.95	8.02	7.88	8.00	1895804	23774206.00
20130523	7.98	7.98	7.72	7.78	2687895	33172536.00
20130524	7.75	7.96	7.75	7.88	2062683	25442602.00
20130527	7.88	7.91	7.84	7.89	1250801	15522399.00
20130528	7.90	8.06	7.86	8.03	2661964	33471172.00
20130529	8.04	8.18	7.96	8.15	3595367	45732064.00
20130530	8.10	8.14	8.02	8.06	2055375	26087002.00
20130531	8.08	8.16	8.02	8.04	2112272	26898700.00
20130603	8.04	8.16	7.97	7.99	1365775	17289620.00
20130604	7.99	8.06	7.86	7.90	1576734	19711934.00
20130605	7.90	8.05	7.88	7.93	598598	7482216.00
20130606	7.93	7.94	7.82	7.92	839661	10416283.00
20130607	7.81	7.93	7.67	7.76	992533	12147654.00
20130613	7.74	7.74	7.34	7.41	1284788	15137876.00
20130614	7.43	7.52	7.34	7.42	1712932	20030984.00
20130617	7.42	7.46	7.37	7.39	1985800	23268680.00
20130618	7.39	7.42	7.32	7.35	862431	10038898.00
20130619	7.35	7.36	7.16	7.28	2815335	32273836.00
20130620	7.23	7.24	6.97	6.98	1728234	19425866.00
20130621	6.94	6.97	6.84	6.96	946351	10351242.00
20130624	6.96	6.99	6.60	6.68	1390335	14987117.00
20130625	6.64	6.70	6.14	6.54	1822742	18660700.00
20130626	6.50	6.66	6.38	6.61	1049757	10850310.00
20130627	6.61	6.71	6.50	6.52	1316373	13762226.00
20130628	6.47	6.64	6.34	6.43	994771	10245081.00
20130701	6.42	6.58	6.37	6.53	774168	7968684.00
20130702	6.54	6.60	6.43	6.52	1139298	11770703.00
20130703	6.50	6.50	6.33	6.43	1289226	13121501.00
20130704	6.40	6.61	6.34	6.55	1707095	17660836.00
20130705	6.54	6.66	6.50	6.55	1451979	15213988.00
20130708	6.48	6.60	6.30	6.54	3412767	34775392.00
20130709	6.52	6.66	6.30	6.38	3274302	33508888.00
20130710	6.40	6.46	6.30	6.45	2598287	26369808.00
20130711	6.45	6.82	6.40	6.79	5171761	54476816.00
20130712	6.72	6.78	6.61	6.67	2701300	28670152.00
20130715	6.66	6.76	6.60	6.70	2510965	26588704.00
20130716	6.69	6.82	6.63	6.78	2221653	23707502.00
20130717	6.78	6.81	6.66	6.67	1888510	20208660.00
20130718	6.64	6.72	6.57	6.58	1199055	12593508.00
20130719	6.60	6.62	6.30	6.36	1837587	19024796.00
20130722	6.36	6.41	6.30	6.39	1351053	13657728.00
20130723	6.41	6.65	6.38	6.59	1874257	19431696.00
20130724	6.62	6.79	6.59	6.73	3968061	42177376.00
20130725	6.67	6.75	6.59	6.60	1364496	14388609.00
20130726	6.60	6.60	6.46	6.52	704386	7287681.00
20130729	6.52	6.57	6.41	6.47	745390	7652213.00
20130730	6.49	6.54	6.36	6.49	616721	6352224.00
20130731	6.58	6.58	6.48	6.49	566128	5858088.00
20130801	6.56	6.58	6.48	6.57	2059930	21351428.00
20130802	6.60	6.68	6.55	6.59	2834080	29715404.00
20130805	6.61	6.96	6.57	6.90	4357452	46839488.00
20130806	6.88	7.13	6.81	7.02	5425143	60425036.00
20130807	7.02	7.08	6.85	6.86	2496284	27386040.00
20130808	6.86	6.88	6.81	6.88	1982291	21464744.00
20130809	6.90	6.92	6.68	6.81	2557359	27491602.00
20130812	6.80	7.00	6.76	6.96	2973626	32278476.00
20130813	6.96	7.18	6.88	7.13	4686653	52077880.00
20130814	7.10	7.12	6.97	7.04	2581323	28796644.00
20130815	6.98	6.98	6.88	6.90	2604079	28559298.00
20130816	6.86	7.02	6.68	6.72	2860904	31044578.00
20130819	6.72	6.78	6.68	6.78	1434078	15317169.00
20130820	6.75	6.80	6.66	6.68	2695106	28757264.00
20130821	6.66	6.69	6.56	6.64	1441393	15121258.00
20130822	6.66	6.68	6.60	6.62	1153109	12124614.00
20130823	6.62	6.72	6.54	6.70	2645985	27857242.00
20130826	6.74	6.88	6.65	6.87	3202364	34386820.00
20130827	6.88	6.88	6.80	6.87	1838250	19897196.00
20130828	6.79	6.96	6.78	6.93	2732622	29724842.00
20130829	6.96	6.96	6.82	6.87	2130038	23191684.00
20130830	6.86	6.96	6.83	6.90	3492459	38091072.00
20130902	6.92	7.14	6.90	7.14	5667350	63141152.00
20130903	7.12	7.18	7.04	7.16	4618010	51853200.00
20130904	7.12	7.15	6.98	7.04	3314263	36899008.00
20130905	7.02	7.10	6.95	7.01	2482805	27562332.00
20130906	7.00	7.09	6.98	7.08	2555928	28486356.00
20130909	7.09	7.18	7.09	7.17	3722649	41957036.00
20130910	7.16	7.34	7.12	7.30	4577311	52483880.00
20130911	7.31	7.39	7.20	7.28	4288953	49204668.00
20130912	7.28	7.34	7.24	7.28	2618829	30122070.00
20130913	7.32	7.45	7.24	7.43	5950293	69213504.00
20130916	7.44	7.60	7.40	7.46	6030919	71305776.00
20130917	7.42	7.46	7.12	7.15	4028960	46193136.00
20130918	7.16	7.41	7.10	7.30	4192222	48026160.00
20130923	7.32	7.32	7.19	7.27	3462566	39600848.00
20130924	7.28	7.28	7.16	7.18	3241773	36848544.00
20130925	7.15	7.15	6.94	6.97	4815210	53397316.00
20130926	6.95	6.99	6.82	6.86	2998608	32756006.00
20130927	6.87	6.98	6.87	6.92	2112096	23152056.00
20130930	6.92	6.94	6.79	6.84	2328639	25208694.00
20131008	6.84	6.84	6.66	6.76	2228668	23722708.00
20131009	6.74	6.81	6.71	6.77	1949348	20832880.00
20131010	6.78	6.80	6.72	6.76	2014528	21561892.00
20131011	6.76	6.84	6.76	6.82	2408248	25961366.00
20131014	6.82	7.01	6.79	6.97	3657640	40098024.00
20131015	6.98	7.00	6.90	6.96	2289984	25170980.00
20131016	6.95	6.99	6.79	6.82	1737005	18869624.00
20131017	6.83	6.96	6.83	6.86	1342160	14646600.00
20131018	6.86	6.90	6.83	6.86	845544	9184848.00
20131021	6.85	6.85	6.62	6.82	2592009	27621112.00
20131022	6.80	6.93	6.76	6.85	2066814	22434498.00
20131023	6.80	6.87	6.72	6.84	2015579	21748908.00
20131024	6.82	6.84	6.76	6.79	717607	7730221.00
20131025	6.80	6.82	6.56	6.58	1424453	15024099.00
20131028	6.60	6.61	6.48	6.52	876178	9087191.00
20131029	6.55	6.56	6.30	6.38	1443511	14657751.00
20131030	6.36	6.43	6.32	6.42	1004522	10197191.00
20131031	6.42	6.49	6.34	6.40	2401748	24332244.00
20131101	6.39	6.44	6.33	6.37	1242816	12578659.00
20131104	6.37	6.42	6.36	6.38	1141604	11602891.00
20131105	6.38	6.58	6.32	6.50	2680255	27615830.00
20131106	6.48	6.58	6.48	6.51	1530373	15866183.00
20131107	6.49	6.51	6.42	6.46	772583	7919762.00
20131108	6.47	6.54	6.42	6.50	1429031	14739103.00
20131111	6.49	6.56	6.43	6.51	829733	8578396.00
20131112	6.54	6.66	6.50	6.65	1751683	18333420.00
20131113	6.64	6.69	6.58	6.62	1408788	14807458.00
20131114	6.66	6.66	6.56	6.62	570932	5976107.00
20131115	6.64	6.72	6.60	6.68	1107948	11725890.00
20131118	6.70	6.75	6.66	6.73	1460763	15537225.00
20131119	6.70	6.72	6.66	6.68	1025346	10854139.00
20131120	6.69	6.82	6.68	6.76	1516146	16227362.00
20131121	6.78	6.78	6.70	6.72	1133021	12098149.00
20131122	6.69	6.74	6.69	6.72	1032077	10984992.00
20131125	6.73	6.74	6.62	6.70	1123003	11862629.00
20131126	6.66	6.71	6.63	6.68	1031212	10899013.00
20131127	6.70	6.73	6.62	6.68	1011171	10693809.00
20131128	6.68	6.77	6.66	6.75	1245382	13279669.00
20131129	6.74	6.78	6.70	6.78	1480782	15799829.00
20131202	6.71	6.71	6.49	6.52	2149484	22492308.00
20131203	6.50	6.63	6.43	6.60	1856072	19194918.00
20131204	6.58	6.72	6.54	6.68	1508817	15945779.00
20131205	6.65	6.75	6.65	6.70	923065	9811504.00
20131206	6.70	6.77	6.67	6.71	770472	8207947.00
20131209	6.72	6.78	6.72	6.77	1030699	11007985.00
20131210	6.78	6.90	6.73	6.89	2404506	25991262.00
20131211	6.85	6.98	6.84	6.92	2904681	31775054.00
20131212	6.96	6.98	6.85	6.88	1594587	17417290.00
20131213	6.87	6.90	6.83	6.87	753162	8178698.00
20131216	6.84	6.88	6.72	6.73	1199664	12917581.00
20131217	6.70	6.76	6.70	6.73	787225	8396392.00
20131218	6.75	6.88	6.73	6.75	819682	8808773.00
20131219	6.75	6.79	6.62	6.62	1058413	11210537.00
20131220	6.62	6.67	6.45	6.46	812791	8417321.00
20131223	6.46	6.51	6.30	6.42	1156880	11735473.00
20131224	6.42	6.48	6.37	6.44	901768	9204936.00
20131225	6.45	6.49	6.40	6.48	581611	5960045.00
20131226	6.49	6.50	6.40	6.41	1001629	10264749.00
20131227	6.46	6.52	6.39	6.51	2387286	24445886.00
20131230	6.50	6.53	6.44	6.45	1922339	19758854.00
20131231	6.46	6.47	6.32	6.46	2933244	29801304.00
20140102	6.46	6.46	6.36	6.40	1744808	17733752.00
20140103	6.40	6.48	6.37	6.46	1445593	14736674.00
20140106	6.47	6.52	6.34	6.50	2808799	28772522.00
20140107	6.48	6.64	6.46	6.62	3324600	34651152.00
20140108	6.62	6.66	6.53	6.63	1549942	16225489.00
20140109	6.63	6.69	6.56	6.66	2234616	23529900.00
20140110	6.60	6.69	6.52	6.54	1624470	16976040.00
20140113	6.54	6.68	6.54	6.58	1629230	17105340.00
20140114	6.58	6.71	6.45	6.67	2043925	21361096.00
20140115	6.59	6.66	6.59	6.65	1579112	16584800.00
20140116	6.64	6.65	6.49	6.51	2593679	26929252.00
20140117	6.49	6.52	6.44	6.44	860429	8827771.00
20140120	6.42	6.46	6.40	6.45	903497	9227799.00
20140121	6.44	6.54	6.42	6.53	1572681	16146041.00
20140122	6.49	6.66	6.47	6.64	2719667	28368596.00
20140123	6.64	6.75	6.59	6.62	2301748	24361686.00
20140124	6.56	6.80	6.56	6.74	3340550	35607136.00
20140127	6.71	6.91	6.69	6.84	3123661	33743904.00
20140128	6.86	6.86	6.62	6.72	2414029	25747144.00
20140129	6.70	6.79	6.67	6.71	1314182	13993859.00
20140130	6.71	6.85	6.71	6.78	1663491	17884690.00
20140207	6.86	6.90	6.78	6.88	2294260	24839592.00
20140210	6.87	7.01	6.85	6.99	3205266	35159820.00
20140211	6.96	7.26	6.96	7.18	5530363	62674328.00
20140212	7.14	7.16	7.01	7.07	2791918	31141676.00
20140213	7.08	7.10	6.86	6.88	2940968	32519428.00
20140214	6.89	7.49	6.89	7.42	7303904	83152584.00
20140217	7.41	7.60	7.38	7.46	6267986	74025640.00
20140218	7.46	7.55	7.31	7.36	2914663	34017816.00
20140219	7.38	7.51	7.33	7.45	2251810	26274340.00
20140220	7.45	7.50	7.26	7.36	2096987	24375114.00
20140221	7.36	7.42	7.19	7.26	1992659	22937262.00
20140224	7.21	7.37	7.08	7.24	1180809	13496325.00
20140225	7.22	7.28	6.86	6.90	2328948	26040848.00
20140226	6.90	7.48	6.83	7.34	3877529	43546304.00
20140227	7.35	7.96	7.35	7.74	7585335	91490928.00
20140228	7.78	7.99	7.67	7.69	5717613	70185224.00
20140303	7.63	7.92	7.62	7.76	4354851	53194344.00
20140304	7.70	7.73	7.46	7.56	2797275	33283798.00
20140305	7.59	7.83	7.51	7.56	2620292	31569308.00
20140306	7.52	7.74	7.48	7.61	3030761	36268864.00
20140307	7.61	7.68	7.43	7.62	2131614	25295432.00
20140310	7.59	7.59	7.38	7.46	1545672	18243030.00
20140311	7.38	7.59	7.38	7.48	1232010	14532654.00
20140312	7.38	7.51	7.27	7.40	1782159	20728980.00
20140313	7.37	7.58	7.32	7.41	1814122	21206104.00
20140314	7.40	7.54	7.34	7.40	1480846	17328166.00
20140317	7.38	7.74	7.38	7.70	3009509	36003604.00
20140318	7.73	8.22	7.73	8.12	8263903	103770112.00
20140319	8.08	8.08	7.75	7.91	3513500	43606264.00
20140320	7.89	7.93	7.74	7.75	1833181	22604046.00
20140321	7.72	8.05	7.62	8.00	2102872	26128008.00
20140324	8.04	8.11	7.86	7.97	1281925	15993374.00
20140325	7.89	8.12	7.89	8.04	3273757	41288212.00
20140326	8.04	8.36	8.00	8.14	3262148	41881544.00
20140327	8.06	8.12	7.89	7.96	1918854	24048404.00
20140328	7.95	8.08	7.72	7.74	1325782	16426515.00
20140331	7.82	7.92	7.52	7.63	1782100	21498512.00
20140401	7.63	7.79	7.57	7.78	2193918	26563512.00
20140402	7.76	7.94	7.68	7.92	1373943	16864940.00
20140403	7.92	7.95	7.76	7.89	1173980	14493583.00
20140404	7.89	8.00	7.66	7.96	1453977	18051828.00
20140408	7.96	8.16	7.87	8.08	2282799	28789514.00
20140409	8.06	8.19	8.06	8.07	1229103	15616750.00
20140410	8.08	8.34	8.06	8.15	1992771	25627344.00
20140411	8.16	8.16	7.90	8.04	1345193	16932616.00
20140414	8.02	8.09	7.92	8.06	1638348	20579712.00
20140415	8.05	8.05	7.82	7.86	1281533	15893196.00
20140416	7.84	7.94	7.80	7.92	1727463	21372996.00
20140417	7.89	8.09	7.87	8.08	1421588	17837976.00
20140418	8.01	8.24	8.01	8.20	2621258	33673300.00
20140421	8.18	8.39	8.09	8.18	4334447	56411576.00
20140422	8.15	8.24	7.88	7.95	3028407	37872256.00
20140423	7.96	8.12	7.92	8.12	2001718	25145990.00
20140424	8.12	8.18	7.69	7.73	2620733	32637248.00
20140425	7.68	7.93	7.68	7.78	2090049	25657820.00
20140428	7.76	7.76	7.07	7.09	3736387	43174632.00
20140429	7.10	7.50	7.10	7.48	2698790	31361944.00
20140430	7.46	7.72	7.41	7.70	2330020	27912704.00
20140505	7.70	7.70	7.44	7.49	1278125	15070034.00
20140506	7.50	7.55	7.45	7.52	589580	6969651.00
20140507	7.49	7.53	7.36	7.38	944655	11056562.00
20140508	7.42	7.67	7.36	7.43	978971	11602377.00
20140509	7.41	7.53	7.41	7.49	483954	5699578.00
20140512	7.61	7.64	7.48	7.57	909273	10836733.00
20140513	7.62	7.62	7.43	7.49	477114	5640647.00
20140514	7.48	7.48	7.36	7.37	770679	9004500.00
20140515	7.41	7.41	7.22	7.26	838312	9653144.00
20140516	7.24	7.32	7.22	7.29	441808	5062804.00
20140519	7.32	7.32	7.10	7.22	701905	7910630.00
20140520	7.32	7.40	7.25	7.35	780022	8969986.00
20140521	7.31	7.40	7.12	7.36	405301	4667604.00
20140522	7.32	7.55	7.28	7.38	1405938	16419641.00
20140523	7.40	7.45	7.30	7.36	1425218	16436831.00
20140526	7.36	7.62	7.34	7.48	1738797	20393716.00
20140527	7.48	7.63	7.48	7.51	794894	9425145.00
20140528	7.51	7.66	7.46	7.61	913580	10878776.00
20140529	7.57	7.66	7.54	7.55	642966	7653794.00
20140530	7.62	7.62	7.48	7.58	372283	4398917.00
20140603	7.54	7.58	7.40	7.42	1095839	12822719.00
20140604	7.39	7.40	7.18	7.27	1132910	12967966.00
20140605	7.25	7.40	7.25	7.40	699628	8085414.00
20140606	7.40	7.46	7.30	7.42	781672	9064337.00
20140609	7.42	7.42	7.25	7.32	852483	9829432.00
20140610	7.37	7.40	7.32	7.40	465210	5380860.00
20140611	7.43	7.44	7.32	7.40	563248	6513622.00
20140612	7.36	7.42	7.34	7.36	380365	4394059.00
20140613	7.36	7.56	7.34	7.53	964821	11322815.00
20140616	7.53	7.56	7.48	7.54	760825	8991761.00
20140617	7.53	7.68	7.50	7.55	1590606	18961314.00
20140618	7.52	7.56	7.38	7.44	1957575	22951416.00
20140619	7.42	7.56	7.39	7.42	1652218	19387412.00
20140620	7.42	7.56	7.38	7.50	1019833	11960273.00
20140623	7.52	7.90	7.50	7.85	2252625	27424108.00
20140624	7.82	7.98	7.78	7.82	1278036	15800627.00
20140625	7.80	7.96	7.72	7.92	940532	11586114.00
20140626	7.90	8.24	7.90	8.14	2737461	34750328.00
20140627	8.18	8.27	8.05	8.18	1486814	19038400.00
20140630	8.18	8.36	8.11	8.15	1991917	25609884.00
20140701	8.10	8.21	8.07	8.14	1398351	17744118.00
20140702	8.14	8.22	8.06	8.07	1151521	14673428.00
20140703	8.14	8.20	7.94	8.12	2412679	30449326.00
20140704	8.10	8.16	7.92	8.12	2129590	26797140.00
20140707	8.08	8.08	7.89	7.93	1660507	20647202.00
20140708	7.92	7.98	7.91	7.96	1342261	16688433.00
20140709	7.95	8.02	7.79	7.82	1717298	21185224.00
20140710	7.84	7.97	7.80	7.94	1906730	23680650.00
20140711	7.95	8.09	7.91	8.06	1146190	14334451.00
20140714	8.06	8.12	7.98	8.10	1057092	13353371.00
20140715	8.13	8.22	8.10	8.18	1700197	21718940.00
20140716	8.18	8.18	7.99	8.01	2059323	26187066.00
20140717	8.02	8.20	8.01	8.13	1822374	23180460.00
20140718	8.10	8.17	8.02	8.08	687667	8713144.00
20140721	8.10	8.14	8.04	8.07	738533	9345716.00
20140722	8.08	8.14	8.05	8.13	900509	11410007.00
20140723	8.15	8.16	8.02	8.05	1958008	24817140.00
20140724	8.05	8.08	7.96	7.98	939300	11762208.00
20140725	7.97	8.45	7.94	8.38	3762018	48544720.00
20140728	8.38	8.52	8.32	8.40	3364020	44203676.00
20140729	8.38	8.49	8.30	8.44	1942041	25396754.00
20140730	8.41	8.44	8.27	8.31	1810759	23585690.00
20140731	8.31	8.49	8.29	8.48	2287927	30115870.00
20140801	8.48	8.48	8.30	8.31	1984415	25985734.00
20140804	8.31	8.49	8.28	8.45	1506843	19850948.00
20140805	8.48	8.68	8.42	8.65	2056005	27648760.00
20140806	8.63	8.78	8.56	8.64	1776844	23977788.00
20140807	8.72	8.72	8.58	8.66	2730806	36890308.00
20140808	8.72	8.82	8.70	8.78	2233539	30522324.00
20140811	8.83	8.95	8.80	8.88	1684515	23322592.00
20140812	8.89	8.98	8.81	8.90	1629278	22595372.00
20140813	8.92	9.04	8.87	9.03	1992173	27749252.00
20140814	9.03	9.04	8.84	8.87	1482770	20683052.00
20140815	8.85	8.94	8.75	8.87	1594211	22004916.00
20140818	8.88	8.94	8.74	8.92	1853227	25559392.00
20140819	8.89	8.90	8.72	8.89	1865708	25719892.00
20140820	8.88	8.90	8.80	8.86	808306	11153555.00
20140821	8.83	9.04	8.72	8.98	2001825	27827340.00
20140822	9.40	9.82	9.04	9.08	13719049	197744160.00
20140825	8.97	9.10	8.66	8.85	4556709	63062304.00
20140902	9.14	9.34	8.98	9.04	8262715	117372552.00
20140903	9.03	9.27	8.98	9.22	6824020	96764280.00
20140904	9.22	9.23	9.09	9.14	4087141	58229960.00
20140905	9.15	9.20	9.12	9.16	3118663	44431892.00
20140909	9.20	9.22	9.12	9.18	2480717	35452928.00
20140910	9.19	9.35	9.04	9.35	5030350	72075952.00
20140911	9.30	9.43	9.22	9.38	5004454	72668496.00
20140912	9.38	9.44	9.28	9.38	2506673	36481084.00
20140915	9.37	9.63	9.37	9.59	4043387	59671128.00
20140916	9.62	9.62	9.06	9.17	4385797	64176288.00
20140917	9.17	9.33	9.11	9.32	2461640	35282800.00
20140918	9.34	9.36	9.25	9.36	1886417	27315166.00
20140919	9.36	9.50	9.28	9.48	2486246	36424652.00
20140922	9.50	9.62	9.38	9.48	3517310	52052076.00
20140923	9.48	9.54	9.40	9.50	2288192	33695144.00
20140924	9.50	9.57	9.46	9.55	3077811	45532248.00
20140925	9.58	9.60	9.35	9.40	3399267	50218184.00
20140926	9.40	9.54	9.38	9.48	1793486	26426960.00
20140929	9.46	9.53	9.28	9.38	5766814	83919280.00
20140930	9.38	9.42	9.26	9.34	2506930	36399016.00
20141008	9.26	9.26	8.97	9.08	7759391	109278312.00
20141009	9.06	9.19	9.04	9.15	5071847	71990056.00
20141010	9.16	9.16	9.06	9.10	2494801	35402132.00
20141013	9.05	9.05	8.85	8.95	3792554	52584052.00
20141014	8.89	8.98	8.86	8.92	2222585	30915272.00
20141015	8.92	8.97	8.85	8.96	1708120	23742380.00
20141016	8.91	9.03	8.85	8.96	2481658	34665588.00
20141017	8.90	8.93	8.65	8.77	1904845	26156390.00
20141020	8.78	8.93	8.77	8.92	2144454	29709072.00
20141021	8.98	9.16	8.98	9.04	5838167	82478104.00
20141022	9.10	9.12	8.98	9.00	3045747	42905080.00
20141023	9.00	9.05	8.70	8.78	2519149	34555868.00
20141024	8.80	8.82	8.60	8.61	1648669	22410470.00
20141027	8.61	8.79	8.52	8.76	2560087	34818848.00
20141028	8.76	9.00	8.71	8.97	2570390	35555220.00
20141029	8.98	9.06	8.95	9.04	2400493	33758088.00
20141030	9.11	9.28	9.10	9.20	4972937	71192608.00
20141031	9.20	9.24	9.10	9.20	2056303	29340356.00
20141103	9.22	9.31	9.16	9.24	2482545	35751868.00
20141104	9.27	9.27	9.10	9.13	2479887	35364920.00
20141105	9.14	9.14	9.00	9.06	1745697	24643336.00
20141106	9.04	9.26	8.98	9.25	2497875	35540152.00
20141107	9.27	9.28	9.07	9.10	1723338	24715332.00
20141110	9.09	9.21	9.06	9.19	2580503	36693184.00
20141111	9.20	9.29	9.06	9.25	3116449	44645056.00
20141112	9.22	9.44	9.17	9.44	4827919	70264408.00
20141113	9.44	9.90	9.40	9.70	8392835	125318456.00
20141114	9.66	9.66	9.44	9.55	3633029	53868952.00
20141117	9.53	9.58	9.28	9.30	4613152	67220688.00
20141118	9.29	9.36	9.19	9.22	2887456	41591320.00
20141119	9.24	9.29	9.17	9.24	2747505	39428904.00
20141120	9.22	9.22	9.09	9.15	3162620	45016244.00
20141121	9.13	9.22	9.10	9.20	2050755	29286248.00
20141124	9.29	9.37	9.24	9.36	3745105	54302584.00
20141125	9.37	9.39	9.22	9.32	4522753	65356860.00
20141126	9.31	9.52	9.25	9.44	4978430	72340096.00
20141127	9.45	9.48	9.39	9.46	4028372	59116188.00
20141128	9.46	9.48	9.24	9.37	3658240	53305972.00
20141201	9.36	9.55	9.32	9.52	5279703	77727056.00
20141202	9.51	9.62	9.43	9.56	5655118	83833200.00
20141203	9.55	9.74	9.45	9.56	7578272	112660480.00
20141204	9.56	9.70	9.54	9.68	5891405	88087576.00
20141205	9.65	9.65	9.20	9.40	6305726	92643376.00
20141208	9.32	9.50	9.23	9.41	4549832	66278328.00
20141209	9.45	9.47	9.02	9.06	7732010	111142288.00
20141210	9.00	9.30	9.00	9.29	3879574	55367776.00
20141211	9.32	9.57	9.25	9.56	7086824	103956664.00
20141212	9.59	9.70	9.48	9.66	6390384	95505152.00
20141215	9.71	9.96	9.60	9.90	7621197	115706528.00
20141216	9.90	9.92	9.78	9.84	4479168	68389664.00
20141217	9.87	9.95	9.67	9.92	5656536	86088080.00
20141218	9.92	9.97	9.72	9.75	3362390	51351988.00
20141219	9.68	9.72	9.52	9.63	5527180	82579848.00
20141222	9.62	9.63	9.17	9.32	5754027	84188496.00
20141223	9.32	9.59	9.32	9.42	2942214	43221436.00
20141224	9.48	9.51	9.32	9.48	2543438	37318928.00
20141225	9.52	10.20	9.49	10.16	8641191	132349576.00
20141226	10.17	10.36	9.98	10.22	6779321	106569200.00
20141229	10.25	10.39	10.04	10.14	5730171	90594864.00
20141230	10.14	10.32	9.95	10.00	3980037	62531580.00
20141231	9.98	10.04	9.81	9.98	3806972	58651868.00
20150105	10.02	10.20	10.00	10.14	3888158	61008796.00
20150106	10.08	10.34	9.92	10.32	5832013	91783768.00
20150107	10.32	10.37	10.02	10.16	3432561	54189852.00
20150108	10.12	10.14	9.88	9.92	2774536	43013196.00
20150109	9.93	10.07	9.85	9.86	2733746	42374008.00
20150112	9.79	9.84	9.54	9.83	3963306	59732540.00
20150113	9.82	9.84	9.72	9.78	2181243	33139424.00
20150114	9.80	9.88	9.72	9.76	1816769	27674684.00
20150115	9.78	10.16	9.77	10.06	3429400	53086148.00
20150116	10.04	10.12	9.99	10.08	2062400	32185054.00
20150119	9.85	10.30	9.56	9.81	5146878	79683640.00
20150120	9.82	10.06	9.79	10.05	3021467	46635584.00
20150121	10.05	10.45	10.00	10.42	8821863	140605584.00
20150122	10.33	10.50	10.32	10.42	5416500	87409096.00
20150123	10.42	10.49	10.25	10.31	3864366	62055828.00
20150126	10.32	10.86	10.30	10.74	6633393	109229472.00
20150127	10.68	10.84	10.52	10.84	5015607	83058936.00
20150128	10.78	10.94	10.62	10.72	4225072	70293544.00
20150129	10.70	10.79	10.62	10.68	2903660	48026504.00
20150130	10.68	10.78	10.54	10.62	2589353	42769324.00
20150202	10.54	10.66	10.40	10.48	2134121	34765308.00
20150203	10.54	10.92	10.49	10.85	4329981	72075592.00
20150204	10.85	10.95	10.66	10.70	3803381	63699704.00
20150205	10.79	10.88	10.62	10.66	2334098	38721108.00
20150206	10.54	10.61	10.40	10.42	2135007	34703920.00
20150209	10.45	10.54	10.26	10.30	1784780	28801436.00
20150210	10.27	10.46	10.27	10.42	2193194	35333172.00
20150211	10.44	10.52	10.41	10.51	1364232	22109884.00
20150212	10.50	10.71	10.38	10.63	2514208	40886584.00
20150213	10.64	10.75	10.64	10.68	2557075	42404920.00
20150216	10.78	10.83	10.65	10.80	2175505	36159944.00
20150217	10.82	10.92	10.45	10.50	7654965	126430040.00
20150225	10.51	10.52	10.33	10.40	2495376	40300168.00
20150226	10.40	10.56	10.33	10.56	1769638	28716796.00
20150227	10.56	10.56	10.41	10.52	4128845	67007300.00
20150302	10.52	10.59	10.45	10.57	3619924	59047524.00
20150303	10.60	10.79	10.53	10.68	4997197	82629936.00
20150304	10.72	11.09	10.66	11.09	6478270	109302032.00
20150305	11.08	11.18	10.88	10.97	4029625	68406088.00
20150306	10.97	11.02	10.86	10.95	3227233	54632060.00
20150309	10.92	11.15	10.78	11.04	3709720	63296768.00
20150310	11.08	11.26	10.99	11.24	4130026	71260016.00
20150311	11.24	11.50	11.10	11.48	4318279	75297176.00
20150312	11.38	11.60	11.24	11.44	3365415	59417328.00
20150313	11.44	11.45	11.26	11.35	2685116	47125304.00
20150316	11.37	11.58	11.28	11.49	3622782	64119872.00
20150317	11.47	11.59	11.38	11.50	4141917	73524008.00
20150318	11.50	11.81	11.46	11.81	5307987	95551888.00
20150319	11.80	11.88	11.65	11.75	4337798	78625544.00
20150320	11.69	11.84	11.69	11.84	2943983	53493676.00
20150323	11.84	12.56	11.84	12.41	6622624	125865632.00
20150324	12.32	12.40	11.98	12.30	8011820	150844624.00
20150325	12.22	12.52	12.10	12.37	4072353	77335744.00
20150326	12.34	12.55	12.22	12.54	4544508	87009408.00
20150327	12.64	12.98	12.44	12.81	5908810	116485552.00
20150330	12.85	12.90	12.66	12.73	4633973	91052280.00
20150331	12.74	12.76	12.52	12.60	5146530	99894656.00
20150401	12.66	12.82	12.58	12.78	5287991	103634720.00
20150402	12.78	12.90	12.67	12.85	3444701	67895832.00
20150403	12.77	12.88	12.52	12.88	7660814	149723904.00
20150407	12.88	13.15	12.77	13.05	5289330	105508176.00
20150408	13.10	13.10	12.46	12.72	7556474	148298832.00
20150409	12.67	12.68	12.22	12.52	5021049	96294504.00
20150410	12.52	12.90	12.49	12.79	5026337	98949224.00
20150413	12.82	13.42	12.72	13.20	7840503	157964352.00
20150414	13.12	13.64	13.02	13.51	6802602	140379392.00
20150415	13.50	13.50	12.89	13.01	5047111	102017184.00
20150416	12.90	13.28	12.69	13.15	4148771	83280712.00
20150417	13.30	13.38	13.04	13.24	5665472	115021952.00
20150420	13.22	13.44	12.90	13.20	7269486	148256400.00
20150421	13.22	13.97	13.20	13.88	8382598	175736896.00
20150422	13.86	14.22	13.79	14.08	6967146	149810592.00
20150423	14.08	14.25	13.88	14.01	5233235	112981368.00
20150424	13.76	14.04	13.66	13.86	6336009	134850688.00
20150427	13.86	14.23	13.60	13.80	5977802	127621600.00
20150428	13.73	13.80	13.00	13.23	5021872	103541120.00
20150429	13.18	13.50	13.18	13.34	4178109	85716696.00
20150430	13.36	13.52	13.30	13.30	3344382	69004536.00
20150504	13.17	13.17	12.78	13.03	5259273	104942624.00
20150505	13.02	13.15	12.43	12.44	4961651	97141888.00
20150506	12.42	12.62	12.08	12.40	3919541	74995024.00
20150507	12.62	12.62	12.29	12.42	3381994	64917312.00
20150508	12.46	12.59	12.32	12.55	3795121	72936784.00
20150511	12.62	13.00	12.32	12.96	6236078	122359192.00
20150512	12.96	13.20	12.86	13.05	5856622	117332992.00
20150513	12.93	13.00	12.78	12.88	4741577	94251992.00
20150514	12.92	13.04	12.86	12.92	3190898	63636784.00
20150515	12.94	12.97	12.52	12.58	3520321	68772912.00
20150518	12.48	12.72	12.32	12.58	3619170	70209816.00
20150519	12.56	12.99	12.53	12.98	6069090	119516568.00
20150520	13.08	14.04	13.08	13.64	11940696	248022336.00
20150521	13.65	13.74	13.42	13.58	6830637	142265520.00
20150522	13.70	13.98	13.44	13.84	7881041	165931376.00
20150525	13.84	14.58	13.78	14.32	8802581	192782976.00
20150526	14.45	15.77	14.25	15.68	11760263	275123712.00
20150527	15.65	15.65	15.06	15.39	7539928	177381984.00
20150528	15.42	15.87	13.95	13.98	10183855	235343456.00
20150529	14.05	14.54	13.45	14.40	6826826	148075024.00
20150601	14.42	15.54	14.40	15.44	8415683	194617584.00
20150602	15.44	17.02	15.14	17.01	14926361	372338912.00
20150605	16.98	17.45	16.12	16.66	14764469	376899904.00
20150608	16.90	16.98	16.25	16.50	11102214	280039936.00
20150609	16.52	16.75	16.26	16.64	6761756	171373488.00
20150610	16.38	16.97	16.26	16.72	8195896	209241520.00
20150611	16.74	17.54	16.62	17.19	7838912	204886496.00
20150612	17.22	17.38	16.90	17.16	6013600	157562480.00
20150615	17.22	17.37	16.92	17.07	6496493	170684624.00
20150616	17.07	17.07	15.89	16.04	6551153	164534624.00
20150617	15.95	16.34	15.40	16.30	6171275	149270128.00
20150618	16.41	17.00	16.16	16.27	6507350	165869408.00
20150619	15.96	16.26	14.81	14.84	5056055	121072160.00
20150623	15.02	15.69	14.30	15.67	5949208	138041600.00
20150624	15.82	16.54	15.82	16.52	6144726	151906512.00
20150625	16.55	16.98	16.09	16.22	7157099	180509376.00
20150626	15.69	16.01	14.57	14.64	7508155	174425936.00
20150629	15.09	15.28	13.15	13.83	9509130	207493744.00
20150630	13.83	14.68	12.56	14.51	7744409	163562000.00
20150701	14.50	15.30	13.96	14.00	8719691	197085136.00
20150702	13.77	14.00	12.56	12.57	7428969	149355360.00
20150703	12.34	12.36	11.28	11.28	6578886	117690688.00
20150706	12.36	12.36	10.12	10.12	10933140	182409520.00
20150707	9.69	9.69	9.08	9.08	8263207	118795704.00
20150713	10.02	10.02	10.02	10.02	387105	6000128.00
20150714	11.06	11.06	11.06	11.06	540923	9222737.00
20150715	12.20	12.20	10.89	10.91	18795074	335777728.00
20150716	10.39	11.50	9.96	11.28	9403062	160451536.00
20150717	11.36	12.02	11.29	11.89	5624656	101462568.00
20150720	11.82	12.45	11.81	12.08	8518799	159046144.00
20150721	12.16	13.32	12.12	13.32	12584246	251099472.00
20150722	13.65	14.36	13.36	14.22	11683840	249212016.00
20150723	13.95	14.56	13.94	14.38	7512515	163894768.00
20150724	14.20	14.36	13.69	14.09	8185566	175458928.00
20150727	13.69	14.80	12.65	12.68	8942050	192745952.00
20150728	11.76	13.24	11.62	12.27	7821764	146523552.00
20150729	12.51	13.53	12.36	13.53	9751914	193533168.00
20150730	13.86	14.82	13.56	14.27	14198371	312645632.00
20150731	13.76	14.22	12.88	13.19	8809293	183226704.00
20150803	12.86	12.86	12.14	12.47	7223164	138456864.00
20150804	12.67	13.65	12.50	13.62	4802551	96924632.00
20150805	13.42	14.34	13.42	13.57	5849863	125062320.00
20150806	13.22	13.42	12.56	13.02	3922501	78722680.00
20150807	13.06	13.47	12.76	13.30	4927376	99244352.00
20150810	13.21	14.09	13.21	13.88	6375701	133600096.00
20150811	13.79	15.30	13.79	15.29	15463047	350966400.00
20150812	14.93	15.29	14.38	14.54	8978802	202499008.00
20150813	14.41	14.85	14.36	14.75	5731119	128414472.00
20150814	15.02	15.29	14.38	14.64	6416097	146705536.00
20150817	14.46	14.91	14.43	14.72	4455868	99863304.00
20150818	14.88	14.88	13.22	13.22	6799206	146339152.00
20150819	12.97	14.06	12.97	13.90	4918577	102522704.00
20150820	13.91	14.24	13.36	13.62	4394399	93302088.00
20150821	13.29	13.56	12.48	12.58	5478139	108878968.00
20150824	12.30	12.33	11.30	11.30	4352498	77799712.00
20150825	10.41	11.74	10.16	10.47	6023618	100600000.00
20150826	11.02	11.55	10.64	11.43	6631407	114762576.00
20150827	11.58	12.33	11.58	12.29	6446171	119121296.00
20150828	12.36	12.99	11.99	12.82	5975288	114620736.00
20150831	12.56	12.56	11.80	11.98	4934015	91779400.00
20150901	11.98	11.98	10.82	11.16	6581607	113768584.00
20150902	10.52	11.77	10.22	11.29	4532340	78680048.00
20150907	11.42	12.16	11.42	11.66	3570875	65217736.00
20150908	11.58	12.49	11.48	12.46	3970144	74059448.00
20150909	12.68	12.96	12.22	12.62	5335045	103203568.00
20150910	12.37	13.14	12.29	12.75	4576329	89675752.00
20150911	12.76	12.92	12.41	12.72	2091306	40662640.00
20150914	12.72	12.85	11.57	12.10	3301591	61837752.00
20150915	11.97	12.18	11.29	11.44	1980481	35780060.00
20150916	11.56	12.56	11.43	12.50	3233946	59798648.00
20150917	12.56	12.85	12.13	12.40	3353889	64916136.00
20150918	12.40	13.22	12.40	13.14	5747562	112716216.00
20150921	12.92	14.26	12.79	14.22	7666170	160925632.00
20150922	14.22	14.22	13.48	13.72	6595459	138884080.00
20150923	13.28	13.72	13.14	13.26	4663994	95456440.00
20150924	13.26	13.49	13.09	13.34	4780938	97332472.00
20150925	13.34	13.34	12.26	12.32	5329507	103760632.00
20150928	12.32	12.92	12.29	12.85	4171243	81511464.00
20150929	12.62	13.00	12.36	12.52	4396045	85430184.00
20150930	12.36	12.78	12.33	12.53	4145679	80019272.00
20151008	12.88	12.96	12.02	12.52	8488665	162455840.00
20151009	12.52	12.59	12.03	12.34	6524493	123181912.00
20151012	12.33	13.14	12.25	13.13	8295462	162847280.00
20151013	13.02	13.34	12.94	13.22	5921255	119307552.00
20151014	13.22	13.23	12.69	12.70	5830717	115335288.00
20151015	12.68	13.02	12.57	12.94	5331138	105128320.00
20151016	13.09	13.79	13.02	13.51	10918951	226081344.00
20151019	13.62	14.00	13.41	13.77	9682730	204542672.00
20151020	13.82	13.97	13.29	13.63	7981794	165430832.00
20151021	13.56	13.69	12.56	12.58	8262075	167020864.00
20151022	12.62	13.00	12.58	12.96	4941644	97379704.00
20151023	12.99	13.39	12.94	13.22	4095076	82884584.00
20151026	13.35	13.69	13.21	13.47	5956205	122862688.00
20151027	13.36	13.56	12.92	13.54	4593596	93699768.00
20151028	13.47	13.66	13.22	13.32	2591267	53236412.00
20151029	13.66	13.98	13.52	13.64	7141714	150273104.00
20151030	13.56	13.61	12.90	13.46	5505876	112863960.00
20151102	13.36	14.39	13.29	13.92	9093934	194343152.00
20151103	13.79	14.02	13.56	13.67	3860913	81551776.00
20151104	13.66	14.22	13.66	14.19	5611152	120077640.00
20151105	14.18	14.58	14.01	14.21	6156978	134489824.00
20151106	14.36	14.94	14.21	14.68	5823052	130947608.00
20151109	14.77	15.17	14.62	15.16	6626802	150379232.00
20151110	14.89	15.20	14.81	14.89	3612787	82994968.00
20151111	14.77	14.90	14.44	14.90	3717846	83509344.00
20151112	14.79	15.00	14.59	14.82	2608896	58832456.00
20151113	14.76	14.80	14.36	14.55	2357421	52618512.00
20151116	14.29	14.48	14.06	14.44	2109297	46232812.00
20151117	14.78	15.44	14.56	14.75	5928441	136558432.00
20151118	14.59	14.82	14.34	14.51	2891712	64727288.00
20151119	14.49	14.85	14.49	14.80	2744726	61682552.00
20151120	14.70	15.13	14.70	14.87	3433142	78090320.00
20151123	14.84	15.08	14.56	15.06	3150145	71680528.00
20151124	15.02	15.06	14.69	14.94	1776496	40407852.00
20151125	14.92	15.10	14.84	15.05	1849354	42304232.00
20151126	15.10	15.19	14.50	14.80	3337366	75621376.00
20151127	14.89	15.19	14.09	14.18	3357968	75300488.00
20151130	14.08	14.31	13.48	13.68	4032266	85181416.00
20151201	13.69	14.16	13.62	13.89	1939461	41358148.00
20151202	13.82	14.08	13.56	14.01	1515292	32226192.00
20151203	14.12	14.20	13.97	14.15	1693811	36592956.00
20151204	14.05	14.52	13.96	14.05	3080392	67136880.00
20151207	14.13	14.24	13.81	14.17	2320193	49839152.00
20151208	14.15	14.89	14.15	14.52	5156043	115057656.00
20151209	14.41	14.88	14.30	14.34	3033608	67478032.00
20151210	14.36	14.68	14.23	14.56	2017018	44778512.00
20151211	14.55	14.76	14.49	14.64	1781861	39923760.00
20151214	14.59	15.02	14.42	14.98	1752744	39344728.00
20151215	14.96	15.56	14.80	15.48	4302206	99814920.00
20151216	15.46	15.61	15.09	15.28	2558867	59872108.00
20151217	15.34	15.46	15.22	15.44	2730117	64106392.00
20151218	15.44	15.82	15.34	15.52	2916736	69408504.00
20151221	15.46	16.42	15.39	16.38	4793224	117111424.00
20151222	16.19	16.29	15.76	16.06	3467494	84710544.00
20151223	16.02	16.33	15.51	15.73	4328251	105311168.00
20151224	15.57	15.81	15.30	15.70	2220025	52875376.00
20151225	15.73	15.86	15.57	15.74	1314805	31613184.00
20151228	15.69	15.92	15.01	15.03	2781502	66025776.00
20151229	15.15	15.52	15.03	15.34	1667734	39043492.00
20151230	15.34	15.80	15.34	15.78	1777664	42462096.00
20151231	15.70	15.82	15.22	15.43	2355943	56049808.00
20160104	15.38	15.52	14.36	14.44	2385289	54732364.00
20160105	14.08	14.64	13.75	14.16	4770476	104067416.00
20160106	14.22	14.42	13.76	14.35	3463155	74948744.00
20160107	14.06	14.12	13.12	13.18	687171	14285862.00
20160108	13.62	13.66	12.48	13.03	7382103	147927488.00
20160111	12.50	12.82	12.02	12.04	5110563	97694776.00
20160112	12.26	12.46	11.90	12.20	5183826	97159552.00
20160113	12.25	12.40	11.69	12.02	3096174	58084888.00
20160114	11.80	12.46	11.66	12.45	3514461	65679176.00
20160115	12.36	12.98	12.35	12.47	7116474	138396800.00
20160118	12.23	12.94	12.18	12.62	2235111	43686072.00
20160119	12.62	13.68	12.62	13.56	3454544	70146864.00
20160120	13.34	13.99	13.30	13.46	3930556	82693504.00
20160121	13.36	13.64	13.17	13.33	3081239	63738288.00
20160122	13.45	13.51	12.63	12.97	2791768	55712436.00
20160125	13.03	13.15	12.63	12.95	3543819	70048720.00
20160126	12.96	13.12	11.96	12.40	3882785	75299568.00
20160127	12.36	12.80	11.82	12.71	3148618	59028984.00
20160128	12.61	12.85	11.82	12.07	2993480	56636460.00
20160129	12.17	12.61	11.98	12.45	2885174	54661720.00
20160201	12.57	13.01	12.36	12.74	2537361	49575140.00
20160202	12.99	13.26	12.65	13.07	2365712	47421668.00
20160203	12.88	13.36	12.77	13.17	1217361	24448680.00
20160204	13.19	13.49	13.16	13.21	1701662	34740140.00
20160205	13.20	13.22	12.79	12.87	1837659	36546672.00
20160215	12.36	14.19	12.29	13.99	5456398	114679600.00
20160216	13.99	14.28	13.84	14.27	3138843	67910824.00
20160217	14.19	14.62	13.89	14.21	3779444	82342304.00
20160218	14.21	14.97	14.18	14.54	6484603	144882976.00
20160219	14.30	14.54	14.02	14.26	3316755	72275096.00
20160222	14.36	14.47	14.06	14.43	3581753	78266016.00
20160223	14.61	15.00	14.19	14.46	4468769	99852584.00
20160224	14.36	14.97	14.22	14.94	3405038	76545904.00
20160225	14.92	15.24	13.82	14.36	5419951	121350040.00
20160226	14.46	14.56	13.72	14.24	3982750	86114832.00
20160229	14.15	14.29	13.08	13.95	3491708	73398904.00
20160301	13.95	14.39	13.79	14.31	2917065	62749800.00
20160302	14.22	14.89	14.22	14.78	5429401	121565656.00
20160303	14.82	15.00	14.54	14.69	3817582	86294808.00
20160304	14.62	14.97	14.02	14.48	3931965	87964656.00
20160307	14.49	14.96	14.49	14.95	3445264	78120904.00
20160308	14.96	15.40	14.50	15.30	4984757	115156208.00
20160309	15.04	15.34	14.62	14.77	3519755	80797488.00
20160310	14.69	14.89	14.15	14.18	3039399	67156592.00
20160311	14.14	14.27	13.83	14.04	2990729	64417016.00
20160314	14.14	14.80	14.12	14.44	2969220	65917836.00
20160315	14.63	14.63	14.02	14.07	2636934	57638032.00
20160316	14.13	14.29	13.88	14.26	2475322	53341596.00
20160317	14.11	14.62	14.11	14.56	2562796	56625092.00
20160318	14.60	14.89	14.53	14.88	4213628	95271312.00
20160321	15.02	15.11	14.62	15.01	3545657	80939936.00
20160322	14.90	15.28	14.74	15.20	4386251	100563008.00
20160323	15.04	15.38	14.96	15.18	3815421	88775248.00
20160324	15.06	15.06	14.67	14.68	3891054	88413784.00
20160325	14.68	14.92	14.62	14.88	2324954	52501716.00
20160328	14.90	15.68	14.90	15.40	5734696	135366432.00
20160329	15.42	15.62	14.99	15.18	4920743	115775504.00
20160330	15.26	15.81	15.16	15.68	4276309	101402904.00
20160331	15.69	16.02	15.52	15.77	4602183	111082528.00
20160401	15.69	15.95	15.41	15.84	3446482	82628600.00
20160405	15.82	16.28	15.64	16.22	4549924	111097616.00
20160406	16.20	16.26	15.89	16.22	3722329	91498920.00
20160407	16.22	16.31	15.84	15.84	3212219	78808128.00
20160408	15.70	16.18	15.68	15.86	2681885	65103452.00
20160411	16.03	16.74	15.92	16.51	4358907	109774816.00
20160412	16.51	16.84	16.16	16.69	4179455	105563928.00
20160413	16.69	17.22	16.56	17.02	4206139	108742440.00
20160414	17.06	17.67	16.69	16.94	7756037	202193792.00
20160415	16.88	17.01	16.67	16.73	3127340	80439264.00
20160418	16.68	16.94	16.55	16.84	2860669	73330632.00
20160419	16.83	17.14	16.67	17.09	3551016	91718760.00
20160420	17.10	17.16	16.00	16.33	4590442	115123360.00
20160421	16.36	16.70	16.14	16.25	2582449	64990792.00
20160422	16.16	17.82	16.02	17.48	4896813	126588128.00
20160425	17.70	17.79	17.10	17.29	6084994	161988496.00
20160426	17.09	17.42	16.92	17.32	3416092	89616760.00
20160427	17.26	17.42	16.88	17.00	2836415	74328824.00
20160428	17.16	17.23	16.16	16.58	5711313	145595952.00
20160429	16.38	16.92	16.38	16.66	4119619	104699176.00
20160503	16.46	17.49	16.29	17.24	7840966	202797856.00
20160504	17.04	17.42	16.66	16.94	6463109	167558640.00
20160505	16.59	17.09	16.59	16.84	3952594	101682216.00
20160506	16.84	16.95	16.03	16.10	4117027	103369824.00
20160509	16.09	16.22	15.62	15.78	3511681	84814720.00
20160510	15.80	16.22	15.72	16.14	2540463	62352532.00
20160511	16.17	16.78	16.17	16.53	4560974	115608888.00
20160512	16.39	16.74	16.12	16.54	2268099	57311320.00
20160513	16.53	17.14	16.53	16.92	3028139	78323312.00
20160516	16.99	17.09	16.65	17.07	2055662	53019028.00
20160517	16.97	17.09	16.76	16.89	1394038	35985224.00
20160518	16.82	16.82	16.02	16.08	2346626	58519704.00
20160519	16.06	16.47	15.79	15.94	2920325	71850680.00
20160520	15.82	16.22	15.69	16.01	1842891	44912592.00
20160523	16.06	16.45	16.03	16.22	2810122	69890448.00
20160524	16.16	16.42	16.09	16.29	2339521	58087472.00
20160525	16.42	16.47	16.03	16.07	1234934	30590032.00
20160526	15.97	16.40	15.82	16.29	1756123	43241788.00
20160527	16.29	16.70	16.26	16.56	2255984	57041956.00
20160530	16.54	16.54	16.02	16.09	2126770	52735016.00
20160531	16.19	16.70	16.06	16.69	3070698	77324848.00
20160601	16.69	16.87	16.57	16.59	2615122	66675108.00
20160602	16.64	16.68	16.30	16.64	2489673	62730928.00
20160603	16.62	16.86	16.40	16.84	3239782	82160544.00
20160606	16.96	17.07	16.43	16.54	5122858	130263304.00
20160607	16.49	16.54	16.10	16.32	3625828	90129944.00
20160608	16.28	16.32	16.02	16.16	2396270	59080636.00
20160613	15.94	15.96	15.49	15.52	4295862	103596352.00
20160614	15.49	15.90	15.39	15.81	2276780	54372356.00
20160615	15.66	16.02	15.62	15.96	3075741	74739192.00
20160616	15.96	15.99	15.70	15.75	1849817	44682832.00
20160617	15.76	15.88	15.67	15.74	1980987	47722648.00
20160620	15.74	15.92	15.39	15.88	2251457	53933444.00
20160621	16.02	16.33	15.73	15.97	3226460	79144376.00
20160622	15.85	16.09	15.66	16.06	1749145	42564520.00
20160623	16.04	16.16	15.88	16.12	1593248	39155012.00
20160624	16.02	16.20	15.73	15.99	2885835	70803968.00
20160627	15.86	16.87	15.83	16.34	1931851	32113700.00
20160628	16.12	16.29	15.96	16.20	2900946	47393556.00
20160629	16.29	16.31	16.11	16.17	2307763	37796464.00
20160630	16.20	16.25	15.87	15.90	4017651	64864152.00
20160701	15.97	16.30	15.96	16.25	3483114	56970972.00
20160704	16.16	16.46	16.12	16.37	6368433	105243960.00
20160705	16.37	17.31	16.31	17.00	9426207	161509952.00
20160706	16.81	16.99	16.60	16.89	4426600	74990168.00
20160707	16.77	17.13	16.72	17.03	4678400	80403024.00
20160708	17.03	17.07	16.81	16.94	3281300	56188860.00
20160711	16.94	17.02	16.66	16.87	3840900	65495112.00
20160712	16.73	16.91	16.40	16.73	6222600	104655632.00
20160713	16.69	17.13	16.54	17.09	5025600	86081368.00
20160714	17.01	17.38	16.95	17.05	3488900	60518980.00
20160715	17.05	17.05	16.61	16.70	5453100	92375088.00
20160718	16.69	16.75	16.39	16.52	2868500	47950024.00
20160719	16.47	16.59	16.39	16.55	2621900	43710744.00
20160720	16.57	16.59	16.27	16.36	5764800	95672968.00
20160721	16.36	16.41	16.22	16.29	3252100	53718408.00
20160722	16.32	16.36	16.09	16.27	3062100	50154632.00
20160725	16.25	16.37	16.18	16.32	3017700	49660860.00
20160726	16.31	16.43	16.24	16.39	3912800	64710692.00
20160727	16.41	16.53	15.81	15.94	6150916	100339112.00
20160728	15.97	16.22	15.83	16.10	2706604	44047344.00
20160729	16.12	16.15	15.96	16.11	1866082	30292228.00
20160801	16.10	16.10	15.57	15.81	3708100	59423504.00
20160802	15.91	15.93	15.79	15.86	1752762	28074736.00
20160803	15.87	16.12	15.81	16.10	2775590	44956120.00
20160804	16.09	16.09	15.72	15.89	3713511	59546280.00
20160805	15.89	15.98	15.65	15.66	4338898	69205992.00
20160808	15.56	15.61	15.17	15.41	5598330	86924160.00
20160809	15.35	15.58	15.24	15.57	2815200	44081144.00
20160810	15.47	15.67	15.44	15.53	2032000	31991256.00
20160811	15.50	15.56	15.09	15.13	4863915	75398864.00
20160812	15.13	15.76	14.98	15.75	7035429	110279552.00
20160815	15.75	16.01	15.56	15.87	10297226	164876640.00
20160816	15.85	16.00	15.81	15.96	4333304	69914304.00
20160817	15.97	16.01	15.80	15.90	3140384	50532648.00
20160818	15.92	16.12	15.86	15.96	4325724	70154752.00
20160819	16.01	16.11	15.81	15.94	7240402	116891048.00
20160822	15.86	15.93	15.49	15.53	5591600	88821176.00
20160823	15.55	15.67	15.40	15.62	5208900	81848896.00
20160824	15.67	15.94	15.56	15.76	3041200	48440180.00
20160825	15.66	16.05	15.51	16.01	6131300	98521824.00
20160826	16.06	16.14	15.80	15.93	3351800	54080316.00
20160829	15.93	16.12	15.86	16.11	5677520	92072528.00
20160830	16.14	17.07	16.06	16.72	18572226	312921088.00
20160831	16.80	17.26	16.72	17.01	14361015	247173584.00
20160901	17.09	17.48	16.91	16.99	11657104	203283408.00
20160902	16.91	17.57	16.74	17.50	13773856	240240336.00
20160905	17.71	17.79	17.17	17.23	12382482	218897152.00
20160906	17.25	17.63	17.07	17.58	7496069	131960712.00
20160907	17.49	17.77	17.34	17.58	5366948	95170904.00
20160908	17.53	17.73	17.23	17.57	4479800	78976864.00
20160909	17.47	18.49	17.41	18.07	9335723	169597984.00
20160912	17.69	18.98	17.53	18.50	19491788	364451072.00
20160913	18.44	19.17	18.18	18.66	11805104	222403808.00
20160914	18.56	18.56	17.94	18.06	5996806	110403120.00
20160919	18.11	18.24	17.57	17.91	10766919	193691104.00
20160920	17.89	17.98	17.57	17.77	5666021	101623336.00
20160921	17.70	18.06	17.64	17.76	6759090	122173488.00
20160922	17.89	18.15	17.63	17.78	6429687	116137040.00
20160923	17.82	18.07	17.56	17.98	8275109	149088544.00
20160926	17.82	18.03	16.94	17.04	10905971	192509264.00
20160927	16.81	17.22	16.81	17.15	7271774	125800448.00
20160928	17.10	17.15	16.72	17.11	7592262	129614368.00
20160929	17.01	17.15	16.88	16.98	3837659	66048996.00
20160930	16.97	17.20	16.92	17.15	2819742	48795488.00
20161010	17.26	17.31	16.69	17.03	7189024	122898200.00
20161011	17.00	17.02	16.81	16.84	8694052	148320112.00
20161012	16.84	16.84	16.42	16.58	11421240	191125216.00
20161013	16.53	16.84	16.51	16.61	7992560	134979408.00
20161014	16.64	16.93	16.44	16.84	6977722	117583872.00
20161017	16.75	16.89	16.52	16.60	10331730	174290640.00
20161018	16.52	16.77	16.27	16.48	12044144	199777168.00
20161019	16.59	17.06	16.51	16.93	16051719	274062240.00
20161020	16.92	16.92	16.66	16.81	8011109	135840032.00
20161021	16.76	16.86	16.51	16.61	6465244	108791816.00
20161024	16.58	16.66	16.41	16.62	7441496	124438104.00
20161025	16.61	16.63	16.46	16.59	9735978	162731520.00
20161026	16.59	16.86	16.53	16.84	9080338	153211184.00
20161027	16.76	16.76	16.55	16.62	5462065	91909472.00
20161028	16.59	16.75	16.46	16.61	5906540	99149648.00
20161031	16.41	16.46	15.80	16.01	15855737	257486272.00
20161101	15.98	16.15	15.96	16.05	5908800	96030008.00
20161102	15.97	15.97	15.80	15.85	8560800	137382336.00
20161103	15.80	15.95	15.77	15.88	6263594	100651360.00
20161104	15.89	16.00	15.70	15.81	6082200	97584528.00
20161107	15.81	15.86	15.66	15.84	2909155	46506008.00
20161108	15.89	15.98	15.84	15.98	3435669	55316328.00
20161109	15.96	16.08	15.81	15.96	4701489	75985224.00
20161110	16.06	16.24	16.01	16.17	5066175	82686872.00
20161111	16.17	16.19	16.00	16.13	3892038	63336784.00
20161114	16.31	16.65	16.11	16.61	15471896	256806192.00
20161115	16.46	16.46	16.17	16.33	10148713	167379312.00
20161116	16.49	16.58	16.36	16.41	5737000	95383456.00
20161117	16.45	16.54	16.36	16.45	4965000	82683824.00
20161118	16.50	16.51	16.24	16.33	4044800	66903908.00
20161121	16.34	16.49	16.30	16.37	4451500	73836248.00
20161122	16.44	16.49	16.28	16.48	4965276	82256672.00
20161123	16.51	16.62	16.41	16.51	7574186	126536488.00
20161124	16.52	16.56	16.28	16.31	4299200	71308144.00
20161125	16.34	16.45	16.16	16.35	4992900	82479240.00
20161128	16.36	16.42	16.26	16.31	4607500	76099392.00
20161129	16.35	16.43	16.27	16.36	5051600	83553512.00
20161130	16.42	16.42	16.12	16.20	3785800	62351424.00
20161201	16.14	16.54	16.14	16.53	7735734	128556760.00
20161202	16.52	16.52	16.26	16.31	5644544	93505232.00
20161205	16.21	16.35	16.16	16.30	2649400	43595480.00
20161206	16.35	16.35	16.20	16.21	1821500	29962840.00
20161207	16.27	16.35	16.19	16.32	2352200	38748204.00
20161208	16.34	16.43	16.21	16.21	3065000	50589080.00
20161209	16.22	16.24	16.06	16.07	2803900	45832940.00
20161212	16.09	16.11	15.32	15.43	4693200	74461072.00
20161213	15.41	15.52	15.22	15.43	2836238	44184696.00
20161214	15.39	15.66	15.33	15.59	3085849	48481680.00
20161215	15.51	15.70	15.46	15.51	1937567	30465336.00
20161216	15.55	15.58	15.36	15.49	2685215	42116348.00
20161219	15.56	15.56	15.43	15.46	1396707	21871606.00
20161220	15.46	15.46	15.26	15.31	1460017	22642424.00
20161221	15.33	15.43	15.33	15.40	1549629	24114444.00
20161222	15.39	15.39	15.25	15.28	1773421	27485340.00
20161223	15.31	15.33	15.20	15.21	1465600	22631634.00
20161226	15.23	15.37	14.78	15.35	3100217	47266744.00
20161227	15.38	15.48	15.20	15.39	2548271	39627492.00
20161228	15.32	15.48	15.30	15.45	1894682	29524178.00
20161229	15.37	15.63	15.32	15.55	3006500	47327572.00
20161230	15.46	15.97	15.46	15.86	4140600	66042128.00
20170103	15.87	15.97	15.76	15.95	2649247	42539920.00
20170104	15.91	16.04	15.84	15.93	1803916	29034056.00
20170105	15.94	16.18	15.89	16.11	3573118	57988140.00
20170106	16.09	16.19	15.91	16.00	2822402	45882304.00
20170109	16.01	16.06	15.85	16.05	1693652	27353476.00
20170110	16.04	16.05	15.89	15.91	1270115	20489928.00
20170111	15.91	15.91	15.77	15.84	2216699	35542724.00
20170112	15.85	15.96	15.66	15.70	1417414	22685428.00
20170113	15.70	15.70	15.49	15.57	1986511	31349108.00
20170116	15.50	15.59	15.24	15.37	3027074	47240200.00
20170117	15.31	15.57	15.31	15.54	969418	15176606.00
20170118	15.60	15.89	15.56	15.70	2089462	33250880.00
20170119	15.70	15.70	15.55	15.57	744141	11766470.00
20170120	15.52	15.79	15.52	15.68	1222345	19454668.00
20170123	15.78	16.11	15.77	16.07	3514819	56777948.00
20170124	16.06	16.07	15.90	15.95	2351001	38026736.00
20170125	15.95	16.03	15.91	15.98	1217050	19678804.00
20170126	15.99	16.07	15.90	15.98	1063997	17208096.00
20170203	16.06	16.11	15.91	15.92	1097800	17772952.00
20170206	15.92	16.16	15.92	16.04	2171469	35300888.00
20170207	16.00	16.19	15.96	16.00	1775400	28847698.00
20170208	15.99	15.99	15.87	15.92	2189149	35255120.00
20170209	15.95	16.01	15.91	15.95	2238942	36139376.00
20170210	15.95	15.98	15.90	15.93	1695668	27329848.00
20170213	15.88	16.08	15.84	16.08	3497802	56559940.00
20170214	16.04	16.04	15.91	15.96	1884250	30422492.00
20170215	15.97	15.97	15.40	15.47	7243093	114631120.00
20170216	15.47	15.63	15.34	15.62	3579811	56208248.00
20170217	15.59	15.67	15.53	15.63	1689637	26672404.00
20170220	15.61	15.72	15.52	15.71	2305100	36395216.00
20170221	15.69	15.82	15.62	15.74	2418231	38558624.00
20170222	15.69	15.76	15.64	15.71	1941633	30835196.00
20170223	15.71	15.75	15.60	15.67	2658424	42102932.00
20170224	15.62	15.95	15.62	15.93	5388000	86190472.00
20170227	15.89	16.38	15.78	16.31	10402500	170665248.00
20170228	16.23	16.51	16.18	16.31	5146833	84866008.00
20170301	16.27	16.46	16.19	16.37	5354452	88552464.00
20170302	16.35	16.54	16.33	16.45	5363665	89169856.00
20170303	16.46	16.51	16.27	16.37	3971587	65717272.00
20170306	16.37	16.64	16.28	16.62	4722855	78795064.00
20170307	16.58	16.95	16.45	16.73	7242200	122902816.00
20170308	16.69	17.27	16.69	17.22	14859000	256809264.00
20170309	17.20	17.20	16.80	17.03	7250301	124295072.00
20170310	16.92	17.57	16.85	17.47	9270101	162848816.00
20170313	17.47	17.55	17.21	17.50	4189695	73596448.00
20170314	17.40	17.46	16.98	17.03	4656741	80627768.00
20170315	17.05	17.11	16.87	17.03	4519009	77612432.00
20170316	17.08	17.14	16.95	17.11	4716173	81271320.00
20170317	17.06	17.14	16.89	17.01	4210909	72536032.00
20170320	16.91	17.08	16.88	16.97	3880300	66603532.00
20170321	16.97	17.43	16.95	17.43	7102700	123709032.00
20170322	17.33	17.71	17.28	17.43	7064509	124933016.00
20170323	17.58	17.77	17.39	17.59	5277506	93859488.00
20170324	17.59	17.68	17.37	17.48	3844300	67991456.00
20170327	17.51	17.83	17.41	17.45	4806502	85821248.00
20170328	17.42	17.61	17.32	17.38	3255234	57412600.00
20170329	17.41	17.44	17.02	17.15	4392055	76359744.00
20170330	17.06	17.11	16.80	16.91	3703128	63299224.00
20170331	16.81	17.15	16.76	17.11	2222753	38201500.00
20170405	16.57	17.53	16.57	17.10	7796387	135028240.00
20170406	16.98	17.30	16.89	17.08	2958829	51195344.00
20170407	17.07	17.38	17.02	17.35	4144295	72132832.00
20170410	17.37	17.56	17.22	17.44	5340238	94137800.00
20170411	17.53	17.53	16.87	17.01	5775200	99348904.00
20170412	16.93	17.35	16.90	17.03	3294500	57086360.00
20170413	17.02	17.21	16.95	17.18	2718562	47051204.00
20170414	17.21	17.30	17.07	17.19	3955365	68714768.00
20170417	17.19	17.80	17.19	17.80	7725080	137420288.00
20170418	17.81	18.06	17.65	17.82	7894956	142491488.00
20170419	17.57	18.29	17.51	18.15	8304995	150405168.00
20170420	18.16	18.64	18.00	18.45	7533259	140493648.00
20170421	18.40	18.60	18.07	18.36	4649501	86199624.00
20170424	18.39	18.41	17.43	17.92	6099200	109949416.00
20170425	17.91	18.16	17.79	18.01	2860200	51925668.00
20170426	18.00	18.20	17.81	18.19	2857500	51917516.00
20170427	18.05	18.37	17.61	18.29	4590300	83056304.00
20170428	17.71	18.01	17.61	17.87	4172788	75093872.00
20170502	17.81	17.81	17.12	17.52	4392310	77384800.00
20170503	17.32	17.56	16.98	17.11	3456010	60354856.00
20170504	17.25	17.77	17.13	17.69	3796900	67337712.00
20170505	17.69	17.73	17.36	17.59	2515100	44538192.00
20170508	17.51	17.58	17.26	17.36	986800	17333226.00
20170509	17.32	17.47	17.13	17.46	815200	14283935.00
20170510	17.44	17.64	17.22	17.28	1889800	33496744.00
20170511	17.25	17.57	17.11	17.54	2426900	42489540.00
20170512	17.56	17.56	17.31	17.48	904815	15927330.00
20170515	17.51	17.78	17.48	17.73	2071740	37043176.00
20170516	17.76	18.01	17.67	17.99	1555684	28063468.00
20170517	17.99	18.23	17.81	18.03	1998081	36455124.00
20170518	18.01	18.19	17.86	18.02	1363600	24902624.00
20170519	18.02	18.21	17.78	17.85	1308550	23694892.00
20170522	17.78	17.89	17.43	17.62	1518088	27022752.00
20170523	17.62	17.67	17.39	17.58	1188600	21056676.00
20170524	17.52	17.57	17.21	17.40	2215100	38829868.00
20170525	17.40	17.51	17.21	17.42	2367700	41727768.00
20170526	17.45	17.77	17.41	17.58	1469300	26135308.00
20170531	17.81	17.88	17.17	17.20	3717233	65580528.00
20170601	17.21	17.39	16.40	16.60	5688732	95914904.00
20170602	16.54	16.79	16.38	16.74	1559298	26125188.00
20170605	16.76	17.27	16.74	17.16	2334106	40338992.00
20170606	17.16	17.22	17.00	17.14	743409	12863991.00
20170607	17.14	17.49	17.11	17.46	1577666	27649042.00
20170608	17.41	17.56	17.33	17.46	948089	16739810.00
20170609	17.37	17.67	17.16	17.61	3385046	59397904.00
20170612	17.62	17.62	17.26	17.34	1309700	23093160.00
20170613	17.29	17.56	17.27	17.47	1370504	24202604.00
20170614	17.48	17.63	17.43	17.53	992652	17606268.00
20170615	17.51	17.58	17.29	17.39	1549567	27247742.00
20170616	17.41	17.44	17.09	17.25	1310216	22810998.00
20170619	17.17	17.25	16.95	17.09	2271876	39159236.00
20170620	17.11	17.17	17.00	17.07	1325960	22863328.00
20170621	17.09	17.22	17.03	17.20	987460	17101280.00
20170622	17.20	17.20	17.00	17.01	1796086	31082616.00
20170623	17.08	17.11	16.32	16.81	2664292	45103228.00
20170626	16.80	17.07	16.75	16.94	3745010	63142128.00
20170627	16.94	17.49	16.94	17.48	3950172	68125400.00
20170628	17.36	17.47	17.20	17.21	2823945	48932440.00
20170629	17.29	17.34	17.12	17.20	2482097	42752160.00
20170630	17.20	17.28	16.90	17.10	3374117	57549832.00
20170703	17.05	17.05	16.63	16.96	5472980	92170544.00
20170704	16.91	17.08	16.91	17.04	2104987	35778904.00
20170705	17.09	17.09	16.91	16.99	1310967	22268166.00
20170706	16.98	17.30	16.98	17.07	2124292	36366264.00
20170707	17.04	17.12	17.02	17.08	772526	13185864.00
20170710	17.09	17.12	16.89	17.02	1979627	33643256.00
20170711	17.03	17.06	16.70	16.73	2589800	43623140.00
数据来源:通达信
