600064 南京高科 日线 前复权
      日期	    开盘	    最高	    最低	    收盘	    成交量	    成交额
20111010	5.74	5.80	5.62	5.64	1564121	16342076.00
20111011	5.79	5.83	5.55	5.60	2212826	23138068.00
20111012	5.58	6.00	5.52	5.95	4170382	44562228.00
20111013	5.93	5.98	5.84	5.96	2859547	30982384.00
20111014	5.94	6.06	5.84	6.04	2838626	30776204.00
20111017	6.02	6.16	5.94	6.00	2709120	29884920.00
20111018	5.92	5.99	5.80	5.82	2366879	25481508.00
20111019	5.90	5.97	5.82	5.86	1134169	12218647.00
20111020	5.82	5.92	5.58	5.64	1925519	20176672.00
20111021	5.64	5.76	5.60	5.66	1065593	11118623.00
20111024	5.70	5.86	5.58	5.82	1714706	18091692.00
20111025	5.84	6.06	5.79	6.04	2734452	29752768.00
20111026	5.95	6.12	5.95	6.00	4260319	46882496.00
20111027	6.00	6.08	5.94	5.96	3334439	36494848.00
20111028	6.06	6.18	6.03	6.12	4057958	45046016.00
20111031	6.14	6.17	6.04	6.08	2909611	32202130.00
20111101	6.04	6.14	5.99	6.03	2511243	27668220.00
20111102	5.93	6.15	5.88	6.14	3829114	41877260.00
20111103	6.14	6.24	6.12	6.18	5752743	64535780.00
20111104	6.22	6.36	6.18	6.30	5170393	58636112.00
20111107	6.24	6.32	6.12	6.16	3720650	41856152.00
20111108	6.17	6.20	5.98	6.00	3710294	40981040.00
20111109	5.99	6.11	5.99	6.10	1977106	21786972.00
20111110	6.02	6.09	5.95	5.96	2233058	24457990.00
20111111	5.96	6.08	5.93	5.96	1479525	16158355.00
20111114	6.02	6.14	6.00	6.11	3583799	39631532.00
20111115	6.13	6.16	6.08	6.15	2125837	23614732.00
20111116	6.15	6.15	5.91	5.94	2540410	27813284.00
20111117	5.91	6.08	5.91	5.93	1417999	15464234.00
20111118	5.86	5.92	5.61	5.64	2356128	24837698.00
20111121	5.65	5.72	5.63	5.68	1270848	13254297.00
20111122	5.66	5.71	5.59	5.68	978279	10188584.00
20111123	5.68	5.70	5.60	5.61	1016374	10562794.00
20111124	5.60	5.70	5.52	5.66	1212273	12544881.00
20111125	5.64	5.68	5.52	5.55	1241235	12839646.00
20111128	5.61	5.72	5.58	5.64	1408389	14659623.00
20111129	5.68	5.74	5.64	5.73	1497298	15693477.00
20111130	5.73	5.73	5.40	5.44	1766379	18031284.00
20111201	5.61	5.76	5.60	5.64	2385915	24921864.00
20111202	5.64	5.64	5.46	5.52	1641002	16808780.00
20111205	5.51	5.52	5.34	5.37	1747519	17627588.00
20111206	5.39	5.48	5.37	5.42	1036739	10445910.00
20111207	5.46	5.50	5.42	5.44	910708	9204467.00
20111208	5.44	5.52	5.37	5.46	1205379	12207240.00
20111209	5.44	5.53	5.40	5.44	1691259	17189852.00
20111212	5.45	5.45	5.32	5.34	1119905	11212288.00
20111213	5.36	5.40	5.15	5.17	1658649	16271086.00
20111214	5.16	5.22	4.99	5.06	1144180	11012634.00
20111215	5.04	5.04	4.78	4.84	2200454	20377698.00
20111216	4.83	4.98	4.79	4.97	1079266	9996480.00
20111219	4.94	5.07	4.80	4.94	984145	9146104.00
20111220	4.96	5.06	4.92	4.95	1138416	10715308.00
20111221	5.00	5.02	4.80	4.80	1029756	9591916.00
20111222	4.82	4.92	4.76	4.82	2159661	19866740.00
20111223	4.82	4.98	4.78	4.88	3015502	27916016.00
20111226	4.91	4.91	4.78	4.82	2133677	19544612.00
20111227	4.81	4.89	4.72	4.72	1305841	11890191.00
20111228	4.70	4.70	4.53	4.68	1871893	16589271.00
20111229	4.68	4.70	4.56	4.57	1991576	17623040.00
20111230	4.60	4.74	4.58	4.73	1807254	16154165.00
20120104	4.76	4.81	4.60	4.60	1939267	17413944.00
20120105	4.59	4.68	4.52	4.57	1853265	16352790.00
20120106	4.58	4.63	4.51	4.60	1333714	11691076.00
20120109	4.65	4.82	4.60	4.80	2551846	23017416.00
20120110	4.80	5.01	4.76	5.00	4661067	43436020.00
20120111	5.02	5.14	5.00	5.07	4431683	42229464.00
20120112	5.06	5.21	5.00	5.01	3651885	35024996.00
20120113	5.00	5.04	4.88	4.89	2608021	24314012.00
20120116	4.88	4.97	4.85	4.86	1621016	15096238.00
20120117	4.90	5.13	4.85	5.12	2948925	27955094.00
20120118	5.10	5.20	5.01	5.02	2670344	25687692.00
20120119	5.08	5.15	4.93	5.14	2801641	26787036.00
20120120	5.12	5.38	5.12	5.35	4885545	48271332.00
20120130	5.38	5.38	5.21	5.24	3168240	31451604.00
20120131	5.27	5.30	5.21	5.28	1815803	17812276.00
20120201	5.24	5.34	5.22	5.24	2095550	20662548.00
20120202	5.26	5.36	5.20	5.36	1744356	17226286.00
20120203	5.38	5.48	5.34	5.43	2727839	27491412.00
20120206	5.44	5.55	5.37	5.41	3608086	36451320.00
20120207	5.37	5.37	5.16	5.18	3881037	37988484.00
20120209	5.37	5.47	5.35	5.42	5043091	50628712.00
20120210	5.42	5.54	5.38	5.44	4511375	45740256.00
20120213	5.34	5.42	5.29	5.38	3222137	32101672.00
20120214	5.36	5.40	5.31	5.39	1965581	19567416.00
20120215	5.36	5.49	5.33	5.44	3236242	32641612.00
20120216	5.44	5.52	5.38	5.43	2868922	29020784.00
20120217	5.46	5.49	5.36	5.43	2571105	25871230.00
20120220	5.52	5.53	5.43	5.45	2889088	29359320.00
20120221	5.48	5.51	5.33	5.51	3465725	34937800.00
20120222	5.51	5.68	5.48	5.65	7705877	79828000.00
20120223	5.66	5.68	5.55	5.62	3046498	31593000.00
20120224	5.64	6.01	5.60	5.96	13013158	139457696.00
20120227	5.97	6.11	5.91	5.92	10493147	114732968.00
20120228	5.90	6.01	5.84	5.95	4622758	49967640.00
20120229	5.86	5.86	5.69	5.72	6740833	71358936.00
20120301	5.68	5.84	5.68	5.80	2805540	29696728.00
20120302	5.78	6.08	5.77	6.04	6267697	68314360.00
20120305	6.04	6.14	5.96	6.00	3732907	40964440.00
20120306	6.00	6.08	5.90	5.92	4234745	46082464.00
20120307	5.86	5.98	5.78	5.90	2688070	28986106.00
20120308	5.93	6.26	5.93	6.18	8840070	98590440.00
20120309	6.21	6.28	6.11	6.16	4906634	55047100.00
20120312	6.18	6.24	6.06	6.15	4526323	50533528.00
20120313	6.16	6.22	6.11	6.22	2641608	29564292.00
20120314	6.26	6.31	5.73	5.76	9402616	103595712.00
20120315	5.79	5.82	5.58	5.61	4130294	43165720.00
20120316	5.63	5.74	5.60	5.73	3734561	39059320.00
20120319	5.72	5.79	5.65	5.76	3391872	35696192.00
20120320	5.74	5.75	5.50	5.53	8056455	83075640.00
20120321	5.53	5.64	5.49	5.56	3027292	31150446.00
20120322	5.56	5.66	5.52	5.56	3431933	35394320.00
20120323	5.56	5.57	5.36	5.42	3935713	39773016.00
20120326	5.40	5.48	5.37	5.42	1527912	15359449.00
20120327	5.44	5.57	5.42	5.48	3552480	36141612.00
20120328	5.50	5.66	5.35	5.38	8214378	84374544.00
20120329	5.23	5.44	5.02	5.18	5673642	55129320.00
20120330	5.20	5.24	5.15	5.21	2019895	19624850.00
20120405	5.24	5.46	5.20	5.44	2943774	29417128.00
20120406	5.46	5.56	5.45	5.54	4121139	41996068.00
20120409	5.52	5.68	5.46	5.50	4346557	44862324.00
20120410	5.51	5.60	5.34	5.59	3396933	34476116.00
20120411	5.48	5.86	5.48	5.82	10114638	106673984.00
20120412	5.86	6.42	5.75	6.27	19640192	218376720.00
20120413	6.19	6.31	6.09	6.17	11488695	129316600.00
20120416	6.11	6.49	6.04	6.42	14720320	168047680.00
20120417	6.36	6.46	5.93	5.94	12318962	138085216.00
20120418	6.03	6.28	5.92	6.20	9231253	102874152.00
20120419	6.14	6.40	6.08	6.20	8746874	98963856.00
20120420	6.20	6.76	6.20	6.68	17751987	209205808.00
20120423	6.70	6.88	6.46	6.66	17335205	207408560.00
20120424	6.59	6.97	6.43	6.85	20157494	241860160.00
20120425	6.78	7.14	6.72	6.89	20383701	252085008.00
20120426	6.92	6.94	6.58	6.65	11870089	142996256.00
20120427	6.61	6.89	6.58	6.65	8812178	106186952.00
20120502	6.83	6.84	6.62	6.78	10104884	121834880.00
20120503	6.74	6.84	6.57	6.70	7549550	90132808.00
20120504	6.70	6.76	6.56	6.68	6126374	72949904.00
20120507	6.64	6.88	6.60	6.86	9431774	113846880.00
20120508	6.80	6.94	6.71	6.83	7342888	89419904.00
20120509	6.71	6.88	6.63	6.72	5716736	69119208.00
20120511	6.71	6.71	6.38	6.39	6563217	77146032.00
20120514	6.48	6.87	6.42	6.75	12273315	146940688.00
20120515	6.66	7.00	6.64	6.99	11698647	142958496.00
20120516	6.93	6.96	6.70	6.72	5843904	71021264.00
20120517	6.73	6.86	6.55	6.83	5692515	68461608.00
20120518	6.74	6.76	6.49	6.57	5024225	59560528.00
20120521	6.56	6.61	6.40	6.57	3771675	44214488.00
20120522	6.57	6.68	6.56	6.64	2975185	35299608.00
20120523	6.61	6.70	6.45	6.56	3872664	45641288.00
20120524	6.50	6.62	6.38	6.42	3019373	35232424.00
20120525	6.44	6.55	6.38	6.42	2235355	25970784.00
20120528	6.38	6.55	6.20	6.54	3222030	37183664.00
20120529	6.55	6.73	6.50	6.70	5875990	70008712.00
20120530	6.65	6.81	6.63	6.68	3467168	41609588.00
20120531	6.64	6.72	6.58	6.64	2856776	33930200.00
20120601	6.62	6.68	6.54	6.61	2183573	25860864.00
20120604	6.44	6.48	6.16	6.18	4991223	56899696.00
20120605	6.19	6.37	6.16	6.20	3092023	35089472.00
20120606	6.22	6.26	6.04	6.06	2090929	23278812.00
20120607	6.16	6.21	6.02	6.08	2557323	28457320.00
20120608	6.20	6.24	6.05	6.08	4807469	53761824.00
20120611	6.08	6.20	6.00	6.15	4273133	47482080.00
20120612	6.11	6.19	6.05	6.14	2030162	22598936.00
20120613	6.18	6.53	6.13	6.51	9120051	104911352.00
20120614	6.44	6.61	6.41	6.45	6598207	77381152.00
20120615	6.44	6.62	6.42	6.56	5949078	69779632.00
20120618	6.62	6.62	6.53	6.55	3953417	46693892.00
20120619	6.54	6.56	6.42	6.50	2887580	33660620.00
20120620	6.50	6.60	6.45	6.54	4230576	49516440.00
20120621	6.50	6.60	6.38	6.52	4399727	51547664.00
20120625	6.53	6.62	6.18	6.30	4058492	46863784.00
20120626	6.20	6.47	6.19	6.39	3873781	44340792.00
20120627	6.38	6.50	6.33	6.47	4039349	46838196.00
20120628	6.50	6.56	6.04	6.14	4271275	48861160.00
20120629	6.04	6.43	6.04	6.38	5752661	65408008.00
20120702	6.57	6.57	6.33	6.35	3498263	40048796.00
20120703	6.46	6.60	6.41	6.51	4203798	48416408.00
20120704	6.51	6.64	6.47	6.58	2897398	33496160.00
20120705	6.57	6.59	6.31	6.38	2874975	32645384.00
20120706	6.47	6.61	6.36	6.60	4339066	49889132.00
20120709	6.52	6.62	6.31	6.33	3612897	41410944.00
20120710	6.25	6.31	5.85	5.92	5300511	57446168.00
20120711	5.90	6.00	5.86	5.91	2885871	30582590.00
20120712	5.90	6.10	5.86	6.05	2736873	29300944.00
20120713	6.00	6.14	5.98	6.04	2072127	22412584.00
20120716	6.14	6.14	5.68	5.71	2419881	25386388.00
20120717	5.68	6.08	5.66	5.86	2508668	26394272.00
20120718	5.84	5.94	5.64	5.90	2076884	21557040.00
20120719	5.88	6.10	5.82	5.99	3917442	41804960.00
20120720	5.94	6.04	5.83	5.90	3134471	33291882.00
20120723	5.88	5.94	5.72	5.79	1691262	17687436.00
20120724	6.06	6.11	5.83	5.90	7579829	80811224.00
20120725	5.84	5.86	5.56	5.61	3735901	38261516.00
20120726	5.57	5.60	5.36	5.37	3584469	35756192.00
20120727	5.38	5.61	5.35	5.43	2560926	25404832.00
20120730	5.44	5.44	5.23	5.32	1864397	18166352.00
20120731	5.30	5.36	5.16	5.26	2351379	22576098.00
20120801	5.22	5.43	5.20	5.38	1956736	19112712.00
20120802	5.38	5.41	5.18	5.20	1904403	18354570.00
20120803	5.25	5.42	5.22	5.36	1643396	15968600.00
20120806	5.46	5.74	5.43	5.72	10321191	105117424.00
20120807	5.72	5.78	5.59	5.65	4898794	50146364.00
20120808	5.66	5.70	5.51	5.58	3162685	32006512.00
20120809	5.57	5.64	5.54	5.62	2646184	26829918.00
20120810	5.62	5.64	5.53	5.57	3149295	31831384.00
20120813	5.58	5.58	5.37	5.38	2827259	28079326.00
20120814	5.44	5.55	5.29	5.50	2515825	24970148.00
20120815	5.51	5.51	5.38	5.38	1867327	18465392.00
20120816	5.38	5.42	5.36	5.39	1226297	12041092.00
20120817	5.38	5.46	5.33	5.38	1212904	11893117.00
20120820	5.42	5.46	5.37	5.44	1815046	17893326.00
20120821	5.45	5.54	5.43	5.52	3124469	31241700.00
20120822	5.52	5.54	5.42	5.45	1743974	17371444.00
20120823	5.45	5.69	5.42	5.67	4389600	44331660.00
20120824	5.62	5.68	5.54	5.56	3588347	36485512.00
20120827	5.56	5.56	5.32	5.34	1604976	15898027.00
20120828	5.34	5.50	5.33	5.42	1040414	10253534.00
20120829	5.42	5.50	5.38	5.38	1054904	10434864.00
20120830	5.41	5.44	5.26	5.35	1458060	14247844.00
20120831	5.38	5.43	5.35	5.42	1022685	10033489.00
20120903	5.44	5.64	5.44	5.56	2390085	24048168.00
20120904	5.56	5.58	5.48	5.49	1419784	14229400.00
20120905	5.52	5.63	5.51	5.53	1686664	17008048.00
20120906	5.56	5.61	5.52	5.60	1385688	13974469.00
20120907	5.63	5.98	5.60	5.88	7722432	80956256.00
20120910	5.84	6.02	5.83	5.89	4645049	49228020.00
20120911	5.88	5.92	5.79	5.87	2343781	24563370.00
20120912	5.90	5.92	5.74	5.83	2059479	21575326.00
20120913	5.78	5.86	5.70	5.70	2436942	25371832.00
20120914	5.78	5.82	5.66	5.78	2603651	26947096.00
20120917	5.76	5.79	5.54	5.55	2470282	25185994.00
20120918	5.50	5.59	5.48	5.52	1130543	11356305.00
20120919	5.52	5.59	5.50	5.53	1120804	11250762.00
20120920	5.57	5.57	5.31	5.32	1722429	16978812.00
20120921	5.28	5.37	5.24	5.30	1146817	11132825.00
20120924	5.30	5.42	5.26	5.36	1372327	13386090.00
20120925	5.38	5.40	5.31	5.34	870923	8499230.00
20120926	5.32	5.34	5.18	5.21	1311323	12567627.00
20120927	5.20	5.42	5.20	5.36	2047020	19884908.00
20120928	5.31	5.66	5.31	5.62	3431790	34381728.00
20121008	5.62	5.70	5.53	5.63	2733476	27772884.00
20121009	5.63	5.75	5.63	5.70	2075584	21333254.00
20121010	5.66	5.74	5.62	5.70	1456468	14943706.00
20121011	5.69	5.69	5.51	5.52	2005614	20299010.00
20121012	5.57	5.64	5.51	5.57	1071273	10801560.00
20121015	5.57	5.59	5.48	5.52	907917	9094112.00
20121016	5.51	5.62	5.50	5.55	1518874	15299653.00
20121017	5.56	5.58	5.46	5.56	1231631	12341195.00
20121018	5.58	5.84	5.54	5.78	4797785	49527728.00
20121019	5.76	5.84	5.72	5.74	3950937	41187996.00
20121022	5.68	5.84	5.66	5.81	1659561	17236072.00
20121023	5.81	5.90	5.67	5.70	2239652	23358864.00
20121024	5.69	5.75	5.64	5.69	1647573	16939100.00
20121025	5.70	5.74	5.64	5.65	1271196	13044810.00
20121026	5.63	5.64	5.42	5.46	2147132	21430764.00
20121029	5.42	5.51	5.42	5.44	1145325	11372382.00
20121030	5.44	5.56	5.43	5.48	1947182	19378412.00
20121031	5.50	5.50	5.38	5.44	1431427	14151336.00
20121101	5.46	5.69	5.44	5.64	6486048	65334472.00
20121102	5.63	5.74	5.56	5.70	5232906	53588480.00
20121105	5.70	5.73	5.60	5.66	2923623	29848146.00
20121106	5.68	5.68	5.50	5.58	2514348	25288840.00
20121107	5.58	5.60	5.50	5.56	1798035	18045292.00
20121108	5.48	5.54	5.38	5.39	2411887	23971824.00
20121109	5.40	5.47	5.37	5.38	1255009	12342967.00
20121112	5.39	5.48	5.38	5.41	2342611	23099056.00
20121113	5.42	5.42	5.24	5.25	2441255	23636128.00
20121114	5.28	5.31	5.23	5.30	908829	8759120.00
20121115	5.28	5.32	5.20	5.23	863528	8314414.00
20121116	5.22	5.30	5.19	5.24	2836347	27215904.00
20121119	5.22	5.22	5.11	5.18	1756902	16654716.00
20121120	5.21	5.22	5.10	5.10	1398069	13249124.00
20121121	5.06	5.16	5.06	5.12	4170165	39299376.00
20121122	5.12	5.13	5.01	5.04	2325857	21730838.00
20121123	5.05	5.13	5.02	5.03	2536411	23707452.00
20121126	5.04	5.04	4.91	4.94	3188091	29299732.00
20121127	4.93	4.93	4.78	4.80	2060484	18540896.00
20121128	4.78	4.78	4.67	4.71	1785754	15729169.00
20121129	4.76	4.86	4.68	4.71	2400764	21360900.00
20121130	4.71	5.01	4.68	4.98	5435999	49292840.00
20121203	4.92	5.11	4.92	5.03	6297799	58421500.00
20121204	5.00	5.09	4.95	5.08	2444307	22682010.00
20121205	5.05	5.32	5.02	5.22	5439993	52171680.00
20121206	5.18	5.26	5.11	5.18	2283311	21682590.00
20121207	5.18	5.32	5.14	5.31	3637298	35024576.00
20121210	5.40	5.46	5.34	5.38	4280851	42106720.00
20121211	5.36	5.50	5.34	5.34	4574921	45148136.00
20121212	5.34	5.44	5.31	5.42	2903914	28471758.00
20121213	5.44	5.46	5.31	5.34	2418197	23725662.00
20121214	5.38	5.81	5.34	5.73	9803466	100217440.00
20121217	5.84	5.99	5.73	5.76	10329480	108706328.00
20121218	5.79	5.96	5.70	5.78	7016436	73456496.00
20121219	5.76	5.92	5.70	5.89	6082271	63600136.00
20121220	5.90	5.95	5.77	5.88	4179779	44027600.00
20121221	5.90	5.94	5.70	5.76	5689874	59403168.00
20121224	5.76	5.88	5.68	5.74	6667872	68976856.00
20121225	5.72	6.06	5.69	5.95	15243295	161628176.00
20121226	5.94	6.16	5.92	5.99	10810306	116523168.00
20121227	6.08	6.41	6.00	6.30	25535689	282210560.00
20121228	6.25	6.53	6.18	6.52	15097497	169941712.00
20121231	6.52	6.99	6.46	6.96	19464868	230551040.00
20130104	7.03	7.03	6.69	6.81	12519211	149841360.00
20130107	6.76	6.83	6.68	6.82	7980755	94594856.00
20130108	6.77	6.88	6.56	6.77	9790499	115472504.00
20130109	6.71	7.05	6.68	6.98	11746084	141767984.00
20130110	6.92	7.12	6.82	6.98	7337660	89271064.00
20130111	6.94	6.98	6.63	6.77	8113693	96609776.00
20130114	6.70	7.14	6.68	7.12	11457332	139193024.00
20130115	7.11	7.23	7.04	7.12	6516357	81061488.00
20130116	7.10	7.24	6.82	6.99	9329789	114090832.00
20130117	6.92	6.94	6.77	6.83	5464364	65501308.00
20130118	6.84	6.96	6.78	6.96	7457210	89943560.00
20130121	6.96	7.00	6.82	6.91	5261996	63415908.00
20130122	6.91	6.95	6.57	6.68	20001473	236245216.00
20130123	6.61	6.66	6.44	6.63	7686416	89105472.00
20130124	6.63	6.78	6.41	6.46	13950976	163008576.00
20130125	6.45	6.50	6.38	6.42	5280209	60188600.00
20130128	6.45	6.80	6.44	6.77	15568506	182703760.00
20130129	6.75	6.81	6.68	6.76	14016423	165926912.00
20130130	6.92	7.56	6.92	7.35	34285769	436321856.00
20130131	7.27	7.27	6.92	7.03	18808467	231856928.00
20130201	7.03	7.48	6.95	7.35	17548838	219700912.00
20130204	7.44	7.78	7.38	7.40	18665335	244433200.00
20130205	7.29	7.59	7.25	7.45	10175711	131032672.00
20130206	7.48	7.74	7.40	7.48	10619553	139113232.00
20130207	7.50	7.52	7.12	7.25	11574943	146945728.00
20130208	7.23	7.41	7.18	7.27	7180560	91038520.00
20130218	7.28	7.34	7.17	7.18	5705665	71824880.00
20130219	7.21	7.28	6.95	7.01	6471370	80246584.00
20130220	7.16	7.16	6.89	7.05	5862387	71636832.00
20130221	6.96	6.96	6.58	6.67	8072873	95547296.00
20130222	6.67	6.74	6.54	6.60	4287029	50250688.00
20130225	6.64	6.75	6.60	6.66	3860030	45247952.00
20130226	6.63	6.77	6.53	6.54	6161486	72251720.00
20130227	6.59	6.74	6.56	6.66	3830582	44764488.00
20130228	6.72	6.92	6.64	6.92	6756815	80720208.00
20130301	6.87	6.96	6.71	6.81	6807401	81419168.00
20130304	6.58	6.58	6.02	6.06	14089298	156549424.00
20130305	6.07	6.30	6.02	6.26	5657991	62128572.00
20130306	6.25	6.34	6.24	6.32	4769228	53304512.00
20130307	6.28	6.36	6.13	6.21	4956699	55111616.00
20130308	6.20	6.29	6.14	6.18	3115897	34402664.00
20130311	6.19	6.29	6.16	6.20	3491068	38651436.00
20130312	6.18	6.28	5.92	5.98	4628613	50313960.00
20130313	6.00	6.11	5.94	6.00	3074644	33007400.00
20130314	6.00	6.14	5.96	6.06	2802325	30438940.00
20130315	6.09	6.28	5.93	6.01	4314080	46956584.00
20130318	6.00	6.14	5.95	5.98	2657254	28615180.00
20130319	5.99	6.14	5.96	6.14	2896477	31380664.00
20130320	6.11	6.46	6.10	6.43	6964215	78194416.00
20130321	6.40	6.46	6.24	6.35	6984182	78774168.00
20130322	6.33	6.57	6.24	6.50	7216212	82275888.00
20130325	6.53	6.55	6.37	6.52	5485456	62674340.00
20130326	6.45	6.81	6.35	6.73	12059999	140671552.00
20130327	6.70	6.94	6.65	6.77	10387629	123962272.00
20130328	6.64	6.64	6.18	6.21	9434775	106222072.00
20130329	6.21	6.38	6.15	6.32	3660823	40848320.00
20130401	6.36	6.46	6.32	6.34	3507239	39780712.00
20130402	6.34	6.44	6.17	6.18	4501104	50192148.00
20130403	6.24	6.24	6.08	6.15	2624998	28737688.00
20130408	6.01	6.16	5.92	6.16	2782484	30139996.00
20130409	6.08	6.20	6.08	6.16	4627167	50549816.00
20130410	6.17	6.19	6.01	6.10	3411335	37157216.00
20130411	6.14	6.16	5.99	6.00	2868498	31097696.00
20130412	6.00	6.04	5.92	6.02	2754968	29537956.00
20130415	6.00	6.00	5.88	5.91	1601810	17043096.00
20130416	5.87	6.07	5.81	6.03	2997352	31949224.00
20130417	6.03	6.13	6.01	6.08	3042841	32987440.00
20130418	6.01	6.08	5.98	6.04	2733071	29486250.00
20130419	6.05	6.32	6.05	6.28	5590822	61854232.00
20130422	6.23	6.28	6.19	6.25	3057371	33890072.00
20130423	6.25	6.26	5.94	5.96	3603022	38860840.00
20130424	5.95	6.14	5.94	6.06	3042556	32855336.00
20130425	6.04	6.04	5.90	5.90	2704227	28827022.00
20130426	5.90	5.96	5.78	5.79	1954076	20616768.00
20130502	5.78	5.90	5.71	5.80	2844431	29663792.00
20130503	5.83	6.04	5.80	5.93	3906665	41618760.00
20130506	5.96	6.02	5.93	5.98	3616094	38699000.00
20130507	5.96	6.00	5.94	6.00	2247407	24044478.00
20130508	6.02	6.09	5.96	5.98	4221462	45431036.00
20130509	5.98	5.98	5.84	5.91	3597303	38110632.00
20130510	5.93	6.14	5.93	6.12	6099748	66164784.00
20130513	6.07	6.16	6.00	6.06	2797536	30221624.00
20130514	6.06	6.06	5.94	5.96	2100785	22515356.00
20130515	5.98	6.22	5.98	6.17	5588660	60930592.00
20130516	6.14	6.34	6.11	6.28	5277374	58568376.00
20130517	6.31	6.44	6.30	6.40	6456480	72949904.00
20130520	6.40	6.52	6.37	6.40	6701195	76441352.00
20130521	6.39	6.80	6.38	6.71	9706800	113061040.00
20130522	6.63	6.80	6.54	6.68	7787320	91174000.00
20130523	6.74	6.84	6.54	6.54	6998531	82476856.00
20130524	6.58	6.64	6.36	6.51	6423813	73636088.00
20130527	6.48	6.57	6.44	6.54	4360618	50165672.00
20130528	6.54	6.72	6.45	6.71	5966889	69339824.00
20130529	6.73	6.80	6.61	6.66	6005487	70504960.00
20130530	6.61	6.66	6.48	6.52	5538277	64057808.00
20130531	6.52	6.56	6.45	6.46	3631286	41728148.00
20130603	6.46	6.56	6.41	6.43	3913901	44858520.00
20130604	6.41	6.58	6.38	6.56	6902444	79178240.00
20130605	6.54	6.60	6.44	6.58	3958032	45582944.00
20130606	6.54	6.56	6.43	6.47	3252082	37353400.00
20130607	6.50	6.54	6.27	6.32	4473503	50701496.00
20130613	6.24	6.24	5.90	5.97	4152023	44545864.00
20130614	5.99	6.04	5.90	6.01	3021772	32384196.00
20130617	6.02	6.03	5.88	5.89	2578009	27442974.00
20130618	5.91	6.01	5.88	5.96	2254869	24047840.00
20130619	5.96	5.96	5.74	5.84	3725774	39009696.00
20130620	5.88	5.96	5.64	5.71	3584849	37639172.00
20130621	5.59	5.84	5.54	5.76	2822955	29051888.00
20130624	5.71	5.78	5.28	5.31	3839066	38305900.00
20130625	5.30	5.36	4.76	5.22	4276764	40453588.00
20130626	5.24	5.31	5.14	5.25	1770602	16922132.00
20130627	5.30	5.36	5.12	5.17	2145026	20719228.00
20130628	5.14	5.44	5.12	5.36	3356526	32766834.00
20130701	5.27	5.36	5.22	5.35	1631586	15802944.00
20130702	5.32	5.42	5.27	5.40	1844341	17981692.00
20130703	5.38	5.38	5.25	5.31	2133952	20649666.00
20130704	5.30	5.48	5.30	5.42	2480617	24438456.00
20130705	5.46	5.58	5.44	5.52	2504565	25129268.00
20130708	5.46	5.47	5.25	5.30	1891582	18518876.00
20130709	5.28	5.38	5.26	5.36	1648508	16064714.00
20130710	5.48	5.57	5.35	5.56	2585679	25114596.00
20130711	5.56	5.97	5.54	5.84	5934623	60432916.00
20130712	5.82	5.83	5.74	5.76	3986120	40377616.00
20130715	5.78	5.96	5.70	5.88	4076482	41802012.00
20130716	5.71	5.86	5.71	5.81	3295111	33326718.00
20130717	5.78	5.82	5.72	5.73	2737378	27755604.00
20130718	5.72	5.77	5.64	5.66	1696044	16976974.00
20130719	5.69	5.70	5.46	5.47	2782412	27383604.00
20130722	5.45	5.52	5.38	5.48	1773732	17143348.00
20130723	5.51	5.65	5.48	5.62	2588115	25552940.00
20130724	5.58	5.62	5.49	5.58	1874817	18432788.00
20130725	5.56	5.62	5.50	5.55	1569053	15434389.00
20130726	5.56	5.80	5.48	5.68	3198031	31937700.00
20130729	5.64	5.88	5.56	5.80	6361045	64582612.00
20130730	5.78	5.97	5.76	5.86	5213086	53684508.00
20130731	5.96	6.05	5.81	5.86	4550732	47069612.00
20130801	5.88	5.92	5.80	5.90	4085035	42042960.00
20130802	5.94	6.16	5.94	6.09	7931592	83854464.00
20130805	6.09	6.09	5.99	6.07	4292551	45254760.00
20130806	6.02	6.13	5.98	6.05	3446315	36364156.00
20130807	6.07	6.24	6.04	6.08	5596821	59648524.00
20130808	6.08	6.12	6.00	6.02	2825533	29868024.00
20130809	6.05	6.08	5.92	6.02	2580856	27037402.00
20130812	6.03	6.18	6.02	6.17	3729190	39797092.00
20130813	6.14	6.20	6.10	6.14	2970309	31784132.00
20130814	6.14	6.26	6.14	6.16	3460866	37300684.00
20130815	6.20	6.20	6.02	6.03	3053280	32376504.00
20130816	5.98	6.73	5.96	6.06	5252334	56627752.00
20130819	6.01	6.18	5.98	6.14	2540700	26984352.00
20130820	6.10	6.22	6.10	6.14	2635448	28229562.00
20130821	6.14	6.14	6.05	6.11	1870651	19864928.00
20130822	6.08	6.14	6.02	6.03	2304869	24379080.00
20130823	6.05	6.10	5.88	5.93	2388311	24987378.00
20130826	5.95	6.11	5.93	6.10	3323268	34969736.00
20130827	6.12	6.18	6.06	6.18	3256363	34835216.00
20130828	6.13	6.17	6.06	6.11	3815861	40677736.00
20130829	6.13	6.38	6.13	6.32	6033810	65768356.00
20130830	6.33	6.64	6.24	6.54	9780275	109673664.00
20130902	6.55	6.60	6.27	6.35	4644935	51251560.00
20130903	6.38	6.42	6.30	6.38	3587722	39601224.00
20130904	6.40	6.42	6.33	6.34	2662182	29387476.00
20130905	6.40	6.58	6.34	6.35	4470023	50050432.00
20130906	6.30	6.42	6.30	6.38	2770129	30575232.00
20130909	6.35	6.78	6.35	6.74	12310130	141087136.00
20130910	6.73	6.96	6.62	6.93	12193950	143401760.00
20130911	7.48	7.70	7.11	7.14	16388231	205179296.00
20130912	7.18	7.45	7.02	7.34	11217577	139793168.00
20130913	7.28	7.58	7.12	7.14	10615972	132229272.00
20130916	7.11	7.13	6.81	6.96	7988796	95069312.00
20130917	6.95	6.98	6.74	6.75	5057564	59556132.00
20130918	6.71	6.86	6.66	6.81	3074404	35726676.00
20130923	6.82	6.89	6.72	6.88	4193463	49105396.00
20130924	6.86	6.86	6.69	6.82	4760154	55437608.00
20130925	6.83	6.93	6.71	6.72	4728106	55443836.00
20130926	6.68	6.73	6.34	6.39	6723557	75456096.00
20130927	6.40	6.45	6.27	6.29	5201954	57217808.00
20130930	6.34	6.43	6.32	6.42	2938246	32419924.00
20131008	6.41	6.52	6.28	6.52	6393287	70653104.00
20131009	6.45	6.56	6.42	6.53	4217945	47279400.00
20131010	6.52	6.62	6.45	6.48	4352681	49055608.00
20131011	6.50	6.69	6.50	6.68	5473583	62422844.00
20131014	6.69	6.74	6.60	6.68	4937919	56651628.00
20131015	6.68	6.78	6.53	6.78	6233927	71605264.00
20131016	6.74	6.74	6.46	6.59	5849735	66296536.00
20131017	6.60	6.66	6.48	6.53	3505918	39656048.00
20131018	6.54	6.58	6.42	6.46	3431574	38547624.00
20131021	6.48	6.65	6.44	6.62	4550347	51367968.00
20131022	6.60	6.70	6.48	6.52	3440358	39039188.00
20131023	6.53	6.67	6.40	6.42	3849494	43392672.00
20131024	6.42	6.44	6.35	6.38	2195667	24332864.00
20131025	6.40	6.46	6.36	6.42	2426137	26895460.00
20131028	6.44	6.52	6.36	6.48	2715331	30301824.00
20131029	6.50	6.62	6.18	6.36	5983278	66307532.00
20131030	6.37	6.40	6.27	6.37	2706577	29749486.00
20131031	6.39	6.47	6.30	6.34	2712324	30048706.00
20131101	6.31	6.34	6.20	6.30	2626630	28620112.00
20131104	6.34	6.35	6.22	6.24	2019431	22023134.00
20131105	6.22	6.34	6.20	6.32	2237525	24430760.00
20131106	6.30	6.38	6.24	6.26	1476662	16183654.00
20131107	6.24	6.30	6.21	6.22	1381006	14973955.00
20131108	6.21	6.32	6.14	6.14	2197841	23687894.00
20131111	6.17	6.17	6.08	6.12	1499621	15980403.00
20131112	6.12	6.32	6.12	6.24	2414901	26230570.00
20131113	6.23	6.31	6.12	6.15	2021383	21813472.00
20131114	6.18	6.28	6.16	6.24	1905336	20647132.00
20131115	6.24	6.53	6.24	6.44	4546569	50607172.00
20131118	6.48	6.74	6.41	6.67	8286374	94387440.00
20131119	6.67	6.68	6.54	6.58	3759363	42760696.00
20131120	6.60	6.63	6.51	6.60	2937222	33286588.00
20131121	6.54	6.56	6.38	6.46	4654805	51906692.00
20131122	6.44	6.50	6.42	6.45	2805946	31369544.00
20131125	6.42	6.51	6.36	6.42	2211279	24628494.00
20131126	6.42	6.44	6.38	6.40	1829556	20284090.00
20131127	6.40	6.53	6.40	6.48	2658535	29694612.00
20131128	6.48	6.62	6.46	6.56	5005527	56643808.00
20131129	6.56	6.65	6.56	6.62	3711557	42314096.00
20131202	6.56	7.00	6.56	6.80	14606718	170822352.00
20131203	6.75	6.81	6.59	6.74	7280018	83881392.00
20131204	6.73	7.26	6.70	7.06	14515888	174180960.00
20131205	7.05	7.14	6.92	7.09	10096739	121567832.00
20131206	7.07	7.07	6.90	6.93	6000128	71685568.00
20131209	6.94	6.98	6.78	6.82	5424643	63732352.00
20131210	6.84	6.92	6.80	6.86	4108992	48440896.00
20131211	6.86	6.90	6.65	6.70	4193059	48598852.00
20131212	6.65	6.76	6.64	6.71	2668139	30820036.00
20131213	6.77	6.87	6.74	6.81	4617434	53965428.00
20131216	6.91	7.00	6.60	6.62	5138888	60000280.00
20131217	6.58	6.64	6.34	6.45	3697803	41605316.00
20131218	6.43	6.52	6.34	6.38	2738472	30495458.00
20131219	6.41	6.47	6.34	6.37	1995974	22095484.00
20131220	6.37	6.40	6.16	6.18	3337971	36203664.00
20131223	6.14	6.26	6.10	6.20	1613366	17319996.00
20131224	6.21	6.30	6.13	6.19	1849992	20033216.00
20131225	6.20	6.26	6.14	6.24	1608552	17386796.00
20131226	6.23	6.24	6.11	6.12	2612083	28060024.00
20131227	6.16	6.30	6.12	6.26	2140864	23216032.00
20131230	6.28	6.37	6.24	6.29	1853506	20274672.00
20131231	6.25	6.39	6.25	6.36	2557946	28066888.00
20140102	6.38	6.38	6.25	6.29	2189376	23919716.00
20140103	6.27	6.31	6.10	6.11	2894206	31013488.00
20140106	6.08	6.10	5.78	5.80	3197446	33013682.00
20140107	5.79	5.90	5.69	5.82	1512040	15443249.00
20140108	5.84	5.89	5.76	5.77	1599419	16326953.00
20140109	5.79	5.89	5.74	5.81	2514967	25675140.00
20140110	5.78	5.81	5.61	5.64	1805292	18103092.00
20140113	5.71	5.71	5.60	5.63	1055698	10508298.00
20140114	5.61	5.76	5.61	5.76	1069794	10711696.00
20140115	5.78	5.78	5.68	5.72	1241775	12488045.00
20140116	5.74	5.82	5.73	5.75	1243806	12609435.00
20140117	5.76	5.80	5.71	5.74	1369025	13861618.00
20140120	5.76	5.76	5.68	5.72	1010479	10153868.00
20140121	5.73	5.82	5.72	5.80	1402458	14250267.00
20140122	5.80	5.98	5.79	5.97	2606053	27010944.00
20140123	5.94	5.99	5.90	5.92	1974150	20506448.00
20140124	5.88	6.24	5.88	6.13	4358862	46145904.00
20140127	6.02	6.11	5.98	6.00	2561211	26961692.00
20140128	5.98	6.05	5.96	6.01	1193038	12522288.00
20140129	6.05	6.05	5.96	6.00	1346971	14115995.00
20140130	6.00	6.07	5.83	5.92	1463291	15182899.00
20140207	5.84	5.94	5.84	5.94	988069	10201014.00
20140210	5.93	6.11	5.92	6.09	2923671	30911428.00
20140211	6.07	6.22	6.06	6.18	3880937	41518924.00
20140212	6.19	6.22	6.14	6.21	2660650	28629120.00
20140213	6.20	6.20	6.05	6.05	3949247	42085672.00
20140214	6.04	6.15	6.04	6.14	2146113	22848056.00
20140217	6.15	6.23	6.12	6.22	3283400	35314468.00
20140218	6.22	6.22	6.14	6.19	3115295	33460860.00
20140219	6.18	6.38	6.16	6.28	4748993	51754904.00
20140220	6.30	6.38	6.20	6.21	4719059	51526448.00
20140221	6.21	6.21	6.01	6.07	3100624	32959230.00
20140224	6.01	6.01	5.68	5.78	4265909	43438960.00
20140225	5.78	5.81	5.61	5.65	3754654	37861984.00
20140226	5.63	5.67	5.57	5.64	2160931	21414512.00
20140227	5.64	5.74	5.58	5.59	2462012	24556844.00
20140228	5.65	5.71	5.52	5.69	2246739	22225382.00
20140303	5.68	5.76	5.62	5.74	2124647	21376968.00
20140304	5.74	5.74	5.58	5.66	2238399	22313500.00
20140305	5.68	5.74	5.63	5.66	1370575	13722337.00
20140306	5.67	5.80	5.60	5.74	2671572	26863964.00
20140307	5.75	5.78	5.64	5.66	1755583	17626514.00
20140310	5.64	5.64	5.32	5.34	3102659	30008730.00
20140311	5.36	5.46	5.31	5.39	1456064	13913734.00
20140312	5.38	5.50	5.32	5.44	1847623	17759192.00
20140313	5.41	5.51	5.40	5.49	1429979	13857821.00
20140314	5.48	5.58	5.41	5.54	1834442	17827012.00
20140317	5.56	5.60	5.48	5.58	2335155	22882204.00
20140318	5.56	5.60	5.51	5.53	2053277	20135348.00
20140319	5.50	5.53	5.42	5.46	1494708	14432025.00
20140320	5.46	5.64	5.43	5.50	3462904	34086768.00
20140321	5.50	5.76	5.48	5.73	3477835	34683352.00
20140324	5.79	5.86	5.71	5.81	4126774	41969972.00
20140325	5.80	5.89	5.75	5.80	3168038	32351912.00
20140326	5.80	5.86	5.67	5.72	2055279	20759656.00
20140327	5.74	5.83	5.70	5.74	2074543	21037084.00
20140328	5.75	5.86	5.70	5.81	2592048	26353394.00
20140331	5.79	5.79	5.56	5.63	2642724	26288034.00
20140401	5.66	5.70	5.60	5.69	1724831	17238366.00
20140402	5.66	5.90	5.66	5.83	4150384	42499016.00
20140403	5.78	5.91	5.72	5.81	2398169	24405256.00
20140404	5.76	5.88	5.73	5.84	1928306	19702792.00
20140408	5.80	5.99	5.78	5.94	3821036	39563220.00
20140409	5.95	6.08	5.88	6.03	6416755	67255616.00
20140410	6.02	6.20	5.98	6.14	7194134	76667664.00
20140411	6.08	6.24	6.05	6.17	5133359	55097640.00
20140414	6.17	6.41	6.12	6.40	7846477	85776160.00
20140415	6.39	6.39	6.16	6.21	6142146	66781064.00
20140416	6.21	6.27	6.12	6.24	3467153	37397932.00
20140417	6.23	6.39	6.17	6.30	4994546	54544128.00
20140418	6.30	6.38	6.22	6.28	2956128	32310064.00
20140421	6.24	6.34	6.04	6.07	6143744	65846696.00
20140422	6.02	6.09	5.90	6.03	4237345	44430220.00
20140423	6.02	6.08	5.94	5.99	2315571	24270808.00
20140424	5.96	6.08	5.95	5.99	1940500	20416024.00
20140425	6.02	6.08	5.92	5.94	1745811	18299284.00
20140428	5.91	5.92	5.62	5.70	2844222	28602248.00
20140429	5.71	5.83	5.67	5.80	1521512	15412309.00
20140430	5.80	5.86	5.78	5.85	1028746	10521282.00
20140505	5.84	5.90	5.80	5.90	1322729	13539585.00
20140506	5.86	5.92	5.84	5.87	1539981	15842450.00
20140507	5.84	5.85	5.71	5.73	1534648	15586670.00
20140508	5.74	5.96	5.74	5.93	3282599	33968332.00
20140509	5.94	5.94	5.72	5.81	2333485	23772934.00
20140512	5.89	5.98	5.84	5.95	3067289	31806370.00
20140513	5.95	5.98	5.87	5.92	1841418	19096008.00
20140514	5.94	6.00	5.90	5.92	1594615	16552309.00
20140515	5.92	5.92	5.76	5.77	1707617	17402204.00
20140516	5.68	5.78	5.68	5.75	1244639	12554943.00
20140519	5.74	5.74	5.64	5.66	1418969	14182024.00
20140520	5.68	5.80	5.68	5.77	1136986	11474247.00
20140521	5.74	5.91	5.69	5.88	2116217	21712248.00
20140522	5.83	5.92	5.79	5.86	1824315	18771194.00
20140523	5.86	5.92	5.84	5.90	1915690	19723700.00
20140526	5.90	5.92	5.85	5.89	1233174	12693741.00
20140527	5.88	5.91	5.80	5.82	1117693	11433852.00
20140528	5.81	5.90	5.74	5.87	1805921	18455730.00
20140529	5.87	5.87	5.78	5.80	1392976	14216769.00
20140530	5.83	5.83	5.74	5.77	1391933	14100668.00
20140603	5.80	5.86	5.74	5.76	1067216	10856450.00
20140604	5.73	5.78	5.66	5.68	1110157	11124523.00
20140605	5.70	5.74	5.66	5.74	974183	9780841.00
20140606	5.75	5.75	5.64	5.69	965243	9685729.00
20140609	5.65	5.75	5.64	5.66	1029097	10318524.00
20140610	5.68	5.80	5.66	5.78	1417724	14315731.00
20140611	5.79	5.79	5.72	5.75	1338239	13512525.00
20140612	5.76	5.76	5.66	5.68	2204757	22131936.00
20140613	5.68	5.78	5.66	5.74	2685864	27070488.00
20140616	5.74	5.80	5.74	5.79	2329845	23636772.00
20140617	5.78	5.79	5.74	5.78	1869283	18930360.00
20140618	5.78	5.84	5.74	5.76	1856303	18852516.00
20140619	5.76	5.81	5.74	5.80	3139125	31873910.00
20140620	5.84	6.14	5.80	6.02	6644351	69760624.00
20140623	6.00	6.02	5.94	5.97	3512338	36697280.00
20140624	5.92	6.05	5.92	5.98	1570859	16453020.00
20140625	6.01	6.02	5.94	6.00	1665513	17442408.00
20140626	6.00	6.16	5.98	6.06	4644460	49231516.00
20140627	6.04	6.12	6.04	6.09	3006753	31940794.00
20140630	6.11	6.22	6.07	6.18	3400076	36447388.00
20140701	6.21	6.32	6.16	6.26	4970237	53979344.00
20140702	6.26	6.26	6.16	6.24	3329339	35892588.00
20140703	6.19	6.24	6.14	6.18	3400019	36528900.00
20140704	6.19	6.20	6.12	6.18	3135228	33535920.00
20140707	6.18	6.21	6.13	6.16	1793207	19249332.00
20140708	6.18	6.22	6.13	6.19	2008827	21625048.00
20140709	6.18	6.36	6.18	6.19	5316463	57990912.00
20140710	6.22	6.36	6.20	6.32	5364821	58661912.00
20140711	6.37	6.37	6.25	6.31	3421196	36549700.00
20140714	6.33	6.35	6.29	6.34	2629032	28154446.00
20140715	6.34	6.42	6.32	6.36	2733632	29424328.00
20140716	6.34	6.57	6.32	6.56	5918311	64567376.00
20140717	6.51	6.51	6.35	6.40	3664616	39773356.00
20140718	6.36	6.53	6.32	6.41	3340029	36343440.00
20140721	6.39	6.43	6.26	6.27	3628534	39069988.00
20140722	6.31	6.44	6.26	6.40	3597425	38871344.00
20140723	6.38	6.42	6.32	6.34	2292036	24687740.00
20140724	6.37	6.56	6.35	6.48	5649075	61883848.00
20140725	6.51	6.62	6.42	6.60	5002261	55067804.00
20140728	6.70	6.93	6.65	6.80	11876076	135902192.00
20140729	6.85	7.06	6.81	6.92	10375533	120705624.00
20140730	6.88	6.92	6.80	6.82	5278543	60650600.00
20140731	6.81	6.93	6.81	6.92	4805518	55537632.00
20140801	6.86	6.96	6.84	6.84	4899770	56651332.00
20140804	6.85	7.06	6.84	7.02	6470394	75693416.00
20140805	7.07	7.10	6.94	6.99	5074613	59464816.00
20140806	7.01	7.01	6.84	6.97	4118991	47896244.00
20140807	6.90	7.03	6.84	6.86	4908432	57002684.00
20140808	6.84	6.96	6.81	6.95	3863867	44713876.00
20140811	6.94	7.15	6.92	7.12	5435807	64213620.00
20140812	7.11	7.15	7.02	7.12	4052486	48032108.00
20140813	7.08	7.15	7.03	7.12	3971650	47087304.00
20140814	7.11	7.14	7.00	7.01	3654133	43358452.00
20140815	7.01	7.10	6.92	7.03	4410298	51756132.00
20140818	7.06	7.14	7.00	7.08	3993938	47273528.00
20140819	7.09	7.25	7.03	7.23	6412413	76541928.00
20140820	7.21	7.36	7.16	7.30	5980007	72822000.00
20140821	7.30	7.33	7.18	7.26	3761288	45423480.00
20140822	7.26	7.40	7.25	7.32	4509237	55074476.00
20140825	7.31	7.36	7.13	7.14	3862720	46784024.00
20140826	7.11	7.21	6.88	7.00	5037509	59480856.00
20140827	6.98	7.13	6.92	7.04	3028225	35780352.00
20140828	7.02	7.12	6.97	7.04	2960334	34833908.00
20140829	7.04	7.17	6.98	7.16	2555613	30333140.00
20140901	7.15	7.19	7.08	7.18	3175275	37814920.00
20140902	7.22	7.31	7.16	7.30	4579623	55349956.00
20140903	7.32	7.36	7.27	7.29	3893353	47483324.00
20140904	7.25	7.35	7.22	7.31	6836349	82814304.00
20140905	7.31	7.36	7.26	7.30	4731675	57618760.00
20140909	7.33	7.42	7.28	7.40	4865737	59673452.00
20140910	7.38	7.43	7.33	7.37	3624054	44513476.00
20140911	7.36	7.55	7.32	7.43	4867752	60301300.00
20140912	7.39	7.47	7.38	7.46	3296705	40730044.00
20140915	7.44	7.65	7.40	7.61	6500451	81739200.00
20140916	7.61	7.73	7.32	7.39	7434989	93602632.00
20140917	7.41	7.50	7.30	7.39	4508987	55539108.00
20140918	7.40	7.48	7.32	7.42	4074330	50242232.00
20140919	7.44	7.60	7.38	7.58	4230219	52639180.00
20140922	7.59	7.62	7.39	7.40	4423817	55310312.00
20140923	7.41	7.66	7.40	7.66	6818943	85621920.00
20140924	7.62	7.84	7.58	7.79	7607233	97635632.00
20140925	7.80	7.83	7.66	7.69	4482117	57666040.00
20140926	7.65	7.81	7.65	7.78	2797140	35872856.00
20140929	7.80	8.02	7.80	7.96	5020840	65833328.00
20140930	7.96	8.04	7.90	7.97	3445745	45383272.00
20141008	8.02	8.15	7.98	8.15	4419277	58950848.00
20141009	8.15	8.25	8.01	8.21	5314983	71454552.00
20141010	8.14	8.17	7.94	7.99	4733751	63021104.00
20141013	7.98	8.30	7.92	8.27	5799350	77513880.00
20141014	8.25	8.26	8.05	8.11	4562552	61380080.00
20141015	8.11	8.18	8.00	8.15	3758861	50268248.00
20141016	8.07	8.33	7.91	8.24	12897566	172567456.00
20141017	8.18	8.18	7.84	8.06	6344279	84398912.00
20141020	8.14	8.15	8.02	8.08	4198762	56059320.00
20141021	8.08	8.16	7.96	7.97	3184428	42464840.00
20141022	8.00	8.05	7.78	7.78	4778239	62615216.00
20141023	7.74	7.82	7.52	7.54	6974054	88708840.00
20141024	7.54	7.65	7.46	7.52	3223470	40539748.00
20141027	7.52	7.66	7.50	7.60	2749261	34586592.00
20141028	7.59	7.80	7.54	7.78	3806421	48630604.00
20141029	7.78	8.07	7.73	8.00	8166670	107453232.00
20141030	8.01	8.38	7.99	8.21	9946682	135304336.00
20141031	9.05	9.11	8.62	8.91	24639143	359151680.00
20141103	8.90	8.96	8.75	8.89	13135828	190438048.00
20141104	8.86	9.15	8.82	8.84	8748719	128342112.00
20141105	8.77	8.95	8.77	8.84	5780212	83934800.00
20141106	8.85	8.95	8.54	8.75	7006853	100308072.00
20141107	8.74	9.16	8.67	8.90	9298641	135899104.00
20141110	8.98	9.16	8.74	9.04	6594461	96560352.00
20141111	9.08	9.99	9.08	9.60	21325536	332077664.00
20141112	9.51	9.83	9.37	9.82	9914195	155344448.00
20141113	9.77	10.17	9.65	9.83	13933709	224214144.00
20141114	9.72	9.76	9.38	9.48	6764284	104809704.00
20141117	9.62	9.68	9.28	9.40	5562186	85746712.00
20141118	9.38	9.58	9.26	9.38	4308974	65938656.00
20141119	9.36	9.42	9.26	9.32	3367678	51220824.00
20141120	9.30	9.62	9.18	9.51	6030684	93180016.00
20141121	9.48	10.00	9.46	9.91	9591894	152370304.00
20141124	10.18	10.58	10.06	10.38	20033069	336580960.00
20141125	10.24	10.55	10.24	10.38	10156738	170711952.00
20141126	10.45	10.70	10.32	10.48	13286534	226148032.00
20141127	10.62	10.76	10.36	10.52	13661581	232441472.00
20141128	10.52	10.81	10.36	10.73	23172955	395733856.00
20141201	10.84	11.38	10.53	10.54	20832463	367999904.00
20141202	10.46	11.02	10.45	10.78	18214464	316178400.00
20141203	10.91	11.26	10.35	10.74	24323797	426183008.00
20141204	11.05	11.51	10.82	11.50	31058846	558607040.00
20141205	11.69	12.28	10.94	11.40	33120777	617356544.00
20141208	11.37	11.86	10.72	11.67	26834076	492080768.00
20141209	11.60	12.08	10.53	10.79	33686972	621063744.00
20141210	10.85	11.18	10.74	11.11	15214854	269283840.00
20141211	10.95	11.18	10.71	10.82	14874773	261786560.00
20141212	10.80	11.09	10.79	11.00	8722339	153981824.00
20141215	10.93	11.23	10.79	11.20	11003213	195642352.00
20141216	11.20	11.64	11.18	11.64	19430161	357607744.00
20141217	11.76	11.96	11.43	11.76	22832944	427892000.00
20141218	11.68	11.68	11.18	11.20	16672669	306074624.00
20141219	11.18	11.31	10.71	10.98	13352260	236328800.00
20141222	10.97	11.18	10.48	10.58	14380787	251370112.00
20141223	10.52	10.65	10.28	10.30	8087363	136478560.00
20141224	10.38	10.50	9.97	10.16	10101500	166796208.00
20141225	10.22	10.77	10.22	10.54	9106535	154476320.00
20141226	10.55	11.06	10.52	11.04	12665613	221109808.00
20141229	11.36	11.49	11.04	11.13	16614496	300776768.00
20141230	11.14	11.20	10.94	10.99	7037575	125380704.00
20141231	10.97	11.27	10.91	11.18	7575951	135204544.00
20150105	11.36	11.56	11.22	11.40	13957687	256321936.00
20150106	11.25	11.31	10.72	10.96	17763086	314126240.00
20150107	10.84	11.08	10.68	10.80	9788975	171427840.00
20150108	10.95	10.96	10.57	10.62	7312937	126567232.00
20150109	10.59	10.96	10.58	10.68	9330201	162261104.00
20150112	10.57	10.58	10.25	10.32	8213924	138073184.00
20150113	10.32	10.44	10.26	10.36	5090205	85199992.00
20150114	10.36	10.48	10.22	10.30	4995331	83720152.00
20150115	10.36	10.74	10.30	10.71	7012200	119522272.00
20150116	10.77	10.82	10.47	10.60	8036900	137669600.00
20150119	10.16	10.46	9.58	9.78	13783403	225282272.00
20150120	9.85	10.23	9.85	10.18	8055395	131451312.00
20150121	10.25	10.82	10.18	10.77	12099217	208097984.00
20150122	10.73	11.02	10.66	10.94	8858000	155300384.00
20150123	10.97	11.04	10.71	10.77	7387459	129761352.00
20150126	10.80	11.35	10.71	11.28	14144877	252599264.00
20150127	11.25	11.40	10.92	11.14	11551049	207362576.00
20150128	11.16	11.38	11.02	11.12	6882676	124309392.00
20150129	10.96	11.10	10.80	10.94	6043301	106597480.00
20150130	10.92	11.03	10.66	10.74	5729217	100085848.00
20150202	10.43	10.74	10.37	10.50	4670822	79380664.00
20150203	10.52	10.71	10.46	10.68	5213032	89095152.00
20150204	10.70	10.91	10.45	10.47	6215941	107007672.00
20150205	10.80	10.80	10.46	10.47	6763866	116366512.00
20150206	10.40	10.49	10.20	10.25	4062931	68001440.00
20150209	10.20	10.35	10.13	10.25	3484270	57875336.00
20150210	10.21	10.40	10.20	10.34	3830835	63986032.00
20150211	10.43	10.43	10.31	10.39	2921416	49028948.00
20150212	10.42	10.62	10.33	10.52	2931378	49651684.00
20150213	10.68	10.88	10.59	10.74	6648485	115459952.00
20150216	10.75	11.20	10.75	11.00	6599609	117201840.00
20150217	11.03	11.15	10.90	11.03	5235652	92968440.00
20150225	11.03	11.15	10.92	10.95	3390046	60201348.00
20150226	11.04	11.30	10.94	11.26	7460372	133821280.00
20150227	11.28	11.28	11.09	11.12	5823690	104655920.00
20150302	11.29	11.29	11.12	11.22	7810907	140877984.00
20150303	11.11	11.48	11.04	11.20	11419011	207145168.00
20150304	11.23	11.30	11.12	11.27	7592022	136846688.00
20150305	11.20	12.46	11.20	12.15	23386248	449562944.00
20150306	12.18	13.45	12.12	13.21	26391953	540423424.00
20150309	13.15	13.76	12.68	13.35	17082062	356244928.00
20150310	13.32	13.97	13.19	13.29	14956777	323344576.00
20150311	13.59	13.98	13.28	13.91	16194800	352401632.00
20150312	13.94	15.26	13.94	14.87	18592359	434138944.00
20150313	14.93	15.15	14.36	14.60	13675001	316483168.00
20150316	15.15	15.45	14.62	14.95	17615284	419407104.00
20150317	14.98	15.10	14.47	14.61	17913611	417330656.00
20150318	14.64	14.95	14.46	14.76	12566613	292312096.00
20150319	14.76	15.72	14.52	15.70	20167374	479973664.00
20150320	15.52	15.74	15.16	15.33	15979973	388385632.00
20150323	15.45	15.51	15.24	15.41	11099848	269432384.00
20150324	15.82	16.38	15.32	16.00	22200525	555740864.00
20150325	15.74	15.94	15.36	15.58	13925164	343122496.00
20150326	15.52	15.54	14.98	15.21	10600501	256361936.00
20150327	15.32	15.75	15.20	15.72	11325151	278654464.00
20150330	16.37	16.44	15.90	16.11	21119137	536912192.00
20150331	16.38	16.52	15.80	15.86	15098003	384677312.00
20150401	15.92	16.20	15.90	16.14	11053464	279634944.00
20150402	16.22	17.28	16.22	17.11	18283904	479778688.00
20150403	16.85	18.11	16.75	17.79	17054971	472860256.00
20150407	18.16	18.18	17.57	17.85	12119174	339176672.00
20150408	17.86	17.94	17.05	17.29	16747795	458150016.00
20150409	17.36	17.62	16.72	17.40	14294146	385269184.00
20150410	17.34	17.91	17.19	17.75	12021651	333860448.00
20150413	17.84	18.50	17.59	18.28	17253258	487114336.00
20150414	18.16	18.24	17.65	17.78	11438104	320132032.00
20150415	17.63	17.65	16.84	17.08	11824807	320143776.00
20150416	16.93	17.58	16.78	17.54	8437592	229413088.00
20150417	17.78	17.84	17.26	17.42	13344610	366680320.00
20150420	17.52	17.65	17.00	17.15	13361470	364645344.00
20150421	17.22	18.04	16.94	17.97	14860792	410679488.00
20150422	18.65	19.30	18.64	18.76	26234609	775182976.00
20150423	19.34	19.52	18.78	19.51	20312450	608621248.00
20150424	19.32	21.40	19.05	21.37	25063629	809267648.00
20150427	21.40	22.90	21.20	21.49	21553022	732860928.00
20150428	21.49	21.72	20.38	20.95	19635400	636415872.00
20150429	20.78	21.77	20.45	21.17	13317887	293519968.00
20150430	21.04	22.69	20.25	22.25	41835147	929167744.00
20150504	22.20	22.38	21.51	21.72	20682590	468502368.00
20150505	21.70	21.72	20.01	20.29	28951696	623785856.00
20150506	20.31	20.62	19.39	19.55	22866384	476550272.00
20150507	19.09	20.21	18.55	19.81	26031756	531208896.00
20150508	20.07	20.43	19.67	20.33	16455740	342273216.00
20150511	20.65	20.74	20.07	20.60	23396777	497747648.00
20150512	20.60	20.81	20.28	20.70	21609131	460402944.00
20150513	20.70	20.70	20.12	20.28	22458460	473344896.00
20150514	20.35	20.44	19.78	19.83	16235509	336370880.00
20150515	19.73	19.73	19.00	19.25	17429539	349210432.00
20150518	18.83	19.64	18.77	19.36	13292749	266583104.00
20150519	19.25	20.22	19.15	20.13	20785300	426741504.00
20150520	20.43	21.82	20.17	20.94	34428378	752656896.00
20150521	21.01	21.59	21.01	21.32	24148186	531285888.00
20150522	21.78	21.93	21.25	21.48	30974730	690016256.00
20150525	21.53	22.29	21.53	22.11	37263912	844798720.00
20150526	22.36	22.48	21.79	22.21	47698886	1089189248.00
20150527	22.21	24.51	21.57	24.24	64673311	1519854336.00
20150528	24.25	26.25	23.55	23.69	65600455	1692286080.00
20150529	23.88	25.33	21.73	25.22	59208240	1488388864.00
20150601	25.50	26.63	25.50	26.49	46606541	1247123072.00
20150602	27.75	28.45	26.26	27.10	46666125	1310845568.00
20150603	27.05	27.05	25.41	26.13	42939079	1151980672.00
20150604	26.03	26.03	23.93	25.53	31621864	817688768.00
20150605	26.39	26.75	25.42	26.02	38579774	1038395648.00
20150608	25.94	25.94	25.03	25.63	32415418	849995264.00
20150609	25.59	26.60	25.30	26.04	32125489	857851968.00
20150610	25.76	28.02	25.31	27.29	48230136	1335516416.00
20150611	27.05	27.45	26.47	26.82	28499791	785295296.00
20150612	27.03	27.22	26.37	26.66	27798556	763457216.00
20150615	26.55	26.66	25.12	25.28	29322804	777511232.00
20150616	24.82	25.73	24.69	25.03	22480968	584299008.00
20150617	25.01	25.41	23.76	24.91	20100850	509377920.00
20150618	24.75	25.35	23.74	23.84	18218669	463917664.00
20150619	23.55	23.74	21.38	21.56	22179605	516746400.00
20150623	21.46	21.74	19.65	21.31	22187263	479217664.00
20150624	21.74	21.91	21.05	21.76	22663975	506769056.00
20150625	22.05	22.71	20.81	21.26	28602136	653095168.00
20150626	20.24	20.82	19.06	19.06	24982174	511411296.00
20150629	19.75	19.75	17.08	17.14	30610130	577779840.00
20150630	17.35	18.80	15.55	18.75	40316868	729894080.00
20150701	18.45	19.66	17.88	18.03	33622136	664984256.00
20150702	18.41	18.76	16.58	17.32	30499948	569148672.00
20150703	17.05	18.90	15.99	17.67	40926139	751602688.00
20150706	19.51	19.51	16.65	19.40	62480571	1213311616.00
20150707	18.70	19.97	17.39	17.40	44561743	854642624.00
20150708	15.59	16.65	15.59	15.66	82183329	1373795712.00
20150709	15.65	17.30	15.65	17.30	23113472	405152256.00
20150710	18.52	19.11	18.52	19.11	19458211	383651936.00
20150713	20.20	21.10	19.75	21.10	40906387	876807104.00
20150714	21.75	23.07	20.45	21.31	49831118	1118639744.00
20150715	20.38	20.96	19.10	19.10	30383995	626352576.00
20150716	19.10	20.27	17.33	19.64	23631176	477413632.00
20150717	19.75	21.15	19.68	20.87	24288106	513096224.00
20150720	20.90	21.26	19.93	20.50	26412145	567196672.00
20150721	20.05	20.68	19.76	20.36	15777079	331738976.00
20150722	20.46	20.73	19.77	20.14	17236567	362252864.00
20150723	20.00	20.82	20.00	20.80	24030266	512676256.00
20150724	22.25	22.96	21.80	22.96	34489953	813263232.00
20150727	23.15	25.03	21.92	22.29	84992849	2075178112.00
20150728	21.80	23.33	19.99	21.59	47258431	1047272512.00
20150729	22.25	23.82	21.56	23.82	50102075	1176654208.00
20150730	23.73	24.13	22.25	22.55	50042797	1209220736.00
20150731	22.08	22.53	20.40	21.05	32218118	718088128.00
20150803	20.45	20.71	18.87	18.87	35819401	719760704.00
20150804	18.87	20.25	18.87	20.21	29219753	595519616.00
20150805	20.22	21.09	19.67	19.85	31051477	653574528.00
20150806	19.05	19.79	19.04	19.34	18349386	369490272.00
20150807	19.48	20.13	19.48	20.03	20763696	429265408.00
20150810	20.30	21.60	20.30	21.39	30348629	659545408.00
20150811	21.55	22.10	21.25	21.59	33401219	751075456.00
20150812	21.26	21.59	20.90	20.92	23551090	517926784.00
20150813	20.73	21.46	20.61	21.45	21169157	463578560.00
20150814	22.07	23.65	22.07	23.15	50475315	1198107904.00
20150817	23.54	24.53	23.36	24.22	48676259	1208802816.00
20150818	24.22	24.57	21.72	21.72	46950595	1101453056.00
20150819	20.42	22.52	19.55	22.07	36071255	782738752.00
20150820	21.63	21.91	20.35	20.44	22989566	505603808.00
20150821	19.55	20.27	19.05	19.25	22414952	458131968.00
20150824	18.25	18.70	17.25	17.25	30742830	558416832.00
20150825	15.60	16.92	15.45	15.47	33900882	562091136.00
20150826	16.22	16.75	15.48	15.91	27755417	469041088.00
20150827	16.33	16.94	15.70	16.90	21708735	372669792.00
20150828	17.27	18.23	16.97	17.90	26787209	487660032.00
20150831	17.60	17.60	16.65	16.76	19552692	348704800.00
20150901	16.95	17.43	15.93	16.02	20665817	362321856.00
20150902	15.45	16.71	15.26	16.26	20985804	353085184.00
20150907	16.54	17.43	16.07	16.45	17494279	307421472.00
20150908	16.24	17.23	16.07	17.12	13276660	231407424.00
20150909	17.13	17.72	16.92	17.61	23247624	422426432.00
20150910	17.25	17.44	16.77	16.85	12755549	228230736.00
20150911	16.85	17.14	16.40	16.71	11799767	206169264.00
20150914	16.85	16.87	15.25	15.38	15795807	264362352.00
20150915	15.26	15.74	14.46	14.79	14575390	232917728.00
20150916	14.75	16.33	14.63	16.12	15543731	251322800.00
20150917	15.75	16.25	15.34	15.38	16997323	283361248.00
20150918	15.58	15.70	15.20	15.45	9419525	152398688.00
20150921	15.28	15.91	15.25	15.81	9545594	156311424.00
20150922	15.91	16.32	15.73	16.12	14199738	238232992.00
20150923	15.75	15.92	15.45	15.58	10163994	166995808.00
20150924	15.61	15.82	15.58	15.70	5914525	97198776.00
20150925	15.56	15.66	15.03	15.12	8513315	136724560.00
20150928	15.42	15.54	15.08	15.44	6041665	97445552.00
20150929	15.25	15.31	15.05	15.11	5307804	84436744.00
20150930	15.24	15.36	15.14	15.18	4052146	64762364.00
20151008	15.80	15.93	15.61	15.82	9923075	163870048.00
20151009	15.85	16.08	15.68	15.96	10869417	181024096.00
20151012	16.07	16.89	16.05	16.71	16828312	291337920.00
20151013	16.66	16.90	16.47	16.74	11195328	195467376.00
20151014	16.70	16.88	16.40	16.44	12093735	210740768.00
20151015	16.38	17.21	16.33	17.15	14513431	254391600.00
20151016	17.24	17.47	16.88	17.31	15706737	282343520.00
20151019	17.63	17.63	16.77	16.98	15144220	271863040.00
20151020	16.90	17.43	16.80	17.34	14785835	264130912.00
20151021	17.35	17.35	16.04	16.07	17436464	304615584.00
20151022	16.20	16.65	16.06	16.56	10384909	177967760.00
20151023	16.72	18.11	16.71	17.78	25157687	456873664.00
20151026	18.68	18.70	17.86	18.05	27593815	527684512.00
20151027	17.76	18.05	17.16	17.89	15359811	281468160.00
20151028	17.83	18.21	17.34	17.42	13810467	256414432.00
20151029	17.56	17.75	17.35	17.49	8614411	157716080.00
20151030	17.94	18.23	17.76	17.79	16165658	303528000.00
20151102	17.35	17.93	17.17	17.30	12002934	218702384.00
20151103	17.44	18.06	17.25	17.77	15678336	289264992.00
20151104	17.76	18.75	17.67	18.74	25464047	486926464.00
20151105	18.66	19.63	18.47	18.56	32303775	634098304.00
20151106	18.53	19.12	18.37	18.97	22498837	439083840.00
20151109	19.95	20.75	19.67	19.71	33989372	707612672.00
20151110	19.45	19.81	19.21	19.47	20959867	423640064.00
20151111	19.27	19.46	19.00	19.39	17909066	357088192.00
20151112	19.35	19.39	18.89	19.16	14471236	287330048.00
20151113	18.89	20.13	18.61	19.61	25674762	517747264.00
20151116	18.99	20.08	18.99	19.93	21834456	447201376.00
20151117	20.15	20.23	19.36	19.39	27793978	570171072.00
20151118	19.35	19.69	18.85	19.02	16153445	322925184.00
20151119	19.10	19.33	18.93	19.27	9666186	191940256.00
20151120	19.28	19.51	19.17	19.25	12244186	246050848.00
20151123	19.84	20.20	19.26	19.39	22758028	467665632.00
20151124	19.30	19.35	18.98	19.22	11888859	236409792.00
20151125	19.20	19.67	19.15	19.42	13788750	278209216.00
20151126	19.53	19.75	19.15	19.21	12791748	257827552.00
20151127	19.15	19.21	17.27	17.57	18479890	352828544.00
20151130	17.67	17.89	16.20	17.50	13129370	237254256.00
20151201	17.55	18.42	17.25	18.05	13522212	252492528.00
20151202	18.10	18.51	17.76	18.45	13836612	262622624.00
20151203	18.42	18.62	18.17	18.61	11867056	227363696.00
20151204	18.40	18.45	18.04	18.14	10002512	189818688.00
20151207	18.25	19.24	18.05	19.09	19879684	385831872.00
20151208	18.80	19.03	18.13	18.15	15468547	297364448.00
20151209	17.98	18.37	17.92	18.17	8515349	161161840.00
20151210	18.26	18.50	18.05	18.18	8755708	166976416.00
20151211	18.05	18.17	17.74	17.80	8735455	163118576.00
20151214	17.55	18.15	17.47	18.13	8080845	149741488.00
20151215	18.25	18.50	18.17	18.21	8908715	169996816.00
20151216	18.36	18.41	18.03	18.08	7517162	142441280.00
20151217	18.34	18.90	18.20	18.75	16891284	327034208.00
20151218	18.75	18.84	18.42	18.51	13178243	255608352.00
20151221	18.50	19.18	18.36	19.07	18449347	362656608.00
20151222	19.15	19.33	18.85	19.07	14436241	285885600.00
20151223	19.25	19.71	19.10	19.26	23315152	472247424.00
20151224	19.11	19.63	19.07	19.58	18284629	368652736.00
20151225	19.50	20.19	19.49	19.85	18383654	378462048.00
20151228	20.06	20.15	18.63	18.71	23888089	478441120.00
20151229	18.66	18.99	18.49	18.93	10182637	198426032.00
20151230	18.93	19.07	18.63	18.85	10664227	208769072.00
20151231	18.81	18.93	18.13	18.20	13260690	256155056.00
20160104	18.23	18.29	16.43	16.45	11706281	212765008.00
20160105	16.00	16.53	15.55	16.35	19200626	324256736.00
20160106	16.45	16.77	16.22	16.68	13258577	227853728.00
20160107	16.28	16.28	15.16	15.28	3303183	54707288.00
20160108	15.73	15.89	14.85	15.57	13578037	221364992.00
20160111	15.22	15.38	14.62	14.65	11947870	188680736.00
20160112	14.67	14.96	14.55	14.87	8227046	127942688.00
20160113	15.01	15.13	14.26	14.33	8734796	135216480.00
20160114	14.05	14.71	13.90	14.65	8458029	127510144.00
20160115	14.50	14.64	13.90	13.99	8303522	124540272.00
20160118	13.57	14.30	13.45	14.12	6842502	100754736.00
20160119	14.03	14.65	13.94	14.58	7712700	116677224.00
20160120	14.50	14.74	14.15	14.47	9013605	137128944.00
20160121	14.13	14.54	13.71	13.75	7771712	115717200.00
20160122	13.94	14.11	13.64	13.92	7507191	109848840.00
20160125	14.03	14.19	13.90	14.01	5229054	77273240.00
20160126	13.85	13.93	12.53	12.55	10172617	141835056.00
20160127	12.55	12.69	12.01	12.48	9453844	124070704.00
20160128	12.34	12.52	11.95	11.97	5379681	70029200.00
20160129	11.98	12.56	11.96	12.42	5887645	77130552.00
20160201	12.50	12.54	12.13	12.27	4871454	64072660.00
20160202	12.35	12.73	12.30	12.66	6698356	89556776.00
20160203	12.66	13.00	12.56	12.91	9593230	130505200.00
20160204	12.94	13.24	12.86	13.05	7785433	107348912.00
20160205	13.05	13.09	12.87	12.89	4904860	67422192.00
20160215	12.26	12.80	12.16	12.70	4360405	58076384.00
20160216	12.79	13.36	12.78	13.35	7606985	105936912.00
20160217	13.40	13.43	13.15	13.40	8038052	113100816.00
20160218	13.56	13.61	13.31	13.33	7124533	101344880.00
20160219	13.32	13.40	13.21	13.33	4929647	69306104.00
20160222	13.73	13.81	13.55	13.79	9211703	132913216.00
20160223	13.78	13.78	13.38	13.53	5632064	80682336.00
20160224	13.35	13.69	13.26	13.65	6728010	95775288.00
20160225	13.57	13.59	12.29	12.33	9583772	131348112.00
20160226	12.51	12.77	12.21	12.66	5783050	76675608.00
20160229	12.78	12.95	11.93	12.53	10033711	131511920.00
20160301	12.62	13.13	12.33	12.95	11782555	160049024.00
20160302	13.10	14.32	12.91	14.26	23248379	338705696.00
20160303	14.28	14.70	14.05	14.09	22540311	340083968.00
20160304	13.96	14.30	13.62	13.99	16340648	241413424.00
20160307	14.08	14.39	13.94	14.12	9368119	139678336.00
20160308	14.11	14.12	13.29	13.88	8673214	124745608.00
20160309	13.89	13.89	13.45	13.73	8080350	116283744.00
20160310	13.70	13.79	13.26	13.33	5023622	71937056.00
20160311	13.15	13.33	13.03	13.21	4079066	56742216.00
20160314	13.34	13.81	13.33	13.67	7951562	114711360.00
20160315	13.66	13.69	13.36	13.53	5743053	81727136.00
20160316	13.55	13.68	13.46	13.61	7581115	108554672.00
20160317	13.62	14.00	13.62	13.95	9061308	132363464.00
20160318	13.95	14.34	13.86	14.28	15437955	230519296.00
20160321	14.58	14.90	14.36	14.77	19068301	293750432.00
20160322	14.62	14.86	14.50	14.72	11866477	183317248.00
20160323	14.72	14.77	14.51	14.72	7271252	111914240.00
20160324	14.63	14.69	14.40	14.42	7750843	118503784.00
20160325	14.40	14.56	14.36	14.55	5220636	79465568.00
20160328	14.59	14.91	14.46	14.54	8042336	124206864.00
20160329	14.46	14.57	14.21	14.35	5439140	82273216.00
20160330	14.42	14.78	14.35	14.74	11484110	175719136.00
20160331	14.93	16.12	14.92	15.74	28193765	458661632.00
20160401	15.53	16.74	15.47	16.53	38109435	648019264.00
20160405	16.25	16.66	16.04	16.42	30589882	522241312.00
20160406	16.18	16.24	15.90	16.15	19294502	324888992.00
20160407	16.16	16.22	15.48	15.53	17052539	280864160.00
20160408	15.38	15.80	15.32	15.58	11384971	185527008.00
20160411	15.85	15.91	15.63	15.67	9598978	158314080.00
20160412	15.56	15.75	15.21	15.38	8263927	133985352.00
20160413	15.57	15.87	15.45	15.67	14309304	236046560.00
20160414	15.81	16.06	15.69	15.86	10491832	174363984.00
20160415	15.86	15.94	15.64	15.73	6730987	111031016.00
20160418	15.59	15.62	15.33	15.34	6274051	101441896.00
20160419	15.45	15.57	15.34	15.52	5160122	83581704.00
20160420	15.59	15.62	14.27	14.67	14255201	222123632.00
20160421	14.57	14.73	14.23	14.29	7801224	119135888.00
20160422	14.32	14.50	14.25	14.50	4776174	72181024.00
20160425	14.48	14.48	14.15	14.21	4905255	73502720.00
20160426	14.24	14.42	14.19	14.41	4337245	65211240.00
20160427	14.28	14.53	14.28	14.34	4930893	74722232.00
20160428	14.44	14.75	14.36	14.69	8365748	128170768.00
20160429	14.55	14.61	14.41	14.44	5871540	89576384.00
20160503	14.52	14.91	14.41	14.79	10718904	166050896.00
20160504	14.75	14.88	14.66	14.77	6879445	106792680.00
20160505	14.66	14.77	14.57	14.72	6116079	94454608.00
20160506	14.75	14.79	14.06	14.09	9162201	138731440.00
20160509	14.03	14.04	13.48	13.53	6925597	100080272.00
20160510	13.54	13.62	13.45	13.53	3524189	50306896.00
20160511	13.61	13.73	13.41	13.52	4390858	63000144.00
20160512	13.43	13.51	13.18	13.43	5034440	70958840.00
20160513	13.41	13.59	13.39	13.51	3752294	53474144.00
20160516	13.44	13.69	13.30	13.67	4324703	61787048.00
20160517	13.71	13.73	13.56	13.60	4442522	63931652.00
20160518	13.58	13.60	13.21	13.39	5995292	84483176.00
20160519	13.28	13.59	13.28	13.38	3654860	51974776.00
20160520	13.28	13.53	13.21	13.52	2891681	40929976.00
20160523	13.58	13.78	13.54	13.70	4985367	71907272.00
20160524	13.65	13.67	13.42	13.52	3004498	42980296.00
20160525	13.64	13.80	13.55	13.57	3861053	55697312.00
20160526	13.60	13.69	13.31	13.52	3569712	50612628.00
20160527	13.50	13.74	13.40	13.66	4190470	60115336.00
20160530	13.65	13.69	13.47	13.59	3579092	51323384.00
20160531	13.60	14.20	13.58	14.18	12141255	179729744.00
20160601	14.24	14.35	14.12	14.15	7652875	114555680.00
20160602	14.20	14.24	14.06	14.15	5815393	86573536.00
20160603	14.25	14.31	14.10	14.29	6166691	92229936.00
20160606	14.40	14.42	14.15	14.18	5496706	82460984.00
20160607	14.18	14.21	13.94	14.10	6724812	99471352.00
20160608	14.07	14.23	13.95	14.19	5491288	81589400.00
20160613	13.94	14.21	13.56	13.58	6751212	99105968.00
20160614	13.70	13.72	13.47	13.59	3547611	50892280.00
20160615	13.44	13.93	13.41	13.84	5603965	81440208.00
20160616	13.81	13.83	13.58	13.67	4957579	71703448.00
20160617	13.67	13.89	13.67	13.80	6163935	89474976.00
20160620	13.81	13.97	13.63	13.96	5095605	74073920.00
20160621	14.04	14.22	13.92	14.12	9044331	133971968.00
20160622	14.04	14.21	13.95	14.20	6132036	91013784.00
20160623	14.20	14.23	13.98	14.13	5070885	75324264.00
20160624	14.09	14.19	13.45	13.75	7720024	112762968.00
20160627	13.65	13.99	13.65	13.98	4446542	65120404.00
20160628	13.90	14.12	13.83	14.10	6139273	90270656.00
20160629	14.15	14.22	14.08	14.18	7060451	105319648.00
20160630	14.21	14.22	14.06	14.20	4999693	74578616.00
20160701	14.20	14.57	14.18	14.44	11404426	173154496.00
20160704	14.36	14.72	14.36	14.71	9915649	152338848.00
20160705	14.73	14.78	14.54	14.67	8253906	127034160.00
20160706	14.64	14.77	14.55	14.68	7003200	107795632.00
20160707	14.65	14.70	14.49	14.58	8739700	133978656.00
20160708	14.64	14.64	14.48	14.52	4987800	74442144.00
20160711	14.56	14.74	14.48	14.57	6672500	100069080.00
20160712	14.62	14.90	14.50	14.90	10702700	161696864.00
20160713	14.98	15.36	14.96	15.24	17025500	264964368.00
20160714	15.24	15.24	15.01	15.11	8678400	134603056.00
20160715	15.10	15.17	14.97	15.03	6919600	107001760.00
20160718	15.00	15.17	14.98	15.10	5877000	90953776.00
20160719	15.10	15.10	14.90	15.02	5360800	82424560.00
20160720	15.04	15.09	14.97	14.99	4586200	70709304.00
20160721	15.00	15.17	14.99	15.08	6608700	102448152.00
20160722	15.06	15.10	14.89	14.95	5536800	85098976.00
20160725	15.00	15.05	14.92	15.00	3367000	51785632.00
20160726	14.94	15.29	14.94	15.28	7945300	123690280.00
20160727	15.30	15.38	14.61	15.02	12665613	195254000.00
20160728	15.41	15.95	15.41	15.66	28061431	450401376.00
20160729	15.60	16.35	15.58	16.15	29140174	477894368.00
20160801	16.20	16.20	15.68	15.97	18332962	298645888.00
20160802	15.89	16.34	15.75	16.32	16505984	270989216.00
20160803	16.31	16.77	16.18	16.28	22787946	384548992.00
20160804	16.15	16.43	15.95	16.35	14875940	246450784.00
20160805	16.37	16.67	16.23	16.44	15336226	258317552.00
20160808	16.42	16.96	16.41	16.92	19055221	325579776.00
20160809	16.88	16.95	16.64	16.79	14384700	246929296.00
20160810	16.76	16.86	16.39	16.41	15261600	259077504.00
20160811	16.36	16.57	16.08	16.11	14421093	241340096.00
20160812	16.07	16.75	16.02	16.68	17700059	297761088.00
20160815	16.69	17.54	16.66	17.32	32136933	566613952.00
20160816	17.34	17.42	16.98	17.11	19254074	337786208.00
20160817	17.14	17.44	17.04	17.18	13688750	241541056.00
20160818	17.08	17.77	17.08	17.36	19876002	354297696.00
20160819	17.36	17.36	16.97	17.11	12035715	210918528.00
20160822	17.10	17.23	16.93	16.94	7817300	136597424.00
20160823	16.99	17.05	16.70	16.87	6769000	117270280.00
20160824	16.90	16.92	16.74	16.81	7185700	123716072.00
20160825	16.70	16.72	16.28	16.45	11577200	195862352.00
20160826	16.47	16.82	16.46	16.61	9245900	157813872.00
20160829	16.56	16.70	16.45	16.50	6892196	116743040.00
20160830	16.56	16.72	16.47	16.57	5222814	88933184.00
20160831	16.62	16.88	16.51	16.71	8055566	137765584.00
20160901	16.65	16.75	16.51	16.54	7707182	131236608.00
20160902	16.59	16.77	16.55	16.64	7804115	133066472.00
20160905	16.69	16.75	16.50	16.57	5388721	91776328.00
20160906	16.60	16.67	16.25	16.62	9225410	155620576.00
20160907	16.59	16.72	16.56	16.62	6353177	108378840.00
20160908	16.61	16.76	16.57	16.71	5460200	93301016.00
20160909	16.68	16.74	16.52	16.54	6199061	105397056.00
20160912	16.29	16.43	16.10	16.42	8939777	148783120.00
20160913	16.42	16.51	16.34	16.47	4189070	70518792.00
20160914	16.34	16.44	16.20	16.33	4013790	67153728.00
20160919	16.34	16.54	16.32	16.47	3650736	61519056.00
20160920	16.47	16.76	16.41	16.70	6403946	109126304.00
20160921	16.77	16.82	16.60	16.77	5909338	101078704.00
20160922	16.84	17.09	16.77	16.78	10953396	189826704.00
20160923	16.80	16.96	16.75	16.77	5235862	90151632.00
20160926	16.70	16.71	16.27	16.29	6755317	114027712.00
20160927	16.28	16.56	16.21	16.55	4964391	83505440.00
20160928	16.62	16.86	16.55	16.75	6556705	112454968.00
20160929	16.75	16.95	16.70	16.87	7560832	130556848.00
20160930	16.85	17.15	16.85	17.11	8895853	155373536.00
20161010	17.09	17.09	16.41	16.71	13542818	230328416.00
20161011	16.67	16.86	16.60	16.71	6032382	103410104.00
20161012	16.70	16.70	16.57	16.63	4911366	83545776.00
20161013	16.62	16.71	16.58	16.65	4649996	79245936.00
20161014	16.62	16.68	16.52	16.63	4740497	80555400.00
20161017	16.70	16.88	16.64	16.72	7107675	122184696.00
20161018	16.72	17.11	16.68	17.09	11162650	194038784.00
20161019	17.08	17.09	16.91	16.95	6044257	105029520.00
20161020	16.94	17.03	16.90	16.96	4205112	72992056.00
20161021	16.98	17.01	16.69	16.79	5995832	103451296.00
20161024	16.79	17.13	16.71	17.06	9184204	159553632.00
20161025	17.02	17.09	16.91	17.04	5280641	91882320.00
20161026	17.08	17.37	17.01	17.16	8553304	150558464.00
20161027	17.16	17.51	17.11	17.48	10123712	179623296.00
20161028	17.18	17.24	16.73	16.76	18955761	328644224.00
20161031	16.65	16.71	16.45	16.55	11447615	194178704.00
20161101	16.56	16.65	16.49	16.61	7521000	127487032.00
20161102	16.57	16.59	16.29	16.29	11661400	195789008.00
20161103	16.25	16.49	16.23	16.37	6416227	107790896.00
20161104	16.40	16.43	16.26	16.34	5830000	97614320.00
20161107	16.32	16.37	16.20	16.25	5731025	95520576.00
20161108	16.32	16.37	16.21	16.33	5378538	89786168.00
20161109	16.34	16.34	16.03	16.18	7123149	118246040.00
20161110	16.29	16.46	16.29	16.40	6337298	106430272.00
20161111	16.40	16.52	16.32	16.49	5345381	89916520.00
20161114	16.50	16.55	16.42	16.51	6729694	113770592.00
20161115	16.53	16.53	16.40	16.46	5248892	88446272.00
20161116	16.50	16.51	16.41	16.47	4336700	73093568.00
20161117	16.46	16.47	16.35	16.41	3687600	61940592.00
20161118	16.41	16.52	16.38	16.40	4838700	81497272.00
20161121	16.38	16.53	16.35	16.51	6315400	106660440.00
20161122	16.49	16.71	16.49	16.70	8370757	142564080.00
20161123	16.72	16.96	16.67	16.74	9944140	171246016.00
20161124	16.73	17.10	16.62	17.01	16252000	281578656.00
20161125	17.05	17.45	17.00	17.21	16017900	281508576.00
20161128	17.20	17.75	17.17	17.53	19902500	355665888.00
20161129	17.46	17.60	17.22	17.24	15753800	279994784.00
20161130	17.24	17.33	16.98	17.09	9122000	160006368.00
20161201	17.15	17.78	17.06	17.62	22020488	394888512.00
20161202	17.61	17.66	17.08	17.21	13844639	245182768.00
20161205	16.87	17.13	16.83	17.01	8456600	146885600.00
20161206	17.02	17.08	16.78	16.83	7030800	121550528.00
20161207	16.92	16.98	16.72	16.97	5720400	98776080.00
20161208	16.96	16.99	16.74	16.77	5917000	101945064.00
20161209	16.80	17.03	16.72	16.97	6987500	120926880.00
20161212	17.02	17.07	16.35	16.50	11973138	203915376.00
20161213	16.48	16.59	16.28	16.51	5417439	91271328.00
20161214	16.50	16.58	16.37	16.38	4528719	76449176.00
20161215	16.38	16.52	16.32	16.42	4928703	82891120.00
20161216	16.47	16.55	16.37	16.50	3961720	66767656.00
20161219	16.50	16.52	16.39	16.45	3208969	54069928.00
20161220	16.42	16.50	16.29	16.39	3767770	63121832.00
20161221	16.36	16.50	16.36	16.46	3941158	66416448.00
20161222	16.45	16.46	16.30	16.36	3982855	66771980.00
20161223	16.36	16.40	16.24	16.25	3212070	53653108.00
20161226	16.20	16.28	16.02	16.26	4412805	72969312.00
20161227	16.28	16.39	16.23	16.33	3514441	58786360.00
20161228	16.33	16.35	16.27	16.31	1841385	30744080.00
20161229	16.33	16.35	16.25	16.26	2312700	38607868.00
20161230	16.27	16.39	16.27	16.35	2662400	44505064.00
20170103	16.37	16.57	16.36	16.52	4555290	77068800.00
20170104	16.49	16.63	16.49	16.61	4873110	82726296.00
20170105	16.62	16.66	16.55	16.60	3597297	61120632.00
20170106	16.55	16.61	16.47	16.50	3466906	58633548.00
20170109	16.48	16.81	16.41	16.80	5512113	94227328.00
20170110	16.82	16.86	16.70	16.70	3488834	59955756.00
20170111	16.65	16.74	16.44	16.46	3194020	54338072.00
20170112	16.46	16.59	16.34	16.35	3627621	61088116.00
20170113	16.36	16.49	16.29	16.45	4567944	76648328.00
20170116	16.33	16.58	16.12	16.53	10138074	169864496.00
20170117	16.46	16.52	16.31	16.45	3335970	56103792.00
20170118	16.43	16.62	16.40	16.59	4209352	71384008.00
20170119	16.59	16.75	16.55	16.64	3806033	64931268.00
20170120	16.62	16.73	16.59	16.69	3919080	66881780.00
20170123	16.69	16.80	16.66	16.69	4023544	68846064.00
20170124	16.67	16.89	16.65	16.81	5397430	92793552.00
20170125	16.81	16.85	16.71	16.78	3251803	55864136.00
20170126	16.77	16.84	16.72	16.78	3734774	64163012.00
20170203	16.82	16.82	16.53	16.56	3480070	59363516.00
20170206	16.50	16.63	16.46	16.60	4340297	73581888.00
20170207	16.60	16.75	16.50	16.74	4871302	82808704.00
20170208	16.70	16.76	16.59	16.74	3938530	67296416.00
20170209	16.74	17.00	16.71	16.95	10190645	175665440.00
20170210	16.98	17.04	16.86	16.97	8353211	144892592.00
20170213	16.97	17.10	16.92	17.02	8182756	142294784.00
20170214	16.98	17.01	16.81	16.92	4713328	81581192.00
20170215	16.89	17.09	16.77	16.79	6024082	104331824.00
20170216	16.76	16.97	16.76	16.96	4647364	80292064.00
20170217	16.94	17.03	16.79	16.80	5109221	88391272.00
20170220	16.82	17.40	16.80	17.37	16139700	283660512.00
20170221	17.39	17.42	17.22	17.31	9147808	161961488.00
20170222	17.27	17.42	17.17	17.40	8135558	143926432.00
20170223	17.38	17.39	17.13	17.27	7895132	139083808.00
20170224	17.27	17.29	17.13	17.28	5204400	91641936.00
20170227	17.26	17.34	16.96	17.00	6274900	110203008.00
20170228	16.99	17.12	16.96	17.07	3963199	69123704.00
20170301	17.07	17.22	17.03	17.10	4576402	80281120.00
20170302	17.12	17.15	16.96	17.01	4895641	85450904.00
20170303	16.96	17.02	16.83	17.00	4803319	83165680.00
20170306	17.01	17.15	16.99	17.10	4407124	77007728.00
20170307	17.11	17.13	16.90	16.99	6023700	104784768.00
20170308	16.99	17.05	16.92	16.96	4277368	74328016.00
20170309	16.94	16.94	16.71	16.82	6298600	108327800.00
20170310	16.78	16.85	16.75	16.80	3392533	58377296.00
20170313	16.76	16.92	16.67	16.88	4653362	80177504.00
20170314	16.89	17.00	16.82	16.91	4472982	77506800.00
20170315	16.91	16.95	16.78	16.94	3868732	66794928.00
20170316	16.92	17.10	16.92	17.02	6774720	118099240.00
20170317	17.05	17.10	16.76	16.77	7040212	122374336.00
20170320	16.80	16.99	16.79	16.98	5042000	87238248.00
20170321	16.94	17.17	16.93	17.15	6163400	107683416.00
20170322	17.07	17.33	17.04	17.30	12181354	214724672.00
20170323	17.28	17.33	16.99	17.23	8713539	153063712.00
20170324	17.20	17.48	17.17	17.45	11145100	198145200.00
20170327	17.47	17.52	17.19	17.20	8878485	157406048.00
20170328	17.29	17.52	17.22	17.33	6762123	120166984.00
20170329	17.33	17.46	17.20	17.27	9756485	172918752.00
20170330	16.80	16.87	16.22	16.30	23286644	393102432.00
20170331	16.28	16.38	16.18	16.27	7558245	126142800.00
20170405	16.30	16.56	16.30	16.45	9526730	160545264.00
20170406	16.48	16.48	16.36	16.41	6071822	102068944.00
20170407	16.43	16.44	16.34	16.43	5145998	86388416.00
20170410	16.42	16.43	16.17	16.19	8290725	138363376.00
20170411	16.15	16.44	16.10	16.38	6271800	104526640.00
20170412	16.32	16.46	16.29	16.39	4193500	70344176.00
20170413	16.33	16.75	16.33	16.58	7282866	123416312.00
20170414	16.68	16.85	16.51	16.56	10395978	177563312.00
20170417	16.48	16.48	16.20	16.37	6939753	115839816.00
20170418	16.28	16.50	16.16	16.18	6724317	112306208.00
20170419	16.10	16.21	15.90	16.18	8006629	131444952.00
20170420	16.18	16.18	15.94	16.12	4561163	74959040.00
20170421	16.13	16.23	15.99	16.20	4078395	67319952.00
20170424	16.09	16.20	15.78	16.18	6636600	108562792.00
20170425	16.09	16.17	15.91	15.94	3247200	53397460.00
20170426	15.96	16.06	15.85	15.86	2944400	48167792.00
20170427	15.86	15.86	15.63	15.82	4704200	75849744.00
20170428	15.76	15.87	15.73	15.76	2882167	46714264.00
20170502	15.45	15.49	15.10	15.16	8788219	137699504.00
20170503	15.16	15.19	14.95	14.98	3671702	56778124.00
20170504	14.98	15.15	14.98	15.07	2725400	42190128.00
20170505	15.05	15.05	14.90	14.92	2225100	34209156.00
20170508	14.81	14.91	14.56	14.58	3795800	57375224.00
20170509	14.57	14.71	14.48	14.58	3599000	53960304.00
20170510	14.58	14.74	14.45	14.45	3151100	47355120.00
20170511	14.38	14.50	14.19	14.44	4991500	73630000.00
20170512	14.41	14.67	14.39	14.59	3352339	50091792.00
20170515	14.56	14.69	14.56	14.59	1977388	29707734.00
20170516	14.60	14.68	14.40	14.67	4342184	64785752.00
20170517	14.63	14.76	14.63	14.65	3228762	48725048.00
20170518	14.57	14.58	14.43	14.46	3077000	45839408.00
20170519	14.46	14.53	14.40	14.44	1833714	27222958.00
20170522	14.40	14.55	14.26	14.29	2637391	39065424.00
20170523	14.25	14.39	14.08	14.13	3108100	45401236.00
20170524	14.08	14.21	13.92	14.20	2778600	40262668.00
20170525	14.19	14.66	14.10	14.55	4412300	65455596.00
20170526	14.54	14.69	14.52	14.58	3155500	47303116.00
20170531	14.72	14.83	14.54	14.59	3426478	51485424.00
20170601	14.55	14.55	14.30	14.34	2810698	41643040.00
20170602	14.30	14.65	14.29	14.57	3870184	57662836.00
20170605	14.60	14.66	14.54	14.61	2866431	43006656.00
20170606	14.64	14.64	14.45	14.56	2774103	41427640.00
20170607	14.52	14.78	14.52	14.75	5143026	77555896.00
20170608	14.75	14.85	14.70	14.78	3672649	55752452.00
20170609	14.78	14.85	14.71	14.81	3472631	52759000.00
20170612	14.77	14.86	14.68	14.71	3272000	49680072.00
20170613	14.65	14.84	14.65	14.84	2549247	38703952.00
20170614	14.77	14.90	14.77	14.86	3378667	51564632.00
20170615	14.89	14.97	14.86	14.88	3862685	57607664.00
20170616	14.90	14.92	14.70	14.72	3201368	47325604.00
20170619	14.79	14.92	14.74	14.83	2203869	32657362.00
20170620	14.82	14.90	14.77	14.82	2322806	34494900.00
20170621	14.82	14.92	14.82	14.90	3898187	58026836.00
20170622	14.92	15.11	14.86	14.89	5944261	89004096.00
20170623	14.88	14.90	14.71	14.86	3450824	51133768.00
20170626	14.83	15.06	14.82	15.03	4507667	67442856.00
20170627	15.04	15.13	15.02	15.10	3580065	53970528.00
20170628	15.10	15.10	14.99	15.01	2935772	44124876.00
20170629	15.05	15.13	15.00	15.06	2118836	31950008.00
20170630	15.06	15.13	15.01	15.10	2695416	40701464.00
20170703	15.15	15.15	15.02	15.13	2071147	31232940.00
20170704	15.13	15.16	14.99	15.03	3222100	48477904.00
20170705	15.03	15.18	14.99	15.16	3179276	48049184.00
20170706	15.16	15.17	15.03	15.09	2522525	38109148.00
20170707	15.06	15.13	15.00	15.08	1973851	29735036.00
20170710	15.09	15.12	14.98	14.99	4100405	61664312.00
20170711	14.95	14.98	14.78	14.80	6432050	95523840.00
数据来源:通达信
