600027 华电国际 日线 前复权
      日期	    开盘	    最高	    最低	    收盘	    成交量	    成交额
20111010	1.87	1.90	1.84	1.85	4350910	11849474.00
20111011	1.90	1.92	1.85	1.87	4052699	11124595.00
20111012	1.87	1.97	1.85	1.95	7420141	20619266.00
20111013	1.95	2.06	1.93	2.02	10779394	30871464.00
20111014	2.01	2.01	1.95	1.99	4863670	13788927.00
20111017	2.00	2.03	1.97	1.99	3391256	9668940.00
20111018	1.97	1.98	1.89	1.91	6002015	16738824.00
20111019	1.91	1.99	1.89	1.92	5054594	14101201.00
20111020	1.92	1.92	1.85	1.86	3895599	10643967.00
20111021	1.86	1.89	1.83	1.85	3340871	9068039.00
20111024	1.86	1.91	1.84	1.91	4109448	11267834.00
20111025	1.91	1.97	1.89	1.96	6483417	18171870.00
20111026	1.96	2.00	1.94	1.99	8257228	23381714.00
20111027	1.98	2.24	1.96	2.13	48208987	143570864.00
20111028	2.15	2.20	2.09	2.14	12841538	38550312.00
20111031	2.14	2.30	2.09	2.28	24969728	76673712.00
20111101	2.24	2.36	2.22	2.27	23929670	75608464.00
20111102	2.22	2.30	2.21	2.29	12364915	38510536.00
20111103	2.29	2.31	2.19	2.21	28704956	89043360.00
20111104	2.21	2.25	2.19	2.23	7843467	24152372.00
20111107	2.24	2.25	2.20	2.24	7478105	23130836.00
20111108	2.24	2.40	2.22	2.32	17959456	56956424.00
20111109	2.30	2.37	2.25	2.30	12305757	38819972.00
20111110	2.25	2.31	2.23	2.27	8699951	27118922.00
20111111	2.26	2.35	2.23	2.32	16184725	50930348.00
20111114	2.36	2.46	2.34	2.42	26727257	87651552.00
20111115	2.43	2.49	2.39	2.47	15094444	50189544.00
20111116	2.47	2.48	2.30	2.32	20959862	67277400.00
20111117	2.31	2.43	2.31	2.42	14638848	47375024.00
20111118	2.39	2.40	2.31	2.33	12984612	41781232.00
20111121	2.31	2.34	2.22	2.24	9204971	28673396.00
20111122	2.22	2.44	2.21	2.39	33553178	108680256.00
20111123	2.33	2.45	2.33	2.37	11460757	37503228.00
20111124	2.34	2.37	2.31	2.34	6494523	20736042.00
20111125	2.36	2.44	2.33	2.34	13397650	43514284.00
20111128	2.34	2.38	2.17	2.25	15199344	47020936.00
20111129	2.25	2.36	2.23	2.30	15117730	47723768.00
20111130	2.32	2.33	2.11	2.22	18863838	57795800.00
20111201	2.29	2.33	2.11	2.18	29586743	90332808.00
20111202	2.17	2.17	1.99	2.04	15674362	45384972.00
20111205	2.00	2.04	1.90	1.95	13380434	37390320.00
20111206	1.93	1.95	1.83	1.89	17910242	48831204.00
20111207	1.87	1.92	1.83	1.90	9131742	24951020.00
20111208	1.91	1.92	1.85	1.91	5702781	15702983.00
20111209	1.90	1.97	1.88	1.96	9242384	25985960.00
20111212	1.96	2.02	1.92	1.98	10513501	29879004.00
20111213	1.96	1.99	1.90	1.94	11311192	31701512.00
20111214	1.94	2.09	1.92	2.08	21262549	61734924.00
20111215	2.04	2.24	2.03	2.24	37538502	114660232.00
20111216	2.26	2.35	2.17	2.31	20890135	64880416.00
20111219	2.27	2.40	2.24	2.31	23451808	74764904.00
20111220	2.27	2.36	2.25	2.29	20295830	64438584.00
20111221	2.27	2.30	2.19	2.20	9179464	28405930.00
20111222	2.20	2.21	2.11	2.17	12230176	36843868.00
20111223	2.15	2.36	2.12	2.32	32222069	102513440.00
20111226	2.32	2.45	2.28	2.41	21326548	69505296.00
20111227	2.40	2.44	2.33	2.34	11105870	35897360.00
20111229	2.32	2.41	2.31	2.40	8036968	26093344.00
20111230	2.40	2.44	2.35	2.40	7178415	23420128.00
20120104	2.40	2.43	2.28	2.29	6019393	19347298.00
20120105	2.29	2.36	2.25	2.29	5378040	17101268.00
20120106	2.29	2.35	2.27	2.31	5996667	19122352.00
20120109	2.31	2.48	2.31	2.48	15440668	50867848.00
20120110	2.48	2.50	2.43	2.49	19682399	65310432.00
20120111	2.48	2.48	2.39	2.45	10707725	35173608.00
20120112	2.44	2.47	2.32	2.36	13438495	43456580.00
20120113	2.34	2.36	2.19	2.24	24709409	76828040.00
20120116	2.24	2.34	2.19	2.21	10945113	34061096.00
20120117	2.21	2.36	2.21	2.34	9886761	31250076.00
20120118	2.34	2.43	2.29	2.34	16226506	52385984.00
20120119	2.35	2.44	2.33	2.42	18978947	61142624.00
20120120	2.42	2.43	2.37	2.41	3906227	12733145.00
20120130	2.42	2.45	2.37	2.39	3712695	12176125.00
20120131	2.40	2.47	2.35	2.46	9871312	32549024.00
20120201	2.44	2.50	2.42	2.48	9848178	32868008.00
20120202	2.48	2.56	2.45	2.53	16630585	55911928.00
20120203	2.54	2.56	2.48	2.51	6048831	20403432.00
20120206	2.53	2.56	2.45	2.50	9644399	32534736.00
20120207	2.49	2.49	2.40	2.44	7818948	25770256.00
20120208	2.42	2.49	2.42	2.48	4204892	13934168.00
20120209	2.47	2.50	2.44	2.46	4016638	13386169.00
20120210	2.45	2.48	2.38	2.43	8865581	29012232.00
20120213	2.43	2.48	2.39	2.46	7799629	25678492.00
20120214	2.45	2.48	2.43	2.46	4967339	16469963.00
20120215	2.46	2.50	2.43	2.50	7539932	25116884.00
20120216	2.49	2.54	2.42	2.52	13640363	45794968.00
20120217	2.50	2.51	2.45	2.46	4326849	14398438.00
20120220	2.50	2.50	2.44	2.45	4873816	16211023.00
20120221	2.44	2.46	2.36	2.44	6347005	20711238.00
20120222	2.42	2.44	2.40	2.44	5414341	17767128.00
20120223	2.44	2.45	2.38	2.40	13255058	43116720.00
20120224	2.40	2.40	2.35	2.40	16060061	51921120.00
20120227	2.40	2.45	2.39	2.43	14107846	46349584.00
20120228	2.42	2.43	2.36	2.39	13023193	42238356.00
20120229	2.39	2.39	2.35	2.35	7503464	24171476.00
20120301	2.35	2.39	2.34	2.38	5633343	18208688.00
20120302	2.38	2.39	2.33	2.38	16727863	53788448.00
20120305	2.38	2.38	2.31	2.32	13123244	41881796.00
20120306	2.32	2.32	2.29	2.31	7745070	24479972.00
20120307	2.30	2.31	2.26	2.28	4765351	14997474.00
20120308	2.28	2.33	2.27	2.33	6981591	22073138.00
20120309	2.33	2.39	2.31	2.37	10344185	33314008.00
20120312	2.35	2.39	2.34	2.36	6319197	20367176.00
20120313	2.36	2.39	2.32	2.34	10129973	32448320.00
20120314	2.36	2.37	2.24	2.24	16861807	53274800.00
20120315	2.25	2.27	2.21	2.21	8578199	26525280.00
20120316	2.22	2.30	2.22	2.28	7658568	23960636.00
20120319	2.27	2.29	2.24	2.27	3503360	10927243.00
20120320	2.28	2.33	2.27	2.29	7625366	24152538.00
20120321	2.29	2.30	2.24	2.28	4835033	15196285.00
20120322	2.28	2.31	2.27	2.29	2466554	7767060.00
20120323	2.29	2.29	2.23	2.24	2793113	8677575.00
20120326	2.26	2.26	2.22	2.24	1952633	6044329.00
20120328	2.22	2.24	2.21	2.22	6877488	21213912.00
20120329	2.23	2.24	2.20	2.21	4056494	12456038.00
20120330	2.21	2.23	2.15	2.16	5076805	15481421.00
20120405	2.16	2.20	2.12	2.19	4135810	12525335.00
20120406	2.19	2.19	2.15	2.18	3955118	11998573.00
20120409	2.19	2.19	2.14	2.14	2908909	8776108.00
20120410	2.14	2.17	2.10	2.16	4012627	12015906.00
20120411	2.15	2.18	2.12	2.14	4018478	12098415.00
20120412	2.14	2.17	2.13	2.17	13020115	39164272.00
20120413	2.17	2.18	2.14	2.17	8280033	24994546.00
20120416	2.16	2.21	2.14	2.21	6639565	20203792.00
20120417	2.21	2.24	2.19	2.21	5528934	16977804.00
20120418	2.21	2.23	2.18	2.23	7425173	22815024.00
20120419	2.22	2.23	2.17	2.18	11536363	35215052.00
20120420	2.19	2.21	2.17	2.21	3632795	11094440.00
20120423	2.21	2.21	2.16	2.18	6543894	19914680.00
20120424	2.16	2.20	2.13	2.17	6060454	18340156.00
20120425	2.17	2.21	2.16	2.19	11762723	35783592.00
20120426	2.19	2.20	2.16	2.17	8760387	26582188.00
20120427	2.16	2.18	2.14	2.17	3164816	9538999.00
20120502	2.19	2.29	2.18	2.27	16316770	50797684.00
20120503	2.25	2.31	2.23	2.30	9624327	30186432.00
20120504	2.29	2.31	2.27	2.28	4810876	15154817.00
20120507	2.28	2.37	2.27	2.35	11403638	36508024.00
20120508	2.35	2.44	2.35	2.41	17256161	56447344.00
20120509	2.41	2.41	2.36	2.37	7331225	23784852.00
20120510	2.37	2.38	2.32	2.34	3112926	9955047.00
20120511	2.34	2.42	2.31	2.39	10464164	33916704.00
20120514	2.38	2.48	2.35	2.45	16437275	54503808.00
20120515	2.44	2.46	2.35	2.42	6670218	21813952.00
20120516	2.42	2.48	2.35	2.37	8912291	29156896.00
20120517	2.35	2.47	2.35	2.37	16917047	55478520.00
20120518	2.38	2.47	2.36	2.43	12539535	41154528.00
20120521	2.40	2.47	2.36	2.37	6670778	21788126.00
20120522	2.39	2.39	2.36	2.37	3741879	12099395.00
20120523	2.37	2.38	2.32	2.38	3716294	11923342.00
20120524	2.35	2.38	2.31	2.35	3146888	10079799.00
20120525	2.36	2.37	2.32	2.32	1399722	4465010.00
20120528	2.31	2.37	2.28	2.36	4697401	14936848.00
20120529	2.36	2.40	2.34	2.37	3160895	10247595.00
20120530	2.37	2.39	2.32	2.34	5360000	17195332.00
20120531	2.34	2.42	2.33	2.34	6407606	20738040.00
20120601	2.34	2.40	2.30	2.39	23757230	76322472.00
20120604	2.35	2.50	2.34	2.44	25416725	83570032.00
20120605	2.43	2.77	2.41	2.59	54497393	189547552.00
20120606	2.57	2.65	2.53	2.61	26159135	90461312.00
20120607	2.61	2.70	2.58	2.60	21699415	75858712.00
20120611	2.60	2.69	2.56	2.63	18183710	63475568.00
20120612	2.63	2.75	2.63	2.70	17172779	61219940.00
20120613	2.69	2.99	2.66	2.96	39418626	147002400.00
20120614	2.93	3.08	2.89	2.98	25824204	99820192.00
20120615	2.94	3.20	2.89	3.01	44409896	173577200.00
20120618	3.00	3.13	2.94	3.09	35561651	139577504.00
20120619	3.09	3.18	3.02	3.12	27099143	107265904.00
20120620	3.12	3.12	2.92	2.99	25866978	100025432.00
20120621	2.95	3.05	2.92	3.01	21106897	81141064.00
20120625	2.97	3.23	2.97	3.23	45766581	184319904.00
20120626	3.21	3.31	3.14	3.27	24991580	102310736.00
20120627	3.23	3.41	3.20	3.39	24780443	104009168.00
20120628	3.39	3.47	3.24	3.36	24873845	105213976.00
20120629	3.34	3.42	3.19	3.33	34410306	142460384.00
20120702	3.29	3.35	3.12	3.31	27346203	111432760.00
20120703	3.26	3.31	3.14	3.19	23562855	96016088.00
20120704	3.18	3.20	3.11	3.20	16075101	64444196.00
20120705	3.17	3.32	3.14	3.26	19868635	81401872.00
20120706	3.27	3.35	3.22	3.28	14054355	58387780.00
20120709	3.29	3.55	3.19	3.50	37982597	162651296.00
20120710	3.49	3.74	3.42	3.70	28289595	126334272.00
20120711	3.64	3.80	3.58	3.68	22388702	101370096.00
20120712	3.62	3.66	3.44	3.63	21399430	94259984.00
20120713	3.55	3.65	3.49	3.59	12005268	53053508.00
20120716	3.59	3.79	3.52	3.52	20857561	93656656.00
20120717	3.52	3.54	3.34	3.49	18328325	78589816.00
20120718	3.46	3.64	3.42	3.62	16651989	73544888.00
20120719	3.62	3.65	3.54	3.58	8535492	37925184.00
20120720	3.54	3.57	3.47	3.53	6332957	27721636.00
20120723	3.51	3.64	3.42	3.63	10992614	48664344.00
20120724	3.59	3.61	3.47	3.56	9046528	39796828.00
20120725	3.54	3.58	3.49	3.53	6956529	30594012.00
20120726	3.49	3.54	3.34	3.35	14937495	64377128.00
20120727	3.35	3.41	3.13	3.34	18878646	77615296.00
20120730	3.27	3.30	3.17	3.23	8515925	34771968.00
20120731	3.20	3.29	3.12	3.22	9317424	37687424.00
20120801	3.19	3.39	3.19	3.37	10028357	42081104.00
20120802	3.37	3.48	3.34	3.40	5557385	23769556.00
20120803	3.40	3.49	3.35	3.46	4250538	18183992.00
20120806	3.45	3.45	3.32	3.40	9838009	41462272.00
20120807	3.37	3.37	3.22	3.28	19436322	80006512.00
20120808	3.25	3.28	3.17	3.19	10527931	42872800.00
20120809	3.20	3.20	3.12	3.20	19667507	78882656.00
20120810	3.19	3.24	3.15	3.23	15475698	62923968.00
20120813	3.22	3.24	3.16	3.20	12723361	51503160.00
20120814	3.17	3.26	3.12	3.16	12979715	52297000.00
20120815	3.16	3.17	3.02	3.03	11666290	45977288.00
20120816	3.03	3.08	2.95	3.05	8590108	33403672.00
20120817	3.04	3.07	3.00	3.05	7052683	27481716.00
20120820	3.04	3.04	2.90	3.03	8885789	34155032.00
20120821	3.01	3.14	2.96	3.07	7012977	27538776.00
20120822	3.06	3.09	3.01	3.06	6275786	24509952.00
20120823	3.05	3.09	3.01	3.04	5961634	23218106.00
20120824	3.03	3.03	2.91	2.94	10361746	39464980.00
20120827	2.93	2.95	2.84	2.91	15356487	57319508.00
20120828	2.91	2.91	2.76	2.81	9300822	34212760.00
20120829	2.79	2.82	2.74	2.78	7186744	26192116.00
20120830	2.76	2.87	2.69	2.79	9618887	34870316.00
20120831	2.80	2.80	2.73	2.73	5103738	18516804.00
20120903	2.71	2.84	2.67	2.81	7005983	25498156.00
20120904	2.81	2.81	2.74	2.77	4224089	15388723.00
20120905	2.74	3.06	2.74	3.03	17693886	67740736.00
20120906	3.05	3.10	2.98	3.07	12304253	48057248.00
20120907	3.11	3.20	3.04	3.08	15205156	60419276.00
20120910	3.08	3.08	2.93	2.99	14348552	55345916.00
20120911	2.97	3.02	2.92	2.98	5199682	19855120.00
20120912	2.96	3.02	2.81	2.89	16566507	61818336.00
20120913	2.86	2.90	2.80	2.81	9497281	35077748.00
20120914	2.81	2.84	2.73	2.76	11228165	40615056.00
20120917	2.77	2.79	2.69	2.70	5713812	20517790.00
20120918	2.70	2.72	2.59	2.62	7119372	25047132.00
20120919	2.64	2.65	2.56	2.57	8338708	28845874.00
20120920	2.57	2.59	2.49	2.50	11466026	38779552.00
20120921	2.50	2.69	2.45	2.63	35026995	122182832.00
20120924	2.59	2.68	2.56	2.60	6049137	21112240.00
20120925	2.61	2.69	2.58	2.62	5706768	19942826.00
20120926	2.62	2.68	2.59	2.65	7609290	26704244.00
20120927	2.66	2.69	2.48	2.69	17003915	59057624.00
20120928	2.64	2.82	2.59	2.74	19774871	71213448.00
20121008	2.74	2.82	2.72	2.81	9970895	36448900.00
20121009	2.81	2.87	2.75	2.80	13535943	49272920.00
20121010	2.78	2.78	2.72	2.75	7870719	28335510.00
20121011	2.73	2.76	2.71	2.74	3627502	13036544.00
20121012	2.73	2.78	2.67	2.70	3690959	13205705.00
20121015	2.72	2.72	2.63	2.71	6294784	22124366.00
20121016	2.70	2.70	2.59	2.62	8445973	29578802.00
20121017	2.64	2.72	2.59	2.69	9241531	32628896.00
20121018	2.70	2.73	2.67	2.68	8209604	29205750.00
20121019	2.69	2.69	2.54	2.59	14590460	50526624.00
20121022	2.58	2.66	2.56	2.61	7416941	25695626.00
20121023	2.61	2.63	2.55	2.57	6210808	21379996.00
20121024	2.57	2.79	2.56	2.78	35447292	126031832.00
20121025	2.77	2.91	2.72	2.73	32844990	120631408.00
20121026	2.73	2.81	2.63	2.77	21904514	78562520.00
20121029	2.77	2.78	2.67	2.72	9003038	32384324.00
20121030	2.72	2.72	2.59	2.64	7509647	26276274.00
20121031	2.51	2.64	2.29	2.59	64387808	209570880.00
20121101	2.47	2.55	2.39	2.51	26615465	89159536.00
20121102	2.51	2.55	2.48	2.53	14774721	49940140.00
20121105	2.53	2.68	2.49	2.59	22586986	77932224.00
20121106	2.62	2.64	2.54	2.60	8678591	29891916.00
20121107	2.60	2.63	2.53	2.59	9231106	31811236.00
20121108	2.55	2.63	2.54	2.55	10231259	35250876.00
20121109	2.52	2.60	2.49	2.54	6668196	22771494.00
20121112	2.58	2.70	2.58	2.61	12455987	43547544.00
20121113	2.63	2.71	2.57	2.64	16515389	57952012.00
20121114	2.65	2.76	2.65	2.68	11524519	41101388.00
20121115	2.68	2.70	2.61	2.62	5202666	18311000.00
20121116	2.62	2.69	2.57	2.66	6215789	21640506.00
20121119	2.68	2.68	2.60	2.66	3667058	12811984.00
20121120	2.68	2.83	2.61	2.78	13083243	47397688.00
20121121	2.80	2.82	2.72	2.79	12192199	44346396.00
20121122	2.78	2.82	2.76	2.78	8022392	29286684.00
20121123	2.78	2.85	2.77	2.81	9134145	33563984.00
20121126	2.82	2.88	2.76	2.76	12283126	45328076.00
20121127	2.74	2.74	2.62	2.68	15839924	55855080.00
20121128	2.64	2.67	2.42	2.53	6934494	23654088.00
20121129	2.52	2.65	2.49	2.61	10172584	34801948.00
20121130	2.61	2.71	2.53	2.69	5922218	20672092.00
20121203	2.72	2.73	2.62	2.70	6859427	24257636.00
20121204	2.68	2.81	2.66	2.78	13268186	47688776.00
20121205	2.79	3.14	2.78	2.98	26124346	98654096.00
20121206	2.91	3.15	2.89	3.04	18086555	70518112.00
20121207	3.04	3.14	2.98	3.00	23261098	90910264.00
20121210	2.97	3.13	2.90	2.97	21073129	80766184.00
20121211	2.93	2.97	2.84	2.92	15283068	57583640.00
20121212	2.92	2.95	2.88	2.93	7379156	27930346.00
20121213	2.93	2.94	2.86	2.87	6919254	26024092.00
20121214	2.87	3.03	2.85	3.01	24749382	95134752.00
20121217	3.01	3.10	2.90	2.94	17395134	66425244.00
20121218	2.94	3.01	2.90	2.95	9401485	36030012.00
20121219	2.96	3.03	2.88	2.95	14627549	55638408.00
20121220	2.92	2.94	2.87	2.91	14202637	53403728.00
20121221	2.93	2.94	2.83	2.88	15727540	59276052.00
20121224	2.88	2.89	2.76	2.85	18858574	69114336.00
20121225	2.82	3.06	2.80	3.02	24345755	93109304.00
20121226	3.01	3.05	2.91	3.03	20533534	78619336.00
20121227	3.01	3.12	2.97	3.10	22895078	89962728.00
20121228	3.11	3.12	3.03	3.11	23736953	93365072.00
20121231	3.11	3.23	3.06	3.08	27719818	110992296.00
20130104	3.10	3.12	2.96	2.99	20246680	78613936.00
20130107	2.98	3.03	2.92	3.02	11368335	43523552.00
20130108	3.01	3.03	2.94	2.99	10792981	41348168.00
20130109	2.98	2.98	2.90	2.95	15992844	60866116.00
20130110	2.93	2.96	2.91	2.95	13353856	50716960.00
20130111	2.95	2.97	2.88	2.91	9668048	36456024.00
20130114	2.93	2.97	2.90	2.97	16960754	64542000.00
20130115	2.97	3.02	2.95	3.01	18858449	72701920.00
20130116	3.01	3.02	2.95	2.99	10955152	42078720.00
20130117	2.99	3.07	2.97	3.05	19725613	76932200.00
20130118	3.07	3.11	3.04	3.10	20614269	81294536.00
20130121	3.10	3.11	2.95	2.99	33774587	130048752.00
20130122	2.98	2.98	2.89	2.91	19493472	73768768.00
20130123	2.91	2.93	2.87	2.91	13756322	51573140.00
20130124	2.91	2.94	2.87	2.88	12681915	47655016.00
20130125	2.90	3.00	2.86	2.98	19747059	75453608.00
20130128	3.00	3.01	2.96	3.01	11587280	44585352.00
20130129	3.03	3.04	2.92	2.98	21747250	83621056.00
20130130	2.94	2.98	2.92	2.96	9731816	37099772.00
20130131	2.96	3.33	2.93	3.27	51249751	204768080.00
20130201	3.23	3.45	3.17	3.34	43398392	180464800.00
20130204	3.32	3.51	3.30	3.36	42682453	182947024.00
20130205	3.36	3.44	3.33	3.44	19973379	84743760.00
20130206	3.44	3.54	3.38	3.51	22161699	96354624.00
20130207	3.48	3.54	3.36	3.38	11886138	50878404.00
20130208	3.38	3.47	3.37	3.40	8551359	36447656.00
20130218	3.40	3.47	3.30	3.42	17735294	75290640.00
20130219	3.42	3.46	3.35	3.38	12536148	53528872.00
20130220	3.35	3.55	3.35	3.54	15544526	67314184.00
20130221	3.47	3.71	3.45	3.50	25634679	113566624.00
20130222	3.58	3.58	3.31	3.37	13369589	57344776.00
20130225	3.39	3.46	3.30	3.41	10193468	43391484.00
20130226	3.38	3.41	3.25	3.31	14328713	60128176.00
20130227	3.31	3.34	3.20	3.25	11033589	45440852.00
20130228	3.23	3.34	3.23	3.32	8208049	34028244.00
20130301	3.31	3.37	3.27	3.36	9492090	39768604.00
20130304	3.41	3.49	3.32	3.40	15977879	68382840.00
20130305	3.40	3.63	3.39	3.54	30637350	134936192.00
20130306	3.62	3.84	3.56	3.71	32129328	146999840.00
20130307	3.66	3.77	3.62	3.71	21344045	97314720.00
20130308	3.71	3.77	3.62	3.63	14313194	65369624.00
20130311	3.55	3.80	3.55	3.77	20862087	96089416.00
20130312	3.77	3.95	3.70	3.81	32620810	153462240.00
20130313	3.75	3.80	3.59	3.62	18338277	82762808.00
20130314	3.54	3.61	3.50	3.54	9446133	41616340.00
20130315	3.54	3.64	3.46	3.49	11752376	51725564.00
20130318	3.47	3.65	3.46	3.60	28597812	125752480.00
20130319	3.63	3.84	3.61	3.71	22701885	103963040.00
20130320	3.69	3.77	3.61	3.74	16407466	74451352.00
20130321	3.74	3.77	3.67	3.73	9386509	43063208.00
20130322	3.75	3.79	3.63	3.70	10539813	47974748.00
20130325	3.69	3.71	3.60	3.65	5634443	25366672.00
20130326	3.62	3.69	3.57	3.62	7252406	32479574.00
20130327	3.64	3.68	3.58	3.68	9753122	43838508.00
20130328	3.64	3.69	3.34	3.46	24591192	107185488.00
20130329	3.53	3.55	3.36	3.48	13443126	58233736.00
20130401	3.41	3.57	3.40	3.50	9404317	41037888.00
20130402	3.50	3.59	3.47	3.49	9510283	41600512.00
20130403	3.54	3.55	3.44	3.49	14394013	62561348.00
20130408	3.43	3.52	3.36	3.49	12423870	53668672.00
20130409	3.52	3.60	3.47	3.52	11538811	51032608.00
20130410	3.49	3.66	3.49	3.59	12122087	54003500.00
20130411	3.59	3.66	3.58	3.66	13337458	59892152.00
20130412	3.64	3.72	3.46	3.50	13530811	60102148.00
20130415	3.48	3.55	3.44	3.48	6434332	27983732.00
20130416	3.54	3.54	3.28	3.31	33536727	141274704.00
20130417	3.30	3.31	3.14	3.30	27337559	110966416.00
20130418	3.23	3.30	3.18	3.29	11415683	46843472.00
20130419	3.27	3.40	3.25	3.39	13335322	56234176.00
20130422	3.36	3.37	3.30	3.35	13273805	55709164.00
20130423	3.32	3.35	3.21	3.24	12194760	50373480.00
20130424	3.26	3.34	3.24	3.31	10252842	42616880.00
20130425	3.32	3.44	3.28	3.38	15489273	65593744.00
20130426	3.42	3.43	3.27	3.29	7370999	30770300.00
20130502	3.22	3.36	3.14	3.34	10181811	42538264.00
20130503	3.35	3.45	3.35	3.39	9398730	40129772.00
20130506	3.39	3.45	3.38	3.42	13210891	56574784.00
20130507	3.37	3.49	3.37	3.47	11490741	49453704.00
20130508	3.50	3.52	3.44	3.44	7290025	31597560.00
20130509	3.42	3.46	3.38	3.44	9117302	39005696.00
20130510	3.40	3.49	3.34	3.41	11952648	50943584.00
20130513	3.42	3.43	3.36	3.39	9346768	39735996.00
20130514	3.37	3.40	3.25	3.29	14099543	58804352.00
20130515	3.29	3.30	3.24	3.27	5474645	22656048.00
20130516	3.26	3.30	3.24	3.30	26150134	107853968.00
20130517	3.30	3.46	3.27	3.45	39260643	167324416.00
20130520	3.46	3.54	3.38	3.48	36518556	157876720.00
20130521	3.46	3.51	3.35	3.38	41300893	175444208.00
20130522	3.36	3.36	3.10	3.18	88791550	360128352.00
20130523	3.16	3.17	3.09	3.12	29748834	118864008.00
20130524	3.14	3.15	3.06	3.12	24380498	96702296.00
20130527	3.12	3.12	3.06	3.09	19056826	75203896.00
20130528	3.09	3.16	3.07	3.16	21613745	85959208.00
20130529	3.17	3.18	3.14	3.17	25676634	103292736.00
20130530	3.17	3.17	3.11	3.11	14848583	59313600.00
20130531	3.10	3.14	3.05	3.06	23939765	94489080.00
20130603	3.06	3.14	3.06	3.09	13677199	54146728.00
20130604	3.09	3.10	3.00	3.02	15756465	61475956.00
20130605	3.02	3.08	3.01	3.04	11435820	44670792.00
20130606	3.04	3.04	2.98	2.99	9835043	38093800.00
20130607	3.00	3.02	2.90	2.93	8971958	34335968.00
20130613	2.89	2.89	2.60	2.64	23860465	84744536.00
20130614	2.65	2.67	2.55	2.60	21883755	75682408.00
20130617	2.61	2.62	2.57	2.58	14090575	48590384.00
20130618	2.60	2.60	2.56	2.58	10800645	37141604.00
20130619	2.56	2.57	2.42	2.50	21510816	71513584.00
20130620	2.47	2.47	2.41	2.43	13780725	45498084.00
20130621	2.40	2.46	2.36	2.45	13217492	43366520.00
20130624	2.44	2.44	2.24	2.25	19228661	61375032.00
20130625	2.17	2.26	1.95	2.22	23546267	70540344.00
20130626	2.22	2.24	2.10	2.18	18592380	56117984.00
20130627	2.20	2.37	2.19	2.30	30235483	94760312.00
20130628	2.29	2.35	2.25	2.29	21885773	69182864.00
20130701	2.29	2.34	2.26	2.33	12498431	39575708.00
20130702	2.33	2.34	2.30	2.33	8895215	28227400.00
20130703	2.31	2.31	2.02	2.13	83055364	246207568.00
20130704	2.07	2.12	1.99	2.09	63785985	187004288.00
20130705	2.09	2.16	2.04	2.13	46963195	139005696.00
20130708	2.09	2.09	2.00	2.01	33152895	95933888.00
20130709	2.02	2.07	2.00	2.03	22668228	65613016.00
20130710	2.04	2.11	2.03	2.11	28916573	85018560.00
20130711	2.12	2.31	2.12	2.30	63648198	197086032.00
20130712	2.33	2.42	2.24	2.27	60826657	194005584.00
20130715	2.26	2.34	2.26	2.29	30724727	96872608.00
20130716	2.29	2.29	2.16	2.26	51728982	159396304.00
20130717	2.24	2.27	2.19	2.22	38670502	119375456.00
20130718	2.22	2.22	2.15	2.16	42143958	128021728.00
20130719	2.24	2.27	2.14	2.19	76417298	233880864.00
20130722	2.24	2.24	2.14	2.17	35479390	105250920.00
20130723	2.19	2.24	2.14	2.23	44300793	132657736.00
20130724	2.21	2.22	2.14	2.19	37684540	111676784.00
20130725	2.18	2.19	2.14	2.16	30947539	91415560.00
20130726	2.15	2.18	2.13	2.15	25778867	75696424.00
20130729	2.14	2.14	2.06	2.09	34855291	100326192.00
20130730	2.08	2.17	2.08	2.13	30169507	87931936.00
20130731	2.16	2.18	2.11	2.14	22299317	65364088.00
20130801	2.15	2.19	2.13	2.19	37776025	111791368.00
20130802	2.20	2.23	2.18	2.21	38513902	115231528.00
20130805	2.21	2.24	2.19	2.23	32337953	97102672.00
20130806	2.23	2.49	2.20	2.40	93188172	290175328.00
20130807	2.39	2.45	2.34	2.36	54160312	172221280.00
20130808	2.36	2.39	2.32	2.34	27761069	87099904.00
20130809	2.35	2.38	2.28	2.36	39543331	123388784.00
20130812	2.36	2.41	2.34	2.41	38497406	122394608.00
20130813	2.41	2.51	2.41	2.44	38909815	126254976.00
20130814	2.44	2.45	2.37	2.39	29755607	95198864.00
20130815	2.39	2.44	2.35	2.37	25843580	82306416.00
20130816	2.36	2.69	2.33	2.34	58644781	188412704.00
20130819	2.31	2.34	2.29	2.32	28142091	87343456.00
20130820	2.32	2.38	2.30	2.33	26240485	82003704.00
20130821	2.33	2.34	2.31	2.33	16088308	50058272.00
20130822	2.32	2.35	2.28	2.30	25541511	79342376.00
20130823	2.30	2.31	2.19	2.23	27737896	84456048.00
20130826	2.24	2.28	2.22	2.27	25679419	78028904.00
20130827	2.26	2.28	2.24	2.28	20443427	62317768.00
20130828	2.25	2.28	2.23	2.26	27768498	84477392.00
20130829	2.26	2.29	2.25	2.28	23142355	70678608.00
20130830	2.28	2.37	2.25	2.33	52326267	162595696.00
20130902	2.34	2.38	2.32	2.36	31506647	98821848.00
20130903	2.36	2.39	2.34	2.38	36229834	114276360.00
20130904	2.37	2.38	2.34	2.36	27237895	85729216.00
20130905	2.36	2.37	2.28	2.30	26502688	82194640.00
20130906	2.29	2.32	2.27	2.28	27293927	84002216.00
20130909	2.28	2.37	2.27	2.34	45135806	140959040.00
20130910	2.36	2.46	2.35	2.46	72602373	233163008.00
20130911	2.48	2.65	2.47	2.54	107156651	357927712.00
20130912	2.54	2.58	2.46	2.55	71721104	236655744.00
20130913	2.52	2.53	2.47	2.48	42278746	138917568.00
20130916	2.50	2.51	2.43	2.45	33223795	108065240.00
20130917	2.45	2.47	2.37	2.38	25444861	81627240.00
20130918	2.38	2.42	2.36	2.41	21744646	69282712.00
20130923	2.41	2.45	2.39	2.44	25833565	82865712.00
20130924	2.43	2.43	2.36	2.38	23347067	74144200.00
20130925	2.37	2.38	2.33	2.35	21982288	69087608.00
20130926	2.33	2.34	2.25	2.26	24810024	76523384.00
20130927	2.26	2.28	2.24	2.27	16680327	50808488.00
20130930	2.28	2.31	2.26	2.30	10785295	33095052.00
20131008	2.30	2.35	2.27	2.34	16446017	51073524.00
20131009	2.33	2.35	2.31	2.35	14969944	46645640.00
20131010	2.35	2.35	2.27	2.29	20509301	63356480.00
20131011	2.31	2.35	2.29	2.32	20283177	63104436.00
20131014	2.33	2.37	2.32	2.36	23431331	73457096.00
20131015	2.36	2.51	2.34	2.44	95239543	307768896.00
20131016	2.42	2.56	2.40	2.50	115264310	377472256.00
20131017	2.50	2.52	2.39	2.41	66534637	214823840.00
20131018	2.42	2.42	2.36	2.38	26382360	83680448.00
20131021	2.39	2.46	2.35	2.44	40688874	129775112.00
20131022	2.43	2.48	2.38	2.46	47550962	152803392.00
20131023	2.45	2.47	2.35	2.36	39148011	124962544.00
20131024	2.34	2.40	2.34	2.37	20514682	64882964.00
20131025	2.38	2.41	2.32	2.33	24657921	77649200.00
20131028	2.34	2.37	2.32	2.36	15917146	49978756.00
20131029	2.36	2.50	2.35	2.47	66769602	214938944.00
20131030	2.50	2.74	2.46	2.63	160383226	545848832.00
20131031	2.59	2.59	2.48	2.49	81360579	270133120.00
20131101	2.50	2.52	2.45	2.49	40903463	134040248.00
20131104	2.50	2.54	2.47	2.50	31010142	102212744.00
20131105	2.50	2.51	2.42	2.49	43358084	141210256.00
20131106	2.47	2.51	2.45	2.45	30451149	99617168.00
20131107	2.45	2.54	2.42	2.51	45362521	148924848.00
20131108	2.49	2.53	2.45	2.47	28598184	93824464.00
20131111	2.46	2.49	2.44	2.47	14023717	45576444.00
20131112	2.48	2.50	2.45	2.49	21047361	68796176.00
20131113	2.48	2.48	2.35	2.35	39869145	127106240.00
20131114	2.36	2.37	2.32	2.34	25693090	80528728.00
20131115	2.35	2.43	2.34	2.40	35218967	111918808.00
20131118	2.41	2.46	2.38	2.46	56169294	180083312.00
20131119	2.45	2.47	2.42	2.44	41958078	135602656.00
20131120	2.45	2.46	2.39	2.43	34280184	109989912.00
20131121	2.42	2.42	2.37	2.41	32909373	104653000.00
20131122	2.40	2.43	2.38	2.39	29444161	93856440.00
20131125	2.37	2.40	2.37	2.38	16176825	51360020.00
20131126	2.39	2.40	2.36	2.38	15840055	50165080.00
20131127	2.37	2.40	2.36	2.38	23181257	73483120.00
20131128	2.39	2.44	2.38	2.42	36353239	116460040.00
20131129	2.41	2.42	2.38	2.39	29266829	93309264.00
20131202	2.38	2.46	2.37	2.42	59154214	189694928.00
20131203	2.42	2.52	2.40	2.51	89803393	293991328.00
20131204	2.49	2.57	2.47	2.51	78185260	258232336.00
20131205	2.51	2.54	2.48	2.49	37884701	124734496.00
20131206	2.49	2.51	2.45	2.46	31887724	104129080.00
20131209	2.47	2.49	2.45	2.46	21498977	70027504.00
20131210	2.46	2.48	2.43	2.45	23184395	75255920.00
20131211	2.45	2.46	2.39	2.40	27740678	88921760.00
20131212	2.39	2.44	2.38	2.42	21885652	69958664.00
20131213	2.40	2.42	2.37	2.40	24648512	78446984.00
20131216	2.40	2.41	2.35	2.35	24820249	78503056.00
20131217	2.36	2.37	2.34	2.35	17314400	54371960.00
20131218	2.35	2.36	2.33	2.34	15123848	47362132.00
20131219	2.36	2.36	2.28	2.29	24241871	75382416.00
20131220	2.29	2.30	2.21	2.24	22740909	69009920.00
20131223	2.24	2.25	2.16	2.22	16290682	48895896.00
20131224	2.22	2.25	2.18	2.21	19933128	60008672.00
20131225	2.21	2.23	2.19	2.22	15192562	45550512.00
20131226	2.21	2.22	2.14	2.15	17428585	51658684.00
20131227	2.16	2.21	2.15	2.21	18746163	55660128.00
20131230	2.21	2.23	2.19	2.19	12561511	37688280.00
20131231	2.19	2.23	2.19	2.23	12215172	36684080.00
20140102	2.21	2.23	2.20	2.21	10155382	30488044.00
20140103	2.21	2.22	2.17	2.20	12999921	38746368.00
20140106	2.20	2.20	2.10	2.10	20906756	61047676.00
20140107	2.11	2.11	2.06	2.09	16096720	46236588.00
20140108	2.09	2.12	2.07	2.08	11238335	32375558.00
20140109	2.07	2.11	2.05	2.05	13881436	39844676.00
20140110	2.05	2.10	2.02	2.08	21066410	59986064.00
20140113	2.08	2.10	2.05	2.07	10985247	31437436.00
20140114	2.07	2.10	2.05	2.10	9673256	27738652.00
20140115	2.10	2.10	2.06	2.08	7894146	22617892.00
20140116	2.08	2.14	2.07	2.11	17557080	51031808.00
20140117	2.11	2.12	2.06	2.07	12526939	36028300.00
20140120	2.06	2.08	2.03	2.05	11512353	32737408.00
20140121	2.04	2.10	2.04	2.08	16091484	46114272.00
20140122	2.09	2.16	2.07	2.16	22863401	66701248.00
20140123	2.21	2.24	2.16	2.16	32080982	95551040.00
20140124	2.15	2.21	2.14	2.17	29547705	88021048.00
20140127	2.15	2.19	2.15	2.17	19198422	56799792.00
20140128	2.18	2.22	2.17	2.22	23122527	69145184.00
20140129	2.21	2.26	2.21	2.23	16527945	50062456.00
20140130	2.23	2.23	2.17	2.18	10118850	30202248.00
20140207	2.16	2.21	2.13	2.21	10471713	30948652.00
20140210	2.21	2.27	2.21	2.25	26330105	79921744.00
20140211	2.24	2.27	2.23	2.27	19721258	60045080.00
20140212	2.26	2.27	2.23	2.25	19796510	60097088.00
20140213	2.24	2.25	2.19	2.20	25469670	76551024.00
20140214	2.20	2.22	2.17	2.22	18227831	54457996.00
20140217	2.22	2.24	2.21	2.22	28015591	84357552.00
20140218	2.22	2.22	2.15	2.17	28522937	84611440.00
20140219	2.17	2.23	2.16	2.21	21458794	64048504.00
20140220	2.22	2.26	2.21	2.22	37796506	114410032.00
20140221	2.21	2.25	2.18	2.22	25400567	76229968.00
20140224	2.21	2.22	2.12	2.13	24196034	71041240.00
20140225	2.15	2.17	2.09	2.10	28124382	82449008.00
20140226	2.09	2.10	2.04	2.08	21067800	60330400.00
20140227	2.10	2.23	2.06	2.16	31212838	91601720.00
20140228	2.18	2.24	2.16	2.21	32111134	96102920.00
20140303	2.21	2.29	2.18	2.25	48394732	146983488.00
20140304	2.24	2.25	2.19	2.23	24539059	73640320.00
20140305	2.24	2.26	2.18	2.19	23970681	72335864.00
20140306	2.19	2.21	2.15	2.20	19218966	57142328.00
20140307	2.19	2.22	2.16	2.18	19400418	57796684.00
20140310	2.16	2.16	2.07	2.08	19536590	56801880.00
20140311	2.08	2.11	2.07	2.10	14534854	41809464.00
20140312	2.10	2.13	2.07	2.10	15718348	45346012.00
20140313	2.12	2.19	2.12	2.16	26489265	78159728.00
20140314	2.14	2.15	2.10	2.12	12757676	37136600.00
20140317	2.12	2.15	2.12	2.14	12316454	35980816.00
20140318	2.15	2.20	2.14	2.19	23819562	70516616.00
20140319	2.20	2.20	2.17	2.19	22257333	66207240.00
20140320	2.18	2.22	2.12	2.14	28650280	85043248.00
20140321	2.14	2.24	2.13	2.24	50669608	151439424.00
20140324	2.29	2.35	2.27	2.28	72741342	224628192.00
20140325	2.29	2.38	2.26	2.33	72640938	226523088.00
20140326	2.33	2.35	2.28	2.30	28968230	89589128.00
20140327	2.29	2.32	2.27	2.29	28797545	88883744.00
20140328	2.28	2.32	2.28	2.28	27077406	83543944.00
20140331	2.30	2.35	2.28	2.31	37481104	116243536.00
20140401	2.31	2.34	2.30	2.33	29704824	92550488.00
20140402	2.32	2.38	2.32	2.37	41987408	132038720.00
20140403	2.37	2.41	2.34	2.36	34666481	109460232.00
20140404	2.35	2.36	2.32	2.36	24765912	77536408.00
20140408	2.36	2.45	2.35	2.43	52538363	167839728.00
20140409	2.43	2.44	2.39	2.41	37890254	121254912.00
20140410	2.40	2.53	2.39	2.50	84428112	275378816.00
20140411	2.48	2.50	2.44	2.46	36476694	118774064.00
20140414	2.47	2.47	2.42	2.45	19674607	63591300.00
20140415	2.45	2.48	2.41	2.43	32366990	104551680.00
20140416	2.42	2.44	2.40	2.43	20485289	65688064.00
20140417	2.43	2.47	2.42	2.42	30758768	99412944.00
20140418	2.41	2.46	2.39	2.44	20133714	64826640.00
20140421	2.41	2.45	2.35	2.35	19683042	62848856.00
20140422	2.35	2.36	2.29	2.33	28476709	88554016.00
20140423	2.36	2.40	2.33	2.38	29269135	92406464.00
20140424	2.37	2.40	2.34	2.35	14620342	46140484.00
20140425	2.35	2.39	2.33	2.34	17010929	53452188.00
20140428	2.33	2.37	2.27	2.29	28605423	88827504.00
20140429	2.29	2.33	2.27	2.33	25564789	78955152.00
20140430	2.33	2.36	2.30	2.34	20330770	63461364.00
20140505	2.33	2.35	2.30	2.34	15208231	47363976.00
20140506	2.34	2.39	2.33	2.37	21333931	67393264.00
20140507	2.36	2.40	2.34	2.38	22123570	69949616.00
20140508	2.36	2.41	2.35	2.37	25067609	79509136.00
20140509	2.36	2.37	2.30	2.32	20799522	64777748.00
20140512	2.34	2.39	2.33	2.38	27725260	87585304.00
20140513	2.38	2.38	2.36	2.37	13607976	43026536.00
20140514	2.37	2.43	2.36	2.41	29842685	95187200.00
20140515	2.40	2.44	2.38	2.39	25837880	82630136.00
20140516	2.38	2.43	2.37	2.41	18222036	58215288.00
20140519	2.41	2.48	2.39	2.43	38239477	123525488.00
20140520	2.43	2.46	2.43	2.46	17372877	56173664.00
20140521	2.45	2.48	2.40	2.47	23676157	76882960.00
20140522	2.46	2.51	2.44	2.45	26543471	86803960.00
20140523	2.45	2.47	2.43	2.47	11507104	37325436.00
20140526	2.47	2.49	2.41	2.43	20730097	66891520.00
20140527	2.43	2.45	2.41	2.42	16421969	52845144.00
20140528	2.42	2.43	2.38	2.43	24967022	79886912.00
20140529	2.42	2.43	2.41	2.42	11828853	37954476.00
20140530	2.41	2.45	2.40	2.44	18216749	58736884.00
20140603	2.44	2.45	2.42	2.43	22165936	71450912.00
20140604	2.43	2.45	2.39	2.43	20372900	65186720.00
20140605	2.43	2.46	2.42	2.45	18219245	58916388.00
20140606	2.45	2.47	2.42	2.43	12590375	40743508.00
20140609	2.43	2.47	2.43	2.46	16439672	53346864.00
20140610	2.47	2.50	2.46	2.48	26639321	87113224.00
20140611	2.48	2.51	2.45	2.50	22897288	74845024.00
20140612	2.50	2.53	2.47	2.49	35978890	118409440.00
20140613	2.48	2.51	2.47	2.51	24165696	79424024.00
20140616	2.51	2.54	2.48	2.50	43657788	143850080.00
20140617	2.49	2.51	2.41	2.45	42350934	128171720.00
20140618	2.43	2.45	2.42	2.43	21321645	64020696.00
20140619	2.44	2.45	2.38	2.41	17188056	51356740.00
20140620	2.41	2.41	2.38	2.41	13539054	40190800.00
20140623	2.40	2.41	2.36	2.37	13078640	38670340.00
20140624	2.38	2.40	2.36	2.40	11232679	33077896.00
20140625	2.40	2.41	2.37	2.41	13881400	41054404.00
20140626	2.41	2.45	2.40	2.43	16058690	48222276.00
20140627	2.43	2.45	2.41	2.45	15326158	46064812.00
20140630	2.45	2.51	2.45	2.50	33284532	101887784.00
20140701	2.50	2.51	2.48	2.49	19389257	59363912.00
20140702	2.49	2.51	2.47	2.50	16718714	51304280.00
20140703	2.50	2.54	2.49	2.53	25410077	78544768.00
20140704	2.53	2.54	2.50	2.52	10666639	32867522.00
20140707	2.52	2.58	2.51	2.55	25435768	79204632.00
20140708	2.55	2.78	2.54	2.76	103721013	338235648.00
20140709	2.72	2.73	2.66	2.68	46012899	150349424.00
20140710	2.69	2.88	2.67	2.81	67804987	229522560.00
20140711	2.81	2.89	2.77	2.82	65970483	224102096.00
20140714	2.83	2.97	2.80	2.95	81151726	279672800.00
20140715	2.95	2.99	2.85	2.89	53773884	186987904.00
20140716	2.96	3.24	2.93	3.24	99590935	368411904.00
20140717	3.36	3.41	3.09	3.21	67648312	255929504.00
20140718	3.18	3.28	3.14	3.16	40640703	152972608.00
20140721	3.16	3.26	3.14	3.14	39844094	149692368.00
20140722	3.14	3.31	3.09	3.28	53204767	201805664.00
20140724	3.31	3.31	3.12	3.16	111465086	418996992.00
20140725	3.20	3.33	3.12	3.19	69794369	262323232.00
20140728	3.20	3.21	3.12	3.19	68950120	257705392.00
20140729	3.17	3.18	3.09	3.11	71917808	266599136.00
20140730	3.08	3.11	2.97	3.01	78626745	284380608.00
20140731	3.01	3.11	3.01	3.10	42079018	152203392.00
20140801	3.10	3.21	3.07	3.08	66260184	245674128.00
20140804	3.09	3.15	3.06	3.15	35217561	129289944.00
20140805	3.15	3.17	3.09	3.14	36131186	133692200.00
20140806	3.12	3.16	3.09	3.14	25693422	94857472.00
20140807	3.12	3.20	3.10	3.12	46490598	172716000.00
20140808	3.13	3.18	3.12	3.16	35396043	131622512.00
20140811	3.18	3.19	3.15	3.16	25588013	95511584.00
20140812	3.16	3.16	3.09	3.14	30792042	113596632.00
20140813	3.13	3.16	3.09	3.12	21424146	79050168.00
20140814	3.10	3.10	3.03	3.03	34746917	126113552.00
20140815	3.03	3.06	2.98	3.00	37570226	134767680.00
20140818	3.00	3.05	2.94	3.04	57386822	204012464.00
20140819	3.03	3.03	2.97	3.01	47140035	168131664.00
20140820	3.00	3.08	2.98	3.05	51102244	184658736.00
20140821	3.04	3.04	2.95	3.01	37018384	132012680.00
20140822	3.01	3.04	2.97	3.02	22971396	82304728.00
20140825	3.02	3.02	2.97	2.98	21373180	76092752.00
20140826	2.98	3.05	2.97	3.02	36947315	132086608.00
20140827	3.01	3.06	3.01	3.04	21013959	75831032.00
20140828	3.03	3.05	2.98	3.03	25000711	89778208.00
20140829	3.04	3.08	3.03	3.07	23326818	84599664.00
20140901	3.08	3.20	3.07	3.16	67764234	252167872.00
20140902	3.16	3.21	3.14	3.19	57606241	215519296.00
20140903	3.19	3.28	3.18	3.28	63367834	241329952.00
20140904	3.29	3.31	3.24	3.31	49438947	190379456.00
20140905	3.33	3.34	3.26	3.32	38692627	150255072.00
20140909	3.33	3.37	3.32	3.34	33494193	131381888.00
20140910	3.33	3.33	3.25	3.28	40686320	156582400.00
20140911	3.27	3.33	3.25	3.28	33548125	129445024.00
20140912	3.26	3.31	3.24	3.29	37366334	143439840.00
20140915	3.29	3.31	3.25	3.28	39673059	152635584.00
20140916	3.28	3.37	3.26	3.27	60432133	234914528.00
20140917	3.29	3.33	3.25	3.28	42114600	162205504.00
20140918	3.27	3.31	3.25	3.27	29445121	113393576.00
20140919	3.27	3.37	3.26	3.37	55388440	216378784.00
20140922	3.38	3.52	3.35	3.39	71593733	287206912.00
20140923	3.39	3.47	3.33	3.46	30739575	121662968.00
20140924	3.46	3.49	3.41	3.48	35881663	144592656.00
20140925	3.48	3.65	3.47	3.57	52298786	215165744.00
20140926	3.55	3.57	3.50	3.54	29695572	121734608.00
20140929	3.54	3.61	3.52	3.53	36252328	149401088.00
20140930	3.54	3.56	3.44	3.46	50200039	202730800.00
20141008	3.50	3.52	3.46	3.51	33394342	135533824.00
20141009	3.51	3.53	3.44	3.49	33344365	134992480.00
20141010	3.46	3.47	3.40	3.41	33663528	134685904.00
20141013	3.39	3.39	3.29	3.34	44478926	173624480.00
20141014	3.35	3.44	3.32	3.36	45130612	178162400.00
20141015	3.37	3.41	3.33	3.40	20825740	82073336.00
20141016	3.38	3.42	3.34	3.34	31171746	123234000.00
20141017	3.34	3.39	3.29	3.35	28554736	111520272.00
20141020	3.35	3.37	3.32	3.35	19405360	75801200.00
20141021	3.34	3.40	3.32	3.35	27540994	108436392.00
20141022	3.36	3.37	3.32	3.33	19584675	76596760.00
20141023	3.32	3.33	3.23	3.24	27198406	104837936.00
20141024	3.24	3.26	3.19	3.20	19552516	74036856.00
20141027	3.20	3.20	3.12	3.14	19599483	73028760.00
20141028	3.14	3.27	3.13	3.27	25257255	95333192.00
20141029	3.30	3.39	3.29	3.36	52193833	204055984.00
20141030	3.36	3.75	3.35	3.75	194100945	818861760.00
20141031	3.73	3.82	3.65	3.74	152714730	657790400.00
20141103	3.71	3.87	3.68	3.81	110277130	478852864.00
20141104	3.78	3.93	3.73	3.86	92612680	407893376.00
20141105	3.96	4.11	3.76	3.78	95445661	424964320.00
20141106	3.77	3.77	3.63	3.71	75258554	320641568.00
20141107	3.73	3.89	3.68	3.76	91614361	399147264.00
20141110	3.91	4.01	3.77	3.97	105780688	474905888.00
20141111	4.02	4.16	3.85	4.02	140839191	647872256.00
20141112	3.96	4.18	3.90	4.17	96346755	448561088.00
20141113	4.14	4.19	4.05	4.10	75658082	353290048.00
20141114	4.10	4.17	3.95	4.11	74575973	344823168.00
20141117	4.16	4.17	3.98	4.00	67293808	310379456.00
20141118	3.98	4.03	3.87	3.90	55790561	251456576.00
20141119	3.91	3.91	3.82	3.83	49373744	218439440.00
20141120	3.83	3.92	3.80	3.90	38484126	171331088.00
20141121	3.87	3.96	3.87	3.95	37431725	168046400.00
20141124	4.08	4.12	4.00	4.10	93381100	433361344.00
20141125	4.10	4.14	4.05	4.12	51168964	238988128.00
20141126	4.16	4.22	4.07	4.13	63664174	300350688.00
20141127	4.14	4.16	4.02	4.06	66461729	308364544.00
20141128	4.03	4.15	3.99	4.14	86673062	402445664.00
20141201	4.16	4.38	4.13	4.17	141129713	675938432.00
20141202	4.15	4.31	4.12	4.27	123098903	589348864.00
20141203	4.29	4.52	4.28	4.44	146653614	728548416.00
20141204	4.46	4.61	4.40	4.57	132499684	672254272.00
20141205	4.60	4.83	4.39	4.58	161898062	839295232.00
20141208	4.50	5.06	4.47	5.05	166065331	894559616.00
20141209	5.01	5.51	4.76	4.83	229841850	1331782144.00
20141210	4.84	5.18	4.66	5.11	180437592	999311808.00
20141211	5.14	5.43	5.09	5.37	170529429	993698688.00
20141212	5.38	5.46	5.14	5.29	113910257	666091264.00
20141215	5.18	5.31	5.09	5.26	78706892	452624608.00
20141216	5.24	5.35	5.12	5.33	103906761	601266048.00
20141217	5.31	5.53	5.19	5.38	134550366	798438336.00
20141218	5.36	5.76	5.25	5.62	149695084	908451392.00
20141219	5.56	6.23	5.41	6.14	202590377	1307327360.00
20141222	6.42	6.81	6.42	6.81	171893637	1260005120.00
20141230	6.71	6.71	6.07	6.33	249592491	1714221056.00
20141231	6.19	6.63	5.99	6.43	180738391	1245865088.00
20150105	6.37	6.79	6.24	6.65	203586930	1453738240.00
20150106	6.56	6.56	6.28	6.38	138336900	964400448.00
20150107	6.33	6.59	6.24	6.50	98827998	689079808.00
20150108	6.48	6.48	6.09	6.10	95257118	648272064.00
20150109	6.04	6.23	5.87	5.89	111498950	733208768.00
20150112	5.81	5.81	5.53	5.64	72009821	448473792.00
20150113	5.57	5.73	5.57	5.61	42040115	261557792.00
20150114	5.67	5.76	5.60	5.75	56744883	355131712.00
20150115	5.77	5.95	5.72	5.94	69175400	441753984.00
20150116	6.03	6.07	5.84	5.88	68343600	444661760.00
20150119	5.53	5.61	5.24	5.24	91006484	540909824.00
20150120	5.23	5.44	5.19	5.31	76988261	452173536.00
20150121	5.32	5.61	5.25	5.57	80214647	483876768.00
20150122	5.58	5.66	5.48	5.57	63907700	391554784.00
20150123	5.58	5.66	5.51	5.53	62970469	386728224.00
20150126	5.53	5.60	5.45	5.59	57596010	351262688.00
20150127	5.65	5.66	5.41	5.59	80464048	491911040.00
20150128	5.51	5.56	5.44	5.45	56120133	340810976.00
20150129	5.39	5.60	5.35	5.53	77205416	469820128.00
20150130	5.58	5.74	5.54	5.60	119735432	745269568.00
20150202	5.48	5.48	5.24	5.27	74273135	438470208.00
20150203	5.27	5.35	5.12	5.29	73329141	424279904.00
20150204	5.29	5.38	5.24	5.26	48418577	284630560.00
20150205	5.36	5.36	4.93	5.01	110120668	625076416.00
20150206	4.93	4.93	4.60	4.68	85107955	453162112.00
20150209	4.62	4.77	4.57	4.74	48072914	252493104.00
20150210	4.72	4.90	4.68	4.87	43489805	234501312.00
20150211	4.88	4.92	4.84	4.87	31034157	168993376.00
20150212	4.88	5.00	4.83	4.96	34406114	188800896.00
20150213	4.98	5.07	4.93	5.00	41047820	229086352.00
20150216	5.00	5.05	4.94	4.97	28768352	159353728.00
20150217	4.98	5.04	4.96	5.01	30116523	167844144.00
20150225	5.02	5.19	4.97	5.10	50740612	287335488.00
20150226	5.09	5.27	5.06	5.27	62693108	360972256.00
20150227	5.28	5.37	5.22	5.27	56925385	333904384.00
20150302	5.32	5.45	5.28	5.44	68709661	407508896.00
20150303	5.44	5.44	5.21	5.23	66389400	389729760.00
20150304	5.22	5.27	5.19	5.24	36723016	213195456.00
20150305	5.23	5.24	4.84	5.06	56956834	321254592.00
20150306	5.06	5.12	5.02	5.08	32130450	181495584.00
20150309	5.02	5.19	4.94	5.17	38643276	218155392.00
20150310	5.16	5.24	5.13	5.19	36775426	212151056.00
20150311	5.19	5.32	5.17	5.23	43620259	254067440.00
20150312	5.26	5.43	5.24	5.43	72158739	426506784.00
20150313	5.43	5.46	5.33	5.40	67823500	404210784.00
20150316	5.41	5.49	5.38	5.46	84341940	507109792.00
20150317	5.48	5.90	5.44	5.70	147639483	919026176.00
20150318	5.73	5.90	5.67	5.84	106715345	677873728.00
20150319	5.83	5.97	5.73	5.92	130934013	840570816.00
20150320	5.93	6.04	5.82	5.91	105291290	682075520.00
20150323	6.01	6.22	5.97	6.21	164413861	1094921728.00
20150324	6.25	6.51	6.05	6.36	184180980	1266459776.00
20150325	6.37	6.39	6.04	6.13	127755990	859454528.00
20150326	6.08	6.18	5.98	6.12	82991205	553231744.00
20150327	6.12	6.16	6.05	6.11	58885178	392824128.00
20150330	6.13	6.43	6.11	6.36	113850659	778463168.00
20150331	6.46	6.53	6.21	6.23	118993786	824935616.00
20150401	6.23	6.40	6.19	6.33	91021197	626349376.00
20150402	6.33	6.36	6.23	6.32	101632572	695672064.00
20150403	6.26	6.52	6.23	6.51	134754181	936775232.00
20150407	6.58	6.60	6.49	6.57	119073312	847048192.00
20150408	6.58	6.58	6.36	6.47	120019398	845260480.00
20150409	6.38	6.39	6.11	6.26	117668800	803711168.00
20150410	6.20	6.38	6.20	6.33	70470357	485507488.00
20150413	6.37	6.58	6.34	6.56	132451212	932055936.00
20150414	6.60	7.27	6.52	7.27	283829120	2159948800.00
20150415	7.28	7.31	6.81	6.90	173343362	1322916096.00
20150416	6.88	7.13	6.74	7.10	121044041	918915392.00
20150417	7.17	7.67	7.09	7.46	211856485	1693174656.00
20150420	7.33	8.03	7.21	7.62	243359323	1981093888.00
20150421	7.53	7.66	7.30	7.56	173726645	1396530432.00
20150422	7.65	8.37	7.59	8.37	358308520	3109037568.00
20150423	8.37	8.38	8.05	8.21	263771466	2316376320.00
20150424	8.02	8.34	7.96	8.12	157078276	1369870464.00
20150427	8.14	8.53	7.93	8.32	220710626	1944202240.00
20150428	8.23	8.26	7.78	7.84	185461665	1591616768.00
20150429	7.93	8.02	7.68	7.84	101159595	853276544.00
20150430	7.84	8.51	7.84	8.18	198610006	1748955136.00
20150504	8.20	9.06	8.20	9.06	319069780	3021154304.00
20150505	9.52	9.83	8.61	8.68	424242749	4146141952.00
20150506	8.48	8.83	8.04	8.20	199669174	1784786176.00
20150507	8.12	8.12	7.36	7.41	158191123	1300037376.00
20150508	7.45	7.71	7.36	7.70	114796004	933384576.00
20150511	7.79	7.99	7.63	7.93	125727342	1062148160.00
20150512	8.02	8.48	7.93	8.42	213649765	1876023296.00
20150513	8.39	8.39	8.03	8.11	144950230	1267463424.00
20150514	7.98	8.41	7.94	8.16	130342677	1140843264.00
20150515	8.06	8.07	7.69	7.79	114716484	964629056.00
20150518	7.91	7.91	7.63	7.64	84624223	705357760.00
20150519	7.57	7.92	7.54	7.91	87979422	736818048.00
20150520	7.91	8.05	7.84	7.91	111090378	946560640.00
20150521	7.88	7.97	7.74	7.96	94234242	792932416.00
20150522	7.99	8.29	7.99	8.24	151021489	1318605184.00
20150525	8.25	8.63	8.24	8.62	170186343	1540952448.00
20150526	8.69	8.79	8.39	8.68	198471529	1819169152.00
20150527	8.73	9.06	8.50	9.02	218520543	2038686464.00
20150528	8.97	9.23	8.09	8.12	237049483	2217423616.00
20150529	8.04	8.29	7.52	7.93	134841496	1149510144.00
20150601	7.95	8.75	7.94	8.70	191404395	1727510144.00
20150602	8.73	8.78	8.47	8.72	162072554	1493426304.00
20150603	8.72	8.73	8.28	8.48	125326302	1134047872.00
20150604	8.45	8.50	7.68	8.47	118589900	1044367040.00
20150605	8.52	8.90	8.46	8.81	222666008	2063584384.00
20150608	8.91	9.23	8.81	9.22	249281064	2392371456.00
20150609	9.31	9.53	8.94	9.42	242354995	2388618752.00
20150610	9.19	9.32	9.04	9.12	153163846	1496372736.00
20150611	9.04	9.12	8.86	8.98	114142675	1087313280.00
20150612	9.00	9.65	9.00	9.45	197561391	1945473280.00
20150615	9.45	9.95	9.31	9.60	229204979	2348324352.00
20150616	9.51	9.51	8.83	9.00	157411023	1532569344.00
20150617	9.00	9.96	8.83	9.96	213125095	2138668288.00
20150618	10.15	10.43	9.72	9.79	289673681	3095311616.00
20150619	9.46	9.60	8.80	8.85	146261019	1398188032.00
20150623	8.86	9.22	8.05	9.19	173477521	1570774656.00
20150624	9.35	10.14	9.25	10.14	377739047	3877020160.00
20150625	10.20	11.18	10.05	10.88	634699116	7056100864.00
20150626	10.20	11.05	9.76	10.01	454586398	4871793664.00
20150629	10.70	11.04	10.08	11.04	592984288	6577136640.00
20150630	10.99	11.36	9.91	10.82	561596120	6067911168.00
20150701	10.33	10.89	9.71	9.71	348525460	3714994688.00
20150702	9.20	9.35	8.71	8.71	209112457	1916487808.00
20150703	7.81	8.41	7.81	7.81	197998986	1631910784.00
20150706	8.61	8.62	7.00	7.24	326044153	2579727360.00
20150707	7.10	7.18	6.49	6.84	329622585	2318043392.00
20150708	6.15	6.42	6.13	6.13	179323937	1160017280.00
20150709	5.70	6.77	5.60	6.77	244574115	1639656832.00
20150710	7.05	7.48	6.86	7.48	183889004	1411037568.00
20150713	7.86	8.26	7.67	8.26	264085877	2199392256.00
20150714	8.06	8.72	7.80	7.86	267521182	2265359872.00
20150715	7.60	7.70	7.04	7.11	185725011	1408836992.00
20150716	7.11	7.66	6.78	7.45	123312567	944482816.00
20150717	7.50	7.99	7.45	7.88	129786668	1049351808.00
20150720	7.88	8.20	7.63	7.90	136739402	1125408896.00
20150721	7.70	8.16	7.60	7.96	131771852	1088172800.00
20150722	7.90	8.68	7.62	8.37	223764185	1889853184.00
20150723	8.30	8.75	8.21	8.59	244612267	2149184000.00
20150724	8.65	9.03	8.20	8.38	233198362	2100926848.00
20150727	8.10	8.56	7.51	7.51	178287375	1491585664.00
20150728	7.10	7.89	6.78	7.80	188213698	1446655232.00
20150729	7.87	8.40	7.63	8.35	172859600	1421854208.00
20150730	8.30	8.38	7.73	7.83	155082451	1314672768.00
20150731	7.66	7.89	7.46	7.79	109049353	873471296.00
20150803	7.62	8.18	7.60	8.16	110209474	895216960.00
20150804	8.07	8.50	7.91	8.40	131484275	1128171136.00
20150805	8.30	8.39	8.00	8.04	95420360	810965888.00
20150806	7.89	8.09	7.78	7.88	46349587	381796576.00
20150807	8.03	8.19	7.98	8.08	65576709	550074240.00
20150810	8.27	8.89	8.18	8.67	165297714	1466398976.00
20150811	8.68	8.93	8.50	8.63	161736701	1459653632.00
20150812	8.53	8.87	8.44	8.70	121874476	1097627776.00
20150813	8.65	9.10	8.55	9.03	162245630	1479754496.00
20150814	9.15	9.18	8.86	8.89	131485568	1222217344.00
20150817	8.93	9.39	8.89	9.18	147813560	1395821440.00
20150818	9.19	9.21	8.23	8.23	160017126	1436558592.00
20150819	7.75	8.37	7.51	8.26	121376549	1003826944.00
20150820	8.12	8.26	7.71	7.76	81046270	668979904.00
20150821	7.67	7.95	7.36	7.55	87738005	700365824.00
20150824	7.20	7.38	6.77	6.77	101636589	726611264.00
20150825	6.11	6.42	6.06	6.06	120040677	771275968.00
20150826	6.13	6.58	5.81	6.04	97452751	633519936.00
20150827	6.28	6.52	6.08	6.51	81641240	541091008.00
20150828	6.60	7.01	6.54	6.92	96114535	683560192.00
20150831	6.92	7.12	6.61	7.06	77334837	551495552.00
20150901	6.90	7.48	6.63	7.28	130069707	966892736.00
20150902	6.95	7.75	6.81	7.53	147458567	1135774208.00
20150907	7.52	7.77	6.93	6.96	83452575	640550336.00
20150908	6.91	7.67	6.82	7.53	44478075	330608672.00
20150909	7.40	7.66	7.37	7.54	63614714	498942272.00
20150910	7.50	7.50	7.07	7.11	73508234	557426496.00
20150911	7.11	7.17	6.95	7.04	28214172	207733168.00
20150914	7.18	7.20	6.56	6.99	57856026	416681440.00
20150915	6.80	6.92	6.60	6.70	33541298	235595168.00
20150916	6.73	7.28	6.50	7.18	49499960	358106208.00
20150917	7.10	7.35	6.86	6.89	50031235	372917856.00
20150918	6.92	6.99	6.75	6.84	27356045	195715072.00
20150921	6.77	6.98	6.70	6.96	22794874	163868064.00
20150922	7.00	7.01	6.90	6.95	26012377	188889280.00
20150923	6.86	7.13	6.81	6.88	32033098	233200432.00
20150924	6.89	7.05	6.86	6.94	22560937	163270896.00
20150925	6.92	6.99	6.67	6.73	24164004	171436032.00
20150928	6.74	6.76	6.61	6.71	13640543	95232704.00
20150929	6.64	6.72	6.57	6.58	14224219	98791024.00
20150930	6.62	6.69	6.55	6.59	10199488	70389896.00
20151008	6.80	6.85	6.73	6.81	21303640	151284608.00
20151009	6.83	6.88	6.77	6.83	21391328	152379648.00
20151012	6.85	7.15	6.84	7.09	41882651	306581632.00
20151013	7.04	7.06	6.93	7.01	30862079	225182432.00
20151014	7.01	7.04	6.81	6.85	28148910	203243952.00
20151015	6.81	7.04	6.81	7.01	36032183	261808256.00
20151016	7.06	7.10	6.96	7.08	44039686	323452960.00
20151019	7.11	7.11	6.99	7.02	40819545	299479552.00
20151020	7.01	7.10	7.00	7.10	42039263	308986080.00
20151021	7.12	7.20	6.71	6.77	63540606	466514400.00
20151022	6.76	6.86	6.66	6.84	43155197	305139808.00
20151023	6.87	6.89	6.73	6.86	47846843	340276352.00
20151026	6.95	7.06	6.81	6.93	47110668	340656832.00
20151027	6.86	6.87	6.65	6.84	33885285	239605232.00
20151028	6.89	6.89	6.77	6.80	37239659	265850768.00
20151029	6.79	6.83	6.72	6.76	49693293	351292000.00
20151030	6.75	6.77	6.66	6.73	30347865	212683744.00
20151102	6.68	6.73	6.61	6.64	26381320	183842976.00
20151103	6.63	6.77	6.62	6.72	27013004	188897920.00
20151104	6.73	6.96	6.71	6.96	61226970	439037760.00
20151105	6.98	7.35	6.92	7.12	109972729	818063808.00
20151106	7.09	7.16	7.03	7.14	71789969	530956224.00
20151109	7.11	7.52	7.06	7.37	98143386	745731200.00
20151110	7.30	7.33	7.16	7.23	56463358	425757408.00
20151111	7.24	7.30	7.16	7.26	35391541	266259648.00
20151112	7.26	7.27	7.09	7.11	39393883	293232320.00
20151113	7.08	7.30	7.08	7.11	63284475	474627360.00
20151116	7.00	7.06	6.93	7.05	33514028	243977920.00
20151117	7.08	7.20	7.01	7.03	36016069	267115904.00
20151118	7.05	7.10	6.99	7.03	23363373	171776016.00
20151119	7.03	7.09	7.01	7.08	20967301	154036528.00
20151120	7.08	7.09	6.99	7.06	31675333	232397040.00
20151123	7.05	7.06	6.93	6.95	26974142	197157984.00
20151124	6.95	6.95	6.80	6.88	35216307	251783424.00
20151125	6.89	6.92	6.83	6.92	20509816	147152480.00
20151126	6.93	6.95	6.85	6.87	25499940	183590032.00
20151127	6.84	6.85	6.43	6.48	43718501	305037632.00
20151130	6.51	6.64	6.39	6.49	38195368	260442480.00
20151201	6.50	6.55	6.39	6.54	29786805	201943984.00
20151202	6.53	6.80	6.47	6.79	39367655	274176384.00
20151203	6.79	6.83	6.73	6.79	25766413	182592080.00
20151204	6.74	6.75	6.60	6.62	27995664	195046400.00
20151207	6.59	6.71	6.58	6.64	17720084	122936392.00
20151208	6.63	6.63	6.46	6.48	19209977	131012968.00
20151209	6.45	6.51	6.43	6.47	15508843	104922712.00
20151210	6.47	6.52	6.43	6.44	14212094	96312040.00
20151211	6.45	6.49	6.33	6.40	17313712	115658168.00
20151214	6.37	6.71	6.34	6.68	34830898	239740736.00
20151215	6.62	6.74	6.53	6.62	28879558	200339168.00
20151216	6.61	6.66	6.52	6.54	21167272	145861968.00
20151217	6.57	6.65	6.57	6.60	26177196	180920464.00
20151218	6.61	6.69	6.59	6.63	24371928	168937104.00
20151221	6.61	6.83	6.59	6.78	42945316	302661760.00
20151222	6.78	6.82	6.70	6.75	26874605	189566176.00
20151223	6.75	6.81	6.73	6.75	35671097	252071344.00
20151224	6.69	6.71	6.56	6.61	27859370	193031168.00
20151225	6.63	6.73	6.63	6.69	16393443	114576464.00
20151228	6.71	6.76	6.58	6.58	22758120	158688320.00
20151229	6.56	6.62	6.50	6.58	14366516	98571336.00
20151230	6.59	6.59	6.48	6.55	20408045	139410240.00
20151231	6.52	6.58	6.49	6.50	12385158	84590504.00
20160104	6.50	6.52	6.05	6.07	22816415	150822976.00
20160105	5.93	6.20	5.88	6.08	25579724	162848400.00
20160106	6.09	6.26	6.09	6.26	23617867	153380832.00
20160107	6.20	6.20	5.75	5.79	6214000	38966268.00
20160108	6.04	6.05	5.78	5.97	38698927	241232864.00
20160111	5.90	6.00	5.63	5.66	35511988	217151616.00
20160112	5.68	5.72	5.56	5.60	31530047	187071680.00
20160113	5.64	5.67	5.46	5.48	22012901	129587440.00
20160114	5.38	5.54	5.30	5.53	19383347	110918360.00
20160115	5.50	5.50	5.17	5.18	22734440	127979920.00
20160118	5.08	5.23	5.06	5.13	31175943	169656672.00
20160119	5.12	5.32	5.09	5.28	35965659	198888832.00
20160120	5.25	5.46	5.11	5.32	48863673	273365440.00
20160121	5.20	5.31	5.05	5.06	32150878	176535392.00
20160122	5.09	5.17	5.02	5.11	19623292	106163592.00
20160125	5.14	5.24	5.11	5.15	17896787	97984704.00
20160126	5.14	5.14	4.67	4.69	36015722	188178176.00
20160127	4.73	4.85	4.53	4.72	36974202	185028592.00
20160128	4.66	4.73	4.56	4.58	20501152	101624480.00
20160129	4.60	4.75	4.58	4.72	29454305	146807104.00
20160201	4.73	4.73	4.57	4.61	19627210	97234752.00
20160202	4.62	4.75	4.62	4.70	16450443	82148776.00
20160203	4.68	4.71	4.63	4.69	15490958	76886424.00
20160204	4.72	4.80	4.71	4.77	20483250	103551584.00
20160205	4.81	4.81	4.71	4.72	15161235	76715344.00
20160215	4.60	4.70	4.56	4.69	15452199	76335368.00
20160216	4.71	4.87	4.69	4.85	26134616	133484680.00
20160217	4.83	4.93	4.81	4.90	28011331	144621536.00
20160218	4.92	5.02	4.88	4.92	35516579	185692160.00
20160219	4.90	4.93	4.85	4.89	17915143	93016864.00
20160222	4.93	5.09	4.93	5.05	34385253	182479808.00
20160223	5.05	5.09	4.97	5.08	37682468	200928112.00
20160224	5.04	5.29	5.02	5.25	53231083	293051520.00
20160225	5.21	5.35	4.70	4.83	47851624	258514432.00
20160226	4.90	5.09	4.81	5.03	34821627	182424128.00
20160229	4.97	4.97	4.73	4.93	26004061	133121312.00
20160301	4.91	4.99	4.81	4.98	22402666	116611832.00
20160302	4.98	5.20	4.96	5.19	42539025	229317680.00
20160303	5.19	5.22	5.12	5.19	32540514	178015296.00
20160304	5.19	5.32	5.10	5.24	73677536	406398720.00
20160307	5.24	5.30	5.20	5.23	30485599	169012032.00
20160308	5.19	5.20	4.95	5.18	33638924	180520304.00
20160309	5.05	5.11	4.99	5.10	24229156	129595392.00
20160310	5.05	5.10	4.98	4.99	12448147	66529168.00
20160311	4.96	5.03	4.93	5.00	9882637	52219572.00
20160314	5.02	5.16	5.02	5.10	19478131	105386448.00
20160315	5.10	5.26	5.02	5.23	33516007	182759472.00
20160316	5.19	5.27	5.17	5.23	36439710	201767536.00
20160317	5.23	5.30	5.21	5.26	25053550	139323552.00
20160318	5.27	5.34	5.22	5.25	69036741	385193408.00
20160321	5.29	5.36	5.25	5.31	47534331	266771456.00
20160322	5.29	5.38	5.26	5.32	36407565	204865280.00
20160323	5.29	5.33	5.25	5.29	20414177	113905160.00
20160324	5.27	5.27	5.20	5.21	20188154	111577248.00
20160325	5.27	5.31	5.25	5.29	22037833	122975536.00
20160328	5.31	5.38	5.25	5.28	31592765	177737520.00
20160329	5.29	5.32	5.21	5.25	23082722	128300176.00
20160330	5.28	5.36	5.26	5.36	32932310	185032704.00
20160331	5.36	5.37	5.31	5.35	26080194	147285968.00
20160401	5.35	5.36	5.26	5.36	22193560	124552264.00
20160405	5.33	5.42	5.31	5.40	36497089	207104816.00
20160406	5.39	5.41	5.34	5.37	21922777	124371264.00
20160407	5.39	5.39	5.30	5.31	22365081	126228216.00
20160408	5.28	5.29	5.19	5.23	19048070	105506408.00
20160411	5.25	5.33	5.25	5.31	16664652	93410432.00
20160412	5.30	5.31	5.23	5.26	13932694	77470352.00
20160413	5.29	5.41	5.29	5.36	37194970	211219616.00
20160414	5.40	5.40	5.35	5.38	16896385	95826208.00
20160415	5.38	5.38	5.31	5.34	21786852	122680976.00
20160418	5.31	5.31	5.24	5.27	14736847	82032328.00
20160419	5.29	5.31	5.23	5.26	13022911	72361600.00
20160420	5.26	5.27	5.02	5.16	33600534	182709664.00
20160421	5.10	5.16	5.08	5.09	12068270	65502944.00
20160422	5.09	5.12	5.06	5.10	9368215	50527120.00
20160425	5.08	5.10	4.99	5.06	17229304	91961792.00
20160426	5.04	5.08	5.03	5.06	10162336	54424308.00
20160427	5.06	5.08	5.02	5.04	13445352	72047608.00
20160428	5.04	5.05	4.96	4.98	17993659	95266256.00
20160429	4.97	4.99	4.96	4.98	12006861	63342772.00
20160503	4.99	5.07	4.97	5.06	22087161	117721384.00
20160504	5.04	5.07	5.03	5.06	16852754	90148096.00
20160505	5.06	5.07	5.03	5.07	10927943	58516952.00
20160506	5.07	5.08	4.92	4.93	17790476	94118528.00
20160509	4.93	4.93	4.78	4.80	17620603	90565168.00
20160510	4.78	4.82	4.75	4.80	10981442	55875552.00
20160511	4.81	4.86	4.76	4.84	14268361	72854672.00
20160512	4.80	4.97	4.76	4.91	25018205	129680288.00
20160513	4.87	4.89	4.81	4.84	14947291	77072208.00
20160516	4.79	4.85	4.79	4.85	10915665	55940748.00
20160517	4.85	4.86	4.79	4.82	8496208	43489636.00
20160518	4.80	4.82	4.75	4.81	14434327	73286768.00
20160519	4.79	4.85	4.79	4.80	8367713	42836912.00
20160520	4.79	4.83	4.77	4.83	5083260	25966236.00
20160523	4.84	4.86	4.83	4.85	6541225	33636404.00
20160524	4.86	4.86	4.80	4.83	6717942	34408936.00
20160525	4.84	4.85	4.82	4.84	6851926	35211604.00
20160526	4.83	4.84	4.79	4.82	7245130	37024728.00
20160527	4.83	4.84	4.81	4.82	3851038	19730262.00
20160530	4.83	4.85	4.79	4.83	5791405	29719876.00
20160531	4.83	4.98	4.82	4.98	23700940	123985488.00
20160601	4.98	4.98	4.93	4.96	12873911	67705632.00
20160602	4.95	4.96	4.91	4.94	9360127	48951848.00
20160603	4.92	4.98	4.92	4.96	12337933	64713396.00
20160606	4.96	4.99	4.94	4.97	12746985	67099072.00
20160607	4.96	4.97	4.94	4.96	7940527	41736752.00
20160608	4.96	4.98	4.92	4.96	9497457	49850280.00
20160613	4.92	4.95	4.85	4.86	12411809	64689920.00
20160614	4.83	4.87	4.83	4.87	6102131	31451154.00
20160615	4.84	4.96	4.83	4.93	8065073	42055680.00
20160616	4.93	4.97	4.89	4.96	13444725	70482032.00
20160617	4.98	5.01	4.95	4.97	15649225	82675600.00
20160620	4.97	5.00	4.96	5.00	12090850	63931328.00
20160621	5.01	5.04	5.00	5.02	17195112	91477152.00
20160622	5.02	5.05	5.00	5.04	12816041	68175216.00
20160623	5.04	5.06	5.01	5.05	28198381	150638960.00
20160624	5.04	5.04	4.90	4.97	22227951	110411280.00
20160627	4.96	4.98	4.93	4.97	12101726	60061084.00
20160628	4.95	4.97	4.91	4.94	12872827	63542684.00
20160629	4.94	4.98	4.94	4.96	11073714	54940044.00
20160630	4.97	4.97	4.94	4.95	8383725	41554512.00
20160701	4.96	4.97	4.94	4.95	6861051	33976976.00
20160704	4.94	5.01	4.91	5.01	27466791	136804496.00
20160705	5.01	5.06	4.98	5.04	20483916	102904848.00
20160706	5.02	5.04	4.99	5.02	12275400	61529532.00
20160707	5.02	5.02	4.96	4.98	12323100	61494516.00
20160708	4.99	5.00	4.96	4.98	9453300	47079024.00
20160711	4.97	5.01	4.96	4.97	15978500	79685912.00
20160712	4.97	5.12	4.96	5.12	41127900	207451408.00
20160713	5.10	5.19	5.09	5.12	36482300	187535152.00
20160714	5.11	5.13	5.07	5.10	16461200	83874616.00
20160715	5.12	5.14	5.06	5.09	16154100	82284160.00
20160718	5.08	5.13	5.06	5.09	19928900	101658464.00
20160719	5.09	5.17	5.08	5.11	21968400	112604248.00
20160720	5.11	5.11	5.07	5.08	11346400	57683600.00
20160721	5.09	5.12	5.08	5.09	12109900	61707672.00
20160722	5.09	5.09	5.03	5.03	13592200	68805592.00
20160725	5.04	5.09	5.03	5.08	11112100	56226792.00
20160726	5.06	5.11	5.06	5.10	12812000	65145784.00
20160727	5.10	5.15	5.00	5.11	26451857	134375872.00
20160728	5.09	5.25	5.06	5.24	53394556	276972192.00
20160729	5.24	5.25	5.13	5.18	34611072	180010144.00
20160801	5.18	5.34	5.12	5.31	57822603	303541152.00
20160802	5.25	5.30	5.21	5.27	29781021	156322608.00
20160803	5.26	5.27	5.19	5.22	23133000	120793984.00
20160804	5.21	5.26	5.17	5.25	19529520	101597176.00
20160805	5.23	5.25	5.19	5.19	14367822	74912368.00
20160808	5.20	5.27	5.17	5.27	20878533	109220984.00
20160809	5.27	5.36	5.24	5.35	35105900	186760000.00
20160810	5.34	5.34	5.27	5.28	16667400	88393216.00
20160811	5.28	5.31	5.26	5.27	14638021	77420304.00
20160812	5.25	5.42	5.25	5.38	27245390	145390720.00
20160815	5.41	5.52	5.40	5.47	49974926	273271584.00
20160816	5.49	5.52	5.42	5.46	32359165	176674144.00
20160817	5.46	5.50	5.39	5.45	23624897	128557648.00
20160818	5.43	5.46	5.42	5.45	14204627	77280264.00
20160819	5.46	5.48	5.42	5.45	16622277	90559656.00
20160822	5.45	5.45	5.33	5.36	24073400	129368008.00
20160823	5.35	5.39	5.34	5.36	10761800	57742960.00
20160824	5.37	5.42	5.32	5.35	14383400	76972848.00
20160825	5.33	5.34	5.24	5.31	20263400	107147960.00
20160826	5.31	5.33	5.27	5.28	10456100	55461844.00
20160829	5.27	5.28	5.23	5.25	17467045	91763072.00
20160830	5.25	5.29	5.24	5.25	11767757	61870488.00
20160831	5.21	5.22	5.13	5.18	29093833	150367472.00
20160901	5.17	5.18	5.14	5.15	16627350	85716368.00
20160902	5.15	5.19	5.09	5.17	27691076	141915888.00
20160905	5.17	5.17	5.14	5.16	13181245	67912720.00
20160906	5.16	5.19	5.13	5.19	13855241	71544208.00
20160907	5.18	5.20	5.17	5.19	16313835	84626664.00
20160908	5.19	5.20	5.14	5.17	18761000	96961024.00
20160909	5.17	5.17	5.13	5.14	11162200	57484364.00
20160912	5.07	5.16	5.00	5.14	25646162	130076872.00
20160913	5.10	5.12	5.06	5.09	10575949	53823912.00
20160914	5.07	5.08	5.02	5.04	9270433	46771508.00
20160919	5.04	5.06	5.03	5.06	12716224	64114516.00
20160920	5.05	5.06	5.02	5.04	8255477	41553980.00
20160921	5.04	5.05	5.01	5.03	15769967	79230656.00
20160922	5.04	5.06	5.03	5.04	12687448	63993020.00
20160923	5.05	5.05	5.02	5.03	6687733	33661348.00
20160926	5.02	5.02	4.95	4.96	13520000	67461304.00
20160927	4.95	4.97	4.94	4.96	12041908	59639376.00
20160928	4.98	4.98	4.94	4.95	6818658	33789856.00
20160929	4.95	4.97	4.94	4.95	10789703	53443176.00
20160930	4.94	4.97	4.94	4.95	9055220	44850912.00
20161010	4.97	5.01	4.96	5.01	13294054	66272840.00
20161011	5.01	5.03	5.00	5.03	17080416	85638104.00
20161012	5.02	5.02	4.98	5.00	9338759	46690952.00
20161013	5.00	5.01	4.97	5.01	13047437	65123696.00
20161014	4.99	5.02	4.97	5.02	9518403	47532844.00
20161017	5.01	5.02	4.98	4.98	8275794	41358240.00
20161018	4.98	5.05	4.97	5.04	17148555	85991920.00
20161019	5.04	5.06	5.02	5.04	13928860	70218848.00
20161020	5.03	5.04	5.01	5.03	8172031	41073264.00
20161021	5.02	5.06	5.01	5.03	16116999	81057776.00
20161024	5.03	5.09	5.02	5.08	34366661	173972640.00
20161025	5.08	5.09	5.05	5.07	20178876	102246136.00
20161026	5.06	5.08	5.05	5.07	17150315	86919448.00
20161027	5.07	5.07	5.04	5.06	12985728	65683248.00
20161028	5.06	5.07	5.02	5.02	14737489	74368480.00
20161031	5.02	5.03	4.99	5.01	9063638	45348388.00
20161101	5.01	5.01	4.99	5.01	12459200	62313228.00
20161102	5.01	5.01	4.96	4.97	15399300	76647816.00
20161103	4.96	4.99	4.94	4.98	26334339	130723264.00
20161104	4.97	4.98	4.95	4.96	14152100	70262432.00
20161107	4.96	4.98	4.95	4.97	14455610	71720512.00
20161108	4.98	4.99	4.96	4.98	16196220	80614168.00
20161109	4.99	4.99	4.94	4.96	14273221	70843624.00
20161110	4.97	5.00	4.97	5.00	19343027	96473856.00
20161111	5.00	5.04	4.98	5.03	29754421	149194848.00
20161114	5.03	5.07	5.03	5.05	32977322	166363728.00
20161115	5.05	5.06	5.01	5.04	21593423	108667448.00
20161116	5.04	5.04	5.02	5.03	17690700	89004864.00
20161117	5.04	5.06	5.02	5.06	25603000	129026328.00
20161118	5.06	5.07	5.01	5.02	16922000	85216688.00
20161121	5.02	5.16	5.01	5.12	77438500	394948480.00
20161122	5.08	5.13	5.08	5.13	37252944	190207600.00
20161123	5.11	5.17	5.10	5.10	27128353	139138912.00
20161124	5.10	5.12	5.07	5.09	21444400	109284560.00
20161125	5.09	5.14	5.05	5.13	28251200	143774992.00
20161128	5.13	5.21	5.13	5.17	49654600	256499648.00
20161129	5.16	5.34	5.15	5.26	78170600	411233120.00
20161130	5.24	5.33	5.18	5.28	48169700	252611680.00
20161201	5.27	5.30	5.25	5.30	36556930	192814832.00
20161202	5.30	5.44	5.26	5.26	75988717	406002112.00
20161205	5.22	5.24	5.13	5.20	38711300	200099328.00
20161206	5.18	5.20	5.15	5.17	17087600	88220048.00
20161207	5.17	5.17	5.11	5.17	19815500	101875832.00
20161208	5.16	5.18	5.11	5.12	24976400	128170064.00
20161209	5.12	5.15	5.08	5.14	38576700	197420704.00
20161212	5.13	5.16	5.01	5.08	43285720	220052176.00
20161213	5.07	5.07	5.00	5.04	16159714	81400016.00
20161214	5.05	5.08	5.02	5.06	15864960	80140896.00
20161215	5.04	5.07	5.02	5.03	12388201	62466824.00
20161216	5.03	5.15	5.00	5.07	18863667	95314168.00
20161219	5.06	5.13	5.05	5.09	17140441	87424552.00
20161220	5.07	5.08	5.01	5.02	17718481	89153640.00
20161221	5.03	5.11	5.02	5.10	29203334	147993328.00
20161222	5.09	5.13	5.06	5.09	29115260	148379136.00
20161223	5.07	5.08	5.01	5.02	19715995	99277128.00
20161226	5.01	5.01	4.94	5.00	22389010	111299928.00
20161227	5.00	5.00	4.96	4.97	14496866	72087064.00
20161228	4.97	4.99	4.95	4.96	13951200	69267088.00
20161229	4.95	4.98	4.95	4.96	7149200	35475692.00
20161230	4.97	4.98	4.94	4.95	11575400	57371008.00
20170103	4.96	4.99	4.95	4.99	11872882	59056976.00
20170104	4.97	5.02	4.97	5.01	15289889	76326360.00
20170105	4.99	5.01	4.98	5.00	14367618	71828088.00
20170106	5.01	5.06	5.00	5.03	26008928	130885688.00
20170109	5.01	5.06	5.01	5.05	19177047	96560368.00
20170110	5.06	5.06	5.00	5.02	19447080	97719616.00
20170111	5.02	5.06	5.01	5.03	15657794	78771288.00
20170112	5.02	5.04	4.98	4.99	14522100	72743512.00
20170113	4.98	5.05	4.95	5.02	25596232	127727152.00
20170116	5.01	5.13	4.97	5.10	63732406	322861472.00
20170117	5.07	5.08	5.04	5.06	15738643	79598056.00
20170118	5.06	5.10	5.04	5.05	16650349	84479400.00
20170119	5.06	5.06	5.02	5.02	11728623	59100496.00
20170120	5.02	5.06	5.02	5.05	9337865	47137312.00
20170123	5.06	5.07	5.04	5.05	13452244	68042368.00
20170124	5.04	5.07	5.01	5.06	17319551	87309512.00
20170125	5.05	5.06	5.04	5.05	12012758	60617448.00
20170126	5.05	5.06	5.02	5.04	15979518	80489664.00
20170203	5.04	5.05	4.98	4.99	23236482	116257576.00
20170206	4.99	5.04	4.98	5.04	20411500	102456032.00
20170207	5.03	5.04	5.00	5.03	10157184	50999832.00
20170208	5.02	5.06	5.00	5.05	19539626	98347576.00
20170209	5.05	5.06	5.02	5.06	15456220	78014432.00
20170210	5.06	5.09	5.04	5.08	26680477	135212080.00
20170213	5.07	5.10	5.06	5.09	23537137	119734784.00
20170214	5.09	5.11	5.06	5.08	16587877	84174216.00
20170215	5.08	5.36	5.08	5.22	133986581	703405248.00
20170216	5.20	5.26	5.17	5.25	41234726	215354480.00
20170217	5.21	5.24	5.18	5.20	24641972	128334288.00
20170220	5.20	5.25	5.18	5.25	22544800	117759872.00
20170221	5.24	5.26	5.19	5.21	53729819	280569088.00
20170222	5.21	5.22	5.16	5.17	54483949	281976736.00
20170223	5.17	5.20	5.11	5.14	52633453	270584768.00
20170224	5.13	5.20	5.12	5.18	31799700	164023584.00
20170227	5.16	5.22	5.15	5.17	35556500	184204640.00
20170228	5.17	5.22	5.15	5.20	31446966	163229072.00
20170301	5.20	5.22	5.18	5.20	27415359	142506640.00
20170302	5.20	5.24	5.17	5.21	34094990	177625264.00
20170303	5.20	5.26	5.17	5.23	30577645	159835488.00
20170306	5.25	5.34	5.12	5.17	88234941	459364128.00
20170307	5.15	5.16	5.08	5.11	46817300	239100080.00
20170308	5.10	5.12	5.07	5.11	20229757	103115344.00
20170309	5.10	5.11	5.07	5.09	17940869	91284856.00
20170310	5.10	5.10	5.06	5.08	20099500	102170584.00
20170313	5.07	5.10	5.05	5.09	16795296	85237792.00
20170314	5.09	5.11	5.08	5.09	11262515	57357784.00
20170315	5.09	5.10	5.05	5.07	24414855	123748408.00
20170316	5.07	5.12	5.07	5.11	24869316	126759192.00
20170317	5.10	5.10	5.04	5.05	23887771	121228624.00
20170320	5.05	5.09	5.04	5.07	18803600	95257528.00
20170321	5.06	5.10	5.06	5.09	14186300	72084624.00
20170322	5.07	5.08	5.04	5.05	18030938	91111464.00
20170323	5.04	5.06	5.01	5.03	21194441	106639640.00
20170324	5.02	5.04	5.00	5.04	21265800	106688448.00
20170327	5.04	5.06	5.02	5.05	15225016	76825232.00
20170328	5.05	5.05	4.97	5.01	23381089	117129072.00
20170329	5.00	5.01	4.97	4.99	28346876	141333984.00
20170330	4.98	5.08	4.97	5.04	47869720	240660304.00
20170331	5.03	5.11	5.00	5.04	40177027	203035520.00
20170405	5.02	5.08	4.98	5.08	36381291	183320272.00
20170406	5.06	5.12	5.05	5.10	40813446	207838000.00
20170407	5.10	5.14	5.07	5.12	33017526	168662912.00
20170410	5.11	5.16	5.10	5.13	32569356	167248384.00
20170411	5.13	5.16	5.10	5.16	38372900	197346992.00
20170412	5.15	5.25	5.12	5.13	47502300	246401376.00
20170413	5.12	5.22	5.11	5.19	38358440	198964416.00
20170414	5.19	5.25	5.12	5.15	35342439	183314560.00
20170417	5.15	5.22	5.13	5.18	31494400	163324608.00
20170418	5.17	5.22	5.13	5.13	24080006	125015720.00
20170419	5.12	5.18	5.06	5.10	22678396	115864384.00
20170420	5.07	5.13	5.04	5.07	26695471	135702400.00
20170421	5.05	5.21	5.05	5.18	45038960	232468400.00
20170424	5.18	5.23	5.10	5.12	27663100	142423632.00
20170425	5.11	5.21	5.07	5.20	50198300	260042048.00
20170426	5.18	5.20	5.12	5.16	21669500	111949256.00
20170427	5.13	5.24	5.11	5.22	47814200	248446624.00
20170428	5.20	5.23	5.16	5.20	18303104	95097984.00
20170502	5.16	5.16	4.98	4.99	47051972	237017440.00
20170503	4.99	5.00	4.73	4.76	45063925	218266352.00
20170504	4.78	4.85	4.70	4.77	22520000	107792088.00
20170505	4.75	4.80	4.73	4.76	15233400	72681152.00
20170508	4.75	4.78	4.68	4.70	13284600	62742276.00
20170509	4.73	5.00	4.70	4.92	47609600	232859040.00
20170510	4.90	4.91	4.82	4.82	13392400	65162880.00
20170511	4.81	4.91	4.76	4.87	14921600	72147512.00
20170512	4.85	4.90	4.81	4.83	18892293	91892664.00
20170515	4.84	4.89	4.83	4.86	9242971	44919456.00
20170516	4.85	4.92	4.79	4.91	13602962	66122832.00
20170517	4.91	4.97	4.89	4.93	14653747	72394064.00
20170518	4.91	4.91	4.79	4.83	25363400	122501144.00
20170519	4.81	4.87	4.78	4.84	14068983	67938640.00
20170522	4.82	4.82	4.70	4.77	26769212	127031624.00
20170523	4.75	4.78	4.71	4.73	10564300	50068408.00
20170524	4.71	4.74	4.68	4.73	6605800	31163364.00
20170525	4.74	4.81	4.71	4.77	9996600	47510992.00
20170526	4.78	4.87	4.77	4.84	12286800	59300448.00
20170531	4.88	4.93	4.84	4.85	5197655	25253160.00
20170601	4.84	4.90	4.84	4.85	11269984	54881080.00
20170602	4.81	4.92	4.78	4.91	19162449	93559272.00
20170605	5.01	5.11	5.00	5.09	43986765	223220384.00
20170606	5.06	5.15	5.00	5.10	29663438	150327392.00
20170607	5.10	5.13	5.03	5.07	20513755	103896280.00
20170608	5.07	5.07	5.00	5.02	12586399	63184784.00
20170609	5.02	5.04	4.98	5.00	12514105	62609832.00
20170612	4.98	5.01	4.93	4.95	15823300	78649792.00
20170613	4.94	5.01	4.93	4.97	8908382	44180456.00
20170614	4.97	4.97	4.89	4.92	12887263	63442276.00
20170615	4.91	4.93	4.88	4.90	13140702	64379552.00
20170616	4.90	4.92	4.84	4.84	10806100	52646428.00
20170619	4.84	4.86	4.82	4.85	14382805	69581856.00
20170620	4.85	4.85	4.78	4.81	24355335	117007008.00
20170621	4.81	4.83	4.78	4.83	16016465	76987952.00
20170622	4.87	4.98	4.85	4.86	36106596	177560368.00
20170623	4.85	4.89	4.80	4.87	21795383	105600016.00
20170626	4.89	4.89	4.79	4.83	33752035	162495952.00
20170627	4.82	4.84	4.81	4.84	10546629	50956920.00
20170628	4.83	4.85	4.81	4.83	9022359	43591984.00
20170629	4.83	4.87	4.83	4.84	11873337	57577120.00
20170630	4.83	4.84	4.81	4.83	12093779	58268608.00
20170703	4.82	4.83	4.78	4.81	19584345	94025424.00
20170704	4.81	4.81	4.78	4.80	11841200	56757096.00
20170705	4.80	4.81	4.78	4.81	9251900	44382992.00
20170706	4.81	4.84	4.79	4.81	16248907	78253704.00
20170707	4.81	4.81	4.73	4.75	44805609	213141504.00
20170710	4.74	4.76	4.73	4.75	11682046	55414924.00
20170711	4.74	4.77	4.74	4.75	11785300	56033804.00
数据来源:通达信
