600000 浦发银行 日线 前复权
      日期	    开盘	    最高	    最低	    收盘	    成交量	    成交额
20111010	3.86	3.89	3.78	3.79	32428434	274365568.00
20111011	4.04	4.04	3.83	3.89	59130344	511050464.00
20111012	3.87	4.14	3.84	4.09	89412222	787072832.00
20111013	4.07	4.15	4.03	4.10	51298778	453963296.00
20111014	4.08	4.11	4.01	4.08	40504198	356399904.00
20111017	4.08	4.23	4.07	4.14	46009758	410848352.00
20111018	4.09	4.12	4.02	4.04	41115344	362177728.00
20111019	4.04	4.14	4.02	4.08	36188377	319545728.00
20111020	4.03	4.10	3.94	4.01	50658455	443175232.00
20111021	4.02	4.17	3.98	4.12	59306969	526976704.00
20111024	4.13	4.34	4.10	4.31	94932084	864185472.00
20111025	4.32	4.37	4.25	4.31	66314936	608223040.00
20111026	4.29	4.40	4.23	4.32	68454846	631301568.00
20111027	4.38	4.44	4.34	4.38	45585827	422360448.00
20111028	4.47	4.58	4.38	4.46	82502754	775731712.00
20111031	4.44	4.44	4.31	4.34	50778832	468747744.00
20111101	4.30	4.43	4.27	4.32	57198902	527513056.00
20111102	4.25	4.45	4.22	4.45	59397848	546059776.00
20111103	4.46	4.47	4.35	4.36	84349601	785658944.00
20111104	4.44	4.45	4.36	4.41	42565042	395922336.00
20111107	4.37	4.39	4.31	4.32	32870037	302777632.00
20111108	4.36	4.40	4.29	4.34	31693301	291603584.00
20111109	4.36	4.40	4.32	4.38	27951632	257975136.00
20111110	4.33	4.37	4.22	4.23	46636157	426657152.00
20111111	4.24	4.31	4.23	4.25	25261827	230005504.00
20111114	4.32	4.38	4.29	4.34	42296963	389371104.00
20111115	4.33	4.35	4.29	4.32	30013432	275179264.00
20111116	4.32	4.32	4.10	4.14	64028631	576115136.00
20111117	4.15	4.17	4.08	4.10	32007465	284590464.00
20111118	4.05	4.12	4.03	4.05	36819930	324198784.00
20111121	4.08	4.09	3.96	4.01	32355327	281903840.00
20111122	3.98	4.06	3.97	4.02	30669913	268099632.00
20111123	4.03	4.03	3.93	3.98	26370231	228822400.00
20111124	3.93	4.03	3.91	3.98	24460075	212634672.00
20111125	3.98	4.00	3.91	3.93	21366538	184856608.00
20111128	3.94	3.97	3.89	3.91	23967739	206431568.00
20111129	3.96	4.01	3.93	4.01	25960610	225388352.00
20111130	3.98	4.01	3.82	3.84	44971839	384658400.00
20111201	4.01	4.16	4.01	4.06	89049077	787219136.00
20111202	4.04	4.09	3.99	4.05	38638133	339557376.00
20111205	4.08	4.13	3.94	4.05	40188321	354439392.00
20111206	4.03	4.08	3.98	4.01	26440305	232129312.00
20111207	4.01	4.08	3.98	4.04	23350899	204935328.00
20111208	4.04	4.08	3.97	4.04	21909676	191759968.00
20111209	4.01	4.04	3.94	3.98	29514000	257109792.00
20111212	3.97	4.01	3.94	3.96	23035328	200109776.00
20111213	3.94	4.00	3.89	3.90	47600711	412160768.00
20111214	3.89	3.95	3.87	3.91	27334982	235202160.00
20111215	3.89	3.93	3.83	3.84	41518789	354799712.00
20111216	3.85	3.95	3.84	3.93	37730295	322463296.00
20111219	3.89	3.94	3.75	3.92	45264959	384672672.00
20111220	3.90	4.02	3.89	3.91	38376971	331731072.00
20111221	3.96	4.00	3.84	3.87	41637650	359681312.00
20111222	3.84	3.91	3.81	3.87	42682705	363453856.00
20111223	3.87	3.92	3.84	3.87	23263186	198890336.00
20111226	3.86	3.89	3.79	3.82	31788769	269877056.00
20111227	3.82	3.87	3.77	3.80	31075676	262876944.00
20111228	3.80	3.82	3.67	3.76	42011046	351109632.00
20111229	3.74	3.76	3.70	3.74	40055045	333839360.00
20111230	3.77	3.85	3.76	3.84	52982530	448339744.00
20120104	3.87	3.89	3.77	3.78	34201379	290229536.00
20120105	3.82	4.07	3.82	3.95	132116203	1144753024.00
20120106	3.94	4.04	3.93	3.99	61778687	537043776.00
20120109	4.00	4.19	3.97	4.16	80136249	711429632.00
20120110	4.16	4.26	4.11	4.24	72004632	647206656.00
20120111	4.23	4.26	4.18	4.19	49261157	444366560.00
20120112	4.19	4.34	4.19	4.26	60486981	551261440.00
20120113	4.27	4.32	4.17	4.22	56725332	514638080.00
20120116	4.19	4.28	4.17	4.17	33100160	299225056.00
20120117	4.19	4.38	4.05	4.33	97357263	876457408.00
20120118	4.31	4.36	4.19	4.22	58089289	529288096.00
20120119	4.23	4.35	4.21	4.33	68645571	628781824.00
20120120	4.37	4.50	4.31	4.49	95052703	883450368.00
20120130	4.47	4.48	4.33	4.35	71883155	668276672.00
20120131	4.36	4.39	4.31	4.35	35464104	326763264.00
20120201	4.33	4.38	4.23	4.25	39647888	362716576.00
20120202	4.28	4.49	4.25	4.47	87973331	816297536.00
20120203	4.44	4.54	4.42	4.50	97135312	914988416.00
20120206	4.52	4.55	4.40	4.47	63691281	599080960.00
20120207	4.42	4.45	4.32	4.36	51391402	475945760.00
20120208	4.36	4.53	4.36	4.51	64270717	602796544.00
20120209	4.51	4.53	4.45	4.47	50273854	473358240.00
20120210	4.45	4.53	4.42	4.45	51836488	487049472.00
20120213	4.37	4.45	4.32	4.38	49204966	456411680.00
20120214	4.36	4.39	4.29	4.33	53024869	487049248.00
20120215	4.31	4.40	4.29	4.36	55064760	507511360.00
20120216	4.37	4.39	4.29	4.33	47501799	437494048.00
20120217	4.37	4.41	4.33	4.38	41743292	386595872.00
20120220	4.48	4.48	4.37	4.38	57740009	539245888.00
20120221	4.38	4.41	4.33	4.39	42757386	395923936.00
20120222	4.39	4.45	4.33	4.42	81447790	755732416.00
20120223	4.42	4.47	4.39	4.43	87754888	818404864.00
20120224	4.44	4.57	4.41	4.55	128341832	1207795584.00
20120227	4.59	4.63	4.51	4.53	126664015	1206459776.00
20120228	4.53	4.68	4.52	4.66	136121116	1308533888.00
20120229	4.66	4.66	4.55	4.57	77757837	745267136.00
20120301	4.54	4.61	4.54	4.58	46237868	441399328.00
20120302	4.58	4.68	4.57	4.68	74013187	711842944.00
20120305	4.71	4.72	4.60	4.60	66098035	638459392.00
20120306	4.57	4.62	4.48	4.50	68450355	650629568.00
20120307	4.47	4.50	4.43	4.43	51077237	479615296.00
20120308	4.47	4.54	4.45	4.52	54828552	517039328.00
20120309	4.52	4.55	4.49	4.52	47510501	449318752.00
20120312	4.50	4.51	4.43	4.46	52784386	494779968.00
20120313	4.47	4.57	4.44	4.52	61430150	582028864.00
20120314	4.57	4.62	4.42	4.45	99280321	940852480.00
20120315	4.45	4.51	4.31	4.33	70673894	661561280.00
20120316	4.37	4.43	4.33	4.37	72584563	672304000.00
20120319	4.38	4.42	4.36	4.39	50228036	466395776.00
20120320	4.37	4.38	4.28	4.28	62725576	575220544.00
20120321	4.32	4.33	4.21	4.25	51867060	471579968.00
20120322	4.26	4.34	4.22	4.28	38651197	352251200.00
20120323	4.26	4.28	4.21	4.24	35268448	319927040.00
20120326	4.23	4.31	4.23	4.29	33692849	306941856.00
20120327	4.30	4.31	4.25	4.28	27294640	249025232.00
20120328	4.28	4.29	4.15	4.17	43565307	394701408.00
20120329	4.15	4.19	4.09	4.10	48391415	432068896.00
20120330	4.14	4.17	4.11	4.15	50587012	451335936.00
20120405	4.12	4.16	4.06	4.15	76352001	677374528.00
20120406	4.15	4.17	4.08	4.15	56682481	504458944.00
20120409	4.12	4.15	4.08	4.08	34889828	309720480.00
20120410	4.10	4.15	4.04	4.14	45147000	399088192.00
20120411	4.10	4.16	4.09	4.12	39397074	350489728.00
20120412	4.12	4.29	4.10	4.28	64571634	581979200.00
20120413	4.27	4.30	4.21	4.29	61175666	556243008.00
20120416	4.25	4.28	4.22	4.24	38614798	350463008.00
20120417	4.24	4.26	4.15	4.15	49466011	444391616.00
20120418	4.15	4.29	4.14	4.28	67117990	607091648.00
20120419	4.26	4.31	4.24	4.28	48488000	441712576.00
20120420	4.26	4.42	4.26	4.41	77240835	714085568.00
20120423	4.38	4.43	4.34	4.36	41839068	387763904.00
20120424	4.36	4.58	4.35	4.46	113165453	1065629952.00
20120425	4.43	4.50	4.43	4.44	66489024	623235392.00
20120426	4.49	4.52	4.40	4.45	53826936	503917248.00
20120427	4.47	4.51	4.44	4.48	47114993	443152192.00
20120502	4.53	4.61	4.48	4.59	107696972	1023491904.00
20120503	4.55	4.58	4.49	4.52	60560075	574341312.00
20120504	4.52	4.54	4.47	4.54	71659892	677231232.00
20120507	4.50	4.53	4.43	4.49	82225733	773477056.00
20120508	4.48	4.49	4.39	4.45	86721348	810233984.00
20120509	4.40	4.41	4.32	4.33	65066893	600930048.00
20120510	4.34	4.36	4.27	4.31	67576254	619397952.00
20120511	4.31	4.36	4.28	4.31	35532729	325856896.00
20120514	4.34	4.36	4.24	4.25	70896633	648414464.00
20120515	4.19	4.23	4.18	4.22	60429994	544604544.00
20120516	4.22	4.22	4.12	4.13	75535741	676147520.00
20120517	4.15	4.21	4.12	4.17	43092663	386025728.00
20120518	4.14	4.14	4.07	4.10	61950167	549225600.00
20120521	4.10	4.13	4.08	4.10	46679612	413635872.00
20120522	4.12	4.17	4.11	4.17	67549651	602839680.00
20120523	4.16	4.17	4.09	4.12	61979794	552097472.00
20120524	4.11	4.15	4.06	4.09	49757216	441704160.00
20120525	4.09	4.10	4.03	4.05	45887776	404197696.00
20120528	4.05	4.11	4.03	4.10	52347656	461949312.00
20120529	4.10	4.18	4.07	4.16	93478648	831085312.00
20120530	4.14	4.15	4.05	4.07	88036486	779244032.00
20120531	4.05	4.05	4.02	4.03	67011196	587833152.00
20120601	4.04	4.08	4.02	4.04	42401677	372673952.00
20120604	3.99	3.99	3.90	3.91	69367973	599453504.00
20120605	3.93	3.94	3.88	3.89	69666907	598110592.00
20120606	3.91	3.97	3.88	3.93	49918846	429065888.00
20120607	3.97	3.98	3.87	3.89	48026408	413324672.00
20120608	3.85	3.87	3.71	3.73	140389731	1176530432.00
20120611	3.75	3.76	3.71	3.73	71644862	597652544.00
20120612	3.71	3.74	3.63	3.70	82431224	680814848.00
20120614	3.70	3.73	3.67	3.68	80017463	664166656.00
20120615	3.71	3.87	3.70	3.82	134216053	1129580288.00
20120618	3.82	3.83	3.79	3.82	50212960	424346816.00
20120619	3.82	3.87	3.80	3.84	47008304	398791968.00
20120620	3.87	3.92	3.83	3.84	50000107	427039904.00
20120621	3.85	3.85	3.77	3.80	39423884	332932096.00
20120625	3.79	3.83	3.73	3.74	52706596	443526592.00
20120626	3.75	3.79	3.73	3.75	39982538	323089664.00
20120627	3.75	3.77	3.73	3.74	26966055	217422016.00
20120628	3.74	3.75	3.71	3.71	28876449	232014032.00
20120629	3.73	3.82	3.72	3.80	50974236	412653792.00
20120702	3.81	3.81	3.74	3.77	43691987	353033248.00
20120703	3.77	3.81	3.75	3.77	40080965	324895968.00
20120704	3.77	3.83	3.76	3.79	39552477	321375936.00
20120705	3.78	3.79	3.74	3.75	33635896	271555072.00
20120706	3.65	3.68	3.62	3.68	115797069	917011456.00
20120709	3.66	3.66	3.46	3.47	106535413	829804096.00
20120710	3.47	3.54	3.47	3.50	45089773	347540672.00
20120711	3.49	3.52	3.47	3.50	32425638	249889712.00
20120712	3.50	3.51	3.41	3.47	100909326	770420608.00
20120713	3.47	3.56	3.45	3.52	45202381	349346432.00
20120716	3.53	3.53	3.44	3.45	46584899	358037216.00
20120717	3.46	3.52	3.44	3.49	30224255	232272368.00
20120718	3.49	3.49	3.43	3.47	47630983	363638272.00
20120719	3.46	3.52	3.43	3.49	77344589	594527744.00
20120720	3.47	3.48	3.43	3.43	55545514	423521024.00
20120723	3.40	3.40	3.30	3.32	64501900	480841536.00
20120724	3.31	3.36	3.29	3.33	48389405	360293120.00
20120725	3.31	3.36	3.28	3.29	47580447	353247488.00
20120726	3.29	3.32	3.26	3.29	30350495	224778992.00
20120727	3.30	3.40	3.29	3.35	58500797	438293376.00
20120730	3.37	3.46	3.35	3.40	62142486	470732256.00
20120731	3.40	3.49	3.40	3.47	70118950	535947136.00
20120801	3.47	3.50	3.42	3.46	62270863	476495456.00
20120802	3.48	3.54	3.46	3.53	75444190	581966464.00
20120803	3.52	3.53	3.48	3.52	44045380	339338688.00
20120806	3.52	3.52	3.49	3.51	46411105	358235328.00
20120807	3.51	3.52	3.46	3.49	34912528	268267936.00
20120808	3.50	3.54	3.49	3.52	53821168	416624096.00
20120809	3.53	3.54	3.49	3.53	32490296	251340992.00
20120810	3.56	3.60	3.55	3.57	46782980	365500896.00
20120813	3.57	3.59	3.52	3.53	47282079	368478432.00
20120814	3.54	3.57	3.52	3.57	39743689	308683296.00
20120815	3.57	3.57	3.39	3.41	89555247	683068992.00
20120816	3.42	3.42	3.36	3.38	40630297	306256960.00
20120817	3.37	3.41	3.36	3.39	33322665	251555248.00
20120820	3.37	3.40	3.33	3.37	27038216	202877232.00
20120821	3.36	3.40	3.35	3.36	36268940	272732512.00
20120822	3.37	3.38	3.33	3.37	35326454	264640480.00
20120823	3.36	3.39	3.33	3.37	36366406	273444032.00
20120824	3.37	3.38	3.32	3.35	36963616	277056704.00
20120827	3.32	3.35	3.28	3.29	40334510	300069728.00
20120828	3.31	3.44	3.29	3.43	54763743	411991616.00
20120829	3.40	3.40	3.37	3.39	38419444	289895904.00
20120830	3.36	3.44	3.36	3.43	44804211	339823936.00
20120831	3.41	3.48	3.40	3.43	37255105	284745600.00
20120903	3.45	3.45	3.38	3.41	55393324	419440928.00
20120904	3.40	3.42	3.31	3.33	44361378	332534240.00
20120905	3.31	3.32	3.20	3.23	73135906	536590336.00
20120906	3.24	3.28	3.22	3.27	38370245	281996032.00
20120907	3.30	3.55	3.29	3.43	145971941	1108956800.00
20120910	3.42	3.43	3.38	3.40	63799021	482615584.00
20120911	3.38	3.38	3.31	3.35	50981388	381041952.00
20120912	3.38	3.40	3.30	3.34	41199392	308089952.00
20120913	3.33	3.36	3.31	3.32	28598526	213621168.00
20120914	3.36	3.40	3.31	3.37	60553998	454887776.00
20120917	3.37	3.37	3.29	3.29	39495794	294478240.00
20120918	3.28	3.29	3.24	3.25	29556474	217783072.00
20120919	3.25	3.27	3.24	3.24	35316266	259404096.00
20120920	3.23	3.24	3.16	3.17	48072062	349808064.00
20120921	3.16	3.19	3.13	3.15	37540673	271098080.00
20120924	3.13	3.15	3.08	3.12	44280628	316830848.00
20120925	3.12	3.13	3.10	3.12	23528437	168346304.00
20120926	3.11	3.13	3.08	3.08	28344266	202126624.00
20120927	3.08	3.26	3.08	3.23	74565209	540842752.00
20120928	3.20	3.28	3.17	3.27	62930106	460162688.00
20121008	3.27	3.30	3.20	3.23	32324563	237702592.00
20121009	3.25	3.34	3.24	3.32	48620078	361695648.00
20121010	3.31	3.33	3.29	3.31	27147361	201761968.00
20121011	3.29	3.31	3.26	3.29	29564294	218797760.00
20121012	3.31	3.36	3.29	3.32	37953795	283061216.00
20121015	3.33	3.33	3.26	3.29	22249339	164793072.00
20121016	3.29	3.37	3.28	3.33	43952520	328313920.00
20121017	3.34	3.41	3.31	3.39	52658490	395714432.00
20121018	3.39	3.46	3.38	3.44	51397333	390882240.00
20121019	3.44	3.45	3.39	3.41	40185550	305185408.00
20121022	3.38	3.48	3.38	3.46	36799861	280112256.00
20121023	3.47	3.48	3.39	3.40	32189190	245356336.00
20121024	3.39	3.45	3.38	3.42	28328508	215116944.00
20121025	3.41	3.44	3.36	3.38	29807495	225449552.00
20121026	3.38	3.40	3.30	3.33	49611207	370899616.00
20121029	3.31	3.35	3.30	3.33	28176827	210091712.00
20121030	3.33	3.38	3.29	3.34	37082866	276344864.00
20121031	3.35	3.38	3.31	3.36	36411101	273109824.00
20121101	3.37	3.50	3.36	3.45	57205114	436219680.00
20121102	3.46	3.50	3.43	3.48	47587494	364830176.00
20121105	3.50	3.55	3.47	3.52	56974001	439602336.00
20121106	3.52	3.52	3.42	3.48	42177128	323024800.00
20121107	3.47	3.52	3.45	3.49	26193792	201366784.00
20121108	3.45	3.47	3.38	3.38	38667163	293900672.00
20121109	3.38	3.42	3.36	3.38	26921255	202868992.00
20121112	3.38	3.45	3.38	3.45	43645487	331521952.00
20121113	3.44	3.44	3.34	3.35	37691617	283805504.00
20121114	3.35	3.38	3.33	3.36	21823216	163644368.00
20121115	3.35	3.36	3.29	3.30	29220009	217739712.00
20121116	3.29	3.29	3.24	3.26	33266319	245149920.00
20121119	3.26	3.29	3.24	3.26	24785310	182453728.00
20121120	3.29	3.29	3.24	3.25	20252986	149215104.00
20121121	3.25	3.34	3.24	3.33	28957627	214374144.00
20121122	3.32	3.34	3.29	3.31	22784842	169442912.00
20121123	3.33	3.40	3.31	3.36	35819826	268999520.00
20121126	3.36	3.38	3.31	3.33	28167480	210337440.00
20121127	3.31	3.37	3.30	3.33	40827533	304729088.00
20121128	3.31	3.36	3.30	3.31	41978767	312815520.00
20121129	3.33	3.33	3.29	3.29	39279397	291914528.00
20121130	3.29	3.34	3.26	3.33	38822287	288486304.00
20121203	3.33	3.33	3.24	3.25	53769233	396827584.00
20121204	3.24	3.33	3.24	3.31	34974819	258840208.00
20121205	3.31	3.65	3.29	3.62	227002022	1764021504.00
20121206	3.61	3.68	3.59	3.63	115134979	910874048.00
20121207	3.66	3.90	3.65	3.89	229249195	1863056896.00
20121210	3.95	4.00	3.89	3.94	215254803	1796312704.00
20121211	3.93	3.96	3.88	3.90	114930761	955761536.00
20121212	3.91	4.05	3.91	3.98	174126970	1463953024.00
20121213	3.95	4.02	3.90	3.91	124094525	1038553792.00
20121214	3.93	4.40	3.93	4.33	344394455	3002867456.00
20121217	4.40	4.48	4.36	4.45	254783070	2298528768.00
20121218	4.41	4.61	4.38	4.50	234880214	2144833792.00
20121219	4.48	4.52	4.39	4.44	176670647	1601205248.00
20121220	4.40	4.45	4.32	4.45	149750877	1346132224.00
20121221	4.45	4.48	4.32	4.38	130820092	1174200064.00
20121224	4.36	4.59	4.36	4.47	134642726	1224943488.00
20121225	4.45	4.80	4.43	4.72	234226689	2200438272.00
20121226	4.73	4.75	4.66	4.73	96013021	904988224.00
20121227	4.73	4.85	4.63	4.68	127847946	1211244288.00
20121228	4.66	4.85	4.66	4.82	119599842	1140200576.00
20121231	4.85	5.08	4.84	5.05	198451648	1956467584.00
20130104	5.17	5.29	5.05	5.12	261436810	2633796608.00
20130107	5.14	5.34	5.11	5.33	248200915	2534161920.00
20130108	5.34	5.35	5.15	5.19	154851189	1573240192.00
20130109	5.17	5.23	5.09	5.20	175906181	1774560384.00
20130110	5.18	5.25	5.10	5.13	121226794	1224888960.00
20130111	5.15	5.19	4.94	4.98	171547464	1709899008.00
20130114	4.93	5.36	4.93	5.35	228634872	2326609920.00
20130115	5.35	5.39	5.26	5.33	134039003	1383536256.00
20130116	5.30	5.33	5.09	5.19	156691872	1588121344.00
20130117	5.14	5.22	5.02	5.12	116672023	1163327232.00
20130118	5.16	5.28	5.08	5.22	129872645	1315677056.00
20130121	5.24	5.41	5.14	5.38	178154882	1826584576.00
20130122	5.37	5.63	5.28	5.44	242222065	2546398208.00
20130123	5.41	5.54	5.36	5.52	155968498	1637582720.00
20130124	5.52	5.83	5.47	5.53	320210498	3446063872.00
20130125	5.52	5.58	5.47	5.57	89716806	951423104.00
20130128	5.57	5.95	5.56	5.93	263089195	2903989248.00
20130129	5.95	6.13	5.88	6.01	191067344	2155684352.00
20130130	6.01	6.05	5.87	5.97	172171454	1933405056.00
20130131	5.97	6.15	5.89	6.14	181147190	2051351296.00
20130201	6.09	6.48	6.02	6.47	223157195	2595572224.00
20130204	6.49	6.69	6.38	6.55	271540507	3269293056.00
20130205	6.44	6.50	6.26	6.41	176944688	2098278656.00
20130206	6.40	6.54	6.31	6.50	133748186	1595335936.00
20130207	6.50	6.52	5.92	6.10	315193605	3634915072.00
20130208	6.08	6.12	5.84	6.04	195904902	2214211072.00
20130218	6.10	6.15	5.94	5.98	119051849	1348960768.00
20130219	5.96	6.02	5.85	5.87	114565262	1279590656.00
20130220	5.87	5.89	5.51	5.67	264523040	2849978368.00
20130221	5.56	5.58	5.10	5.26	290791316	2996527616.00
20130222	5.24	5.34	5.16	5.20	143226433	1463429376.00
20130225	5.25	5.38	5.24	5.33	116274545	1198145536.00
20130226	5.24	5.63	5.21	5.33	238592674	2515148288.00
20130227	5.36	5.59	5.32	5.38	158815735	1662077312.00
20130228	5.49	5.85	5.38	5.84	224658466	2416913152.00
20130301	5.85	6.02	5.66	5.92	223208905	2475460608.00
20130304	5.70	5.73	5.29	5.38	261002023	2758781184.00
20130305	5.36	5.96	5.36	5.85	233607734	2525017088.00
20130306	5.91	6.02	5.77	5.88	205631621	2289024768.00
20130307	5.82	5.87	5.46	5.63	191555154	2072717440.00
20130308	5.67	5.72	5.52	5.60	103046487	1106726784.00
20130311	5.57	5.57	5.39	5.43	94081221	990803392.00
20130312	5.43	5.56	5.23	5.31	132298619	1371021568.00
20130313	5.31	5.40	5.18	5.28	105764431	1083876608.00
20130314	5.38	5.50	5.29	5.42	163419368	1707645824.00
20130315	5.43	5.75	5.37	5.46	214299272	2283442432.00
20130318	5.41	5.55	5.38	5.44	142604467	1499673088.00
20130319	5.43	5.57	5.40	5.56	114470221	1207222528.00
20130320	5.58	5.94	5.56	5.94	253698290	2793678336.00
20130321	5.94	6.00	5.76	5.87	193267919	2143848576.00
20130322	5.81	5.88	5.77	5.84	122824527	1356165888.00
20130325	5.89	5.97	5.80	5.83	89020579	986945856.00
20130326	5.79	5.80	5.56	5.59	126327261	1358261888.00
20130327	5.60	5.77	5.54	5.63	113814685	1225592704.00
20130328	5.24	5.28	4.88	5.12	298069476	2992135424.00
20130329	5.12	5.25	5.04	5.19	131028762	1315731584.00
20130401	5.15	5.24	5.12	5.14	76052116	767292288.00
20130402	5.15	5.22	5.06	5.12	83681538	840890496.00
20130403	5.14	5.21	5.07	5.15	88765772	892637760.00
20130408	5.01	5.10	4.89	5.05	89499064	883268160.00
20130409	5.08	5.19	5.08	5.13	65806596	660726016.00
20130410	5.12	5.13	5.05	5.10	54586848	544630528.00
20130411	5.16	5.19	5.10	5.12	43303750	435013696.00
20130412	5.12	5.15	5.03	5.06	41832297	417375296.00
20130415	5.06	5.10	4.96	4.98	75763623	747795136.00
20130416	4.93	4.98	4.82	4.92	126274720	1224441856.00
20130417	4.92	4.92	4.77	4.82	86278542	829038272.00
20130418	4.73	4.87	4.70	4.84	103421937	985199552.00
20130419	4.86	5.24	4.84	5.20	178675031	1778831232.00
20130422	5.18	5.26	5.17	5.26	123343744	1254891776.00
20130423	5.30	5.31	4.96	4.99	108826815	1083711360.00
20130424	5.01	5.21	4.94	5.12	105005043	1045917568.00
20130425	5.10	5.15	4.98	5.04	74320334	737540032.00
20130426	5.08	5.11	5.00	5.02	52806428	524919904.00
20130502	4.94	5.01	4.87	4.98	80667825	786928384.00
20130503	5.01	5.22	4.98	5.11	109373480	1097528960.00
20130506	5.12	5.25	5.08	5.19	87865272	888293824.00
20130507	5.17	5.17	5.09	5.15	60095952	603143616.00
20130508	5.19	5.24	5.11	5.14	72153519	728615168.00
20130509	5.15	5.16	5.03	5.08	64667334	644949056.00
20130510	5.05	5.15	5.03	5.12	63127003	630968320.00
20130513	5.12	5.18	5.05	5.12	66994306	670319744.00
20130514	5.12	5.14	5.05	5.08	67348057	671548096.00
20130515	5.09	5.12	5.05	5.10	47275904	471747488.00
20130516	5.10	5.22	4.99	5.21	111647303	1120193792.00
20130517	5.21	5.30	5.14	5.27	122955149	1250713216.00
20130520	5.29	5.48	5.24	5.39	156851179	1632285440.00
20130521	5.37	5.40	5.27	5.34	91775245	946356992.00
20130522	5.33	5.37	5.30	5.36	71207689	734819200.00
20130523	5.31	5.33	5.21	5.21	82484743	845485632.00
20130524	5.24	5.30	5.17	5.24	63230983	644944832.00
20130527	5.25	5.33	5.23	5.31	69546991	714504512.00
20130528	5.31	5.50	5.28	5.49	111377099	1160468736.00
20130529	5.51	5.54	5.46	5.47	91459014	966132032.00
20130530	5.44	5.54	5.43	5.48	89454796	942531008.00
20130531	5.50	5.54	5.43	5.43	101875600	1074952832.00
20130603	5.47	5.50	5.36	5.38	83186090	823621312.00
20130604	5.41	5.41	5.28	5.31	60164557	587136128.00
20130605	5.31	5.33	5.21	5.24	56405768	545296064.00
20130606	5.22	5.26	5.08	5.10	72417597	688813184.00
20130607	5.15	5.19	5.01	5.03	72344081	682011584.00
20130613	4.96	4.96	4.73	4.80	127820275	1152185088.00
20130614	4.84	4.84	4.77	4.80	77530686	699500736.00
20130617	4.82	4.86	4.76	4.80	52039165	469144448.00
20130618	4.82	4.87	4.80	4.84	40358845	365844128.00
20130619	4.82	4.82	4.66	4.71	53104791	473179680.00
20130620	4.69	4.69	4.37	4.38	137571510	1178952704.00
20130621	4.31	4.42	4.24	4.29	147442615	1229287040.00
20130624	4.29	4.29	3.74	3.75	249977361	1942163840.00
20130625	3.70	3.98	3.52	3.95	246601203	1856925568.00
20130626	4.02	4.05	3.83	3.93	130788936	1016856704.00
20130627	3.98	4.03	3.88	4.01	125823284	982597056.00
20130628	3.96	4.30	3.92	4.29	157753950	1276035968.00
20130701	4.24	4.28	4.14	4.21	86027064	702497408.00
20130702	4.22	4.24	4.05	4.19	84019573	677872960.00
20130703	4.16	4.17	4.07	4.12	69690313	560255104.00
20130704	4.13	4.29	4.10	4.17	85794489	697456128.00
20130705	4.17	4.24	4.15	4.17	58764344	477728576.00
20130708	4.09	4.12	4.02	4.03	63977579	508688896.00
20130709	4.03	4.06	4.01	4.03	40964528	324418304.00
20130710	4.05	4.18	4.02	4.17	60829122	488041472.00
20130711	4.21	4.73	4.21	4.69	274152438	2369027072.00
20130712	4.62	4.68	4.39	4.43	162211373	1400965632.00
20130715	4.47	4.59	4.38	4.48	103850924	891216128.00
20130716	4.45	4.47	4.38	4.47	78430472	664317056.00
20130717	4.45	4.47	4.36	4.40	79489709	673336896.00
20130718	4.38	4.40	4.20	4.23	99044377	818192320.00
20130719	4.24	4.26	4.10	4.11	76242268	619426688.00
20130722	4.02	4.08	3.96	4.05	95552055	754153152.00
20130723	4.08	4.25	4.05	4.19	115906521	942643008.00
20130724	4.12	4.15	4.02	4.09	87410550	697536448.00
20130725	4.10	4.17	4.06	4.10	62010839	497968416.00
20130726	4.08	4.10	4.05	4.07	42800503	341110304.00
20130729	4.02	4.02	3.89	3.91	84518514	655293184.00
20130730	3.94	4.06	3.91	3.98	68907635	540970752.00
20130731	4.03	4.10	3.96	3.99	50335414	397874848.00
20130801	4.03	4.10	4.00	4.08	58959381	469433184.00
20130802	4.13	4.17	4.07	4.08	57767151	463891776.00
20130805	4.08	4.14	4.05	4.13	53056118	425459712.00
20130806	4.11	4.15	4.08	4.11	82798496	664260288.00
20130807	4.11	4.19	4.09	4.10	68679917	553785280.00
20130808	4.10	4.14	4.05	4.08	54611350	436833728.00
20130809	4.12	4.15	4.06	4.10	55483572	444645248.00
20130812	4.12	4.31	4.10	4.31	142760853	1171789184.00
20130813	4.30	4.39	4.28	4.38	118672580	991814144.00
20130814	4.40	4.46	4.30	4.31	121903670	1025898624.00
20130815	4.31	4.35	4.23	4.24	67134769	556547136.00
20130816	4.21	4.82	4.19	4.31	264712593	2254296064.00
20130819	4.26	4.44	4.25	4.40	124704778	1044624768.00
20130820	4.38	4.63	4.36	4.45	153605678	1314061952.00
20130821	4.46	4.50	4.35	4.40	65732224	554833024.00
20130822	4.38	4.52	4.37	4.40	60326480	513025408.00
20130823	4.47	4.53	4.26	4.38	117530030	995509248.00
20130826	4.40	4.63	4.37	4.61	161720147	1399048064.00
20130827	4.61	4.82	4.58	4.75	224672933	2001682176.00
20130828	4.70	4.89	4.64	4.79	243574963	2194823936.00
20130829	4.87	4.94	4.69	4.73	146496955	1320039168.00
20130830	4.69	4.82	4.62	4.78	129143351	1152526336.00
20130902	4.87	4.99	4.75	4.77	141236900	1281805056.00
20130903	4.76	4.87	4.71	4.85	140383661	1269355904.00
20130904	4.82	4.96	4.81	4.89	142450054	1305299456.00
20130905	4.92	4.92	4.83	4.88	93544409	852833088.00
20130906	4.89	5.40	4.87	5.19	301015112	2850092288.00
20130909	5.68	5.86	5.61	5.86	580189224	6069489664.00
20130910	6.19	6.53	6.03	6.47	1198024109	13328929792.00
20130911	6.33	6.52	6.33	6.38	603551016	6834516480.00
20130912	6.40	7.17	6.30	7.06	1041527543	12498180096.00
20130913	6.94	7.08	6.70	6.82	661646551	7947104256.00
20130916	6.89	6.90	6.35	6.53	699493335	8064946176.00
20130917	6.47	6.52	6.03	6.07	511737943	5694768128.00
20130918	6.15	6.32	6.07	6.19	400172137	4413153792.00
20130923	6.22	6.33	6.05	6.31	453630138	4987201024.00
20130924	6.32	6.33	5.89	6.05	476900620	5154101248.00
20130925	6.01	6.31	5.97	6.03	384146137	4206311424.00
20130926	6.01	6.02	5.54	5.61	448493838	4639913984.00
20130927	5.57	5.72	5.52	5.66	243782409	2485876736.00
20130930	5.73	5.75	5.50	5.55	256510906	2609512448.00
20131008	5.51	5.72	5.40	5.65	258444174	2618477312.00
20131009	5.56	5.81	5.54	5.68	244015218	2503190528.00
20131010	5.70	5.73	5.44	5.47	249225016	2508886016.00
20131011	5.56	5.94	5.49	5.87	441961264	4582589952.00
20131014	5.80	5.84	5.66	5.69	274009307	2834786560.00
20131015	5.70	5.73	5.50	5.57	212323978	2155489536.00
20131016	5.55	5.55	5.36	5.43	217322904	2160308480.00
20131017	5.50	5.54	5.36	5.36	145253461	1440499456.00
20131018	5.36	5.53	5.35	5.40	129849775	1290361088.00
20131021	5.45	5.60	5.35	5.57	211850917	2123854848.00
20131022	5.57	5.57	5.39	5.44	156011435	1554175488.00
20131023	5.45	5.73	5.43	5.50	260513178	2639944192.00
20131024	5.46	5.60	5.36	5.47	170003394	1700451840.00
20131025	5.50	5.67	5.48	5.54	256524257	2593128960.00
20131028	5.54	5.64	5.43	5.59	164098118	1650688512.00
20131029	5.64	5.97	5.61	5.82	494214050	5150564352.00
20131030	5.82	5.92	5.70	5.90	301165849	3162162432.00
20131031	5.89	5.91	5.70	5.72	211637554	2206625536.00
20131101	5.71	5.86	5.65	5.78	164057262	1704932224.00
20131104	5.82	5.87	5.67	5.70	138786390	1438550528.00
20131105	5.64	5.66	5.52	5.63	172536527	1747250944.00
20131106	5.54	5.63	5.49	5.51	151026564	1522867072.00
20131107	5.54	5.62	5.47	5.52	114983822	1158380416.00
20131108	5.50	5.56	5.44	5.47	110388788	1104891648.00
20131111	5.48	5.50	5.42	5.47	79759246	793983232.00
20131112	5.50	5.62	5.49	5.57	119655182	1209294464.00
20131113	5.52	5.52	5.23	5.24	208714474	2049839104.00
20131114	5.21	5.26	5.06	5.13	169111025	1601513600.00
20131115	5.13	5.38	5.12	5.26	180564555	1753424256.00
20131118	5.31	5.57	5.25	5.56	231275931	2289353984.00
20131119	5.56	5.56	5.45	5.47	128516630	1286050560.00
20131120	5.50	5.61	5.47	5.52	125986570	1265362944.00
20131121	5.49	5.54	5.33	5.54	172340745	1708643968.00
20131122	5.52	5.57	5.47	5.53	131116961	1317526656.00
20131125	5.48	5.57	5.43	5.44	96767050	967272320.00
20131126	5.42	5.51	5.40	5.42	72857686	724350720.00
20131127	5.40	5.54	5.32	5.44	134357122	1332415744.00
20131128	5.45	5.53	5.42	5.46	121839005	1217508480.00
20131129	5.53	5.57	5.46	5.48	112491968	1128740864.00
20131202	5.56	5.73	5.48	5.71	408952609	4162905344.00
20131203	5.68	5.73	5.59	5.67	178953713	1832350208.00
20131204	5.66	5.89	5.63	5.77	283303320	2951386624.00
20131205	5.77	5.80	5.68	5.73	150565456	1557557504.00
20131206	5.73	5.73	5.58	5.64	157734044	1611228672.00
20131209	5.63	5.66	5.54	5.57	111336390	1127426944.00
20131210	5.57	5.63	5.54	5.59	89476538	907205504.00
20131211	5.57	5.58	5.43	5.44	127176728	1268123904.00
20131212	5.43	5.46	5.40	5.40	89839025	889730880.00
20131213	5.38	5.38	5.33	5.37	98124624	963431296.00
20131216	5.38	5.47	5.29	5.31	119802106	1177159808.00
20131217	5.32	5.33	5.25	5.27	78126226	758108096.00
20131218	5.29	5.35	5.26	5.29	55191766	536799936.00
20131219	5.31	5.33	5.21	5.22	71003510	687152704.00
20131220	5.23	5.24	5.03	5.04	107593841	1018130496.00
20131223	5.08	5.12	5.01	5.03	63014853	590896768.00
20131224	5.05	5.08	4.96	5.03	71802936	671259968.00
20131225	5.02	5.03	4.89	4.98	89003265	821820544.00
20131226	4.97	4.98	4.83	4.85	82518650	753839552.00
20131227	4.85	5.01	4.84	4.96	88052311	811334784.00
20131230	5.00	5.01	4.92	4.93	70408751	650877056.00
20131231	4.94	5.16	4.91	5.09	107237045	1006340928.00
20140102	5.10	5.10	4.99	5.02	69821037	652410752.00
20140103	4.98	5.00	4.84	4.89	88351969	807094464.00
20140106	5.01	5.03	4.88	4.92	117267700	1079925504.00
20140107	4.91	4.94	4.80	4.89	72150947	657895488.00
20140108	4.89	5.01	4.87	4.93	78603481	724415936.00
20140109	4.93	5.10	4.90	4.99	109976763	1025797632.00
20140110	4.98	5.10	4.96	5.08	93379978	875061952.00
20140113	5.10	5.12	5.02	5.06	65935363	618500160.00
20140114	5.07	5.09	4.96	5.07	79710266	744481152.00
20140115	5.06	5.07	4.90	4.95	77606643	717369984.00
20140116	4.94	4.97	4.91	4.91	67204743	618488768.00
20140117	4.91	4.91	4.84	4.87	66047496	601804096.00
20140120	4.86	4.88	4.82	4.84	42094792	382309888.00
20140121	4.86	4.97	4.85	4.90	47596032	436604864.00
20140122	4.91	5.05	4.91	5.03	91387277	849733120.00
20140123	5.01	5.03	4.94	4.94	63055407	583623040.00
20140124	4.91	5.01	4.89	4.95	70757205	653717696.00
20140127	4.92	4.93	4.86	4.87	69858649	637844224.00
20140128	4.87	4.99	4.87	4.92	57333618	527187520.00
20140129	4.96	5.01	4.93	4.99	71042825	659122816.00
20140130	4.98	5.00	4.89	4.91	52508927	485399520.00
20140207	4.88	4.91	4.84	4.91	51136921	466080896.00
20140210	4.91	5.00	4.90	4.99	91573113	848138368.00
20140211	5.01	5.26	4.94	5.17	212392409	2017636480.00
20140212	5.14	5.24	5.10	5.14	106449343	1012082688.00
20140213	5.12	5.38	5.08	5.21	197765140	1901282560.00
20140214	5.21	5.23	5.15	5.20	80503230	770860224.00
20140217	5.22	5.25	5.12	5.15	107916285	1029473536.00
20140218	5.15	5.15	4.95	4.97	131972251	1231564416.00
20140219	4.96	5.19	4.93	5.13	150729704	1420983552.00
20140220	5.16	5.30	5.04	5.06	144607391	1379086336.00
20140221	5.06	5.09	4.94	4.99	82312549	765984704.00
20140224	4.93	4.94	4.77	4.80	135269196	1223507840.00
20140225	4.80	4.84	4.66	4.67	112988180	1012070336.00
20140226	4.66	4.71	4.63	4.68	79811062	704799680.00
20140227	4.72	4.81	4.66	4.75	112556009	1005356224.00
20140228	4.72	4.80	4.65	4.73	75427866	671034432.00
20140303	4.73	4.73	4.66	4.68	81389991	720619840.00
20140304	4.68	4.73	4.57	4.70	113473857	994582720.00
20140305	4.69	4.70	4.57	4.58	66776262	585846336.00
20140306	4.58	4.69	4.52	4.65	105221671	920528192.00
20140307	4.65	4.73	4.59	4.60	85996638	757643584.00
20140310	4.56	4.59	4.38	4.40	100335990	859115776.00
20140311	4.39	4.46	4.36	4.41	71119520	600753216.00
20140312	4.42	4.56	4.36	4.48	110468613	942803776.00
20140313	4.62	4.88	4.57	4.68	198115864	1758751744.00
20140314	4.63	4.81	4.59	4.78	179769247	1602451072.00
20140318	4.94	4.95	4.70	4.71	167965350	1523657856.00
20140319	4.68	4.84	4.62	4.82	93838218	832057152.00
20140320	4.76	4.93	4.75	4.78	166058733	1510412544.00
20140321	4.77	5.41	4.77	5.41	577730146	5543459840.00
20140324	5.41	5.50	5.31	5.35	550938112	5438997504.00
20140325	5.32	5.39	5.26	5.31	225324449	2201589760.00
20140326	5.33	5.37	5.15	5.19	188654730	1813592704.00
20140327	5.16	5.45	5.12	5.27	310183453	3020967424.00
20140328	5.24	5.43	5.21	5.26	235609623	2299182848.00
20140331	5.28	5.33	5.19	5.29	117957984	1139701376.00
20140401	5.25	5.38	5.23	5.30	121142230	1177869440.00
20140402	5.31	5.52	5.29	5.45	221487036	2188083712.00
20140403	5.45	5.49	5.24	5.26	202589136	1988726400.00
20140404	5.22	5.31	5.19	5.30	103710191	1003039488.00
20140408	5.29	5.70	5.29	5.59	389948091	3925146624.00
20140409	5.57	5.62	5.51	5.56	166971745	1686236288.00
20140410	5.59	5.77	5.51	5.65	251774137	2565192704.00
20140411	5.61	5.71	5.59	5.66	187981794	1923682560.00
20140414	5.66	5.69	5.55	5.57	133566631	1356868480.00
20140415	5.54	5.54	5.36	5.38	176166147	1746784896.00
20140416	5.36	5.47	5.36	5.42	100765541	997304832.00
20140417	5.44	5.47	5.31	5.32	147878398	1453030912.00
20140418	5.30	5.36	5.23	5.33	115394462	1120720896.00
20140421	5.31	5.46	5.26	5.29	131392321	1292829696.00
20140422	5.26	5.43	5.25	5.42	141231411	1385544320.00
20140423	5.38	5.49	5.37	5.40	136419564	1352733696.00
20140424	5.42	5.47	5.38	5.40	82309479	815388800.00
20140425	5.43	5.53	5.36	5.38	180573527	1794439424.00
20140428	5.36	5.40	5.24	5.26	123425122	1198580992.00
20140429	5.26	5.36	5.24	5.35	88443328	859931392.00
20140430	5.47	5.50	5.32	5.33	142558919	1407065856.00
20140505	5.33	5.34	5.19	5.31	103509079	1001815680.00
20140506	5.28	5.35	5.26	5.28	58797626	572224192.00
20140507	5.27	5.31	5.24	5.25	55972788	542274496.00
20140508	5.25	5.40	5.24	5.31	95225892	930740672.00
20140509	5.31	5.36	5.27	5.32	74829332	731563200.00
20140512	5.38	5.46	5.34	5.44	129589586	1282666112.00
20140513	5.42	5.45	5.37	5.42	66182545	653997056.00
20140514	5.41	5.43	5.33	5.36	114355129	1124734336.00
20140515	5.34	5.37	5.29	5.30	70426925	688077248.00
20140516	5.28	5.35	5.28	5.31	57142230	556664640.00
20140519	5.29	5.29	5.12	5.15	137405978	1314192256.00
20140520	5.18	5.21	5.12	5.17	64057749	610778816.00
20140521	5.15	5.22	5.08	5.21	54298040	517810688.00
20140522	5.20	5.30	5.19	5.21	71688611	692799616.00
20140523	5.22	5.28	5.20	5.28	47057342	454096736.00
20140526	5.32	5.33	5.27	5.31	54108963	526560768.00
20140527	5.30	5.31	5.22	5.25	74436155	720820160.00
20140528	5.25	5.29	5.21	5.26	92478303	892246144.00
20140529	5.26	5.29	5.21	5.22	75258524	726796800.00
20140530	5.22	5.23	5.17	5.19	69096841	662738432.00
20140603	5.20	5.24	5.16	5.17	70641283	677281792.00
20140604	5.17	5.18	5.07	5.10	86246408	816293696.00
20140605	5.10	5.23	5.09	5.22	56500335	538639296.00
20140606	5.21	5.22	5.10	5.15	53426017	509267456.00
20140609	5.11	5.26	5.11	5.17	58231714	557813056.00
20140610	5.20	5.24	5.15	5.23	68256823	655798656.00
20140611	5.20	5.23	5.17	5.20	46334806	444252128.00
20140612	5.19	5.20	5.15	5.17	42917693	410062048.00
20140613	5.17	5.33	5.17	5.30	129624894	1256394752.00
20140616	5.30	5.40	5.27	5.36	118477367	1159724288.00
20140617	5.37	5.37	5.29	5.30	91317081	892676096.00
20140618	5.30	5.33	5.29	5.30	66459996	647470912.00
20140619	5.31	5.36	5.21	5.24	68906460	668029824.00
20140620	5.24	5.29	5.22	5.28	57665733	557096320.00
20140623	5.29	5.33	5.23	5.25	86019554	834638528.00
20140624	5.29	5.31	5.26	5.28	83305537	753572864.00
20140625	5.29	5.29	5.23	5.24	46797781	421074944.00
20140626	5.24	5.28	5.24	5.24	43052470	387941152.00
20140627	5.24	5.26	5.22	5.23	42713239	383829280.00
20140630	5.24	5.31	5.24	5.29	52645089	476195584.00
20140701	5.31	5.32	5.26	5.29	42584500	385288800.00
20140702	5.29	5.31	5.26	5.29	41262790	373724768.00
20140703	5.29	5.31	5.27	5.30	64553232	585009408.00
20140704	5.31	5.31	5.29	5.30	47263941	428330848.00
20140707	5.30	5.31	5.27	5.29	42831405	387738016.00
20140708	5.29	5.29	5.26	5.29	52592964	475316192.00
20140709	5.29	5.29	5.19	5.19	75829647	680803712.00
20140710	5.19	5.22	5.18	5.19	43284795	386256096.00
20140711	5.19	5.24	5.19	5.21	58461216	523490688.00
20140714	5.20	5.26	5.18	5.25	50192334	449273952.00
20140715	5.26	5.26	5.24	5.26	57331618	515793888.00
20140716	5.26	5.29	5.25	5.26	57758013	521218624.00
20140717	5.27	5.28	5.23	5.24	43076122	387416768.00
20140718	5.24	5.29	5.22	5.26	60143570	542519424.00
20140721	5.26	5.26	5.23	5.24	43394538	390236864.00
20140722	5.22	5.32	5.22	5.29	101186449	915202944.00
20140723	5.28	5.35	5.28	5.31	95071892	864070592.00
20140724	5.31	5.52	5.31	5.47	235007435	2179260160.00
20140725	5.52	5.56	5.46	5.52	134460946	1259192320.00
20140728	5.56	5.83	5.56	5.78	315856664	3067199488.00
20140729	5.81	5.87	5.75	5.80	203049428	1989649792.00
20140730	5.87	5.89	5.72	5.75	182728243	1785992192.00
20140731	5.73	5.82	5.71	5.81	113003643	1098506240.00
20140801	5.79	5.92	5.77	5.78	199316283	1966817280.00
20140804	5.82	5.91	5.76	5.89	167001355	1646470400.00
20140805	5.89	5.91	5.81	5.86	116942080	1154644352.00
20140806	5.83	5.83	5.71	5.77	134531042	1309646592.00
20140807	5.77	5.80	5.63	5.64	141244203	1363312768.00
20140808	5.64	5.67	5.60	5.63	120982762	1154961152.00
20140811	5.65	5.76	5.65	5.74	99902317	966146816.00
20140812	5.73	5.74	5.67	5.70	80856190	779243648.00
20140813	5.70	5.73	5.62	5.68	97201687	932751424.00
20140814	5.69	5.73	5.66	5.67	102325664	986409920.00
20140815	5.69	5.74	5.66	5.73	83507836	806096128.00
20140818	5.73	5.82	5.72	5.75	96111663	933999552.00
20140819	5.80	5.80	5.70	5.75	99796164	968114304.00
20140820	5.75	5.75	5.69	5.70	70135543	677452352.00
20140821	5.70	5.70	5.55	5.60	118057183	1123688960.00
20140822	5.60	5.66	5.58	5.63	76885741	733185600.00
20140825	5.61	5.62	5.54	5.56	90596114	856940032.00
20140826	5.55	5.60	5.54	5.57	85213616	804802432.00
20140827	5.57	5.60	5.55	5.57	54628769	516864192.00
20140828	5.57	5.57	5.50	5.50	70289162	661133056.00
20140829	5.53	5.59	5.50	5.58	53881605	507394720.00
20140901	5.59	5.61	5.56	5.59	68578076	650654464.00
20140902	5.61	5.69	5.57	5.67	128705724	1227884288.00
20140903	5.69	5.77	5.68	5.73	128588110	1244849664.00
20140904	5.74	5.75	5.69	5.75	98919202	956753792.00
20140905	5.76	5.80	5.73	5.77	126925907	1234562048.00
20140909	5.77	5.82	5.73	5.74	123866063	1205605760.00
20140910	5.70	5.71	5.65	5.66	111659515	1073076800.00
20140911	5.67	5.76	5.65	5.67	119763193	1152957952.00
20140912	5.68	5.68	5.62	5.67	80296496	768304384.00
20140915	5.64	5.70	5.61	5.67	99444466	950656320.00
20140916	5.70	5.78	5.66	5.68	222751521	2154511872.00
20140917	5.69	5.71	5.62	5.65	116577448	1116528128.00
20140918	5.64	5.77	5.62	5.76	218993865	2119148544.00
20140919	5.75	5.89	5.74	5.84	286004782	2816151296.00
20140922	5.83	5.83	5.68	5.68	155546883	1505934080.00
20140923	5.68	5.73	5.67	5.69	88224150	850252160.00
20140924	5.68	5.80	5.66	5.78	152637326	1480725888.00
20140925	5.80	5.83	5.73	5.75	137216320	1340440576.00
20140926	5.73	5.77	5.70	5.75	80598327	781818048.00
20140929	5.77	5.82	5.75	5.78	121763013	1188241024.00
20140930	5.80	5.81	5.74	5.77	105093276	1023862464.00
20141008	5.80	5.84	5.76	5.84	142724444	1398725120.00
20141009	5.84	5.91	5.82	5.84	130968217	1293022464.00
20141010	5.81	5.89	5.79	5.83	133030186	1308626432.00
20141013	5.80	5.83	5.73	5.76	109831220	1069089792.00
20141014	5.75	5.82	5.73	5.75	84002904	818017664.00
20141015	5.75	5.84	5.70	5.80	133922265	1304901632.00
20141016	5.77	5.98	5.74	5.87	296366859	2936900096.00
20141017	5.87	5.95	5.77	5.84	161019857	1588282368.00
20141020	5.90	5.91	5.82	5.88	114718758	1133473920.00
20141021	5.87	5.89	5.78	5.80	105290636	1034461888.00
20141022	5.80	5.87	5.77	5.80	91092137	893481664.00
20141023	5.80	5.87	5.75	5.77	118416324	1159897472.00
20141024	5.79	5.80	5.71	5.73	108312657	1054022656.00
20141027	5.68	5.69	5.53	5.58	138929487	1323460352.00
20141028	5.60	5.68	5.60	5.66	101044054	965189376.00
20141029	5.68	5.77	5.65	5.74	161050635	1555123968.00
20141030	5.75	5.84	5.70	5.82	176780522	1722710656.00
20141031	5.87	6.22	5.84	6.09	491064711	4953082880.00
20141103	6.12	6.15	6.02	6.06	248371619	2525984256.00
20141104	6.09	6.09	5.96	6.00	163212641	1645394560.00
20141105	6.01	6.03	5.92	5.94	157561422	1578932480.00
20141106	5.96	5.98	5.91	5.97	101863094	1018619328.00
20141107	5.96	6.22	5.94	6.08	407114119	4155058176.00
20141110	6.32	6.52	6.24	6.33	489376864	5168943616.00
20141111	6.38	6.83	6.38	6.59	653738973	7163875328.00
20141112	6.54	6.70	6.47	6.68	271038574	2961655296.00
20141113	6.72	6.91	6.55	6.61	371263986	4115769344.00
20141114	6.57	6.63	6.47	6.58	198414346	2154897408.00
20141117	6.61	6.70	6.46	6.47	214519835	2329015808.00
20141118	6.47	6.51	6.25	6.26	254900899	2687326976.00
20141119	6.25	6.33	6.22	6.28	145326646	1518565376.00
20141120	6.26	6.41	6.21	6.35	162402495	1709647488.00
20141121	6.36	6.52	6.27	6.50	209997641	2234174976.00
20141124	6.35	6.64	6.26	6.55	474049927	5090821632.00
20141125	6.52	6.71	6.47	6.70	289490093	3159162368.00
20141126	6.82	6.95	6.72	6.87	452263345	5092828672.00
20141127	6.98	7.15	6.84	6.98	439738276	5062406656.00
20141128	7.02	7.68	6.98	7.63	832183256	9950390272.00
20141201	7.66	8.03	7.43	7.46	607270363	7590567424.00
20141202	7.37	8.10	7.37	7.96	589371031	7404591104.00
20141203	7.94	8.25	7.57	7.75	730561448	9380076544.00
20141204	7.75	8.26	7.61	8.24	720041669	9307945984.00
20141205	8.34	8.75	7.98	8.42	859647616	11553890304.00
20141208	8.32	8.77	8.19	8.61	703922500	9622363136.00
20141209	8.44	8.86	7.67	7.80	869193775	11788051456.00
20141210	7.84	8.22	7.50	8.16	620272395	7901267968.00
20141211	8.02	8.43	7.94	8.08	442571181	5847503360.00
20141212	8.08	8.31	7.89	8.03	310558743	4067040256.00
20141215	7.91	7.92	7.67	7.88	335025414	4232421888.00
20141216	7.84	8.26	7.80	8.25	438688005	5706439680.00
20141217	8.39	9.02	8.28	8.82	869703585	12037657600.00
20141218	8.90	8.98	8.54	8.67	499627853	7010663936.00
20141219	8.72	8.89	8.49	8.81	436244208	6099396096.00
20141222	8.87	9.59	8.84	9.22	683449513	10043569152.00
20141223	9.03	9.43	8.80	8.82	441578783	6398625280.00
20141224	8.82	8.89	8.26	8.37	417579539	5715187712.00
20141225	8.57	8.94	8.42	8.92	455721907	6359588352.00
20141226	8.96	9.33	8.88	9.29	466983121	6790353408.00
20141229	9.73	10.06	9.24	9.41	625216146	9556435968.00
20141230	9.41	9.80	9.33	9.70	443655559	6774519296.00
20141231	9.76	10.00	9.52	9.93	468832339	7271524864.00
20150105	10.06	10.32	9.84	10.19	513568709	8182820864.00
20150106	10.15	10.62	10.02	10.24	511684535	8311085056.00
20150107	10.08	10.26	9.82	10.01	385716820	6114241024.00
20150108	10.05	10.06	9.59	9.62	330627172	5101310464.00
20150109	9.59	10.32	9.52	9.75	491999937	7692348416.00
20150112	9.80	9.94	9.41	9.60	367787269	5625726976.00
20150113	9.54	9.73	9.52	9.57	178404956	2712026624.00
20150114	9.66	10.00	9.66	9.79	309018855	4812472320.00
20150115	9.79	10.25	9.72	10.23	329826800	5216166912.00
20150116	10.31	10.67	10.26	10.47	480245800	7938758144.00
20150119	9.71	9.96	9.32	9.32	623520880	9496942592.00
20150120	9.36	9.57	9.15	9.45	479215741	7142638592.00
20150121	9.52	10.05	9.31	9.96	487540369	7489943040.00
20150122	9.96	9.98	9.69	9.89	294738200	4592023040.00
20150123	9.96	10.17	9.82	9.89	320042992	5044685824.00
20150126	9.84	9.86	9.54	9.75	268566922	4122351616.00
20150127	9.75	9.75	9.27	9.45	351914010	5286301696.00
20150128	9.32	9.52	9.21	9.31	242203054	3592645120.00
20150129	9.15	9.22	8.97	9.04	266968083	3864614144.00
20150130	9.15	9.23	9.00	9.08	207865327	3021747712.00
20150202	8.79	8.93	8.74	8.77	211617677	2989272576.00
20150203	8.89	9.07	8.76	9.06	196263569	2792706816.00
20150204	9.10	9.16	8.83	8.87	167896219	2421384704.00
20150205	9.27	9.31	8.87	8.87	394332692	5742890496.00
20150206	8.81	8.97	8.71	8.81	186547522	2637144064.00
20150209	8.79	8.94	8.64	8.86	224585511	3155932160.00
20150210	8.85	9.08	8.80	9.05	183693513	2629916416.00
20150211	9.05	9.12	8.96	9.04	124127097	1789572992.00
20150212	9.04	9.05	8.82	8.99	148954152	2121808256.00
20150213	9.10	9.22	8.99	9.05	208366810	3023274240.00
20150216	9.05	9.07	8.93	9.03	139220024	1995677440.00
20150217	9.04	9.15	9.03	9.08	120665263	1747213056.00
20150225	9.08	9.10	8.87	8.94	140932583	2025174400.00
20150226	8.92	9.22	8.82	9.18	215013978	3104052224.00
20150227	9.17	9.31	9.08	9.12	195606870	2861206528.00
20150302	9.15	9.15	9.00	9.08	218763276	3159377664.00
20150303	9.05	9.05	8.73	8.75	266372415	3766071296.00
20150304	8.78	8.80	8.64	8.68	156595995	2183814656.00
20150305	8.63	8.63	8.40	8.45	226504580	3090569728.00
20150306	8.45	8.59	8.43	8.49	128036367	1750570368.00
20150309	8.61	9.24	8.47	9.10	434801476	6170955264.00
20150310	8.97	9.01	8.80	8.82	254844764	3623305472.00
20150311	8.87	9.14	8.87	8.92	215069722	3087509504.00
20150312	9.20	9.84	9.15	9.53	632781877	9512030208.00
20150313	9.58	10.01	9.50	9.65	440178379	6789040640.00
20150316	9.84	9.87	9.59	9.77	316116667	4867224576.00
20150317	9.87	9.92	9.70	9.82	309677645	4797833728.00
20150318	9.84	10.06	9.75	10.06	354655138	5558613504.00
20150319	10.06	10.07	9.85	9.89	316770912	4978776064.00
20150320	9.88	10.21	9.70	9.97	456531222	7180731392.00
20150323	10.02	10.17	9.98	10.08	357592740	5692416000.00
20150324	10.07	10.15	9.87	9.93	324657542	5114146816.00
20150325	9.87	9.95	9.55	9.61	331730332	5108990976.00
20150326	9.55	9.85	9.47	9.70	282340713	4326755840.00
20150327	9.67	9.83	9.57	9.70	218174978	3350088448.00
20150330	9.83	10.29	9.75	10.16	487442660	7735007744.00
20150331	10.48	10.55	9.96	10.00	494049254	7990395392.00
20150401	10.00	10.24	9.97	10.11	305878383	4868332032.00
20150402	10.36	10.41	10.05	10.27	410087652	6611462144.00
20150403	10.15	10.35	10.10	10.29	320361507	5171218944.00
20150407	10.50	10.75	10.46	10.64	502260203	8372655104.00
20150408	10.66	10.87	10.46	10.86	514816375	8633478144.00
20150409	10.88	11.18	10.70	10.75	497335458	8497436160.00
20150410	10.75	11.24	10.68	11.22	451543445	7772119552.00
20150413	11.54	11.88	11.28	11.57	581406595	10470524928.00
20150414	11.57	11.57	11.24	11.47	372837061	6640484864.00
20150415	11.40	11.86	11.34	11.52	449643905	8170773504.00
20150416	11.52	12.01	11.44	12.00	415984573	7577393152.00
20150417	12.21	12.28	11.87	11.96	490159321	9167363072.00
20150420	12.05	12.05	11.26	11.47	572435809	10446728192.00
20150421	11.37	11.68	11.37	11.66	368194681	6615540736.00
20150422	11.75	11.93	11.60	11.89	420766743	7712130560.00
20150423	11.89	11.99	11.62	11.70	363593631	6675542016.00
20150424	11.40	11.57	11.17	11.32	422927109	7509013504.00
20150427	11.35	11.72	11.35	11.66	384541412	6942247936.00
20150428	11.71	12.24	11.54	11.75	600053990	11100684288.00
20150429	11.73	12.01	11.59	11.91	358393731	6591915008.00
20150430	11.74	11.87	11.58	11.59	412760522	7523663360.00
20150504	11.54	11.54	11.26	11.41	258064565	4597699072.00
20150505	11.36	11.37	10.74	10.90	375386437	6483575808.00
20150506	10.90	11.20	10.82	10.89	303607877	5225100288.00
20150507	10.87	11.04	10.83	10.89	214390703	3674226176.00
20150508	10.98	11.05	10.72	10.92	184560000	3151167744.00
20150511	10.83	11.06	10.70	11.03	277153427	4711900672.00
20150512	11.02	11.12	10.87	11.01	219176341	3768388864.00
20150513	11.08	11.12	10.77	10.89	245244498	4198950144.00
20150514	10.91	11.02	10.80	10.84	192361949	3283133184.00
20150515	10.78	10.89	10.56	10.69	209597267	3526291456.00
20150518	10.58	10.68	10.38	10.41	187555204	3106379520.00
20150519	10.40	10.91	10.39	10.87	242251271	4080429312.00
20150520	10.87	11.19	10.82	10.95	265675717	4567803904.00
20150521	11.02	11.12	10.91	11.07	166403483	2873100288.00
20150522	11.17	11.40	11.08	11.38	248087543	4379120128.00
20150525	11.44	11.67	11.43	11.64	273874763	4942206976.00
20150526	11.70	11.86	11.48	11.82	301665297	5504873472.00
20150527	11.85	12.00	11.58	11.59	296942307	5444651008.00
20150528	11.61	11.64	10.85	10.87	334032210	5908534784.00
20150529	10.90	11.09	10.64	10.87	256087315	4370819072.00
20150601	10.87	11.60	10.75	11.50	286379255	5015007232.00
20150602	11.50	11.52	11.19	11.43	224935535	4001574400.00
20150603	11.47	11.58	11.22	11.47	244139688	4338757632.00
20150604	11.54	12.10	11.25	11.98	471864928	8635099136.00
20150605	12.24	12.36	11.56	11.84	362420155	6742854144.00
20150617	11.89	12.23	11.51	11.68	513118652	9419105280.00
20150618	11.61	11.72	11.29	11.35	278296731	4980064768.00
20150619	11.25	11.51	10.73	10.89	278090221	4894778880.00
20150623	10.99	11.44	10.84	11.39	297748888	4966949376.00
20150624	11.40	11.58	11.08	11.55	257825317	4364353024.00
20150625	11.79	11.89	11.13	11.17	271649032	4704733184.00
20150626	10.98	11.43	10.21	10.57	361776730	5893832704.00
20150629	10.88	11.05	9.84	10.61	420675691	6723070976.00
20150630	10.63	11.36	10.61	11.35	375411270	6204981760.00
20150701	11.24	11.33	10.81	10.90	250555997	4180149248.00
20150702	11.02	11.26	10.54	10.93	322264859	5297602560.00
20150703	10.95	11.12	10.05	10.58	312701072	5041249792.00
20150706	11.65	11.70	11.12	11.53	659421895	11195523072.00
20150707	11.33	11.95	11.00	11.77	713763502	12379047936.00
20150708	10.81	11.72	10.54	10.64	837950419	13833635840.00
20150709	10.64	11.65	10.24	11.34	545237273	8927542272.00
20150710	11.21	12.18	11.13	11.57	647768569	11376343040.00
20150713	11.37	11.71	11.24	11.40	372594650	6364720128.00
20150714	11.22	11.36	10.93	11.20	305725800	5111292928.00
20150715	11.16	11.47	11.03	11.42	348253550	5845359104.00
20150716	11.42	11.46	11.17	11.35	181402598	3069471232.00
20150717	11.40	11.51	11.29	11.39	195927578	3336786176.00
20150720	11.37	11.40	11.13	11.15	172918155	2908824576.00
20150721	11.08	11.18	10.88	10.94	156268261	2572676352.00
20150722	10.91	10.94	10.78	10.79	120352700	1956978816.00
20150723	10.84	11.03	10.80	10.98	114525468	1878869120.00
20150724	10.98	11.02	10.77	10.77	123609179	2016987520.00
20150727	10.67	10.74	9.86	9.91	225091581	3515372544.00
20150728	9.75	10.26	9.71	10.14	246095094	3717225984.00
20150729	10.13	10.19	10.06	10.18	135858697	2063868160.00
20150730	10.18	10.23	9.89	9.91	118921723	1807407744.00
20150731	9.95	10.09	9.73	10.02	234941266	3516273920.00
20150803	9.97	10.40	9.88	10.36	212367132	3246435584.00
20150804	10.31	10.44	10.24	10.41	85154364	1320993024.00
20150805	10.40	10.42	10.16	10.19	58185882	899150912.00
20150806	10.09	10.37	10.07	10.24	65377995	1007550208.00
20150807	10.38	10.42	10.25	10.30	65302258	1014250624.00
20150810	10.29	10.58	10.22	10.52	116938205	1823777024.00
20150811	10.47	10.50	10.33	10.37	105104123	1642256896.00
20150812	10.26	10.40	10.24	10.25	79184358	1225370368.00
20150813	10.30	10.37	10.18	10.29	74034209	1141661440.00
20150814	10.30	10.35	10.23	10.32	66356010	1025758720.00
20150817	10.26	10.26	10.13	10.20	120892083	1851641728.00
20150818	10.22	10.34	9.86	9.88	198445221	3032249600.00
20150819	9.88	10.09	9.63	9.98	199062097	2952584704.00
20150820	9.93	9.97	9.74	9.75	88124782	1309322496.00
20150821	9.70	9.79	9.42	9.43	123792817	1794884608.00
20150824	9.23	9.24	8.44	8.49	334859429	4407389696.00
20150825	8.26	8.63	7.81	8.15	289470686	3659079680.00
20150826	8.33	8.82	8.16	8.59	235214588	3028238592.00
20150827	8.69	9.34	8.56	9.26	212008806	2835655168.00
20150828	9.35	9.50	9.17	9.44	208950955	2942159360.00
20150831	9.42	9.96	9.25	9.95	202628515	2902670592.00
20150901	9.74	10.21	9.56	10.21	304904688	4572547072.00
20150902	9.91	10.23	9.78	9.90	255045273	3831534848.00
20150907	9.79	9.98	9.39	9.63	287948628	4206785536.00
20150908	9.64	10.09	9.43	10.02	330814193	4893450752.00
20150909	9.91	10.16	9.91	10.09	241917533	3653652224.00
20150910	10.02	10.16	9.95	10.15	205749026	3113081088.00
20150911	10.22	10.44	10.19	10.37	288708558	4469128192.00
20150914	10.33	10.64	9.93	10.63	183936607	2836987904.00
20150915	10.35	10.36	10.14	10.30	107602458	1658227584.00
20150916	10.19	10.53	10.00	10.28	74128982	1135218688.00
20150917	10.21	10.30	10.05	10.05	50848655	778452736.00
20150918	10.09	10.18	9.99	10.00	40899248	619915776.00
20150921	9.95	10.03	9.86	9.95	40488316	604841984.00
20150922	9.95	10.14	9.95	10.01	38673835	584644928.00
20150923	9.91	9.98	9.75	9.94	54580634	810914240.00
20150924	9.94	10.19	9.88	10.16	78862572	1192962816.00
20150925	10.08	10.41	10.08	10.39	136070895	2096781824.00
20150928	10.36	10.65	10.27	10.62	91425816	1436492544.00
20150929	10.53	10.67	10.44	10.65	114190253	1807681536.00
20150930	10.64	11.13	10.60	11.12	211038123	3452096768.00
20151008	11.23	11.23	10.56	10.58	140057148	2277284608.00
20151009	10.65	10.78	10.57	10.60	41525835	663144768.00
20151012	10.60	10.85	10.49	10.72	93633306	1497165824.00
20151013	10.66	10.75	10.57	10.65	54698799	873290880.00
20151014	10.54	10.74	10.54	10.60	44297812	706211840.00
20151026	10.70	11.07	10.70	10.87	101041055	1648964992.00
20151027	10.84	10.99	10.78	10.90	74933996	1223267200.00
20151028	10.86	11.05	10.74	10.89	74226285	1217460736.00
20151029	10.88	11.12	10.84	11.09	75760565	1251114496.00
20151030	11.02	11.15	10.94	10.95	45465414	750144832.00
20151102	10.88	11.04	10.83	10.96	38122791	625014464.00
20151103	10.95	11.21	10.93	11.00	60485065	1005503936.00
20151104	10.98	11.32	10.98	11.26	65053992	1086409856.00
20151105	11.27	12.12	11.20	11.87	231799691	4077390336.00
20151106	11.74	12.20	11.73	11.99	127594225	2277276160.00
20151109	12.02	12.91	11.99	12.18	157820058	2925510400.00
20151110	12.07	12.56	11.95	12.33	140427138	2575229696.00
20151111	12.36	12.42	11.72	11.88	92130221	1643831040.00
20151112	11.93	11.95	11.48	11.63	77790159	1353612928.00
20151113	11.51	11.79	11.48	11.78	73433156	1283306240.00
20151116	11.61	11.78	11.51	11.67	45144666	785563840.00
20151117	11.70	11.94	11.67	11.68	63539278	1119712512.00
20151118	11.70	11.85	11.54	11.65	57584578	1003785408.00
20151119	11.58	12.07	11.58	12.00	102543449	1821483136.00
20151120	11.94	12.51	11.92	12.40	148206210	2733449216.00
20151123	12.43	12.86	12.38	12.81	171203791	3235638528.00
20151124	12.70	12.86	12.49	12.81	129389144	2437634560.00
20151125	12.70	13.25	12.38	13.24	326524776	6295983616.00
20151126	13.12	13.26	12.91	13.03	214944239	4187889920.00
20151127	12.88	13.07	12.35	12.44	105608733	1999981184.00
20151130	12.38	12.64	11.79	12.53	97633827	1779188224.00
20151201	12.32	12.77	12.13	12.53	63430576	1179526400.00
20151202	12.43	13.47	12.41	13.37	153608076	2972239104.00
20151203	13.26	13.31	12.93	12.95	110346329	2147607040.00
20151204	12.96	12.96	12.56	12.57	70275848	1331588224.00
20151207	12.57	13.12	12.57	13.09	83346816	1592198400.00
20151208	12.97	13.56	12.64	13.54	239884949	4764109312.00
20151209	13.18	13.18	12.85	12.93	92049465	1776578432.00
20151210	13.01	13.39	12.85	12.96	57091310	1108934528.00
20151211	12.78	12.93	12.37	12.49	87066826	1630390272.00
20151214	12.29	12.51	12.09	12.39	70736958	1290712960.00
20151215	12.38	12.65	12.19	12.29	51685772	950672896.00
20151216	12.33	12.39	12.15	12.20	38700640	705621184.00
20151217	12.26	12.50	12.21	12.42	53304071	983362560.00
20151218	12.42	13.33	12.37	12.64	92211924	1753311872.00
20151221	12.63	13.05	12.45	12.87	82490082	1567681280.00
20151222	12.78	12.98	12.61	12.70	53122744	1006796480.00
20151223	12.71	12.86	12.50	12.69	66128171	1249610496.00
20151224	12.67	12.87	12.54	12.80	57171554	1083459072.00
20151225	12.79	13.11	12.72	13.00	55427897	1069153856.00
20151228	13.03	13.07	12.51	12.56	49980698	945164672.00
20151229	12.51	12.72	12.35	12.59	47288465	883333888.00
20151230	12.57	12.62	12.29	12.47	35687385	660326976.00
20151231	12.44	12.44	12.26	12.26	27936138	513758880.00
20160104	12.27	12.27	11.76	11.93	42240610	754425792.00
20160105	11.73	12.12	11.65	12.05	58054793	1034181504.00
20160106	12.00	12.17	11.86	12.14	46772653	838667392.00
20160107	11.93	12.00	11.65	11.73	11350479	199502704.00
20160108	11.89	11.99	11.31	11.72	71918296	1262105088.00
20160111	11.52	11.69	11.35	11.41	90177135	1550155904.00
20160112	11.49	11.74	11.43	11.69	55374454	964061504.00
20160113	11.77	12.00	11.62	11.65	47869312	843717376.00
20160114	11.37	12.07	11.30	12.02	54838833	966117824.00
20160115	11.93	12.18	11.74	11.78	46723139	836146432.00
20160118	11.67	12.07	11.60	11.85	32729006	583291584.00
20160119	11.92	11.99	11.72	11.91	29807159	527753184.00
20160120	11.80	11.86	11.43	11.55	35968636	623546944.00
20160121	11.53	11.70	11.02	11.08	34197115	582845504.00
20160122	11.26	11.45	11.02	11.39	42007318	708179264.00
20160125	11.37	11.49	11.18	11.40	23558971	400445056.00
20160126	11.35	11.47	10.95	11.14	38279766	643611776.00
20160127	11.20	11.36	11.03	11.15	44291307	742640768.00
20160128	11.21	11.25	10.59	11.08	38902180	643984192.00
20160129	11.04	11.41	10.96	11.30	47429000	799493376.00
20160201	11.37	11.37	10.96	11.02	29139596	485275136.00
20160202	11.02	11.33	11.00	11.21	25380981	425396896.00
20160203	11.09	11.14	10.99	11.10	27779183	459255616.00
20160204	11.26	11.60	11.12	11.58	47162860	799283776.00
20160205	11.54	12.35	11.48	12.34	78413454	1401156096.00
20160215	12.06	12.41	11.93	12.39	67296317	1221398400.00
20160311	11.73	11.74	11.10	11.35	98240322	1657158656.00
20160314	11.29	11.70	11.25	11.28	56922239	973317376.00
20160315	11.34	11.51	11.24	11.39	37540932	638223040.00
20160316	11.32	12.12	11.31	12.09	108404378	1924212608.00
20160317	11.94	12.21	11.69	11.86	68635812	1219236352.00
20160318	11.93	12.07	11.83	11.96	55987968	996332608.00
20160321	11.92	12.25	11.92	12.12	42001532	756966784.00
20160322	12.14	12.51	12.09	12.18	43760811	800814912.00
20160323	12.19	12.32	12.12	12.16	27830795	506023200.00
20160324	12.15	12.15	11.85	11.88	27448272	488313664.00
20160325	11.88	11.98	11.85	11.89	13619185	241971872.00
20160328	11.92	12.07	11.63	11.69	24521696	433449216.00
20160329	11.74	11.84	11.63	11.69	19151152	335806208.00
20160330	11.83	12.04	11.83	11.98	35562148	634175232.00
20160331	12.06	12.13	11.88	12.02	23762112	425380416.00
20160401	12.06	12.25	11.80	12.20	35790541	643979456.00
20160405	12.03	12.28	11.91	12.19	42622297	768010112.00
20160406	12.09	12.17	11.98	12.05	23428724	421234848.00
20160407	12.04	12.07	11.81	11.86	29047713	516129856.00
20160408	11.77	11.91	11.74	11.79	17132244	301704512.00
20160411	11.79	11.95	11.76	11.84	24117635	426862400.00
20160412	11.86	11.86	11.74	11.81	14100759	248002288.00
20160413	11.88	12.07	11.86	11.89	35189716	627667712.00
20160414	12.00	12.08	11.90	11.93	15796208	281977248.00
20160415	12.04	12.12	11.93	12.00	34773526	623836224.00
20160418	11.90	12.09	11.84	11.94	28084133	501790688.00
20160419	12.04	12.06	11.92	12.00	27246371	487095904.00
20160420	12.00	12.07	11.59	12.05	46614611	825437824.00
20160421	11.95	12.32	11.90	12.16	48212915	872382592.00
20160422	12.07	12.33	12.03	12.24	28178162	513194656.00
20160425	12.18	12.19	11.95	11.99	24294360	435467872.00
20160426	11.98	12.13	11.90	12.02	15739400	281501376.00
20160427	12.05	12.05	11.93	11.98	13838875	247622912.00
20160428	12.02	12.14	11.95	12.00	15728417	282201344.00
20160429	11.95	12.03	11.90	11.95	23065933	412460992.00
20160503	12.04	12.24	11.95	12.16	27776723	501830144.00
20160504	12.12	12.23	12.09	12.13	23118959	418592992.00
20160505	12.12	12.16	12.06	12.12	14936632	269576064.00
20160506	12.12	12.14	11.87	11.88	23406763	418454816.00
20160509	11.87	11.93	11.65	11.73	21947591	386423424.00
20160510	11.64	11.77	11.64	11.71	16846648	294675488.00
20160511	11.76	11.77	11.65	11.69	11941164	208655792.00
20160512	11.67	11.72	11.51	11.66	14668954	254410736.00
20160513	11.63	11.70	11.53	11.54	11013829	190929408.00
20160516	11.53	11.62	11.52	11.58	11045624	190872656.00
20160517	11.58	11.61	11.49	11.55	9765153	168387280.00
20160518	11.55	11.81	11.39	11.77	30962453	536935488.00
20160519	11.68	11.72	11.60	11.62	10380826	180686336.00
20160520	11.59	11.72	11.56	11.69	11140621	194223008.00
20160523	11.72	11.85	11.68	11.76	14080659	247441296.00
20160524	11.71	11.79	11.67	11.76	10725938	187905440.00
20160525	11.85	11.88	11.79	11.84	13766238	243549456.00
20160526	11.83	11.98	11.83	11.86	11065062	196266944.00
20160527	11.86	11.91	11.81	11.89	11621242	205801168.00
20160530	11.96	12.05	11.85	12.04	17538184	313324800.00
20160531	12.02	12.35	12.02	12.28	35631526	650177344.00
20160601	12.28	12.32	12.16	12.21	18312424	333790688.00
20160602	12.21	12.28	12.02	12.09	17786525	321768768.00
20160603	12.16	12.16	12.00	12.08	18003512	323746016.00
20160606	12.11	12.15	12.05	12.09	17856247	321865760.00
20160607	12.14	12.16	12.05	12.09	16533983	298145344.00
20160608	12.08	12.12	12.05	12.07	23758300	427741568.00
20160613	11.98	12.03	11.91	11.92	30051583	536281152.00
20160614	11.91	11.95	11.86	11.93	18773357	333449728.00
20160615	11.80	11.91	11.76	11.89	26332177	464557376.00
20160616	11.84	12.02	11.79	11.93	30871127	549171200.00
20160617	11.90	12.07	11.89	11.91	17412233	311113088.00
20160620	12.02	12.02	11.90	11.97	9681495	172507200.00
20160621	11.99	12.04	11.90	11.92	15852873	282663680.00
20160622	11.93	12.00	11.92	12.00	14227501	253800352.00
20160623	12.08	12.08	11.93	11.94	12882295	203560848.00
20160624	11.92	11.99	11.45	11.60	30575522	470756352.00
20160627	11.61	11.68	11.52	11.62	19163499	292488224.00
20160628	11.59	11.62	11.52	11.60	12559826	191346960.00
20160629	11.61	11.80	11.60	11.77	21253351	326320224.00
20160630	11.77	11.89	11.72	11.82	20735886	323223552.00
20160701	11.82	12.12	11.80	12.09	25106479	394802048.00
20160704	12.05	12.18	12.00	12.10	21411650	341120768.00
20160705	12.11	12.12	11.96	11.99	16171615	255727216.00
20160706	11.93	11.97	11.85	11.88	22976500	360070176.00
20160707	11.87	11.88	11.73	11.82	24498000	380536320.00
20160708	11.81	11.82	11.72	11.73	14901300	230568192.00
20160711	11.82	11.82	11.69	11.72	22852491	354003584.00
20160712	11.75	11.88	11.73	11.88	25545130	397267008.00
20160713	11.88	12.13	11.88	11.99	36238000	573546752.00
20160714	11.98	12.03	11.88	11.92	16883400	265364896.00
20160715	11.93	11.96	11.88	11.93	15998100	251152944.00
20160718	11.95	12.08	11.89	11.98	27766900	438169696.00
20160719	11.98	12.00	11.88	11.95	17179800	269908288.00
20160720	11.92	11.97	11.87	11.96	14866500	233284416.00
20160721	11.95	12.05	11.92	12.02	22020400	348156608.00
20160722	12.01	12.02	11.83	11.87	16711700	262066576.00
20160725	11.87	11.97	11.87	11.92	11441900	179598112.00
20160726	11.92	11.99	11.88	11.95	20462300	321598656.00
20160727	11.95	12.06	11.73	12.05	40697330	637937280.00
20160728	11.98	11.99	11.88	11.91	17451372	274345312.00
20160729	11.88	11.93	11.85	11.92	14348301	224747568.00
20160801	11.91	12.04	11.88	12.00	22909943	361191360.00
20160802	11.99	12.04	11.91	11.96	10877815	171311344.00
20160803	11.88	11.94	11.86	11.90	10583990	165699520.00
20160804	11.92	11.92	11.76	11.84	15610498	243122624.00
20160805	11.85	12.00	11.84	11.95	17648517	277447200.00
20160808	11.97	11.97	11.89	11.95	13129367	206333088.00
20160809	11.96	12.00	11.93	11.99	15480800	243949584.00
20160810	12.00	12.04	11.95	12.02	18499500	292534464.00
20160811	11.96	12.46	11.95	12.21	52689421	852413120.00
20160812	12.25	12.45	12.15	12.43	46991632	763634368.00
20160815	12.54	12.94	12.50	12.88	77333862	1299618432.00
20160816	12.88	12.92	12.67	12.69	49384036	829743488.00
20160817	12.71	12.81	12.55	12.65	36446597	606581248.00
20160818	12.58	12.75	12.42	12.49	37110139	612294400.00
20160819	12.48	12.54	12.43	12.48	19927300	327521632.00
20160822	12.48	12.52	12.39	12.47	19768630	324280096.00
20160823	12.47	12.58	12.40	12.46	31754300	521794944.00
20160824	12.47	12.55	12.42	12.45	17085400	280402624.00
20160825	12.43	12.47	12.31	12.42	24749915	403472224.00
20160826	12.43	12.46	12.38	12.42	14688056	240035888.00
20160829	12.39	12.44	12.22	12.33	30202023	489414016.00
20160830	12.34	12.53	12.34	12.46	36396993	597418048.00
20160831	12.42	12.58	12.40	12.52	22003438	362526016.00
20160901	12.52	12.58	12.45	12.47	21272047	349934560.00
20160902	12.45	12.54	12.42	12.52	23147001	380418560.00
20160905	12.53	12.60	12.48	12.53	25677035	423399296.00
20160906	12.53	12.56	12.44	12.47	20282647	333206432.00
20160907	12.47	12.54	12.42	12.52	17975558	295519904.00
20160908	12.52	12.62	12.48	12.62	24406900	403801792.00
20160909	12.63	12.66	12.54	12.58	18739471	310623904.00
20160912	12.45	12.52	12.35	12.46	36509177	597895488.00
20160913	12.46	12.51	12.45	12.50	14234378	233969072.00
20160914	12.48	12.52	12.45	12.46	23981413	393967808.00
20160919	12.50	12.55	12.48	12.51	14465955	238091120.00
20160920	12.52	12.52	12.48	12.51	17396811	286078656.00
20160921	12.52	12.55	12.48	12.50	9416102	154918240.00
20160922	12.53	12.61	12.52	12.56	11527832	190442432.00
20160923	12.58	12.58	12.52	12.52	10200460	168270144.00
20160926	12.50	12.59	12.47	12.52	20769186	342748704.00
20160927	12.48	12.55	12.48	12.52	17025470	280852896.00
20160928	12.52	12.56	12.51	12.52	12841990	211844624.00
20160929	12.55	12.58	12.53	12.54	10997408	181620112.00
20160930	12.54	12.56	12.52	12.53	12190268	201085200.00
20161010	12.56	12.62	12.52	12.58	18666854	308450240.00
20161011	12.59	12.60	12.54	12.59	12690366	209785536.00
20161012	12.57	12.57	12.52	12.55	10643884	175594208.00
20161013	12.55	12.55	12.48	12.48	14504356	238973136.00
20161014	12.48	12.52	12.45	12.51	10660114	175020224.00
20161017	12.47	12.49	12.32	12.36	16424904	268130864.00
20161018	12.37	12.45	12.34	12.42	18251833	298064128.00
20161019	12.42	12.45	12.34	12.36	11143167	181631904.00
20161020	12.36	12.42	12.35	12.38	8985794	146255312.00
20161021	12.38	12.42	12.32	12.38	10884798	177155056.00
20161024	12.38	12.60	12.36	12.52	24757241	406980672.00
20161025	12.52	12.54	12.43	12.48	13309321	218721456.00
20161026	12.46	12.48	12.38	12.40	12436805	203174016.00
20161027	12.38	12.39	12.29	12.30	19517454	316513312.00
20161028	12.30	12.42	12.29	12.38	15067204	244739680.00
20161031	12.33	12.39	12.16	12.36	14673298	237635072.00
20161101	12.35	12.41	12.32	12.38	13028200	212179104.00
20161102	12.32	12.38	12.29	12.31	25051100	406667264.00
20161103	12.30	12.45	12.30	12.42	25864110	421412544.00
20161104	12.38	12.56	12.38	12.46	21516400	353348704.00
20161107	12.45	12.50	12.45	12.48	21351658	350381728.00
20161108	12.50	12.57	12.49	12.52	17307155	285419776.00
20161109	12.52	12.56	12.43	12.51	39826582	655055488.00
20161110	12.58	12.65	12.52	12.59	20484554	339602784.00
20161111	12.58	12.64	12.50	12.61	21539188	356740640.00
20161114	12.56	12.69	12.55	12.62	18124496	301208000.00
20161115	12.61	12.62	12.54	12.61	15714142	260648304.00
20161116	12.61	12.64	12.57	12.62	12395500	205688800.00
20161117	12.60	12.64	12.55	12.62	22718500	376599264.00
20161118	12.61	12.65	12.58	12.62	29274300	485488352.00
20161121	12.61	12.72	12.57	12.65	21432400	356612256.00
20161122	12.67	12.71	12.64	12.68	21080968	351666624.00
20161123	12.68	13.10	12.66	12.87	45036427	765689728.00
20161124	12.87	13.02	12.82	12.84	21043100	356783616.00
20161125	12.84	13.00	12.78	12.99	23335200	396231872.00
20161128	13.04	13.30	13.04	13.08	33835200	584558208.00
20161129	13.08	13.19	13.01	13.12	29530000	509203648.00
20161130	13.14	13.27	13.00	13.05	20135000	346784512.00
20161201	13.04	13.13	12.96	13.04	18449219	316391200.00
20161202	13.00	13.06	12.77	13.00	33895875	576329856.00
20161205	12.88	13.17	12.85	13.15	38201300	655302784.00
20161206	13.14	13.25	13.08	13.09	20948000	362989440.00
20161207	13.05	13.08	12.97	12.98	15550700	265825552.00
20161208	13.04	13.08	12.95	13.03	13234500	226759232.00
20161209	13.03	13.28	13.02	13.18	28835600	500164640.00
20161212	13.18	13.36	13.07	13.30	48359554	841905152.00
20161213	13.20	13.26	13.05	13.05	15602869	270112448.00
20161214	13.05	13.25	13.02	13.06	17860552	309185664.00
20161215	13.02	13.02	12.69	12.69	30809613	517398944.00
20161216	12.69	12.79	12.64	12.66	14531366	242842112.00
20161219	12.65	12.69	12.55	12.55	8483493	140430896.00
20161220	12.55	12.58	12.25	12.37	22525817	366213568.00
20161221	12.35	12.44	12.35	12.40	12638809	206022864.00
20161222	12.40	12.41	12.26	12.30	11499190	186428624.00
20161223	12.28	12.32	12.21	12.30	11187906	180365984.00
20161226	12.25	12.37	12.16	12.35	14482456	233999584.00
20161227	12.35	12.40	12.25	12.26	10665824	172900192.00
20161228	12.26	12.30	12.18	12.22	14441526	232406672.00
20161229	12.22	12.27	12.15	12.21	11851300	190400016.00
20161230	12.21	12.33	12.18	12.32	12262100	197653920.00
20170103	12.32	12.49	12.28	12.38	16237125	265043264.00
20170104	12.38	12.42	12.29	12.41	29658734	482612224.00
20170105	12.38	12.45	12.34	12.38	26437646	431449120.00
20170106	12.38	12.38	12.25	12.29	17195598	278864544.00
20170109	12.34	12.38	12.25	12.31	14908745	241579600.00
20170110	12.29	12.34	12.26	12.30	7996756	129458360.00
20170111	12.34	12.34	12.27	12.28	9193332	148793824.00
20170112	12.29	12.31	12.24	12.25	8296150	134057680.00
20170113	12.23	12.38	12.23	12.36	19034143	308468960.00
20170116	12.33	12.62	12.23	12.58	53304724	876414528.00
20170117	12.51	12.57	12.44	12.46	12555292	206230544.00
20170118	12.48	12.58	12.43	12.52	11478663	189191360.00
20170119	12.48	12.65	12.48	12.57	12180687	201675872.00
20170120	12.60	12.66	12.54	12.62	14288268	236958624.00
20170123	12.66	12.68	12.55	12.59	14616540	242945920.00
20170124	12.60	12.69	12.60	12.68	14985241	249503392.00
20170125	12.68	12.72	12.62	12.68	11284869	188172528.00
20170126	12.68	12.80	12.62	12.72	8602907	144343264.00
20170203	12.78	12.81	12.63	12.64	8174289	136532944.00
20170206	12.73	12.75	12.66	12.66	13455850	225037392.00
20170207	12.65	12.72	12.64	12.67	14759284	246037888.00
20170208	12.64	12.68	12.57	12.67	11238867	186815184.00
20170209	12.68	12.75	12.61	12.71	11393034	190339360.00
20170210	12.74	12.80	12.69	12.75	13985262	234489136.00
20170213	12.83	12.85	12.75	12.81	19992872	336932192.00
20170214	12.82	12.83	12.72	12.73	12987235	217924160.00
20170215	12.78	12.87	12.73	12.80	25688032	433573952.00
20170216	12.83	12.85	12.74	12.75	16327832	274241728.00
20170217	12.75	12.78	12.61	12.65	13863642	231623680.00
20170220	12.63	12.91	12.63	12.85	29949900	503858496.00
20170221	12.83	12.98	12.78	12.83	17509118	296489056.00
20170222	12.83	12.85	12.72	12.73	17032277	285870624.00
20170223	12.75	12.79	12.65	12.68	15011148	250909248.00
20170224	12.67	12.73	12.66	12.70	11594900	193610640.00
20170227	12.68	12.71	12.56	12.61	13732200	228302048.00
20170228	12.60	12.67	12.56	12.61	12097943	200661664.00
20170301	12.60	12.63	12.55	12.58	16226984	268840224.00
20170302	12.63	12.63	12.45	12.47	18996632	312626400.00
20170303	12.48	12.48	12.40	12.42	12429467	203315664.00
20170306	12.44	12.56	12.42	12.47	15703751	258165904.00
20170307	12.45	12.50	12.44	12.48	9319800	152969168.00
20170308	12.46	12.49	12.42	12.45	10109647	165715072.00
20170309	12.44	12.46	12.32	12.32	17366025	282644704.00
20170310	12.33	12.37	12.28	12.33	16396375	265663456.00
20170313	12.33	12.42	12.28	12.42	17950147	291999360.00
20170314	12.42	12.42	12.34	12.35	16988979	276642688.00
20170315	12.34	12.37	12.28	12.34	18900324	306176000.00
20170316	12.36	12.42	12.35	12.38	19036545	310417984.00
20170317	12.38	12.40	12.26	12.31	21560354	350179456.00
20170320	12.34	12.35	12.25	12.26	15017800	242775936.00
20170321	12.27	12.28	12.14	12.15	31124600	499206656.00
20170322	12.14	12.14	11.92	11.98	43811429	691677888.00
20170323	12.00	12.09	11.99	12.06	22225660	352635968.00
20170324	12.04	12.15	12.02	12.12	19902000	316984960.00
20170327	12.13	12.25	12.08	12.18	18997369	304990144.00
20170328	12.24	12.25	12.13	12.16	13212969	211750768.00
20170329	12.16	12.24	12.00	12.05	23446792	372794464.00
20170330	12.06	12.08	11.94	12.01	23645144	373665120.00
20170331	11.98	12.19	11.98	12.16	24187120	385793408.00
20170405	12.19	12.31	12.07	12.28	31036271	499121568.00
20170406	12.22	12.29	12.18	12.23	22335442	359361856.00
20170407	12.20	12.28	12.17	12.23	20126948	323821632.00
20170410	12.25	12.25	12.11	12.13	16154024	258662672.00
20170411	12.13	12.15	12.01	12.07	18611300	295381664.00
20170412	12.06	12.12	11.96	12.07	22210500	352357728.00
20170413	12.06	12.07	11.95	11.96	23426650	369388224.00
20170414	11.97	11.98	11.71	11.78	40156553	625510656.00
20170417	11.79	11.85	11.62	11.82	36739448	566536768.00
20170418	11.77	11.78	11.62	11.62	22889980	351624608.00
20170419	11.58	11.59	11.47	11.47	24455407	371021504.00
20170420	11.48	11.49	11.31	11.32	41061406	614436352.00
20170421	11.32	11.44	11.27	11.42	22688358	340453120.00
20170424	11.42	11.47	11.32	11.38	17627800	264649936.00
20170425	11.40	11.46	11.38	11.42	12975900	195296864.00
20170426	11.43	11.47	11.38	11.42	14939800	225022672.00
20170427	11.42	11.58	11.41	11.55	22887600	345791520.00
20170428	11.50	11.55	11.45	11.55	15718509	238419168.00
20170502	11.55	11.55	11.48	11.51	12607509	191225520.00
20170503	11.51	11.51	11.42	11.45	14247943	215130848.00
20170504	11.44	11.44	11.31	11.37	19477700	291839744.00
20170505	11.35	11.37	11.02	11.32	40194500	592160192.00
20170508	11.22	11.31	11.01	11.28	43568500	638780992.00
20170509	11.15	11.26	11.12	11.20	19225400	283864640.00
20170510	11.20	11.27	11.04	11.08	28359400	418201408.00
20170511	11.05	11.22	11.04	11.19	27312900	400313952.00
20170512	11.19	11.56	11.18	11.55	45733426	687468480.00
20170515	11.59	11.72	11.51	11.59	29965820	458298656.00
20170516	11.56	11.61	11.45	11.59	24875396	377908576.00
20170517	11.57	11.58	11.44	11.55	33434411	505883680.00
20170518	11.46	11.49	11.35	11.39	30657900	460669376.00
20170519	11.42	11.45	11.32	11.40	28610626	428236192.00
20170522	11.40	11.43	11.33	11.42	30227245	453230624.00
20170523	11.38	11.82	11.37	11.72	75400400	1154524416.00
20170524	11.68	11.78	11.55	11.75	70439000	1081377024.00
20170525	11.75	12.93	11.72	12.93	222373400	2803027200.00
20170526	12.81	12.91	12.54	12.84	176456600	2246593280.00
20170531	12.75	13.05	12.66	12.84	113009809	1450286592.00
20170601	12.78	12.97	12.69	12.92	96217055	1235216000.00
20170602	12.93	13.01	12.74	12.89	80197701	1034450240.00
20170605	12.79	12.88	12.51	12.85	75876475	963227264.00
20170606	12.80	12.84	12.66	12.80	36104406	460469440.00
20170607	12.81	12.99	12.78	12.84	64395191	827766592.00
20170608	12.76	12.86	12.67	12.84	48194843	615876288.00
20170609	12.79	13.20	12.77	12.93	114434319	1489264512.00
20170612	12.90	13.14	12.76	12.78	73931100	955965952.00
20170613	12.78	12.78	12.56	12.59	52716070	665205824.00
20170614	12.60	12.64	12.31	12.46	55306982	687620416.00
20170615	12.41	12.46	12.28	12.38	37492860	462612608.00
20170616	12.38	12.46	12.27	12.35	47351062	586081472.00
20170619	12.36	12.43	12.30	12.40	32941278	407834848.00
20170620	12.41	12.44	12.22	12.29	44645196	548932352.00
20170621	12.40	12.40	12.26	12.34	34000062	418820224.00
20170622	12.33	12.84	12.29	12.57	110259441	1392278656.00
20170623	12.55	12.65	12.36	12.64	68579079	858095936.00
20170626	12.64	12.82	12.55	12.64	60509162	766551232.00
20170627	12.64	12.73	12.53	12.70	46687475	589020032.00
20170628	12.66	12.91	12.60	12.79	75349557	963202816.00
20170629	12.81	12.86	12.70	12.76	38994542	497489984.00
20170630	12.70	12.73	12.59	12.65	36566479	462244032.00
20170703	12.64	12.65	12.47	12.56	38778949	486264672.00
20170704	12.55	12.58	12.41	12.55	36659128	458434432.00
20170705	12.50	12.65	12.47	12.62	26470507	332542464.00
20170706	12.62	12.72	12.51	12.66	37414241	471582080.00
20170707	12.62	12.69	12.55	12.60	24667294	311101536.00
20170710	12.59	12.64	12.52	12.53	26411530	331940512.00
20170711	12.51	12.94	12.51	12.80	96835349	1238626560.00
数据来源:通达信
