600026 中远海能 日线 前复权
      日期	    开盘	    最高	    最低	    收盘	    成交量	    成交额
20111010	6.40	6.46	6.37	6.43	1810138	12377775.00
20111011	6.65	6.65	6.42	6.56	3105832	21640190.00
20111012	6.53	6.87	6.48	6.80	8556842	61512848.00
20111013	6.76	7.00	6.75	6.99	10227102	74895424.00
20111014	6.94	6.94	6.77	6.84	6451926	46809368.00
20111017	6.83	6.90	6.73	6.79	5011128	36191884.00
20111018	6.73	6.75	6.57	6.58	4740326	33542308.00
20111019	6.59	6.69	6.53	6.58	2999063	21093204.00
20111020	6.55	6.60	6.36	6.42	3868778	26537656.00
20111021	6.41	6.52	6.38	6.45	2645988	18162250.00
20111024	6.47	6.72	6.42	6.70	4936012	34559288.00
20111025	6.70	6.85	6.58	6.78	6734234	48287912.00
20111026	6.76	6.88	6.70	6.78	6816059	49195564.00
20111027	6.80	6.91	6.76	6.78	5199532	37693300.00
20111028	6.85	7.03	6.85	6.94	11430925	84231328.00
20111031	6.94	6.98	6.79	6.91	6115275	44644016.00
20111101	6.83	6.98	6.75	6.87	8801800	63710204.00
20111102	6.75	6.93	6.66	6.91	6509134	46810996.00
20111103	6.92	7.10	6.86	7.00	13762435	101835648.00
20111104	7.00	7.04	6.92	6.98	8953309	66294024.00
20111107	6.93	7.00	6.87	6.89	4385720	32187328.00
20111108	6.89	6.94	6.81	6.83	3378089	24652362.00
20111109	6.83	6.97	6.81	6.97	5596606	41005020.00
20111110	6.88	6.90	6.75	6.76	6040143	43762332.00
20111111	6.76	6.81	6.72	6.75	2472979	17780184.00
20111114	6.80	6.89	6.77	6.86	3730501	27101384.00
20111115	6.84	6.87	6.80	6.86	3863197	28060644.00
20111116	6.86	6.86	6.59	6.65	4347856	31058932.00
20111117	6.65	6.68	6.55	6.56	3546396	24941218.00
20111118	6.55	6.65	6.44	6.52	4254259	29588092.00
20111121	6.56	6.57	6.49	6.56	1471717	10228061.00
20111122	6.51	6.62	6.49	6.58	2053617	14329540.00
20111123	6.60	6.62	6.40	6.43	2396288	16570799.00
20111124	6.38	6.51	6.36	6.49	1686235	11521480.00
20111125	6.45	6.49	6.39	6.45	1424957	9763608.00
20111128	6.45	6.45	6.34	6.42	2817317	19173254.00
20111129	6.44	6.52	6.40	6.49	2399009	16522676.00
20111130	6.46	6.50	6.09	6.11	4897878	32650052.00
20111201	6.26	6.33	6.17	6.25	4218523	28197560.00
20111202	6.25	6.26	6.13	6.14	2357328	15545251.00
20111205	6.14	6.14	6.02	6.07	3174550	20602820.00
20111206	6.08	6.11	6.03	6.09	2164389	14057286.00
20111207	6.11	6.15	6.05	6.14	1721877	11255181.00
20111208	6.13	6.25	6.07	6.17	1823378	11974666.00
20111209	6.12	6.17	6.07	6.12	1314674	8571772.00
20111212	6.09	6.16	6.05	6.13	1236612	8067069.00
20111213	6.12	6.17	5.98	6.10	2749672	17860132.00
20111214	6.09	6.09	5.95	5.98	1574919	10152800.00
20111215	5.92	5.97	5.68	5.70	2669011	16685380.00
20111216	5.71	5.79	5.58	5.77	3035401	18516768.00
20111219	5.69	5.74	5.58	5.71	1968885	11936215.00
20111220	5.68	5.76	5.67	5.69	1758775	10788647.00
20111221	5.76	5.78	5.60	5.61	1899400	11660412.00
20111222	5.63	5.65	5.41	5.53	2390906	14195316.00
20111223	5.49	5.64	5.49	5.55	1301213	7796926.00
20111226	5.56	5.62	5.47	5.49	1497797	8927160.00
20111227	5.52	5.54	5.38	5.39	1945000	11410448.00
20111228	5.41	5.44	5.31	5.43	2058408	11940390.00
20111229	5.42	5.47	5.39	5.44	1425211	8349552.00
20111230	5.44	5.50	5.43	5.50	1336934	7879224.00
20120104	5.53	5.54	5.38	5.39	1636998	9645263.00
20120105	5.37	5.43	5.28	5.31	2244145	12921186.00
20120106	5.30	5.37	5.24	5.36	1623060	9289920.00
20120109	5.37	5.51	5.31	5.49	5919731	34690040.00
20120110	5.47	5.71	5.47	5.69	7759736	46704076.00
20120111	5.69	5.70	5.63	5.64	3731851	22687776.00
20120112	5.63	5.68	5.58	5.64	3897565	23593516.00
20120113	5.64	5.66	5.41	5.42	3718534	22007586.00
20120117	5.35	6.00	5.33	6.00	13301741	82903408.00
20120118	6.08	6.18	5.75	5.80	12340292	79318664.00
20120119	5.75	5.87	5.72	5.79	8152036	50454592.00
20120120	5.79	6.03	5.72	5.89	6657933	41910128.00
20120130	5.89	5.93	5.75	5.78	3498238	21827784.00
20120131	5.75	5.97	5.75	5.81	3092024	19279236.00
20120201	5.80	5.91	5.76	5.79	2968333	18556384.00
20120202	5.81	5.88	5.75	5.88	3452437	21609298.00
20120203	5.86	5.98	5.82	5.93	4640291	29328084.00
20120206	5.95	5.98	5.86	5.89	3849505	24402826.00
20120207	5.87	5.90	5.76	5.78	2450872	15294389.00
20120208	5.77	5.92	5.76	5.90	4940466	30902120.00
20120209	5.89	5.98	5.87	5.92	6534771	41484096.00
20120210	5.91	6.03	5.90	5.95	5666766	36201152.00
20120213	5.88	5.98	5.87	5.92	3261242	20676196.00
20120214	5.93	5.97	5.85	5.87	3977345	25103580.00
20120215	5.85	6.38	5.83	6.11	14035374	91856384.00
20120216	6.05	6.11	5.96	6.01	6485516	41809312.00
20120217	6.06	6.10	5.96	6.03	3042046	19634468.00
20120220	6.10	6.13	6.03	6.04	4206392	27277112.00
20120221	6.07	6.08	5.95	6.04	2697873	17348680.00
20120222	6.04	6.13	6.02	6.11	5448317	35461400.00
20120223	6.12	6.26	6.09	6.13	6691051	44091672.00
20120224	6.10	6.22	6.09	6.21	7875390	51823816.00
20120227	6.23	6.37	6.19	6.25	14085798	94653160.00
20120228	6.28	6.44	6.26	6.34	14882311	100744416.00
20120229	6.28	6.30	6.18	6.19	6325359	42127944.00
20120301	6.16	6.35	6.14	6.25	6032022	40192512.00
20120302	6.25	6.32	6.24	6.29	5932266	39771516.00
20120305	6.31	6.36	6.21	6.23	6623658	44380480.00
20120306	6.23	6.24	6.06	6.10	5380323	35150308.00
20120307	6.05	6.10	6.01	6.03	4761347	30807560.00
20120308	6.06	6.16	6.05	6.11	4564835	29813076.00
20120309	6.13	6.22	6.08	6.17	5001451	32877336.00
20120312	6.13	6.22	6.10	6.13	3500755	22992124.00
20120313	6.16	6.21	6.13	6.20	3822790	25241564.00
20120314	6.24	6.29	5.87	5.94	9586113	62895040.00
20120315	5.92	5.98	5.82	5.86	5389077	33977032.00
20120316	5.85	5.95	5.83	5.92	3604825	22734714.00
20120319	5.91	5.99	5.86	5.98	5315243	33741432.00
20120320	5.94	5.95	5.84	5.87	4407598	27826096.00
20120321	5.90	6.03	5.87	5.95	4027136	25657596.00
20120322	5.91	5.95	5.87	5.90	2649609	16747400.00
20120323	5.88	5.90	5.75	5.82	2766947	17255716.00
20120326	5.81	5.84	5.75	5.79	1468750	9109920.00
20120327	5.82	5.83	5.75	5.76	2465826	15311388.00
20120328	5.74	5.79	5.56	5.58	4360841	26712792.00
20120329	5.56	5.59	5.43	5.48	3891827	23065818.00
20120330	5.48	5.52	5.45	5.50	1529056	9029349.00
20120405	5.50	5.78	5.50	5.68	4816006	29124164.00
20120406	5.65	5.71	5.58	5.65	2999032	18178772.00
20120409	5.63	5.64	5.56	5.57	1703035	10238623.00
20120410	5.58	5.68	5.49	5.66	2471302	14806626.00
20120411	5.56	5.68	5.52	5.59	4467639	26846830.00
20120412	5.54	5.66	5.53	5.66	5901440	35482000.00
20120413	5.64	5.75	5.63	5.74	6458957	39508708.00
20120416	5.71	5.75	5.64	5.71	3927151	23961120.00
20120417	5.72	5.73	5.62	5.63	2378612	14454274.00
20120418	5.67	5.77	5.63	5.75	4205806	25803194.00
20120419	5.71	5.79	5.71	5.77	6720042	41413752.00
20120420	5.78	5.85	5.72	5.85	8323128	51677628.00
20120423	5.83	5.84	5.72	5.76	4748290	29398650.00
20120424	5.74	5.87	5.56	5.71	8337751	51026300.00
20120425	5.68	5.79	5.62	5.77	6673137	40877760.00
20120426	5.75	5.78	5.67	5.68	6131369	37535688.00
20120427	5.68	5.69	5.61	5.65	3559464	21593280.00
20120502	5.72	5.75	5.63	5.72	8432399	51472336.00
20120503	5.69	5.78	5.65	5.77	6981742	42838512.00
20120504	5.74	5.93	5.74	5.90	11441074	71613088.00
20120507	5.85	5.92	5.76	5.79	8426463	52624496.00
20120508	5.81	5.85	5.76	5.80	5812292	36128388.00
20120509	5.75	5.77	5.64	5.65	5075163	31006308.00
20120510	5.67	5.71	5.63	5.64	3255000	19781478.00
20120511	5.63	5.67	5.60	5.64	2436720	14723912.00
20120514	5.66	5.68	5.56	5.57	3274680	19777270.00
20120515	5.51	5.56	5.46	5.55	4230626	25062720.00
20120516	5.52	5.53	5.44	5.44	3235804	19093666.00
20120518	5.50	5.62	5.48	5.51	4889325	29117338.00
20120521	5.48	5.53	5.40	5.48	2587642	15220247.00
20120522	5.51	5.51	5.47	5.51	2005626	11856639.00
20120523	5.49	5.51	5.43	5.45	1991352	11710588.00
20120524	5.45	5.47	5.40	5.43	1940501	11361322.00
20120525	5.43	5.47	5.39	5.41	1507035	8794869.00
20120528	5.43	5.49	5.36	5.48	2874395	16772912.00
20120529	5.48	5.66	5.45	5.59	5550732	33233844.00
20120530	5.55	5.58	5.50	5.56	2755910	16446692.00
20120531	5.52	5.64	5.52	5.57	3276105	19688372.00
20120601	5.62	5.71	5.53	5.55	3857149	22921104.00
20120604	5.49	5.51	5.39	5.39	3444740	19874674.00
20120605	5.39	5.45	5.37	5.40	2463864	14099184.00
20120606	5.40	5.42	5.34	5.36	2088873	11902268.00
20120607	5.40	5.42	5.26	5.31	2625842	14894106.00
20120608	5.34	5.36	5.22	5.24	3158464	17656528.00
20120611	5.27	5.34	5.22	5.28	3555771	19915174.00
20120612	5.24	5.25	5.08	5.12	5142939	28197076.00
20120613	5.15	5.22	5.11	5.19	3242850	17785342.00
20120614	5.18	5.20	5.10	5.16	2964519	16223718.00
20120615	5.18	5.18	5.07	5.16	3489415	19015252.00
20120618	5.17	5.22	5.16	5.20	2803354	15443125.00
20120619	5.18	5.20	5.15	5.16	1733706	9518595.00
20120621	5.16	5.16	5.05	5.06	2819319	15227073.00
20120625	5.06	5.12	4.99	5.00	3012048	16255333.00
20120626	5.00	5.05	4.92	5.00	2635858	13941895.00
20120627	4.98	5.02	4.92	4.95	2938287	15526121.00
20120628	4.96	4.98	4.79	4.80	4508506	23335456.00
20120629	4.78	4.80	4.64	4.73	8118024	40910652.00
20120702	4.75	4.77	4.66	4.71	4826827	24286254.00
20120703	4.70	4.90	4.69	4.80	5774512	29562906.00
20120704	4.78	4.82	4.71	4.78	3444409	17485272.00
20120705	4.77	4.77	4.63	4.66	3152822	15755727.00
20120706	4.68	4.75	4.58	4.72	3532511	17606506.00
20120709	4.67	4.71	4.55	4.57	2907995	14391646.00
20120710	4.57	4.60	4.50	4.55	2872265	13955689.00
20120711	4.54	4.62	4.51	4.56	4478264	21849556.00
20120712	4.56	4.61	4.48	4.58	3702951	18005472.00
20120713	4.56	4.62	4.48	4.50	5555544	27005588.00
20120716	4.51	4.51	4.28	4.28	4514330	21155648.00
20120717	4.27	4.37	4.23	4.33	2186863	10131176.00
20120718	4.33	4.41	4.20	4.39	2666368	12399091.00
20120719	4.35	4.49	4.34	4.45	3831815	18238534.00
20120720	4.42	4.44	4.30	4.33	4484380	20995016.00
20120723	4.30	4.30	4.22	4.27	2174668	9953220.00
20120724	4.26	4.33	4.23	4.30	2413941	11112712.00
20120725	4.28	4.31	4.24	4.25	1875502	8624045.00
20120726	4.25	4.30	4.21	4.22	2162601	9901562.00
20120727	4.29	4.29	4.22	4.24	1843420	8437984.00
20120730	4.25	4.27	4.18	4.19	2831126	12832309.00
20120731	4.20	4.20	4.08	4.13	2251079	10016836.00
20120801	4.13	4.28	4.10	4.24	3757475	17073400.00
20120802	4.23	4.30	4.22	4.24	2875676	13190687.00
20120803	4.25	4.29	4.21	4.28	1992765	9117824.00
20120806	4.27	4.47	4.23	4.41	4370726	20441212.00
20120807	4.37	4.48	4.36	4.42	3584543	17011102.00
20120808	4.41	4.45	4.36	4.38	2366902	11172224.00
20120809	4.39	4.47	4.35	4.45	3059020	14486166.00
20120810	4.46	4.47	4.42	4.44	2120404	10087623.00
20120813	4.42	4.43	4.29	4.31	2153158	10107858.00
20120814	4.28	4.33	4.21	4.24	5580882	25521536.00
20120815	4.23	4.25	4.16	4.18	2890253	13064636.00
20120816	4.19	4.22	4.16	4.20	1670357	7535137.00
20120817	4.18	4.22	4.16	4.21	1080907	4873900.00
20120820	4.19	4.30	4.16	4.27	3768969	17202254.00
20120821	4.28	4.33	4.27	4.29	1677989	7752155.00
20120822	4.27	4.27	4.18	4.19	2356780	10674520.00
20120823	4.19	4.22	4.17	4.20	1636001	7378088.00
20120824	4.20	4.20	4.09	4.10	1809600	8055944.00
20120827	4.08	4.09	3.97	3.99	2558140	11054046.00
20120828	3.98	4.06	3.98	4.03	1821301	7896187.00
20120829	4.05	4.05	3.99	3.99	1249030	5418936.00
20120830	4.00	4.03	3.95	3.98	1440056	6197716.00
20120831	3.98	4.00	3.96	3.98	1153388	4955125.00
20120903	3.98	4.03	3.96	4.00	1619773	6994581.00
20120904	4.00	4.01	3.89	3.91	1662294	7095886.00
20120905	3.89	3.91	3.82	3.84	3159746	13169021.00
20120906	3.83	4.03	3.83	3.94	2804275	11906066.00
20120907	3.97	4.36	3.93	4.20	9148864	40871136.00
20120910	4.17	4.20	4.11	4.16	4740987	21173892.00
20120911	4.15	4.16	4.08	4.13	2364490	10496618.00
20120912	4.14	4.18	4.03	4.11	3017179	13321933.00
20120913	4.10	4.19	4.07	4.10	3028535	13462211.00
20120914	4.13	4.14	4.08	4.12	2722486	12070008.00
20120917	4.08	4.10	3.94	3.95	2965083	12826159.00
20120918	3.95	3.95	3.88	3.89	2112150	8945395.00
20120919	3.91	3.94	3.89	3.93	1471615	6238665.00
20120920	3.92	3.92	3.83	3.84	2139103	8967518.00
20120921	3.85	4.05	3.82	3.89	4860926	20726676.00
20120924	3.86	3.89	3.78	3.85	2519641	10459136.00
20120925	3.83	3.86	3.81	3.81	1125463	4667738.00
20120926	3.80	4.09	3.78	3.90	7659597	32777800.00
20120927	3.85	4.13	3.85	4.05	9732176	42015392.00
20120928	3.99	4.06	3.96	4.03	6511413	28161700.00
20121008	4.08	4.13	4.00	4.03	5608399	24608852.00
20121009	4.01	4.16	4.01	4.13	7329207	32472078.00
20121010	4.10	4.16	4.06	4.14	4135350	18335756.00
20121011	4.11	4.12	4.04	4.05	4003279	17612522.00
20121012	4.07	4.15	4.05	4.09	4862990	21491842.00
20121015	4.12	4.13	4.00	4.03	3210235	14011130.00
20121016	4.04	4.08	4.02	4.04	2638617	11537724.00
20121017	4.05	4.09	3.98	4.05	3440834	14958262.00
20121018	4.06	4.25	4.06	4.23	16544086	74795424.00
20121019	4.20	4.25	4.18	4.23	4816111	21809260.00
20121022	4.21	4.22	4.15	4.22	2606957	11738468.00
20121023	4.21	4.22	4.11	4.12	5456030	24395558.00
20121024	4.10	4.18	4.09	4.17	4235258	18961112.00
20121025	4.14	4.36	4.13	4.16	11673119	53163672.00
20121026	4.17	4.18	3.96	3.98	7683686	33496376.00
20121029	3.95	3.99	3.89	3.92	2404578	10260588.00
20121030	3.91	4.02	3.91	3.95	2870389	12278124.00
20121031	3.94	4.00	3.93	3.98	1811722	7767920.00
20121101	3.98	4.08	3.98	4.07	2917975	12754402.00
20121102	4.12	4.17	4.09	4.15	4471074	19903856.00
20121105	4.14	4.16	4.11	4.15	2984587	13301909.00
20121106	4.16	4.16	4.06	4.13	2754942	12162730.00
20121107	4.12	4.12	4.03	4.07	3380357	14856444.00
20121108	4.02	4.02	3.96	3.97	3222862	13898576.00
20121109	3.93	3.97	3.93	3.95	2495806	10641732.00
20121112	3.95	4.00	3.94	3.98	1458949	6249089.00
20121113	3.98	3.99	3.89	3.90	1893199	8043733.00
20121114	3.89	3.96	3.89	3.92	1080350	4583527.00
20121115	3.90	3.93	3.80	3.81	1452029	6091342.00
20121116	3.83	3.85	3.79	3.84	1496576	6182575.00
20121119	3.85	3.86	3.80	3.85	1393755	5782732.00
20121120	3.85	3.87	3.82	3.84	989077	4122520.00
20121121	3.85	4.04	3.82	3.97	3374370	14364527.00
20121122	3.92	3.94	3.90	3.91	2030704	8602656.00
20121123	3.93	4.03	3.92	3.95	1950042	8367546.00
20121126	3.93	3.94	3.85	3.87	2187841	9237837.00
20121127	3.86	3.92	3.81	3.82	2545822	10638264.00
20121128	3.79	3.81	3.73	3.76	2331076	9519248.00
20121129	3.76	3.79	3.73	3.76	1699747	6935262.00
20121130	3.75	3.83	3.73	3.81	2075008	8533021.00
20121203	3.81	3.88	3.76	3.78	2544370	10499345.00
20121204	3.76	3.83	3.73	3.82	2062837	8452012.00
20121205	3.82	4.18	3.81	3.96	6243180	26862114.00
20121206	3.97	3.99	3.92	3.93	2194359	9363650.00
20121207	3.95	4.06	3.92	4.04	4101150	17749012.00
20121210	4.05	4.09	4.01	4.05	5743751	25058658.00
20121211	4.05	4.08	4.00	4.01	3116790	13563025.00
20121212	4.02	4.04	3.96	4.00	2152286	9275947.00
20121213	3.97	4.00	3.94	3.95	1862750	7978487.00
20121214	3.94	4.13	3.94	4.12	7698037	33835568.00
20121217	4.14	4.24	4.10	4.16	6308434	28320138.00
20121218	4.13	4.20	4.10	4.13	4409948	19692764.00
20121219	4.13	4.15	4.11	4.11	2570867	11424275.00
20121220	4.09	4.15	4.07	4.15	3827473	16936620.00
20121221	4.15	4.27	4.13	4.21	12728351	57575904.00
20121224	4.18	4.22	4.13	4.19	3677073	16570890.00
20121225	4.19	4.56	4.16	4.34	10427915	48338216.00
20121226	4.32	4.34	4.28	4.32	6628327	30672308.00
20121227	4.33	4.34	4.22	4.22	11802116	53978632.00
20121228	4.21	4.28	4.20	4.26	5485025	25012716.00
20121231	4.27	4.36	4.23	4.32	10019406	46376092.00
20130104	4.48	4.53	4.36	4.41	16751937	79596608.00
20130107	4.38	4.47	4.37	4.44	7423545	35238532.00
20130108	4.44	4.47	4.34	4.38	8106836	38154568.00
20130109	4.36	4.40	4.33	4.36	5353424	25060692.00
20130110	4.36	4.47	4.35	4.44	9334695	44262304.00
20130111	4.42	4.44	4.26	4.28	6628742	30917224.00
20130114	4.27	4.42	4.25	4.41	8351063	38862880.00
20130115	4.38	4.44	4.37	4.42	8757893	41389196.00
20130116	4.41	4.44	4.31	4.39	5450313	25625076.00
20130117	4.38	4.50	4.35	4.38	8859875	42102200.00
20130118	4.40	4.43	4.35	4.43	5509854	26004648.00
20130121	4.44	4.64	4.44	4.56	15426482	75011456.00
20130122	4.52	4.53	4.45	4.48	6706691	32291492.00
20130123	4.45	4.51	4.42	4.47	3515270	16827324.00
20130124	4.47	4.59	4.42	4.44	11595332	56028416.00
20130125	4.46	4.48	4.39	4.39	4067104	19281040.00
20130128	4.39	4.45	4.38	4.45	4182441	19812990.00
20130129	4.46	4.48	4.40	4.42	5014317	23871280.00
20130130	4.43	4.45	4.37	4.45	5005266	23688066.00
20130131	4.47	4.59	4.46	4.49	7014122	33846152.00
20130201	4.49	4.55	4.44	4.53	8358186	40350864.00
20130204	4.52	4.58	4.50	4.52	6163630	29889362.00
20130205	4.51	4.73	4.46	4.68	11934817	58681884.00
20130206	4.65	4.68	4.60	4.66	5321633	26373044.00
20130207	4.64	4.64	4.55	4.63	4240866	20861104.00
20130208	4.61	4.67	4.60	4.64	3166334	15686915.00
20130218	4.60	4.65	4.56	4.61	4225988	20868684.00
20130219	4.60	4.64	4.54	4.56	3901589	19118864.00
20130220	4.57	4.58	4.52	4.58	3842327	18703656.00
20130221	4.55	4.55	4.36	4.39	6246995	29759240.00
20130222	4.39	4.41	4.33	4.34	3466927	16267367.00
20130225	4.34	4.38	4.31	4.32	4448302	20773676.00
20130226	4.31	4.36	4.26	4.27	3301998	15269468.00
20130227	4.27	4.32	4.26	4.29	3492551	16082525.00
20130228	4.30	4.38	4.28	4.37	4532491	21062104.00
20130301	4.37	4.37	4.31	4.36	3235752	15066261.00
20130304	4.32	4.33	4.19	4.20	5312446	24209046.00
20130305	4.20	4.27	4.19	4.25	3544915	16096859.00
20130306	4.27	4.34	4.24	4.32	4728954	21824768.00
20130307	4.33	4.38	4.28	4.30	4216055	19646472.00
20130308	4.32	4.38	4.28	4.33	3583715	16673116.00
20130311	4.32	4.34	4.28	4.30	1971814	9125556.00
20130312	4.32	4.44	4.28	4.33	7576399	35490872.00
20130313	4.32	4.33	4.21	4.24	2782051	12748875.00
20130314	4.24	4.25	4.16	4.18	2690796	12160511.00
20130315	4.21	4.30	4.20	4.24	3755083	17185048.00
20130318	4.19	4.23	4.09	4.12	3735208	16764952.00
20130319	4.12	4.15	4.02	4.07	5666518	24893220.00
20130320	4.07	4.16	4.05	4.16	4143307	18371614.00
20130321	4.15	4.23	4.13	4.20	4110100	18532536.00
20130322	4.20	4.26	4.17	4.21	3251839	14753681.00
20130325	4.20	4.22	4.17	4.19	2543105	11471307.00
20130326	4.16	4.19	4.13	4.17	3053357	13666617.00
20130327	4.17	4.21	4.14	4.19	1725332	7754222.00
20130328	4.18	4.18	4.05	4.07	3692808	16283758.00
20130329	4.07	4.08	4.03	4.06	2714840	11882313.00
20130401	4.07	4.08	4.04	4.05	2210249	9676726.00
20130402	4.06	4.09	3.97	4.01	3665117	15961369.00
20130403	4.03	4.03	3.96	4.01	1955730	8435038.00
20130408	3.97	3.98	3.91	3.98	2315176	9875993.00
20130409	3.97	4.05	3.97	4.04	2341354	10168634.00
20130410	4.02	4.06	4.02	4.04	1568107	6833877.00
20130411	4.06	4.11	4.04	4.05	2483822	10898700.00
20130412	4.04	4.05	4.00	4.00	1612247	7006610.00
20130415	3.98	3.99	3.93	3.95	1944168	8308137.00
20130416	3.93	3.98	3.91	3.98	1490330	6354930.00
20130417	3.98	4.00	3.91	3.96	1150542	4918816.00
20130418	3.95	3.99	3.94	3.98	1140531	4895864.00
20130419	3.97	4.07	3.97	4.05	1834069	8011461.00
20130422	4.03	4.06	3.99	4.02	1544719	6711019.00
20130423	4.02	4.05	3.95	3.96	2121562	9122788.00
20130424	3.96	4.00	3.92	3.99	1650640	7065658.00
20130425	3.97	3.97	3.90	3.93	2133118	9064273.00
20130426	3.93	3.95	3.90	3.91	1153002	4883889.00
20130502	3.87	3.87	3.82	3.85	1964268	8178236.00
20130503	3.85	3.90	3.83	3.87	1960818	8218405.00
20130506	3.89	3.91	3.86	3.91	2457264	10350628.00
20130507	3.89	3.92	3.86	3.92	2305164	9710372.00
20130508	3.92	3.94	3.88	3.90	1572891	6645671.00
20130509	3.90	3.90	3.85	3.87	1951095	8176814.00
20130510	3.88	3.89	3.84	3.89	1942806	8129484.00
20130513	3.88	3.95	3.86	3.93	3305705	13960669.00
20130514	3.91	3.92	3.85	3.86	1539341	6458857.00
20130515	3.87	3.89	3.86	3.89	1058651	4446170.00
20130516	3.89	3.92	3.87	3.92	1849707	7812092.00
20130517	3.92	4.00	3.91	3.97	3311982	14152899.00
20130520	4.01	4.04	3.97	4.01	4254858	18394752.00
20130521	4.00	4.05	3.97	4.05	3663620	15888448.00
20130522	4.04	4.07	4.00	4.07	3957461	17204008.00
20130523	4.42	4.42	4.08	4.10	14688284	66800384.00
20130524	4.06	4.12	4.01	4.07	5906096	25828652.00
20130527	4.07	4.07	4.02	4.02	2956566	12877906.00
20130528	4.03	4.05	3.96	4.05	3513486	15193233.00
20130529	4.04	4.07	4.02	4.03	2418145	10549081.00
20130530	4.03	4.04	4.00	4.03	2583840	11207343.00
20130531	4.03	4.04	3.96	3.99	4210893	18167432.00
20130603	3.97	3.98	3.93	3.94	4815564	20555596.00
20130604	3.93	3.94	3.82	3.85	5197666	21776868.00
20130605	3.84	3.86	3.81	3.83	2879650	11956742.00
20130606	3.81	3.82	3.77	3.78	3745269	15415093.00
20130607	3.78	3.80	3.72	3.75	2973888	12134141.00
20130613	3.73	3.73	3.61	3.62	3694749	14670368.00
20130614	3.66	3.66	3.63	3.65	1813124	7191312.00
20130617	3.65	3.71	3.64	3.67	3645631	14560717.00
20130618	3.68	3.69	3.64	3.65	1627471	6476429.00
20130619	3.66	3.74	3.65	3.70	6166298	24815968.00
20130620	3.69	3.69	3.54	3.55	4970700	19528904.00
20130621	3.48	3.53	3.45	3.50	2952671	11246445.00
20130624	3.50	3.51	3.25	3.26	4799783	17609480.00
20130625	3.26	3.26	3.02	3.18	4400010	15263724.00
20130626	3.21	3.21	3.14	3.21	2300942	8051860.00
20130627	3.21	3.25	3.14	3.17	2416372	8509073.00
20130628	3.17	3.21	3.08	3.16	2309239	8027964.00
20130701	3.18	3.26	3.16	3.24	4087990	14493760.00
20130702	3.23	3.25	3.21	3.24	1927926	6847946.00
20130703	3.24	3.24	3.16	3.18	1963555	6881252.00
20130704	3.15	3.23	3.12	3.23	2732497	9592196.00
20130705	3.21	3.25	3.19	3.21	2269332	8045859.00
20130708	3.19	3.19	3.09	3.10	2286493	7859321.00
20130709	3.09	3.12	3.08	3.11	1086955	3717182.00
20130710	3.11	3.19	3.10	3.18	1970995	6836173.00
20130711	3.18	3.31	3.16	3.28	5093672	18230772.00
20130712	3.28	3.29	3.21	3.21	2329436	8319156.00
20130715	3.21	3.27	3.20	3.25	2235413	7947343.00
20130716	3.25	3.26	3.21	3.25	2017528	7174631.00
20130717	3.24	3.31	3.21	3.22	2393028	8550320.00
20130718	3.20	3.23	3.14	3.15	2495237	8720567.00
20130719	3.15	3.17	3.10	3.12	2425054	8353356.00
20130722	3.11	3.11	3.03	3.05	3725172	12570584.00
20130723	3.06	3.14	3.05	3.13	2919089	9996996.00
20130724	3.12	3.14	3.06	3.10	2321534	7935882.00
20130725	3.10	3.16	3.06	3.10	5925529	20315520.00
20130726	3.09	3.09	3.03	3.04	3113698	10509177.00
20130729	3.03	3.03	2.98	2.99	2914366	9680187.00
20130730	2.99	3.03	2.99	3.02	1616750	5388004.00
20130731	3.02	3.06	2.99	3.01	1499506	5015418.00
20130801	3.01	3.07	3.01	3.07	2550229	8595073.00
20130802	3.07	3.09	3.06	3.07	2391349	8123249.00
20130805	3.06	3.27	3.06	3.22	8687184	30606048.00
20130806	3.20	3.22	3.14	3.21	5037878	17600016.00
20130807	3.19	3.28	3.17	3.19	5640441	20031126.00
20130808	3.19	3.20	3.14	3.17	1965684	6858372.00
20130809	3.17	3.20	3.15	3.19	2090273	7312082.00
20130812	3.19	3.26	3.18	3.26	3615729	12852208.00
20130813	3.27	3.39	3.25	3.37	8509787	31156510.00
20130814	3.37	3.38	3.31	3.33	3728428	13641569.00
20130815	3.33	3.40	3.31	3.33	4614675	16984634.00
20130816	3.31	3.41	3.27	3.32	4888671	17821342.00
20130819	3.28	3.34	3.25	3.34	2672665	9713696.00
20130820	3.30	3.31	3.24	3.25	4006134	14376403.00
20130821	3.24	3.25	3.19	3.23	3005766	10620141.00
20130822	3.21	3.23	3.19	3.21	2554375	9020899.00
20130823	3.21	3.27	3.19	3.22	2419367	8589269.00
20130826	3.22	3.57	3.21	3.57	20384834	76996632.00
20130827	3.58	3.76	3.50	3.65	25282416	100328448.00
20130828	3.58	3.94	3.52	3.84	28712515	116716136.00
20130829	3.74	3.82	3.71	3.75	13082736	53336984.00
20130830	3.75	4.16	3.71	4.16	46003652	201302768.00
20130902	4.25	4.28	3.81	3.94	28650183	122670144.00
20130903	3.87	3.91	3.74	3.79	15425156	63880568.00
20130904	3.80	3.94	3.78	3.89	11859298	49794156.00
20130905	3.87	3.92	3.78	3.88	10664865	44442456.00
20130906	3.87	4.30	3.84	4.24	34452179	154171312.00
20130909	4.24	4.70	4.23	4.70	50563050	248055888.00
20130910	4.91	5.20	4.80	5.20	76089755	408542944.00
20130911	5.44	5.75	4.99	5.15	73521133	418217216.00
20130912	4.98	5.18	4.81	4.98	37724114	199752480.00
20130913	4.89	4.89	4.53	4.70	37780894	189131520.00
20130916	4.70	4.77	4.60	4.64	22848763	114073880.00
20130917	4.68	4.70	4.35	4.45	23258112	111601640.00
20130918	4.46	4.59	4.46	4.48	17945821	86960120.00
20130923	4.57	4.67	4.51	4.61	17006274	83456096.00
20130924	4.60	4.74	4.40	4.60	28615073	139574624.00
20130925	4.57	4.73	4.44	4.49	26054676	127961616.00
20130926	4.49	4.53	4.10	4.14	22100608	100944672.00
20130927	4.14	4.19	4.04	4.13	14930015	66180196.00
20130930	4.14	4.19	4.09	4.16	9772488	43538508.00
20131008	4.16	4.24	4.06	4.19	11716864	52695664.00
20131009	4.18	4.43	4.14	4.37	19792178	91965392.00
20131010	4.37	4.37	4.19	4.23	14564680	66510920.00
20131011	4.24	4.33	4.20	4.33	15862109	73144352.00
20131014	4.31	4.41	4.29	4.31	12915697	60085352.00
20131015	4.31	4.31	4.19	4.24	12434465	56818152.00
20131016	4.21	4.21	3.98	4.04	14699825	64440260.00
20131017	4.05	4.11	4.01	4.08	10210531	44780952.00
20131018	4.16	4.52	4.13	4.31	38681459	183214432.00
20131021	4.13	4.29	3.99	4.21	27402997	122034008.00
20131022	4.16	4.16	4.06	4.09	14324192	63457676.00
20131023	4.11	4.17	3.98	3.99	10981202	47968240.00
20131024	4.01	4.03	3.95	3.98	5097952	21980908.00
20131025	3.99	4.01	3.89	3.93	6735684	28708816.00
20131028	3.89	4.16	3.89	4.10	16098541	70233296.00
20131029	4.05	4.06	3.77	3.94	11292312	48247300.00
20131030	3.88	4.03	3.86	3.98	6682321	28473826.00
20131031	3.96	4.00	3.92	3.93	5533350	23651304.00
20131101	3.91	3.98	3.86	3.93	5341017	22612394.00
20131104	3.94	3.96	3.90	3.92	3927192	16691519.00
20131105	3.92	3.96	3.85	3.95	5090841	21533498.00
20131106	3.94	3.96	3.89	3.89	6123285	26011276.00
20131107	3.88	3.91	3.84	3.84	4171816	17495024.00
20131108	3.84	3.88	3.75	3.75	6045284	24926348.00
20131111	3.75	3.86	3.69	3.79	5052086	20580552.00
20131112	3.81	3.85	3.78	3.84	4912625	20351322.00
20131113	3.88	4.05	3.74	3.80	7728265	32478664.00
20131114	3.78	3.82	3.74	3.81	3884722	15933431.00
20131115	3.81	3.98	3.79	3.88	7096693	29868376.00
20131118	3.92	4.06	3.92	4.00	9806059	42296880.00
20131119	4.00	4.02	3.96	4.00	4613905	19872216.00
20131120	4.00	4.06	3.96	4.04	6428682	27839888.00
20131121	4.02	4.16	3.97	4.09	13666410	60068556.00
20131122	4.11	4.14	4.03	4.09	10481318	46181720.00
20131125	4.06	4.14	4.00	4.04	5772854	25419364.00
20131126	4.02	4.13	4.02	4.07	5502300	24213524.00
20131127	4.06	4.09	4.00	4.05	5042355	21976798.00
20131128	4.05	4.10	4.04	4.07	5887528	25885112.00
20131129	4.11	4.26	4.10	4.25	17188749	77444320.00
20131202	4.18	4.33	4.08	4.12	14592375	65428128.00
20131203	4.08	4.33	4.06	4.27	12100887	55300216.00
20131204	4.27	4.73	4.26	4.73	18563482	91817128.00
20131205	4.98	5.08	4.74	4.75	43606880	227001104.00
20131206	4.75	4.83	4.60	4.63	16996064	84946472.00
20131209	4.64	4.80	4.61	4.65	11331534	57017848.00
20131210	4.64	4.81	4.64	4.69	9620700	48527244.00
20131211	4.69	4.77	4.62	4.71	12137161	60867976.00
20131212	4.71	4.87	4.68	4.77	12087410	61741108.00
20131213	4.77	5.17	4.72	5.00	21279453	112371520.00
20131216	4.93	4.96	4.47	4.64	24762452	123509216.00
20131217	4.58	4.62	4.35	4.46	16681168	79723536.00
20131218	4.46	4.50	4.38	4.41	6205821	29584496.00
20131219	4.44	4.45	4.28	4.31	7572174	35408328.00
20131220	4.32	4.40	4.21	4.29	5931656	27394546.00
20131223	4.29	4.37	4.24	4.31	4672135	21694264.00
20131224	4.36	4.51	4.36	4.43	7555918	36072648.00
20131225	4.47	4.49	4.37	4.46	3848391	18224060.00
20131226	4.44	4.44	4.27	4.28	3936863	18447284.00
20131227	4.26	4.67	4.22	4.52	8501715	40534568.00
20131230	4.52	4.55	4.43	4.45	4219516	20276044.00
20131231	4.43	4.57	4.39	4.55	5139872	24699168.00
20140102	4.54	4.61	4.45	4.47	4808500	23250424.00
20140103	4.38	4.39	4.25	4.32	7324786	33859328.00
20140106	4.29	4.29	4.06	4.09	7009014	31164300.00
20140107	4.06	4.20	4.00	4.09	4316818	19068632.00
20140108	4.06	4.13	4.01	4.06	3529012	15490523.00
20140109	4.04	4.13	4.02	4.05	3099278	13642717.00
20140110	3.98	4.04	3.88	3.88	4228104	18160888.00
20140113	3.86	3.95	3.81	3.86	2840603	11893038.00
20140114	3.85	3.94	3.83	3.94	2055826	8655604.00
20140115	3.93	3.93	3.83	3.86	2424562	10136617.00
20140116	3.88	3.93	3.83	3.88	2078011	8725712.00
20140117	3.90	3.91	3.84	3.88	1855073	7769759.00
20140120	3.86	3.87	3.78	3.81	2285368	9443321.00
20140121	3.80	3.87	3.79	3.85	1542968	6422773.00
20140122	3.83	3.96	3.83	3.95	3228761	13672931.00
20140123	3.95	3.96	3.90	3.92	2753373	11682562.00
20140124	3.92	4.02	3.90	3.94	3478013	14869390.00
20140127	3.90	3.94	3.81	3.82	5037008	21074712.00
20140128	3.82	3.88	3.81	3.84	2141814	8904878.00
20140129	3.83	3.89	3.82	3.86	1741969	7278681.00
20140130	3.86	3.88	3.79	3.82	2105765	8758050.00
20140207	3.79	3.96	3.79	3.95	4144450	17491076.00
20140210	3.95	4.05	3.95	4.03	5032879	21791112.00
20140211	4.04	4.11	3.96	4.08	5515303	24032686.00
20140212	4.06	4.11	4.01	4.09	4833155	21138282.00
20140213	4.06	4.08	3.98	4.02	4554685	19821368.00
20140214	4.01	4.07	3.98	4.07	3880496	16910174.00
20140217	4.06	4.11	4.05	4.10	4860275	21399074.00
20140218	4.11	4.11	4.03	4.06	4467006	19569066.00
20140219	4.06	4.18	4.03	4.12	9828661	43595180.00
20140220	4.14	4.31	4.12	4.21	12862724	58430620.00
20140221	4.21	4.21	3.98	4.08	6816555	30086452.00
20140224	4.02	4.06	3.87	3.88	7854170	33369848.00
20140225	3.88	3.94	3.79	3.82	4336668	18234216.00
20140226	3.82	3.85	3.77	3.84	3029560	12486041.00
20140227	3.84	3.86	3.79	3.83	2565293	10657282.00
20140228	3.82	3.90	3.74	3.85	4101611	16903330.00
20140303	3.81	3.93	3.80	3.90	3371635	14168970.00
20140304	3.87	3.91	3.83	3.89	2757339	11561933.00
20140305	3.90	3.92	3.74	3.78	9057590	37243460.00
20140306	3.78	3.82	3.76	3.81	4056593	16675019.00
20140307	3.81	3.88	3.80	3.86	4561183	19011930.00
20140310	3.85	3.85	3.68	3.76	4338846	17670976.00
20140311	3.74	3.74	3.68	3.71	2607917	10497841.00
20140312	3.70	3.70	3.55	3.58	5307740	20811954.00
20140313	3.57	3.62	3.54	3.57	3452253	13463745.00
20140314	3.54	3.65	3.48	3.61	5089979	19860806.00
20140317	3.60	3.64	3.57	3.61	2745248	10749493.00
20140318	3.64	3.66	3.60	3.64	2879740	11359965.00
20140319	3.62	3.64	3.57	3.62	2572809	10088310.00
20140320	3.63	3.76	3.62	3.68	5875559	23653624.00
20140321	3.66	3.83	3.60	3.82	5288902	21520846.00
20140324	3.80	4.02	3.78	3.95	7677692	32688810.00
20140325	3.91	4.06	3.90	3.92	8396175	36041244.00
20140326	3.93	3.94	3.85	3.87	4144752	17388968.00
20140327	3.88	3.93	3.85	3.86	2792676	11779063.00
20140328	3.85	3.88	3.80	3.82	2910007	12078808.00
20140331	3.82	3.85	3.62	3.66	6096953	24548468.00
20140401	3.67	3.81	3.64	3.75	4345000	17639536.00
20140402	3.73	3.75	3.69	3.73	3175661	12816570.00
20140403	3.73	3.74	3.66	3.68	2354274	9453970.00
20140404	3.69	3.82	3.69	3.78	3906334	15949756.00
20140408	3.75	3.89	3.75	3.87	5230367	21779036.00
20140409	3.88	3.89	3.84	3.88	3621275	15166559.00
20140410	3.88	4.13	3.85	3.98	8552784	36910568.00
20140411	3.94	4.00	3.92	3.94	6013854	25727526.00
20140414	3.91	3.96	3.89	3.95	3105421	13148296.00
20140415	3.97	3.98	3.87	3.87	2314091	9777587.00
20140416	3.88	3.91	3.85	3.87	2525348	10591168.00
20140417	3.98	3.98	3.88	3.90	3434330	14522740.00
20140418	3.90	3.90	3.85	3.90	1665128	6991380.00
20140421	3.87	3.88	3.81	3.81	2555671	10638667.00
20140422	3.80	3.87	3.76	3.80	2966783	12213784.00
20140423	3.80	3.80	3.72	3.74	2698162	10981805.00
20140424	3.77	3.77	3.68	3.69	4681621	18816900.00
20140425	3.70	3.71	3.64	3.68	3373141	13476128.00
20140428	3.68	3.70	3.63	3.64	4346547	17333786.00
20140429	3.64	3.70	3.63	3.68	2542281	10126571.00
20140430	3.68	3.78	3.67	3.74	3046927	12321833.00
20140505	3.71	3.75	3.69	3.73	3282968	13259427.00
20140506	3.74	3.76	3.70	3.71	3133216	12688002.00
20140507	3.71	3.72	3.61	3.62	4055237	16183960.00
20140508	3.62	3.68	3.61	3.67	1602377	6359113.00
20140509	3.63	3.68	3.63	3.67	1500494	5964189.00
20140512	3.68	3.88	3.65	3.82	5041830	20658888.00
20140513	3.83	3.83	3.73	3.76	3198536	13089680.00
20140514	3.76	3.90	3.75	3.89	7116428	29766214.00
20140515	3.88	3.89	3.78	3.82	3281291	13593683.00
20140516	3.76	3.81	3.76	3.80	1523848	6257340.00
20140519	3.79	3.81	3.70	3.73	2506083	10134286.00
20140520	3.74	3.81	3.72	3.76	2170145	8874285.00
20140521	3.74	3.80	3.72	3.76	1430067	5836053.00
20140522	3.76	3.82	3.75	3.76	1925986	7917817.00
20140523	3.78	3.83	3.76	3.81	1913850	7891263.00
20140526	3.81	3.86	3.79	3.84	2601655	10789952.00
20140527	3.84	3.86	3.79	3.80	1600609	6621195.00
20140528	3.77	3.82	3.76	3.81	2325588	9544565.00
20140529	3.79	3.81	3.74	3.74	3132641	12764332.00
20140530	3.74	3.75	3.68	3.69	4698519	18923384.00
20140603	3.69	3.71	3.67	3.68	2978785	11922231.00
20140604	3.68	3.69	3.64	3.66	2675914	10664936.00
20140605	3.67	3.70	3.65	3.68	2908872	11592992.00
20140606	3.69	3.69	3.65	3.68	2125299	8478640.00
20140609	3.68	3.75	3.66	3.72	3467049	14004503.00
20140610	3.74	3.80	3.71	3.78	5155847	21041650.00
20140611	3.78	3.79	3.73	3.76	2756942	11231286.00
20140612	3.78	3.91	3.78	3.79	6426463	26685310.00
20140613	3.76	3.79	3.74	3.77	3365309	13755057.00
20140616	3.76	3.77	3.71	3.77	3104969	12633109.00
20140617	3.76	3.80	3.72	3.73	3391265	13839932.00
20140618	3.72	3.74	3.68	3.68	2396971	9643271.00
20140619	3.68	3.71	3.63	3.64	2990381	11898437.00
20140620	3.63	3.66	3.62	3.65	1639240	6497403.00
20140623	3.68	3.77	3.68	3.70	1871337	7559022.00
20140624	3.70	3.70	3.66	3.68	1869572	7476372.00
20140625	3.68	3.69	3.65	3.68	1425980	5692254.00
20140626	3.69	3.72	3.68	3.70	1496886	6022697.00
20140627	3.71	3.77	3.67	3.71	4388898	17678726.00
20140630	3.70	3.73	3.69	3.72	2384570	9614209.00
20140701	3.72	3.76	3.70	3.74	3178930	12884117.00
20140702	3.74	3.83	3.72	3.80	5936337	24334092.00
20140703	3.78	4.16	3.77	4.01	21936781	94346272.00
20140704	3.95	3.95	3.85	3.91	10138838	42688784.00
20140707	3.90	3.90	3.81	3.85	5282689	21991516.00
20140708	3.84	3.87	3.82	3.86	3966753	16505832.00
20140709	3.85	4.02	3.84	3.91	10992195	46753164.00
20140710	3.91	3.95	3.87	3.91	3834343	16245545.00
20140711	3.89	4.22	3.87	4.03	13565043	59242584.00
20140714	4.00	4.06	3.94	4.03	9672411	41731448.00
20140715	4.01	4.09	3.98	4.06	6213335	26995728.00
20140716	4.04	4.45	3.99	4.22	23506141	107175744.00
20140717	4.17	4.30	4.13	4.19	12326975	55717456.00
20140718	4.16	4.21	4.08	4.10	7922794	35273172.00
20140721	4.10	4.12	4.04	4.07	4510504	19825564.00
20140722	4.07	4.18	4.06	4.16	6838063	30483104.00
20140723	4.16	4.20	4.08	4.11	6252911	27910996.00
20140724	4.10	4.25	4.10	4.19	9527179	43087400.00
20140725	4.21	4.28	4.16	4.22	5232589	23675292.00
20140728	4.23	4.34	4.21	4.28	9276646	42654040.00
20140729	4.28	4.35	4.25	4.28	8846845	40968436.00
20140730	4.31	4.31	4.19	4.21	8986576	40872824.00
20140731	4.23	4.26	4.19	4.25	6801617	30865918.00
20140801	4.26	4.28	4.16	4.17	7497283	33964912.00
20140804	4.17	4.26	4.14	4.26	7776355	35288136.00
20140805	4.27	4.35	4.26	4.32	9834451	45549944.00
20140806	4.34	4.43	4.28	4.39	10232761	47773544.00
20140807	4.36	4.45	4.34	4.37	7818417	36725308.00
20140808	4.35	4.39	4.30	4.37	4689143	21936656.00
20140811	4.39	4.46	4.34	4.43	6405769	30331414.00
20140812	4.41	4.45	4.39	4.43	4940189	23414198.00
20140813	4.45	4.48	4.28	4.34	15032576	70161872.00
20140814	4.36	4.63	4.31	4.49	27394275	132408064.00
20140815	4.46	4.57	4.43	4.56	9899210	47668324.00
20140818	4.60	4.88	4.60	4.80	17261561	88006848.00
20140819	4.78	4.82	4.71	4.79	10476369	53357360.00
20140820	4.79	4.83	4.74	4.76	5725483	29227148.00
20140821	4.75	4.79	4.67	4.75	8605650	43521104.00
20140822	4.74	5.06	4.72	4.99	15401679	80506192.00
20140825	4.94	5.17	4.88	5.09	20139263	108518080.00
20140826	5.08	5.18	4.80	4.89	16085625	85534800.00
20140827	4.90	4.95	4.82	4.84	5769501	29927116.00
20140828	4.83	4.89	4.80	4.84	5112393	26366694.00
20140829	4.86	4.90	4.79	4.89	5958118	30824496.00
20140901	4.88	4.92	4.81	4.90	7955929	41328680.00
20140902	4.98	5.09	4.93	5.07	11650540	62331336.00
20140903	5.10	5.44	5.08	5.28	23739200	132435488.00
20140904	5.33	5.33	5.17	5.29	10721295	59914000.00
20140905	5.28	5.34	5.19	5.31	9713749	54342964.00
20140909	5.33	5.45	5.30	5.34	8733629	49708052.00
20140910	5.36	5.43	5.29	5.32	8005968	45277784.00
20140911	5.30	5.31	5.18	5.21	8204303	45640624.00
20140912	5.21	5.34	5.19	5.29	5339273	29873552.00
20140915	5.29	5.31	5.17	5.26	8067339	44749424.00
20140916	5.27	5.46	5.18	5.19	14431701	81610200.00
20140917	5.17	5.19	4.98	5.09	10413214	56059784.00
20140918	5.05	5.15	5.03	5.08	5043201	27287420.00
20140919	5.07	5.09	4.93	5.05	8312310	44391328.00
20140922	5.02	5.08	4.92	4.96	9185194	48760648.00
20140923	4.96	5.00	4.92	4.96	7474768	39429432.00
20140924	4.96	5.07	4.94	5.07	8556597	45802820.00
20140925	5.09	5.32	5.09	5.24	18207736	100688888.00
20140926	5.25	5.35	5.11	5.30	16628158	92326536.00
20140929	5.30	5.33	5.24	5.27	8809690	49256960.00
20140930	5.38	5.38	5.17	5.24	13308674	74076920.00
20141008	5.24	5.26	5.17	5.23	10936043	60497008.00
20141009	5.21	5.23	5.16	5.21	10174979	56098664.00
20141010	5.19	5.32	5.14	5.27	13153855	72825784.00
20141013	5.26	5.26	5.13	5.21	7634181	42274532.00
20141014	5.20	5.36	5.17	5.19	15492835	86504168.00
20141015	5.20	5.28	5.16	5.27	11358992	63105912.00
20141016	5.23	5.30	5.16	5.16	10827680	60132032.00
20141017	5.15	5.26	4.88	5.02	9341084	50191768.00
20141020	5.03	5.08	4.96	5.03	7320000	39050032.00
20141021	5.05	5.08	4.89	4.90	7407699	39173108.00
20141022	4.91	4.97	4.81	4.84	8550991	44673820.00
20141023	4.83	4.86	4.60	4.63	12803841	64174784.00
20141024	4.61	4.66	4.60	4.63	6437548	31877076.00
20141027	4.61	4.66	4.55	4.64	4660642	22959776.00
20141028	4.65	4.89	4.65	4.85	11431417	58334520.00
20141029	4.87	5.37	4.87	5.37	28035322	154504656.00
20141030	5.63	5.94	5.48	5.84	80801599	484726464.00
20141031	5.72	5.80	5.58	5.67	46780921	279832448.00
20141103	5.73	6.04	5.61	5.87	67157733	414128288.00
20141104	5.83	6.24	5.75	5.98	55985297	353080640.00
20141105	5.94	5.94	5.68	5.76	26301838	159816160.00
20141106	5.75	5.83	5.69	5.80	16210537	98515312.00
20141107	5.83	6.34	5.80	6.07	53658738	340883680.00
20141110	6.06	6.53	6.03	6.36	52397375	346513600.00
20141111	6.36	6.45	5.92	6.06	37618193	244395072.00
20141112	5.96	6.26	5.89	6.13	25863082	165569696.00
20141113	6.08	6.21	5.93	5.98	20802102	131778832.00
20141114	6.00	6.05	5.74	5.79	18241459	112161280.00
20141117	5.81	5.87	5.70	5.84	13255704	81044096.00
20141118	5.81	5.96	5.74	5.86	13407977	82637936.00
20141119	5.85	5.90	5.77	5.82	8265904	50856508.00
20141120	5.80	5.86	5.77	5.83	6657971	40829104.00
20141121	5.85	5.93	5.78	5.91	11308708	69701976.00
20141124	5.97	6.13	5.93	6.10	30361931	193652176.00
20141125	6.14	6.33	6.05	6.12	23975712	156065504.00
20141126	6.12	6.12	5.92	6.02	19824204	125581376.00
20141127	6.01	6.04	5.91	5.93	17928256	112440752.00
20141128	6.10	6.47	6.10	6.25	47475915	312883776.00
20141201	6.37	6.89	6.15	6.84	62788375	436789920.00
20141202	6.68	6.87	6.51	6.78	37829882	264336112.00
20141203	6.78	6.89	6.49	6.60	34056896	237640240.00
20141204	6.64	6.79	6.54	6.76	29748523	207688192.00
20141205	6.78	6.80	6.08	6.27	53225615	357889280.00
20141208	6.29	6.50	6.20	6.43	36947403	248060960.00
20141209	6.50	6.68	5.85	5.98	51285795	347869760.00
20141210	5.94	6.16	5.76	6.15	27423166	172151216.00
20141211	6.22	6.75	6.22	6.54	50633594	344991872.00
20141212	6.72	6.73	6.48	6.68	43343027	300065312.00
20141215	6.71	6.77	6.58	6.74	28225244	198211744.00
20141216	6.78	7.45	6.78	7.45	75260892	566194304.00
20141217	7.66	8.23	7.33	8.23	103435834	860624256.00
20141218	8.33	9.09	8.18	9.09	91962614	839885184.00
20141219	9.56	10.03	9.48	10.03	109664757	1126616704.00
20141222	10.52	10.87	9.00	9.10	202623532	2042912256.00
20141223	9.10	9.20	8.16	8.61	92667651	833874816.00
20141224	8.55	9.08	8.47	8.91	83851614	768313088.00
20141225	8.90	9.64	8.58	9.39	95455315	895048448.00
20141226	9.14	9.50	8.88	9.21	94428121	896736512.00
20141229	9.26	9.66	9.01	9.29	92376829	895892416.00
20141230	9.47	9.56	8.73	8.77	64251997	600991040.00
20141231	8.59	8.97	8.51	8.78	43163997	392794688.00
20150105	8.89	9.23	8.67	9.16	66189838	616502784.00
20150106	9.48	10.06	9.30	9.57	105084826	1045093376.00
20150107	9.57	9.65	9.21	9.36	54811577	530577600.00
20150108	9.30	9.58	8.85	8.95	44442480	422021760.00
20150109	8.83	9.13	8.73	8.82	37043011	343360320.00
20150112	8.68	8.68	8.18	8.37	41992636	365495296.00
20150113	8.40	8.62	8.23	8.34	32924379	286412512.00
20150114	8.31	8.31	8.01	8.08	40837695	345302816.00
20150115	8.04	8.42	8.00	8.40	44556800	380133536.00
20150116	8.31	8.36	8.13	8.27	51576000	442171840.00
20150119	7.68	7.91	7.41	7.41	53685544	426439840.00
20150120	7.43	7.67	7.43	7.59	44730816	352557120.00
20150121	7.67	8.09	7.65	7.96	66676931	546716864.00
20150122	7.88	8.07	7.79	8.03	52631500	435823808.00
20150123	8.05	8.13	7.87	7.91	55562547	462244480.00
20150126	7.92	8.19	7.80	8.17	57834560	480621984.00
20150127	8.08	8.11	7.85	8.01	61570255	511330976.00
20150128	7.92	8.02	7.83	7.88	39202995	323061472.00
20150129	7.85	8.15	7.78	8.01	69168737	572906496.00
20150130	8.08	8.09	7.69	7.73	50121745	410325472.00
20150202	7.53	7.72	7.42	7.48	50325821	393682912.00
20150203	7.48	7.56	7.25	7.47	62891808	482542592.00
20150204	7.40	7.60	7.36	7.38	58103680	452305024.00
20150205	7.49	7.53	7.25	7.32	83328342	640284544.00
20150206	7.42	7.42	6.85	6.93	71311302	531259584.00
20150209	6.59	6.91	6.59	6.86	43980303	312440288.00
20150210	6.87	7.04	6.86	6.99	32453845	236196000.00
20150211	7.00	7.06	6.88	7.01	45854866	334730208.00
20150212	6.99	7.14	6.94	7.13	41823056	308916192.00
20150213	7.15	7.32	7.09	7.17	60836782	459082208.00
20150216	7.18	7.33	7.10	7.24	75196783	567116160.00
20150217	7.24	7.51	7.22	7.38	110893722	854468736.00
20150225	7.39	7.42	7.24	7.28	37036346	282808800.00
20150226	7.27	7.62	7.12	7.58	84770336	658137536.00
20150227	7.62	7.65	7.48	7.55	59363156	467727392.00
20150302	7.62	7.67	7.45	7.67	74387031	587414976.00
20150303	7.62	7.86	7.52	7.68	108596523	869623808.00
20150304	7.68	7.70	7.54	7.62	50331310	399258240.00
20150305	7.56	7.57	7.33	7.39	56473661	438127264.00
20150306	7.37	7.68	7.37	7.54	57054541	449034464.00
20150309	7.46	7.85	7.35	7.70	74943369	594539072.00
20150310	7.65	8.01	7.62	7.91	111947242	915115904.00
20150311	7.92	8.07	7.80	7.84	82377752	680422720.00
20150312	7.86	7.96	7.78	7.92	67702006	555250496.00
20150313	7.94	8.23	7.87	8.08	95938585	804915456.00
20150316	8.18	8.30	8.12	8.27	76381201	651927680.00
20150317	8.38	9.13	8.23	9.10	203817348	1877748352.00
20150318	9.08	9.09	8.80	8.96	158592531	1464848256.00
20150319	8.83	8.90	8.71	8.86	100248448	913166464.00
20150320	8.87	8.94	8.73	8.89	78700809	721230400.00
20150323	8.90	8.96	8.76	8.87	108820725	997073600.00
20150324	8.86	8.97	8.50	8.82	111848395	1016702080.00
20150325	8.81	8.81	8.64	8.69	64846780	585684352.00
20150326	8.64	8.86	8.55	8.81	80342634	727315776.00
20150327	8.81	8.84	8.62	8.74	56749701	514935072.00
20150330	8.84	9.18	8.81	9.06	144670137	1351773824.00
20150331	9.07	9.22	8.69	8.76	128440722	1188833792.00
20150401	8.71	8.87	8.71	8.81	66128002	602223872.00
20150402	8.81	8.87	8.77	8.87	75805318	691726848.00
20150403	8.83	9.15	8.80	9.00	106102022	986143744.00
20150407	9.02	9.55	8.98	9.41	155077497	1484475264.00
20150408	9.41	9.42	8.94	9.25	125750781	1200941184.00
20150409	9.25	9.45	8.96	9.40	128083310	1221683968.00
20150410	9.32	10.19	9.27	9.80	202775231	2047924352.00
20150413	9.78	9.91	9.59	9.85	121034522	1221103488.00
20150414	9.86	10.16	9.70	10.00	116782958	1198472576.00
20150415	9.85	10.53	9.65	10.03	177236627	1849563904.00
20150416	9.68	10.49	9.56	10.22	138374246	1434643200.00
20150417	10.46	11.27	10.33	11.27	329601888	3784034560.00
20150420	11.32	12.43	10.97	11.68	388351589	4687887872.00
20150421	11.38	12.33	10.84	11.19	241492865	2820269312.00
20150422	10.98	11.87	10.83	11.32	195829611	2277828096.00
20150423	11.32	11.33	10.88	11.07	124290041	1418612864.00
20150424	10.94	11.66	10.83	11.46	201782531	2367926272.00
20150427	11.77	12.64	11.50	12.64	319361259	4027320320.00
20150428	12.70	13.94	12.24	13.94	354333165	4814834688.00
20150429	13.78	13.78	12.51	12.81	260311876	3459749120.00
20150430	12.68	13.07	12.19	12.43	160839927	2073132160.00
20150504	12.37	12.39	11.69	12.05	121195644	1501390720.00
20150505	12.06	12.46	11.44	11.46	124147072	1532119936.00
20150506	11.45	11.68	10.49	10.80	135965000	1550659968.00
20150507	10.79	10.79	10.11	10.12	108450750	1156519424.00
20150508	10.24	10.53	10.07	10.52	104777395	1111692416.00
20150511	10.63	10.90	10.29	10.88	118476959	1295032960.00
20150512	10.87	11.13	10.74	11.08	127316517	1435655808.00
20150513	11.04	11.04	10.53	10.62	119035077	1320278528.00
20150514	10.63	10.85	10.43	10.71	83887591	919310784.00
20150515	10.71	10.72	10.26	10.36	74434302	800101248.00
20150518	10.38	11.35	10.28	10.89	153330972	1720184320.00
20150519	10.79	11.28	10.73	11.21	118210563	1345163008.00
20150521	12.36	12.36	11.68	12.36	62444442	787554176.00
20150522	13.63	13.63	12.43	12.49	312093922	4178292992.00
20150525	12.18	12.81	11.88	12.64	171493832	2194102016.00
20150526	12.65	12.78	12.24	12.61	152650040	1959323264.00
20150527	12.60	12.60	12.10	12.18	138462218	1742317568.00
20150528	12.16	12.48	11.56	11.67	157661063	1965764608.00
20150529	11.48	11.78	10.68	11.09	116563906	1335812096.00
20150601	10.98	11.76	10.98	11.69	97439054	1142061312.00
20150602	11.73	11.95	11.59	11.89	105976888	1280717696.00
20150603	11.89	12.36	11.80	12.22	122373529	1517945344.00
20150604	12.23	12.25	11.18	11.88	98100591	1183919872.00
20150605	12.06	12.55	12.01	12.53	168926261	2134902400.00
20150608	12.78	13.68	12.70	13.03	252895421	3396887808.00
20150609	13.00	13.00	12.46	12.65	135972723	1765395456.00
20150610	12.46	12.90	12.25	12.71	110267959	1432350080.00
20150611	12.68	12.68	12.29	12.44	96369298	1229620736.00
20150612	12.49	12.78	12.18	12.58	128185064	1648245120.00
20150615	12.65	13.44	12.63	12.85	189050547	2531746560.00
20150616	12.58	12.67	11.69	11.88	107496751	1348626560.00
20150617	11.83	12.28	11.28	12.18	85264767	1032921536.00
20150618	12.25	13.21	11.93	12.34	156481755	2039078272.00
20150619	11.73	12.07	11.07	11.10	94546809	1134712320.00
20150623	11.12	11.48	10.04	11.38	91171456	1018488768.00
20150624	11.50	12.20	11.38	12.15	126583235	1531326336.00
20150625	12.28	13.28	11.96	12.51	262318937	3430641408.00
20150626	11.86	12.18	11.23	11.23	145456194	1741328896.00
20150629	11.59	12.04	10.29	11.79	176984471	2089182080.00
20150630	11.82	12.68	10.58	12.52	201425008	2419393536.00
20150701	12.53	13.76	12.20	12.73	337472245	4508987904.00
20150702	12.68	13.29	11.43	11.43	282684988	3619756032.00
20150703	10.26	10.86	10.26	10.26	125019510	1327271168.00
20150706	11.06	11.06	9.21	9.21	198499684	1991997312.00
20150707	8.26	8.57	8.26	8.26	69992072	600018688.00
20150708	7.41	8.16	7.41	7.41	331205189	2611135232.00
20150709	6.89	8.18	6.89	8.18	91947173	752224320.00
20150710	8.44	9.03	8.43	9.03	87682507	806259648.00
20150713	9.31	9.96	9.03	9.96	139234501	1377429376.00
20150714	9.61	10.38	9.39	9.49	113409214	1140978688.00
20150715	9.11	9.41	8.51	8.51	76222430	692449536.00
20150716	8.51	9.05	7.96	8.63	61535808	547634240.00
20150717	8.80	9.31	8.64	9.13	58516015	545081728.00
20150720	9.11	9.96	9.01	9.62	94464956	928331584.00
20150721	9.39	9.77	9.23	9.49	71690580	704599936.00
20150722	9.49	10.16	9.39	9.91	126104224	1287815040.00
20150723	9.90	10.81	9.90	10.57	145389919	1545058304.00
20150724	10.52	11.04	9.92	10.25	148638400	1608183680.00
20150727	9.90	10.39	9.20	9.20	85262502	864362752.00
20150728	8.69	9.36	8.25	8.70	96754095	869742912.00
20150729	9.07	9.60	8.77	9.60	76013307	720277312.00
20150730	9.51	10.08	9.09	9.23	81917657	820243840.00
20150731	9.14	9.56	9.03	9.38	59284604	569912896.00
20150803	9.29	9.58	8.59	9.23	61192460	578275456.00
20150804	9.38	10.03	9.26	9.93	61849643	616416320.00
20150805	9.94	10.00	9.52	9.63	51843611	521717344.00
20150806	9.36	10.26	9.26	9.78	63936639	650013312.00
20150807	10.02	10.79	10.02	10.79	130324139	1415730944.00
20151225	10.52	11.90	9.69	11.48	269321321	3039247104.00
20151228	10.97	11.20	10.30	10.30	175215653	1909616512.00
20151229	10.11	10.50	9.86	10.35	87917340	925287360.00
20151230	10.19	10.21	9.44	9.53	116874636	1175857024.00
20151231	9.46	9.69	8.91	8.95	98243436	941709248.00
20160104	8.93	9.01	8.03	8.03	56882095	500036128.00
20160105	7.86	8.39	7.61	8.30	76014733	639468736.00
20160106	8.31	8.38	8.10	8.36	66618658	570173440.00
20160107	8.23	8.23	7.50	7.51	13068200	105990176.00
20160108	7.72	7.96	7.27	7.76	58901840	470251776.00
20160111	7.50	8.14	7.39	7.46	57918491	465418528.00
20160112	7.51	7.71	7.34	7.56	36035017	281297376.00
20160113	7.55	7.67	7.19	7.20	40588270	316955328.00
20160114	6.91	7.37	6.59	7.25	49015362	357535040.00
20160115	7.15	7.16	6.50	6.58	52673243	373035424.00
20160118	6.42	7.21	6.41	6.88	56646117	404556864.00
20160119	6.78	7.15	6.71	7.01	54387244	393303776.00
20160120	6.96	7.22	6.86	6.93	49665125	363449056.00
20160121	6.79	6.96	6.51	6.53	38835872	274476640.00
20160122	6.63	6.70	6.41	6.65	28541061	196304400.00
20160125	6.70	6.76	6.63	6.69	20480968	142950032.00
20160126	6.63	6.64	5.99	6.01	33975967	224615008.00
20160127	6.01	6.11	5.57	5.83	29182461	179488432.00
20160128	5.73	5.92	5.42	5.44	21913449	131517136.00
20160129	5.43	5.91	5.43	5.81	34734003	208430832.00
20160201	5.79	5.83	5.52	5.65	20994616	125715120.00
20160202	5.70	5.91	5.70	5.87	25003484	153252416.00
20160203	5.79	5.86	5.71	5.81	18210466	110240392.00
20160204	5.86	5.99	5.84	5.93	21523189	133675416.00
20160205	5.94	5.98	5.78	5.80	20861862	128858968.00
20160215	5.52	5.70	5.49	5.67	14365100	84856872.00
20160216	5.76	6.27	5.75	6.27	46439128	298974272.00
20160217	6.39	6.41	6.19	6.34	47972784	316465056.00
20160218	6.37	6.76	6.24	6.42	45864010	309130432.00
20160219	6.42	6.45	6.24	6.34	24438388	161886688.00
20160222	6.40	6.53	6.38	6.44	27869586	187722688.00
20160223	6.45	6.55	6.32	6.45	24648291	165608272.00
20160224	6.48	6.74	6.40	6.70	39495087	271019680.00
20160225	6.63	6.64	6.00	6.00	40508658	266970224.00
20160226	6.11	6.36	5.79	6.16	27251826	173990848.00
20160229	6.08	6.18	5.52	5.70	35286890	212128656.00
20160301	5.70	5.83	5.55	5.76	28486220	170731200.00
20160302	5.76	6.23	5.74	6.15	38625589	243419664.00
20160303	6.09	6.59	6.06	6.40	59291199	393974208.00
20160304	6.31	6.57	6.12	6.27	38633727	257030464.00
20160307	6.41	6.61	6.41	6.53	36237129	246832576.00
20160308	6.67	7.15	6.41	7.04	77415115	548576384.00
20160309	6.71	6.79	6.46	6.52	42537804	293260224.00
20160310	6.58	6.62	6.32	6.37	23848857	161288928.00
20160311	6.25	6.35	6.09	6.23	21900300	142659744.00
20160314	6.32	6.55	6.27	6.46	27621131	186383104.00
20160315	6.46	6.46	6.24	6.33	18779093	124207536.00
20160316	6.36	6.38	6.13	6.22	17530561	115160496.00
20160317	6.28	6.48	6.26	6.42	21160387	141420896.00
20160318	6.43	6.76	6.43	6.63	30020323	206935376.00
20160321	6.67	6.91	6.67	6.79	35079817	247465696.00
20160322	6.79	6.79	6.62	6.72	27121083	189432896.00
20160323	6.67	6.76	6.62	6.70	17801485	124075792.00
20160324	6.64	6.64	6.44	6.47	25184869	172410976.00
20160325	6.49	6.57	6.41	6.50	16040606	108737008.00
20160328	6.54	6.63	6.34	6.38	29880499	203292480.00
20160329	6.34	6.39	6.06	6.13	32624032	211118128.00
20160330	6.21	6.30	6.16	6.30	31788004	207062800.00
20160331	6.32	6.43	6.27	6.35	31499389	209703056.00
20160401	6.39	6.46	6.26	6.37	27280934	181600400.00
20160405	6.46	6.86	6.38	6.70	68291902	473136832.00
20160406	6.63	6.66	6.50	6.59	36472980	250673952.00
20160407	6.64	6.68	6.50	6.54	34197764	234985424.00
20160408	6.45	6.51	6.34	6.42	28078533	188996320.00
20160411	6.50	6.66	6.46	6.59	28699926	197705280.00
20160412	6.59	7.05	6.56	6.78	64429944	455474880.00
20160413	6.83	7.28	6.83	6.95	87248390	643056192.00
20160414	6.91	7.06	6.86	6.93	43132659	312143200.00
20160415	7.01	7.17	6.92	6.98	45294656	331733248.00
20160418	6.91	7.09	6.79	6.84	44477777	320322400.00
20160419	6.91	7.00	6.73	6.81	25358673	180761776.00
20160420	6.93	6.97	6.29	6.45	53618768	369914400.00
20160421	6.44	6.56	6.37	6.39	27821473	187719392.00
20160422	6.32	6.41	6.20	6.32	23615748	155968384.00
20160425	6.28	6.32	6.06	6.18	28212205	181796512.00
20160426	6.19	6.28	6.18	6.27	19042385	124189776.00
20160427	6.29	6.31	6.16	6.19	16264398	106010280.00
20160428	6.18	6.21	6.01	6.11	22442728	143449216.00
20160429	6.13	6.14	6.08	6.12	15341394	98224336.00
20160503	6.14	6.28	6.10	6.27	24482026	159568560.00
20160504	6.23	6.42	6.20	6.36	30811422	203253568.00
20160505	6.33	6.39	6.30	6.35	20925287	138955648.00
20160506	6.37	6.39	6.01	6.02	26990283	174866112.00
20160509	5.98	5.98	5.72	5.76	24827245	151534656.00
20160510	5.72	6.28	5.72	6.02	29884280	187881968.00
20160511	5.97	6.07	5.83	5.91	19847101	123530864.00
20160512	5.82	5.90	5.71	5.85	13376118	81614784.00
20160513	5.85	5.93	5.79	5.84	12875230	79270912.00
20160516	5.84	5.91	5.78	5.88	12060941	74034344.00
20160517	5.93	5.94	5.83	5.86	12784403	78872824.00
20160518	5.82	5.85	5.74	5.81	16122979	98133872.00
20160519	5.83	5.89	5.78	5.81	8870153	54402144.00
20160520	5.76	5.88	5.73	5.85	10220545	62531412.00
20160523	5.87	5.99	5.85	5.92	16659200	103106496.00
20160524	5.87	5.90	5.79	5.81	11301162	69083496.00
20160525	5.86	5.86	5.77	5.78	8450942	51596576.00
20160526	5.78	5.82	5.63	5.77	13549036	81422304.00
20160527	5.76	5.84	5.71	5.78	12323598	74743400.00
20160530	5.73	5.78	5.69	5.71	12992974	78156912.00
20160531	5.74	5.97	5.74	5.95	26234685	162193952.00
20160601	5.95	6.00	5.90	5.95	22170288	138273552.00
20160602	5.92	5.97	5.89	5.93	16274172	101121616.00
20160603	5.94	6.03	5.89	5.96	22865044	142755024.00
20160606	5.95	6.01	5.94	5.97	13722415	85969992.00
20160607	5.99	6.01	5.94	5.98	13830768	86708552.00
20160608	5.99	6.14	5.89	6.02	24710195	155788944.00
20160613	5.92	5.93	5.77	5.79	16935040	104417048.00
20160614	5.81	5.85	5.75	5.82	10056504	60331312.00
20160615	5.75	5.92	5.72	5.87	15613749	94206816.00
20160616	5.87	5.89	5.71	5.75	20958757	125115840.00
20160617	5.76	5.83	5.75	5.77	13779141	82342104.00
20160620	5.78	5.79	5.64	5.71	13208266	77699264.00
20160621	5.73	5.79	5.65	5.67	13265021	78438264.00
20160622	5.66	5.72	5.66	5.72	8222701	48383840.00
20160623	5.72	5.72	5.66	5.67	9116120	53521992.00
20160624	5.68	5.71	5.49	5.58	19583711	113637856.00
20160627	5.61	5.68	5.58	5.67	11190678	65359720.00
20160628	5.63	5.73	5.60	5.71	17579769	102999672.00
20160629	5.73	5.81	5.68	5.74	18698046	111138640.00
20160630	5.73	5.76	5.69	5.71	11101413	65560400.00
20160701	5.71	5.75	5.70	5.71	9700030	57323660.00
20160704	5.70	5.91	5.68	5.87	28628474	171947648.00
20160705	6.11	6.22	5.98	6.01	53225771	334555392.00
20160706	5.94	6.00	5.93	5.97	24427900	150212224.00
20160707	5.97	6.04	5.91	5.98	26702100	164258032.00
20160708	5.95	5.96	5.89	5.93	19458500	118918648.00
20160711	5.94	5.99	5.89	5.92	16566300	101548304.00
20160712	5.91	6.15	5.90	6.13	44266900	275393280.00
20160713	6.15	6.23	6.10	6.19	44268300	281160384.00
20160714	6.18	6.36	6.15	6.20	43427500	280023616.00
20160715	6.29	6.33	6.14	6.21	22523300	144240848.00
20160718	6.20	6.21	6.12	6.16	19813800	125730000.00
20160719	6.16	6.22	6.11	6.17	14776900	93884912.00
20160720	6.17	6.19	6.08	6.09	16488800	104070816.00
20160721	6.09	6.15	6.07	6.10	10561100	66535444.00
20160722	6.10	6.10	6.00	6.04	13305400	82906104.00
20160725	6.00	6.06	5.95	5.98	18719800	115873872.00
20160726	5.97	6.05	5.96	6.05	12505800	77553344.00
20160727	6.05	6.13	5.81	5.87	27335013	168724592.00
20160728	5.86	6.04	5.83	6.01	23103847	141909344.00
20160729	5.96	6.02	5.86	5.91	13209922	80825072.00
20160801	6.05	6.19	6.02	6.05	35945041	225590672.00
20160802	6.00	6.11	5.97	6.10	19639674	122217856.00
20160803	6.10	6.18	6.08	6.18	26938514	170489984.00
20160804	6.19	6.19	6.05	6.12	16773887	105496416.00
20160805	6.11	6.14	6.07	6.08	14854242	93460032.00
20160808	6.07	6.28	6.07	6.26	30275502	193516464.00
20160809	6.24	6.27	6.19	6.26	17800900	114247328.00
20160810	6.25	6.25	6.14	6.15	16573600	105785160.00
20160811	6.15	6.23	6.12	6.12	13852156	88176816.00
20160812	6.13	6.30	6.09	6.25	18956316	120819328.00
20160815	6.28	6.48	6.24	6.40	42596619	279346528.00
20160816	6.41	6.59	6.40	6.43	50163864	334871520.00
20160817	6.40	6.46	6.38	6.41	18547794	122427144.00
20160818	6.41	6.47	6.37	6.39	16570880	109589824.00
20160819	6.35	6.59	6.35	6.58	32253652	215585120.00
20160822	6.57	6.74	6.43	6.45	28613800	193529696.00
20160823	6.45	6.52	6.40	6.45	16852700	111975672.00
20160824	6.46	6.46	6.35	6.36	12199800	80372576.00
20160825	6.33	6.37	6.20	6.29	15263200	98505256.00
20160826	6.29	6.34	6.23	6.25	13028000	84379936.00
20160829	6.26	6.32	6.23	6.31	11434953	74012928.00
20160830	6.39	6.41	6.28	6.29	21547381	140397616.00
20160831	6.30	6.34	6.26	6.31	11323755	73488296.00
20160901	6.29	6.44	6.28	6.33	27945755	183342576.00
20160902	6.31	6.36	6.26	6.33	15707461	102228736.00
20160905	6.34	6.37	6.31	6.33	13789763	90008864.00
20160906	6.35	6.42	6.25	6.39	15711488	102711688.00
20160907	6.41	6.47	6.40	6.43	25197870	167111840.00
20160908	6.45	6.53	6.40	6.51	21202700	140944064.00
20160909	6.57	6.74	6.51	6.53	57251234	390710208.00
20160912	6.39	6.43	6.25	6.41	31911588	208733728.00
20160913	6.41	6.43	6.30	6.36	14199305	92999936.00
20160914	6.31	6.32	6.24	6.27	13736332	88724768.00
20160919	6.28	6.35	6.27	6.31	9189050	59693640.00
20160920	6.35	6.35	6.23	6.27	13598367	87769680.00
20160921	6.27	6.35	6.24	6.30	13818554	89619440.00
20160922	6.34	6.37	6.29	6.31	14733821	95980512.00
20160923	6.33	6.55	6.33	6.45	37064368	245787296.00
20160926	6.42	6.43	6.29	6.30	19670156	128516424.00
20160927	6.26	6.32	6.21	6.31	14893349	96216048.00
20160928	6.33	6.34	6.29	6.31	10268000	66786112.00
20160929	6.30	6.37	6.29	6.33	11759365	76754864.00
20160930	6.30	6.35	6.29	6.31	9024298	58716552.00
20161010	6.35	6.52	6.33	6.50	26801771	178588736.00
20161011	6.49	6.56	6.45	6.52	23219620	155688832.00
20161012	6.51	6.54	6.45	6.49	12109849	80865912.00
20161013	6.50	6.66	6.47	6.58	24087754	162594352.00
20161014	6.56	6.58	6.49	6.58	16489862	110779048.00
20161017	6.57	6.66	6.50	6.53	19832750	134432176.00
20161018	6.52	6.80	6.49	6.76	46256399	317684192.00
20161019	6.73	6.94	6.69	6.72	47954600	335309824.00
20161020	6.70	6.73	6.60	6.66	23987125	164295712.00
20161021	6.62	6.87	6.62	6.77	33292551	230736800.00
20161024	6.81	7.10	6.79	6.95	60472822	432266464.00
20161025	6.94	6.99	6.85	6.90	28580436	202237984.00
20161026	6.88	6.92	6.81	6.84	21763455	153253280.00
20161027	6.85	6.87	6.64	6.76	29344715	204068352.00
20161028	6.72	6.78	6.61	6.63	19697027	135622000.00
20161031	6.65	6.65	6.55	6.61	21585755	146137392.00
20161101	6.62	6.69	6.58	6.68	19996968	136662208.00
20161102	6.66	6.66	6.53	6.55	20691400	140015744.00
20161103	6.54	6.69	6.51	6.63	22279408	151472640.00
20161104	6.63	6.65	6.56	6.59	12841400	87173552.00
20161107	6.58	6.62	6.52	6.59	15466512	104448032.00
20161108	6.64	6.66	6.57	6.61	19399814	132062640.00
20161109	6.63	6.68	6.46	6.51	29476702	198923696.00
20161110	6.58	6.89	6.58	6.75	52037110	359570944.00
20161111	6.77	7.10	6.72	6.98	75009084	533222144.00
20161114	7.02	7.34	7.02	7.09	78410769	575841344.00
20161115	7.21	7.30	6.99	7.07	59061929	430963104.00
20161116	7.31	7.45	7.13	7.27	59682400	443081472.00
20161117	7.47	7.75	7.35	7.56	99824200	772290816.00
20161118	7.37	7.46	7.21	7.23	66707700	501946400.00
20161121	7.18	7.40	7.18	7.29	42837200	320219680.00
20161122	7.30	7.34	7.19	7.31	38338278	285929760.00
20161123	7.30	7.31	7.10	7.14	34719579	256862384.00
20161124	7.18	7.25	7.11	7.22	32861500	242202016.00
20161125	7.20	7.23	7.02	7.21	33928600	249110352.00
20161128	7.25	7.48	7.19	7.44	58097300	438930368.00
20161129	7.40	7.58	7.25	7.42	59258500	449126880.00
20161130	7.38	7.43	7.13	7.20	39182400	291203520.00
20161201	7.21	7.40	7.16	7.27	41890701	313138624.00
20161202	7.26	7.34	7.05	7.06	37920201	279440416.00
20161205	6.98	7.15	6.95	7.04	25793400	186078752.00
20161206	7.08	7.10	6.99	7.00	12855400	92817024.00
20161207	7.00	7.05	6.95	7.05	17107753	123001904.00
20161208	7.04	7.05	6.93	6.95	19495000	139935680.00
20161209	6.95	7.00	6.89	6.99	18952900	135402944.00
20161212	6.98	7.01	6.68	6.79	37036417	259162000.00
20161213	6.79	6.87	6.68	6.84	15389464	107333240.00
20161214	6.82	6.84	6.69	6.73	17578012	122368400.00
20161215	6.69	6.79	6.67	6.72	14192659	98172664.00
20161216	6.72	6.76	6.67	6.73	13319107	92031760.00
20161219	6.73	6.77	6.67	6.70	14645930	101171584.00
20161220	6.71	6.73	6.65	6.68	13697212	94038448.00
20161221	6.70	6.90	6.70	6.86	29795233	208216304.00
20161222	6.84	6.87	6.78	6.82	15021698	105181488.00
20161223	6.81	6.84	6.69	6.71	13769308	95456912.00
20161226	6.70	6.71	6.57	6.70	19454614	132745760.00
20161227	6.69	6.71	6.65	6.67	11204844	76965344.00
20161228	6.67	6.70	6.63	6.64	8849221	60683432.00
20161229	6.67	6.68	6.57	6.62	7285600	49714568.00
20161230	6.61	6.66	6.60	6.62	6589600	44917152.00
20170103	6.63	6.70	6.59	6.70	11092625	76031992.00
20170104	6.70	6.82	6.68	6.78	17639801	122555208.00
20170105	6.79	6.92	6.76	6.79	16660591	116458064.00
20170106	6.80	6.89	6.75	6.85	22255609	156115936.00
20170109	6.83	6.87	6.78	6.86	12588785	88364096.00
20170110	6.86	6.94	6.79	6.89	23115205	163435184.00
20170111	6.86	6.92	6.78	6.79	15934624	111914496.00
20170112	6.77	6.81	6.67	6.68	15081951	104493248.00
20170113	6.71	6.79	6.63	6.76	14069667	96784576.00
20170116	6.71	6.91	6.61	6.84	48862255	340764128.00
20170117	6.81	6.84	6.75	6.82	12742787	89028952.00
20170118	6.82	6.97	6.78	6.94	24968743	177230608.00
20170119	6.95	7.03	6.92	6.95	20405604	146029424.00
20170120	6.95	7.01	6.93	6.97	17802583	127397184.00
20170123	6.98	7.00	6.92	6.95	19000556	135825104.00
20170124	6.94	6.98	6.88	6.97	15336157	109134664.00
20170125	6.95	6.97	6.91	6.94	11838209	84504728.00
20170126	6.94	6.98	6.93	6.93	16949366	120989312.00
20170203	6.96	6.97	6.86	6.88	11031390	78256224.00
20170206	6.88	6.90	6.79	6.84	16138732	113722384.00
20170207	6.85	6.96	6.82	6.95	19455244	137727888.00
20170208	6.93	7.00	6.85	6.98	24688607	176094896.00
20170209	6.97	7.02	6.94	7.00	27555121	197482032.00
20170210	7.02	7.13	6.99	7.07	39921932	289685824.00
20170213	7.06	7.19	7.06	7.09	45674514	333706752.00
20170214	7.10	7.14	7.04	7.14	28801079	209853840.00
20170215	7.14	7.24	6.99	7.06	40002751	292559136.00
20170216	7.04	7.17	7.02	7.15	27775512	202717792.00
20170217	7.15	7.18	6.99	7.00	24215396	176047312.00
20170220	6.99	7.27	6.99	7.21	63289100	465534752.00
20170221	7.21	7.24	7.13	7.19	32858198	241890432.00
20170222	7.20	7.29	7.15	7.23	35063959	260026048.00
20170223	7.23	7.25	7.08	7.12	29411369	216079568.00
20170224	7.11	7.20	7.05	7.15	27458500	200384704.00
20170227	7.13	7.14	7.01	7.02	28601600	207376144.00
20170228	7.00	7.10	7.00	7.06	21997417	159294928.00
20170301	7.06	7.09	7.02	7.04	24349168	176673136.00
20170302	7.07	7.16	6.98	7.00	27062445	196509744.00
20170303	6.94	6.97	6.86	6.88	28812118	204193888.00
20170306	6.89	6.94	6.87	6.93	15694482	111341408.00
20170307	6.93	6.94	6.90	6.93	12358300	87819184.00
20170308	6.95	6.97	6.88	6.94	18882559	134415024.00
20170309	6.94	6.94	6.82	6.84	16740811	118095184.00
20170310	6.83	6.86	6.81	6.83	16210530	113785128.00
20170313	6.84	6.90	6.75	6.89	16126076	113245560.00
20170314	6.89	6.90	6.84	6.87	13534062	95625488.00
20170315	6.86	6.90	6.82	6.88	13090690	92268112.00
20170316	6.90	6.96	6.90	6.96	17788090	126684944.00
20170317	6.97	6.98	6.80	6.83	20063676	142170800.00
20170320	6.83	6.94	6.83	6.91	13944200	98732400.00
20170321	6.92	6.96	6.89	6.92	12850600	91437288.00
20170322	6.88	7.07	6.86	7.04	36368806	261112752.00
20170323	7.02	7.04	6.90	7.02	22456093	161202160.00
20170324	6.99	7.18	6.99	7.17	50752900	370579040.00
20170327	7.21	7.23	7.07	7.10	37341076	274343200.00
20170328	7.10	7.16	7.01	7.13	31270362	227307728.00
20170329	7.19	7.55	7.14	7.28	94129787	707504448.00
20170330	7.29	7.40	7.06	7.17	62860037	466891616.00
20170331	7.13	7.17	6.91	6.97	49358865	354906912.00
20170405	6.93	7.05	6.93	7.02	31758039	228530624.00
20170406	7.00	7.17	6.97	7.13	45374771	329391488.00
20170407	7.11	7.14	7.01	7.04	29917138	217356576.00
20170410	7.03	7.12	7.00	7.11	27888740	202649984.00
20170411	7.09	7.21	6.96	7.20	45003800	327518464.00
20170412	7.18	7.28	7.11	7.12	40068100	296079808.00
20170413	7.07	7.22	7.06	7.19	23183630	170103616.00
20170414	7.16	7.20	7.01	7.04	24997645	181690976.00
20170417	7.03	7.13	6.94	7.01	20998313	151830512.00
20170418	7.01	7.06	6.91	6.94	20207009	145200432.00
20170419	6.91	6.94	6.67	6.75	29964454	208709632.00
20170420	6.74	6.80	6.66	6.73	15199595	105230336.00
20170421	6.74	6.77	6.68	6.71	12435700	85927728.00
20170424	6.71	6.72	6.42	6.44	22698500	151964912.00
20170425	6.44	6.52	6.43	6.47	10080600	67241856.00
20170426	6.47	6.52	6.42	6.45	12002700	79930016.00
20170427	6.46	6.51	6.26	6.50	19945500	131369464.00
20170428	6.48	6.50	6.43	6.48	14315366	95209552.00
20170502	6.49	6.52	6.41	6.49	11468439	76530488.00
20170503	6.49	6.52	6.44	6.49	10784589	71932616.00
20170504	6.49	6.51	6.42	6.47	11831600	78825672.00
20170505	6.44	6.47	6.29	6.30	14868500	97703200.00
20170508	6.26	6.34	6.11	6.15	15386600	98801296.00
20170509	6.13	6.23	6.08	6.21	12459000	79049216.00
20170510	6.19	6.22	5.96	5.97	14349800	90633496.00
20170511	5.94	6.00	5.77	5.93	20328100	123552624.00
20170512	5.91	6.03	5.85	5.99	17858567	109670408.00
20170515	6.07	6.10	5.97	5.98	13732971	85295136.00
20170516	5.97	6.06	5.89	6.05	13700436	84447032.00
20170517	6.06	6.14	6.05	6.10	15961046	100479536.00
20170518	6.06	6.07	6.01	6.02	10543900	65659104.00
20170519	6.00	6.08	5.99	6.05	7240923	45136988.00
20170522	6.07	6.08	5.94	5.95	10108413	62724700.00
20170523	5.95	5.97	5.89	5.90	10749700	65716704.00
20170524	5.89	5.94	5.81	5.93	9349600	56761512.00
20170525	5.94	6.10	5.88	6.06	16036300	99224832.00
20170526	6.06	6.10	6.03	6.04	9190800	57427644.00
20170531	6.09	6.12	6.05	6.05	9970676	62528652.00
20170601	6.04	6.09	6.01	6.01	9087510	56712100.00
20170602	6.01	6.09	5.95	6.09	9864319	61257400.00
20170605	6.08	6.12	6.06	6.09	11443462	71829960.00
20170606	6.07	6.11	6.07	6.11	6650537	41771736.00
20170607	6.11	6.20	6.10	6.19	14739613	93610768.00
20170608	6.19	6.19	6.14	6.17	10721970	68103200.00
20170609	6.15	6.17	6.10	6.14	11716704	74099848.00
20170612	6.12	6.12	6.04	6.05	11759500	73693824.00
20170613	6.05	6.13	6.04	6.13	9296565	58459744.00
20170614	6.12	6.21	6.11	6.15	15291563	97192744.00
20170615	6.14	6.19	6.12	6.17	11699596	74298392.00
20170616	6.17	6.18	6.13	6.16	7199482	45666180.00
20170619	6.16	6.23	6.14	6.22	12516973	79836240.00
20170620	6.21	6.23	6.17	6.21	8763000	55947864.00
20170621	6.26	6.28	6.19	6.22	15694725	100739704.00
20170622	6.22	6.29	6.18	6.20	16941348	109106960.00
20170623	6.20	6.24	6.10	6.20	13489431	85847696.00
20170626	6.18	6.38	6.18	6.37	29051791	189006384.00
20170627	6.40	6.41	6.32	6.38	14864725	97324288.00
20170628	6.36	6.40	6.33	6.36	12498331	81953864.00
20170629	6.33	6.43	6.33	6.42	13144512	86592352.00
20170630	6.39	6.45	6.37	6.44	14886425	98283392.00
20170703	6.44	6.44	6.36	6.42	15883039	101589112.00
20170704	6.42	6.43	6.30	6.32	17566451	111608200.00
20170705	6.33	6.38	6.29	6.37	12534437	79580040.00
20170706	6.38	6.40	6.34	6.37	12149987	77356280.00
20170707	6.37	6.46	6.36	6.45	20152804	129364888.00
20170710	6.46	6.59	6.44	6.49	21358287	139017712.00
20170711	6.51	6.56	6.43	6.44	16660823	107986072.00
数据来源:通达信
