600011 华能国际 日线 前复权
      日期	    开盘	    最高	    最低	    收盘	    成交量	    成交额
20111010	2.43	2.47	2.39	2.41	1547680	6519722.00
20111011	2.52	2.53	2.40	2.41	2701097	11398514.00
20111012	2.42	2.52	2.38	2.51	3450931	14655000.00
20111013	2.50	2.58	2.48	2.55	7241381	31241136.00
20111014	2.52	2.55	2.50	2.53	2590884	11150479.00
20111017	2.55	2.56	2.51	2.51	1439154	6201194.00
20111018	2.50	2.50	2.40	2.41	1781263	7532201.00
20111019	2.41	2.45	2.38	2.39	1939971	8129723.00
20111020	2.39	2.39	2.25	2.28	3519544	14363201.00
20111021	2.28	2.32	2.28	2.30	2314650	9442729.00
20111024	2.23	2.39	2.23	2.36	3234563	13268514.00
20111025	2.35	2.48	2.34	2.44	6754127	28537830.00
20111026	2.43	2.60	2.40	2.53	7168883	30902772.00
20111027	2.54	2.92	2.54	2.72	14261956	64369768.00
20111028	2.72	2.81	2.72	2.74	7713344	34929168.00
20111031	2.74	3.04	2.67	2.99	18146808	85098920.00
20111101	2.92	3.13	2.89	2.98	14004664	67522040.00
20111102	2.92	3.08	2.90	3.04	8601001	41160288.00
20111103	3.03	3.06	2.96	2.97	8713005	41775160.00
20111104	2.95	3.08	2.92	3.03	6666631	32046846.00
20111107	2.96	3.10	2.96	3.04	4766820	23028032.00
20111108	3.03	3.27	3.02	3.22	13869145	68969976.00
20111109	3.24	3.27	3.08	3.19	5028862	24848632.00
20111110	3.17	3.17	3.05	3.16	6384997	31191030.00
20111111	3.09	3.26	3.08	3.21	7796268	38697564.00
20111114	3.23	3.38	3.23	3.30	10707645	54582472.00
20111115	3.31	3.43	3.29	3.37	8087548	41780928.00
20111116	3.37	3.37	3.07	3.11	10035362	49411376.00
20111117	3.07	3.23	3.07	3.14	7027240	34698944.00
20111118	3.14	3.14	2.94	3.01	5769070	27714222.00
20111121	3.01	3.11	2.80	2.82	12268810	57240632.00
20111122	2.82	3.12	2.82	3.05	11542572	55033656.00
20111123	3.01	3.25	3.01	3.19	10140352	50459732.00
20111124	3.18	3.25	3.04	3.21	8376058	41538140.00
20111125	3.21	3.26	2.98	3.06	8357866	40900104.00
20111128	3.08	3.14	2.95	3.08	4081178	19833704.00
20111129	3.08	3.24	3.05	3.19	5733488	28459712.00
20111130	3.22	3.22	2.94	3.06	5665621	27456556.00
20111201	3.22	3.25	2.81	2.98	27545321	131231480.00
20111202	2.91	2.91	2.65	2.70	10700765	48480012.00
20111205	2.67	2.70	2.46	2.50	12194692	52484888.00
20111206	2.47	2.56	2.38	2.52	9431786	40199848.00
20111207	2.53	2.53	2.47	2.52	5324543	22873032.00
20111208	2.51	2.54	2.45	2.52	5931060	25488520.00
20111209	2.50	2.69	2.44	2.63	8603394	37902936.00
20111212	2.64	2.84	2.59	2.80	10454779	47344880.00
20111213	2.80	2.81	2.69	2.78	3771954	17021668.00
20111214	2.73	3.22	2.70	3.02	13384383	64600228.00
20111215	2.95	3.32	2.94	3.25	30120933	150762992.00
20111216	3.22	3.25	3.11	3.22	13134222	65270088.00
20111219	3.17	3.33	3.13	3.26	14438874	73086064.00
20111220	3.25	3.33	3.17	3.28	14001816	70818600.00
20111221	3.24	3.34	3.24	3.32	10697893	54418880.00
20111222	3.30	3.39	3.03	3.26	10621056	53140796.00
20111223	3.20	3.57	3.20	3.52	42565132	224052896.00
20111226	3.51	3.91	3.45	3.49	27090533	146585552.00
20111227	3.50	3.52	3.34	3.38	9046732	47168040.00
20111228	3.35	3.41	3.20	3.39	9582536	48812044.00
20111229	3.39	3.64	3.34	3.50	22514121	118814024.00
20111230	3.47	3.64	3.47	3.57	23341252	125108176.00
20120104	3.62	3.67	3.55	3.58	8211932	44118668.00
20120105	3.57	3.63	3.45	3.47	10441719	55854572.00
20120106	3.42	3.64	3.41	3.54	17073106	90739960.00
20120109	3.55	3.75	3.50	3.66	26043496	142607888.00
20120110	3.66	3.73	3.59	3.71	16498604	89799760.00
20120111	3.69	3.74	3.54	3.61	15066380	81922288.00
20120112	3.59	3.71	3.59	3.59	10374107	56059312.00
20120113	3.60	3.64	3.39	3.56	6727936	35476640.00
20120116	3.52	3.58	3.43	3.44	5473539	28777516.00
20120117	3.41	3.95	3.41	3.71	6637085	36495752.00
20120118	3.70	3.76	3.50	3.53	4846416	26256884.00
20120119	3.53	3.72	3.50	3.58	3910993	21162770.00
20120120	3.56	3.70	3.56	3.65	3986664	21552762.00
20120130	3.64	3.75	3.55	3.59	12101070	66232028.00
20120131	3.53	3.84	3.51	3.72	19936068	109831400.00
20120201	3.71	3.82	3.67	3.72	18931409	104627800.00
20120202	3.70	3.77	3.65	3.76	6838413	37544148.00
20120203	3.76	3.76	3.69	3.74	6069380	33458176.00
20120206	3.74	3.79	3.64	3.68	11823222	65120944.00
20120207	3.63	3.67	3.58	3.61	3965233	21380570.00
20120208	3.58	3.75	3.57	3.71	6034694	33039188.00
20120209	3.72	3.74	3.68	3.73	2730772	15001084.00
20120210	3.72	3.73	3.60	3.65	10945622	59436900.00
20120213	3.64	3.72	3.54	3.67	8926062	48156708.00
20120214	3.65	3.65	3.59	3.60	7512313	40575880.00
20120215	3.57	3.63	3.53	3.60	6689503	35919680.00
20120216	3.60	3.84	3.53	3.72	21547896	117206768.00
20120217	3.72	3.76	3.62	3.69	8103305	44304504.00
20120220	3.68	3.71	3.60	3.62	4105541	22336310.00
20120222	3.62	3.67	3.53	3.64	6093487	32670744.00
20120223	3.64	3.64	3.55	3.57	6950075	37293524.00
20120224	3.56	3.62	3.56	3.60	5383203	28883474.00
20120227	3.60	3.72	3.60	3.66	16313692	88947808.00
20120228	3.65	3.72	3.61	3.71	8276005	45162560.00
20120229	3.70	3.72	3.63	3.69	6481004	35332280.00
20120301	3.66	3.74	3.65	3.73	20081747	110277088.00
20120302	3.74	3.75	3.66	3.72	11530910	63127536.00
20120305	3.74	3.76	3.48	3.52	36274360	193680768.00
20120306	3.51	3.54	3.46	3.48	7934124	41770248.00
20120307	3.44	3.51	3.39	3.43	13458982	70128432.00
20120308	3.45	3.48	3.38	3.43	11729987	60999840.00
20120309	3.43	3.70	3.40	3.66	21994337	116978032.00
20120312	3.66	3.78	3.64	3.67	26440464	145094336.00
20120313	3.64	3.73	3.64	3.72	10849935	59421816.00
20120314	3.72	3.74	3.40	3.52	17123627	92706480.00
20120315	3.52	3.56	3.43	3.53	7210669	38037200.00
20120316	3.51	3.70	3.22	3.63	22660376	121969664.00
20120319	3.59	3.64	3.47	3.63	12092652	64276440.00
20120320	3.62	3.77	3.58	3.70	15045758	82262320.00
20120321	3.69	3.70	3.40	3.48	13841591	73153960.00
20120322	3.48	3.48	3.34	3.42	10113394	52198896.00
20120323	3.40	3.42	3.34	3.39	3133035	16157119.00
20120326	3.37	3.43	3.31	3.37	3763913	19354228.00
20120327	3.36	3.40	3.32	3.35	3913215	20054020.00
20120328	3.35	3.36	3.18	3.28	4876100	24635136.00
20120329	3.23	3.33	3.23	3.31	3519190	17820444.00
20120330	3.28	3.36	3.28	3.32	1501850	7644013.00
20120405	3.32	3.39	3.27	3.37	3568864	18262796.00
20120406	3.35	3.38	3.32	3.37	1898549	9734269.00
20120409	3.37	3.37	3.33	3.34	1106881	5678412.00
20120410	3.34	3.34	3.27	3.33	1534477	7799649.00
20120411	3.32	3.34	3.26	3.28	2852439	14489987.00
20120412	3.28	3.45	3.26	3.45	5539815	28739160.00
20120413	3.44	3.50	3.38	3.47	2670576	13989047.00
20120416	3.42	3.53	3.37	3.52	3207030	16861372.00
20120417	3.48	3.53	3.37	3.40	3557216	18576996.00
20120418	3.42	3.49	3.39	3.48	1644056	8598165.00
20120419	3.48	3.64	3.45	3.61	7434192	39798948.00
20120420	3.61	3.61	3.52	3.56	4543466	24256346.00
20120423	3.56	3.65	3.54	3.57	6532259	34977816.00
20120424	3.56	3.72	3.55	3.62	7023489	38071020.00
20120425	3.68	3.75	3.64	3.69	16192047	88856672.00
20120426	3.72	3.75	3.52	3.58	6338497	34422680.00
20120427	3.56	3.57	3.42	3.52	3388559	17848270.00
20120502	3.52	3.72	3.52	3.60	6445057	35006360.00
20120503	3.58	3.72	3.58	3.69	5094875	27784808.00
20120504	3.69	3.69	3.62	3.68	4805356	26117780.00
20120507	3.67	3.85	3.64	3.81	51881519	289239680.00
20120508	3.80	3.92	3.71	3.82	27339463	153868400.00
20120509	3.81	3.87	3.72	3.80	14665200	81646832.00
20120510	3.75	3.81	3.72	3.78	2886599	16026303.00
20120511	3.78	3.82	3.71	3.73	3322221	18449988.00
20120514	3.80	3.87	3.72	3.82	20112470	112411520.00
20120515	3.78	3.78	3.65	3.73	6894396	37898968.00
20120516	3.73	3.73	3.60	3.65	6337998	34596592.00
20120517	3.69	3.83	3.60	3.68	11680682	64340380.00
20120518	3.65	3.78	3.65	3.74	8564328	47091508.00
20120521	3.70	3.80	3.70	3.78	5229130	29051796.00
20120522	3.79	3.87	3.75	3.82	20469811	114598664.00
20120523	3.80	3.83	3.72	3.79	2193622	12165842.00
20120524	3.79	3.82	3.71	3.71	1873796	10362851.00
20120525	3.71	3.81	3.69	3.79	3181881	17654040.00
20120528	3.79	3.82	3.67	3.76	4547469	25040054.00
20120529	3.74	3.81	3.67	3.75	14112282	77817296.00
20120530	3.74	3.78	3.64	3.74	11463468	62858632.00
20120531	3.69	3.74	3.64	3.67	9406096	51495132.00
20120601	3.66	3.81	3.58	3.73	12525976	68619280.00
20120604	3.67	3.90	3.66	3.88	29517785	163643408.00
20120605	3.88	4.45	3.80	4.27	36438393	217483552.00
20120606	4.22	4.40	4.19	4.37	39387565	240034048.00
20120607	4.40	4.41	4.26	4.27	55908633	343740480.00
20120608	4.28	4.52	4.22	4.24	47138113	288781920.00
20120611	4.24	4.40	4.07	4.14	27564211	164107456.00
20120613	4.17	4.58	4.17	4.48	92994786	575474240.00
20120614	4.44	4.59	4.37	4.46	75140538	471373056.00
20120615	4.46	4.67	4.36	4.38	49226549	309992000.00
20120618	4.42	4.55	4.39	4.42	40068091	250334352.00
20120619	4.42	4.57	4.40	4.54	41846902	262446128.00
20120620	4.55	4.58	4.50	4.54	22608326	142889584.00
20120621	4.54	4.66	4.48	4.65	46566028	297695232.00
20120625	4.63	4.89	4.62	4.83	54412145	358829888.00
20120626	4.75	4.83	4.72	4.75	17104680	112198400.00
20120627	4.74	4.82	4.73	4.79	26198468	172117872.00
20120628	4.84	4.88	4.63	4.78	33289444	217489776.00
20120629	4.77	4.86	4.47	4.72	56677280	365654624.00
20120702	4.72	4.77	4.51	4.69	37608079	239977456.00
20120703	4.63	4.71	4.55	4.56	18924857	120563840.00
20120704	4.57	4.59	4.37	4.50	25246013	156559744.00
20120705	4.42	4.57	4.42	4.48	20402152	126954592.00
20120706	4.54	4.58	4.45	4.51	23361692	145849808.00
20120709	4.51	5.07	4.50	4.91	44659150	289435968.00
20120710	4.87	5.21	4.82	5.07	49655803	335071712.00
20120711	5.05	5.29	4.87	5.09	53793459	368138112.00
20120712	5.03	5.08	4.83	5.02	39159145	261957904.00
20120713	4.98	5.04	4.94	5.03	12567757	84476632.00
20120716	5.08	5.55	5.07	5.21	25026540	174901008.00
20120717	5.17	5.46	5.17	5.34	19621320	137950384.00
20120718	5.33	5.57	5.33	5.42	25880812	186328784.00
20120719	5.37	5.39	5.22	5.30	16296221	114157880.00
20120720	5.27	5.33	5.17	5.20	8974913	62318024.00
20120723	5.18	5.28	4.97	5.27	15143910	104234136.00
20120724	5.27	5.37	5.22	5.24	9934773	69524880.00
20120725	5.22	5.27	5.22	5.24	4245412	29628368.00
20120726	5.22	5.32	5.01	5.12	10906739	75220168.00
20120727	5.12	5.19	4.83	5.11	16982374	114810640.00
20120730	5.02	5.17	4.81	4.93	20467633	136698656.00
20120731	4.90	5.07	4.87	5.01	7661966	51349368.00
20120801	5.15	5.27	5.06	5.14	12474624	85993712.00
20120802	5.14	5.37	5.14	5.27	12190670	85220672.00
20120803	5.32	5.46	5.28	5.33	9824538	69729048.00
20120806	5.36	5.39	5.15	5.30	17642755	122326624.00
20120807	5.27	5.27	4.95	5.08	24688236	168123952.00
20120808	5.02	5.09	4.98	5.06	12443640	84113176.00
20120809	5.04	5.10	4.95	5.03	11290751	76201800.00
20120810	5.03	5.20	4.99	5.02	20310877	138622752.00
20120813	5.02	5.11	4.98	5.02	13242589	89971480.00
20120814	5.03	5.22	5.01	5.01	14807317	101057400.00
20120815	5.04	5.06	4.83	4.86	16940406	112186784.00
20120816	4.82	4.93	4.80	4.86	6673066	44101952.00
20120817	4.84	4.98	4.84	4.95	10060825	66768076.00
20120820	4.87	5.02	4.77	4.98	6839723	45643768.00
20120821	5.05	5.07	4.93	4.95	8203502	55167432.00
20120822	4.93	5.10	4.87	5.09	10780678	72832952.00
20120823	5.07	5.15	4.98	5.09	6760927	46170700.00
20120824	5.03	5.12	4.98	4.98	6388970	43280312.00
20120827	4.97	5.02	4.79	4.81	12272931	81132448.00
20120828	4.77	4.85	4.62	4.63	10737044	68957888.00
20120829	4.57	4.63	4.49	4.53	7682937	48129360.00
20120830	4.32	4.71	4.32	4.59	9087410	56891472.00
20120831	4.52	4.71	4.52	4.61	3933294	25008502.00
20120903	4.53	4.65	4.47	4.51	10237854	64203140.00
20120904	4.45	4.54	4.44	4.44	6728828	41842772.00
20120905	4.44	4.92	4.42	4.75	21551931	138804384.00
20120906	4.79	4.80	4.69	4.76	5394493	35008656.00
20120907	4.80	5.17	4.67	4.91	25126983	165979264.00
20120910	4.92	4.98	4.79	4.97	10244877	67650288.00
20120911	4.91	4.91	4.73	4.84	8533339	55882828.00
20120912	4.87	4.94	4.50	4.66	10199662	65095540.00
20120913	4.62	4.69	4.52	4.60	11746100	73937248.00
20120914	4.63	4.65	4.36	4.46	18195171	112219008.00
20120917	4.42	4.45	4.29	4.38	9640368	58726036.00
20120918	4.37	4.37	4.19	4.22	9619217	57686956.00
20120919	4.23	4.26	4.18	4.25	6467962	38446692.00
20120920	4.20	4.25	4.02	4.02	8374124	49081284.00
20120921	4.01	4.54	3.99	4.26	32560457	196425680.00
20120924	4.15	4.40	4.07	4.26	11679036	69895144.00
20120925	4.24	4.27	4.14	4.22	7743081	46141904.00
20120926	4.18	4.26	4.07	4.09	6313168	37182268.00
20120927	4.10	4.37	4.08	4.32	16015341	96191272.00
20120928	4.29	4.71	4.23	4.60	29979484	188051792.00
20121008	4.62	4.67	4.46	4.54	9465558	59535748.00
20121009	4.54	4.65	4.44	4.57	20169432	126267304.00
20121010	4.52	4.52	4.30	4.37	22787241	138855824.00
20121011	4.32	4.39	4.26	4.37	12635549	76526424.00
20121012	4.37	4.44	4.24	4.31	11936258	72311968.00
20121015	4.28	4.42	4.28	4.36	8385959	51230144.00
20121016	4.35	4.39	4.12	4.17	19905754	118537424.00
20121017	4.20	4.42	4.19	4.32	13771310	83168672.00
20121018	4.36	4.46	4.32	4.34	14925633	91344968.00
20121019	4.37	4.37	4.20	4.25	12500550	74739984.00
20121022	4.26	4.34	4.21	4.30	6170237	37186336.00
20121023	4.30	4.33	4.17	4.26	10381753	62065912.00
20121024	4.27	4.62	4.23	4.55	31194927	192406352.00
20121025	4.57	4.86	4.51	4.62	27834477	178532192.00
20121026	4.63	4.82	4.57	4.72	22235641	142932560.00
20121029	4.70	4.91	4.57	4.67	16100201	103879176.00
20121030	4.62	4.71	4.47	4.50	17010398	107838600.00
20121031	4.50	4.77	4.28	4.70	20826895	129679504.00
20121101	4.64	4.86	4.59	4.84	14154349	92411064.00
20121102	4.80	4.90	4.72	4.81	6113570	39996028.00
20121105	4.78	4.93	4.71	4.75	11097157	72676320.00
20121106	4.75	4.91	4.72	4.89	11558530	75831208.00
20121107	4.90	4.99	4.81	4.96	6070595	40358292.00
20121108	4.92	4.99	4.78	4.80	6672638	43806148.00
20121109	4.80	4.86	4.65	4.71	5344627	34560024.00
20121112	4.71	4.96	4.70	4.81	14233814	93146648.00
20121113	4.81	4.82	4.66	4.81	8786379	56855824.00
20121114	4.79	4.90	4.73	4.87	6065957	39951752.00
20121115	4.81	4.89	4.60	4.66	10162182	65514648.00
20121116	4.62	4.68	4.43	4.58	15690728	98250856.00
20121119	4.57	4.57	4.34	4.40	12706108	77856504.00
20121120	4.43	4.63	4.39	4.59	9973062	62077592.00
20121121	4.60	4.77	4.56	4.70	6469126	41567740.00
20121122	4.67	4.82	4.66	4.74	6825599	44213872.00
20121123	4.82	4.87	4.70	4.85	11831470	77163216.00
20121126	4.75	4.91	4.74	4.82	12347409	81209560.00
20121127	4.76	4.89	4.65	4.76	9872835	64028160.00
20121128	4.76	4.79	4.48	4.64	6819396	43715636.00
20121129	4.63	4.76	4.47	4.68	12761595	81291872.00
20121130	4.67	4.90	4.58	4.84	12110955	78489184.00
20121203	4.83	5.05	4.81	4.96	12464212	83359784.00
20121204	5.02	5.04	4.90	5.00	9128998	61210532.00
20121205	5.02	5.67	4.90	5.12	32893039	226941712.00
20121206	5.12	5.37	4.94	5.32	20456005	141805264.00
20121207	5.29	5.55	5.14	5.29	31035741	220523600.00
20121210	5.39	5.46	5.04	5.16	27282427	189000304.00
20121211	5.08	5.13	4.92	5.12	24510848	165271168.00
20121212	5.04	5.13	4.96	5.09	12490170	84384216.00
20121213	5.01	5.16	5.00	5.10	17974985	122767768.00
20121214	5.11	5.35	5.04	5.33	30199602	209934080.00
20121217	5.32	5.40	4.96	4.98	32136807	220944912.00
20121218	5.05	5.05	4.92	5.00	22770157	152716720.00
20121219	4.97	4.98	4.78	4.92	39835208	262257664.00
20121220	4.86	5.02	4.86	4.99	12838559	85865728.00
20121221	5.01	5.05	4.69	4.82	33528407	219947296.00
20121224	4.77	4.92	4.75	4.90	18299085	120631832.00
20121225	4.89	5.29	4.86	5.14	34384899	232524288.00
20121226	5.13	5.14	4.94	5.08	40549431	273145056.00
20121227	5.04	5.10	4.94	5.02	25084856	169056960.00
20121228	5.01	5.19	4.99	5.16	28716364	195644048.00
20121231	5.15	5.45	5.15	5.41	31058273	218483376.00
20130104	5.37	5.44	5.16	5.25	25714922	180513024.00
20130107	5.24	5.32	5.21	5.28	23415639	163829952.00
20130108	5.28	5.41	5.20	5.38	20102271	140554256.00
20130109	5.38	5.38	5.02	5.12	35467266	244878496.00
20130110	5.10	5.11	4.92	4.97	47243873	316583200.00
20130111	4.97	4.97	4.77	4.82	35455418	232968992.00
20130114	4.82	4.98	4.76	4.95	48359607	318437632.00
20130115	4.91	4.94	4.81	4.89	47810841	315175456.00
20130116	4.88	4.95	4.80	4.88	33535492	221886784.00
20130117	4.88	4.94	4.84	4.85	27934302	184731920.00
20130118	4.89	4.93	4.85	4.92	36770979	243298784.00
20130121	4.92	4.93	4.62	4.66	65883901	426226176.00
20130122	4.63	4.64	4.35	4.48	75708296	467064320.00
20130123	4.45	4.54	4.41	4.54	29756519	185155024.00
20130124	4.56	4.61	4.46	4.49	31742809	199149280.00
20130125	4.50	4.58	4.49	4.55	15261692	95522360.00
20130128	4.61	4.61	4.51	4.57	37364434	234339920.00
20130129	4.57	4.59	4.46	4.59	54891572	342724512.00
20130130	4.59	4.66	4.52	4.65	41397268	262550976.00
20130131	4.65	5.05	4.58	5.04	91557248	602118272.00
20130201	5.01	5.16	4.93	5.03	54755988	370987904.00
20130204	5.03	5.32	5.02	5.05	55624542	384394400.00
20130205	5.05	5.19	5.02	5.14	41589125	283562656.00
20130206	5.13	5.22	5.00	5.04	34493476	235234272.00
20130207	4.97	5.13	4.92	5.06	29742391	201110944.00
20130208	5.05	5.14	5.04	5.06	14769112	100814288.00
20130218	5.10	5.11	4.92	4.98	18088556	121723784.00
20130219	4.99	5.01	4.82	4.84	16819716	111573560.00
20130220	4.84	5.00	4.81	4.96	24882267	165178320.00
20130221	4.88	4.95	4.66	4.75	33922654	221381120.00
20130222	4.80	4.80	4.71	4.73	11670972	75635776.00
20130225	4.75	5.01	4.68	4.90	26619094	175730496.00
20130226	4.87	4.96	4.67	4.70	26048699	170607952.00
20130227	4.79	4.86	4.66	4.73	18750250	121621784.00
20130228	4.72	4.90	4.69	4.88	23839292	155934688.00
20130301	4.88	4.95	4.76	4.94	24770259	162511520.00
20130304	4.92	5.12	4.86	4.93	55767424	376936192.00
20130305	4.95	5.26	4.89	5.07	37516960	256428336.00
20130306	5.22	5.41	5.20	5.26	41264113	290328640.00
20130307	5.19	5.35	5.12	5.32	35316711	247065552.00
20130308	5.35	5.38	5.21	5.22	12787188	89449584.00
20130311	5.17	5.23	5.05	5.09	21761180	149386256.00
20130312	5.11	5.26	4.96	5.07	34605980	236972368.00
20130313	5.06	5.08	4.84	4.95	16144642	107275560.00
20130314	4.79	4.97	4.78	4.93	9568887	63389480.00
20130315	4.92	5.07	4.83	5.03	17963341	120933200.00
20130318	5.03	5.21	4.94	5.16	24227408	165138992.00
20130319	5.17	5.44	5.17	5.35	35642798	252346144.00
20130320	5.34	5.42	5.16	5.22	43758706	305330688.00
20130321	5.23	5.29	5.16	5.19	19407140	134836688.00
20130322	5.22	5.25	5.07	5.22	15810353	108890288.00
20130325	5.25	5.26	5.08	5.14	14796489	101702432.00
20130326	5.08	5.13	4.96	5.09	18199853	123313376.00
20130327	5.08	5.24	5.05	5.23	21430182	147792624.00
20130328	5.18	5.25	4.98	5.06	22241403	151774304.00
20130329	5.12	5.23	5.07	5.17	15815519	109099528.00
20130401	5.10	5.13	4.99	5.05	8849105	60021044.00
20130402	5.02	5.20	5.02	5.06	16529439	113088280.00
20130403	5.09	5.15	5.00	5.07	11701636	79398384.00
20130408	4.95	5.06	4.93	4.98	13930271	93604416.00
20130409	5.04	5.06	4.92	4.97	13824262	92836288.00
20130410	4.95	4.98	4.72	4.83	31329760	205525856.00
20130411	4.83	4.86	4.76	4.81	13993442	91436304.00
20130412	4.79	4.86	4.69	4.75	20829977	135457664.00
20130415	4.75	4.79	4.62	4.66	15630146	100371568.00
20130416	4.68	4.72	4.45	4.47	35134855	219019232.00
20130417	4.48	4.54	4.39	4.51	23812711	147489024.00
20130418	4.50	4.65	4.48	4.64	17633334	111205032.00
20130419	4.65	4.83	4.64	4.78	23297016	151583360.00
20130422	4.75	4.79	4.63	4.75	27151421	174940288.00
20130423	4.75	4.79	4.66	4.77	23817740	154356016.00
20130424	4.82	4.87	4.65	4.84	31503812	204973424.00
20130425	4.84	4.85	4.70	4.82	18419383	120184584.00
20130426	4.81	4.83	4.57	4.64	17036094	109540888.00
20130502	4.64	4.78	4.63	4.76	16523606	106940944.00
20130503	4.81	5.02	4.78	4.96	27727089	184812800.00
20130506	4.97	5.10	4.96	5.05	21887381	148583056.00
20130507	5.06	5.20	5.05	5.17	21236498	145630640.00
20130508	5.23	5.31	5.15	5.19	29124171	203111952.00
20130509	5.19	5.31	5.17	5.28	24088584	168686896.00
20130510	5.18	5.28	5.07	5.15	29214755	201430496.00
20130513	5.13	5.18	5.02	5.06	18531006	126464056.00
20130514	5.03	5.13	4.97	5.09	18055401	122126840.00
20130515	5.06	5.17	5.03	5.14	11138401	76214368.00
20130516	5.11	5.27	5.06	5.24	16467151	113722736.00
20130517	5.24	5.51	5.23	5.44	29344877	210597600.00
20130520	5.45	5.46	5.27	5.36	27427597	194647664.00
20130521	5.27	5.34	5.07	5.17	33060574	228185808.00
20130522	5.11	5.12	4.72	4.77	109893427	722491392.00
20130523	4.78	4.82	4.73	4.75	48553539	315441984.00
20130524	4.80	4.80	4.66	4.70	42426483	273006912.00
20130527	4.69	4.74	4.64	4.72	30743987	197280640.00
20130528	4.71	4.81	4.66	4.80	36022431	232999648.00
20130529	4.81	4.86	4.75	4.83	36142887	236694304.00
20130530	4.81	4.87	4.76	4.77	25835312	168616192.00
20130531	4.77	4.81	4.67	4.68	28311760	182245280.00
20130603	4.69	4.72	4.65	4.66	25337527	162320112.00
20130604	4.67	4.68	4.54	4.58	24400889	154297056.00
20130605	4.58	4.65	4.57	4.63	12577869	79759552.00
20130606	4.63	4.63	4.54	4.55	13629993	86145152.00
20130607	4.58	4.62	4.45	4.47	20141893	125661296.00
20130613	4.34	4.38	3.85	3.94	60362546	346983264.00
20130614	3.97	3.99	3.76	3.88	41627253	232353968.00
20130617	3.88	3.88	3.78	3.79	26299613	146024752.00
20130618	3.82	3.84	3.72	3.77	24991264	137360992.00
20130619	3.76	3.76	3.54	3.67	41005373	219113456.00
20130620	3.64	3.71	3.56	3.69	34790281	186051200.00
20130621	3.62	3.76	3.58	3.74	24608279	133747248.00
20130624	3.72	3.73	3.36	3.37	35038399	185622496.00
20130625	3.29	3.50	3.03	3.46	38696402	194244800.00
20130626	3.42	3.46	3.28	3.36	42996503	218368976.00
20130627	3.40	3.76	3.40	3.60	59140348	315376832.00
20130628	3.60	3.75	3.54	3.61	32456969	174831984.00
20130701	3.61	3.73	3.57	3.63	23188115	124560352.00
20130702	3.64	3.71	3.60	3.70	16518491	89284976.00
20130703	3.69	3.69	3.42	3.53	27667455	145118400.00
20130704	3.52	3.71	3.38	3.64	24730676	126284920.00
20130705	3.64	3.80	3.64	3.79	19814938	103960360.00
20130708	3.76	3.76	3.64	3.67	16584047	86479360.00
20130709	3.71	3.79	3.69	3.76	11868600	62396012.00
20130710	3.76	3.87	3.74	3.83	16873804	89974032.00
20130711	3.84	4.14	3.84	4.12	38164666	211897376.00
20130712	4.16	4.17	3.90	3.98	24278344	135173664.00
20130715	3.93	4.04	3.91	3.95	22603876	123938736.00
20130716	3.92	3.98	3.87	3.94	17773055	96723976.00
20130717	3.94	3.98	3.91	3.93	12482264	68178672.00
20130718	3.91	3.94	3.79	3.85	27809695	149258192.00
20130719	3.87	3.90	3.76	3.77	17146340	91938584.00
20130722	3.73	3.77	3.62	3.71	16605267	86736288.00
20130723	3.73	3.85	3.70	3.80	17519415	93199504.00
20130724	3.79	3.81	3.60	3.68	21560399	111816680.00
20130725	3.70	3.71	3.59	3.62	18781111	96902632.00
20130726	3.59	3.73	3.58	3.72	18289064	94746672.00
20130729	3.67	3.77	3.64	3.77	18639182	97753792.00
20130730	3.81	3.98	3.80	3.89	27338438	148174720.00
20130731	3.98	4.07	3.83	3.83	30377261	165888992.00
20130801	3.88	4.06	3.86	4.05	42569645	234860896.00
20130802	4.08	4.12	3.93	3.98	27480208	151861472.00
20130805	4.01	4.12	3.95	4.09	30297156	168716608.00
20130806	4.08	4.38	4.03	4.35	54530138	313560736.00
20130807	4.27	4.37	4.23	4.28	35774235	208207776.00
20130808	4.28	4.29	4.19	4.26	25287521	145585888.00
20130809	4.26	4.32	4.06	4.24	35880628	205495296.00
20130812	4.28	4.36	4.22	4.34	33619287	196207696.00
20130813	4.34	4.40	4.26	4.27	29130277	170473440.00
20130814	4.27	4.30	4.18	4.19	18680406	107854800.00
20130815	4.22	4.28	4.15	4.17	14721709	84390848.00
20130816	4.18	4.74	4.09	4.20	38010678	221358064.00
20130819	4.17	4.17	3.93	4.03	47801818	265458864.00
20130820	4.06	4.13	3.95	3.99	30401790	168484304.00
20130821	4.04	4.04	3.95	3.99	17491387	96284608.00
20130822	3.97	4.02	3.92	3.96	15264448	83513880.00
20130823	3.97	3.99	3.82	3.88	16644548	90115008.00
20130826	3.88	3.99	3.84	3.97	21236116	115890120.00
20130827	3.96	4.00	3.93	3.99	14949510	81950688.00
20130828	3.95	4.02	3.93	4.00	20641957	113522720.00
20130829	4.01	4.01	3.91	3.93	16439712	89878856.00
20130830	3.92	4.01	3.91	3.95	20869159	114234176.00
20130902	3.95	4.01	3.93	3.97	17276228	94901104.00
20130903	3.99	4.01	3.94	4.00	19252063	105880176.00
20130904	3.98	3.98	3.94	3.97	19466090	106730592.00
20130905	3.97	3.99	3.89	3.90	18718863	102261136.00
20130906	3.89	3.92	3.79	3.81	28371762	151877072.00
20130909	3.82	3.95	3.78	3.93	27980303	151247936.00
20130910	3.94	4.06	3.91	4.06	39266357	217101392.00
20130911	4.07	4.23	4.03	4.18	71360897	405857344.00
20130912	4.14	4.23	4.06	4.19	48551081	275011104.00
20130913	4.15	4.18	4.05	4.09	26999075	151862912.00
20130916	4.13	4.14	4.07	4.10	26726259	150310128.00
20130917	4.10	4.10	3.96	3.97	22075379	122329872.00
20130918	4.00	4.03	3.96	4.01	12501228	68958960.00
20130923	4.02	4.12	4.02	4.10	15532918	87076592.00
20130924	4.08	4.09	3.94	3.98	15609884	86158656.00
20130925	3.97	4.01	3.93	3.97	11722344	64272020.00
20130926	3.99	4.02	3.89	3.92	16568478	90478560.00
20130927	3.89	3.92	3.82	3.85	14136297	75895560.00
20130930	3.86	3.90	3.82	3.85	6323685	33936628.00
20131008	3.84	3.98	3.82	3.97	20467110	111071552.00
20131009	3.93	4.00	3.93	3.96	10753370	59015724.00
20131010	3.95	3.98	3.84	3.92	16495396	89355752.00
20131011	3.95	3.98	3.90	3.98	12912017	70679048.00
20131014	3.99	4.01	3.94	3.97	18049360	99059776.00
20131015	3.97	4.20	3.97	4.14	44210048	248526592.00
20131016	4.12	4.23	4.11	4.15	38522981	219348160.00
20131017	4.17	4.20	4.09	4.14	24170716	136876096.00
20131018	4.11	4.21	4.10	4.19	21694957	123578632.00
20131021	4.19	4.26	4.18	4.26	24045176	138056800.00
20131022	4.27	4.39	4.26	4.37	28832162	168767760.00
20131023	4.18	4.30	4.00	4.03	40477911	228351424.00
20131024	4.01	4.09	3.97	3.98	22713995	125522968.00
20131025	3.97	4.03	3.82	3.88	23948882	130864192.00
20131028	3.90	3.93	3.83	3.93	13857313	74907272.00
20131029	3.94	4.11	3.92	4.04	31640757	175492528.00
20131030	4.08	4.53	4.04	4.33	70484788	411518368.00
20131031	4.31	4.32	4.15	4.25	32799702	188883840.00
20131101	4.28	4.31	4.21	4.27	26083976	151216736.00
20131104	4.31	4.42	4.24	4.28	18940853	110572360.00
20131105	4.23	4.29	4.18	4.26	18849326	108500280.00
20131106	4.23	4.31	4.20	4.21	12829898	74077144.00
20131107	4.20	4.28	4.16	4.24	9033397	51898776.00
20131108	4.20	4.33	4.09	4.22	14210246	81635184.00
20131111	4.18	4.22	4.11	4.17	8940504	50679576.00
20131112	4.17	4.19	4.09	4.16	13971637	79093288.00
20131113	4.09	4.13	3.91	4.00	16827302	92831728.00
20131114	4.00	4.00	3.90	3.91	12178921	66538956.00
20131115	3.91	4.02	3.91	3.95	40327545	220824624.00
20131118	3.97	4.04	3.92	4.03	48031192	263501712.00
20131119	4.03	4.05	3.99	4.02	28317240	156953872.00
20131120	4.02	4.05	4.00	4.04	15282621	84733440.00
20131121	4.02	4.02	3.97	4.02	13004363	71725336.00
20131122	4.03	4.03	3.96	3.98	17735460	97743224.00
20131125	3.94	3.97	3.87	3.91	28987124	157773040.00
20131126	3.92	3.97	3.90	3.93	12298455	67141880.00
20131127	3.94	4.00	3.92	3.97	11572973	63465480.00
20131128	3.99	4.03	3.96	4.00	20067011	110695168.00
20131129	4.00	4.01	3.96	3.98	10286096	56595908.00
20131202	3.99	4.09	3.97	4.03	30366180	168476656.00
20131203	4.05	4.17	4.02	4.12	36677290	206339968.00
20131204	4.09	4.17	4.08	4.12	36267930	204768960.00
20131205	4.12	4.13	4.07	4.09	14886136	83576320.00
20131206	4.09	4.10	4.02	4.04	16263419	90431104.00
20131209	4.07	4.07	4.01	4.02	11640727	64604504.00
20131210	4.02	4.05	4.00	4.03	11080487	61411864.00
20131211	4.00	4.02	3.88	3.91	22682761	123554400.00
20131212	3.92	3.92	3.87	3.89	14662734	79331096.00
20131213	3.86	3.87	3.82	3.84	19883538	106667880.00
20131216	3.86	3.86	3.74	3.75	21008188	111671888.00
20131217	3.75	3.78	3.74	3.78	10984141	58057200.00
20131218	3.78	3.78	3.73	3.76	9142162	48110532.00
20131219	3.79	3.80	3.68	3.68	11134303	58350220.00
20131220	3.71	3.71	3.51	3.54	17060017	87458376.00
20131223	3.54	3.61	3.51	3.58	8705407	44209920.00
20131224	3.60	3.64	3.53	3.57	7349653	37589004.00
20131225	3.58	3.60	3.54	3.56	7733191	39323024.00
20131226	3.54	3.57	3.41	3.45	17164502	85887080.00
20131227	3.49	3.52	3.45	3.52	15955364	79944032.00
20131230	3.52	3.54	3.47	3.48	24811374	124541752.00
20131231	3.46	3.56	3.45	3.54	12918313	65001436.00
20140102	3.51	3.58	3.49	3.53	11596205	58715640.00
20140103	3.50	3.54	3.37	3.46	14202905	70628080.00
20140106	3.45	3.45	3.19	3.25	28026439	134644528.00
20140107	3.20	3.24	3.16	3.20	21955028	103397432.00
20140108	3.23	3.25	3.15	3.24	19228630	90941160.00
20140109	3.22	3.30	3.19	3.23	18820130	89904144.00
20140110	3.22	3.35	3.20	3.34	27874154	134346160.00
20140113	3.34	3.39	3.31	3.36	12235827	59509696.00
20140114	3.35	3.38	3.29	3.37	11005978	53447516.00
20140115	3.37	3.37	3.21	3.25	16451531	78788784.00
20140116	3.23	3.32	3.23	3.29	14318651	68771832.00
20140117	3.28	3.28	3.21	3.22	11191192	53315648.00
20140120	3.22	3.24	3.16	3.17	11230893	52822016.00
20140121	3.18	3.27	3.18	3.24	10893130	51744020.00
20140122	3.26	3.35	3.23	3.34	13404230	64841284.00
20140123	3.35	3.43	3.33	3.39	17350697	85032760.00
20140124	3.37	3.45	3.37	3.41	14202836	70193848.00
20140127	3.39	3.45	3.37	3.45	15892984	78523176.00
20140128	3.42	3.43	3.32	3.34	30282640	147437296.00
20140129	3.36	3.42	3.33	3.41	11555809	56749164.00
20140130	3.39	3.39	3.33	3.35	6483709	31673668.00
20140207	3.27	3.32	3.21	3.30	18237290	87093344.00
20140210	3.34	3.41	3.30	3.37	17926654	87679688.00
20140211	3.38	3.45	3.35	3.43	20490321	101012360.00
20140212	3.45	3.45	3.39	3.42	12829642	63297200.00
20140213	3.42	3.43	3.38	3.38	17264646	84997528.00
20140214	3.39	3.42	3.37	3.40	14804797	72653800.00
20140217	3.43	3.44	3.41	3.42	14686858	72637936.00
20140218	3.41	3.43	3.35	3.36	12643360	61955756.00
20140219	3.37	3.41	3.32	3.40	15862919	77522408.00
20140220	3.40	3.48	3.39	3.43	24608758	122114992.00
20140221	3.43	3.45	3.33	3.34	15076936	73917856.00
20140224	3.33	3.33	3.21	3.25	15781981	75258216.00
20140225	3.27	3.28	3.17	3.18	18421903	87243264.00
20140226	3.17	3.22	3.17	3.22	10307458	48539256.00
20140227	3.21	3.35	3.18	3.28	26618087	127292136.00
20140228	3.27	3.35	3.26	3.29	18120936	87364136.00
20140303	3.26	3.44	3.25	3.41	30878656	151302640.00
20140304	3.39	3.39	3.31	3.36	20094558	97787416.00
20140305	3.38	3.38	3.30	3.32	16576576	80442320.00
20140306	3.31	3.34	3.23	3.26	20719576	99249584.00
20140307	3.25	3.29	3.21	3.23	14652881	69814296.00
20140310	3.21	3.21	3.12	3.13	18158404	85071832.00
20140311	3.13	3.15	3.08	3.11	12193805	56431968.00
20140312	3.11	3.13	3.04	3.09	14407624	66194516.00
20140313	3.09	3.19	3.09	3.18	21046184	98398976.00
20140314	3.15	3.17	3.07	3.10	15599229	72361400.00
20140317	3.15	3.18	3.11	3.16	15308091	71344880.00
20140318	3.19	3.32	3.16	3.31	32642039	156064272.00
20140319	3.32	3.34	3.26	3.31	30205075	145575136.00
20140320	3.30	3.34	3.25	3.25	22708245	109663704.00
20140321	3.23	3.48	3.23	3.45	46493914	228264640.00
20140324	3.47	3.53	3.43	3.48	29897555	149248816.00
20140325	3.47	3.64	3.42	3.57	41783067	211216560.00
20140326	3.55	3.56	3.46	3.47	19116085	95795008.00
20140327	3.48	3.52	3.45	3.46	16861798	84469832.00
20140328	3.45	3.52	3.43	3.45	15535298	77629800.00
20140331	3.49	3.56	3.44	3.52	22859993	115089984.00
20140401	3.50	3.60	3.50	3.59	19916264	101229616.00
20140402	3.58	3.63	3.56	3.63	16103220	82654728.00
20140403	3.65	3.66	3.52	3.53	15900460	81068912.00
20140404	3.53	3.58	3.51	3.56	7767110	39460880.00
20140408	3.56	3.69	3.54	3.66	22084873	113825112.00
20140409	3.66	3.70	3.64	3.67	16953127	88114024.00
20140410	3.67	4.16	3.62	3.93	89924546	490326368.00
20140411	3.93	3.95	3.83	3.92	37346513	202393184.00
20140414	3.90	3.92	3.82	3.85	16744360	90001112.00
20140415	3.85	3.90	3.82	3.83	15300260	82409744.00
20140416	3.83	3.90	3.82	3.88	12856149	69279728.00
20140417	3.88	3.89	3.79	3.80	12950139	69340640.00
20140418	3.78	3.83	3.71	3.79	10898243	57560952.00
20140421	3.76	3.83	3.71	3.72	9982519	52772144.00
20140422	3.69	3.74	3.65	3.73	13443918	69989856.00
20140423	3.77	3.85	3.71	3.84	14874061	79036624.00
20140424	3.85	3.87	3.80	3.82	11204104	60121436.00
20140425	3.86	3.92	3.82	3.82	15535910	83840312.00
20140428	3.82	4.00	3.79	3.88	28598635	155344656.00
20140429	3.86	3.97	3.86	3.92	20781596	113078368.00
20140430	3.92	3.98	3.84	3.89	17319922	94268104.00
20140505	3.84	3.87	3.75	3.82	13246030	70481520.00
20140506	3.82	3.94	3.81	3.87	13182610	71357816.00
20140507	3.86	3.93	3.82	3.87	12341205	66758564.00
20140508	3.86	3.93	3.83	3.84	15239172	82361904.00
20140509	3.87	3.87	3.69	3.75	18525779	97763656.00
20140512	3.77	3.86	3.74	3.82	11531519	61501296.00
20140513	3.79	3.85	3.78	3.85	12553476	66926628.00
20140514	3.83	3.93	3.83	3.89	14194577	76888880.00
20140515	3.89	3.92	3.82	3.86	10725165	57812800.00
20140516	3.88	3.96	3.85	3.96	15353392	83478656.00
20140519	3.95	4.10	3.91	4.07	30268204	168346336.00
20140520	4.08	4.09	3.97	4.01	12892240	71301968.00
20140521	3.97	4.08	3.93	4.05	10307428	57248120.00
20140522	4.04	4.13	4.04	4.06	17710608	99549008.00
20140523	4.08	4.12	4.04	4.08	9702749	54412920.00
20140526	4.12	4.13	4.03	4.08	12625943	70711128.00
20140527	4.06	4.08	4.04	4.04	9415336	52514200.00
20140528	4.03	4.06	4.01	4.04	8878635	49359080.00
20140529	4.03	4.06	4.01	4.04	7107977	39487832.00
20140530	4.04	4.09	4.03	4.04	7530345	42033132.00
20140603	4.06	4.09	4.04	4.06	10507196	58696352.00
20140604	4.07	4.08	3.97	4.03	12001124	66549456.00
20140605	4.04	4.09	4.01	4.07	10484906	58503120.00
20140606	4.07	4.09	4.00	4.01	5535339	30729426.00
20140609	4.01	4.07	4.00	4.02	5905686	32866190.00
20140610	4.04	4.07	3.99	4.05	9770271	54336216.00
20140611	4.04	4.04	3.98	4.01	9866184	54505108.00
20140612	3.99	4.04	3.98	3.99	6702463	37085096.00
20140613	3.99	4.02	3.97	3.99	12326788	67945592.00
20140616	3.98	4.01	3.97	3.98	15679695	86396392.00
20140617	3.98	3.99	3.90	3.91	13508124	73639928.00
20140618	3.91	3.96	3.90	3.93	11269739	61471108.00
20140619	3.96	3.97	3.90	3.94	8231662	45005368.00
20140620	3.96	4.09	3.93	4.06	22006704	121458736.00
20140623	4.07	4.07	3.93	3.94	14020030	77057408.00
20140624	3.94	3.99	3.93	3.98	7765296	42515848.00
20140625	3.97	4.01	3.93	4.00	8550443	46973896.00
20140626	4.01	4.06	4.00	4.05	7893908	43787688.00
20140627	4.02	4.08	4.00	4.07	10760339	59903120.00
20140630	4.07	4.16	4.07	4.14	12523836	70751392.00
20140701	4.16	4.16	4.07	4.10	10215339	57447968.00
20140702	4.11	4.16	4.07	4.15	11724468	66264684.00
20140703	4.17	4.22	4.15	4.19	12428078	70962080.00
20140704	4.20	4.25	4.18	4.24	11188658	64203500.00
20140707	4.24	4.28	4.21	4.24	6928605	39943096.00
20140708	4.22	4.40	4.21	4.38	20554802	120289576.00
20140709	4.36	4.68	4.27	4.41	23191588	136578848.00
20140710	4.40	4.60	4.36	4.45	29567603	177527632.00
20140711	4.47	4.61	4.40	4.42	29880111	180319488.00
20140714	4.45	4.62	4.45	4.61	22983710	140104144.00
20140715	4.63	4.73	4.37	4.52	61236839	366919488.00
20140716	4.47	4.70	4.44	4.63	39544335	242043232.00
20140717	4.63	4.72	4.55	4.63	31517454	193715792.00
20140718	4.63	4.76	4.61	4.68	33523616	195775056.00
20140721	4.69	4.86	4.69	4.83	28027839	166663632.00
20140722	4.84	5.02	4.81	5.00	27963335	170600768.00
20140723	4.99	5.09	4.97	5.04	23897857	147326752.00
20140724	5.04	5.12	4.92	5.04	25945801	160417472.00
20140725	5.04	5.05	4.87	5.02	31755433	193417776.00
20140728	5.00	5.15	5.00	5.12	27590422	171916096.00
20140729	5.12	5.12	4.99	5.05	19339290	119527432.00
20140730	4.93	4.93	4.74	4.77	55978645	331595328.00
20140731	4.76	4.80	4.72	4.79	25847662	152814320.00
20140801	4.81	4.92	4.79	4.85	30453661	183170288.00
20140804	4.88	4.91	4.81	4.89	26151936	156770864.00
20140805	4.88	4.88	4.79	4.87	27386763	163632832.00
20140806	4.82	4.86	4.81	4.86	18024629	107773952.00
20140807	4.85	4.89	4.79	4.79	20188759	120426440.00
20140808	4.80	4.82	4.75	4.78	14943527	88400688.00
20140811	4.81	4.83	4.78	4.82	10137699	60329016.00
20140812	4.80	4.82	4.76	4.79	13806704	81754744.00
20140813	4.80	4.83	4.77	4.82	17038631	101284384.00
20140814	4.81	4.83	4.74	4.75	14802421	87877720.00
20140815	4.76	4.81	4.76	4.77	14084494	83467008.00
20140818	4.77	4.81	4.76	4.77	12448104	73630800.00
20140819	4.77	4.79	4.71	4.75	14135548	83244376.00
20140820	4.72	4.76	4.72	4.73	11052111	64980272.00
20140821	4.72	4.74	4.64	4.68	15208361	88358520.00
20140822	4.68	4.72	4.66	4.71	9453752	55169144.00
20140825	4.73	4.75	4.69	4.74	13395848	78529904.00
20140826	4.73	4.76	4.67	4.69	11225489	65657012.00
20140827	4.68	4.78	4.67	4.78	14668456	86331696.00
20140828	4.79	4.87	4.78	4.83	27369389	163790208.00
20140829	4.86	4.93	4.84	4.92	18162960	109325192.00
20140901	4.92	4.96	4.88	4.92	18319804	110978760.00
20140902	4.91	5.00	4.88	4.99	26685661	162705776.00
20140903	5.01	5.07	4.99	5.06	20055267	124099216.00
20140904	5.07	5.14	5.01	5.12	19599783	121854944.00
20140905	5.12	5.28	5.11	5.27	23436729	148948560.00
20140909	5.26	5.30	5.16	5.21	15253283	96790504.00
20140910	5.16	5.21	5.10	5.19	14978644	94238216.00
20140911	5.17	5.29	5.12	5.22	21236169	134524896.00
20140912	5.19	5.26	5.16	5.23	10850340	68935664.00
20140915	5.18	5.26	5.12	5.16	23753153	150294704.00
20140916	5.16	5.21	5.06	5.07	19309622	121102056.00
20140917	5.11	5.14	5.05	5.09	13898153	86601240.00
20140918	5.05	5.10	4.98	5.00	15628289	96426560.00
20140919	5.02	5.11	4.97	5.08	18571645	114560408.00
20140922	5.06	5.07	4.90	4.96	18282833	112002584.00
20140923	4.96	5.02	4.94	4.97	11870458	72630984.00
20140924	4.95	5.11	4.93	5.05	23104804	142843568.00
20140925	5.12	5.22	5.11	5.15	19777903	124709136.00
20140926	5.12	5.15	5.06	5.09	9942162	62126236.00
20140929	5.08	5.12	4.98	5.04	21261000	131216784.00
20140930	5.03	5.06	4.96	4.99	18080439	110895776.00
20141008	5.01	5.06	4.98	5.05	19973892	122983016.00
20141009	5.07	5.10	5.04	5.08	17603032	109411808.00
20141010	5.05	5.06	4.90	4.94	30854427	188092752.00
20141013	4.91	4.91	4.78	4.82	18304586	109358904.00
20141014	4.88	5.13	4.88	5.06	50071175	310417920.00
20141015	5.05	5.05	4.91	4.99	22443144	137128784.00
20141016	4.96	5.02	4.92	4.97	18976082	116154288.00
20141017	4.99	5.01	4.86	4.92	22407061	135708016.00
20141020	4.96	4.99	4.89	4.91	15913525	96614816.00
20141021	4.90	4.98	4.90	4.93	14633051	89024864.00
20141022	4.94	5.01	4.93	4.97	12380263	75645952.00
20141023	4.99	5.04	4.96	4.99	17319197	106360040.00
20141024	5.00	5.00	4.93	4.94	8602307	52422648.00
20141027	4.91	4.94	4.65	4.77	26508950	157519200.00
20141028	4.77	4.87	4.76	4.86	25182035	149876352.00
20141029	4.88	5.02	4.86	5.01	22001149	134078944.00
20141030	5.02	5.58	4.98	5.41	69661472	451034496.00
20141031	5.39	5.51	5.25	5.34	50277968	326175840.00
20141103	5.33	5.45	5.27	5.34	26282298	170257824.00
20141104	5.29	5.42	5.27	5.38	27140326	176104576.00
20141105	5.41	5.61	5.41	5.48	36274140	241348688.00
20141106	5.35	5.35	5.13	5.21	49173614	311997632.00
20141107	5.21	5.31	5.11	5.15	41733744	265204640.00
20141110	5.21	5.38	5.20	5.28	45363908	291801824.00
20141111	5.34	5.50	5.26	5.36	66989670	436091616.00
20141112	5.30	5.46	5.26	5.45	39743821	259992960.00
20141113	5.46	5.51	5.36	5.42	41412958	271863136.00
20141114	5.45	5.55	5.33	5.47	38211384	250809920.00
20141117	5.67	5.68	5.29	5.32	57481139	379435744.00
20141118	5.24	5.31	5.16	5.19	29724025	188999568.00
20141119	5.18	5.21	5.07	5.09	28437233	177576640.00
20141120	5.11	5.13	5.05	5.11	23742900	148044224.00
20141121	5.10	5.17	5.04	5.16	23592639	147244720.00
20141124	5.36	5.39	5.22	5.34	46125983	297604896.00
20141125	5.35	5.39	5.29	5.39	31390630	203374064.00
20141126	5.39	5.48	5.36	5.48	42049545	276145216.00
20141127	5.49	5.51	5.36	5.42	37323796	244976880.00
20141128	5.37	5.54	5.34	5.52	54796958	359835808.00
20141201	5.56	5.74	5.50	5.55	77489724	522297152.00
20141202	5.50	5.70	5.48	5.65	66719379	450533888.00
20141203	5.72	5.92	5.64	5.71	106690058	737096256.00
20141204	5.79	5.99	5.70	5.96	96382888	672318976.00
20141205	6.08	6.30	5.76	6.02	114626665	821979264.00
20141208	5.96	6.66	5.88	6.53	136730976	1017834688.00
20141209	6.47	6.96	6.06	6.15	207427124	1610337792.00
20141210	6.16	6.41	5.98	6.36	107222618	789571648.00
20141211	6.25	6.62	6.19	6.42	101132626	765536192.00
20141212	6.51	6.55	6.22	6.39	62065784	467270176.00
20141215	6.34	6.36	6.13	6.31	62623467	461929728.00
20141216	6.28	6.52	6.20	6.44	83510317	624731776.00
20141217	6.44	6.74	6.34	6.72	122463392	943191296.00
20141218	6.77	6.90	6.54	6.74	94466106	742665024.00
20141219	6.71	7.45	6.67	7.29	168949056	1384669312.00
20141222	7.47	8.13	7.47	8.13	235088039	2156868352.00
20141223	8.04	8.15	7.20	7.52	153666173	1355339520.00
20141224	7.37	7.99	7.16	7.32	125820071	1095825536.00
20141225	7.31	7.71	7.11	7.68	105308648	894559360.00
20141226	7.68	7.85	7.38	7.73	114194029	1001745792.00
20141229	7.73	8.16	7.47	7.73	120289111	1084603648.00
20141230	7.72	7.81	7.24	7.42	79302161	684251136.00
20141231	7.39	7.85	7.27	7.69	87204394	759331648.00
20150105	7.77	8.32	7.70	8.22	148622191	1364439296.00
20150106	8.11	8.18	7.84	7.95	98550797	898736576.00
20150107	7.86	8.04	7.68	7.94	77177385	694109184.00
20150108	7.89	7.93	7.50	7.52	68965592	605566400.00
20150109	7.51	7.82	7.39	7.42	67801755	591289856.00
20150112	7.27	7.31	6.94	7.08	70860988	583412800.00
20150113	7.04	7.19	6.98	7.11	40205776	330740928.00
20150114	7.18	7.39	7.12	7.23	48177566	405259616.00
20150115	7.28	7.48	7.22	7.46	49758600	422706688.00
20150116	7.51	7.62	7.42	7.45	44023300	381196032.00
20150119	7.11	7.26	6.59	6.60	75945506	613537728.00
20150120	6.80	7.08	6.65	6.94	69016857	553043136.00
20150121	6.96	7.23	6.87	7.19	51793958	426178144.00
20150122	7.19	7.25	7.09	7.22	35554400	295954400.00
20150123	7.19	7.34	7.18	7.21	37147854	311436000.00
20150126	7.21	7.33	7.14	7.33	34753514	291272032.00
20150127	7.33	7.37	7.00	7.22	36395177	303138816.00
20150128	7.13	7.19	7.02	7.06	32173253	264813904.00
20150129	6.93	7.22	6.92	7.09	48090468	396714368.00
20150130	7.17	7.31	7.05	7.15	46893087	390394368.00
20150202	7.01	7.06	6.78	6.85	34675884	277699936.00
20150203	6.94	6.98	6.79	6.93	25000922	200814080.00
20150204	6.98	7.04	6.85	6.88	29432747	237692544.00
20150205	6.97	7.00	6.42	6.44	91323077	711325440.00
20150206	6.42	6.42	5.98	6.06	68163191	496050304.00
20150209	6.00	6.12	5.98	6.05	35560377	255958896.00
20150210	6.10	6.31	6.06	6.27	39133754	287410592.00
20150211	6.29	6.35	6.24	6.29	22705505	168876304.00
20150212	6.27	6.54	6.15	6.31	36693229	272565984.00
20150213	6.34	6.44	6.29	6.35	41988940	315119616.00
20150216	6.35	6.38	6.24	6.30	35096152	260948176.00
20150217	6.32	6.38	6.31	6.35	23050268	172755952.00
20150225	6.38	6.53	6.34	6.43	46994724	356219552.00
20150226	6.42	6.63	6.38	6.61	43923977	336567552.00
20150227	6.61	6.68	6.53	6.56	38805604	300317504.00
20150302	6.66	6.68	6.56	6.65	46612326	361668832.00
20150303	6.63	6.63	6.38	6.38	43139665	329646880.00
20150304	6.46	6.47	6.34	6.38	40207521	303234272.00
20150305	6.31	6.37	6.20	6.25	40228013	297268384.00
20150306	6.25	6.36	6.22	6.28	35323566	262567680.00
20150309	6.26	6.41	6.17	6.38	55932478	415029472.00
20150310	6.37	6.47	6.34	6.42	43370763	327964928.00
20150311	6.41	6.51	6.38	6.44	42264935	320939456.00
20150312	6.44	6.59	6.43	6.56	59789267	457838496.00
20150313	6.57	6.63	6.44	6.58	58026051	447490080.00
20150316	6.56	6.72	6.52	6.71	86217440	670293504.00
20150317	6.73	7.01	6.69	6.95	112744576	899416768.00
20150318	6.95	7.10	6.88	7.09	95542274	776754432.00
20150319	7.06	7.14	6.98	7.06	77572158	634581952.00
20150320	7.09	7.13	6.90	7.05	86357471	704575872.00
20150323	7.12	7.26	7.09	7.24	91676719	761760256.00
20150324	7.23	7.37	7.11	7.26	95922535	802634432.00
20150325	7.17	7.19	6.98	7.02	97960855	803371136.00
20150326	7.02	7.10	6.94	7.04	65398419	534327552.00
20150327	7.03	7.06	6.96	7.04	52340906	426914752.00
20150330	7.06	7.28	7.03	7.26	96244338	801394752.00
20150331	7.30	7.41	7.08	7.12	99791111	839966976.00
20150401	7.12	7.29	7.08	7.26	78178801	652785984.00
20150402	7.27	7.35	7.14	7.25	74568622	624656064.00
20150403	7.19	7.27	7.15	7.26	76084673	636072704.00
20150407	7.28	7.51	7.26	7.50	115650213	987341952.00
20150408	7.50	7.53	7.28	7.38	102319255	872496832.00
20150409	7.29	7.33	7.08	7.17	95442556	795331968.00
20150410	7.20	7.35	7.20	7.33	81997623	691582272.00
20150413	7.37	7.52	7.37	7.51	109119067	937768064.00
20150414	7.52	8.32	7.44	8.27	222671770	2016272256.00
20150415	8.18	8.18	7.76	7.88	115053019	1041993344.00
20150416	7.84	8.02	7.78	8.01	97198971	883002688.00
20150417	8.02	8.50	8.02	8.24	150361943	1414641536.00
20150420	8.16	8.76	7.84	8.29	204581917	1910966272.00
20150421	8.23	8.43	8.02	8.40	114981743	1079084672.00
20150422	8.72	9.35	8.56	9.35	175924190	1772863360.00
20150423	9.86	9.95	9.38	9.57	266613869	2886062592.00
20150424	9.36	10.14	9.22	9.82	177553175	1935795328.00
20150427	9.83	10.74	9.59	10.36	214958328	2419156480.00
20150428	10.16	10.57	9.90	10.00	161939212	1826436096.00
20150429	9.86	10.11	9.58	9.88	118881104	1304247040.00
20150430	9.89	10.53	9.84	10.10	148145222	1687675264.00
20150504	10.10	11.22	9.81	11.22	244922075	2940545536.00
20150505	11.55	11.84	10.22	10.25	244189422	2983580928.00
20150506	10.15	10.51	9.42	9.67	154937810	1731706368.00
20150507	9.55	9.65	8.94	9.00	119807638	1240054272.00
20150508	9.09	9.65	9.04	9.64	130151246	1365725824.00
20150511	9.66	10.25	9.66	10.07	123262627	1373537408.00
20150512	10.13	10.60	9.86	10.51	137674426	1577259648.00
20150513	10.52	10.52	9.88	9.99	112361192	1264100608.00
20150514	9.91	10.29	9.72	9.90	89312972	990526464.00
20150515	9.77	9.84	9.34	9.44	87079942	930961408.00
20150518	9.44	9.61	9.17	9.27	54184081	569233984.00
20150519	9.26	9.71	9.18	9.70	72617572	774393088.00
20150520	9.72	9.94	9.64	9.70	87318628	954822272.00
20150521	9.70	9.81	9.50	9.75	74046522	797606272.00
20150522	9.90	10.12	9.87	10.05	149424271	1665087104.00
20150525	10.05	10.51	10.01	10.48	146950256	1679406848.00
20150526	10.54	10.65	10.15	10.48	140036301	1618569472.00
20150527	10.49	11.04	10.31	10.95	178529150	2103525248.00
20150528	10.96	11.23	9.76	9.89	176999848	2100088192.00
20150529	9.85	10.05	9.26	9.68	99777365	1080043648.00
20150601	9.69	10.76	9.69	10.76	147638874	1728177280.00
20150602	11.18	11.21	10.48	10.92	199293666	2383215360.00
20150603	10.84	10.84	10.39	10.65	112642631	1325930496.00
20150604	10.61	10.83	9.66	10.73	114852295	1330212608.00
20150605	10.84	11.21	10.66	11.03	184843858	2239725824.00
20150608	11.03	11.53	10.87	11.39	228248134	2809207552.00
20150609	11.45	11.50	10.97	11.34	166442636	2063631104.00
20150610	11.09	11.26	10.86	11.00	126081613	1538024960.00
20150611	11.01	11.07	10.64	10.79	100204168	1197260032.00
20150612	10.84	11.85	10.84	11.60	218709544	2715193344.00
20150615	11.61	12.02	11.34	11.64	184190450	2365213184.00
20150616	11.37	11.55	10.74	10.88	109991719	1345758336.00
20150617	10.86	12.05	10.56	11.96	163195935	2039427456.00
20150618	11.65	11.98	11.20	11.22	148988507	1911493632.00
20150619	10.91	11.63	10.62	10.81	124970647	1528143488.00
20150623	10.76	11.24	9.86	11.15	112846485	1354212864.00
20150624	11.24	12.38	11.24	12.38	339581675	4517037056.00
20150625	12.33	13.62	11.99	12.94	414788765	5785330176.00
20150626	12.16	12.94	11.53	11.53	220042981	2922858496.00
20150629	12.04	12.64	10.54	12.39	359116899	4715762176.00
20150630	12.46	13.10	11.04	12.89	340637500	4473314304.00
20150701	12.46	12.82	11.49	11.49	236548870	3164849664.00
20150702	11.11	11.11	10.23	10.23	161696152	1880979328.00
20150703	9.17	10.01	9.09	9.09	154881650	1606104832.00
20150706	10.11	10.11	8.19	9.40	207966460	2144805632.00
20150707	8.96	10.13	8.40	10.03	261157059	2745239552.00
20150708	8.91	9.46	8.91	8.91	134207933	1374259968.00
20150709	8.91	9.92	8.22	9.92	174786489	1859347712.00
20150710	9.98	11.03	9.92	11.03	189159148	2261171712.00
20150713	11.24	12.04	10.82	11.69	210185292	2555270656.00
20150714	11.24	11.69	10.56	10.64	162988908	1932731136.00
20150715	10.34	10.39	9.50	9.51	119588574	1266394240.00
20150716	9.51	10.11	9.51	9.72	71154634	750235008.00
20150717	9.84	10.27	9.74	10.13	89624001	968633088.00
20150720	10.13	10.54	9.89	10.05	78140246	855685888.00
20150721	9.92	10.29	9.63	10.07	77167729	832097792.00
20150722	10.03	10.69	9.82	10.36	120205773	1318062592.00
20150723	10.24	10.61	10.17	10.44	108948591	1216990848.00
20150724	10.46	10.83	10.05	10.20	114893188	1300313344.00
20150727	9.94	10.27	9.10	9.10	103555573	1085023616.00
20150728	8.90	9.97	8.74	9.69	123312389	1243208832.00
20150729	9.69	10.10	9.58	10.04	80191252	847187008.00
20150730	10.08	10.10	9.44	9.65	77075453	813425728.00
20150731	9.54	9.83	9.44	9.80	62532810	652269376.00
20150803	9.63	10.34	9.60	10.32	78602233	843110208.00
20150804	10.24	10.60	10.02	10.46	72456504	803884864.00
20150805	10.35	10.43	9.94	9.99	42786475	468529920.00
20150806	9.93	10.18	9.80	9.90	24702342	265007680.00
20150807	10.00	10.19	9.91	9.96	40930651	441372608.00
20150810	10.04	10.71	10.00	10.49	96945176	1085201792.00
20150811	10.54	10.60	10.22	10.30	70471982	787978816.00
20150812	10.16	10.42	10.10	10.20	44355013	488606816.00
20150813	10.21	10.47	10.14	10.44	51058202	566582336.00
20150814	10.64	10.74	10.25	10.33	61496876	691221312.00
20150817	10.26	10.50	10.06	10.38	62241740	686654016.00
20150818	10.40	10.42	9.32	9.43	75954738	805058688.00
20150819	9.26	9.62	9.22	9.58	46520269	473342208.00
20150820	9.49	9.50	9.26	9.39	37358725	378411680.00
20150821	9.33	9.35	8.92	8.95	41518434	412325568.00
20150824	8.61	8.62	7.98	7.98	61122199	540749120.00
20150825	7.14	7.45	7.11	7.12	102926751	816762816.00
20150826	7.27	7.60	6.50	7.09	80963759	635051712.00
20150827	7.25	7.54	7.08	7.53	61320417	496653184.00
20150828	7.71	8.17	7.56	7.99	55074638	472442560.00
20150831	7.89	8.33	7.50	8.30	69015255	596491904.00
20150901	8.09	8.83	7.86	8.71	113940497	1047363648.00
20150902	8.32	9.62	8.25	9.55	121298978	1195800576.00
20150907	9.38	9.73	8.57	8.61	103591811	1008226816.00
20150908	8.49	8.84	8.06	8.73	44747378	413558176.00
20150909	8.69	8.93	8.57	8.75	42655256	406374240.00
20150910	8.65	8.81	8.50	8.62	24768949	234304528.00
20150911	8.65	8.72	8.38	8.46	19918344	185264816.00
20150914	8.55	8.60	8.04	8.24	28888518	262631888.00
20150915	8.23	8.23	7.84	7.92	21304584	186051216.00
20150916	7.84	8.68	7.12	8.51	25772704	231945840.00
20150917	8.64	8.69	8.20	8.22	23931933	221538928.00
20150918	8.28	8.40	8.14	8.21	16308287	147214560.00
20150921	8.05	8.39	8.05	8.33	15171180	136576144.00
20150922	8.34	8.47	8.34	8.38	14604563	133988392.00
20150923	8.27	8.37	8.03	8.06	15417982	137624608.00
20150924	8.07	8.17	8.01	8.11	10680065	94510208.00
20150925	8.10	8.17	7.83	7.87	12190996	106568448.00
20150928	7.89	7.99	7.83	7.94	5683582	49359324.00
20150929	7.85	8.09	7.83	7.88	10097392	87864824.00
20150930	7.95	8.01	7.88	7.89	6424917	55875208.00
20151008	8.18	8.29	8.09	8.20	17761053	159348576.00
20151009	8.30	8.30	8.16	8.25	12725331	114561272.00
20151012	8.26	8.59	8.24	8.53	23263361	214631472.00
20151013	8.51	8.60	8.44	8.52	18461121	171280576.00
20151014	8.43	8.56	8.35	8.39	13912976	128003568.00
20151015	8.43	8.59	8.36	8.56	18424360	170922848.00
20151016	8.63	8.67	8.48	8.58	25469721	237365808.00
20151019	8.55	8.62	8.44	8.50	20350898	189138544.00
20151020	8.54	8.79	8.51	8.77	31241532	294617408.00
20151021	8.88	8.91	8.32	8.34	38578005	363899136.00
20151022	8.40	8.57	8.37	8.56	25908563	239203040.00
20151023	8.62	8.64	8.46	8.62	23209022	216429024.00
20151026	8.72	8.76	8.58	8.63	34421416	324477600.00
20151027	8.54	8.54	8.31	8.50	25230411	231569760.00
20151028	8.45	8.64	8.41	8.51	27314270	254010944.00
20151029	8.52	8.57	8.40	8.43	13566403	125031280.00
20151030	8.43	8.48	8.33	8.39	13024551	119231416.00
20151102	8.32	8.39	8.26	8.26	9710831	88264736.00
20151103	8.30	8.40	8.24	8.33	12806757	116390768.00
20151104	8.32	8.63	8.31	8.63	24473542	227432832.00
20151105	8.65	9.14	8.61	8.94	56483909	546455296.00
20151106	8.94	8.98	8.79	8.97	33889144	326944736.00
20151109	8.97	9.29	8.90	9.11	42956383	425982912.00
20151110	9.03	9.06	8.89	8.98	25705946	249720672.00
20151111	8.93	8.99	8.86	8.96	20353026	197132944.00
20151112	8.98	8.98	8.77	8.86	16695444	160360928.00
20151113	8.87	9.14	8.84	8.85	34553175	335234848.00
20151116	8.73	8.73	8.54	8.72	19149160	180026352.00
20151117	8.75	8.94	8.70	8.74	20876272	200130608.00
20151118	8.75	8.77	8.61	8.63	13161420	124434176.00
20151119	8.63	8.69	8.59	8.68	11482768	107968664.00
20151120	8.67	8.68	8.61	8.66	13188695	124087008.00
20151123	8.67	8.69	8.52	8.56	15000904	140678416.00
20151124	8.54	8.55	8.41	8.50	13086538	120616680.00
20151125	8.48	8.54	8.43	8.53	14299257	132276224.00
20151126	8.54	8.55	8.49	8.49	16374858	151818976.00
20151127	8.51	8.51	7.84	8.02	22641439	203673152.00
20151130	8.01	8.22	8.00	8.17	14917671	132189760.00
20151201	8.18	8.26	8.05	8.19	12406689	110648448.00
20151202	8.15	8.52	8.14	8.50	21627556	197375264.00
20151203	8.48	8.53	8.41	8.49	15968180	147435968.00
20151204	8.47	8.47	8.22	8.28	13801944	125356664.00
20151207	8.21	8.28	8.16	8.21	10455130	93863368.00
20151208	8.19	8.22	8.05	8.06	12613008	112037280.00
20151209	8.07	8.20	8.04	8.08	7165178	63459160.00
20151210	8.06	8.16	8.00	8.02	9805344	86704512.00
20151211	7.99	8.02	7.84	7.90	10438622	90403224.00
20151214	7.90	8.19	7.85	8.18	17168667	151569568.00
20151215	8.17	8.20	8.04	8.08	11047693	98061064.00
20151216	8.08	8.12	7.94	7.97	14451239	126961568.00
20151217	8.04	8.12	8.02	8.08	19958037	176336080.00
20151218	8.06	8.22	8.05	8.11	17550592	155805920.00
20151221	8.11	8.53	8.09	8.44	36460062	332580640.00
20151222	8.44	8.50	8.30	8.39	19451145	177975376.00
20151223	8.34	8.48	8.33	8.35	25609611	234430144.00
20151224	8.28	8.34	8.10	8.18	16323426	145916960.00
20151225	8.17	8.26	8.13	8.22	11133778	99859312.00
20151228	8.25	8.29	8.02	8.03	16780811	149123712.00
20151229	7.99	8.07	7.93	8.05	11237220	98406152.00
20151230	8.06	8.08	7.96	8.04	11939082	104696904.00
20151231	8.04	8.07	7.94	7.97	10410871	91223728.00
20160104	7.96	7.99	7.46	7.48	14485213	123345840.00
20160105	7.24	7.62	7.24	7.46	22088382	181009888.00
20160106	7.46	7.66	7.41	7.64	17808629	148293344.00
20160107	7.52	7.52	6.99	7.03	4102600	32937928.00
20160108	7.20	7.34	7.04	7.22	25639147	203991584.00
20160111	7.14	7.16	6.84	6.84	22025336	171717568.00
20160112	6.90	6.92	6.74	6.76	16544598	125313456.00
20160113	6.84	6.86	6.62	6.66	14723546	110513656.00
20160114	6.52	6.73	6.47	6.70	12995370	95455888.00
20160115	6.65	6.69	6.36	6.40	12981321	94226360.00
20160118	6.31	6.50	6.26	6.39	12892638	92550096.00
20160119	6.44	6.66	6.39	6.63	13847476	101551536.00
20160120	6.62	6.76	6.39	6.60	21745872	159858880.00
20160121	6.40	6.62	6.35	6.39	18095198	130777328.00
20160122	6.44	6.52	6.39	6.46	9967314	71894288.00
20160125	6.51	6.56	6.44	6.48	7590580	55096728.00
20160126	6.43	6.43	6.07	6.09	15632660	110003744.00
20160127	6.19	6.20	5.90	6.01	14599443	99107808.00
20160128	6.04	6.09	5.85	5.93	13100240	88292352.00
20160129	5.94	6.16	5.91	6.10	15758449	107285776.00
20160201	6.10	6.12	5.91	5.97	11998582	81214896.00
20160202	5.99	6.12	5.97	6.07	10331811	70564984.00
20160203	5.99	6.04	5.94	6.02	8465827	57070176.00
20160204	6.06	6.13	6.04	6.10	10362749	70937056.00
20160205	6.12	6.13	6.02	6.03	8135088	55492492.00
20160215	5.85	5.97	5.82	5.92	8243947	54795228.00
20160216	5.96	6.16	5.96	6.14	14172228	97254416.00
20160217	6.13	6.20	6.10	6.18	14251706	98481600.00
20160218	6.21	6.29	6.15	6.21	20994394	146370512.00
20160219	6.21	6.23	6.15	6.18	9081699	63106976.00
20160222	6.24	6.34	6.19	6.31	19316769	135943904.00
20160223	6.32	6.37	6.19	6.29	20907223	147786656.00
20160224	6.22	6.54	6.19	6.53	27589612	197743840.00
20160225	6.48	6.48	5.99	6.08	24945674	175295696.00
20160226	6.18	6.33	6.09	6.22	17504752	121878808.00
20160229	6.24	6.24	5.83	6.13	21802319	146386496.00
20160301	6.11	6.18	5.98	6.14	15043657	102691008.00
20160302	6.17	6.40	6.12	6.37	26860640	189429424.00
20160303	6.36	6.44	6.33	6.42	25037357	178919616.00
20160304	6.39	6.82	6.35	6.72	58903675	432911456.00
20160307	6.75	6.77	6.58	6.65	19794288	147087136.00
20160308	6.65	6.68	6.35	6.67	19836741	144142176.00
20160309	6.50	6.70	6.43	6.68	20565829	150860416.00
20160310	6.58	6.68	6.50	6.52	6485624	47762752.00
20160311	6.44	6.57	6.35	6.56	8786402	63818288.00
20160314	6.60	6.76	6.60	6.64	13486048	100349680.00
20160315	6.64	7.09	6.52	7.05	32271757	244371040.00
20160316	6.94	7.24	6.90	7.14	46949588	370260736.00
20160317	7.11	7.26	7.05	7.14	18550136	147149840.00
20160318	7.22	7.22	7.02	7.08	32409327	254930848.00
20160321	7.09	7.19	7.04	7.10	24971741	196312448.00
20160322	7.07	7.20	7.04	7.15	19535013	154449136.00
20160323	7.12	7.16	7.04	7.07	12926688	101338872.00
20160324	7.05	7.06	6.97	6.98	9440717	73359840.00
20160325	6.96	7.04	6.96	7.02	7736723	60100640.00
20160328	7.07	7.19	7.00	7.02	14041812	110552560.00
20160329	7.07	7.15	6.98	7.08	16071247	125718328.00
20160330	7.12	7.30	7.12	7.29	24686423	197024688.00
20160331	7.32	7.32	7.19	7.21	16063846	128431248.00
20160401	7.22	7.26	7.06	7.26	15712521	124564112.00
20160405	7.20	7.30	7.13	7.27	16239031	129754096.00
20160406	7.24	7.29	7.20	7.24	12678229	101363376.00
20160407	7.25	7.26	7.08	7.09	12733910	100645216.00
20160408	7.05	7.07	7.01	7.04	8272412	64498572.00
20160411	7.07	7.16	7.06	7.12	8257055	65108392.00
20160412	7.13	7.13	7.03	7.06	7232219	56542624.00
20160413	7.10	7.21	7.09	7.16	13261240	105266448.00
20160414	7.19	7.22	7.14	7.18	5562204	44142200.00
20160415	7.21	7.22	7.13	7.15	6416935	50867512.00
20160418	7.11	7.11	7.00	7.01	9462595	73661416.00
20160419	7.06	7.08	6.98	7.02	5555634	43151072.00
20160420	7.00	7.04	6.74	7.03	16129456	123309240.00
20160421	6.94	6.97	6.90	6.91	4650184	35789800.00
20160422	6.86	7.04	6.85	6.97	6885888	53184016.00
20160425	6.98	6.98	6.86	6.93	3986017	30536360.00
20160426	6.96	6.99	6.85	6.92	4638670	35583532.00
20160427	6.87	6.91	6.85	6.86	5408872	41302376.00
20160428	6.88	6.89	6.73	6.77	7716424	58172864.00
20160429	6.75	6.77	6.69	6.72	8254929	61768804.00
20160503	6.72	6.84	6.69	6.81	12322424	93008248.00
20160504	6.79	6.85	6.78	6.82	6780330	51338356.00
20160505	6.82	6.83	6.77	6.81	4639193	35075044.00
20160506	6.82	6.83	6.65	6.67	8795018	65785512.00
20160509	6.64	6.64	6.44	6.47	9155156	66463200.00
20160510	6.45	6.49	6.42	6.44	4703169	33905000.00
20160511	6.45	6.62	6.39	6.53	9661957	70082680.00
20160512	6.49	6.64	6.40	6.60	10273406	75076656.00
20160513	6.57	6.59	6.45	6.49	6790093	49337572.00
20160516	6.46	6.50	6.41	6.49	5489763	39630396.00
20160517	6.50	6.51	6.42	6.46	4318417	31142708.00
20160518	6.44	6.51	6.34	6.50	11232528	80764496.00
20160519	6.45	6.54	6.45	6.47	4569532	33167056.00
20160520	6.45	6.50	6.44	6.49	2530742	18320720.00
20160523	6.51	6.54	6.48	6.52	4382001	31869348.00
20160524	6.53	6.57	6.46	6.55	4867148	35403356.00
20160525	6.58	6.58	6.53	6.55	3908846	28619706.00
20160526	6.54	6.58	6.48	6.54	3552983	25893332.00
20160527	6.57	6.57	6.49	6.51	3074228	22383352.00
20160530	6.54	6.57	6.48	6.56	4318188	31515278.00
20160531	6.57	6.76	6.54	6.75	10614525	79097792.00
20160601	6.75	6.75	6.68	6.69	6629042	49499008.00
20160602	6.69	6.71	6.65	6.69	4859451	36130468.00
20160603	6.70	6.72	6.66	6.70	5080794	37864960.00
20160606	6.70	6.73	6.66	6.72	4557080	33966904.00
20160607	6.72	6.83	6.70	6.78	6953657	52340156.00
20160608	6.77	6.80	6.72	6.77	4121918	30960904.00
20160613	6.74	6.74	6.49	6.51	7676245	56712736.00
20160614	6.47	6.54	6.47	6.50	4917062	35703876.00
20160615	6.45	6.62	6.45	6.56	4655578	34008328.00
20160616	6.52	6.58	6.45	6.47	8874698	64263532.00
20160617	6.46	6.57	6.46	6.50	5762036	41971856.00
20160620	6.55	6.55	6.50	6.54	3088883	22504756.00
20160621	6.54	6.60	6.53	6.55	6508429	47604244.00
20160622	6.55	6.61	6.54	6.61	4632178	34020060.00
20160623	6.61	6.63	6.54	6.57	4656344	34128864.00
20160624	6.58	6.63	6.49	6.55	9300316	68112528.00
20160627	6.53	6.64	6.51	6.61	4493890	33074156.00
20160628	6.60	6.66	6.56	6.64	8572509	63194560.00
20160629	6.62	6.73	6.60	6.71	9570383	71265872.00
20160630	6.71	6.79	6.70	6.76	7452873	56015800.00
20160701	6.82	6.85	6.80	6.85	7518005	57070964.00
20160704	6.86	7.07	6.84	7.04	14629560	113363272.00
20160705	7.04	7.10	6.98	7.09	11091820	86506608.00
20160706	7.08	7.11	7.02	7.06	11417800	89367656.00
20160707	7.06	7.07	6.99	7.01	17350700	135057424.00
20160708	6.97	6.97	6.81	6.83	15173100	108179456.00
20160711	6.83	6.86	6.75	6.80	10363800	73500336.00
20160712	6.80	6.92	6.77	6.91	16445300	117300600.00
20160713	6.93	7.01	6.90	6.92	10102500	73102256.00
20160714	6.93	6.99	6.88	6.96	6684700	48240336.00
20160715	6.97	6.97	6.89	6.92	4395900	31677312.00
20160718	6.90	6.98	6.86	6.89	7342200	52902324.00
20160719	6.87	6.95	6.83	6.89	8307000	59571404.00
20160720	6.87	6.88	6.83	6.84	4737700	33829160.00
20160721	6.84	6.88	6.83	6.86	5916000	42276948.00
20160722	6.84	6.86	6.79	6.80	4625600	32895758.00
20160725	6.79	6.85	6.78	6.81	3903800	27711236.00
20160726	6.79	6.85	6.79	6.84	7144200	50846008.00
20160727	6.86	6.96	6.70	6.95	18462435	131823560.00
20160728	6.91	7.16	6.84	7.14	33187883	243680080.00
20160729	7.09	7.15	6.99	7.01	12174021	89533384.00
20160801	7.04	7.06	6.92	7.02	8011300	58456908.00
20160802	7.01	7.02	6.94	7.00	4994419	36316728.00
20160803	6.92	6.96	6.84	6.87	14566819	104618040.00
20160804	6.86	6.91	6.83	6.89	6876304	49235120.00
20160805	6.89	6.91	6.85	6.88	5348822	38337460.00
20160808	6.86	6.91	6.82	6.91	9431417	67510472.00
20160809	6.91	6.95	6.89	6.93	9641100	69419312.00
20160810	6.94	6.94	6.86	6.89	8685500	62369572.00
20160811	6.89	6.90	6.84	6.85	8197883	58741924.00
20160812	6.88	7.01	6.85	6.96	11971098	86341184.00
20160815	6.97	7.14	6.96	7.10	20618848	151709984.00
20160816	7.15	7.20	7.05	7.08	15312594	113359080.00
20160817	7.12	7.12	7.04	7.10	8766469	64577760.00
20160818	7.10	7.15	6.98	7.03	13497770	99029656.00
20160819	7.02	7.05	6.95	7.02	8255534	60123956.00
20160822	7.00	7.02	6.96	6.98	8782800	63867928.00
20160823	7.00	7.01	6.93	6.95	7436400	54029388.00
20160824	6.96	7.00	6.93	6.98	5398600	39174440.00
20160825	6.95	6.95	6.87	6.94	8004800	57655352.00
20160826	6.93	7.01	6.92	6.97	11187600	81081720.00
20160829	6.95	6.95	6.86	6.90	10524883	75760048.00
20160830	6.92	6.94	6.88	6.91	5910740	42564720.00
20160831	6.89	6.93	6.88	6.92	5109218	36780528.00
20160901	6.93	6.94	6.88	6.90	4656363	33508336.00
20160902	6.99	7.04	6.91	7.02	17955769	130485432.00
20160905	7.01	7.03	6.94	6.98	6791113	49429000.00
20160906	6.98	6.99	6.91	6.99	5402859	39144096.00
20160907	6.99	7.01	6.93	6.94	6559969	47682328.00
20160908	6.95	6.96	6.93	6.95	2851900	20635940.00
20160909	6.94	6.96	6.90	6.91	5211739	37590248.00
20160912	6.86	7.06	6.77	7.04	22190605	159702160.00
20160913	6.98	7.02	6.91	7.00	8656488	62768164.00
20160914	6.96	6.96	6.83	6.89	8276895	59440512.00
20160919	6.89	6.90	6.87	6.89	3501885	25117376.00
20160920	6.90	6.90	6.84	6.87	2356167	16854648.00
20160921	6.88	6.88	6.80	6.83	6982642	49687488.00
20160922	6.83	6.88	6.83	6.84	4364288	31180356.00
20160923	6.84	6.87	6.82	6.83	3100613	22106404.00
20160926	6.84	6.84	6.76	6.78	4822096	34199464.00
20160927	6.78	6.82	6.77	6.80	4188703	29653124.00
20160928	6.84	6.84	6.77	6.79	1806543	12795345.00
20160929	6.81	6.82	6.77	6.79	3255636	23066956.00
20160930	6.80	6.82	6.72	6.75	5292530	37347736.00
20161010	6.77	6.82	6.75	6.80	6134226	43433652.00
20161011	6.81	6.83	6.79	6.82	4104713	29151632.00
20161012	6.81	6.82	6.79	6.82	2394440	16993042.00
20161013	6.82	6.82	6.78	6.80	3714151	26332910.00
20161014	6.80	6.86	6.76	6.84	5667820	40222848.00
20161017	6.85	6.86	6.79	6.82	7577643	54003396.00
20161018	6.82	6.87	6.79	6.87	6633722	47275052.00
20161019	6.84	6.91	6.84	6.85	9605996	68845856.00
20161020	6.85	6.87	6.81	6.83	4963054	35371100.00
20161021	6.83	6.87	6.81	6.85	4510503	32181900.00
20161024	6.84	6.94	6.84	6.91	8607168	61899240.00
20161025	6.90	6.93	6.89	6.91	5917834	42649036.00
20161026	6.92	6.93	6.86	6.87	4532493	32505012.00
20161027	6.87	6.88	6.84	6.87	3117196	22286532.00
20161028	6.85	6.90	6.85	6.88	5369017	38482696.00
20161031	6.84	6.88	6.81	6.86	3241828	23132902.00
20161101	6.87	6.89	6.84	6.88	3548500	25394560.00
20161102	6.87	6.88	6.79	6.82	3785400	26952606.00
20161103	6.81	6.86	6.79	6.83	5517256	39255144.00
20161104	6.83	6.83	6.81	6.82	3143700	22355532.00
20161107	6.84	6.84	6.79	6.81	3924326	27844288.00
20161108	6.82	6.84	6.79	6.82	5981862	42510904.00
20161109	6.83	6.83	6.76	6.76	9549196	67513800.00
20161110	6.80	6.83	6.79	6.81	5897805	41888624.00
20161111	6.80	6.85	6.79	6.85	8105660	57687044.00
20161114	6.85	6.92	6.83	6.88	10245242	73479872.00
20161115	6.88	6.90	6.85	6.89	8026007	57518188.00
20161116	6.89	6.89	6.86	6.88	5900700	42271908.00
20161117	6.87	6.92	6.85	6.91	10782300	77496056.00
20161118	6.92	6.93	6.86	6.87	5443300	39049412.00
20161121	6.87	7.15	6.86	7.03	31718500	232401248.00
20161122	7.02	7.06	6.96	7.01	16088804	117481472.00
20161123	7.00	7.08	6.98	7.01	12272322	89905952.00
20161124	6.98	7.06	6.98	7.03	10698700	78165384.00
20161125	7.02	7.12	6.94	7.10	14393800	105448568.00
20161128	7.09	7.23	7.05	7.17	20295800	150945728.00
20161129	7.16	7.49	7.14	7.40	40542200	310113280.00
20161130	7.36	7.48	7.21	7.37	25870100	196758256.00
20161201	7.31	7.46	7.30	7.38	24070740	184184096.00
20161202	7.39	7.66	7.35	7.47	39045512	303444896.00
20161205	7.39	7.49	7.27	7.48	24710000	189781472.00
20161206	7.44	7.49	7.30	7.35	14093300	107859424.00
20161207	7.34	7.35	7.12	7.21	24242400	181397232.00
20161208	7.21	7.23	7.05	7.10	27806500	205863072.00
20161209	7.09	7.13	7.04	7.07	42892300	315978080.00
20161212	7.09	7.10	6.79	7.00	46469051	335671296.00
20161213	6.95	6.95	6.83	6.90	14938893	107329320.00
20161214	6.90	6.95	6.84	6.87	18329821	131624944.00
20161215	6.86	6.89	6.81	6.84	14395149	102742368.00
20161216	6.84	6.89	6.81	6.82	25921407	184956256.00
20161219	6.83	6.88	6.82	6.85	10483253	74843352.00
20161220	6.86	6.86	6.76	6.77	14109568	99977576.00
20161221	6.77	6.90	6.77	6.87	18880649	134766064.00
20161222	6.87	7.01	6.83	6.91	21715065	156680384.00
20161223	6.90	6.90	6.79	6.80	11946920	85057448.00
20161226	6.78	6.89	6.72	6.86	12564307	88746224.00
20161227	6.84	6.84	6.73	6.77	12366531	87339080.00
20161228	6.77	6.78	6.74	6.76	6489181	45720236.00
20161229	6.75	6.78	6.74	6.76	5191400	36588784.00
20161230	6.77	6.78	6.73	6.76	7814400	55054560.00
20170103	6.76	6.80	6.74	6.79	7094234	50158648.00
20170104	6.79	6.82	6.74	6.81	15629508	110525264.00
20170105	6.80	6.81	6.75	6.77	18442780	130293088.00
20170106	6.77	6.85	6.77	6.79	25589999	181463200.00
20170109	6.79	6.84	6.78	6.83	12855141	91323448.00
20170110	6.83	6.88	6.80	6.84	13988323	99662736.00
20170111	6.84	6.89	6.80	6.85	16404073	116984000.00
20170112	6.84	6.85	6.80	6.81	10223599	72760920.00
20170113	6.79	6.97	6.73	6.94	39267382	278905408.00
20170116	6.93	7.09	6.81	7.07	62172748	452262656.00
20170117	7.02	7.02	6.95	6.97	14369758	104445272.00
20170118	6.99	7.04	6.94	6.94	13604707	98822432.00
20170119	6.94	6.95	6.87	6.90	12080841	86976248.00
20170120	6.90	6.96	6.87	6.95	9338106	67445784.00
20170123	6.95	6.97	6.93	6.95	7199279	52121772.00
20170124	6.95	6.99	6.93	6.98	9366422	67912624.00
20170125	6.98	6.99	6.95	6.97	5902676	42845296.00
20170126	6.97	7.01	6.96	6.98	8891825	64699840.00
20170203	6.98	6.99	6.93	6.95	4665806	33763760.00
20170206	6.96	6.98	6.92	6.97	4715238	34145128.00
20170207	6.98	7.01	6.94	6.99	7220326	52416008.00
20170208	6.98	7.01	6.95	7.00	8261316	60118556.00
20170209	7.00	7.05	6.98	7.02	8265231	60348116.00
20170210	7.04	7.09	7.01	7.08	15079587	110766144.00
20170213	7.07	7.13	7.05	7.10	10126885	74742136.00
20170214	7.09	7.15	7.03	7.07	11789447	86732328.00
20170215	7.07	7.43	7.07	7.22	72255163	549859648.00
20170216	7.22	7.37	7.18	7.36	26278537	199770944.00
20170217	7.34	7.36	7.22	7.32	11431472	86615136.00
20170220	7.27	7.38	7.26	7.35	15711400	119866664.00
20170221	7.35	7.46	7.33	7.42	13063250	100812632.00
20170222	7.41	7.45	7.27	7.38	18514502	141401600.00
20170223	7.34	7.36	7.22	7.31	17744632	134615744.00
20170224	7.28	7.33	7.22	7.31	13368400	101042504.00
20170227	7.29	7.38	7.24	7.30	15313900	116922192.00
20170228	7.29	7.46	7.27	7.44	18648841	143326128.00
20170301	7.40	7.51	7.40	7.42	14267223	110717680.00
20170302	7.22	7.60	7.22	7.55	19284064	150629808.00
20170303	7.54	7.71	7.48	7.61	22390657	177102080.00
20170306	7.65	7.83	7.34	7.51	54585695	425103072.00
20170307	7.43	7.49	7.31	7.44	18965400	145706704.00
20170308	7.39	7.53	7.34	7.49	13226208	102571632.00
20170309	7.48	7.58	7.41	7.47	12270187	95773648.00
20170310	7.46	7.50	7.33	7.37	13810554	106110536.00
20170313	7.35	7.50	7.28	7.46	9132715	70258592.00
20170314	7.43	7.52	7.37	7.40	7579650	58658660.00
20170315	7.38	7.48	7.34	7.43	12043531	92654480.00
20170316	7.43	7.47	7.39	7.42	10297794	79539280.00
20170317	7.43	7.45	7.25	7.27	17913372	136261600.00
20170320	7.29	7.36	7.25	7.29	13101400	99355128.00
20170321	7.29	7.47	7.27	7.46	17128500	131747296.00
20170322	7.30	7.35	7.16	7.21	21308191	160489280.00
20170323	7.21	7.21	6.95	6.98	33504444	245559392.00
20170324	6.98	6.99	6.85	6.96	26042200	187651472.00
20170327	6.95	6.95	6.84	6.86	27414041	196749408.00
20170328	6.82	6.89	6.81	6.86	14608907	104416856.00
20170329	6.86	6.89	6.78	6.80	25103208	178677776.00
20170330	6.82	6.95	6.76	6.88	32086307	229519744.00
20170331	6.87	6.97	6.83	6.88	25501080	183578304.00
20170405	6.89	7.01	6.86	6.99	21987790	159349840.00
20170406	6.99	7.13	6.97	7.02	28265504	207244944.00
20170407	7.03	7.11	7.00	7.09	19857773	146047552.00
20170410	7.08	7.18	7.00	7.15	23780784	175907136.00
20170411	7.14	7.31	6.97	7.25	36301800	270826720.00
20170412	7.16	7.34	7.11	7.14	19808300	148905392.00
20170413	7.13	7.34	7.11	7.32	29699804	224331856.00
20170414	7.32	7.40	7.27	7.29	26753865	204329408.00
20170417	7.28	7.38	7.17	7.18	18709877	141920976.00
20170418	7.21	7.37	7.21	7.30	25386818	193047648.00
20170419	7.26	7.35	7.15	7.29	15647243	117901248.00
20170420	7.27	7.33	7.08	7.09	16039439	120593216.00
20170421	7.11	7.40	7.10	7.40	31129478	235761264.00
20170424	7.39	7.56	7.12	7.25	30450200	232988240.00
20170425	7.25	7.52	7.21	7.48	30222100	233919456.00
20170426	7.37	7.65	7.29	7.51	27791900	216099728.00
20170427	7.46	7.58	7.44	7.53	20736500	162293504.00
20170428	7.56	7.58	7.43	7.51	15902074	124176112.00
20170502	7.49	7.55	7.27	7.33	12778016	97902776.00
20170503	7.32	7.38	7.14	7.18	14515028	109417520.00
20170504	7.18	7.39	7.11	7.27	15954100	120916624.00
20170505	7.18	7.39	7.18	7.27	13949100	106298288.00
20170508	7.23	7.34	7.12	7.16	7408300	55311072.00
20170509	7.18	7.81	7.18	7.64	47967000	376524448.00
20170510	7.66	7.66	7.44	7.45	20702100	162003792.00
20170511	7.46	7.54	7.29	7.50	21316000	164413136.00
20170512	7.45	7.67	7.41	7.47	21950797	172222864.00
20170515	7.48	7.64	7.40	7.59	15296231	119742760.00
20170516	7.58	7.65	7.46	7.60	17295852	135953760.00
20170517	7.61	7.85	7.59	7.60	19463442	155616976.00
20170518	7.47	7.56	7.32	7.38	20523800	158605472.00
20170519	7.37	7.55	7.37	7.50	12204704	94719496.00
20170522	7.47	7.71	7.41	7.51	15960779	125545552.00
20170523	7.44	7.63	7.36	7.37	13749500	106802944.00
20170524	7.29	7.53	7.27	7.50	11257800	86840032.00
20170525	7.48	7.58	7.45	7.56	8713200	68153880.00
20170526	7.56	7.73	7.53	7.66	13842200	109955344.00
20170531	7.82	7.85	7.49	7.50	17095228	135162208.00
20170601	7.48	7.62	7.48	7.61	9697844	76135936.00
20170602	7.59	7.75	7.53	7.72	18893863	150677392.00
20170605	7.85	8.07	7.76	8.01	29466589	243074640.00
20170606	7.96	7.97	7.67	7.79	28529032	230374592.00
20170607	7.78	7.92	7.73	7.82	20694151	167880352.00
20170608	7.82	7.89	7.67	7.85	18079961	145490000.00
20170609	7.84	7.84	7.63	7.69	24226856	193842224.00
20170612	7.71	7.94	7.66	7.93	24531200	199378512.00
20170613	7.91	7.91	7.74	7.83	17373898	140949696.00
20170614	7.79	7.82	7.69	7.72	15923178	127615216.00
20170615	7.69	7.71	7.58	7.60	17510439	138512576.00
20170616	7.59	7.61	7.40	7.42	28680328	222424800.00
20170619	7.43	7.54	7.40	7.52	18025976	139936832.00
20170620	7.50	7.55	7.39	7.45	18700703	144659600.00
20170621	7.47	7.52	7.40	7.51	16701468	129274784.00
20170622	7.56	7.70	7.47	7.48	42262686	332880704.00
20170623	7.49	7.49	7.29	7.46	28175740	215727888.00
20170626	7.45	7.48	7.37	7.44	20680823	159417776.00
20170627	7.43	7.49	7.40	7.46	14398577	111422176.00
20170628	7.46	7.52	7.45	7.51	15804603	122753792.00
20170629	7.54	7.55	7.39	7.43	19517929	150769136.00
20170630	7.42	7.42	7.29	7.34	17037707	124919856.00
20170703	7.30	7.33	7.13	7.17	26779301	192028208.00
20170704	7.17	7.24	7.15	7.20	13707010	98598344.00
20170705	7.18	7.25	7.15	7.21	13144268	94442312.00
20170706	7.27	7.45	7.27	7.31	28113202	206346016.00
20170707	7.28	7.36	7.27	7.32	17406253	127261768.00
20170710	7.33	7.36	7.30	7.31	10683308	78257760.00
20170711	7.31	7.31	7.17	7.22	22020124	158954928.00
数据来源:通达信
