600039 四川路桥 日线 前复权
      日期	    开盘	    最高	    最低	    收盘	    成交量	    成交额
20111010	1.89	1.92	1.86	1.89	1801675	14081040.00
20111011	1.93	1.96	1.88	1.91	2000451	15762784.00
20111012	1.89	1.97	1.88	1.97	3126159	25001434.00
20111013	1.97	2.01	1.95	1.99	2381695	19437960.00
20111014	2.03	2.03	1.98	2.00	2834270	23220756.00
20111017	2.01	2.08	2.01	2.06	4910467	41282036.00
20111020	2.11	2.13	1.96	1.99	6192826	52204860.00
20111021	1.97	1.98	1.83	1.88	2943269	22999748.00
20111024	1.86	1.93	1.86	1.92	2174095	17019886.00
20111025	1.91	1.96	1.87	1.96	3686912	29218738.00
20111026	1.95	1.98	1.92	1.96	2813000	22658914.00
20111027	1.95	2.04	1.95	2.02	5135629	42128460.00
20111028	2.04	2.04	2.00	2.03	3448413	28571430.00
20111031	2.06	2.08	2.02	2.04	3074064	25665844.00
20111101	2.04	2.05	1.99	1.99	3923447	32338476.00
20111102	1.96	2.03	1.93	2.03	3466301	28059980.00
20111103	2.04	2.07	2.02	2.03	3685197	30752152.00
20111104	2.02	2.08	2.01	2.04	3146121	26376700.00
20111107	2.06	2.06	2.00	2.02	2197621	18273124.00
20111108	2.01	2.03	1.98	1.98	1913287	15699128.00
20111109	2.00	2.02	1.96	2.01	1546999	12646399.00
20111110	1.97	1.99	1.95	1.95	2559385	20652758.00
20111111	1.95	1.99	1.94	1.98	1473064	11891166.00
20111114	1.99	2.02	1.98	2.01	1929190	15835598.00
20111115	2.01	2.04	2.00	2.04	2451306	20309670.00
20111116	2.04	2.04	1.96	1.99	2616531	21347642.00
20111117	1.99	2.01	1.98	1.99	1853017	15159173.00
20111118	1.98	1.99	1.94	1.95	1907235	15341738.00
20111121	1.95	1.98	1.94	1.98	930163	7473822.00
20111122	1.97	1.97	1.93	1.95	944977	7579385.00
20111123	1.96	2.04	1.95	2.00	4989795	41224904.00
20111124	1.97	2.00	1.96	1.97	1608525	13039640.00
20111125	1.97	1.99	1.94	1.96	1396000	11286438.00
20111128	1.96	1.99	1.95	1.96	988281	7971077.00
20111129	1.97	2.00	1.96	1.99	1995989	16221455.00
20111130	2.00	2.00	1.81	1.83	3758246	29257036.00
20111201	1.92	1.95	1.86	1.89	4495613	35211904.00
20111202	1.88	1.90	1.79	1.83	2758429	20899552.00
20111205	1.83	1.83	1.75	1.75	1485899	10961459.00
20111206	1.75	1.78	1.73	1.74	829499	6053171.00
20111207	1.77	1.77	1.74	1.75	1050001	7679646.00
20111208	1.75	1.77	1.70	1.73	963621	6983752.00
20111209	1.71	1.74	1.70	1.72	811987	5827478.00
20111212	1.72	1.76	1.70	1.75	1131131	8165011.00
20111213	1.74	1.74	1.63	1.64	1356300	9479328.00
20111214	1.64	1.66	1.60	1.60	792942	5452949.00
20111215	1.60	1.60	1.54	1.56	1360403	9024145.00
20111216	1.57	1.61	1.55	1.61	748013	5004673.00
20111219	1.61	1.61	1.56	1.61	733118	4903998.00
20111220	1.61	1.63	1.58	1.60	614669	4175883.00
20111221	1.61	1.63	1.56	1.56	513680	3474715.00
20111222	1.56	1.56	1.38	1.48	1584301	9939837.00
20111223	1.44	1.52	1.44	1.46	1789531	11285945.00
20111226	1.46	1.50	1.44	1.45	1074367	6782406.00
20111227	1.43	1.46	1.41	1.41	714649	4407266.00
20111228	1.40	1.41	1.38	1.41	1125889	6762837.00
20111229	1.42	1.42	1.38	1.41	867573	5265882.00
20111230	1.41	1.44	1.41	1.43	1100148	6752287.00
20120104	1.44	1.47	1.43	1.44	1642639	10228235.00
20120105	1.40	1.50	1.40	1.47	3337210	21051792.00
20120106	1.44	1.46	1.39	1.46	1723227	10533634.00
20120109	1.46	1.52	1.43	1.51	2185289	13907326.00
20120110	1.51	1.60	1.49	1.60	3828079	25424636.00
20120111	1.58	1.66	1.57	1.62	3251067	22121750.00
20120112	1.61	1.66	1.59	1.62	1256231	8571564.00
20120113	1.62	1.62	1.54	1.55	1368700	9085359.00
20120116	1.54	1.59	1.51	1.54	1258211	8341096.00
20120117	1.54	1.64	1.54	1.63	1617702	10960308.00
20120118	1.63	1.65	1.59	1.61	1380360	9435147.00
20120119	1.60	1.64	1.58	1.61	1349820	9170440.00
20120120	1.61	1.66	1.61	1.65	1890100	13104005.00
20120130	1.64	1.66	1.61	1.61	1044214	7183252.00
20120131	1.66	1.67	1.63	1.64	1344704	9308761.00
20120201	1.63	1.64	1.58	1.59	1158707	7907118.00
20120202	1.61	1.64	1.59	1.63	733668	5002008.00
20120203	1.63	1.65	1.61	1.64	1379813	9490249.00
20120206	1.64	1.66	1.63	1.65	1852050	12846827.00
20120207	1.65	1.65	1.59	1.60	1349209	9165561.00
20120208	1.60	1.66	1.60	1.66	1569569	10820051.00
20120209	1.65	1.69	1.64	1.66	2632098	18402328.00
20120210	1.71	1.79	1.70	1.74	8238553	60049752.00
20120213	1.70	1.76	1.70	1.74	4841088	35146200.00
20120214	1.73	1.79	1.73	1.78	4122746	30381064.00
20120215	1.78	1.82	1.77	1.81	4287730	32066056.00
20120216	1.81	1.91	1.81	1.86	6209121	47920740.00
20120217	1.85	1.91	1.81	1.81	4424616	33909788.00
20120220	1.85	1.88	1.81	1.81	3077000	23349478.00
20120221	1.83	1.94	1.83	1.89	5781047	45271220.00
20120222	1.89	1.92	1.87	1.91	5913035	46316136.00
20120223	1.91	1.93	1.89	1.91	5169665	40656216.00
20120224	1.93	1.93	1.90	1.92	4301312	33924012.00
20120227	1.93	1.94	1.90	1.90	6304184	49844560.00
20120228	1.88	1.90	1.83	1.84	4961848	37990968.00
20120229	1.86	1.86	1.83	1.84	2604925	19875568.00
20120301	1.84	1.87	1.82	1.86	2822511	21620334.00
20120302	1.86	1.89	1.85	1.88	2239333	17343274.00
20120305	1.89	1.94	1.88	1.91	3569474	28189516.00
20120306	1.90	1.93	1.88	1.88	2515880	19670892.00
20120307	1.88	1.93	1.84	1.93	4786272	37485200.00
20120308	1.99	2.15	1.99	2.13	17556732	150693424.00
20120309	2.14	2.36	2.11	2.26	22227756	199990688.00
20120312	2.22	2.30	2.21	2.29	9053323	82765496.00
20120313	2.29	2.29	2.22	2.24	9149826	83045680.00
20120314	2.24	2.35	2.14	2.20	13970770	128548240.00
20120315	2.20	2.28	2.16	2.23	7697639	69367984.00
20120316	2.22	2.31	2.21	2.30	6331063	57690752.00
20120319	2.29	2.41	2.27	2.40	9498916	89652112.00
20120320	2.39	2.45	2.30	2.32	7146787	67955040.00
20120321	2.34	2.38	2.24	2.32	5268246	48869740.00
20120322	2.32	2.41	2.29	2.38	5875486	55836264.00
20120323	2.38	2.42	2.25	2.28	4842703	45361904.00
20120326	2.28	2.30	2.08	2.15	9375283	82717304.00
20120327	2.15	2.24	2.14	2.18	6104611	54168424.00
20120328	2.23	2.23	2.10	2.11	6192005	54256336.00
20120329	2.11	2.19	2.08	2.14	4235020	36962324.00
20120330	2.18	2.22	2.12	2.20	3465295	30458344.00
20120405	2.19	2.39	2.19	2.34	6725481	62943504.00
20120406	2.31	2.38	2.30	2.33	4756581	44731016.00
20120409	2.33	2.39	2.28	2.34	4349706	41057532.00
20120410	2.32	2.36	2.22	2.34	4260067	39327904.00
20120411	2.30	2.34	2.27	2.31	3355993	31192072.00
20120412	2.31	2.34	2.29	2.34	4829328	45012812.00
20120413	2.34	2.39	2.29	2.38	6320159	59783040.00
20120416	2.36	2.49	2.35	2.45	6430596	63053104.00
20120418	2.42	2.47	2.38	2.44	4845695	47307408.00
20120419	2.45	2.45	2.34	2.35	4275610	41263000.00
20120420	2.35	2.39	2.32	2.35	4195903	39707688.00
20120423	2.34	2.37	2.28	2.31	3467973	32559220.00
20120424	2.30	2.35	2.22	2.29	3421954	31485144.00
20120503	2.50	2.50	2.34	2.40	9220170	89289240.00
20120504	2.41	2.42	2.35	2.36	4270792	40722216.00
20120507	2.35	2.62	2.34	2.62	18092855	183829504.00
20120508	2.66	2.69	2.58	2.65	15882733	166564400.00
20120509	2.66	2.66	2.56	2.58	7648752	79150784.00
20120510	2.59	2.63	2.54	2.61	6268878	64705596.00
20120511	2.61	2.61	2.49	2.52	7877102	79648120.00
20120514	2.54	2.54	2.47	2.50	5898837	59079664.00
20120515	2.48	2.60	2.43	2.52	6145356	34277872.00
20120516	2.52	2.52	2.38	2.39	9014899	48004220.00
20120517	2.36	2.43	2.28	2.39	8834916	46314484.00
20120518	2.31	2.38	2.31	2.33	4975904	25748732.00
20120521	2.34	2.43	2.34	2.39	7266221	38450288.00
20120522	2.41	2.43	2.38	2.40	5256323	27829956.00
20120523	2.40	2.40	2.33	2.37	6084803	31670440.00
20120524	2.37	2.43	2.33	2.37	4939663	26055006.00
20120525	2.38	2.42	2.35	2.40	7041699	37209816.00
20120528	2.40	2.57	2.35	2.53	16067586	87677816.00
20120529	2.50	2.59	2.49	2.53	15504412	86736176.00
20120530	2.53	2.57	2.49	2.55	9487732	52639196.00
20120531	2.53	2.56	2.51	2.53	8156049	45534404.00
20120601	2.48	2.56	2.48	2.52	6384148	35305088.00
20120604	2.47	2.51	2.37	2.37	6580674	35384212.00
20120605	2.45	2.55	2.41	2.42	11418290	62154236.00
20120606	2.39	2.41	2.35	2.38	6333156	33228184.00
20120607	2.42	2.43	2.33	2.33	5040000	26479048.00
20120608	2.38	2.38	2.31	2.31	4509683	23273810.00
20120611	2.31	2.34	2.28	2.32	4773979	24445652.00
20120612	2.32	2.37	2.30	2.32	4138648	21360090.00
20120613	2.33	2.35	2.30	2.34	6386461	32810796.00
20120614	2.33	2.33	2.17	2.22	19504116	97375400.00
20120615	2.21	2.24	2.20	2.22	5874175	28965816.00
20120618	2.23	2.25	2.21	2.22	4004448	19848444.00
20120619	2.23	2.24	2.21	2.22	4434613	21878008.00
20120620	2.23	2.23	2.18	2.18	3427486	16745128.00
20120621	2.18	2.18	2.10	2.12	4937755	23434238.00
20120625	2.11	2.17	2.08	2.12	5014742	23849876.00
20120626	2.12	2.18	2.11	2.18	4467966	21441946.00
20120627	2.18	2.23	2.16	2.19	3767151	18481752.00
20120628	2.17	2.22	2.15	2.16	2738482	13320595.00
20120629	2.19	2.23	2.17	2.21	3197753	15655311.00
20120702	2.19	2.21	2.17	2.20	3627308	17621064.00
20120703	2.20	2.20	2.15	2.18	2668888	12928622.00
20120704	2.20	2.20	2.16	2.17	2033214	9849826.00
20120705	2.14	2.17	2.05	2.07	3415926	16087920.00
20120706	2.10	2.11	2.00	2.08	4264680	19549744.00
20120709	2.06	2.07	2.01	2.01	2573319	11748908.00
20120710	2.01	2.01	1.92	1.93	4035650	17723284.00
20120711	1.93	1.95	1.89	1.92	3682827	15921188.00
20120712	1.91	1.99	1.79	1.98	11814430	50221388.00
20120713	1.94	1.98	1.92	1.95	4799376	21136528.00
20120716	1.97	1.97	1.87	1.87	3300884	14127442.00
20120717	1.86	1.92	1.84	1.89	2129247	9112015.00
20120718	1.89	1.91	1.85	1.90	1942697	8253721.00
20120719	1.90	1.95	1.90	1.93	3882832	16877112.00
20120720	1.93	1.94	1.84	1.90	3492121	14917966.00
20120723	1.88	1.89	1.86	1.88	2874134	12176590.00
20120724	1.88	1.98	1.86	1.92	5125024	22178552.00
20120725	1.91	1.94	1.89	1.90	3667554	15799103.00
20120726	1.90	1.93	1.89	1.89	3441976	14868801.00
20120727	1.89	1.91	1.86	1.87	1642093	6978170.00
20120730	1.88	1.88	1.82	1.83	1921804	8026491.00
20120731	1.82	1.84	1.77	1.78	3000262	12344742.00
20120801	1.98	1.98	1.98	1.98	2923134	13037178.00
20120802	2.21	2.21	2.08	2.21	32855279	158966224.00
20120803	2.25	2.45	2.16	2.45	47615149	248060960.00
20120806	2.48	2.72	2.48	2.72	63504546	374160608.00
20120807	2.75	2.99	2.75	2.90	98867354	612435392.00
20120808	2.91	2.91	2.76	2.81	64201439	392515104.00
20120809	2.83	2.85	2.71	2.79	51939411	313136000.00
20120810	2.76	2.84	2.71	2.72	44818728	270228480.00
20120813	2.72	2.77	2.67	2.72	40453521	240242080.00
20120814	2.69	2.70	2.43	2.56	54976414	308964256.00
20120815	2.51	2.62	2.47	2.56	29734782	167062656.00
20120816	2.55	2.59	2.50	2.53	18966459	105750520.00
20120817	2.47	2.59	2.45	2.57	22551715	125411272.00
20120820	2.54	2.63	2.52	2.62	28947355	164220848.00
20120821	2.61	2.77	2.58	2.60	54757724	321127584.00
20120822	2.51	2.53	2.43	2.46	38513521	209544288.00
20120823	2.44	2.49	2.41	2.46	19364531	104623456.00
20120824	2.45	2.45	2.31	2.32	23876509	124614144.00
20120827	2.27	2.37	2.27	2.31	12000239	61759588.00
20120828	2.31	2.36	2.31	2.32	12481643	64506776.00
20120829	2.32	2.43	2.32	2.37	20822615	109310176.00
20120830	2.33	2.37	2.25	2.31	16022609	81677344.00
20120831	2.29	2.31	2.21	2.29	16872433	84558080.00
20120903	2.26	2.33	2.24	2.33	15963378	81255016.00
20120904	2.34	2.34	2.24	2.25	12574291	63626540.00
20120905	2.23	2.31	2.22	2.28	10699758	54021436.00
20120906	2.28	2.33	2.26	2.32	12079115	61423444.00
20120907	2.40	2.55	2.36	2.49	40331992	217800992.00
20120910	2.45	2.77	2.44	2.75	66986024	389281408.00
20120911	2.66	2.68	2.58	2.62	31695672	182192352.00
20120912	2.64	2.67	2.56	2.62	23470067	134111456.00
20120913	2.63	2.64	2.51	2.51	18860469	105795488.00
20120914	2.58	2.58	2.48	2.53	15661583	87182304.00
20120917	2.53	2.53	2.37	2.38	15543314	83576272.00
20120918	2.34	2.40	2.34	2.36	8097277	42398140.00
20120919	2.38	2.40	2.35	2.39	8580817	45043232.00
20120920	2.39	2.39	2.28	2.30	7975818	41146968.00
20120921	2.29	2.34	2.27	2.31	7278869	37351724.00
20120924	2.31	2.50	2.25	2.45	21075934	112272280.00
20120925	2.45	2.62	2.41	2.47	37217848	207568400.00
20120926	2.41	2.45	2.34	2.36	15992101	84032816.00
20120927	2.32	2.47	2.32	2.42	17278109	91771600.00
20120928	2.39	2.48	2.37	2.46	13903576	74743424.00
20121008	2.46	2.50	2.40	2.41	10666010	57211720.00
20121009	2.41	2.52	2.40	2.51	16454596	89962272.00
20121010	2.52	2.54	2.46	2.51	14303980	78702768.00
20121011	2.52	2.58	2.49	2.51	16836797	93532768.00
20121012	2.54	2.54	2.41	2.44	13386809	72615328.00
20121015	2.42	2.44	2.39	2.42	8742279	46541892.00
20121016	2.43	2.46	2.38	2.43	7279927	38925904.00
20121017	2.43	2.45	2.36	2.40	7991106	42224736.00
20121018	2.41	2.48	2.39	2.47	11950484	64517780.00
20121019	2.47	2.50	2.45	2.47	7796102	42380720.00
20121022	2.45	2.47	2.40	2.46	5739618	30913398.00
20121023	2.46	2.52	2.45	2.46	12806869	70001280.00
20121024	2.44	2.51	2.42	2.50	10346674	56410292.00
20121025	2.51	2.52	2.40	2.42	12188138	65852948.00
20121026	2.41	2.43	2.30	2.32	12952072	67086384.00
20121029	2.33	2.35	2.30	2.33	5985399	30772756.00
20121030	2.32	2.39	2.32	2.37	7227746	37756624.00
20121031	2.44	2.57	2.40	2.53	33918394	185599888.00
20121101	2.54	2.59	2.48	2.56	31868696	178016816.00
20121102	2.55	2.58	2.50	2.55	18593095	103582960.00
20121105	2.55	2.56	2.51	2.54	10869464	60497232.00
20121106	2.54	2.74	2.43	2.70	36331463	206467920.00
20121107	2.67	2.71	2.61	2.62	21704464	125719280.00
20121108	2.55	2.70	2.53	2.58	27260934	157290000.00
20121109	2.56	2.76	2.56	2.72	37775459	222827232.00
20121112	2.73	2.83	2.68	2.80	32599876	196627808.00
20121113	2.79	2.79	2.64	2.65	22905586	134883696.00
20121114	2.66	2.70	2.58	2.68	16849630	97627872.00
20121115	2.65	2.73	2.59	2.64	17030317	99013800.00
20121116	2.60	2.68	2.58	2.64	15010006	86388624.00
20121119	2.65	2.72	2.61	2.69	13248719	77120288.00
20121120	2.70	2.72	2.60	2.62	12178101	70510712.00
20121121	2.69	2.80	2.66	2.72	37635614	223994368.00
20121122	2.68	2.70	2.63	2.64	17676100	102493584.00
20121123	2.64	2.68	2.61	2.63	10848825	62670576.00
20121126	2.60	2.62	2.50	2.51	16438191	91842672.00
20121127	2.50	2.53	2.42	2.43	11994038	64981436.00
20121128	2.40	2.45	2.36	2.44	9487499	50281096.00
20121204	2.38	2.38	2.18	2.32	16437388	83641760.00
20121205	2.30	2.57	2.27	2.49	21685292	117851544.00
20121206	2.49	2.55	2.46	2.51	15160829	83472144.00
20121207	2.51	2.70	2.50	2.64	28225352	161683824.00
20121210	2.68	2.91	2.61	2.80	43117024	257605136.00
20121211	2.90	3.10	2.79	2.80	79361461	504860704.00
20121212	2.85	3.00	2.81	3.00	60557493	381084256.00
20121213	2.96	2.97	2.84	2.85	38928050	244277920.00
20121214	2.87	3.13	2.80	3.01	64601616	418015360.00
20121217	3.06	3.08	2.96	3.02	42169815	275650304.00
20121218	3.01	3.01	2.87	2.92	35553145	226753312.00
20121219	2.90	2.98	2.87	2.91	20132090	127768536.00
20121220	2.89	2.95	2.87	2.92	20322384	128335280.00
20121221	2.92	3.08	2.90	2.97	40132327	259722816.00
20121224	2.94	2.94	2.86	2.89	25466088	160083392.00
20121225	2.87	2.97	2.84	2.93	32593912	206947616.00
20121226	2.93	3.01	2.91	2.98	28408976	182489968.00
20121227	2.99	3.13	2.99	3.04	48298805	320565216.00
20121228	3.04	3.07	2.94	3.03	27790231	180038976.00
20121231	3.03	3.04	2.96	2.99	21491305	139310688.00
20130104	3.02	3.03	2.95	2.97	18818269	121499696.00
20130107	2.95	3.04	2.91	3.02	27346445	175914928.00
20130108	3.01	3.21	3.00	3.16	47998395	323731904.00
20130109	3.15	3.15	3.04	3.07	25888822	172599808.00
20130110	3.07	3.17	3.01	3.07	27997770	187222448.00
20130111	3.05	3.07	2.89	2.91	27932116	179785904.00
20130114	2.89	3.03	2.87	3.00	25279154	162133792.00
20130115	3.02	3.07	2.97	3.03	24636137	160857184.00
20130116	3.01	3.03	2.91	2.98	21511577	138354784.00
20130117	2.97	3.09	2.94	3.09	26664885	174513696.00
20130118	3.13	3.18	3.08	3.11	31307095	211077584.00
20130121	3.11	3.43	3.06	3.33	51401924	361934368.00
20130122	3.30	3.39	3.25	3.30	33384596	237822800.00
20130123	3.30	3.37	3.21	3.32	24656028	174414800.00
20130124	3.32	3.34	3.11	3.15	28494135	197659888.00
20130125	3.13	3.21	3.10	3.14	12343706	84064184.00
20130128	3.14	3.24	3.12	3.24	15731018	108483296.00
20130129	3.25	3.33	3.21	3.33	20292868	143651904.00
20130130	3.33	3.50	3.31	3.41	30395276	222615984.00
20130131	3.40	3.50	3.28	3.47	32910018	239168176.00
20130201	3.43	3.49	3.38	3.44	20903564	153878240.00
20130204	3.45	3.54	3.36	3.45	24935937	184552496.00
20130205	3.43	3.79	3.38	3.73	42137865	323758016.00
20130206	3.69	3.85	3.60	3.78	29986592	240122064.00
20130207	3.80	3.81	3.66	3.74	17803496	142121952.00
20130208	3.76	4.00	3.76	3.95	27615517	229289600.00
20130218	3.97	4.04	3.90	3.98	22025691	185197136.00
20130219	3.98	3.98	3.69	3.74	27597414	223704944.00
20130220	3.75	3.79	3.60	3.78	23716382	186940112.00
20130221	3.72	3.72	3.56	3.59	22202597	172941792.00
20130222	3.58	3.68	3.57	3.61	14926794	115681880.00
20130225	3.64	3.69	3.60	3.68	14581257	113959576.00
20130226	3.64	3.67	3.46	3.49	16953168	129973728.00
20130227	3.49	3.56	3.46	3.51	11943832	89841560.00
20130228	3.53	3.68	3.51	3.68	17147710	132597512.00
20130301	3.69	3.71	3.62	3.69	15015803	117250208.00
20130304	3.67	3.67	3.38	3.45	22386230	167875872.00
20130305	3.44	3.54	3.40	3.53	10864012	81250800.00
20130306	3.55	3.63	3.51	3.60	13391337	102604696.00
20130307	3.60	3.64	3.53	3.56	11366267	86849528.00
20130308	3.56	3.56	3.44	3.46	10943989	81623240.00
20130311	3.44	3.51	3.40	3.49	6328048	46926232.00
20130312	3.46	3.51	3.31	3.37	9962925	72524800.00
20130313	3.36	3.37	3.27	3.31	8246817	58695252.00
20130314	3.31	3.37	3.29	3.34	6210296	44569768.00
20130315	3.34	3.39	3.20	3.28	11834045	83962864.00
20130318	3.25	3.28	3.19	3.20	7428052	51664024.00
20130319	3.20	3.28	3.19	3.26	6556162	45763628.00
20130320	3.26	3.38	3.25	3.37	10030010	71924064.00
20130321	3.38	3.41	3.34	3.37	9302430	67471640.00
20130322	3.38	3.50	3.35	3.47	14183382	104554328.00
20130325	3.46	3.48	3.40	3.43	8110708	59755172.00
20130326	3.41	3.41	3.31	3.34	8347383	59999072.00
20130327	3.35	3.40	3.32	3.39	7685195	55492920.00
20130328	3.38	3.38	3.20	3.27	12128021	85075880.00
20130329	3.24	3.27	3.17	3.21	9576423	66153732.00
20130401	3.20	3.30	3.14	3.25	9388287	65401472.00
20130402	3.24	3.30	3.19	3.22	7211703	50176512.00
20130403	3.18	3.24	3.14	3.20	5436538	37273808.00
20130408	3.14	3.18	3.08	3.17	5755034	38807492.00
20130409	3.15	3.24	3.15	3.22	6412153	44378916.00
20130410	3.24	3.28	3.20	3.24	8240062	57479904.00
20130411	3.26	3.28	3.20	3.21	6174214	43135416.00
20130412	3.19	3.19	3.11	3.12	4571912	31091544.00
20130415	3.10	3.15	3.09	3.12	4358090	29336286.00
20130416	3.09	3.20	3.04	3.19	6617863	44660612.00
20130417	3.18	3.23	3.16	3.20	4663445	32072310.00
20130418	3.15	3.22	3.15	3.20	4869323	33533862.00
20130419	3.20	3.27	3.18	3.26	9107625	63643172.00
20130422	3.61	3.61	3.61	3.61	10115427	78091096.00
20130423	3.84	3.92	3.66	3.72	114416129	920838784.00
20130424	3.68	3.68	3.46	3.57	46116546	349001856.00
20130425	3.56	3.57	3.36	3.37	30350244	224972432.00
20130426	3.33	3.42	3.28	3.29	22301630	160040464.00
20130502	3.26	3.26	3.11	3.17	16038167	109673920.00
20130503	3.17	3.23	3.17	3.23	17047666	117778944.00
20130506	3.23	3.25	3.17	3.24	14170837	97901440.00
20130507	3.22	3.23	3.16	3.19	14547132	99970120.00
20130508	3.19	3.23	3.16	3.20	11576791	79691520.00
20130509	3.20	3.20	3.06	3.12	16494561	111377112.00
20130510	3.10	3.17	3.10	3.16	11169065	75612184.00
20130513	3.17	3.21	3.13	3.20	10503411	71874512.00
20130514	3.20	3.20	3.11	3.16	8183557	55454376.00
20130515	3.17	3.17	3.10	3.12	7498641	50548168.00
20130516	3.12	3.14	3.06	3.12	11506613	76960256.00
20130517	3.12	3.29	3.12	3.28	27309927	189067040.00
20130520	3.27	3.32	3.25	3.28	18630254	131713952.00
20130521	3.29	3.33	3.21	3.26	13771021	96287328.00
20130522	3.28	3.32	3.23	3.28	14104395	99354808.00
20130523	3.27	3.27	3.16	3.16	14542265	100551528.00
20130524	3.16	3.19	3.12	3.16	9995448	67803336.00
20130527	3.15	3.15	3.11	3.14	9865129	66611152.00
20130528	3.14	3.24	3.13	3.23	13219995	90870776.00
20130529	3.22	3.30	3.22	3.25	17337414	122023296.00
20130530	3.24	3.24	3.19	3.20	7599013	52561504.00
20130531	3.21	3.28	3.21	3.24	11836905	82778576.00
20130603	3.25	3.29	3.23	3.24	10172977	71385392.00
20130604	3.22	3.23	3.13	3.13	10548586	71940632.00
20130605	3.16	3.26	3.15	3.20	10278585	71211120.00
20130606	3.18	3.19	3.13	3.13	6184687	41937192.00
20130607	3.14	3.17	3.02	3.05	6369805	42434588.00
20130613	3.03	3.03	2.83	2.88	8124147	50904548.00
20130614	2.88	2.99	2.86	2.95	8022427	50893800.00
20130617	2.95	2.96	2.85	2.88	5155447	32355008.00
20130618	2.91	2.94	2.88	2.92	2627581	16205849.00
20130619	2.92	3.06	2.92	2.98	7709083	48813800.00
20130620	2.95	2.95	2.83	2.84	7027533	43007004.00
20130621	2.84	2.84	2.72	2.80	4694615	27788192.00
20130624	2.78	2.80	2.51	2.52	8697734	48624356.00
20130625	2.48	2.55	2.25	2.52	9283422	47791328.00
20130626	2.55	2.56	2.47	2.51	5504789	29541810.00
20130627	2.51	2.55	2.39	2.41	6573783	34962872.00
20130628	2.36	2.47	2.35	2.42	4962262	25789572.00
20130701	2.42	2.49	2.40	2.49	5683270	29950560.00
20130702	2.54	2.57	2.51	2.56	8585973	46666608.00
20130703	2.51	2.54	2.45	2.50	5357580	28584072.00
20130704	2.48	2.55	2.44	2.51	5276483	28203206.00
20130705	2.52	2.55	2.51	2.51	4980432	26952228.00
20130708	2.49	2.49	2.37	2.38	5509839	28438772.00
20130709	2.36	2.45	2.36	2.44	4475232	23123610.00
20130710	2.50	2.69	2.50	2.60	13216699	73207520.00
20130711	2.61	2.73	2.58	2.73	17293194	98946704.00
20130712	2.77	2.80	2.64	2.66	13897656	79914576.00
20130715	2.73	2.82	2.72	2.75	15867997	93257496.00
20130716	2.77	2.79	2.67	2.74	10098124	58276072.00
20130717	2.74	2.76	2.65	2.68	9088558	52047932.00
20130718	2.69	2.78	2.61	2.75	11928569	68802584.00
20130719	2.72	2.73	2.61	2.61	9092400	51699764.00
20130722	2.58	2.67	2.54	2.66	5144356	28634856.00
20130723	2.66	2.73	2.63	2.71	7711117	44224656.00
20130724	2.70	2.71	2.61	2.66	6716285	37888128.00
20130725	2.66	2.71	2.62	2.63	5876209	33429644.00
20130726	2.70	2.75	2.66	2.68	9650878	55435072.00
20130729	2.64	2.64	2.57	2.59	6043777	33398188.00
20130730	2.59	2.61	2.50	2.57	3640648	19923480.00
20130731	2.57	2.61	2.48	2.52	5211288	28397864.00
20130801	2.52	2.58	2.51	2.56	6019236	32856158.00
20130802	2.56	2.60	2.55	2.56	5270647	28867118.00
20130805	2.54	2.61	2.54	2.61	7546847	41732272.00
20130806	2.62	2.63	2.56	2.63	9569234	53061984.00
20130807	2.62	2.64	2.60	2.61	6939097	38760392.00
20130808	2.61	2.62	2.57	2.59	4331321	23914288.00
20130809	2.59	2.62	2.57	2.61	5761474	31943632.00
20130812	2.60	2.66	2.58	2.65	9081329	50873036.00
20130813	2.66	2.74	2.63	2.72	12928321	74203000.00
20130814	2.71	2.74	2.66	2.67	8580024	49068236.00
20130815	2.66	2.70	2.64	2.65	6224995	35418348.00
20130816	2.64	2.73	2.59	2.59	8985462	50546616.00
20130819	2.58	2.61	2.55	2.61	4735041	26122812.00
20130820	2.62	2.72	2.59	2.68	11769867	67014160.00
20130821	2.67	2.72	2.64	2.69	6137695	34969472.00
20130822	2.70	2.78	2.69	2.78	20282259	118332728.00
20130823	2.79	2.79	2.63	2.70	12337834	71279504.00
20130826	2.70	2.73	2.68	2.72	8753518	50395268.00
20130827	2.74	2.79	2.72	2.76	11224061	65769556.00
20130828	2.76	2.84	2.73	2.79	17707775	105225984.00
20130829	2.83	2.92	2.83	2.87	17307785	105361912.00
20130830	2.85	3.09	2.79	2.98	29713019	184231040.00
20130902	2.98	2.98	2.83	2.87	14922228	91180520.00
20130903	2.88	2.90	2.85	2.90	9556164	58273620.00
20130904	2.90	2.90	2.82	2.87	10487409	63566784.00
20130905	2.85	2.87	2.80	2.81	7771543	46816672.00
20130906	2.79	2.86	2.79	2.84	7883581	47435372.00
20130909	2.84	2.89	2.84	2.89	11426566	69584576.00
20130910	2.89	2.95	2.85	2.91	11637398	71672048.00
20130911	2.93	2.94	2.87	2.93	13235121	81403856.00
20130912	2.92	2.95	2.86	2.90	10756688	66228896.00
20130913	2.89	2.92	2.87	2.88	7158419	43648532.00
20130916	2.88	2.89	2.85	2.86	4569408	27806372.00
20130917	2.85	2.91	2.83	2.84	6729448	40946436.00
20130918	2.83	2.85	2.78	2.82	5216182	31081898.00
20130923	2.82	2.89	2.81	2.88	6188551	37590540.00
20130924	2.88	2.91	2.83	2.89	8323125	50594332.00
20130925	2.89	2.89	2.82	2.83	7377890	44537704.00
20130926	2.81	2.82	2.70	2.71	7780030	45636320.00
20130927	2.70	2.74	2.68	2.72	4304824	24758956.00
20130930	2.73	2.77	2.71	2.74	3571895	20735896.00
20131008	2.72	2.75	2.69	2.75	4992164	28937448.00
20131009	2.79	2.87	2.79	2.86	11697189	70506464.00
20131010	2.87	2.87	2.81	2.83	7432910	44764648.00
20131011	2.83	2.87	2.83	2.85	8395403	50861332.00
20131014	2.86	2.89	2.84	2.88	8975547	54603152.00
20131015	2.89	2.97	2.88	2.96	20808858	129709120.00
20131016	2.96	2.97	2.82	2.88	11316062	69234624.00
20131017	2.88	2.91	2.85	2.86	8979743	54739248.00
20131018	2.86	2.88	2.82	2.84	6573913	39653708.00
20131021	2.83	2.89	2.83	2.87	7211228	43782384.00
20131022	2.88	3.18	2.84	3.03	38638844	248665200.00
20131023	3.35	3.35	3.10	3.35	81584811	573488448.00
20131024	3.37	3.37	3.15	3.17	55559812	380411232.00
20131025	3.23	3.32	3.13	3.20	29148203	197689472.00
20131028	3.23	3.30	3.07	3.15	22907409	153304624.00
20131029	3.15	3.15	2.92	3.05	23807286	152067120.00
20131030	3.02	3.19	2.96	3.18	23051831	150280384.00
20131031	3.16	3.24	3.07	3.14	19829155	131395920.00
20131101	3.13	3.16	3.05	3.08	12149138	79632752.00
20131104	3.08	3.21	3.02	3.15	13676888	89571944.00
20131105	3.11	3.16	3.07	3.14	10453668	68716112.00
20131106	3.09	3.25	3.05	3.13	22405037	149127392.00
20131107	3.12	3.14	3.05	3.06	11116786	72549624.00
20131108	3.07	3.11	2.95	2.95	11833445	75141696.00
20131111	2.99	3.04	2.97	3.00	7927930	50443300.00
20131112	3.00	3.03	2.93	3.00	7910575	49903320.00
20131113	2.99	2.99	2.90	2.90	7939276	49370028.00
20131114	2.92	2.96	2.91	2.94	6935233	43170864.00
20131115	2.97	3.03	2.94	2.99	9484926	60066848.00
20131118	2.99	3.05	2.98	3.04	9947721	63576772.00
20131119	3.10	3.17	3.07	3.11	17196039	113009112.00
20131120	3.11	3.20	3.05	3.16	16912901	111697696.00
20131121	3.13	3.21	3.08	3.13	15643142	103823096.00
20131122	3.10	3.20	3.08	3.09	10842627	71536056.00
20131125	3.09	3.12	3.04	3.06	8599514	55833688.00
20131126	3.06	3.11	3.00	3.07	10580146	68098744.00
20131127	3.05	3.09	3.02	3.07	8824375	57029552.00
20131128	3.08	3.18	3.08	3.15	22163040	147110448.00
20131129	3.14	3.17	3.11	3.16	9860569	65389812.00
20131202	3.15	3.24	3.10	3.14	24475205	163579600.00
20131203	3.08	3.19	3.05	3.19	11027591	72982616.00
20131204	3.18	3.29	3.17	3.23	21543665	147282688.00
20131205	3.27	3.27	3.14	3.16	19108952	128551152.00
20131206	3.15	3.19	3.12	3.16	9300851	61875120.00
20131209	3.15	3.17	3.13	3.16	6019887	39981592.00
20131210	3.20	3.26	3.18	3.21	16275671	110220432.00
20131211	3.18	3.19	3.09	3.11	9185287	60761532.00
20131212	3.11	3.16	3.11	3.12	5840592	38586032.00
20131213	3.12	3.13	3.06	3.07	8459087	55085684.00
20131216	3.07	3.07	2.91	2.93	15981509	100617696.00
20131217	2.96	2.96	2.93	2.95	4895362	30488264.00
20131218	2.95	2.97	2.93	2.96	3335132	20833666.00
20131219	2.96	2.99	2.93	2.94	4000734	25077556.00
20131220	2.94	2.96	2.83	2.84	8732251	53222592.00
20131223	2.85	2.87	2.78	2.85	4429514	26664620.00
20131224	2.84	2.89	2.83	2.86	3476410	21126784.00
20131225	2.86	2.88	2.83	2.88	3161962	19186724.00
20131226	2.88	2.89	2.79	2.80	4111663	24666766.00
20131227	2.80	2.85	2.79	2.84	2895870	17344188.00
20131230	2.86	2.87	2.81	2.81	3238310	19452342.00
20131231	2.81	2.86	2.78	2.85	4465485	26696648.00
20140102	2.83	2.85	2.82	2.83	2614829	15720361.00
20140103	2.83	2.83	2.75	2.76	4486589	26506722.00
20140106	2.75	2.75	2.65	2.65	4547104	26116896.00
20140107	2.67	2.70	2.63	2.65	2966377	16819558.00
20140108	2.69	2.71	2.65	2.66	3368733	19210156.00
20140109	2.65	2.66	2.60	2.62	3549017	19918340.00
20140110	2.61	2.62	2.49	2.51	6182288	33682424.00
20140113	2.52	2.60	2.50	2.51	3877422	21048800.00
20140114	2.56	2.57	2.51	2.57	2677666	14548449.00
20140115	2.57	2.57	2.50	2.51	5450435	29343646.00
20140116	2.51	2.55	2.50	2.53	2969375	16050344.00
20140117	2.54	2.54	2.48	2.50	3805172	20313302.00
20140120	2.48	2.51	2.46	2.48	2588937	13737683.00
20140121	2.48	2.52	2.48	2.52	2451925	13152979.00
20140122	2.52	2.61	2.51	2.60	4834444	26591536.00
20140123	2.61	2.62	2.58	2.60	3719850	20599852.00
20140124	2.60	2.65	2.58	2.62	6991116	38985416.00
20140127	2.62	2.62	2.58	2.61	3649410	20220130.00
20140128	2.59	2.65	2.58	2.60	2813878	15629786.00
20140129	2.62	2.63	2.60	2.61	2411498	13411367.00
20140130	2.61	2.61	2.58	2.58	2342184	12933775.00
20140207	2.57	2.62	2.54	2.61	3007417	16605600.00
20140210	2.61	2.68	2.61	2.67	5105743	28968276.00
20140211	2.71	2.72	2.68	2.69	4546069	26068428.00
20140212	2.73	2.79	2.73	2.77	7863260	46061576.00
20140213	2.77	2.79	2.71	2.71	6022382	34942452.00
20140214	2.71	2.75	2.68	2.74	6352007	36588680.00
20140217	2.75	2.75	2.71	2.75	4767203	27703288.00
20140218	2.74	2.74	2.68	2.70	5717638	32863072.00
20140219	2.70	2.74	2.68	2.74	7410478	42751440.00
20140220	2.73	2.88	2.72	2.87	18410877	109653224.00
20140221	2.88	2.88	2.78	2.79	16377144	98277296.00
20140224	2.74	2.78	2.69	2.71	7127937	41124156.00
20140225	2.71	2.73	2.62	2.63	6544209	37370260.00
20140226	2.63	2.68	2.61	2.66	4220270	23774824.00
20140227	2.65	2.68	2.63	2.64	4771861	26960440.00
20140228	2.61	2.66	2.60	2.65	3650377	20429188.00
20140303	2.64	2.75	2.63	2.73	5479039	31500118.00
20140304	2.73	2.85	2.68	2.77	18640770	109857824.00
20140305	2.77	2.79	2.71	2.71	6896059	40088776.00
20140306	2.71	2.76	2.69	2.72	5288270	30738318.00
20140307	2.71	2.73	2.64	2.66	5792419	33006744.00
20140310	2.64	2.64	2.49	2.54	7065962	38721776.00
20140311	2.54	2.56	2.51	2.53	3975509	21481980.00
20140312	2.53	2.55	2.49	2.55	3768320	20295052.00
20140313	2.55	2.58	2.52	2.56	2671501	14605823.00
20140314	2.56	2.56	2.52	2.53	2888334	15642649.00
20140317	2.53	2.57	2.53	2.57	2651748	14449105.00
20140318	2.57	2.61	2.56	2.60	4158051	22910680.00
20140319	2.60	2.60	2.55	2.56	3086843	16910092.00
20140320	2.56	2.64	2.54	2.63	8095147	44891244.00
20140321	2.62	2.68	2.58	2.65	11112873	62384256.00
20140324	2.67	2.67	2.63	2.66	6106252	34466216.00
20140325	2.66	2.68	2.62	2.66	4378539	24748716.00
20140326	2.66	2.67	2.60	2.62	3549405	19915172.00
20140327	2.63	2.64	2.59	2.59	3048264	16999896.00
20140328	2.58	2.62	2.53	2.54	4607563	25202804.00
20140331	2.55	2.59	2.54	2.59	3025421	16523685.00
20140401	2.62	2.66	2.58	2.66	7491283	42117976.00
20140402	2.64	2.68	2.64	2.64	3888421	21972920.00
20140403	2.67	2.69	2.63	2.64	4403231	24859700.00
20140404	2.64	2.67	2.60	2.65	4431032	24869452.00
20140408	2.63	2.67	2.62	2.67	4504798	25489078.00
20140409	2.68	2.71	2.66	2.70	6628177	37856024.00
20140410	2.71	2.72	2.67	2.68	5682213	32616612.00
20140411	2.69	2.73	2.69	2.69	4890758	28172012.00
20140414	2.70	2.78	2.65	2.76	16297499	94523760.00
20140415	2.74	2.80	2.72	2.75	13965982	81928520.00
20140416	2.73	2.84	2.73	2.78	18059943	107054624.00
20140417	2.76	2.82	2.73	2.74	12836180	75445504.00
20140418	2.71	2.71	2.66	2.67	9283616	52909364.00
20140421	2.65	2.68	2.61	2.62	6148207	34667896.00
20140422	2.61	2.64	2.58	2.62	5448105	30210814.00
20140423	2.62	2.64	2.58	2.62	2948201	16388413.00
20140424	2.62	2.62	2.58	2.58	4552733	25165430.00
20140425	2.58	2.60	2.54	2.54	3952450	21641472.00
20140428	2.54	2.55	2.47	2.47	4092362	21848006.00
20140429	2.46	2.51	2.46	2.51	3301816	17543532.00
20140430	2.52	2.60	2.52	2.57	3501674	19140724.00
20140505	2.57	2.60	2.51	2.55	2880652	15621322.00
20140506	2.55	2.57	2.53	2.54	2479158	13504365.00
20140507	2.53	2.54	2.49	2.50	2642009	14167344.00
20140508	2.52	2.54	2.50	2.51	2031363	10939169.00
20140509	2.52	2.52	2.48	2.50	1743974	9300701.00
20140512	2.52	2.56	2.50	2.56	3104505	16849586.00
20140513	2.55	2.58	2.54	2.58	3187726	17443622.00
20140514	2.58	2.59	2.55	2.55	2859933	15654350.00
20140515	2.55	2.55	2.49	2.50	2097447	11287850.00
20140516	2.49	2.52	2.48	2.51	1626017	8685430.00
20140519	2.51	2.51	2.47	2.48	1607803	8547672.00
20140520	2.50	2.51	2.48	2.50	1521241	8118360.00
20140521	2.48	2.52	2.48	2.51	1578680	8461055.00
20140522	2.51	2.54	2.50	2.50	1491884	8032521.00
20140523	2.50	2.52	2.49	2.51	1532076	8190859.00
20140526	2.53	2.55	2.51	2.53	1903596	10223820.00
20140527	2.55	2.56	2.52	2.54	1813384	9730111.00
20140528	2.54	2.55	2.51	2.55	2470062	13267951.00
20140529	2.55	2.59	2.54	2.55	4129468	22410326.00
20140530	2.55	2.55	2.51	2.52	3245120	17335050.00
20140603	2.52	2.53	2.45	2.50	3473717	18417466.00
20140604	2.49	2.49	2.45	2.46	3343820	17473480.00
20140605	2.46	2.54	2.45	2.53	10553858	55531116.00
20140606	2.51	2.57	2.49	2.54	7401467	39710520.00
20140609	2.55	2.60	2.50	2.51	6175946	33289920.00
20140610	2.51	2.53	2.49	2.51	2834357	15040128.00
20140611	2.53	2.54	2.52	2.53	3243092	17357590.00
20140612	2.53	2.54	2.49	2.50	2840811	15081585.00
20140613	2.49	2.52	2.48	2.50	2661813	14102761.00
20140616	2.50	2.52	2.49	2.51	2939580	15579336.00
20140617	2.52	2.57	2.50	2.57	8342225	44873412.00
20140618	2.60	2.84	2.59	2.84	37449259	220103392.00
20140619	2.75	2.75	2.58	2.61	44165786	246698592.00
20140620	2.53	2.56	2.50	2.55	15393640	82569520.00
20140623	2.55	2.57	2.53	2.55	12305329	66444744.00
20140624	2.54	2.57	2.53	2.57	7908035	42741684.00
20140625	2.55	2.56	2.52	2.54	5608328	30107912.00
20140626	2.54	2.66	2.53	2.63	15764882	86555504.00
20140627	2.60	2.64	2.60	2.61	11051412	61207748.00
20140630	2.61	2.68	2.61	2.64	10124297	56540828.00
20140701	2.66	2.71	2.62	2.67	9105370	51150016.00
20140702	2.66	2.68	2.63	2.67	6289431	35292300.00
20140703	2.69	2.71	2.66	2.68	7261398	41067592.00
20140704	2.68	2.69	2.60	2.64	7911324	44009244.00
20140707	2.63	2.65	2.61	2.64	5888248	32689196.00
20140708	2.63	2.67	2.61	2.67	4603328	25701808.00
20140709	2.67	2.67	2.61	2.62	5078999	28253888.00
20140710	2.60	2.66	2.59	2.62	4278746	23729052.00
20140711	2.62	2.69	2.61	2.67	6323959	35483728.00
20140714	2.67	2.68	2.64	2.68	5316632	29913944.00
20140715	2.68	2.71	2.65	2.70	8316314	47043044.00
20140716	2.69	2.71	2.67	2.67	5830845	33062722.00
20140717	2.66	2.69	2.63	2.65	4694425	26256364.00
20140718	2.67	2.69	2.63	2.67	4364911	24558850.00
20140721	2.66	2.72	2.64	2.70	8259070	46623652.00
20140722	2.69	2.73	2.69	2.71	6515242	37219732.00
20140723	2.70	2.73	2.67	2.67	6826171	38854384.00
20140724	2.67	2.71	2.67	2.70	7882849	44717168.00
20140725	2.71	2.74	2.68	2.73	8384436	47909976.00
20140728	2.73	2.76	2.72	2.75	9711898	56299524.00
20140729	2.75	2.78	2.73	2.76	8815011	51243044.00
20140730	2.76	2.80	2.72	2.78	10424232	60465744.00
20140731	2.77	2.80	2.73	2.78	8155772	47485456.00
20140801	2.79	2.83	2.74	2.74	11621993	68308400.00
20140804	2.75	2.83	2.75	2.83	12482540	73786224.00
20140805	2.83	2.84	2.80	2.83	6892351	40843624.00
20140806	2.81	2.87	2.78	2.84	10022773	59678168.00
20140807	2.84	2.86	2.81	2.83	8675188	51638776.00
20140808	2.82	2.84	2.79	2.80	6116610	36186260.00
20140811	2.81	2.93	2.81	2.91	15334974	92882008.00
20140812	2.91	3.08	2.89	3.00	21697952	136853232.00
20140813	2.98	3.11	2.97	3.06	18768536	119747488.00
20140814	3.03	3.06	2.99	3.00	11893054	75299616.00
20140815	3.00	3.06	2.99	3.01	8918207	56554336.00
20140818	3.01	3.06	3.00	3.04	9168633	58285056.00
20140819	3.05	3.14	3.02	3.11	14534143	94422624.00
20140820	3.11	3.18	3.08	3.10	9350812	60923444.00
20140821	3.09	3.14	3.06	3.12	10720656	69801600.00
20140822	3.12	3.24	3.11	3.23	15503538	103338008.00
20140825	3.26	3.33	3.21	3.23	18632465	127229440.00
20140826	3.23	3.30	3.16	3.26	15750853	106142512.00
20140827	3.26	3.34	3.24	3.27	13764166	94879288.00
20140828	3.24	3.28	3.08	3.10	22840227	150528672.00
20140829	3.08	3.32	3.08	3.30	31508753	211779712.00
20140901	3.30	3.49	3.25	3.34	66736024	469839616.00
20140902	3.36	3.38	3.30	3.37	29901413	208442864.00
20140903	3.38	3.38	3.33	3.36	21167967	148412176.00
20140904	3.36	3.48	3.34	3.41	29261645	208473776.00
20140905	3.43	3.44	3.38	3.42	18865000	134279168.00
20140909	3.45	3.75	3.44	3.74	46209884	347409120.00
20140910	3.70	4.13	3.66	3.99	52957195	428474816.00
20140911	4.00	4.12	3.93	4.01	39159703	325394400.00
20140912	3.98	4.25	3.97	4.18	37582845	321657984.00
20140915	4.26	4.39	4.19	4.34	36091094	320448832.00
20140916	4.32	4.35	4.00	4.03	47115987	407026240.00
20140917	4.12	4.20	4.00	4.12	26804661	227210160.00
20140918	4.08	4.12	4.03	4.08	15754604	132894208.00
20140919	4.05	4.19	4.02	4.19	22186415	190002192.00
20140922	4.17	4.18	3.93	3.98	29906755	249951744.00
20140923	3.97	4.04	3.96	4.02	15476798	128695600.00
20140924	4.00	4.19	3.99	4.17	25336366	216525472.00
20140925	4.16	4.28	4.11	4.14	21499705	186611904.00
20140926	4.25	4.54	4.21	4.43	46002455	418680128.00
20140929	4.46	4.49	4.37	4.44	27497246	251334160.00
20140930	4.45	4.47	4.39	4.44	24432356	223936544.00
20141008	4.47	4.52	4.35	4.47	33606392	308280896.00
20141009	4.55	4.93	4.53	4.93	76464299	376830336.00
20141010	4.95	4.95	4.65	4.73	133599517	656334592.00
20141013	4.75	4.92	4.66	4.82	81057517	401520000.00
20141014	4.81	4.81	4.65	4.72	55256714	269832608.00
20141015	4.77	4.89	4.75	4.81	52182398	258782304.00
20141016	4.76	4.78	4.65	4.69	43995151	214200160.00
20141017	4.64	4.68	4.45	4.56	39930214	187895632.00
20141020	4.55	4.60	4.51	4.58	22705989	106919280.00
20141021	4.58	4.70	4.51	4.64	35480550	168963520.00
20141022	4.63	4.63	4.50	4.51	23249074	109163504.00
20141023	4.51	4.51	4.29	4.33	29975181	135682992.00
20141024	4.33	4.40	4.32	4.35	14461632	65153344.00
20141027	4.35	4.35	4.26	4.29	15493919	68824344.00
20141028	4.26	4.48	4.26	4.47	21315498	97051824.00
20141029	4.49	4.53	4.41	4.50	35446704	164029872.00
20141030	4.52	4.67	4.47	4.62	49514461	235518176.00
20141031	4.61	4.62	4.51	4.58	32816724	154527520.00
20141103	4.58	4.70	4.55	4.67	43162740	206494528.00
20141104	4.64	4.78	4.62	4.78	68895775	335393472.00
20141105	4.77	4.77	4.64	4.70	39933081	193198640.00
20141106	4.65	4.69	4.55	4.62	32426073	153987600.00
20141107	4.62	4.71	4.53	4.58	29503473	140627360.00
20141110	4.58	4.64	4.57	4.64	29225703	139007296.00
20141111	4.65	4.67	4.41	4.44	37976449	177091120.00
20141112	4.42	4.52	4.36	4.52	17236020	79367792.00
20141113	4.52	4.52	4.41	4.48	18252019	84064864.00
20141114	4.47	4.54	4.42	4.50	17381075	80656576.00
20141117	4.59	4.68	4.51	4.64	35912504	171212640.00
20141118	4.65	4.71	4.58	4.60	22092350	105524504.00
20141119	4.60	4.61	4.53	4.55	16080330	75607360.00
20141120	4.55	4.56	4.50	4.55	17072762	79930320.00
20141121	4.55	4.58	4.51	4.57	16857711	79055280.00
20141124	4.67	4.70	4.60	4.65	57602369	276904128.00
20141125	4.65	4.70	4.61	4.67	51260106	246694512.00
20141126	4.67	5.15	4.67	5.15	136501303	693847424.00
20141127	5.15	5.50	5.06	5.30	164252080	897831488.00
20141128	5.30	5.33	5.13	5.21	82534769	443591616.00
20141201	5.17	5.35	4.98	5.25	71750030	380808576.00
20141202	5.18	5.28	5.11	5.24	53798094	289151616.00
20141203	5.24	5.43	5.17	5.39	90409440	494844064.00
20141204	5.35	5.42	5.29	5.41	74089817	408081760.00
20141205	5.41	5.41	5.01	5.11	73710814	393705984.00
20141208	5.05	5.25	4.93	5.20	58292865	308644032.00
20141209	5.18	5.45	5.04	5.10	92616554	501491968.00
20141210	5.04	5.24	4.97	5.23	49211827	260511632.00
20141211	5.23	5.67	5.16	5.65	98781297	547305216.00
20141212	5.68	5.91	5.55	5.74	111122189	657183808.00
20141215	5.71	6.28	5.55	6.14	111736117	679087424.00
20141216	6.14	6.25	5.96	6.03	96554674	602118720.00
20141217	5.91	5.93	5.53	5.65	269662882	1566009344.00
20141218	5.54	5.79	5.35	5.65	337467382	1913691776.00
20141219	5.55	5.65	5.40	5.59	225403447	1277716224.00
20141222	5.55	5.55	5.02	5.02	269204448	1437801216.00
20141223	4.92	5.09	4.78	4.93	91347693	464909248.00
20141224	4.94	5.11	4.94	5.06	99340348	512832352.00
20141225	5.09	5.15	5.01	5.14	104963746	549192128.00
20141226	5.26	5.51	5.26	5.35	182435749	1008880320.00
20141229	5.37	5.63	5.18	5.51	203766327	1144790656.00
20141230	5.47	5.54	5.33	5.37	100000766	555431936.00
20141231	5.35	5.43	5.19	5.31	87800788	477196000.00
20150105	5.31	5.39	5.20	5.35	111908345	610483136.00
20150106	5.32	5.44	5.23	5.37	95807149	526867264.00
20150107	5.35	5.39	5.25	5.30	75618341	412534816.00
20150108	5.28	5.28	5.10	5.13	77857627	414427264.00
20150109	5.17	5.32	5.16	5.20	75099414	406283936.00
20150112	5.15	5.16	4.97	5.02	56779733	294625856.00
20150113	5.03	5.10	5.03	5.05	31150454	162292592.00
20150114	5.06	5.20	5.06	5.17	52156981	275891808.00
20150115	5.15	5.22	5.11	5.21	49959200	265994624.00
20150116	5.21	5.21	5.11	5.17	57060700	302261952.00
20150119	5.05	5.06	4.65	4.78	92408058	467578432.00
20150120	4.80	4.93	4.80	4.92	51043388	256937888.00
20150121	4.92	5.08	4.90	5.06	64415088	331093536.00
20150122	5.06	5.22	5.02	5.19	82513600	435501536.00
20150123	5.16	5.19	5.08	5.10	45734443	241106192.00
20150126	5.07	5.21	5.07	5.19	57935738	307250016.00
20150127	5.21	5.30	5.11	5.29	95085824	509215936.00
20150128	5.25	5.83	5.21	5.68	331944366	1917289984.00
20150129	5.49	5.59	5.35	5.40	185149158	1041006016.00
20150130	5.40	5.49	5.24	5.25	97509388	534717568.00
20150202	5.19	5.21	5.09	5.13	70074511	371532000.00
20150203	5.13	5.20	5.06	5.18	66050798	348929600.00
20150204	5.19	5.31	5.10	5.17	85444497	456297344.00
20150205	5.18	5.21	5.04	5.04	72238841	381244704.00
20150206	5.00	5.04	4.85	4.92	70580051	357876768.00
20150209	4.91	4.99	4.88	4.97	28900296	147492032.00
20150210	4.97	5.05	4.93	5.05	34738433	178537216.00
20150211	5.06	5.08	4.99	5.01	33007675	170674848.00
20150212	5.02	5.09	5.01	5.04	36498159	189782736.00
20150213	5.07	5.15	5.05	5.10	46566339	244861056.00
20150216	5.12	5.17	5.08	5.14	37345374	197107920.00
20150217	5.15	5.20	5.14	5.19	49353905	263051984.00
20150225	5.21	5.30	5.17	5.27	60704282	326900416.00
20150226	5.27	5.43	5.23	5.40	96157148	530609376.00
20150227	5.39	5.43	5.30	5.36	99645834	548303296.00
20150302	5.40	5.43	5.34	5.40	98206141	542595200.00
20150303	5.40	5.62	5.35	5.47	185265302	1046136256.00
20150304	5.47	5.51	5.35	5.43	94512455	525968000.00
20150305	5.42	5.42	5.28	5.39	98775708	541982720.00
20150306	5.40	5.75	5.35	5.58	268961432	1543943936.00
20150309	5.55	5.85	5.48	5.74	237793012	1396743808.00
20150310	5.73	5.81	5.67	5.68	135890781	796780608.00
20150311	5.68	6.09	5.61	5.98	219624681	1312792320.00
20150312	5.92	6.22	5.89	5.95	234179242	1450313472.00
20150313	5.97	6.04	5.86	5.98	135962604	826049664.00
20150316	6.00	6.10	5.95	6.07	152779213	944512000.00
20150317	6.08	6.29	6.05	6.24	213717551	1351467008.00
20150318	6.25	6.37	6.16	6.31	178543559	1147964544.00
20150319	6.31	6.62	6.22	6.45	232084450	1527585408.00
20150320	6.45	6.54	6.35	6.42	165264553	1086215552.00
20150323	6.39	6.51	6.38	6.46	179293098	1181220736.00
20150324	6.47	6.49	5.98	6.26	247599338	1584970112.00
20150325	6.23	6.25	6.07	6.17	139388937	877576384.00
20150326	6.16	6.32	6.07	6.27	135414728	863787712.00
20150327	6.28	6.31	6.20	6.24	92894900	594712448.00
20150330	6.25	6.68	6.25	6.58	243124545	1619255040.00
20150331	6.65	6.69	6.37	6.41	168127080	1115842048.00
20150401	6.42	6.49	6.39	6.48	120925854	798130560.00
20150402	6.50	6.65	6.43	6.59	169170071	1132154112.00
20150403	6.70	7.21	6.70	6.98	253569719	1806736128.00
20150407	7.01	7.20	6.95	7.16	188212703	1362436352.00
20150408	7.15	7.15	6.86	6.99	170670516	1222820352.00
20150409	7.00	7.03	6.61	6.76	146335633	1012534592.00
20150410	6.70	6.94	6.69	6.90	103750025	729263744.00
20150413	6.91	7.12	6.91	7.11	147716382	1063399040.00
20150414	7.12	7.45	7.01	7.26	183120572	1360237056.00
20150415	7.28	7.64	7.06	7.34	207588325	1553458304.00
20150416	7.25	7.51	7.08	7.40	151321615	1134554240.00
20150417	7.39	8.04	7.35	7.78	268860640	2102220672.00
20150420	7.75	8.31	7.55	7.97	285093076	2305809920.00
20150421	7.97	8.17	7.66	8.03	180892696	1454471424.00
20150422	8.35	8.40	8.02	8.09	262328264	2182732032.00
20150423	8.05	8.05	7.85	7.96	190786171	1543516544.00
20150424	7.79	7.96	7.68	7.89	148290144	1179029376.00
20150427	8.14	8.25	7.81	7.95	155481114	1264881280.00
20150428	7.91	7.92	7.53	7.72	181396400	1423589120.00
20150429	7.60	7.81	7.56	7.67	87966143	689845952.00
20150430	7.67	7.83	7.59	7.67	98210164	773484416.00
20150504	7.68	7.79	7.67	7.75	87240044	687536384.00
20150505	7.75	7.75	7.03	7.18	149717201	1133443200.00
20150506	7.12	7.30	6.65	6.78	110775106	792927936.00
20150507	6.72	6.76	6.40	6.41	104598130	699223936.00
20150508	6.47	6.90	6.46	6.87	120323902	813663552.00
20150511	6.93	7.22	6.85	7.12	133915720	966020736.00
20150512	7.08	7.20	6.96	7.07	113869001	822736064.00
20150513	7.05	7.15	6.85	6.97	139722937	999339456.00
20150514	6.98	7.01	6.75	6.84	99781041	698615872.00
20150515	6.84	6.84	6.58	6.65	86472755	588469056.00
20150518	6.60	6.79	6.50	6.68	74548486	508063168.00
20150519	6.65	6.96	6.64	6.95	102822268	718454848.00
20150520	6.99	7.15	6.90	6.91	127880743	914508544.00
20150521	6.88	6.99	6.81	6.97	109480164	772319744.00
20150522	7.07	7.35	6.98	7.35	235311350	1728917632.00
20150525	7.41	7.64	7.41	7.56	259981164	1992558848.00
20150526	7.58	7.63	7.30	7.60	260914118	1990792448.00
20150527	7.60	8.04	7.45	7.90	334779749	2657383424.00
20150528	7.90	8.09	7.42	7.45	318477554	2542343424.00
20150529	7.41	7.55	6.85	7.19	176159384	1301220736.00
20150601	7.17	7.53	7.15	7.52	133691396	1005747712.00
20150602	7.52	7.70	7.42	7.69	172188106	1329384192.00
20150603	7.70	7.73	7.37	7.54	161709770	1242332672.00
20150604	7.48	7.50	6.96	7.47	147963625	1104578816.00
20150605	7.52	7.72	7.41	7.64	221518006	1713559552.00
20150608	7.72	8.20	7.63	8.07	350894499	2843917824.00
20150609	8.05	8.05	7.70	7.85	229983833	1838679936.00
20150610	7.75	8.14	7.68	8.02	205258139	1662590080.00
20150611	7.99	8.10	7.88	7.99	162911337	1325025792.00
20150612	8.02	8.33	7.93	8.27	274275356	2280517632.00
20150615	8.28	8.82	8.27	8.58	316301507	2758955264.00
20150616	8.53	9.00	8.35	8.75	289335466	2559576320.00
20150617	8.79	8.94	7.97	8.59	224906598	1940899840.00
20150618	8.60	8.96	8.43	8.55	230957101	2032823808.00
20150619	8.26	8.44	7.68	7.68	159960059	1304619264.00
20150623	7.67	7.80	6.90	7.54	151537004	1133768320.00
20150624	7.57	7.81	7.43	7.76	160165890	1249117952.00
20150625	7.76	7.76	7.15	7.25	157143386	1198156032.00
20150626	7.05	7.13	6.51	6.51	136029513	941429120.00
20150629	6.73	6.79	5.84	5.92	149842880	952794880.00
20150630	5.87	6.39	5.37	6.38	148269352	899836800.00
20150701	6.37	6.64	5.94	6.01	135129815	883846720.00
20150702	6.03	6.22	5.47	5.62	115870933	696972352.00
20150703	5.37	5.75	5.04	5.04	139191788	752387968.00
20150706	5.56	5.56	4.58	5.53	270516120	1454400000.00
20150707	5.40	5.54	4.96	4.96	146375419	779516928.00
20150708	4.45	5.05	4.45	4.55	288510584	1420672768.00
20150709	4.55	5.02	4.48	5.02	107932796	542774592.00
20150710	5.40	5.53	5.16	5.53	89929475	501295616.00
20150713	5.87	6.09	5.60	6.09	159415476	963303360.00
20150714	6.11	6.36	5.81	5.97	181106071	1117037056.00
20150715	5.80	5.88	5.36	5.37	127475224	722374400.00
20150716	5.37	5.74	5.37	5.64	85660594	484104896.00
20150717	5.70	6.10	5.66	6.09	105403615	632241408.00
20150720	6.09	6.23	5.90	6.03	119039356	737124928.00
20150721	5.92	6.37	5.85	6.19	123108617	769178496.00
20150722	6.22	6.36	6.01	6.20	121061731	763751552.00
20150723	6.16	6.30	6.06	6.29	125744544	794104320.00
20150724	6.30	6.40	6.06	6.12	128441206	813916928.00
20150727	6.00	6.06	5.50	5.50	99654802	590161472.00
20150728	5.37	5.56	4.95	5.33	99040318	529466624.00
20150729	5.45	5.69	5.27	5.67	61909168	342581568.00
20150730	5.60	5.77	5.41	5.49	62285342	357134272.00
20150731	5.38	5.52	5.37	5.42	43135967	238195696.00
20150803	5.37	5.53	5.14	5.51	57263930	307738432.00
20150804	5.47	5.78	5.47	5.76	58445951	334856512.00
20150805	5.86	6.02	5.71	5.81	93721582	560957312.00
20150806	5.69	6.02	5.60	5.90	70762149	420469728.00
20150807	5.88	6.00	5.88	5.94	83906035	506084192.00
20150810	5.95	6.20	5.90	6.17	119598430	737516736.00
20150811	6.14	6.14	6.00	6.07	93596604	578267712.00
20150812	5.99	6.09	5.86	5.87	67900240	412786848.00
20150813	5.84	5.98	5.76	5.97	58321263	349632992.00
20150814	5.98	6.12	5.96	6.01	82406268	505285344.00
20150817	5.98	6.44	5.94	6.39	149131079	942900096.00
20150818	6.32	6.33	5.74	5.74	132076557	815070656.00
20150819	5.50	6.05	5.40	6.00	83529321	488027968.00
20150820	5.86	6.01	5.70	5.71	57704989	343326016.00
20150821	5.60	5.69	5.26	5.37	56603342	317113600.00
20150824	4.98	5.25	4.82	4.82	61469632	308045216.00
20150825	4.35	4.58	4.33	4.33	54213775	244050976.00
20150826	4.40	4.54	4.11	4.25	64974860	291002496.00
20150827	4.35	4.50	4.24	4.48	44249434	198281136.00
20150828	4.53	4.89	4.50	4.87	62944663	298154176.00
20150831	4.86	4.87	4.55	4.60	52333954	249387104.00
20150901	4.61	4.62	4.23	4.33	46523329	208791376.00
20150902	4.19	4.45	3.98	4.34	45712056	201708752.00
20150907	4.41	4.56	4.37	4.41	34222323	156789504.00
20150908	4.43	4.75	4.35	4.66	35082673	162122736.00
20150909	4.66	5.14	4.61	5.14	121459799	611757248.00
20150910	5.00	5.11	4.82	4.88	112014294	570977664.00
20150911	4.81	4.95	4.77	4.88	46628288	231671568.00
20150914	4.93	4.99	4.38	4.43	61470512	292449536.00
20150915	4.28	4.50	4.14	4.21	45902167	201844416.00
20150916	4.28	4.63	4.22	4.56	46376860	209629984.00
20150917	4.50	4.69	4.38	4.39	57012849	264376624.00
20150918	4.43	4.55	4.35	4.45	28281511	128428544.00
20150921	4.40	4.65	4.36	4.59	37765275	174540320.00
20150922	4.58	4.70	4.52	4.60	43864688	206074128.00
20150923	4.50	4.55	4.41	4.43	30378899	138876688.00
20150924	4.43	4.52	4.43	4.50	22459006	102731696.00
20150925	4.47	4.48	4.31	4.36	22916016	102877968.00
20150928	4.35	4.43	4.30	4.39	13544814	60563252.00
20150929	4.31	4.36	4.26	4.29	17285534	76154352.00
20150930	4.33	4.49	4.31	4.36	17969044	80773456.00
20151008	4.48	4.58	4.45	4.52	36941628	170323200.00
20151009	4.50	4.58	4.48	4.55	32170816	149076464.00
20151012	4.55	4.77	4.55	4.72	58717048	280391328.00
20151013	4.80	4.90	4.72	4.79	64195762	314988448.00
20151014	4.88	4.89	4.68	4.69	47778139	233727136.00
20151015	4.66	4.83	4.60	4.81	58041825	281628224.00
20151016	4.83	4.90	4.73	4.89	75927681	373419808.00
20151019	4.89	5.02	4.82	4.87	69015066	345520416.00
20151020	4.85	4.92	4.78	4.90	48813650	241654416.00
20151021	4.91	4.97	4.54	4.61	75093715	367902016.00
20151022	4.61	4.74	4.55	4.72	39881977	189712752.00
20151023	4.76	4.81	4.69	4.79	40208374	194927616.00
20151026	4.86	4.88	4.75	4.79	43706652	214683600.00
20151027	4.77	5.00	4.55	4.88	66274711	323491872.00
20151028	4.88	5.00	4.84	4.86	76947289	385877792.00
20151029	4.85	4.89	4.78	4.83	38065774	187651520.00
20151030	4.83	4.83	4.73	4.77	32033388	156428176.00
20151102	4.74	5.07	4.71	4.95	111192671	561927488.00
20151103	4.96	4.98	4.78	4.83	53426336	265653664.00
20151104	4.84	5.24	4.84	5.20	121476839	624714048.00
20151105	5.19	5.41	5.12	5.24	182094310	970849472.00
20151106	5.16	5.27	5.14	5.24	97841413	518855648.00
20151109	5.20	5.30	5.16	5.25	84277797	450191840.00
20151110	5.23	5.24	5.11	5.17	63676497	336479968.00
20151111	5.17	5.21	5.12	5.18	44264635	232791712.00
20151112	5.18	5.20	5.07	5.13	48365095	252732496.00
20151113	5.07	5.24	5.05	5.13	58978888	310462240.00
20151116	5.04	5.16	5.02	5.15	41149963	213428320.00
20151117	5.16	5.20	5.10	5.13	51750856	272406208.00
20151118	5.12	5.14	5.04	5.05	34361099	178422032.00
20151119	5.10	5.18	5.05	5.17	32308900	168102528.00
20151120	5.17	5.17	5.10	5.15	38348958	200621808.00
20151123	5.14	5.17	5.06	5.09	37748818	197272160.00
20151124	5.06	5.09	5.00	5.07	27482920	141302816.00
20151125	5.06	5.09	5.01	5.09	29238788	150770592.00
20151126	5.10	5.17	5.08	5.12	43482777	227489472.00
20151127	5.07	5.11	4.72	4.76	51704839	261355360.00
20151130	4.75	4.84	4.58	4.78	34233582	165544080.00
20151201	4.80	4.94	4.75	4.87	37985636	188673344.00
20151202	4.85	4.91	4.69	4.90	29145716	143589184.00
20151203	4.87	4.92	4.85	4.91	24293353	121179760.00
20151204	4.89	5.13	4.84	5.00	61466999	314332224.00
20151207	4.98	4.99	4.88	4.92	38927722	195164208.00
20151208	4.90	4.90	4.79	4.80	29138660	143417232.00
20151209	4.77	4.81	4.72	4.74	19411022	94300224.00
20151210	4.74	4.79	4.71	4.72	15396331	74592992.00
20151211	4.72	4.72	4.65	4.66	18227980	87020776.00
20151214	4.64	4.79	4.62	4.77	19344409	93374872.00
20151215	4.77	4.80	4.72	4.75	18341870	89136400.00
20151216	4.77	4.96	4.76	4.86	56453219	281689024.00
20151217	4.86	4.99	4.86	4.96	47231092	238689680.00
20151218	4.96	5.10	4.89	5.05	55788756	285484736.00
20151221	5.10	5.39	5.02	5.17	108241526	572992000.00
20151222	5.15	5.15	5.03	5.09	47355998	245076320.00
20151223	5.12	5.14	4.96	5.02	48566647	249834000.00
20151224	5.05	5.05	4.95	5.00	25784340	131173408.00
20151225	5.01	5.08	5.00	5.07	30274978	155744656.00
20151228	5.05	5.16	4.95	4.95	52588075	271821248.00
20151229	4.92	5.05	4.92	5.02	22592459	114882656.00
20151230	5.03	5.16	4.99	5.08	42024553	217793744.00
20151231	5.08	5.17	4.99	5.00	30145770	156336064.00
20160104	5.00	5.00	4.51	4.52	37463698	182735872.00
20160105	4.45	4.64	4.39	4.57	58118490	269470080.00
20160106	4.58	4.69	4.53	4.68	55954560	263142432.00
20160107	4.60	4.61	4.23	4.26	12613050	57231144.00
20160108	4.48	4.48	4.26	4.43	39019633	175624512.00
20160111	4.37	4.46	4.15	4.16	35098881	155147104.00
20160112	4.24	4.26	4.07	4.21	23885815	102549224.00
20160113	4.22	4.27	4.12	4.13	22877872	98245584.00
20160114	4.00	4.23	3.99	4.21	22562903	95363544.00
20160115	4.20	4.22	4.03	4.06	21588270	90928832.00
20160118	3.99	4.10	3.96	4.05	22229281	92226304.00
20160119	4.00	4.22	3.99	4.20	28828263	122139680.00
20160120	4.16	4.19	4.08	4.11	25011724	105995272.00
20160121	4.06	4.14	3.99	4.00	20284970	84589240.00
20160122	4.04	4.07	3.96	4.06	15957642	65931332.00
20160125	4.08	4.11	4.05	4.08	12071197	50428312.00
20160126	4.02	4.05	3.76	3.80	28154619	113327032.00
20160127	3.81	3.84	3.51	3.71	27562467	104279568.00
20160128	3.70	3.72	3.52	3.54	14908334	55450044.00
20160129	3.53	3.66	3.52	3.64	17020768	63248068.00
20160201	3.64	3.64	3.54	3.58	11662687	43079816.00
20160202	3.56	3.68	3.56	3.67	13269673	49795344.00
20160203	3.63	3.74	3.62	3.74	17905564	67502968.00
20160204	3.75	3.94	3.71	3.92	27641127	107707992.00
20160205	3.86	3.89	3.75	3.78	22289975	87620880.00
20160215	3.67	3.79	3.60	3.72	12313982	46759928.00
20160216	3.75	3.86	3.75	3.85	19390878	76159968.00
20160217	3.84	3.93	3.81	3.89	25847410	102908664.00
20160218	3.93	3.93	3.85	3.86	20817490	83085752.00
20160219	3.86	3.90	3.84	3.87	14805656	58729984.00
20160222	3.91	3.96	3.88	3.95	24832575	99961032.00
20160223	3.94	3.97	3.86	3.96	27353440	110006312.00
20160224	3.92	4.00	3.88	3.96	25293063	102249520.00
20160225	3.94	3.94	3.56	3.61	34137683	132261216.00
20160226	3.65	3.73	3.59	3.69	22751481	85472080.00
20160229	3.68	3.69	3.51	3.57	19293578	70549632.00
20160301	3.60	3.66	3.56	3.64	17122190	63494328.00
20160302	3.63	3.81	3.62	3.81	27481465	105434592.00
20160303	3.81	3.86	3.78	3.81	24628349	96718192.00
20160304	3.80	3.83	3.70	3.76	23570430	91308712.00
20160307	3.78	3.86	3.78	3.84	20768504	81542792.00
20160308	3.82	3.88	3.70	3.86	24925374	96369536.00
20160309	3.80	3.80	3.74	3.77	15854165	61202876.00
20160310	3.77	3.79	3.70	3.71	10885843	41874648.00
20160311	3.69	3.76	3.66	3.70	10879387	41409128.00
20160314	3.74	3.83	3.71	3.80	21569750	83986800.00
20160315	3.80	3.80	3.73	3.76	13819826	53404052.00
20160316	3.78	3.81	3.73	3.74	14894508	57603352.00
20160317	3.77	3.83	3.75	3.82	25073245	97787016.00
20160318	3.82	3.91	3.80	3.90	37396765	148534224.00
20160321	3.92	3.96	3.89	3.96	37627048	151819664.00
20160322	3.93	3.94	3.89	3.90	24028702	96543760.00
20160323	3.90	3.93	3.86	3.92	20777326	83107464.00
20160324	3.90	3.96	3.84	3.92	35512712	142236160.00
20160411	4.13	4.15	4.01	4.02	52503453	218719648.00
20160412	3.98	4.02	3.92	3.96	27843899	112859680.00
20160413	3.96	4.07	3.96	4.02	30054728	124013192.00
20160414	4.02	4.06	3.98	4.03	19738539	81200624.00
20160415	4.06	4.08	4.02	4.03	23098020	95688584.00
20160418	4.03	4.04	3.97	3.98	14794658	60556780.00
20160419	4.00	4.02	3.96	4.00	13310289	54458120.00
20160420	4.01	4.03	3.73	3.80	30865952	122186592.00
20160421	3.82	3.97	3.80	3.82	21721082	86592200.00
20160422	3.84	3.88	3.79	3.87	13340799	52466052.00
20160425	3.83	3.87	3.79	3.86	12113287	47641112.00
20160426	3.86	3.91	3.83	3.89	11982355	47548748.00
20160427	3.89	3.90	3.84	3.86	11705567	46493348.00
20160428	3.85	3.88	3.80	3.84	11183274	43970976.00
20160429	3.82	3.88	3.81	3.84	7702899	30432298.00
20160503	3.86	3.93	3.83	3.92	19179440	76583200.00
20160504	3.90	3.97	3.89	3.93	17575579	71038432.00
20160505	3.93	3.96	3.91	3.95	12284031	49581344.00
20160506	3.95	3.96	3.80	3.81	21206876	83878864.00
20160509	3.81	3.81	3.71	3.74	17358400	66773368.00
20160510	3.75	3.76	3.72	3.74	8882679	34125496.00
20160511	3.76	3.76	3.72	3.73	10437372	40091120.00
20160512	3.70	3.73	3.66	3.69	10767408	40740800.00
20160513	3.69	3.74	3.67	3.70	9196965	34985548.00
20160516	3.70	3.72	3.67	3.71	9702539	36845876.00
20160517	3.71	3.72	3.67	3.69	10654157	40401812.00
20160518	3.70	3.70	3.60	3.64	13728883	51318848.00
20160519	3.65	3.69	3.62	3.64	8752778	32907004.00
20160520	3.60	3.69	3.60	3.67	9568870	35837288.00
20160523	3.66	3.70	3.65	3.67	11162848	42095668.00
20160524	3.67	3.68	3.60	3.64	9780930	36446740.00
20160525	3.64	3.67	3.61	3.63	8650327	32389216.00
20160526	3.66	3.67	3.60	3.63	9405232	35075092.00
20160527	3.64	3.65	3.62	3.63	8209766	30696320.00
20160530	3.63	3.66	3.59	3.64	7162541	26726820.00
20160531	3.64	3.77	3.64	3.76	22213431	84936928.00
20160601	3.77	3.78	3.74	3.74	17662347	68101944.00
20160602	3.74	3.76	3.72	3.75	12283218	47146232.00
20160603	3.74	3.76	3.71	3.75	14072157	53981784.00
20160606	3.75	3.76	3.72	3.74	12004349	46031128.00
20160607	3.74	3.75	3.71	3.73	9028357	34482760.00
20160608	3.75	3.77	3.73	3.75	20107699	77440536.00
20160613	3.73	3.73	3.61	3.62	16178545	61080972.00
20160614	3.61	3.63	3.60	3.62	9695664	35991524.00
20160615	3.60	3.69	3.58	3.67	14468110	54304296.00
20160616	3.67	3.67	3.63	3.64	10849737	40653984.00
20160617	3.65	3.68	3.63	3.64	10237160	38454292.00
20160620	3.64	3.66	3.61	3.65	8870506	33175434.00
20160621	3.66	3.68	3.62	3.63	10962339	41162860.00
20160622	3.63	3.69	3.63	3.68	12008659	45153272.00
20160623	3.67	3.68	3.63	3.67	10343850	38839556.00
20160624	3.71	3.95	3.66	3.75	46167851	178488016.00
20160627	3.70	3.78	3.67	3.78	24232566	93007792.00
20160628	3.74	3.80	3.72	3.79	21335650	82142752.00
20160629	3.79	3.92	3.76	3.88	35426675	139503072.00
20160630	3.89	3.89	3.81	3.84	22057073	86951688.00
20160701	3.83	3.85	3.79	3.80	15663819	61361008.00
20160704	3.80	3.87	3.79	3.87	20690831	81663608.00
20160705	3.86	3.89	3.85	3.87	18150122	71983680.00
20160706	3.91	3.93	3.87	3.89	21253400	84826664.00
20160707	3.91	3.95	3.84	3.91	27677400	108869240.00
20160708	3.89	3.90	3.85	3.86	14665700	57428436.00
20160711	3.87	3.90	3.85	3.86	16977100	66635072.00
20160712	3.85	3.90	3.84	3.90	20397800	80031496.00
20160713	3.88	3.97	3.87	3.96	37869400	151150896.00
20160714	3.94	3.95	3.91	3.93	17087000	67945888.00
20160715	3.92	3.97	3.91	3.94	17112200	68324768.00
20160718	3.92	3.94	3.89	3.91	15123100	59912828.00
20160719	3.91	3.92	3.87	3.90	17340300	68306960.00
20160720	3.90	3.91	3.88	3.89	12495000	49326088.00
20160721	3.89	3.93	3.89	3.91	13261500	52474028.00
20160722	3.90	3.91	3.87	3.88	15565300	61224616.00
20160725	3.87	3.94	3.86	3.93	23601900	93566624.00
20160726	3.93	3.93	3.90	3.93	16877700	66991704.00
20160727	3.93	3.95	3.77	3.80	32004362	125083976.00
20160728	3.81	3.83	3.77	3.82	16973869	65382856.00
20160729	3.82	3.86	3.81	3.83	12199627	47369000.00
20160801	3.82	3.82	3.78	3.80	13200376	50830180.00
20160802	3.80	3.83	3.79	3.82	9884132	38150388.00
20160803	3.81	3.92	3.81	3.89	19598486	76724416.00
20160804	3.91	3.94	3.90	3.92	24276932	96306976.00
20160805	3.91	3.91	3.87	3.88	15042893	59233456.00
20160808	3.88	3.91	3.85	3.90	13213478	51989020.00
20160809	3.91	3.97	3.88	3.95	31908000	127290512.00
20160810	3.96	3.97	3.91	3.91	17747500	70784504.00
20160811	3.91	3.97	3.88	3.91	19238903	76431416.00
20160812	3.90	3.95	3.88	3.94	19557008	77503432.00
20160815	3.94	4.02	3.93	4.01	44402055	179224784.00
20160816	4.00	4.03	3.99	4.00	25742425	104286304.00
20160817	3.99	4.01	3.97	4.00	17953789	72496928.00
20160818	3.98	4.03	3.98	4.00	20542779	83280528.00
20160819	4.00	4.02	3.96	4.02	21175374	85644832.00
20160822	4.02	4.09	4.00	4.04	39041600	160238912.00
20160823	4.04	4.09	4.02	4.07	26264300	108020528.00
20160824	4.07	4.07	4.00	4.02	18171000	74202536.00
20160825	4.02	4.02	3.95	4.00	20851800	83864424.00
20160826	4.00	4.00	3.96	3.97	21502800	86583536.00
20160829	3.95	4.10	3.95	4.06	30893366	126242992.00
20160830	4.05	4.09	4.00	4.01	21637390	88520640.00
20160831	4.00	4.03	3.98	4.01	12320286	49877444.00
20160901	4.07	4.10	3.98	3.98	23192078	94770384.00
20160902	3.95	3.99	3.95	3.97	16081091	64606556.00
20160905	3.99	4.02	3.98	4.00	11322800	45862904.00
20160906	3.98	4.03	3.95	4.02	17311393	69916392.00
20160907	4.02	4.17	4.01	4.15	81586944	340015680.00
20160908	4.10	4.15	4.07	4.12	37380100	155385488.00
20160909	4.16	4.20	4.08	4.10	36354859	152318368.00
20160912	4.05	4.07	3.99	4.01	33464468	136313456.00
20160913	4.03	4.13	4.01	4.12	33653291	138549392.00
20160914	4.10	4.10	4.03	4.04	21010753	86405520.00
20160919	4.05	4.09	4.04	4.09	15026992	61838272.00
20160920	4.10	4.36	4.04	4.22	80744988	343907648.00
20160921	4.19	4.20	4.14	4.15	39016822	164359856.00
20160922	4.17	4.21	4.16	4.19	32885196	139214240.00
20160923	4.20	4.47	4.19	4.34	100364025	439993824.00
20160926	4.30	4.44	4.26	4.31	63450926	278984896.00
20160927	4.26	4.34	4.19	4.33	47245349	202849184.00
20160928	4.31	4.32	4.24	4.27	28830791	124684088.00
20160929	4.26	4.31	4.24	4.27	27330712	118174552.00
20160930	4.26	4.32	4.21	4.30	33870742	146026256.00
20161010	4.31	4.38	4.28	4.37	36922747	161811360.00
20161011	4.35	4.40	4.34	4.37	29983943	132364272.00
20161012	4.36	4.37	4.31	4.34	22720783	99706016.00
20161013	4.31	4.35	4.29	4.30	23569568	102765240.00
20161014	4.29	4.32	4.24	4.28	19872140	85983416.00
20161017	4.29	4.31	4.22	4.23	19560422	84491936.00
20161018	4.21	4.31	4.21	4.31	23307304	100928368.00
20161019	4.31	4.33	4.25	4.27	22038670	95498800.00
20161020	4.27	4.28	4.23	4.24	13639172	58551864.00
20161021	4.24	4.35	4.21	4.29	28981186	125849824.00
20161024	4.31	4.48	4.31	4.45	96356912	431289408.00
20161025	4.45	4.48	4.37	4.42	39009321	173856432.00
20161026	4.41	4.43	4.36	4.40	28343803	125649000.00
20161027	4.38	4.42	4.34	4.41	17824236	78858616.00
20161028	4.41	4.42	4.33	4.34	18887538	83417032.00
20161031	4.33	4.38	4.31	4.33	16299682	71651912.00
20161101	4.34	4.40	4.33	4.38	26062500	115373384.00
20161102	4.36	4.37	4.28	4.30	27354400	119551776.00
20161103	4.30	4.40	4.28	4.37	32543502	143367472.00
20161104	4.35	4.36	4.28	4.31	26640700	116321112.00
20161107	4.30	4.39	4.26	4.31	28463656	124402896.00
20161108	4.31	4.34	4.29	4.32	17197214	75079512.00
20161109	4.34	4.34	4.20	4.23	32821612	141721056.00
20161110	4.27	4.34	4.27	4.31	29113256	127003152.00
20161111	4.31	4.43	4.29	4.39	53268448	236621344.00
20161114	4.38	4.49	4.35	4.44	52878204	236284864.00
20161115	4.44	4.57	4.41	4.48	40666310	184592144.00
20161116	4.48	4.50	4.41	4.44	26682900	119817712.00
20161117	4.45	4.52	4.37	4.50	36823300	165667520.00
20161118	4.50	4.51	4.43	4.45	25170300	114035136.00
20161121	4.43	4.58	4.42	4.52	45861000	209792688.00
20161122	4.52	4.55	4.48	4.52	23897391	108892816.00
20161123	4.51	4.61	4.48	4.55	45248454	207835840.00
20161124	4.53	4.64	4.50	4.52	34856800	160855360.00
20161125	4.52	4.53	4.40	4.51	32254100	145479328.00
20161128	4.97	4.97	4.78	4.97	163213300	812422400.00
20161129	5.10	5.44	5.07	5.41	236865300	1261762688.00
20161130	5.21	5.21	5.02	5.11	144465700	745227008.00
20161201	5.13	5.15	5.02	5.10	76112454	389456512.00
20161202	5.06	5.10	4.96	5.00	68543548	347819744.00
20161205	4.85	4.92	4.67	4.71	90648000	437493472.00
20161206	4.70	4.82	4.69	4.77	45283300	217818592.00
20161207	4.77	4.90	4.74	4.87	47643400	232370944.00
20161208	4.89	4.89	4.75	4.78	39794800	193131664.00
20161209	4.77	4.88	4.74	4.83	37624000	183046400.00
20161212	4.84	4.90	4.61	4.63	56579740	269852448.00
20161213	4.60	4.66	4.51	4.66	33209260	153999872.00
20161214	4.64	4.64	4.52	4.54	27792396	128850976.00
20161215	4.55	4.61	4.53	4.57	25546932	117904656.00
20161216	4.55	4.67	4.52	4.66	29947959	139645232.00
20161219	4.67	4.73	4.62	4.67	25422377	120291792.00
20161220	4.66	4.66	4.55	4.57	22992232	106685008.00
20161221	4.58	4.64	4.57	4.64	20037109	93342432.00
20161222	4.63	4.87	4.62	4.82	55110328	266346432.00
20161223	4.75	4.80	4.71	4.75	31818594	152558800.00
20161226	4.75	4.81	4.65	4.81	30486219	145412880.00
20161227	4.94	5.08	4.84	4.85	81637423	409627072.00
20161228	4.79	4.87	4.73	4.77	39245146	189592768.00
20161229	4.75	4.78	4.70	4.74	20319800	97267480.00
20161230	4.73	4.78	4.69	4.69	17096100	81667672.00
20170103	4.68	4.80	4.68	4.80	24450803	117594984.00
20170104	4.79	4.86	4.76	4.85	27237864	132958928.00
20170105	4.84	4.91	4.81	4.84	27293735	133804464.00
20170106	4.82	4.93	4.81	4.91	37538189	184789184.00
20170109	4.90	5.04	4.88	5.01	51835196	261819488.00
20170110	5.01	5.01	4.95	4.96	25913417	130105112.00
20170111	4.98	5.00	4.85	4.88	25588873	127038192.00
20170112	4.88	4.89	4.84	4.85	15376760	75543352.00
20170113	4.84	4.85	4.78	4.81	18734344	91037384.00
20170116	4.82	4.83	4.46	4.63	35937512	168833424.00
20170117	4.58	4.65	4.57	4.64	13738780	64098160.00
20170118	4.63	4.72	4.61	4.67	15645427	74126432.00
20170119	4.65	4.68	4.60	4.62	14569278	68344264.00
20170120	4.63	4.77	4.60	4.72	19866612	94310920.00
20170123	4.70	4.76	4.68	4.74	14567627	69584824.00
20170124	4.73	4.87	4.71	4.82	36011332	175012768.00
20170125	4.81	4.84	4.79	4.82	15822643	76933616.00
20170126	4.81	4.84	4.81	4.83	10023600	48875140.00
20170203	4.84	4.85	4.75	4.76	11067848	53464936.00
20170206	4.76	4.87	4.75	4.85	16746438	81724320.00
20170207	4.87	4.91	4.84	4.88	19581238	96418944.00
20170208	4.88	4.91	4.82	4.91	16433904	80763344.00
20170209	4.91	5.06	4.90	4.98	38623901	194637792.00
20170210	5.00	5.23	5.00	5.12	102448930	531324608.00
20170213	5.28	5.33	5.09	5.11	61175868	318942624.00
20170214	5.11	5.20	5.03	5.18	62900088	323657888.00
20170215	5.16	5.17	5.03	5.04	42993053	221367040.00
20170216	5.05	5.14	5.04	5.12	27876655	143758320.00
20170217	5.12	5.12	5.02	5.05	25393928	129854400.00
20170220	5.07	5.16	5.05	5.15	33622700	173877488.00
20170221	5.15	5.17	5.07	5.11	31493472	162401008.00
20170222	5.10	5.12	5.07	5.11	26899300	138408448.00
20170223	5.12	5.13	4.98	5.05	35762749	182195712.00
20170224	5.03	5.04	4.99	5.03	16815700	85166768.00
20170227	5.04	5.07	4.96	4.98	24819100	125735880.00
20170228	4.99	5.02	4.94	5.00	18514878	93073272.00
20170301	5.00	5.06	4.98	5.02	22905099	116348600.00
20170302	5.03	5.05	4.96	4.96	16068997	81053848.00
20170303	4.95	4.96	4.91	4.95	14449782	72063048.00
20170306	4.95	4.99	4.92	4.95	16019354	79942624.00
20170307	4.93	4.95	4.86	4.89	26648400	131521424.00
20170308	4.88	4.93	4.88	4.90	15992932	79204208.00
20170309	4.90	4.91	4.77	4.79	25090690	122121400.00
20170310	4.80	4.81	4.74	4.75	22979231	110674848.00
20170313	4.75	4.78	4.69	4.78	30046950	143692144.00
20170314	4.78	4.81	4.73	4.74	16071108	77493576.00
20170315	4.74	4.77	4.69	4.76	16579772	79330272.00
20170316	4.75	4.85	4.75	4.84	26031638	126689720.00
20170317	4.83	4.86	4.77	4.78	27595188	134398160.00
20170320	4.77	4.84	4.76	4.83	15426500	74955192.00
20170321	4.82	4.88	4.81	4.85	21079300	103347232.00
20170322	4.83	4.89	4.79	4.85	23820011	116599888.00
20170323	4.85	5.02	4.83	5.02	69708238	348670208.00
20170324	5.03	5.04	4.95	5.02	39173000	197660304.00
20170327	5.03	5.13	4.99	5.01	39850975	203313344.00
20170328	5.05	5.11	4.92	4.93	44776457	226828048.00
20170329	4.95	5.11	4.92	5.07	56253638	286274272.00
20170330	5.06	5.10	4.95	5.05	46336538	235077312.00
20170331	5.03	5.05	4.91	4.95	34728247	173595584.00
20170405	4.94	5.06	4.93	5.06	49090906	248296960.00
20170406	5.08	5.28	5.01	5.13	77259172	399732064.00
20170407	5.09	5.11	5.01	5.04	51631160	263254080.00
20170410	5.03	5.07	4.99	5.01	30412282	154119120.00
20170411	5.01	5.06	4.94	5.05	39717100	200643904.00
20170412	5.07	5.22	5.03	5.10	82217400	425536896.00
20170413	5.09	5.24	5.08	5.20	60939381	319063904.00
20170414	5.17	5.24	5.08	5.11	42883041	223038976.00
20170417	5.09	5.09	4.94	5.00	50138795	253613696.00
20170418	4.99	5.02	4.94	4.96	36949262	185669392.00
20170419	4.93	4.94	4.77	4.89	37347983	183126064.00
20170420	4.89	4.92	4.83	4.88	22202818	109216192.00
20170421	4.89	4.91	4.85	4.89	13101652	64655040.00
20170424	4.88	4.88	4.51	4.62	28980900	138890144.00
20170425	4.60	4.72	4.54	4.59	23602800	110607264.00
20170426	4.60	4.67	4.60	4.64	20214800	94897488.00
20170427	4.64	4.69	4.51	4.69	21007100	97849240.00
20170428	4.68	4.70	4.64	4.68	14777701	69707200.00
20170502	4.65	4.65	4.54	4.56	32178900	148416352.00
20170503	4.54	4.59	4.41	4.43	34022742	154331936.00
20170504	4.42	4.43	4.29	4.31	42935300	189241824.00
20170505	4.30	4.31	4.18	4.20	39720300	170228896.00
20170508	4.19	4.22	4.15	4.19	20438000	86391176.00
20170509	4.16	4.21	4.13	4.21	20248700	85522376.00
20170510	4.21	4.23	4.02	4.02	27151100	113302880.00
20170511	3.99	4.02	3.90	3.99	23348900	93656688.00
20170512	3.98	4.05	3.96	4.02	16684144	67729968.00
20170515	4.03	4.07	4.00	4.02	12033619	49215312.00
20170516	3.99	4.06	3.95	4.05	24805389	100500016.00
20170517	4.06	4.11	4.04	4.07	21605724	89204152.00
20170518	4.03	4.07	4.01	4.02	13091900	53532896.00
20170519	4.02	4.05	3.97	4.02	12681309	51460960.00
20170522	4.02	4.02	3.93	3.95	21352637	85738448.00
20170523	3.93	3.94	3.81	3.83	22575100	88407432.00
20170524	3.80	3.86	3.78	3.85	13525900	52434824.00
20170525	3.85	3.93	3.82	3.93	17059200	67064496.00
20170526	3.91	3.95	3.90	3.92	11321300	45010484.00
20170531	3.94	3.98	3.92	3.92	12487056	49907152.00
20170601	3.93	3.94	3.87	3.87	12128407	48081864.00
20170602	3.87	3.93	3.83	3.93	11670935	45937060.00
20170605	3.94	3.96	3.93	3.95	9267024	37042856.00
20170606	3.95	4.00	3.93	3.99	13145089	52874752.00
20170607	3.99	4.05	3.98	4.05	16223654	66141652.00
20170608	4.08	4.12	4.06	4.07	20535077	85013536.00
20170609	4.05	4.07	4.01	4.06	18571445	75912264.00
20170612	4.04	4.06	4.01	4.02	13576800	55438144.00
20170613	4.02	4.07	4.01	4.06	13055450	53519968.00
20170614	4.06	4.06	4.02	4.05	9410620	38446120.00
20170615	4.04	4.09	4.03	4.09	14593761	60057648.00
20170616	4.08	4.08	4.05	4.06	10122444	41691616.00
20170619	4.08	4.09	4.05	4.09	8371285	34503388.00
20170620	4.14	4.25	4.13	4.15	33955148	144113472.00
20170621	4.15	4.19	4.11	4.16	16088266	67491360.00
20170622	4.18	4.18	4.09	4.10	19127654	79250320.00
20170623	4.09	4.11	4.00	4.06	17158359	69467360.00
20170626	4.06	4.11	4.05	4.11	11839499	48488108.00
20170627	4.12	4.13	4.10	4.11	10355014	42580968.00
20170628	4.09	4.11	4.07	4.09	9233999	37766816.00
20170629	4.09	4.14	4.08	4.12	11178101	46051196.00
20170630	4.10	4.18	4.09	4.16	17296219	71652672.00
20170703	4.16	4.18	4.13	4.17	13436015	55836248.00
20170704	4.17	4.18	4.12	4.14	11438136	47403160.00
20170705	4.14	4.17	4.14	4.17	12649105	52570368.00
20170706	4.16	4.21	4.15	4.19	16096882	67369272.00
20170707	4.18	4.21	4.14	4.20	16578455	69118464.00
20170710	4.19	4.37	4.18	4.29	39874998	169334096.00
20170711	4.25	4.26	4.20	4.21	31405755	132768256.00
数据来源:通达信
