600033 福建高速 日线 前复权
      日期	    开盘	    最高	    最低	    收盘	    成交量	    成交额
20111010	2.05	2.10	2.03	2.06	6396694	17434638.00
20111011	2.11	2.12	2.04	2.06	4979648	13582787.00
20111012	2.05	2.12	2.04	2.12	6101672	16782256.00
20111013	2.12	2.16	2.10	2.15	6824075	19030612.00
20111014	2.14	2.16	2.11	2.15	5438693	15128674.00
20111017	2.15	2.16	2.11	2.14	3437925	9576628.00
20111018	2.12	2.13	2.07	2.08	4680679	12822111.00
20111019	2.07	2.11	2.07	2.08	3065492	8383310.00
20111020	2.08	2.08	2.01	2.04	4764810	12791875.00
20111021	2.03	2.05	1.99	2.02	3465133	9247742.00
20111024	2.02	2.06	1.99	2.06	6648605	17799416.00
20111025	2.06	2.10	2.03	2.09	6610895	17989548.00
20111026	2.08	2.12	2.06	2.09	8147805	22338620.00
20111027	2.13	2.14	2.11	2.12	9831678	27297904.00
20111028	2.14	2.15	2.11	2.13	9971731	27765368.00
20111031	2.14	2.14	2.11	2.14	5441376	15097441.00
20111101	2.12	2.15	2.11	2.13	7297073	20299888.00
20111102	2.10	2.15	2.07	2.15	8731572	24098016.00
20111103	2.15	2.19	2.13	2.16	10994354	30939168.00
20111104	2.17	2.18	2.14	2.18	8795238	24719902.00
20111107	2.17	2.19	2.14	2.15	6849346	19284412.00
20111108	2.15	2.18	2.13	2.16	9696610	27179580.00
20111109	2.16	2.17	2.12	2.16	7106233	19863304.00
20111110	2.14	2.15	2.11	2.12	7388938	20560032.00
20111111	2.12	2.14	2.10	2.11	4808097	13325633.00
20111114	2.12	2.16	2.12	2.16	8364507	23351400.00
20111115	2.15	2.16	2.14	2.15	6018892	16837962.00
20111116	2.15	2.16	2.10	2.11	9076773	25245164.00
20111118	2.09	2.10	2.03	2.05	7958081	21568684.00
20111121	2.05	2.07	2.04	2.06	3275215	8852998.00
20111122	2.05	2.07	2.03	2.07	4215013	11398615.00
20111123	2.07	2.07	2.03	2.04	3708519	9995898.00
20111124	2.04	2.05	2.01	2.03	3924889	10515719.00
20111125	2.03	2.04	2.01	2.02	3242454	8659213.00
20111128	2.02	2.03	2.01	2.02	2030820	5418936.00
20111129	2.03	2.05	2.01	2.04	3535993	9475650.00
20111130	2.04	2.04	1.93	1.95	6013664	15774126.00
20111201	1.99	2.03	1.98	1.99	5544253	14712096.00
20111202	1.98	1.99	1.94	1.96	3170293	8267828.00
20111205	1.96	1.97	1.89	1.90	4342950	11145785.00
20111206	1.90	1.92	1.87	1.89	3498712	8905092.00
20111207	1.90	1.91	1.88	1.90	2137264	5453695.00
20111208	1.91	1.91	1.87	1.90	3585676	9126100.00
20111209	1.89	1.90	1.88	1.88	2198907	5575626.00
20111212	1.88	1.90	1.88	1.89	2356307	5992370.00
20111213	1.88	1.89	1.81	1.83	5816864	14527738.00
20111214	1.82	1.84	1.79	1.80	3381648	8336755.00
20111215	1.79	1.80	1.74	1.75	5086729	12282593.00
20111216	1.75	1.81	1.71	1.80	4730955	11403224.00
20111219	1.78	1.80	1.74	1.78	3605625	8692952.00
20111220	1.78	1.81	1.76	1.76	2334014	5686618.00
20111221	1.78	1.79	1.75	1.75	2975407	7209755.00
20111222	1.74	1.75	1.69	1.72	4656932	11042637.00
20111223	1.72	1.77	1.71	1.76	3145330	7545638.00
20111226	1.75	1.78	1.73	1.76	3306114	7965945.00
20111227	1.76	1.77	1.70	1.72	2438064	5825826.00
20111228	1.72	1.73	1.68	1.72	2856111	6726009.00
20111229	1.71	1.74	1.69	1.71	2542800	6019700.00
20111230	1.72	1.74	1.71	1.73	3845544	9121941.00
20120104	1.74	1.77	1.72	1.72	4074708	9759993.00
20120105	1.73	1.77	1.71	1.73	6432868	15392824.00
20120106	1.71	1.74	1.69	1.74	4212929	9973936.00
20120109	1.74	1.81	1.73	1.80	7491758	18201482.00
20120110	1.80	1.86	1.79	1.85	12058138	29937090.00
20120111	1.84	1.86	1.82	1.84	6314295	15710600.00
20120112	1.84	1.85	1.82	1.83	5155018	12818071.00
20120113	1.82	1.83	1.77	1.79	5225541	12766283.00
20120116	1.78	1.85	1.78	1.79	8252024	20385336.00
20120117	1.78	1.88	1.76	1.88	11134362	27665796.00
20120118	1.87	1.88	1.82	1.84	8100211	20265150.00
20120119	1.83	1.87	1.82	1.86	6585943	16469613.00
20120120	1.86	1.87	1.84	1.86	4204308	10550302.00
20120130	1.87	1.88	1.84	1.84	4626380	11603134.00
20120131	1.84	1.85	1.81	1.82	3587330	8876519.00
20120201	1.82	1.84	1.80	1.80	3723782	9188532.00
20120202	1.80	1.84	1.80	1.83	3623758	8944357.00
20120203	1.83	1.86	1.82	1.85	5804505	14510275.00
20120206	1.85	1.87	1.84	1.86	5032716	12616769.00
20120207	1.86	1.86	1.81	1.82	3754636	9296009.00
20120208	1.82	1.87	1.81	1.86	5239181	13083046.00
20120209	1.86	1.87	1.84	1.87	7442986	18682358.00
20120210	1.86	1.90	1.86	1.88	9885325	25037340.00
20120213	1.87	1.90	1.85	1.88	5634412	14246410.00
20120214	1.88	1.89	1.84	1.87	11888043	29829184.00
20120215	1.86	1.92	1.85	1.91	15011817	38156752.00
20120216	1.90	1.92	1.89	1.90	9758089	24933688.00
20120217	1.91	1.91	1.87	1.88	7825531	19852520.00
20120220	1.90	1.92	1.88	1.90	10623330	27123376.00
20120221	1.90	1.91	1.87	1.90	6217028	15794154.00
20120222	1.90	1.94	1.89	1.93	12129151	31158306.00
20120223	1.93	1.97	1.92	1.94	13246800	34323536.00
20120224	1.94	2.00	1.93	2.00	19573976	51334564.00
20120227	2.01	2.08	2.00	2.02	25668995	68866264.00
20120228	2.02	2.05	1.97	2.02	16514978	43879756.00
20120229	2.01	2.01	1.96	1.97	9445375	24846698.00
20120301	1.94	1.99	1.94	1.97	5915176	15459321.00
20120302	1.97	2.01	1.96	2.01	12122235	32013308.00
20120305	2.01	2.03	1.97	1.99	10657288	28249656.00
20120306	1.98	1.99	1.93	1.94	9665657	25112760.00
20120307	1.92	1.95	1.91	1.92	6814533	17595818.00
20120308	1.93	1.96	1.93	1.95	5469722	14195650.00
20120309	1.96	1.97	1.93	1.97	8741482	22733484.00
20120312	1.97	1.97	1.93	1.96	5417427	14084221.00
20120313	1.95	1.98	1.93	1.98	8898485	23211262.00
20120314	1.98	2.00	1.89	1.90	15668744	40855920.00
20120315	1.89	1.91	1.85	1.86	9920020	25047686.00
20120316	1.86	1.90	1.85	1.90	6936689	17536600.00
20120319	1.89	1.90	1.87	1.89	4543594	11503752.00
20120320	1.89	1.89	1.85	1.86	5302434	13322836.00
20120321	1.87	1.89	1.84	1.88	7085346	17815544.00
20120322	1.87	1.88	1.86	1.87	4350881	10962380.00
20120323	1.87	1.87	1.83	1.84	5134312	12822272.00
20120326	1.84	1.86	1.83	1.85	4100341	10229466.00
20120327	1.86	1.87	1.83	1.83	4599278	11477790.00
20120328	1.83	1.84	1.75	1.76	6625409	16157114.00
20120329	1.76	1.76	1.72	1.73	5567114	13289560.00
20120330	1.73	1.74	1.72	1.74	4246967	10111420.00
20120405	1.75	1.78	1.73	1.78	5609254	13502032.00
20120406	1.77	1.78	1.75	1.77	4212286	10189245.00
20120409	1.77	1.86	1.76	1.81	13802648	34213148.00
20120410	1.79	1.81	1.75	1.81	6568101	15949581.00
20120411	1.77	1.81	1.77	1.81	4589724	11205655.00
20120412	1.80	1.84	1.79	1.83	7960909	19683068.00
20120413	1.83	1.86	1.82	1.84	5882090	14644121.00
20120416	1.85	1.92	1.83	1.88	12124262	30649004.00
20120417	1.87	1.93	1.86	1.87	11563088	29447002.00
20120418	1.87	1.93	1.85	1.92	9263369	23581624.00
20120419	1.90	1.92	1.86	1.88	7677178	19481266.00
20120420	1.87	1.91	1.86	1.90	6296991	16010230.00
20120423	1.91	1.91	1.87	1.87	5366790	13636322.00
20120424	1.87	1.93	1.86	1.93	19481813	49759544.00
20120425	1.91	1.95	1.90	1.95	14748770	38060648.00
20120426	1.94	1.95	1.91	1.93	8182154	21093776.00
20120427	1.93	1.94	1.90	1.91	5030222	12876810.00
20120502	1.93	1.96	1.92	1.94	9765263	25300332.00
20120503	1.94	1.96	1.92	1.93	7451965	19277562.00
20120504	1.93	1.95	1.91	1.94	6140157	15837718.00
20120507	1.93	1.93	1.90	1.92	7694208	19741956.00
20120508	1.92	1.92	1.89	1.91	5486872	14002661.00
20120509	1.89	1.90	1.85	1.86	8382444	21143396.00
20120510	1.85	1.87	1.85	1.86	3382146	8484374.00
20120511	1.86	1.86	1.84	1.84	4352496	10884083.00
20120514	1.86	1.87	1.84	1.85	3597343	8993646.00
20120515	1.84	1.84	1.81	1.83	4355831	10784861.00
20120516	1.82	1.86	1.81	1.83	4896342	12179217.00
20120517	1.83	1.94	1.82	1.92	15893457	40491948.00
20120518	1.89	2.02	1.88	1.96	37422233	97712656.00
20120521	1.94	1.97	1.90	1.92	12167412	31273496.00
20120523	1.92	1.92	1.88	1.90	7483836	19077110.00
20120524	1.89	1.92	1.88	1.89	5293122	13492434.00
20120525	1.89	1.90	1.84	1.85	8110750	20384224.00
20120528	1.85	1.89	1.82	1.88	5877740	14750225.00
20120529	1.88	1.92	1.87	1.92	9821084	24985888.00
20120530	1.91	1.92	1.89	1.90	6036810	15423625.00
20120531	1.90	1.90	1.86	1.87	4566370	11548933.00
20120601	1.88	1.90	1.87	1.88	3848994	9756833.00
20120604	1.87	1.87	1.81	1.81	7955984	19773504.00
20120605	1.81	1.87	1.81	1.85	8082358	20190816.00
20120606	1.85	1.88	1.85	1.86	5086579	12780318.00
20120607	1.87	1.89	1.86	1.88	4984595	12585927.00
20120608	1.90	1.90	1.86	1.88	6960699	17592878.00
20120611	1.88	1.90	1.86	1.89	4323137	10488076.00
20120612	1.89	1.89	1.85	1.86	2673950	6460583.00
20120613	1.87	1.88	1.86	1.88	3359842	8128210.00
20120614	1.88	1.89	1.86	1.87	3448565	8370329.00
20120615	1.88	1.89	1.86	1.87	3698067	8971842.00
20120618	1.88	1.89	1.87	1.88	3480183	8462828.00
20120619	1.88	1.88	1.86	1.86	2389360	5786388.00
20120620	1.86	1.88	1.85	1.86	4142316	9988590.00
20120621	1.86	1.86	1.84	1.84	3220559	7716273.00
20120625	1.85	1.85	1.81	1.81	3456450	8217910.00
20120626	1.81	1.82	1.79	1.81	4453822	10487400.00
20120627	1.81	1.83	1.79	1.81	3696998	8734578.00
20120628	1.81	1.83	1.78	1.79	3173885	7491951.00
20120629	1.79	1.81	1.76	1.81	3422200	7989668.00
20120702	1.81	1.82	1.79	1.81	2309662	5441462.00
20120703	1.81	1.82	1.79	1.81	3084507	7269214.00
20120704	1.81	1.82	1.79	1.80	1705306	4007321.00
20120705	1.80	1.80	1.76	1.77	2921194	6781749.00
20120706	1.79	1.80	1.76	1.80	2739656	6369821.00
20120709	1.79	1.79	1.76	1.76	3082417	7161248.00
20120710	1.75	1.77	1.74	1.75	2605463	5994616.00
20120711	1.75	1.76	1.74	1.76	2066094	4756432.00
20120712	1.76	1.77	1.73	1.77	3207328	7378704.00
20120713	1.76	1.77	1.74	1.75	2895569	6666871.00
20120716	1.75	1.75	1.69	1.70	4013500	9098060.00
20120717	1.70	1.74	1.69	1.73	3762498	8534100.00
20120718	1.73	1.74	1.71	1.73	2608450	5931770.00
20120719	1.72	1.76	1.72	1.74	4767742	10951045.00
20120720	1.75	1.75	1.73	1.74	1789174	4100220.00
20120723	1.74	1.77	1.71	1.75	3604980	8256660.00
20120724	1.73	1.75	1.71	1.73	6301918	14350980.00
20120725	1.73	1.74	1.71	1.73	4281990	9754724.00
20120726	1.73	1.74	1.71	1.72	2706486	6153836.00
20120727	1.72	1.73	1.71	1.71	2077180	4707394.00
20120730	1.71	1.72	1.69	1.71	3353717	7555282.00
20120731	1.70	1.70	1.68	1.69	3384436	7574110.00
20120801	1.69	1.72	1.68	1.71	2681276	6046658.00
20120802	1.70	1.72	1.69	1.71	3308400	7463116.00
20120803	1.70	1.72	1.69	1.72	3090427	6978027.00
20120806	1.72	1.74	1.70	1.74	3581579	8141344.00
20120807	1.74	1.75	1.72	1.75	3961879	9053243.00
20120808	1.75	1.78	1.72	1.77	8524723	19684794.00
20120809	1.76	1.77	1.72	1.76	7381676	16947924.00
20120810	1.75	1.79	1.74	1.77	8888703	20649328.00
20120813	1.76	1.77	1.72	1.72	4675181	10707046.00
20120814	1.72	1.73	1.70	1.71	7613978	17195544.00
20120815	1.71	1.73	1.70	1.71	5697240	12914450.00
20120816	1.71	1.72	1.70	1.70	3216636	7270851.00
20120817	1.70	1.73	1.70	1.72	4105021	9288312.00
20120820	1.71	1.71	1.69	1.71	3078214	6926862.00
20120821	1.70	1.73	1.70	1.71	2703678	6124051.00
20120822	1.71	1.72	1.69	1.70	3057024	6882109.00
20120823	1.70	1.71	1.69	1.70	3710759	8353405.00
20120824	1.70	1.71	1.68	1.69	3639967	8164250.00
20120827	1.69	1.69	1.65	1.66	4095740	9070336.00
20120828	1.66	1.68	1.64	1.66	4586202	10114573.00
20120829	1.67	1.68	1.65	1.67	4386975	9715659.00
20120830	1.66	1.67	1.63	1.64	3693332	8107956.00
20120831	1.64	1.65	1.63	1.64	1607900	3525379.00
20120903	1.65	1.66	1.63	1.66	2096685	4608019.00
20120904	1.66	1.66	1.63	1.63	3242114	7114467.00
20120905	1.63	1.63	1.61	1.62	2860227	6209023.00
20120906	1.62	1.64	1.62	1.64	4002767	8720468.00
20120907	1.65	1.71	1.64	1.70	13872019	30957624.00
20120910	1.70	1.70	1.67	1.68	8022455	17894154.00
20120911	1.67	1.68	1.65	1.67	4726509	10456530.00
20120912	1.66	1.69	1.66	1.67	4722439	10501019.00
20120913	1.67	1.69	1.65	1.66	7473911	16578420.00
20120914	1.66	1.68	1.65	1.68	4509470	9986620.00
20120917	1.67	1.67	1.62	1.64	3548775	7778423.00
20120918	1.64	1.64	1.61	1.62	3362175	7290899.00
20120919	1.61	1.63	1.61	1.62	2377724	5156986.00
20120920	1.62	1.62	1.58	1.58	2536218	5450098.00
20120921	1.58	1.59	1.56	1.56	3089670	6555715.00
20120924	1.55	1.56	1.53	1.54	3075178	6430363.00
20120925	1.54	1.56	1.53	1.54	3992481	8374768.00
20120926	1.54	1.55	1.50	1.51	3550190	7364943.00
20120927	1.50	1.55	1.50	1.54	5951739	12384313.00
20120928	1.53	1.56	1.52	1.55	5407992	11301320.00
20121008	1.55	1.55	1.53	1.53	3362186	7031177.00
20121009	1.53	1.58	1.53	1.58	5278476	11154044.00
20121010	1.56	1.63	1.56	1.62	9730351	20899536.00
20121011	1.61	1.63	1.58	1.59	6203550	13385113.00
20121012	1.59	1.61	1.57	1.59	3743342	8002484.00
20121015	1.58	1.59	1.56	1.57	2390230	5072265.00
20121016	1.57	1.59	1.56	1.57	2448292	5202310.00
20121017	1.58	1.58	1.55	1.58	3830090	8102285.00
20121018	1.56	1.65	1.56	1.61	11323980	24568116.00
20121019	1.60	1.62	1.60	1.61	6676460	14402001.00
20121022	1.60	1.62	1.59	1.62	3320256	7161417.00
20121023	1.62	1.63	1.60	1.62	5548633	12031698.00
20121024	1.61	1.68	1.60	1.68	19066995	42138160.00
20121025	1.67	1.74	1.66	1.67	20189512	45568032.00
20121026	1.66	1.67	1.58	1.61	11442811	24802592.00
20121029	1.60	1.67	1.59	1.64	8523648	18605892.00
20121030	1.63	1.65	1.60	1.62	4115849	8941593.00
20121031	1.62	1.63	1.60	1.62	4791500	10366616.00
20121101	1.62	1.66	1.62	1.64	7535700	16482898.00
20121102	1.65	1.66	1.63	1.66	7151028	15696273.00
20121105	1.65	1.66	1.63	1.64	4589135	10072647.00
20121106	1.64	1.64	1.60	1.62	4564185	9895228.00
20121107	1.61	1.63	1.61	1.61	3199844	6927182.00
20121108	1.60	1.61	1.56	1.56	7427259	15847139.00
20121109	1.56	1.58	1.56	1.57	2812849	5959503.00
20121112	1.58	1.59	1.57	1.59	2441536	5200578.00
20121113	1.59	1.61	1.56	1.57	4203284	8963500.00
20121114	1.56	1.58	1.56	1.57	1829054	3876648.00
20121115	1.57	1.58	1.54	1.54	2520893	5315454.00
20121116	1.54	1.55	1.52	1.54	3474521	7226696.00
20121119	1.53	1.56	1.52	1.56	2263408	4740139.00
20121120	1.56	1.57	1.55	1.55	2826612	5953549.00
20121121	1.55	1.59	1.54	1.58	3767717	7965978.00
20121122	1.57	1.58	1.56	1.57	1709837	3619199.00
20121123	1.57	1.58	1.55	1.56	2917027	6170718.00
20121126	1.56	1.57	1.54	1.54	1805511	3789160.00
20121127	1.54	1.55	1.51	1.51	2948797	6109869.00
20121128	1.51	1.51	1.48	1.50	3388594	6938427.00
20121129	1.50	1.56	1.49	1.51	4697657	9699490.00
20121130	1.51	1.54	1.50	1.54	3448419	7153007.00
20121203	1.54	1.55	1.51	1.52	3676400	7647030.00
20121204	1.53	1.54	1.50	1.53	3202619	6621349.00
20121205	1.53	1.59	1.52	1.58	8575477	18202600.00
20121206	1.58	1.58	1.56	1.56	3487328	7388812.00
20121207	1.56	1.60	1.56	1.58	5489607	11708901.00
20121210	1.59	1.61	1.58	1.60	8719375	18738466.00
20121211	1.61	1.61	1.58	1.58	4648890	9937244.00
20121212	1.59	1.60	1.57	1.59	3426983	7313807.00
20121213	1.60	1.63	1.59	1.60	10198477	22064326.00
20121214	1.58	1.68	1.58	1.65	19492176	42709664.00
20121217	1.66	1.68	1.64	1.65	12235501	26969628.00
20121218	1.64	1.67	1.63	1.65	7726472	16982238.00
20121219	1.65	1.65	1.62	1.63	6145654	13440724.00
20121220	1.63	1.64	1.61	1.63	5708374	12419404.00
20121221	1.64	1.65	1.62	1.63	6408166	13999162.00
20121224	1.63	1.64	1.61	1.63	6298545	13695788.00
20121225	1.62	1.68	1.61	1.67	26314259	58089960.00
20121226	1.67	1.67	1.65	1.67	11521055	25453476.00
20121227	1.67	1.68	1.65	1.66	16085306	35566520.00
20121228	1.65	1.67	1.64	1.67	7176397	15834947.00
20121231	1.67	1.69	1.65	1.68	18728742	41578632.00
20130104	1.69	1.70	1.66	1.68	10522346	23463282.00
20130107	1.67	1.69	1.66	1.69	9978991	22194216.00
20130108	1.68	1.69	1.66	1.67	8903292	19771528.00
20130109	1.67	1.68	1.66	1.67	8280034	18392936.00
20130110	1.67	1.68	1.66	1.68	9435124	20975432.00
20130111	1.68	1.68	1.63	1.64	10117682	22340772.00
20130114	1.64	1.69	1.63	1.68	14818475	32829328.00
20130115	1.68	1.71	1.67	1.71	22610915	50665108.00
20130116	1.71	1.71	1.67	1.69	14110333	31617232.00
20130117	1.68	1.69	1.66	1.67	9436652	20994496.00
20130118	1.68	1.69	1.67	1.69	8311955	18544716.00
20130121	1.69	1.73	1.68	1.72	24288442	54962320.00
20130122	1.72	1.73	1.69	1.70	13958289	31500410.00
20130123	1.70	1.72	1.68	1.70	9797082	22013996.00
20130124	1.69	1.72	1.66	1.67	14044841	31510804.00
20130125	1.67	1.69	1.66	1.68	6974738	15511644.00
20130128	1.67	1.70	1.67	1.70	10600305	23736020.00
20130129	1.70	1.72	1.68	1.70	12071583	27194714.00
20130130	1.71	1.86	1.69	1.82	61197887	143196368.00
20130131	1.80	1.84	1.76	1.78	27961172	65498256.00
20130201	1.77	1.79	1.74	1.78	25560982	59029368.00
20130204	1.78	1.80	1.76	1.80	22755632	53168020.00
20130205	1.79	1.79	1.75	1.79	15435781	35861504.00
20130206	1.79	1.80	1.77	1.78	10011011	23361520.00
20130207	1.79	1.80	1.77	1.79	11333806	26428856.00
20130208	1.78	1.82	1.78	1.81	11463998	26982888.00
20130218	1.81	1.82	1.79	1.80	9651718	22716160.00
20130219	1.80	1.81	1.76	1.78	10034256	23463016.00
20130220	1.77	1.79	1.76	1.79	7164294	16702350.00
20130221	1.78	1.78	1.73	1.74	11245823	25882672.00
20130222	1.74	1.74	1.71	1.72	6684577	15249630.00
20130225	1.72	1.74	1.72	1.73	4193571	9553218.00
20130226	1.72	1.72	1.67	1.68	7647199	17221576.00
20130227	1.67	1.70	1.67	1.70	4500795	10081696.00
20130228	1.70	1.73	1.69	1.73	4767413	10795573.00
20130301	1.73	1.76	1.72	1.74	8248907	18877704.00
20130304	1.73	1.74	1.67	1.69	8578618	19270000.00
20130305	1.69	1.72	1.69	1.71	6995675	15754096.00
20130306	1.71	1.75	1.71	1.74	9135977	20823072.00
20130307	1.73	1.75	1.71	1.73	6938455	15820013.00
20130308	1.73	1.74	1.72	1.72	3489676	7935846.00
20130311	1.72	1.74	1.72	1.73	5609276	12780359.00
20130312	1.72	1.74	1.68	1.70	8611591	19427050.00
20130313	1.70	1.70	1.67	1.68	4563238	10185753.00
20130314	1.68	1.70	1.67	1.69	4170584	9309508.00
20130315	1.69	1.70	1.67	1.69	7225422	16164150.00
20130318	1.68	1.68	1.65	1.66	4664097	10328046.00
20130319	1.66	1.67	1.65	1.66	3898752	8610255.00
20130320	1.66	1.69	1.66	1.69	4880238	10879973.00
20130321	1.69	1.69	1.67	1.69	6414000	14314814.00
20130322	1.69	1.69	1.67	1.69	5274323	11775907.00
20130325	1.69	1.70	1.68	1.69	4116284	9210189.00
20130326	1.68	1.69	1.66	1.67	4576652	10167674.00
20130327	1.67	1.69	1.66	1.68	3932118	8767183.00
20130328	1.68	1.68	1.63	1.63	6772172	14854731.00
20130329	1.63	1.64	1.62	1.62	2803000	6111056.00
20130401	1.62	1.64	1.62	1.62	3185364	6937349.00
20130402	1.63	1.64	1.62	1.63	3237690	7053277.00
20130403	1.63	1.64	1.62	1.63	3363355	7327908.00
20130408	1.63	1.63	1.60	1.62	3594534	7773605.00
20130409	1.62	1.63	1.61	1.63	2508234	5452876.00
20130410	1.63	1.65	1.62	1.65	3499567	7649256.00
20130411	1.64	1.66	1.64	1.65	3177975	6991899.00
20130412	1.65	1.66	1.63	1.63	3096835	6791926.00
20130415	1.63	1.64	1.60	1.61	3426881	7414249.00
20130416	1.60	1.63	1.60	1.63	3131646	6766510.00
20130417	1.63	1.63	1.61	1.62	2253689	4891675.00
20130418	1.62	1.63	1.61	1.63	1815243	3943899.00
20130419	1.63	1.66	1.62	1.66	7944782	17458730.00
20130422	1.65	1.66	1.64	1.65	4471605	9826221.00
20130423	1.65	1.66	1.61	1.62	4960987	10811689.00
20130424	1.62	1.64	1.61	1.63	4000842	8713283.00
20130425	1.63	1.65	1.62	1.62	5917300	12944351.00
20130426	1.63	1.64	1.62	1.62	3332919	7259348.00
20130502	1.62	1.63	1.61	1.63	3454700	7488534.00
20130503	1.63	1.66	1.62	1.65	5499444	12074651.00
20130506	1.65	1.66	1.63	1.66	5319401	11690816.00
20130507	1.66	1.67	1.64	1.66	6003937	13250497.00
20130508	1.66	1.67	1.65	1.67	5062058	11195114.00
20130509	1.67	1.67	1.64	1.64	4381402	9635677.00
20130510	1.64	1.66	1.63	1.66	3957308	8690016.00
20130513	1.65	1.68	1.65	1.68	8034657	17822764.00
20130514	1.67	1.68	1.65	1.66	4887950	10790220.00
20130515	1.66	1.66	1.65	1.66	2281217	5029553.00
20130516	1.66	1.68	1.65	1.67	7244376	16036909.00
20130517	1.67	1.69	1.66	1.69	6649292	14806563.00
20130520	1.69	1.71	1.68	1.70	10810209	24328116.00
20130521	1.70	1.74	1.69	1.73	16093378	36515432.00
20130522	1.73	1.73	1.70	1.71	9438985	21348412.00
20130523	1.70	1.72	1.69	1.70	9117412	20539482.00
20130524	1.69	1.71	1.69	1.71	4067683	9152128.00
20130527	1.72	1.72	1.69	1.70	4245172	9574936.00
20130528	1.70	1.72	1.69	1.71	6795989	15314744.00
20130529	1.71	1.72	1.70	1.72	4836237	10951253.00
20130530	1.72	1.72	1.70	1.70	4366579	9856567.00
20130531	1.70	1.72	1.69	1.69	6234683	14053239.00
20130603	1.69	1.72	1.69	1.71	5917078	13344760.00
20130604	1.71	1.72	1.69	1.71	7733286	17453550.00
20130605	1.71	1.71	1.70	1.70	4052428	9131212.00
20130606	1.71	1.71	1.69	1.69	4275257	9607486.00
20130607	1.69	1.70	1.66	1.69	6583176	14682948.00
20130613	1.68	1.68	1.62	1.65	9338325	20485752.00
20130614	1.65	1.65	1.62	1.64	5391368	11231571.00
20130617	1.64	1.64	1.60	1.62	6145313	12715631.00
20130618	1.62	1.62	1.59	1.61	3527715	7252961.00
20130619	1.61	1.63	1.59	1.62	6908522	14236787.00
20130620	1.62	1.62	1.55	1.57	5638200	11503930.00
20130621	1.57	1.57	1.54	1.57	6758179	13544592.00
20130624	1.57	1.57	1.47	1.48	8585961	16861136.00
20130625	1.47	1.49	1.36	1.45	10241205	19287868.00
20130626	1.44	1.45	1.42	1.44	5055466	9536746.00
20130627	1.45	1.47	1.43	1.44	5815781	11052762.00
20130628	1.42	1.47	1.41	1.45	4979857	9418378.00
20130701	1.45	1.47	1.43	1.46	3863952	7351393.00
20130702	1.46	1.46	1.43	1.45	4683726	8869595.00
20130703	1.44	1.46	1.42	1.44	5280180	9962475.00
20130704	1.45	1.47	1.43	1.46	5080189	9664409.00
20130705	1.46	1.48	1.45	1.47	5426684	10391138.00
20130708	1.44	1.46	1.42	1.43	4510979	8494141.00
20130709	1.43	1.44	1.42	1.44	2386368	4487657.00
20130710	1.44	1.47	1.42	1.46	4466592	8500754.00
20130711	1.47	1.52	1.46	1.51	9960052	19365894.00
20130712	1.50	1.51	1.47	1.47	5953199	11548586.00
20130715	1.47	1.49	1.46	1.48	5095331	9825660.00
20130716	1.48	1.49	1.46	1.49	4349774	8375786.00
20130717	1.48	1.50	1.47	1.47	3728860	7201165.00
20130718	1.47	1.48	1.45	1.46	4562793	8700275.00
20130719	1.45	1.46	1.43	1.43	5670699	10736246.00
20130722	1.42	1.43	1.41	1.43	5790801	10842480.00
20130723	1.43	1.47	1.42	1.46	6973492	13278638.00
20130724	1.46	1.47	1.44	1.45	3386641	6433681.00
20130725	1.45	1.46	1.44	1.44	3296194	6263311.00
20130726	1.44	1.45	1.42	1.44	2946448	5544424.00
20130729	1.44	1.44	1.41	1.42	3055750	5716264.00
20130730	1.42	1.44	1.41	1.43	2378881	4455782.00
20130731	1.42	1.44	1.42	1.42	2994136	5627021.00
20130801	1.42	1.45	1.42	1.45	4792378	9040578.00
20130802	1.45	1.46	1.44	1.45	4617949	8767439.00
20130805	1.45	1.46	1.44	1.46	3648039	6940088.00
20130806	1.46	1.48	1.44	1.47	6821517	13045614.00
20130807	1.47	1.47	1.45	1.46	5025250	9613909.00
20130808	1.46	1.47	1.45	1.47	4039509	7711030.00
20130809	1.46	1.47	1.45	1.46	4539171	8663195.00
20130812	1.46	1.50	1.45	1.49	9215203	17773252.00
20130813	1.49	1.51	1.48	1.51	8619899	16811382.00
20130814	1.51	1.52	1.48	1.50	8468045	16556150.00
20130815	1.49	1.51	1.48	1.48	5170655	10047766.00
20130816	1.48	1.55	1.46	1.49	9802537	19108482.00
20130819	1.48	1.50	1.46	1.49	6776978	13101964.00
20130820	1.49	1.50	1.47	1.49	6133097	11866722.00
20130821	1.48	1.49	1.46	1.48	3768053	7263924.00
20130822	1.48	1.49	1.47	1.48	4652867	9002749.00
20130823	1.48	1.50	1.46	1.48	6078891	11734902.00
20130826	1.48	1.52	1.47	1.51	10130148	19784924.00
20130827	1.51	1.58	1.50	1.57	22076814	44058652.00
20130828	1.55	1.59	1.54	1.55	13970341	28072156.00
20130829	1.55	1.65	1.54	1.61	24270885	49828488.00
20130830	1.59	1.71	1.59	1.69	45142671	95639312.00
20130902	1.70	1.71	1.61	1.61	24661736	51465820.00
20130903	1.61	1.64	1.60	1.64	16684279	34679408.00
20130904	1.63	1.67	1.63	1.65	13529111	28354566.00
20130905	1.65	1.66	1.61	1.61	8126365	16840038.00
20130906	1.61	1.63	1.60	1.62	8324213	17194504.00
20130909	1.62	1.67	1.61	1.66	13878908	29200490.00
20130910	1.66	1.73	1.64	1.71	20655265	44251596.00
20130911	1.71	1.76	1.71	1.74	33383579	72927392.00
20130912	1.73	1.87	1.68	1.81	57311489	128999984.00
20130913	1.78	1.80	1.74	1.75	28168063	62649824.00
20130916	1.75	1.77	1.72	1.73	11877935	25992528.00
20130917	1.73	1.76	1.69	1.69	13736611	29850960.00
20130918	1.69	1.73	1.67	1.70	10543399	22598780.00
20130923	1.71	1.72	1.69	1.72	9032545	19474872.00
20130924	1.72	1.72	1.67	1.70	11762272	25133408.00
20130925	1.69	1.70	1.66	1.66	15838801	33675256.00
20130926	1.66	1.66	1.61	1.62	8006761	16656340.00
20130927	1.61	1.63	1.61	1.62	5906117	12219290.00
20130930	1.63	1.64	1.61	1.64	4112542	8540858.00
20131008	1.64	1.66	1.62	1.66	4823526	10108062.00
20131009	1.65	1.71	1.64	1.71	13657290	29125748.00
20131010	1.71	1.71	1.65	1.68	10097775	21496010.00
20131011	1.68	1.70	1.67	1.69	6751888	14421797.00
20131014	1.69	1.72	1.68	1.71	9750306	21012748.00
20131015	1.71	1.72	1.68	1.70	5859883	12563159.00
20131016	1.69	1.69	1.65	1.66	6981719	14776467.00
20131017	1.66	1.69	1.66	1.68	5892159	12505839.00
20131018	1.68	1.68	1.66	1.67	3606296	7646902.00
20131021	1.67	1.69	1.66	1.69	6475559	13769791.00
20131022	1.69	1.69	1.66	1.67	4366317	9279268.00
20131023	1.68	1.70	1.66	1.70	11181947	23853768.00
20131024	1.70	1.71	1.65	1.67	11109355	23715848.00
20131025	1.65	1.67	1.62	1.64	8297217	17357746.00
20131028	1.64	1.64	1.62	1.63	3617456	7523012.00
20131029	1.64	1.66	1.58	1.61	9465591	19544884.00
20131030	1.61	1.64	1.59	1.64	5447812	11265270.00
20131031	1.64	1.64	1.62	1.63	4398558	9161330.00
20131101	1.63	1.64	1.61	1.63	3105008	6446212.00
20131104	1.63	1.66	1.63	1.65	3471040	7264599.00
20131105	1.64	1.65	1.62	1.65	3979570	8286946.00
20131106	1.65	1.65	1.62	1.63	3856273	8028525.00
20131107	1.62	1.63	1.62	1.62	2743000	5682425.00
20131108	1.62	1.63	1.60	1.60	2777811	5724198.00
20131111	1.60	1.61	1.59	1.60	2502802	5131388.00
20131112	1.60	1.62	1.60	1.61	2364705	4871854.00
20131113	1.61	1.62	1.58	1.59	4311003	8838634.00
20131114	1.59	1.59	1.57	1.58	4113546	8344538.00
20131115	1.58	1.62	1.57	1.60	6291432	12924509.00
20131118	1.61	1.64	1.60	1.64	6293159	13041727.00
20131119	1.63	1.64	1.62	1.64	4253515	8856399.00
20131120	1.63	1.65	1.62	1.64	5117211	10673075.00
20131121	1.64	1.69	1.62	1.68	15828109	33425936.00
20131122	1.68	1.69	1.65	1.66	7665852	16273665.00
20131125	1.67	1.70	1.65	1.69	11157860	23786232.00
20131126	1.69	1.71	1.67	1.69	10848303	23208920.00
20131127	1.69	1.70	1.67	1.70	5474108	11703379.00
20131128	1.70	1.72	1.70	1.71	11303689	24388900.00
20131129	1.71	1.72	1.70	1.71	7689956	16591930.00
20131202	1.70	1.71	1.68	1.69	19707291	42287960.00
20131203	1.68	1.71	1.67	1.70	6574657	14071837.00
20131204	1.70	1.74	1.70	1.73	15450726	33596320.00
20131205	1.72	1.74	1.71	1.73	9102527	19798978.00
20131206	1.73	1.74	1.72	1.73	7755690	16909100.00
20131209	1.73	1.75	1.73	1.74	11209959	24521696.00
20131210	1.74	1.74	1.72	1.73	5137799	11202183.00
20131211	1.73	1.74	1.70	1.70	7818750	16889408.00
20131212	1.70	1.72	1.69	1.71	3836859	8274160.00
20131213	1.71	1.72	1.70	1.72	4162711	8987435.00
20131216	1.72	1.72	1.68	1.69	6667721	14312134.00
20131217	1.68	1.71	1.68	1.70	5230318	11224980.00
20131218	1.70	1.71	1.69	1.69	3404975	7319765.00
20131219	1.69	1.71	1.69	1.70	4902981	10529099.00
20131220	1.69	1.70	1.67	1.68	5340620	11397413.00
20131223	1.68	1.68	1.64	1.65	3461230	7283819.00
20131224	1.65	1.67	1.65	1.65	2177900	4592451.00
20131225	1.65	1.67	1.64	1.67	2423918	5100148.00
20131226	1.66	1.66	1.62	1.65	4669830	9769691.00
20131227	1.64	1.67	1.64	1.65	3470448	7295441.00
20131230	1.66	1.67	1.65	1.65	4063472	8570023.00
20131231	1.65	1.70	1.63	1.69	8199986	17332244.00
20140102	1.68	1.70	1.66	1.69	4835438	10296372.00
20140103	1.69	1.70	1.67	1.70	10474269	22377044.00
20140106	1.69	1.70	1.65	1.65	3293999	6960010.00
20140107	1.65	1.67	1.64	1.66	2799445	5886346.00
20140108	1.66	1.67	1.63	1.63	2800150	5867806.00
20140109	1.63	1.66	1.62	1.65	5491394	11483035.00
20140110	1.64	1.65	1.60	1.61	2917394	6038508.00
20140113	1.60	1.63	1.59	1.61	2092290	4302059.00
20140114	1.61	1.62	1.59	1.62	1974714	4064188.00
20140115	1.62	1.63	1.61	1.62	1408930	2909656.00
20140116	1.62	1.63	1.61	1.61	1556151	3211783.00
20140117	1.62	1.62	1.59	1.60	1942253	3981532.00
20140120	1.59	1.60	1.57	1.59	1585061	3229578.00
20140121	1.59	1.61	1.59	1.59	1508330	3092169.00
20140122	1.59	1.64	1.59	1.63	3123826	6478237.00
20140123	1.63	1.65	1.62	1.63	2777655	5787591.00
20140124	1.62	1.66	1.62	1.64	3100156	6467119.00
20140127	1.64	1.64	1.61	1.62	2553906	5283892.00
20140128	1.62	1.63	1.60	1.61	3897611	8039154.00
20140129	1.61	1.63	1.61	1.62	1901351	3928903.00
20140130	1.62	1.62	1.61	1.61	1055736	2178536.00
20140207	1.61	1.62	1.59	1.62	2131030	4389074.00
20140210	1.61	1.66	1.61	1.66	5683390	11917735.00
20140211	1.65	1.67	1.64	1.66	4555655	9601719.00
20140212	1.67	1.67	1.65	1.67	4032799	8497126.00
20140213	1.66	1.67	1.64	1.66	5202767	10954301.00
20140214	1.65	1.67	1.64	1.66	3735635	7862928.00
20140217	1.67	1.69	1.66	1.69	7361156	15639725.00
20140218	1.69	1.69	1.65	1.66	5960907	12621021.00
20140219	1.66	1.68	1.64	1.67	5697243	12056298.00
20140220	1.68	1.72	1.67	1.70	15179957	32663308.00
20140221	1.70	1.70	1.66	1.66	7408758	15726279.00
20140224	1.66	1.66	1.63	1.63	7726093	16175858.00
20140225	1.63	1.64	1.59	1.60	6143504	12687518.00
20140226	1.59	1.62	1.58	1.62	4925752	10092657.00
20140227	1.61	1.62	1.60	1.61	2464246	5078571.00
20140228	1.61	1.63	1.60	1.63	3710183	7656702.00
20140303	1.62	1.65	1.61	1.63	5284058	10986354.00
20140304	1.63	1.63	1.61	1.62	3766061	7794743.00
20140305	1.62	1.63	1.60	1.61	3349650	6907421.00
20140306	1.60	1.63	1.59	1.61	5301739	10899765.00
20140307	1.61	1.63	1.60	1.62	3815689	7878656.00
20140310	1.61	1.62	1.57	1.58	5680562	11584042.00
20140311	1.57	1.59	1.56	1.59	4164044	8441665.00
20140312	1.59	1.59	1.54	1.58	4029328	8136445.00
20140313	1.58	1.60	1.57	1.59	3538835	7203884.00
20140314	1.59	1.59	1.57	1.59	3207426	6512938.00
20140317	1.58	1.61	1.58	1.60	3117006	6372533.00
20140318	1.60	1.61	1.59	1.60	3373950	6911369.00
20140319	1.59	1.61	1.58	1.60	5566138	11364468.00
20140320	1.60	1.62	1.59	1.59	4693783	9642622.00
20140321	1.59	1.63	1.59	1.62	5834804	12020483.00
20140324	1.62	1.67	1.61	1.66	10352463	21710412.00
20140325	1.65	1.66	1.64	1.65	4108354	8615286.00
20140326	1.65	1.66	1.64	1.64	3381503	7084818.00
20140327	1.64	1.66	1.63	1.64	4714398	9869855.00
20140328	1.64	1.66	1.62	1.64	5911342	12353008.00
20140331	1.63	1.65	1.62	1.63	4705832	9825181.00
20140401	1.63	1.65	1.63	1.65	4426300	9249783.00
20140402	1.65	1.66	1.64	1.65	4815660	10114616.00
20140403	1.65	1.67	1.64	1.65	5457900	11484823.00
20140404	1.64	1.66	1.63	1.66	3348404	7023129.00
20140408	1.66	1.67	1.65	1.67	5199310	10993486.00
20140409	1.66	1.71	1.66	1.70	18527114	39622336.00
20140410	1.69	1.73	1.68	1.73	13613465	29377268.00
20140411	1.72	1.79	1.71	1.76	30964288	68385480.00
20140414	1.75	1.76	1.72	1.73	7992264	17455416.00
20140415	1.73	1.74	1.70	1.71	7574206	16447383.00
20140416	1.72	1.73	1.71	1.72	3882279	8430135.00
20140417	1.73	1.73	1.70	1.71	4921710	10652716.00
20140418	1.70	1.73	1.69	1.72	4960756	10725210.00
20140421	1.71	1.72	1.68	1.68	4230730	9093545.00
20140422	1.68	1.70	1.66	1.69	4189714	8922939.00
20140423	1.69	1.69	1.67	1.68	2325891	4954309.00
20140424	1.68	1.69	1.66	1.68	3115955	6623496.00
20140425	1.67	1.69	1.67	1.67	3897867	8288144.00
20140428	1.67	1.67	1.65	1.65	5458373	11515020.00
20140429	1.66	1.68	1.65	1.67	4903642	10357629.00
20140430	1.67	1.69	1.66	1.68	4113544	8771009.00
20140505	1.68	1.69	1.67	1.69	5453900	11609650.00
20140506	1.69	1.70	1.68	1.69	3403212	7284595.00
20140507	1.68	1.69	1.65	1.67	4166254	8837111.00
20140508	1.67	1.71	1.66	1.70	6091917	13040466.00
20140509	1.69	1.70	1.67	1.67	3161649	6752471.00
20140512	1.68	1.73	1.68	1.73	8045286	17375248.00
20140513	1.72	1.73	1.71	1.73	6536157	14191311.00
20140514	1.73	1.73	1.71	1.72	3723295	8087546.00
20140515	1.72	1.74	1.71	1.72	10214327	22223620.00
20140516	1.72	1.75	1.71	1.75	10710560	23332430.00
20140519	1.74	1.75	1.71	1.73	4874655	10601977.00
20140520	1.74	1.75	1.72	1.73	5835202	12758538.00
20140521	1.73	1.73	1.70	1.72	5009409	10833610.00
20140522	1.71	1.73	1.70	1.72	4599691	9956305.00
20140523	1.71	1.73	1.71	1.72	3807755	8241429.00
20140526	1.72	1.74	1.71	1.74	3561492	7761152.00
20140527	1.74	1.76	1.73	1.76	10308699	22638668.00
20140528	1.76	1.78	1.74	1.77	8389029	18564334.00
20140529	1.77	1.77	1.74	1.76	6170300	13600976.00
20140530	1.76	1.77	1.74	1.76	4506982	9936241.00
20140603	1.77	1.77	1.75	1.75	2686100	5927412.00
20140604	1.74	1.75	1.72	1.73	5040468	11004051.00
20140605	1.73	1.74	1.72	1.74	2873844	6262263.00
20140606	1.73	1.75	1.70	1.72	5748690	12500632.00
20140609	1.71	1.73	1.71	1.73	1648396	3586792.00
20140610	1.72	1.74	1.71	1.74	2578207	5609617.00
20140611	1.73	1.75	1.73	1.75	2396793	5252563.00
20140612	1.75	1.76	1.73	1.74	4434124	9734915.00
20140613	1.75	1.77	1.74	1.77	5153004	11379552.00
20140616	1.77	1.79	1.76	1.79	7507226	16750202.00
20140617	1.78	1.80	1.78	1.79	8945264	20047164.00
20140618	1.78	1.85	1.78	1.81	17999019	40827392.00
20140619	1.81	1.84	1.77	1.78	14933713	33790060.00
20140620	1.78	1.78	1.75	1.76	8043026	17010436.00
20140623	1.76	1.82	1.76	1.80	6914634	14836375.00
20140624	1.80	1.80	1.78	1.80	3656472	7808133.00
20140625	1.80	1.81	1.78	1.81	5069235	10882632.00
20140626	1.80	1.83	1.80	1.81	6367378	13798863.00
20140627	1.82	1.84	1.80	1.84	11178371	24310088.00
20140630	1.84	1.86	1.83	1.84	5775345	12674637.00
20140701	1.84	1.85	1.81	1.81	5613094	12164634.00
20140702	1.81	1.83	1.79	1.83	6260783	13495487.00
20140703	1.82	1.85	1.81	1.84	7301810	15943366.00
20140704	1.84	1.85	1.81	1.82	3847979	8361854.00
20140707	1.82	1.82	1.79	1.80	6265853	13480053.00
20140708	1.80	1.82	1.79	1.82	4948663	10662813.00
20140709	1.80	1.81	1.78	1.78	6232839	13347789.00
20140710	1.79	1.81	1.78	1.80	4028631	8622677.00
20140711	1.80	1.82	1.79	1.81	4546892	9796931.00
20140714	1.80	1.82	1.79	1.82	5877375	12674970.00
20140715	1.81	1.83	1.81	1.83	4624520	10048995.00
20140716	1.82	1.87	1.82	1.86	12560583	27627968.00
20140717	1.85	1.86	1.83	1.83	6254736	13730508.00
20140718	1.83	1.92	1.83	1.90	24112496	53936808.00
20140721	1.90	1.92	1.86	1.88	9793113	21931682.00
20140722	1.88	1.99	1.85	1.94	25193313	57457928.00
20140723	1.94	2.17	1.91	2.06	104568990	256897296.00
20140724	1.99	2.05	1.93	2.02	65602124	153713488.00
20140725	2.00	2.02	1.94	1.99	30719805	71332584.00
20140728	2.00	2.02	1.97	2.01	35666280	83680240.00
20140729	2.00	2.06	1.98	2.02	31469300	74551488.00
20140730	2.00	2.15	1.98	2.11	68131988	165855488.00
20140731	2.09	2.10	2.03	2.09	29565786	71523264.00
20140801	2.08	2.08	1.98	2.01	28508865	68209416.00
20140804	2.01	2.04	1.99	2.04	16757114	39609096.00
20140805	2.03	2.04	1.98	2.01	25087032	59149876.00
20140806	2.00	2.02	1.98	2.01	27073187	63458256.00
20140807	2.01	2.01	1.97	1.97	16515701	38601372.00
20140808	1.97	2.00	1.97	1.99	10146214	23662794.00
20140811	1.99	2.02	1.98	2.02	16565134	38994432.00
20140812	2.01	2.02	1.99	2.00	13785954	32356596.00
20140813	1.99	2.00	1.96	1.98	14414065	33644192.00
20140814	1.98	2.02	1.97	2.00	18140108	42738176.00
20140815	2.00	2.01	1.99	2.01	11530296	27116716.00
20140818	2.00	2.02	2.00	2.02	16017699	37789964.00
20140819	2.02	2.02	1.99	2.02	12448548	29307492.00
20140820	2.01	2.07	2.00	2.05	34083595	81450352.00
20140821	2.04	2.05	1.99	2.01	20619455	48696920.00
20140822	2.01	2.02	1.99	2.01	9607860	22625294.00
20140825	2.01	2.03	1.98	2.02	17475590	41171648.00
20140826	2.01	2.02	1.97	1.98	17110937	40157648.00
20140827	1.98	1.99	1.97	1.98	7728527	18032112.00
20140828	1.98	1.99	1.94	1.96	11293488	26156878.00
20140829	1.95	1.98	1.94	1.98	6474081	15008030.00
20140901	1.98	2.00	1.97	2.00	10456478	24507762.00
20140902	2.00	2.03	1.99	2.03	14559670	34377112.00
20140903	2.03	2.04	2.01	2.03	27488099	65228340.00
20140904	2.03	2.08	2.02	2.08	40653384	97881584.00
20140905	2.07	2.10	2.05	2.10	28486927	69268672.00
20140909	2.10	2.12	2.07	2.09	28376747	69162984.00
20140910	2.08	2.12	2.07	2.11	29944604	73269064.00
20140911	2.11	2.20	2.09	2.14	53584943	134366256.00
20140912	2.12	2.19	2.10	2.18	34887099	87123584.00
20140915	2.17	2.27	2.16	2.23	38133825	98140416.00
20140916	2.23	2.38	2.20	2.24	80916103	212837600.00
20140917	2.22	2.29	2.20	2.28	46950429	122092696.00
20140918	2.28	2.41	2.28	2.37	68113830	184195072.00
20140919	2.37	2.38	2.31	2.33	30462794	81728928.00
20140922	2.33	2.33	2.22	2.24	34356360	89569608.00
20140923	2.24	2.27	2.23	2.27	17591006	45719564.00
20140924	2.27	2.30	2.24	2.29	23546864	61790092.00
20140925	2.29	2.32	2.27	2.30	30781150	81499056.00
20140926	2.27	2.35	2.27	2.33	22395352	59618020.00
20140929	2.33	2.36	2.32	2.33	18445791	49587748.00
20140930	2.34	2.40	2.33	2.39	32947792	89675808.00
20141008	2.38	2.45	2.34	2.44	47296014	130485392.00
20141009	2.43	2.50	2.41	2.45	38660473	108389272.00
20141010	2.44	2.45	2.40	2.42	23402139	64864004.00
20141013	2.41	2.41	2.35	2.40	22290926	60739980.00
20141014	2.38	2.45	2.37	2.40	21648952	59711304.00
20141015	2.39	2.43	2.39	2.43	23348084	64403460.00
20141016	2.41	2.53	2.39	2.42	40815089	114692704.00
20141017	2.40	2.42	2.30	2.35	27471254	74405504.00
20141020	2.34	2.62	2.33	2.62	121991918	352729728.00
20141021	2.64	2.73	2.53	2.57	143007371	424971616.00
20141022	2.58	2.61	2.46	2.48	63836488	184326736.00
20141023	2.45	2.49	2.39	2.42	36414762	101467616.00
20141024	2.41	2.63	2.40	2.51	78773566	227150960.00
20141027	2.50	2.57	2.46	2.49	37264141	106425984.00
20141028	2.51	2.57	2.47	2.56	58184712	166584352.00
20141029	2.56	2.85	2.53	2.85	219080924	688673536.00
20141030	2.84	2.86	2.75	2.80	172149010	543099648.00
20141031	2.80	2.87	2.77	2.80	97472389	307835072.00
20141103	2.93	3.07	2.85	2.97	231435786	764429632.00
20141104	2.94	2.94	2.86	2.90	89812883	290972448.00
20141105	2.89	2.89	2.80	2.81	58174602	184727296.00
20141106	2.78	2.84	2.78	2.83	34008550	107553728.00
20141107	2.85	2.86	2.75	2.78	60226662	190829968.00
20141110	2.78	2.87	2.78	2.87	62834991	200112560.00
20141111	2.89	2.97	2.72	2.79	77804706	248574848.00
20141112	2.76	2.81	2.72	2.80	36594853	113874008.00
20141113	2.79	2.91	2.75	2.84	69090094	219891200.00
20141114	2.80	2.80	2.73	2.78	38153492	118698640.00
20141117	2.79	2.85	2.78	2.80	34195018	108114768.00
20141118	2.77	2.89	2.76	2.86	57075836	181311856.00
20141119	2.83	2.84	2.78	2.80	34789751	109697560.00
20141120	2.79	2.79	2.73	2.77	35786624	111175952.00
20141121	2.75	2.78	2.74	2.78	27128336	84271600.00
20141124	2.81	2.85	2.76	2.82	55881156	176616464.00
20141125	2.80	2.83	2.79	2.82	41967530	132480712.00
20141126	2.82	2.85	2.80	2.83	41521922	131616088.00
20141127	2.84	2.90	2.83	2.89	87973053	283245888.00
20141128	2.89	3.04	2.87	2.93	92923864	306317024.00
20141201	2.94	3.01	2.93	2.96	88068132	292358304.00
20141202	2.95	2.96	2.90	2.95	63084366	207066128.00
20141203	2.96	3.01	2.92	2.98	77555021	257513200.00
20141204	2.98	3.12	2.95	3.06	100173386	340048480.00
20141205	3.05	3.05	2.78	2.89	97332929	319031104.00
20141208	2.92	3.09	2.92	3.09	137169701	464747200.00
20141209	3.12	3.43	3.05	3.11	194123936	694479552.00
20141210	3.14	3.46	3.02	3.46	180351368	658544256.00
20141211	3.63	3.75	3.51	3.67	197765834	787930560.00
20141212	3.67	3.93	3.57	3.73	160971131	661914624.00
20141215	3.90	3.97	3.75	3.83	149599137	627937152.00
20141216	3.82	3.82	3.65	3.73	106026638	429227136.00
20141217	3.73	3.82	3.65	3.72	90031433	365854464.00
20141218	3.69	3.70	3.62	3.67	65567171	262905680.00
20141219	3.65	3.75	3.58	3.73	87922583	352963360.00
20141222	3.74	3.77	3.59	3.62	87898107	353811072.00
20141223	3.59	3.59	3.39	3.42	58942335	226185664.00
20141224	3.40	3.46	3.35	3.44	44780601	167449536.00
20141225	3.44	3.51	3.42	3.50	33736832	129169968.00
20141226	3.51	3.64	3.51	3.60	51365620	202515104.00
20141229	3.64	3.67	3.56	3.62	50400013	200434832.00
20141230	3.61	3.61	3.45	3.46	39347016	151810416.00
20141231	3.45	3.51	3.40	3.46	44445778	168671072.00
20150105	3.47	3.56	3.39	3.54	68198620	261673600.00
20150106	3.51	3.76	3.47	3.67	91514718	365912896.00
20150107	3.65	3.65	3.58	3.60	53177576	210118240.00
20150108	3.60	3.60	3.46	3.48	39723653	153327104.00
20150109	3.44	3.54	3.44	3.46	30799022	118244456.00
20150112	3.45	3.45	3.25	3.27	40258088	148401776.00
20150113	3.25	3.30	3.24	3.27	22719833	82169696.00
20150114	3.27	3.29	3.17	3.20	26347352	94132552.00
20150115	3.21	3.31	3.18	3.31	24737700	89173952.00
20150116	3.32	3.33	3.27	3.32	27564000	100685360.00
20150119	3.23	3.24	2.96	3.04	45007432	156756032.00
20150120	3.04	3.13	3.04	3.12	27726320	95631424.00
20150121	3.13	3.24	3.10	3.24	30729649	108847056.00
20150122	3.24	3.33	3.22	3.30	31024400	112799792.00
20150123	3.31	3.33	3.23	3.26	28701998	103908304.00
20150126	3.26	3.33	3.23	3.33	25967675	94304792.00
20150127	3.33	3.35	3.22	3.35	39150641	142831216.00
20150128	3.32	3.41	3.28	3.37	41069445	152228016.00
20150129	3.34	3.40	3.30	3.35	31785650	117936112.00
20150130	3.34	3.45	3.33	3.35	33135308	123768776.00
20150202	3.31	3.32	3.22	3.23	22147449	80078824.00
20150203	3.22	3.28	3.20	3.27	16570343	59495320.00
20150204	3.29	3.29	3.21	3.23	14066321	50632516.00
20150205	3.28	3.30	3.14	3.15	18831845	67004516.00
20150206	3.15	3.15	3.01	3.04	22764889	77753832.00
20150209	3.05	3.08	3.02	3.05	12766459	43453088.00
20150210	3.05	3.08	3.04	3.07	9587004	32728326.00
20150211	3.08	3.14	3.07	3.14	13039148	45151272.00
20150212	3.13	3.15	3.09	3.15	10402818	36171320.00
20150213	3.17	3.23	3.16	3.20	16265542	57776456.00
20150216	3.19	3.24	3.18	3.23	12638185	45104392.00
20150217	3.23	3.29	3.23	3.27	15306739	55408580.00
20150225	3.27	3.29	3.23	3.24	14307929	51570376.00
20150226	3.23	3.37	3.23	3.36	39685864	145791680.00
20150227	3.37	3.38	3.33	3.36	22198074	82163008.00
20150302	3.38	3.40	3.35	3.39	24438778	91089312.00
20150303	3.38	3.38	3.29	3.30	30007928	110354600.00
20150304	3.29	3.31	3.26	3.29	24888381	90449208.00
20150305	3.30	3.31	3.26	3.28	19218003	70008088.00
20150306	3.28	3.31	3.27	3.28	18877222	68699088.00
20150309	3.28	3.32	3.23	3.32	22335354	80875240.00
20150310	3.32	3.37	3.29	3.34	25725727	94682080.00
20150311	3.35	3.37	3.30	3.32	24628879	90796472.00
20150312	3.32	3.35	3.30	3.35	27515168	101201728.00
20150313	3.35	3.37	3.33	3.36	25612161	94859776.00
20150316	3.38	3.44	3.37	3.43	51596874	194584592.00
20150317	3.46	3.60	3.45	3.59	99092973	385712352.00
20150318	3.60	3.89	3.57	3.79	125179267	512352480.00
20150319	3.79	3.85	3.67	3.76	111800871	461229120.00
20150320	4.00	4.17	4.00	4.17	102875486	463121888.00
20150323	4.30	4.38	4.12	4.27	235369511	1079485568.00
20150324	4.22	4.45	4.12	4.45	201440076	934317696.00
20150325	4.59	4.90	4.49	4.51	208096207	1044053760.00
20150326	4.45	4.46	4.30	4.35	95777368	451289504.00
20150327	4.35	4.38	4.28	4.35	54779254	256247936.00
20150330	4.66	4.66	4.47	4.53	112025884	548202176.00
20150331	4.54	4.58	4.41	4.43	80526832	387912576.00
20150401	4.43	4.57	4.40	4.50	63712397	307542016.00
20150402	4.48	4.56	4.45	4.51	67647949	328162272.00
20150403	4.47	4.52	4.43	4.52	68624759	331897504.00
20150407	4.60	4.91	4.60	4.84	158760237	815307776.00
20150408	4.85	4.88	4.66	4.74	106189854	541954496.00
20150409	4.73	4.74	4.48	4.59	81227567	401447808.00
20150410	4.58	4.72	4.53	4.69	73323100	368100288.00
20150413	4.71	5.18	4.71	5.08	172636777	924182720.00
20150414	5.16	5.62	5.16	5.62	210884014	1232180096.00
20150415	6.03	6.22	5.79	6.22	173804555	1128558464.00
20150416	6.68	6.68	5.65	6.21	331746858	2225870336.00
20150417	6.07	6.43	5.85	6.25	212222311	1388934144.00
20150420	6.23	6.25	5.90	6.07	163638253	1054892224.00
20150421	6.07	6.30	5.96	6.13	97034961	625408448.00
20150422	6.13	6.34	6.05	6.29	156356223	1027630208.00
20150423	6.30	6.30	6.15	6.19	115624190	757285888.00
20150424	6.12	6.12	5.96	6.02	86432233	551956992.00
20150427	6.03	6.22	6.03	6.15	102829354	664427840.00
20150428	6.15	6.18	5.95	6.17	110077680	704936832.00
20150429	6.20	6.53	6.20	6.34	161880696	1088859392.00
20150430	6.33	6.33	6.14	6.18	88878463	581677248.00
20150504	6.18	6.44	6.16	6.35	123006997	818442240.00
20150505	6.37	6.60	5.95	6.01	126979698	844992320.00
20150506	5.94	6.08	5.47	5.62	103836813	635545600.00
20150507	5.55	5.55	5.06	5.07	94799871	524895616.00
20150508	5.08	5.29	5.08	5.27	71655006	397705504.00
20150511	5.34	5.48	5.24	5.46	75929184	434338464.00
20150512	5.48	5.51	5.40	5.48	75450588	437460832.00
20150513	5.47	5.79	5.41	5.60	92429647	552889536.00
20150514	5.62	5.70	5.42	5.49	62826943	367021760.00
20150515	5.48	5.48	5.23	5.27	55853952	315276640.00
20150518	5.20	5.27	5.14	5.18	37671502	209063040.00
20150519	5.16	5.43	5.15	5.41	55138488	313176960.00
20150520	5.43	5.49	5.36	5.41	66876075	386721440.00
20150521	5.41	5.48	5.29	5.48	66155796	379735264.00
20150522	5.51	5.93	5.51	5.92	161160959	981455872.00
20150525	5.92	6.34	5.90	6.28	175015719	1144526208.00
20150526	6.33	6.47	6.07	6.30	179264168	1185126912.00
20150527	6.30	6.34	6.04	6.15	132870386	864420032.00
20150528	6.14	6.65	6.05	6.30	290412316	1958540032.00
20150529	6.26	6.29	5.64	5.94	172495616	1087922560.00
20150601	5.88	6.33	5.86	6.28	138837374	897848704.00
20150602	6.29	6.45	6.18	6.36	157577216	1048836992.00
20150603	6.35	7.03	6.24	7.03	297303333	2097676544.00
20150604	7.12	7.12	6.29	6.74	229168321	1611363968.00
20150605	6.80	6.90	6.46	6.75	199951227	1415497600.00
20150608	6.76	7.15	6.67	7.02	218326541	1583774336.00
20150609	6.95	6.98	6.68	6.89	129794236	931654208.00
20150610	6.75	7.04	6.66	6.83	121170540	875763776.00
20150611	6.78	6.84	6.71	6.79	97510205	693946688.00
20150612	6.83	7.28	6.81	7.14	215271548	1606584192.00
20150615	7.12	7.61	7.05	7.41	191423182	1470416000.00
20150616	7.33	7.33	6.71	6.88	131671604	975586176.00
20150617	6.90	7.14	6.57	7.06	117903112	851180992.00
20150618	7.08	7.47	6.97	7.05	166368851	1257859968.00
20150619	6.67	6.90	6.31	6.32	115244608	799500800.00
20150623	6.30	6.44	5.65	6.26	102032216	649571008.00
20150624	6.31	6.55	6.24	6.51	106701514	722168064.00
20150625	6.51	6.53	5.93	6.09	93924058	624009280.00
20150626	5.84	5.95	5.45	5.45	104460854	627440768.00
20150629	5.66	5.71	4.87	5.05	108135489	606600576.00
20150630	5.06	5.53	4.60	5.51	113007403	615132416.00
20150701	5.44	5.70	5.15	5.17	95759975	556909632.00
20150702	5.26	5.31	4.66	4.73	76191107	406401664.00
20150703	4.65	4.79	4.22	4.23	83462390	397417312.00
20150706	4.69	4.69	4.01	4.28	90008488	425667520.00
20150707	4.15	4.22	3.82	3.82	76259514	325942944.00
20150708	3.40	3.55	3.40	3.40	80319137	302283808.00
20150709	3.15	3.78	3.15	3.78	104238336	413556000.00
20150710	3.99	4.19	3.90	4.19	87877027	394604320.00
20150713	4.52	4.64	4.36	4.64	104777482	512018208.00
20150714	4.74	5.03	4.51	4.66	142677058	728197056.00
20150715	4.50	4.60	4.16	4.16	88970540	415538976.00
20150716	3.92	4.45	3.86	4.37	71409815	328122592.00
20150717	4.36	4.70	4.32	4.63	76586378	366807936.00
20150720	4.58	4.77	4.53	4.62	81039823	395851328.00
20150721	4.58	5.11	4.46	5.11	123518805	634395136.00
20150722	5.32	5.48	4.92	5.09	210799133	1156363776.00
20150723	4.96	5.24	4.88	5.14	129332281	685288384.00
20150724	5.10	5.29	4.97	5.08	142256872	768507200.00
20150727	4.95	5.12	4.55	4.55	91965480	468056288.00
20150728	4.28	4.64	4.13	4.34	78948134	360721984.00
20150729	4.41	4.65	4.28	4.64	56587591	266282912.00
20150730	4.65	4.89	4.56	4.62	84491601	418089728.00
20150731	4.51	4.64	4.36	4.47	44603125	212334656.00
20150803	4.43	4.45	4.03	4.22	53806381	239984128.00
20150804	4.24	4.50	4.23	4.50	50793499	235421856.00
20150805	4.46	4.74	4.32	4.52	70792164	338452448.00
20150806	4.37	4.49	4.32	4.38	35097583	163578848.00
20150807	4.47	4.61	4.42	4.59	63590333	304760064.00
20150810	4.58	4.86	4.58	4.81	78578644	393339392.00
20150811	4.81	4.88	4.76	4.82	77584568	394166944.00
20150812	4.75	4.94	4.70	4.74	99904709	506264448.00
20150813	4.67	4.82	4.65	4.81	59375348	296492992.00
20150814	4.84	5.18	4.80	4.92	145391896	758337984.00
20150817	4.91	5.05	4.83	5.02	100485249	520973792.00
20150818	4.98	5.02	4.49	4.49	101470907	508441344.00
20150819	4.35	4.68	4.24	4.64	70784069	334586720.00
20150820	4.63	4.88	4.57	4.65	85632707	427236704.00
20150821	4.69	4.80	4.37	4.46	63215066	306021120.00
20150824	4.29	4.35	3.99	3.99	51217296	221070880.00
20150825	3.59	3.79	3.57	3.57	52503129	203796656.00
20150826	3.68	3.80	3.33	3.54	65851526	254650720.00
20150827	3.55	3.75	3.50	3.75	49297345	191791936.00
20150828	3.80	4.03	3.75	4.02	62676689	258472704.00
20150831	3.95	3.96	3.76	3.84	47358837	193777488.00
20150901	3.80	3.84	3.55	3.66	38990340	153498272.00
20150902	3.51	3.73	3.45	3.53	35814298	137346016.00
20150907	3.63	3.74	3.55	3.60	32614831	127291616.00
20150908	3.60	3.74	3.53	3.73	30011643	117049968.00
20150909	3.75	3.94	3.71	3.92	62464545	255614032.00
20150910	3.83	3.96	3.78	3.80	48066328	198050832.00
20150911	3.76	3.84	3.73	3.79	26575310	107182384.00
20150914	3.80	3.83	3.42	3.52	38674800	149712432.00
20150915	3.48	3.54	3.35	3.38	27366816	101011520.00
20150916	3.41	3.73	3.39	3.67	38786347	147339072.00
20150917	3.63	3.71	3.52	3.53	38242304	148302560.00
20150918	3.54	3.60	3.49	3.56	20225644	76756536.00
20150921	3.51	3.65	3.51	3.64	22785037	87731528.00
20150922	3.68	3.68	3.62	3.65	27616063	107751440.00
20150923	3.60	3.60	3.52	3.56	21880415	83436136.00
20150924	3.56	3.64	3.56	3.59	18996117	72984896.00
20150925	3.56	3.59	3.46	3.50	17969707	67687920.00
20150928	3.50	3.52	3.43	3.52	11052992	41338244.00
20150929	3.47	3.59	3.45	3.50	20023003	75570944.00
20150930	3.51	3.55	3.49	3.50	10552413	39705920.00
20151008	3.60	3.64	3.57	3.61	25027342	96504424.00
20151009	3.61	3.65	3.57	3.64	23932704	92636288.00
20151012	3.64	3.82	3.63	3.79	48091610	192369056.00
20151013	3.77	3.82	3.70	3.80	56949319	228614336.00
20151014	3.76	3.78	3.70	3.70	33772980	134782336.00
20151015	3.69	3.79	3.66	3.79	40626598	162503936.00
20151016	3.81	3.86	3.78	3.83	53426653	217200432.00
20151019	3.84	3.85	3.74	3.78	41838071	169354288.00
20151020	3.77	3.81	3.72	3.81	36334903	145916224.00
20151021	3.81	3.83	3.56	3.62	55911280	222815520.00
20151022	3.62	3.70	3.58	3.69	31499187	122820320.00
20151023	3.70	3.77	3.68	3.75	38100570	151294272.00
20151026	3.80	3.82	3.74	3.78	34016833	136761888.00
20151027	3.75	3.76	3.61	3.75	30306604	119605848.00
20151028	3.72	3.77	3.66	3.68	28061282	111308896.00
20151029	3.69	3.74	3.67	3.71	18912568	74885264.00
20151030	3.71	3.72	3.65	3.69	19296253	75924768.00
20151102	3.64	3.71	3.61	3.64	20194028	79215336.00
20151103	3.64	3.67	3.61	3.65	16437683	64011364.00
20151104	3.95	4.04	3.95	4.04	61630449	264101984.00
20151105	4.47	4.47	4.12	4.15	209231334	955334464.00
20151106	4.09	4.38	4.01	4.28	170275527	751188544.00
20151109	4.14	4.21	4.09	4.17	100471304	442527520.00
20151110	4.17	4.17	4.07	4.12	61546343	268674720.00
20151111	4.08	4.13	4.08	4.11	38239937	166402176.00
20151112	4.11	4.18	4.10	4.12	54203670	237711008.00
20151113	4.10	4.10	3.98	3.99	40524845	173400352.00
20151116	3.92	4.05	3.89	4.03	30739522	129206072.00
20151117	4.04	4.10	4.00	4.01	38163548	164287184.00
20151118	4.01	4.03	3.96	3.96	19776046	83854744.00
20151119	3.97	4.02	3.96	4.02	18332459	77705840.00
20151120	4.02	4.05	3.99	4.04	27843766	118846728.00
20151123	4.03	4.09	4.00	4.03	34945034	150242032.00
20151124	4.01	4.02	3.95	4.01	22616462	95804304.00
20151125	4.01	4.03	3.98	4.03	20487399	87236792.00
20151126	4.03	4.05	3.99	3.99	24120348	102794176.00
20151127	3.99	4.00	3.68	3.73	39320432	161339632.00
20151130	3.70	3.77	3.61	3.72	30366246	120088016.00
20151201	3.72	3.89	3.68	3.82	23357529	93942640.00
20151202	3.81	3.87	3.75	3.86	24665063	100367488.00
20151203	3.85	3.88	3.83	3.87	20643573	84768184.00
20151204	3.85	3.88	3.80	3.83	22033982	90029496.00
20151207	3.83	3.87	3.80	3.86	15782716	64608516.00
20151208	3.85	3.85	3.72	3.74	22142057	89260648.00
20151209	3.72	3.77	3.71	3.73	13180991	52542912.00
20151210	3.73	3.77	3.70	3.73	12217572	48747016.00
20151211	3.73	3.73	3.67	3.68	12803303	50385300.00
20151214	3.65	3.75	3.64	3.74	15509880	61263032.00
20151215	3.74	3.76	3.72	3.73	13866654	55334280.00
20151216	3.74	3.78	3.73	3.74	15291437	61259588.00
20151217	3.76	3.82	3.75	3.82	23921018	96813816.00
20151218	3.81	3.84	3.79	3.82	18723289	76004712.00
20151221	3.80	3.98	3.79	3.93	46775763	194191600.00
20151222	3.90	3.93	3.87	3.90	21453753	88890944.00
20151223	3.90	4.11	3.89	3.97	57289191	243189440.00
20151224	3.93	3.94	3.84	3.89	26780164	110587200.00
20151225	3.88	4.04	3.87	4.02	47310450	199964736.00
20151228	4.03	4.18	3.96	3.98	74308851	321231520.00
20151229	3.94	4.01	3.91	4.01	32173042	135288176.00
20151230	4.01	4.06	3.98	4.02	28781603	122772360.00
20151231	4.00	4.10	4.00	4.01	32774666	140771040.00
20160104	4.01	4.02	3.61	3.62	31691655	129507792.00
20160105	3.55	3.73	3.47	3.70	41881844	162112784.00
20160106	3.68	3.84	3.67	3.84	34150468	137249104.00
20160107	3.78	3.78	3.48	3.50	8571343	33438794.00
20160108	3.65	3.73	3.50	3.67	34245599	132857720.00
20160111	3.60	3.70	3.50	3.53	29384165	112936920.00
20160112	3.53	3.58	3.48	3.52	18244554	69108424.00
20160113	3.54	3.57	3.44	3.45	17558040	66125836.00
20160114	3.35	3.50	3.32	3.48	25296313	92735680.00
20160115	3.47	3.47	3.26	3.31	22448501	81226024.00
20160118	3.25	3.34	3.22	3.29	15522510	54974568.00
20160119	3.31	3.41	3.29	3.41	18256306	65961612.00
20160120	3.38	3.44	3.33	3.37	17024240	61818432.00
20160121	3.32	3.39	3.26	3.27	14484521	51672008.00
20160122	3.29	3.32	3.22	3.30	11707287	41286568.00
20160125	3.32	3.35	3.29	3.33	10353651	36941224.00
20160126	3.30	3.30	3.04	3.08	17970402	61727856.00
20160127	3.12	3.12	2.85	3.01	18377954	59495560.00
20160128	2.98	3.04	2.88	2.89	12174976	39284192.00
20160129	2.89	3.00	2.88	2.97	13920717	44578600.00
20160201	2.97	3.00	2.90	2.93	9459239	30239612.00
20160202	2.93	3.02	2.93	3.00	11218760	36367680.00
20160203	2.98	3.01	2.93	3.00	9362558	30139706.00
20160204	3.00	3.05	3.00	3.04	13950415	45756840.00
20160205	3.03	3.05	3.01	3.02	10146267	33272796.00
20160215	2.92	3.02	2.89	2.99	9528547	30662980.00
20160216	3.01	3.11	3.00	3.10	16304753	54215064.00
20160217	3.09	3.13	3.07	3.12	14593684	48860288.00
20160218	3.14	3.18	3.10	3.11	14799606	50077888.00
20160219	3.11	3.12	3.08	3.11	8511755	28481708.00
20160222	3.14	3.20	3.13	3.19	15740555	53808192.00
20160223	3.18	3.19	3.09	3.14	13136895	44524240.00
20160224	3.13	3.19	3.10	3.19	17122248	58178752.00
20160225	3.19	3.19	2.93	2.95	24124591	79918568.00
20160226	2.98	3.02	2.92	3.00	16143988	52031352.00
20160229	2.99	2.99	2.86	2.90	15242620	47900000.00
20160301	2.92	3.00	2.89	2.97	12568135	40061100.00
20160302	2.96	3.22	2.95	3.20	27113028	90056024.00
20160303	3.14	3.19	3.12	3.14	25045084	85207984.00
20160304	3.12	3.15	3.05	3.10	18558657	62260260.00
20160307	3.18	3.20	3.14	3.17	19398007	66169256.00
20160308	3.16	3.16	3.07	3.15	18818813	63160848.00
20160309	3.09	3.12	3.07	3.10	10380919	34690296.00
20160310	3.09	3.11	3.05	3.05	8182593	27256228.00
20160311	3.04	3.06	3.01	3.05	8106085	26649494.00
20160314	3.08	3.16	3.05	3.12	18280286	61568884.00
20160315	3.12	3.12	3.07	3.10	11764887	39336836.00
20160316	3.10	3.12	3.07	3.08	10337482	34499120.00
20160317	3.09	3.15	3.08	3.13	17516614	59032172.00
20160318	3.14	3.20	3.12	3.19	27759409	94983688.00
20160321	3.23	3.25	3.19	3.23	26845565	93281512.00
20160322	3.21	3.23	3.18	3.20	16859586	58251124.00
20160323	3.19	3.21	3.18	3.19	11227039	38646480.00
20160324	3.18	3.19	3.15	3.16	13257465	45346004.00
20160325	3.16	3.19	3.14	3.18	10433290	35637476.00
20160328	3.19	3.22	3.15	3.17	12268102	42172880.00
20160329	3.16	3.17	3.09	3.12	12614771	42620040.00
20160330	3.13	3.20	3.13	3.19	14139173	48367316.00
20160331	3.20	3.24	3.18	3.22	21577082	74701872.00
20160401	3.19	3.26	3.16	3.23	18995640	65823240.00
20160405	3.22	3.29	3.19	3.28	23830054	83433784.00
20160406	3.26	3.41	3.23	3.33	41244163	147145824.00
20160407	3.32	3.32	3.23	3.24	25992613	91463192.00
20160408	3.24	3.24	3.17	3.20	12162141	41975336.00
20160411	3.24	3.28	3.23	3.27	15878680	55817496.00
20160412	3.27	3.32	3.23	3.29	17228069	60832964.00
20160413	3.29	3.36	3.28	3.33	26621215	95303160.00
20160414	3.33	3.34	3.30	3.34	12965630	46273520.00
20160415	3.32	3.34	3.30	3.32	13004090	46369384.00
20160418	3.30	3.31	3.26	3.27	10149780	35809748.00
20160419	3.29	3.30	3.25	3.28	9229937	32501858.00
20160420	3.29	3.29	3.11	3.14	18991946	65262088.00
20160421	3.15	3.19	3.12	3.15	9420694	32141032.00
20160422	3.13	3.16	3.11	3.16	7526090	25483130.00
20160425	3.15	3.15	3.06	3.11	11610999	38932568.00
20160426	3.12	3.14	3.09	3.13	6005097	20219012.00
20160427	3.14	3.15	3.11	3.12	6881380	23258132.00
20160428	3.12	3.13	3.07	3.10	8778682	29352248.00
20160429	3.09	3.12	3.08	3.10	4068053	13636148.00
20160503	3.12	3.17	3.10	3.17	11823035	40185980.00
20160504	3.16	3.18	3.14	3.17	9690827	33061132.00
20160505	3.16	3.17	3.14	3.17	8451337	28813608.00
20160506	3.16	3.18	3.08	3.09	13869614	46809492.00
20160509	3.10	3.10	2.98	2.98	11713628	38353136.00
20160510	3.00	3.02	2.98	3.00	6910552	22430210.00
20160511	3.00	3.03	2.98	3.00	9001333	29307492.00
20160512	2.98	2.99	2.93	2.99	10595242	34031024.00
20160513	2.97	3.00	2.96	2.98	8464350	27311064.00
20160516	2.96	2.99	2.94	2.99	7949442	25591936.00
20160517	2.98	2.99	2.95	2.97	5714940	18396980.00
20160518	2.96	2.96	2.87	2.91	11067550	35015432.00
20160519	2.91	2.94	2.90	2.93	5658940	17966112.00
20160520	2.92	2.95	2.90	2.94	6249239	19831060.00
20160523	2.94	2.96	2.92	2.95	5351274	17108712.00
20160524	2.95	2.96	2.91	2.92	4423881	14036679.00
20160525	2.93	2.94	2.91	2.92	4204286	13349791.00
20160526	2.91	2.93	2.88	2.92	6606087	20800860.00
20160527	2.91	2.93	2.89	2.91	6764290	21379086.00
20160530	2.90	2.94	2.89	2.91	7137758	22575016.00
20160531	2.91	3.02	2.90	3.01	18344336	59251428.00
20160601	3.00	3.02	3.00	3.01	12996187	42372160.00
20160602	3.00	3.02	2.99	3.02	8000678	26046372.00
20160603	3.01	3.04	3.00	3.04	8957098	29307836.00
20160606	3.05	3.19	3.03	3.10	26416115	88866968.00
20160607	3.09	3.10	3.04	3.09	14147121	46945248.00
20160608	3.08	3.09	3.04	3.05	9119640	29277892.00
20160613	3.03	3.03	2.96	2.97	12000257	37840248.00
20160614	2.97	2.99	2.96	2.98	6716669	20988880.00
20160615	2.96	3.04	2.95	3.02	8692745	27452226.00
20160616	3.01	3.02	2.98	2.99	7792680	24546880.00
20160617	2.99	3.04	2.99	3.01	7576809	23975904.00
20160620	3.01	3.03	2.99	3.02	5798450	18333152.00
20160621	3.02	3.05	3.00	3.01	10003498	31761112.00
20160622	3.02	3.04	3.00	3.04	7190040	22799646.00
20160623	3.04	3.04	3.00	3.02	5915792	18724116.00
20160624	3.02	3.03	2.97	2.99	9746522	30639856.00
20160627	2.98	3.02	2.97	3.01	8626599	27189316.00
20160628	3.00	3.03	2.99	3.03	8382790	26505644.00
20160629	3.04	3.05	3.02	3.04	11136425	35449072.00
20160630	3.03	3.04	3.01	3.02	8271554	26279526.00
20160701	3.02	3.04	3.02	3.03	8043013	25565308.00
20160704	3.02	3.08	3.01	3.07	18565872	59534128.00
20160705	3.06	3.10	3.05	3.10	15284285	49425920.00
20160706	3.08	3.10	3.07	3.09	11042100	35718032.00
20160707	3.09	3.13	3.08	3.13	17269200	56227784.00
20160708	3.12	3.13	3.09	3.11	10545500	34357824.00
20160711	3.10	3.14	3.09	3.11	12739300	41609740.00
20160712	3.10	3.17	3.10	3.17	21680400	71271704.00
20160713	3.17	3.21	3.17	3.19	23261700	77735904.00
20160714	3.18	3.23	3.17	3.22	13963900	46760520.00
20160715	3.24	3.24	3.17	3.19	11638400	38995360.00
20160718	3.18	3.19	3.14	3.16	12483700	41405848.00
20160719	3.15	3.18	3.13	3.16	10226300	33745392.00
20160720	3.16	3.17	3.13	3.15	6894700	22795946.00
20160721	3.14	3.20	3.14	3.18	12246500	40731136.00
20160722	3.17	3.18	3.12	3.13	8103200	26735082.00
20160725	3.12	3.16	3.12	3.14	5289900	17419268.00
20160726	3.14	3.17	3.14	3.17	6333100	20943940.00
20160727	3.16	3.20	3.07	3.10	18600963	61092608.00
20160728	3.09	3.18	3.09	3.17	20907933	68776024.00
20160729	3.19	3.24	3.16	3.16	33601837	112748608.00
20160801	3.15	3.16	3.06	3.11	22553142	73255296.00
20160802	3.10	3.11	3.08	3.11	9428806	30587200.00
20160803	3.10	3.13	3.09	3.12	11104055	36239892.00
20160804	3.11	3.16	3.10	3.15	17218245	56511248.00
20160805	3.15	3.16	3.12	3.13	12500295	41047456.00
20160808	3.13	3.16	3.11	3.15	12802656	42018952.00
20160809	3.14	3.18	3.14	3.17	14442800	47860180.00
20160810	3.16	3.20	3.16	3.17	13930400	46338548.00
20160811	3.17	3.18	3.14	3.15	10219279	33792360.00
20160812	3.14	3.20	3.13	3.20	18219782	60500920.00
20160815	3.20	3.28	3.19	3.27	39150170	132976968.00
20160816	3.27	3.29	3.24	3.25	21915995	74665928.00
20160817	3.25	3.25	3.23	3.24	12591187	42661268.00
20160818	3.24	3.26	3.23	3.24	17397909	59016064.00
20160819	3.24	3.27	3.23	3.26	21271442	72296896.00
20160822	3.25	3.26	3.22	3.22	15582100	52832544.00
20160823	3.22	3.24	3.21	3.23	20608500	69516672.00
20160824	3.23	3.24	3.20	3.21	11609400	39152404.00
20160825	3.20	3.21	3.15	3.18	14555300	48380216.00
20160826	3.18	3.21	3.17	3.18	9054800	30245980.00
20160829	3.17	3.20	3.17	3.20	8362227	27932322.00
20160830	3.20	3.22	3.19	3.21	7796874	26147568.00
20160831	3.20	3.24	3.19	3.23	15077869	50716588.00
20160901	3.22	3.23	3.18	3.19	11000279	36891828.00
20160902	3.18	3.21	3.18	3.20	7377056	24658368.00
20160905	3.20	3.22	3.19	3.20	7547136	25284546.00
20160906	3.20	3.22	3.17	3.21	11339537	37958224.00
20160907	3.21	3.24	3.21	3.21	14793830	49877900.00
20160908	3.21	3.22	3.20	3.22	8517300	28616162.00
20160909	3.21	3.22	3.20	3.20	7781707	26128056.00
20160912	3.17	3.17	3.14	3.15	17798236	58790124.00
20160913	3.16	3.17	3.15	3.17	4989492	16502609.00
20160914	3.15	3.16	3.13	3.15	6499399	21433830.00
20160919	3.15	3.17	3.14	3.16	7109373	23499140.00
20160920	3.15	3.17	3.15	3.17	6471216	21397436.00
20160921	3.16	3.18	3.15	3.17	6577652	21808256.00
20160922	3.17	3.19	3.16	3.17	10287600	34231992.00
20160923	3.19	3.21	3.18	3.18	14278751	47724424.00
20160926	3.17	3.19	3.14	3.15	12321080	40917824.00
20160927	3.15	3.17	3.13	3.16	9857874	32531884.00
20160928	3.16	3.17	3.14	3.17	6175143	20403204.00
20160929	3.16	3.19	3.15	3.18	7871709	26152504.00
20160930	3.17	3.18	3.16	3.18	3686840	12245348.00
20161010	3.18	3.21	3.17	3.21	11473264	38338116.00
20161011	3.20	3.22	3.19	3.21	8261897	27731208.00
20161012	3.19	3.21	3.19	3.21	7659358	25653124.00
20161013	3.21	3.24	3.20	3.22	16550253	55750284.00
20161014	3.22	3.23	3.19	3.22	11466019	38510360.00
20161017	3.21	3.26	3.21	3.23	22449847	76140792.00
20161018	3.22	3.29	3.22	3.27	18905655	64397584.00
20161019	3.28	3.29	3.24	3.26	12496928	42543336.00
20161020	3.25	3.26	3.23	3.25	8620529	29244612.00
20161021	3.25	3.26	3.21	3.25	12835184	43479372.00
20161024	3.24	3.28	3.23	3.28	18697118	63849348.00
20161025	3.27	3.29	3.26	3.29	11676414	39983040.00
20161026	3.28	3.29	3.25	3.26	8238507	28153720.00
20161027	3.26	3.27	3.24	3.26	6505625	22166546.00
20161028	3.26	3.27	3.23	3.24	8659200	29441546.00
20161031	3.23	3.25	3.23	3.25	7583926	25708950.00
20161101	3.24	3.27	3.24	3.27	12513000	42654016.00
20161102	3.26	3.29	3.25	3.27	16204500	55516056.00
20161103	3.25	3.31	3.25	3.29	22677429	77986336.00
20161104	3.28	3.31	3.28	3.30	15705400	54151780.00
20161107	3.30	3.36	3.30	3.34	22583296	78749616.00
20161108	3.34	3.36	3.31	3.33	17808578	61998080.00
20161109	3.33	3.34	3.26	3.30	17347324	59722744.00
20161110	3.31	3.35	3.30	3.34	20850919	72411864.00
20161111	3.33	3.38	3.32	3.37	21519529	75338864.00
20161114	3.37	3.39	3.35	3.38	30113210	105889088.00
20161115	3.38	3.38	3.35	3.38	17372303	61100664.00
20161116	3.37	3.38	3.36	3.38	11716900	41250056.00
20161117	3.38	3.41	3.36	3.40	16949900	59902280.00
20161118	3.40	3.44	3.37	3.38	23392200	83357088.00
20161121	3.37	3.48	3.36	3.45	32398100	116231672.00
20161122	3.45	3.46	3.42	3.46	17899723	64255024.00
20161123	3.46	3.48	3.41	3.44	17807106	64098012.00
20161124	3.43	3.45	3.42	3.44	13639300	48932696.00
20161125	3.44	3.48	3.38	3.47	19120700	68470152.00
20161128	3.47	3.55	3.46	3.52	26558100	97147312.00
20161129	3.52	3.52	3.48	3.49	18873400	68926712.00
20161130	3.48	3.49	3.39	3.41	28042200	100368128.00
20161201	3.41	3.44	3.41	3.42	13275206	47457168.00
20161202	3.43	3.44	3.35	3.36	24469176	86629408.00
20161205	3.33	3.38	3.32	3.34	16368800	57216672.00
20161206	3.35	3.36	3.31	3.35	17774700	61974680.00
20161207	3.34	3.42	3.33	3.40	17363700	61246896.00
20161208	3.40	3.40	3.35	3.36	9100500	32067708.00
20161209	3.36	3.41	3.35	3.38	14701900	51889576.00
20161212	3.38	3.40	3.24	3.25	26177221	90548280.00
20161213	3.26	3.33	3.24	3.31	20736260	71404400.00
20161214	3.31	3.33	3.28	3.28	10220480	35293552.00
20161215	3.28	3.31	3.27	3.30	14492058	49832852.00
20161216	3.30	3.32	3.28	3.31	9698627	33530628.00
20161219	3.31	3.33	3.28	3.30	13317563	45976824.00
20161220	3.29	3.30	3.27	3.28	8855322	30423972.00
20161221	3.28	3.33	3.28	3.33	14143532	48939252.00
20161222	3.32	3.37	3.31	3.36	15407479	53970340.00
20161223	3.35	3.36	3.30	3.31	8680306	30182242.00
20161226	3.31	3.33	3.28	3.33	11189656	38644600.00
20161227	3.31	3.33	3.31	3.33	9104258	31593492.00
20161228	3.32	3.33	3.30	3.31	6608200	22893772.00
20161229	3.31	3.32	3.29	3.30	7973900	27543708.00
20161230	3.30	3.32	3.29	3.31	7119100	24617002.00
20170103	3.31	3.35	3.30	3.34	14004305	48742688.00
20170104	3.35	3.39	3.33	3.39	15510528	54521072.00
20170105	3.39	3.42	3.38	3.39	14105084	50075580.00
20170106	3.39	3.39	3.37	3.39	9275026	32754636.00
20170109	3.38	3.42	3.37	3.41	13832709	49105336.00
20170110	3.40	3.48	3.39	3.42	16954837	60630680.00
20170111	3.40	3.42	3.36	3.37	12635500	44722308.00
20170112	3.36	3.39	3.35	3.35	9390304	33050620.00
20170113	3.36	3.36	3.31	3.33	9626866	33594608.00
20170116	3.33	3.33	3.21	3.27	16646695	57027824.00
20170117	3.27	3.30	3.25	3.30	9301174	31874156.00
20170118	3.28	3.31	3.27	3.30	9542689	32855850.00
20170119	3.29	3.34	3.27	3.33	16988819	58840188.00
20170120	3.33	3.35	3.31	3.35	10914321	38066720.00
20170123	3.34	3.37	3.34	3.35	11249345	39428440.00
20170124	3.35	3.37	3.34	3.36	10586677	37089004.00
20170125	3.35	3.37	3.35	3.37	8385130	29468016.00
20170126	3.37	3.38	3.35	3.37	8322056	29251024.00
20170203	3.36	3.37	3.33	3.35	11309170	39523044.00
20170206	3.34	3.38	3.33	3.38	13154496	46089832.00
20170207	3.37	3.38	3.35	3.38	9815797	34499860.00
20170208	3.37	3.39	3.35	3.39	14552294	51243164.00
20170209	3.39	3.42	3.38	3.42	21013024	74737264.00
20170210	3.41	3.47	3.40	3.46	34329859	123561096.00
20170213	3.47	3.50	3.44	3.49	30077526	108655928.00
20170214	3.48	3.49	3.45	3.47	15236012	55088088.00
20170215	3.46	3.51	3.44	3.45	27532430	99673320.00
20170216	3.44	3.53	3.44	3.52	29037368	105764608.00
20170217	3.51	3.53	3.46	3.47	20895925	76070920.00
20170220	3.46	3.57	3.46	3.57	32806000	120886112.00
20170221	3.56	3.60	3.52	3.56	28868907	106802176.00
20170222	3.55	3.72	3.54	3.64	56617663	214245216.00
20170223	3.72	3.72	3.54	3.58	50154864	188182432.00
20170224	3.54	3.59	3.50	3.57	31289000	115331264.00
20170227	3.56	3.57	3.49	3.50	20570900	75589472.00
20170228	3.51	3.53	3.50	3.52	10705501	39241604.00
20170301	3.51	3.55	3.49	3.52	21843448	80241952.00
20170302	3.52	3.54	3.47	3.48	14733486	53770732.00
20170303	3.47	3.49	3.45	3.47	11239505	40654224.00
20170306	3.47	3.52	3.46	3.51	11645854	42464504.00
20170307	3.50	3.51	3.49	3.50	9019000	32927232.00
20170308	3.50	3.50	3.44	3.46	13396559	48525008.00
20170309	3.46	3.46	3.40	3.41	15788927	56437840.00
20170310	3.42	3.43	3.40	3.42	7542087	26926112.00
20170313	3.42	3.46	3.40	3.46	11722029	42009356.00
20170314	3.44	3.47	3.43	3.44	8599926	30939040.00
20170315	3.43	3.44	3.41	3.43	8222289	29421322.00
20170316	3.43	3.50	3.43	3.50	17506864	63496760.00
20170317	3.49	3.51	3.46	3.46	18144563	65993352.00
20170320	3.46	3.49	3.46	3.49	10048600	36401824.00
20170321	3.49	3.50	3.47	3.50	10053400	36547728.00
20170322	3.49	3.49	3.44	3.47	11680740	42216872.00
20170323	3.47	3.49	3.44	3.48	13892210	50369896.00
20170324	3.48	3.55	3.47	3.54	27431200	100729640.00
20170327	3.52	3.61	3.52	3.57	25350232	94350200.00
20170328	3.55	3.56	3.52	3.54	15252166	56228792.00
20170329	3.54	3.91	3.54	3.91	153745923	604388480.00
20170330	3.85	4.03	3.77	3.83	204660276	825629184.00
20170331	3.75	3.78	3.56	3.70	92689036	353063680.00
20170405	3.67	3.80	3.62	3.75	70710990	271181280.00
20170406	3.72	3.82	3.68	3.76	78334048	305670560.00
20170407	3.71	3.73	3.64	3.66	63590705	243121792.00
20170410	3.65	3.70	3.64	3.68	42114986	160841760.00
20170411	3.67	3.81	3.61	3.77	74338900	286292928.00
20170412	3.75	3.97	3.73	3.79	90179500	360911552.00
20170413	3.75	3.85	3.71	3.83	53168994	209236288.00
20170414	3.81	3.83	3.74	3.74	37609235	147518208.00
20170417	3.77	3.80	3.72	3.75	29006013	113439648.00
20170418	3.75	3.76	3.65	3.68	30710071	118624272.00
20170419	3.66	3.80	3.62	3.72	44927418	173479296.00
20170420	3.69	3.77	3.63	3.69	26170937	100537304.00
20170421	3.69	3.71	3.65	3.67	14162874	54147252.00
20170424	3.66	3.67	3.55	3.57	27067400	101275952.00
20170425	3.58	3.62	3.57	3.60	17480800	65389740.00
20170426	3.59	3.68	3.58	3.68	22387900	84886888.00
20170427	3.68	3.75	3.61	3.73	29818600	114269792.00
20170428	3.71	3.75	3.68	3.73	15258072	59043032.00
20170502	3.73	3.82	3.71	3.76	25407479	99547560.00
20170503	3.77	3.78	3.73	3.75	14238285	55552264.00
20170504	3.74	3.75	3.67	3.69	17802000	68672560.00
20170505	3.68	3.70	3.63	3.63	14617700	55660356.00
20170508	3.62	3.69	3.61	3.64	16688800	63375952.00
20170509	3.63	3.71	3.61	3.70	15273300	58207944.00
20170510	3.70	3.72	3.62	3.63	15298800	58482256.00
20170511	3.61	3.74	3.61	3.72	33511100	128389552.00
20170512	3.71	3.78	3.67	3.74	32065764	124195112.00
20170515	3.74	3.78	3.72	3.73	25237643	98489568.00
20170516	3.71	3.78	3.65	3.77	28179375	108978352.00
20170517	3.76	3.79	3.70	3.72	28837803	112255032.00
20170518	3.70	3.73	3.68	3.70	13358300	51437028.00
20170519	3.69	3.71	3.67	3.68	14182335	54357444.00
20170522	3.67	3.68	3.53	3.54	32663300	122790520.00
20170523	3.53	3.60	3.52	3.59	25629000	95458992.00
20170524	3.57	3.60	3.53	3.59	11212200	41697968.00
20170525	3.59	3.64	3.57	3.63	16204300	60947512.00
20170526	3.64	3.66	3.62	3.63	11275800	42758276.00
20170531	3.65	3.67	3.61	3.62	12245504	46397408.00
20170601	3.62	3.63	3.57	3.58	9998585	37453244.00
20170602	3.58	3.64	3.55	3.63	12730640	47736332.00
20170605	3.63	3.67	3.62	3.64	13001129	49389156.00
20170606	3.64	3.70	3.63	3.68	14216502	54218600.00
20170607	3.68	3.74	3.67	3.74	29349045	113545008.00
20170608	3.74	3.74	3.71	3.72	10407048	40305372.00
20170609	3.72	3.75	3.71	3.74	16831471	65325552.00
20170612	3.73	3.82	3.72	3.74	23748100	93133424.00
20170613	3.72	3.74	3.71	3.72	14583362	56497820.00
20170614	3.72	3.78	3.72	3.75	16807352	65603756.00
20170615	3.74	3.77	3.72	3.75	10355110	40328940.00
20170616	3.74	3.84	3.72	3.77	23233842	91132416.00
20170619	3.76	3.83	3.74	3.82	31513252	124486368.00
20170620	3.84	3.86	3.79	3.80	22174342	88061504.00
20170621	3.81	3.83	3.77	3.81	15158721	59809640.00
20170622	3.82	3.84	3.77	3.78	21840388	86511216.00
20170623	3.78	3.79	3.70	3.76	24602998	95818464.00
20170626	3.77	3.85	3.75	3.84	29209446	115736528.00
20170627	3.85	3.85	3.80	3.83	38693676	153885360.00
20170628	3.83	3.85	3.80	3.80	24947450	95367856.00
20170629	3.80	3.82	3.78	3.80	13817302	52422452.00
20170630	3.80	3.81	3.79	3.81	9569018	36347044.00
20170703	3.82	3.83	3.78	3.83	14209860	54130112.00
20170704	3.83	3.83	3.80	3.80	10405640	39649616.00
20170705	3.80	3.83	3.78	3.82	20122759	76573912.00
20170706	3.81	3.87	3.81	3.86	32053417	123225152.00
20170707	3.84	3.86	3.81	3.85	19234178	73680552.00
20170710	3.84	3.88	3.83	3.86	22276300	85800240.00
20170711	3.86	3.87	3.82	3.83	19570982	75350592.00
数据来源:通达信
