600016 民生银行 日线 前复权
      日期	    开盘	    最高	    最低	    收盘	    成交量	    成交额
20111010	3.17	3.19	3.04	3.09	126196311	681606912.00
20111011	3.24	3.27	3.13	3.16	123875437	685305728.00
20111012	3.13	3.44	3.11	3.39	231081193	1319636480.00
20111013	3.34	3.42	3.33	3.39	121875211	701587776.00
20111014	3.40	3.43	3.34	3.42	97231542	560027648.00
20111017	3.42	3.56	3.39	3.46	126807368	746975168.00
20111018	3.42	3.48	3.36	3.37	94437348	546977216.00
20111019	3.38	3.46	3.38	3.41	81615847	473174400.00
20111020	3.39	3.44	3.29	3.36	116971154	670298240.00
20111021	3.38	3.51	3.34	3.45	134538005	786185280.00
20111024	3.47	3.59	3.45	3.57	200847309	1192958208.00
20111025	3.54	3.59	3.52	3.59	158053629	944907520.00
20111026	3.58	3.64	3.54	3.56	216276186	1301775232.00
20111027	3.59	3.66	3.55	3.64	145375575	877419072.00
20111028	3.74	3.81	3.68	3.73	255505645	1580658560.00
20111031	3.70	3.74	3.65	3.68	93523741	572760448.00
20111101	3.65	3.75	3.64	3.68	134501854	825499584.00
20111102	3.60	3.82	3.59	3.81	188610903	1162265088.00
20111103	3.83	3.86	3.73	3.74	208026328	1298799872.00
20111104	3.79	3.81	3.70	3.77	109687077	679950464.00
20111107	3.73	3.76	3.66	3.66	95548371	586442048.00
20111108	3.69	3.73	3.64	3.68	99081197	605028800.00
20111109	3.70	3.72	3.64	3.72	73262581	448391456.00
20111110	3.65	3.70	3.62	3.63	98693813	600347008.00
20111111	3.65	3.66	3.59	3.63	67537535	408400928.00
20111114	3.65	3.72	3.64	3.68	121251176	740686336.00
20111115	3.67	3.67	3.59	3.61	90091787	543416576.00
20111116	3.60	3.62	3.48	3.49	138317619	820652544.00
20111117	3.50	3.54	3.49	3.50	64313971	380600864.00
20111118	3.47	3.53	3.45	3.48	71602418	420849472.00
20111121	3.49	3.50	3.40	3.46	59228943	344958176.00
20111122	3.44	3.54	3.43	3.51	63403506	372641344.00
20111123	3.51	3.54	3.42	3.44	60789072	355275200.00
20111124	3.41	3.52	3.40	3.47	51537235	301631264.00
20111125	3.45	3.47	3.42	3.44	34786734	202615136.00
20111128	3.46	3.48	3.43	3.45	45728765	266869504.00
20111129	3.48	3.54	3.44	3.54	75855226	447486720.00
20111130	3.50	3.53	3.39	3.42	95922205	559819840.00
20111201	3.60	3.68	3.54	3.57	265555636	1603226240.00
20111202	3.55	3.64	3.54	3.61	109561014	658394560.00
20111205	3.63	3.69	3.59	3.63	124326528	754953792.00
20111206	3.61	3.66	3.59	3.63	63700596	385493824.00
20111207	3.64	3.71	3.62	3.69	100572815	614267968.00
20111208	3.69	3.72	3.64	3.69	69269814	423628512.00
20111209	3.67	3.70	3.60	3.63	60971776	369593184.00
20111212	3.61	3.64	3.57	3.61	52205634	314452416.00
20111213	3.59	3.64	3.52	3.53	87596451	525397888.00
20111214	3.51	3.55	3.48	3.51	87230590	514843264.00
20111215	3.49	3.54	3.43	3.44	93541620	548502080.00
20111216	3.44	3.57	3.42	3.54	92197898	541498496.00
20111219	3.49	3.61	3.46	3.61	119549945	708554112.00
20111220	3.61	3.69	3.59	3.59	79957422	484830400.00
20111221	3.64	3.67	3.57	3.57	88129057	532359968.00
20111222	3.58	3.63	3.50	3.60	87580499	524445376.00
20111223	3.59	3.65	3.54	3.59	75027713	451242528.00
20111226	3.56	3.57	3.48	3.49	98854990	584971392.00
20111227	3.48	3.53	3.44	3.48	58045342	341359840.00
20111228	3.47	3.49	3.38	3.44	115513325	671740864.00
20111229	3.42	3.47	3.40	3.44	61422578	357152448.00
20111230	3.45	3.51	3.44	3.49	73356332	430735168.00
20120104	3.54	3.55	3.46	3.47	70526871	415385312.00
20120105	3.47	3.64	3.46	3.56	164240688	983763392.00
20120106	3.56	3.64	3.54	3.61	103442709	619191360.00
20120109	3.59	3.75	3.58	3.74	186985475	1143391616.00
20120110	3.74	3.79	3.69	3.78	178081907	1102145664.00
20120111	3.77	3.79	3.72	3.73	93949807	581992512.00
20120112	3.72	3.84	3.71	3.78	135617720	846758336.00
20120113	3.78	3.84	3.72	3.78	134864435	841730880.00
20120116	3.74	3.81	3.72	3.74	75163221	467583616.00
20120117	3.74	3.88	3.64	3.87	192902657	1200940032.00
20120118	3.84	3.89	3.79	3.80	91847825	578363648.00
20120119	3.83	3.96	3.79	3.95	166922025	1065433856.00
20120120	4.00	4.04	3.92	4.03	166880702	1081917568.00
20120130	4.04	4.04	3.89	3.90	141160194	910829632.00
20120131	3.91	3.97	3.89	3.94	70546631	451691808.00
20120201	3.91	3.96	3.82	3.83	96910689	615890304.00
20120202	3.84	4.00	3.82	3.99	139284882	891355840.00
20120203	3.97	4.08	3.96	4.04	149273063	974835712.00
20120206	4.04	4.10	3.99	4.04	123127023	804658752.00
20120207	4.00	4.00	3.91	3.94	110649454	712873920.00
20120208	3.94	4.09	3.92	4.09	139801969	912881984.00
20120209	4.08	4.09	4.03	4.04	97501338	640754752.00
20120210	4.03	4.09	3.99	4.00	127104745	831105344.00
20120213	3.94	4.01	3.89	3.94	136547775	878230144.00
20120214	3.93	3.94	3.88	3.93	92936456	593085632.00
20120215	3.91	3.99	3.89	3.94	104801472	673198720.00
20120216	3.94	3.96	3.89	3.92	111173115	712176640.00
20120217	3.96	3.97	3.92	3.95	70394819	453121408.00
20120220	4.04	4.06	3.95	3.98	120743795	785612800.00
20120221	3.98	4.00	3.90	3.98	93483898	601557312.00
20120222	3.97	3.99	3.91	3.98	137090584	882125312.00
20120223	3.97	3.99	3.93	3.96	132825901	855496960.00
20120224	3.97	4.04	3.93	4.03	211027275	1364752256.00
20120227	4.04	4.07	4.00	4.00	187409964	1226089472.00
20120228	3.99	4.11	3.99	4.08	203280867	1336723584.00
20120229	4.08	4.10	4.04	4.08	114859041	755909952.00
20120301	4.05	4.10	4.04	4.08	74648819	491895264.00
20120302	4.07	4.17	4.06	4.16	166655874	1108448640.00
20120305	4.17	4.18	4.07	4.09	161121723	1072368000.00
20120306	4.08	4.09	3.99	3.99	132397353	864214016.00
20120307	3.97	4.00	3.93	3.93	90563118	584460736.00
20120308	3.96	3.99	3.93	3.94	110751816	713403136.00
20120309	3.95	3.99	3.92	3.98	102735881	661137088.00
20120312	3.95	3.97	3.86	3.90	149324074	953119680.00
20120313	3.89	3.98	3.89	3.96	95822222	616339968.00
20120314	3.98	4.03	3.88	3.89	199154805	1283026432.00
20120315	3.89	3.97	3.88	3.89	139873922	895466368.00
20120316	3.89	3.92	3.84	3.89	115687082	735037120.00
20120319	3.89	3.89	3.84	3.86	96547742	610554752.00
20120320	3.84	3.86	3.75	3.75	122726919	765520768.00
20120321	3.79	3.80	3.73	3.75	112566694	699525760.00
20120322	3.76	3.86	3.74	3.81	104675085	654985408.00
20120323	3.84	3.88	3.80	3.84	135479583	853703232.00
20120327	3.87	3.89	3.81	3.84	107247316	676108224.00
20120328	3.84	3.84	3.70	3.74	129950574	808772736.00
20120329	3.74	3.74	3.65	3.69	139580192	856707264.00
20120330	3.69	3.82	3.69	3.81	132762711	825801984.00
20120405	3.76	3.84	3.72	3.81	137454551	857085760.00
20120406	3.79	3.83	3.74	3.82	97721020	609066112.00
20120409	3.79	3.80	3.73	3.74	69324501	430117632.00
20120411	3.76	3.81	3.74	3.79	145165073	904461056.00
20120412	3.79	3.92	3.77	3.91	151595797	958740608.00
20120413	3.92	3.93	3.88	3.91	101340150	646649088.00
20120416	3.89	3.93	3.88	3.90	54966547	350366304.00
20120417	3.91	3.92	3.87	3.88	63753666	405797568.00
20120418	3.90	3.98	3.88	3.95	99775126	640681920.00
20120419	3.94	3.99	3.93	3.96	74002706	477392640.00
20120420	3.95	4.04	3.94	4.04	103536590	674425472.00
20120423	4.03	4.05	3.99	3.99	85122017	554499328.00
20120424	3.99	4.17	3.98	4.07	210406557	1387249408.00
20120425	4.07	4.12	4.04	4.08	86213466	567346368.00
20120426	4.12	4.15	4.04	4.09	112711209	744097728.00
20120427	4.11	4.16	4.09	4.13	122416241	814439552.00
20120502	4.20	4.29	4.17	4.25	243517965	1651386752.00
20120504	4.23	4.29	4.17	4.27	170153903	1152718464.00
20120507	4.24	4.29	4.21	4.27	129704681	881218560.00
20120508	4.25	4.28	4.19	4.23	143911302	975890688.00
20120509	4.20	4.23	4.15	4.19	127697057	858097024.00
20120510	4.18	4.20	4.09	4.13	104619711	698567040.00
20120511	4.12	4.19	4.11	4.12	66689385	445406784.00
20120514	4.16	4.17	4.10	4.10	89206117	593977408.00
20120515	4.09	4.10	4.03	4.07	95922791	629786624.00
20120516	4.07	4.07	3.94	3.97	96380282	626985792.00
20120517	3.97	4.08	3.95	4.04	80879554	527294080.00
20120518	4.00	4.03	3.96	4.00	89305898	579814976.00
20120521	3.99	4.08	3.99	4.05	66183957	433091872.00
20120522	4.09	4.14	4.05	4.12	69664038	460921312.00
20120523	4.11	4.12	4.02	4.04	70750346	465308480.00
20120524	4.04	4.05	3.89	3.92	149143078	962694272.00
20120525	3.93	3.94	3.82	3.86	129567260	820637376.00
20120528	3.85	3.93	3.83	3.92	106006694	673434816.00
20120529	3.92	3.99	3.87	3.98	115147484	738332480.00
20120530	3.97	3.97	3.88	3.94	111367679	711903360.00
20120531	3.89	3.92	3.88	3.89	63659215	405909728.00
20120601	3.89	3.93	3.86	3.87	85792039	545354368.00
20120604	3.82	3.83	3.71	3.72	117021619	729094464.00
20120605	3.74	3.82	3.69	3.79	98406019	611414912.00
20120606	3.79	3.87	3.79	3.83	73418676	461977184.00
20120607	3.88	3.90	3.82	3.84	68397956	432317568.00
20120608	3.84	3.84	3.62	3.65	267299383	1630720896.00
20120611	3.67	3.68	3.60	3.63	114511163	694715904.00
20120612	3.64	3.65	3.57	3.61	114636554	690534784.00
20120613	3.63	3.68	3.60	3.67	80242679	487440384.00
20120614	3.66	3.66	3.58	3.59	80871167	488490336.00
20120618	3.74	3.74	3.68	3.70	125152553	769259136.00
20120619	3.71	3.79	3.69	3.76	111866708	691496320.00
20120620	3.77	3.85	3.76	3.81	94087364	590924736.00
20120621	3.82	3.82	3.74	3.79	66800802	415379808.00
20120625	3.75	3.84	3.75	3.80	145128284	909893376.00
20120626	3.80	3.84	3.79	3.81	69251467	413714016.00
20120627	3.81	3.84	3.73	3.76	73217112	434191968.00
20120628	3.75	3.77	3.69	3.73	62350791	365752448.00
20120629	3.74	3.85	3.74	3.83	101744092	607708224.00
20120702	3.84	3.85	3.78	3.82	59399567	354751008.00
20120703	3.82	3.94	3.80	3.88	87509953	530653760.00
20120704	3.90	3.96	3.88	3.92	70265585	428750048.00
20120705	3.90	3.92	3.87	3.90	50020783	303495328.00
20120706	3.82	3.89	3.77	3.87	114176769	684213312.00
20120709	3.84	3.88	3.68	3.71	120380677	713560832.00
20120710	3.71	3.75	3.70	3.73	55235954	324336512.00
20120711	3.73	3.76	3.70	3.74	51338141	301962208.00
20120712	3.73	3.79	3.67	3.74	91654804	537131904.00
20120713	3.74	3.86	3.74	3.81	69005715	411372608.00
20120716	3.83	3.84	3.76	3.79	67614764	402660288.00
20120717	3.78	3.85	3.78	3.84	71100732	426454176.00
20120718	3.85	3.85	3.74	3.80	64180339	381513440.00
20120719	3.79	3.82	3.74	3.79	65554811	389620096.00
20120720	3.78	3.79	3.75	3.77	40600009	240234528.00
20120723	3.73	3.73	3.67	3.69	63516336	370288640.00
20120724	3.67	3.73	3.66	3.67	52040168	302628960.00
20120725	3.67	3.71	3.66	3.67	39274604	228177392.00
20120726	3.69	3.69	3.60	3.64	52589900	303147040.00
20120727	3.66	3.79	3.64	3.71	79837953	468251744.00
20120730	3.72	3.80	3.72	3.75	79298293	469784544.00
20120731	3.78	3.85	3.77	3.84	114718993	687224448.00
20120801	3.84	3.89	3.80	3.84	60040358	360565248.00
20120802	3.84	3.87	3.83	3.85	60043896	360892288.00
20120803	3.86	3.87	3.81	3.83	41357627	247982112.00
20120806	3.84	3.86	3.81	3.84	62237534	372966016.00
20120807	3.83	3.84	3.81	3.82	42939118	257148608.00
20120808	3.84	3.89	3.83	3.85	53881288	324756096.00
20120809	3.85	3.87	3.83	3.86	36425324	219164496.00
20120810	3.89	3.94	3.87	3.89	70840691	431373216.00
20120813	3.89	3.91	3.86	3.88	56161253	340486112.00
20120814	3.88	3.92	3.87	3.89	40606797	246268912.00
20120815	3.89	3.90	3.78	3.79	54541743	326303584.00
20120816	3.79	3.80	3.76	3.78	31837909	188958976.00
20120817	3.78	3.83	3.77	3.81	45189645	268942656.00
20120820	3.78	3.79	3.72	3.77	30881111	181990576.00
20120821	3.76	3.79	3.74	3.76	47828421	282428000.00
20120822	3.75	3.75	3.69	3.71	60555266	354588544.00
20120823	3.72	3.76	3.68	3.74	51762337	303731904.00
20120824	3.75	3.75	3.71	3.73	57527247	337841024.00
20120827	3.73	3.76	3.69	3.71	62992835	369654592.00
20120828	3.72	3.81	3.71	3.80	59997586	355181568.00
20120829	3.79	3.84	3.78	3.82	51170233	305682400.00
20120830	3.79	3.86	3.79	3.84	86467742	519001888.00
20120831	3.83	3.84	3.80	3.81	50533799	302451488.00
20120903	3.82	3.84	3.78	3.78	65111151	378490912.00
20120904	3.78	3.80	3.67	3.69	106403982	607962048.00
20120905	3.69	3.69	3.45	3.52	229946446	1257106560.00
20120906	3.54	3.70	3.49	3.69	234683865	1307072128.00
20120907	3.68	3.87	3.67	3.82	176289969	1020580416.00
20120910	3.81	3.83	3.73	3.76	101774461	585456192.00
20120911	3.74	3.74	3.69	3.74	42064242	239876256.00
20120912	3.76	3.78	3.69	3.73	52896718	302340768.00
20120913	3.70	3.72	3.67	3.69	42066406	238996224.00
20120914	3.72	3.76	3.67	3.74	62235242	355729664.00
20120917	3.73	3.73	3.67	3.67	44751814	254415440.00
20120918	3.64	3.65	3.54	3.58	60451857	336324672.00
20120919	3.58	3.59	3.54	3.56	42401791	233970784.00
20120920	3.54	3.55	3.50	3.52	60247550	330486464.00
20120921	3.50	3.56	3.48	3.54	49295782	270369568.00
20120924	3.50	3.57	3.48	3.57	65901125	360108800.00
20120925	3.55	3.58	3.53	3.54	28862297	158921600.00
20120926	3.52	3.55	3.49	3.52	25143424	137624128.00
20120927	3.54	3.79	3.49	3.63	82694369	462647936.00
20120928	3.59	3.69	3.55	3.67	77548107	433353824.00
20121008	3.65	3.69	3.61	3.64	54319790	305956000.00
20121009	3.67	3.77	3.67	3.74	88116809	504939104.00
20121010	3.74	3.77	3.70	3.72	51742100	295875328.00
20121011	3.71	3.74	3.67	3.74	50904656	290267264.00
20121012	3.74	3.81	3.74	3.78	72173683	417648928.00
20121015	3.79	3.80	3.74	3.78	38256077	220684512.00
20121016	3.78	3.83	3.76	3.82	69517388	404252576.00
20121017	3.83	3.84	3.80	3.84	86603807	505550176.00
20121018	3.84	3.94	3.83	3.93	112824442	669186816.00
20121019	3.92	3.96	3.91	3.96	95275411	570207424.00
20121022	3.94	4.04	3.93	4.04	110366953	666012032.00
20121023	4.04	4.06	3.98	3.98	85007147	516359296.00
20121024	3.96	3.99	3.93	3.93	71452446	428293088.00
20121025	3.93	3.95	3.90	3.94	66287257	395628000.00
20121026	3.94	3.96	3.89	3.94	92988322	553908160.00
20121029	3.93	4.01	3.91	3.99	69747353	419287168.00
20121030	3.98	4.01	3.92	3.93	78529303	470737472.00
20121031	3.94	4.00	3.90	3.98	80480293	483582304.00
20121101	3.98	4.09	3.97	3.99	160431622	976304512.00
20121102	3.99	4.04	3.99	4.04	64237361	390318656.00
20121105	4.04	4.10	4.03	4.09	75754549	464889056.00
20121106	4.09	4.09	4.04	4.09	73132858	447637472.00
20121107	4.08	4.10	4.04	4.09	89540207	548660928.00
20121108	4.04	4.09	4.03	4.04	92993651	568180096.00
20121109	4.04	4.09	4.03	4.05	51684971	316115520.00
20121112	4.05	4.16	4.05	4.15	115007170	710095744.00
20121113	4.14	4.15	4.03	4.08	80671924	495110208.00
20121114	4.06	4.13	4.05	4.09	69700868	429752704.00
20121115	4.07	4.09	4.04	4.07	62695600	383810592.00
20121116	4.05	4.06	4.03	4.04	73902880	450634912.00
20121119	4.03	4.07	4.01	4.04	91697553	559100096.00
20121120	4.04	4.07	4.01	4.02	37982810	231432848.00
20121121	4.02	4.06	4.00	4.05	63276307	385078944.00
20121122	4.04	4.07	4.02	4.07	45378358	276698240.00
20121123	4.08	4.10	4.04	4.04	96343863	591372096.00
20121126	4.04	4.09	4.03	4.08	50162949	306662240.00
20121127	4.08	4.15	4.07	4.14	117924628	731972672.00
20121128	4.11	4.19	4.11	4.19	100968344	630776000.00
20121129	4.19	4.20	4.16	4.18	89909864	563936064.00
20121130	4.16	4.21	4.16	4.20	76659162	481125856.00
20121203	4.20	4.21	4.12	4.12	85134341	531498912.00
20121204	4.11	4.21	4.10	4.19	84499996	528654144.00
20121205	4.20	4.48	4.19	4.43	272925135	1779779072.00
20121206	4.43	4.48	4.40	4.45	89073617	586409280.00
20121207	4.48	4.67	4.44	4.67	205327363	1386471296.00
20121210	4.69	4.85	4.64	4.81	217479495	1507717120.00
20121211	4.79	4.83	4.68	4.71	200925578	1403832832.00
20121212	4.70	4.81	4.68	4.80	226122382	1567158528.00
20121213	4.79	4.79	4.69	4.70	222424628	1538593664.00
20121214	4.69	5.22	4.69	5.19	361845656	2599630080.00
20121217	5.24	5.38	5.11	5.21	245348190	1845136896.00
20121218	5.19	5.39	5.13	5.23	232054858	1758920704.00
20121219	5.23	5.34	5.14	5.22	188552132	1412961792.00
20121220	5.17	5.21	5.08	5.15	219312240	1624182272.00
20121221	5.16	5.17	5.01	5.07	213513330	1565215360.00
20121224	5.08	5.24	5.07	5.13	147024177	1094176640.00
20121225	5.09	5.50	5.07	5.42	242466861	1863290880.00
20121226	5.43	5.44	5.32	5.42	152976378	1178801408.00
20121227	5.42	5.49	5.21	5.33	241887997	1851557888.00
20121228	5.32	5.42	5.28	5.38	149118825	1144263040.00
20121231	5.39	5.53	5.38	5.51	216576436	1688135680.00
20130104	5.71	5.77	5.48	5.61	285152831	2283631872.00
20130107	5.58	5.92	5.57	5.89	210150795	1718001280.00
20130108	5.91	5.92	5.71	5.79	151430552	1242015232.00
20130109	5.75	5.85	5.70	5.78	128960387	1053599744.00
20130110	5.77	5.89	5.69	5.74	126197735	1035333952.00
20130111	5.75	5.80	5.60	5.64	174120775	1408533120.00
20130114	5.62	6.09	5.59	6.09	250216183	2087180928.00
20130115	6.08	6.15	6.02	6.13	140939098	1206861824.00
20130116	6.10	6.13	5.90	6.08	135654262	1153615616.00
20130117	6.04	6.08	5.93	6.00	120526519	1018838272.00
20130118	6.05	6.34	6.05	6.28	173534881	1512898560.00
20130121	6.29	6.48	6.19	6.47	205867882	1818235136.00
20130122	6.43	6.55	6.25	6.36	249060601	2235043328.00
20130123	6.30	6.64	6.29	6.63	203363307	1825155456.00
20130124	6.63	6.94	6.55	6.71	304905181	2856003328.00
20130125	6.69	6.76	6.59	6.74	130079817	1206324992.00
20130128	6.74	7.34	6.74	7.29	315832381	3085896192.00
20130129	7.32	7.71	7.21	7.51	361063210	3679056896.00
20130130	7.52	7.63	7.39	7.59	241639786	2479537664.00
20130131	7.59	7.65	7.42	7.55	172906784	1776599168.00
20130201	7.50	8.36	7.44	8.32	362670464	3895720960.00
20130204	8.32	8.84	8.29	8.57	512477993	5885585408.00
20130205	8.44	8.74	8.41	8.72	346947217	4018491136.00
20130206	8.70	8.89	8.49	8.71	247862496	2891281408.00
20130207	8.67	8.68	7.92	8.13	572384251	6342382592.00
20130208	8.03	8.12	7.66	7.73	574655950	6118022144.00
20130218	7.85	7.92	7.61	7.64	351712969	3714770944.00
20130219	7.62	7.83	7.58	7.74	310641765	3261308160.00
20130220	7.76	7.76	7.41	7.62	351481661	3626361088.00
20130221	7.58	7.58	6.97	7.10	585360981	5791433728.00
20130222	7.10	7.14	6.82	6.88	391087184	3763630336.00
20130225	6.94	7.10	6.86	6.96	354146105	3406278912.00
20130226	6.84	7.38	6.77	7.01	676376092	6654008320.00
20130227	7.03	7.27	6.99	7.15	368180600	3610826752.00
20130228	7.29	7.61	7.06	7.59	472325989	4763104768.00
20130301	7.57	7.63	7.25	7.44	374031888	3811471360.00
20130304	7.19	7.19	6.79	6.87	381455272	3668424704.00
20130305	6.88	7.49	6.87	7.46	393978503	3894429184.00
20130306	7.50	7.92	7.39	7.75	484117026	5073197568.00
20130307	7.67	7.89	7.42	7.62	393726038	4120534016.00
20130308	7.63	7.87	7.54	7.76	329909581	3478503936.00
20130311	7.71	7.74	7.41	7.48	232264568	2396112640.00
20130312	7.45	7.53	6.92	7.08	407949557	4014156032.00
20130313	7.10	7.24	7.06	7.11	243176536	2388775168.00
20130314	7.09	7.33	7.00	7.18	276041107	2725832704.00
20130315	7.13	7.66	7.06	7.29	375168009	3790462976.00
20130318	7.25	7.46	7.16	7.34	222540875	2240078848.00
20130319	7.34	7.59	7.28	7.55	227835152	2320414464.00
20130320	7.56	8.14	7.56	8.13	439106651	4719516672.00
20130321	8.13	8.21	7.96	8.08	247124548	2706084096.00
20130322	8.05	8.17	7.99	8.04	149485494	1637021824.00
20130325	8.11	8.31	8.09	8.13	224682266	2491383296.00
20130326	8.06	8.09	7.64	7.71	287550256	3041949440.00
20130327	7.72	7.95	7.62	7.75	216312846	2290762240.00
20130328	7.21	7.24	6.88	6.98	617429357	5971726848.00
20130329	6.93	7.05	6.73	6.99	410647393	3882163712.00
20130401	6.92	7.09	6.87	7.03	190127187	1837078400.00
20130402	7.03	7.14	6.89	6.99	186456606	1799371520.00
20130403	7.00	7.12	6.97	7.03	135990061	1317085184.00
20130408	6.78	6.99	6.72	6.95	142609332	1353360896.00
20130409	6.98	7.12	6.97	7.04	138587856	1345625344.00
20130410	7.03	7.07	6.89	6.99	123567418	1188576128.00
20130411	7.08	7.10	6.99	7.00	112404120	1088158080.00
20130412	7.01	7.06	6.94	6.96	142640167	1378710656.00
20130415	6.94	7.04	6.93	7.00	121961588	1175505152.00
20130416	6.94	6.96	6.46	6.89	275167496	2561219584.00
20130417	6.79	6.84	6.54	6.67	205816264	1901909888.00
20130418	6.50	6.83	6.40	6.75	219540410	2015434368.00
20130419	6.75	7.44	6.72	7.39	357576201	3510119936.00
20130422	7.29	7.59	7.25	7.49	248925496	2538537728.00
20130423	7.54	7.56	7.09	7.09	195215169	1933690368.00
20130424	7.09	7.54	7.02	7.40	181914084	1818043264.00
20130425	7.30	7.38	7.14	7.24	137881691	1371449344.00
20130426	7.27	7.35	7.07	7.14	95530352	948186816.00
20130502	7.06	7.29	6.92	7.29	125145697	1223751040.00
20130503	7.31	7.71	7.30	7.49	233370051	2402462208.00
20130506	7.50	7.69	7.48	7.52	150602081	1557263104.00
20130507	7.50	7.59	7.40	7.59	120425806	1234112768.00
20130508	7.67	7.79	7.52	7.60	185766925	1941947392.00
20130509	7.59	7.62	7.43	7.59	127478031	1311093504.00
20130510	7.59	7.73	7.54	7.59	101803598	1057218880.00
20130513	7.61	7.65	7.49	7.54	86639866	892525504.00
20130514	7.48	7.51	7.34	7.39	112116965	1135994624.00
20130515	7.40	7.49	7.35	7.41	74792094	757073344.00
20130516	7.38	7.69	7.28	7.67	217281403	2232269568.00
20130517	7.63	7.74	7.54	7.69	179853824	1874681344.00
20130520	7.75	8.06	7.65	7.89	224245835	2402745088.00
20130521	7.88	7.93	7.74	7.84	124500765	1325884032.00
20130522	7.82	7.90	7.76	7.83	96668455	1029298304.00
20130523	7.78	7.85	7.61	7.64	132496117	1391197696.00
20130524	7.69	7.83	7.59	7.65	106908606	1118294912.00
20130527	7.63	7.71	7.59	7.67	82157997	858378432.00
20130528	7.66	7.93	7.59	7.91	156179023	1647485440.00
20130529	7.91	8.02	7.80	7.82	118141536	1268836224.00
20130530	7.79	7.84	7.68	7.72	106978214	1127817728.00
20130531	7.73	7.77	7.57	7.68	149615875	1561438592.00
20130603	7.70	7.74	7.54	7.61	115549699	1202285696.00
20130604	7.59	7.64	7.49	7.53	93557230	962647936.00
20130605	7.51	7.51	7.34	7.38	117771217	1194975616.00
20130606	7.34	7.36	7.19	7.29	136585291	1361001728.00
20130607	7.29	7.35	7.25	7.29	120666061	1205667456.00
20130613	7.13	7.21	6.89	7.19	189115768	1847932672.00
20130614	7.20	7.29	7.16	7.26	108141850	1074710784.00
20130617	7.30	7.35	7.19	7.22	99336461	987183360.00
20130618	7.24	7.35	7.22	7.25	93114498	929560000.00
20130619	7.19	7.19	7.04	7.09	102233480	996460032.00
20130620	7.04	7.04	6.56	6.70	152527260	1426264192.00
20130621	6.53	6.87	6.36	6.84	184857233	1706800768.00
20130624	6.74	6.74	6.05	6.05	249091825	2158574080.00
20130625	5.82	6.04	5.34	5.99	389102190	3113881856.00
20130626	6.00	6.00	5.64	5.88	302426417	2471894784.00
20130627	5.88	6.02	5.81	5.93	171402745	1398738560.00
20130628	5.87	6.29	5.84	6.23	234616396	1983292416.00
20130701	6.16	6.29	6.05	6.24	133709591	1134213120.00
20130702	6.22	6.25	6.02	6.15	146425373	1232894080.00
20130703	6.09	6.14	5.94	6.12	138729820	1155464576.00
20130704	6.04	6.24	5.99	6.15	112073858	942882880.00
20130705	6.13	6.23	6.11	6.16	96451145	819301760.00
20130708	6.07	6.16	5.96	6.08	101154709	847658304.00
20130709	6.08	6.13	6.04	6.09	57916087	486648800.00
20130710	6.08	6.29	6.04	6.25	94082229	800032000.00
20130711	6.42	6.97	6.34	6.96	326850234	3015889664.00
20130712	6.92	7.01	6.54	6.68	220870041	2055752192.00
20130715	6.72	6.93	6.59	6.72	145173736	1330815232.00
20130716	6.67	6.74	6.59	6.74	103461603	939063296.00
20130717	6.71	6.79	6.60	6.62	80689830	735162368.00
20130718	6.59	6.64	6.31	6.36	142644404	1252190720.00
20130719	6.36	6.40	6.09	6.09	182287874	1551079040.00
20130722	5.96	6.13	5.79	6.10	125572855	1040285696.00
20130723	6.13	6.46	6.04	6.29	132514580	1145735808.00
20130724	6.20	6.27	6.06	6.14	122092445	1030897600.00
20130725	6.17	6.27	6.06	6.09	69882499	591833984.00
20130726	6.08	6.14	6.02	6.09	91447177	768523456.00
20130729	5.99	5.99	5.83	5.88	105955214	865574144.00
20130730	5.89	6.16	5.88	5.98	85768199	713654912.00
20130731	6.09	6.26	5.95	5.99	67869674	567301504.00
20130801	6.08	6.18	6.00	6.14	97348250	819839552.00
20130802	6.26	6.34	6.05	6.10	90693757	772459008.00
20130805	6.13	6.18	6.04	6.17	79536176	671812544.00
20130806	6.13	6.23	6.04	6.16	95022793	802282880.00
20130807	6.14	6.38	6.11	6.20	113249191	974719872.00
20130808	6.17	6.29	6.14	6.16	70446416	600214720.00
20130809	6.21	6.25	5.99	6.10	78879227	664781056.00
20130812	6.13	6.54	6.13	6.49	241863215	2116199808.00
20130813	6.49	6.67	6.45	6.63	184717464	1661043968.00
20130814	6.63	6.87	6.58	6.60	166842803	1525361792.00
20130815	6.59	6.75	6.48	6.49	99366177	896898432.00
20130816	6.49	7.24	6.34	6.60	323875036	2976145920.00
20130819	6.50	6.98	6.49	6.90	209646697	1928567936.00
20130820	6.88	7.13	6.78	6.89	186279405	1760269184.00
20130821	6.97	6.97	6.72	6.81	91671340	848416064.00
20130822	6.76	7.04	6.74	6.84	110285240	1034170304.00
20130823	6.92	6.96	6.59	6.72	109218920	1002647936.00
20130826	6.72	6.95	6.66	6.86	111664017	1038947584.00
20130827	6.84	6.94	6.74	6.80	82932385	769466112.00
20130828	6.71	6.79	6.59	6.70	87785814	801778240.00
20130829	6.79	6.84	6.64	6.69	75938874	694831168.00
20130830	6.69	6.74	6.55	6.61	121258150	1096749440.00
20130902	6.70	6.81	6.62	6.68	120386017	1099548928.00
20130903	6.76	6.96	6.72	6.84	172591863	1610673664.00
20130904	6.86	7.03	6.84	6.87	139883381	1316549248.00
20130905	6.89	6.94	6.80	6.89	59706951	558713600.00
20130906	6.88	7.00	6.84	6.94	122526894	1151479552.00
20130909	7.00	7.69	7.00	7.59	410342026	4103041792.00
20130910	7.66	7.67	7.38	7.60	241397678	2405077760.00
20130911	7.62	7.89	7.53	7.55	189872212	1929192192.00
20130912	7.55	7.97	7.43	7.75	293411848	2999735808.00
20130913	7.62	7.66	7.33	7.42	236284721	2336317184.00
20130916	7.48	7.93	7.18	7.70	373354397	3730227968.00
20130917	8.01	8.28	7.68	7.76	469130785	4879507456.00
20130918	7.69	7.85	7.47	7.68	209066942	2110211584.00
20130923	7.71	7.77	7.56	7.68	203546310	2063126400.00
20130924	7.70	7.70	7.27	7.33	197145928	1934357632.00
20130925	7.34	7.50	7.18	7.27	130275151	1268852224.00
20130926	7.22	7.24	7.08	7.13	199647015	1900327040.00
20130927	7.12	7.21	7.03	7.12	108197142	1022255744.00
20130930	7.20	7.20	7.05	7.18	75631325	717266752.00
20131008	7.13	7.30	6.98	7.25	109687146	1044182080.00
20131009	7.23	7.46	7.18	7.34	116215650	1133816320.00
20131010	7.42	7.42	7.13	7.13	86918530	837717312.00
20131011	7.22	7.37	7.10	7.29	142567034	1373395456.00
20131014	7.26	7.29	7.07	7.10	110778152	1049261824.00
20131015	7.11	7.13	6.95	6.98	89280969	834719040.00
20131016	6.96	6.97	6.81	6.84	108158886	990962560.00
20131017	6.89	6.93	6.76	6.78	96870472	882064512.00
20131018	6.80	6.92	6.75	6.83	119326438	1091729152.00
20131021	6.83	6.90	6.72	6.88	97052264	884834816.00
20131022	6.84	6.84	6.68	6.72	112927283	1018310272.00
20131023	6.78	6.96	6.64	6.78	165028514	1505375360.00
20131024	6.73	6.78	6.63	6.64	115586601	1036376704.00
20131025	6.64	6.83	6.61	6.70	187356746	1683887232.00
20131028	6.69	6.70	6.52	6.62	89933173	795537536.00
20131029	6.63	6.99	6.63	6.84	225108449	2059042048.00
20131030	6.87	6.90	6.73	6.87	107496943	983078720.00
20131031	6.73	6.73	6.58	6.68	156844206	1403487872.00
20131101	6.71	6.89	6.67	6.86	136015891	1236837888.00
20131104	6.93	7.01	6.80	6.83	72333980	663715264.00
20131105	6.78	6.81	6.63	6.78	95154016	856604288.00
20131106	6.71	6.71	6.62	6.63	109010674	971237248.00
20131107	6.63	6.68	6.57	6.66	69911486	621997120.00
20131108	6.63	6.67	6.53	6.53	80563361	712759296.00
20131111	6.53	6.62	6.48	6.61	98579871	864875456.00
20131112	6.63	6.70	6.59	6.67	79561145	709537280.00
20131113	6.56	6.58	6.29	6.34	154720419	1330519680.00
20131114	6.31	6.38	6.13	6.33	129464770	1091274368.00
20131115	6.33	6.51	6.27	6.41	141420409	1222939648.00
20131118	6.45	6.68	6.28	6.63	289062734	2523099136.00
20131119	6.60	6.60	6.47	6.49	158108100	1384335872.00
20131120	6.56	6.59	6.43	6.49	123100577	1073343296.00
20131121	6.45	6.45	6.26	6.37	164994558	1407080448.00
20131122	6.42	6.42	6.34	6.35	99955111	858479040.00
20131125	6.31	6.40	6.27	6.31	80315910	686323712.00
20131126	6.31	6.34	6.28	6.28	85807022	729060416.00
20131127	6.28	6.38	6.26	6.33	121329684	1033778112.00
20131128	6.35	6.44	6.32	6.37	98199712	844201280.00
20131129	6.41	6.43	6.37	6.38	73597365	633866368.00
20131202	6.37	6.52	6.31	6.43	271046844	2345693184.00
20131203	6.44	6.44	6.31	6.37	138450512	1185968384.00
20131204	6.34	6.47	6.32	6.39	159725645	1376455936.00
20131205	6.38	6.40	6.33	6.35	93469343	800572224.00
20131206	6.34	6.35	6.30	6.34	82515106	703597760.00
20131209	6.37	6.37	6.27	6.29	101804487	864968256.00
20131210	6.32	6.33	6.26	6.28	132885944	1125206784.00
20131211	6.23	6.24	6.13	6.15	133875078	1118421504.00
20131212	6.13	6.18	6.08	6.12	88136866	731051904.00
20131213	6.09	6.14	6.05	6.11	89430058	737469760.00
20131216	6.13	6.14	6.03	6.03	80946730	665912128.00
20131217	6.06	6.07	5.97	5.99	87638753	715363648.00
20131218	5.98	6.03	5.95	5.98	73113748	593414912.00
20131219	6.01	6.01	5.73	5.78	180862195	1439823872.00
20131220	5.80	5.81	5.58	5.70	175310975	1357350400.00
20131223	5.67	5.68	5.55	5.61	116556170	894706240.00
20131224	5.61	5.66	5.52	5.61	102077142	781673856.00
20131225	5.60	5.62	5.53	5.61	77109062	587753792.00
20131226	5.59	5.60	5.53	5.53	81754189	620859264.00
20131227	5.54	5.65	5.53	5.61	107240184	822762304.00
20131230	5.63	5.64	5.52	5.53	117842730	894205056.00
20131231	5.49	5.68	5.47	5.65	153637921	1176802688.00
20140102	5.61	5.68	5.59	5.66	94240593	725969856.00
20140103	5.62	5.63	5.50	5.56	86647034	658704832.00
20140106	5.56	5.57	5.34	5.38	118070522	876942208.00
20140107	5.32	5.36	5.25	5.31	77119177	563210048.00
20140108	5.30	5.38	5.26	5.33	94659715	692994496.00
20140109	5.31	5.37	5.28	5.31	74121239	543153664.00
20140110	5.29	5.36	5.26	5.33	71326489	522497376.00
20140113	5.33	5.36	5.26	5.30	72069188	525818208.00
20140114	5.30	5.35	5.27	5.33	54382485	397312864.00
20140115	5.32	5.33	5.27	5.28	46741959	340548576.00
20140116	5.31	5.31	5.24	5.25	59344833	431063872.00
20140117	5.23	5.23	5.10	5.10	93640214	664912448.00
20140120	5.08	5.08	4.97	5.01	95586058	664174912.00
20140121	5.01	5.08	4.99	5.05	65796112	459347840.00
20140122	5.05	5.19	5.03	5.18	91056533	646539584.00
20140123	5.18	5.18	5.08	5.09	85076609	601415296.00
20140124	5.07	5.13	5.03	5.10	75005976	529057920.00
20140127	5.05	5.13	4.98	5.09	88296952	620036672.00
20140128	5.11	5.22	5.10	5.21	94876370	677471872.00
20140129	5.22	5.40	5.18	5.37	125008685	917888448.00
20140130	5.34	5.39	5.31	5.33	74464286	548243904.00
20140207	5.27	5.29	5.20	5.26	67131708	485423040.00
20140210	5.30	5.38	5.26	5.36	99010437	726592704.00
20140211	5.36	5.67	5.32	5.58	223935574	1703312768.00
20140212	5.58	5.81	5.58	5.68	233110870	1814737664.00
20140213	5.68	6.08	5.63	5.94	324210573	2595551488.00
20140214	5.93	5.94	5.83	5.88	107563280	859629888.00
20140217	5.89	5.94	5.71	5.76	136650656	1073312192.00
20140218	5.72	5.76	5.63	5.67	90486170	702085824.00
20140219	5.66	5.98	5.66	5.88	172870239	1372539520.00
20140220	5.90	6.03	5.71	5.72	149448542	1193464576.00
20140221	5.73	5.79	5.55	5.61	92239741	709848384.00
20140224	5.53	5.53	5.31	5.40	121192051	898079808.00
20140225	5.38	5.46	5.26	5.30	85845425	633399680.00
20140226	5.23	5.38	5.22	5.33	111312002	813049664.00
20140227	5.34	5.63	5.27	5.53	187961070	1410160256.00
20140228	5.46	5.58	5.33	5.49	121084128	908170688.00
20140303	5.45	5.48	5.35	5.44	85320046	633754560.00
20140304	5.39	5.74	5.37	5.65	132075856	1000205952.00
20140305	5.67	5.74	5.49	5.50	113592536	869299072.00
20140306	5.50	5.74	5.48	5.68	152129338	1173884544.00
20140307	5.65	5.87	5.64	5.68	150329524	1179076864.00
20140310	5.63	5.63	5.42	5.43	110724309	836592768.00
20140311	5.39	5.58	5.39	5.43	84153241	630306752.00
20140312	5.41	5.61	5.36	5.51	105115949	792369408.00
20140313	5.59	5.76	5.54	5.58	126199338	974105088.00
20140314	5.56	5.68	5.46	5.50	106562288	810856000.00
20140317	5.55	5.58	5.40	5.48	59608051	447211680.00
20140318	5.48	5.51	5.33	5.37	90094741	668973824.00
20140319	5.33	5.33	5.16	5.24	99700004	717461760.00
20140320	5.20	5.37	5.20	5.22	73541093	535097472.00
20140321	5.18	5.55	5.17	5.52	181018328	1342391936.00
20140324	5.53	5.68	5.47	5.57	143486156	1096737920.00
20140325	5.57	5.61	5.45	5.48	79522772	600820800.00
20140326	5.49	5.53	5.45	5.51	37958340	285728736.00
20140327	5.49	5.92	5.45	5.73	227829107	1776324352.00
20140328	5.72	5.88	5.66	5.76	155452641	1224562816.00
20140331	5.64	5.75	5.51	5.60	147206703	1125465600.00
20140401	5.60	5.64	5.53	5.58	78276184	597294784.00
20140402	5.58	5.73	5.54	5.71	104119133	803364352.00
20140403	5.73	5.79	5.61	5.63	103113156	802065728.00
20140404	5.58	5.73	5.56	5.69	59106364	457184192.00
20140408	5.72	6.08	5.70	6.00	287118575	2313961472.00
20140409	6.00	6.02	5.91	5.93	93490176	756605760.00
20140410	5.93	6.06	5.86	5.97	148066137	1195925760.00
20140411	5.90	6.01	5.86	5.93	121882209	980694272.00
20140414	5.93	5.96	5.87	5.90	46337444	371374848.00
20140415	5.88	5.91	5.73	5.74	82189376	647084864.00
20140416	5.72	5.82	5.68	5.72	69499240	543341696.00
20140417	5.76	5.78	5.64	5.72	60689151	472415200.00
20140418	5.67	5.80	5.57	5.77	156329672	1209953536.00
20140421	5.69	5.76	5.64	5.64	84198105	656395712.00
20140422	5.63	5.88	5.63	5.84	110540559	864315328.00
20140423	5.80	5.85	5.75	5.83	148776246	1178305664.00
20140424	5.80	5.93	5.78	5.80	79643493	634121216.00
20140425	5.84	5.92	5.73	5.73	111324887	880417344.00
20140428	5.76	5.83	5.68	5.78	95623488	750984384.00
20140429	5.79	5.83	5.71	5.83	68826067	541203520.00
20140430	5.80	5.87	5.77	5.78	74805158	592577664.00
20140505	5.73	5.75	5.58	5.68	89994562	695776896.00
20140506	5.65	5.72	5.63	5.67	48531913	375579872.00
20140507	5.67	5.68	5.62	5.63	68030409	524420928.00
20140508	5.63	5.72	5.60	5.61	46831174	361987904.00
20140509	5.65	5.65	5.58	5.59	39927352	306190112.00
20140512	5.63	5.71	5.58	5.67	96540786	746742848.00
20140513	5.67	5.67	5.62	5.63	68097886	525273728.00
20140514	5.63	5.68	5.60	5.62	61138597	470772992.00
20140515	5.62	5.63	5.59	5.59	70527555	541165632.00
20140516	5.60	5.64	5.58	5.62	46711697	359269024.00
20140519	5.59	5.62	5.37	5.40	73326995	550127872.00
20140520	5.43	5.44	5.33	5.36	64990454	479599616.00
20140521	5.33	5.40	5.24	5.38	50103989	369040192.00
20140522	5.38	5.50	5.37	5.39	55704449	416010880.00
20140523	5.40	5.45	5.38	5.43	40972513	304626304.00
20140526	5.46	5.49	5.43	5.46	73804596	552391808.00
20140527	5.46	5.47	5.41	5.42	39716356	296645760.00
20140528	5.42	5.45	5.36	5.43	52433803	389088320.00
20140529	5.43	5.46	5.39	5.40	51082617	381096192.00
20140530	5.40	5.47	5.38	5.43	48703258	362849024.00
20140603	5.43	5.47	5.41	5.42	35322515	263687440.00
20140604	5.42	5.42	5.35	5.38	33892010	250370960.00
20140605	5.38	5.44	5.35	5.43	42683401	317240352.00
20140606	5.44	5.44	5.30	5.38	54167824	399247296.00
20140609	5.33	5.45	5.32	5.37	48830400	361919360.00
20140610	5.42	5.43	5.36	5.43	70074451	520195968.00
20140611	5.41	5.41	5.35	5.37	53825167	397606560.00
20140612	5.37	5.38	5.31	5.33	63932536	469871584.00
20140613	5.33	5.52	5.33	5.43	115382884	859954944.00
20140616	5.44	5.71	5.43	5.62	181344840	1383210752.00
20140617	5.56	5.62	5.53	5.57	91014765	693303744.00
20140618	5.57	5.62	5.56	5.60	54994332	420931200.00
20140619	5.60	5.63	5.53	5.58	56924387	435308096.00
20140620	5.58	5.65	5.57	5.64	52763340	404874432.00
20140623	5.64	5.67	5.55	5.58	43173599	331359456.00
20140624	5.58	5.59	5.53	5.55	62418232	475017280.00
20140625	5.57	5.60	5.50	5.55	41146540	256551072.00
20140626	5.55	5.57	5.51	5.55	80363187	501227392.00
20140627	5.54	5.55	5.48	5.49	64730792	401388128.00
20140630	5.51	5.55	5.49	5.51	65622158	408693792.00
20140701	5.55	5.55	5.50	5.51	41943191	260924624.00
20140702	5.53	5.55	5.49	5.53	40427838	251664224.00
20140703	5.53	5.56	5.50	5.56	67285046	419665696.00
20140704	5.55	5.56	5.50	5.53	68496790	426301120.00
20140707	5.53	5.53	5.50	5.51	39434157	244879056.00
20140708	5.51	5.53	5.48	5.50	65037413	403052160.00
20140709	5.50	5.50	5.40	5.41	69141719	424826304.00
20140710	5.41	5.43	5.29	5.35	94762821	572733056.00
20140711	5.35	5.37	5.32	5.35	51717611	312504320.00
20140714	5.35	5.36	5.28	5.35	78880571	473931168.00
20140715	5.34	5.34	5.31	5.33	77327427	466083968.00
20140716	5.33	5.34	5.29	5.34	56753130	341708384.00
20140717	5.33	5.34	5.28	5.31	55001902	330220640.00
20140718	5.30	5.32	5.28	5.31	63895774	383628544.00
20140721	5.30	5.31	5.23	5.25	75751588	451284480.00
20140722	5.23	5.35	5.21	5.33	102159860	612872064.00
20140723	5.32	5.38	5.31	5.33	95127050	575258752.00
20140724	5.34	5.55	5.32	5.50	250577158	1541968256.00
20140725	5.52	5.56	5.47	5.54	124210628	771959808.00
20140728	5.56	5.97	5.55	5.92	398118038	2601923584.00
20140729	5.94	5.98	5.83	5.91	208190588	1375379072.00
20140730	5.91	5.99	5.85	5.88	155431181	1027819648.00
20140731	5.87	5.96	5.84	5.95	127589508	840303232.00
20140801	5.93	6.00	5.87	5.87	173057222	1147927424.00
20140804	5.87	5.99	5.86	5.99	151611759	1006147264.00
20140805	5.99	6.00	5.88	5.91	134444695	889559936.00
20140806	5.88	5.89	5.75	5.81	150534501	979893248.00
20140807	5.80	5.82	5.68	5.69	124967949	804497664.00
20140808	5.69	5.74	5.66	5.70	86135110	551381120.00
20140811	5.73	5.80	5.70	5.78	99029293	640299712.00
20140812	5.75	5.76	5.69	5.73	104322529	669669632.00
20140813	5.73	5.76	5.65	5.70	100218672	641038208.00
20140814	5.70	5.72	5.61	5.63	116859423	743412992.00
20140815	5.63	5.68	5.59	5.65	112471545	712865920.00
20140818	5.65	5.69	5.60	5.65	113878353	722536448.00
20140819	5.65	5.70	5.62	5.70	139361522	886124928.00
20140820	5.69	5.69	5.64	5.66	78557198	499797504.00
20140821	5.65	5.66	5.56	5.62	103152222	650406464.00
20140822	5.60	5.66	5.60	5.63	97717479	619333056.00
20140825	5.64	5.65	5.57	5.58	68476895	431255200.00
20140826	5.58	5.62	5.56	5.61	95347718	600835712.00
20140827	5.62	5.62	5.56	5.58	59079537	371573280.00
20140828	5.58	5.60	5.49	5.50	88004579	549080704.00
20140829	5.49	5.57	5.48	5.56	70755950	441384576.00
20140901	5.54	5.57	5.49	5.55	115027159	716139712.00
20140902	5.55	5.65	5.51	5.64	167521512	1050991488.00
20140903	5.63	5.70	5.62	5.67	177177030	1128969856.00
20140904	5.68	5.71	5.64	5.70	138618969	883248896.00
20140905	5.72	5.75	5.68	5.74	151632526	973213504.00
20140909	5.75	5.76	5.68	5.70	96577375	618626368.00
20140910	5.68	5.68	5.62	5.63	96706740	613679232.00
20140911	5.62	5.71	5.61	5.65	150595925	956352512.00
20140912	5.62	5.65	5.61	5.65	81336188	514580096.00
20140915	5.63	5.63	5.58	5.61	112374545	708609536.00
20140916	5.62	5.65	5.55	5.57	164849487	1039333312.00
20140917	5.60	5.60	5.55	5.56	122143165	766227712.00
20140918	5.55	5.68	5.53	5.60	154505906	973730752.00
20140919	5.60	5.63	5.57	5.61	112112075	705770624.00
20140922	5.59	5.60	5.46	5.48	152234295	945642752.00
20140923	5.48	5.52	5.47	5.50	91766499	568440000.00
20140924	5.48	5.60	5.46	5.58	208960952	1302472064.00
20140925	5.60	5.62	5.51	5.55	163419495	1023880576.00
20140926	5.54	5.55	5.49	5.53	91293326	567278656.00
20140929	5.53	5.55	5.52	5.54	126343798	787481856.00
20140930	5.54	5.55	5.51	5.54	106822179	665383488.00
20141008	5.56	5.73	5.54	5.72	303653466	1923792256.00
20141009	5.73	5.73	5.67	5.72	189974085	1214740864.00
20141010	5.68	5.69	5.61	5.63	130875736	830203200.00
20141013	5.61	5.62	5.52	5.56	121474837	759289088.00
20141014	5.54	5.60	5.53	5.55	101345227	633837248.00
20141015	5.57	5.61	5.51	5.56	113210225	708648640.00
20141016	5.53	5.65	5.51	5.59	200483157	1260124928.00
20141017	5.58	5.60	5.54	5.58	129508412	811120192.00
20141020	5.60	5.61	5.57	5.60	111198393	699296192.00
20141021	5.60	5.60	5.53	5.54	74036781	463474592.00
20141022	5.54	5.57	5.53	5.54	79301148	495243104.00
20141023	5.54	5.57	5.50	5.52	102363817	638942400.00
20141024	5.52	5.54	5.48	5.51	84763777	526213152.00
20141027	5.48	5.50	5.40	5.42	95275602	584180800.00
20141028	5.42	5.49	5.42	5.48	92995159	571549696.00
20141029	5.49	5.58	5.47	5.55	132140258	821732480.00
20141030	5.54	5.62	5.50	5.57	188548016	1179587328.00
20141031	5.60	5.84	5.57	5.74	533327302	3419034880.00
20141103	5.74	5.75	5.65	5.67	274406052	1752037632.00
20141104	5.67	5.67	5.59	5.61	171581933	1083480064.00
20141105	5.61	5.65	5.56	5.63	138242456	871322880.00
20141106	5.63	5.66	5.60	5.63	109381692	692384128.00
20141107	5.63	5.75	5.60	5.64	307848829	1962236160.00
20141110	6.05	6.20	5.80	5.93	793423465	5263065600.00
20141111	5.99	6.23	5.97	6.10	861561520	5868508160.00
20141112	6.00	6.12	5.95	6.11	374175094	2524230912.00
20141113	6.14	6.33	6.10	6.13	510844907	3530925568.00
20141114	6.08	6.15	6.00	6.07	218664425	1477690880.00
20141117	6.10	6.15	5.85	5.88	283475204	1888834304.00
20141118	5.88	5.89	5.72	5.76	240400887	1557987200.00
20141119	5.75	5.78	5.69	5.75	149441357	961194048.00
20141120	5.72	5.77	5.67	5.74	161363318	1036577216.00
20141121	5.74	5.88	5.68	5.85	228009976	1475529472.00
20141124	5.71	5.89	5.61	5.81	523676831	3375082240.00
20141125	5.77	5.89	5.74	5.87	396369861	2574781440.00
20141126	5.87	6.05	5.84	6.00	548604441	3648671488.00
20141127	6.05	6.15	5.97	6.05	566373501	3829116672.00
20141128	6.08	6.65	6.06	6.63	1259134228	8921138176.00
20141201	6.67	6.99	6.48	6.49	995278191	7374012416.00
20141202	6.75	7.21	6.63	7.21	1444964300	11050961920.00
20141203	7.38	7.98	7.34	7.52	1836898069	15244498944.00
20141204	7.60	8.30	7.41	8.29	1403564678	12005710848.00
20141205	8.35	8.80	7.90	8.39	1646827308	15000566784.00
20141208	8.30	8.65	8.01	8.54	1326329432	12135130112.00
20141209	8.35	8.80	7.62	7.63	1337520107	12126954496.00
20141210	7.69	8.05	7.26	7.94	1121543150	9392618496.00
20141211	7.71	8.20	7.65	7.91	825288054	7159968768.00
20141212	7.85	8.05	7.61	7.72	598016362	5103561216.00
20141215	7.54	7.61	7.31	7.53	569486376	4637135872.00
20141216	7.50	7.92	7.44	7.91	798483073	6692107776.00
20141217	7.95	8.77	7.89	8.77	2313786618	21432940544.00
20141218	9.19	9.29	8.80	8.89	1631355624	15851773952.00
20141219	8.89	9.08	8.60	8.93	1012076552	9659527168.00
20141222	8.79	9.88	8.73	9.81	1906953273	19578636288.00
20141223	9.45	10.40	9.24	9.80	1189845067	12610959360.00
20141224	9.60	10.07	9.28	9.60	965885020	9963641856.00
20141225	10.00	10.30	9.65	10.04	973699272	10414744576.00
20141226	10.14	10.35	9.80	10.20	1118918130	12083848192.00
20141229	10.40	10.84	9.79	10.03	1167333894	12851677184.00
20141230	10.07	10.28	9.82	10.08	746930831	8042287104.00
20141231	10.01	10.25	9.76	10.18	770719306	8292105728.00
20150105	10.17	10.26	9.80	10.08	913887370	9793212416.00
20150106	10.00	10.10	9.58	9.72	896571653	9393249280.00
20150107	9.58	9.91	9.50	9.81	578704528	6022849024.00
20150108	9.91	9.96	9.39	9.50	485168417	4990242304.00
20150109	9.51	10.06	9.42	9.58	768649787	7966614528.00
20150112	9.57	9.68	9.13	9.37	530982399	5332598784.00
20150113	9.37	9.47	9.18	9.22	312574271	3100486656.00
20150114	9.30	9.51	9.23	9.32	366463964	3657445376.00
20150115	9.34	9.62	9.20	9.61	461766800	4646087680.00
20150116	9.61	9.73	9.46	9.59	550566800	5632437248.00
20150119	8.77	9.06	8.57	8.57	796088322	7425297920.00
20150120	8.57	8.92	8.46	8.86	673525263	6304153088.00
20150121	8.87	9.46	8.75	9.36	662277535	6444686336.00
20150122	9.36	9.66	9.27	9.56	530978500	5378543104.00
20150123	9.53	9.86	9.53	9.76	577583151	5967115264.00
20150126	9.84	9.92	9.68	9.87	475265761	4963831808.00
20150127	9.87	9.90	9.28	9.57	419481983	4262981120.00
20150128	9.38	9.56	9.26	9.32	279104129	2786217472.00
20150129	9.12	9.16	8.95	9.01	321400840	3107153408.00
20150130	9.14	9.20	8.82	8.85	390064324	3747023360.00
20150202	8.24	8.74	8.23	8.55	622548129	5679591936.00
20150203	8.58	8.77	8.52	8.74	318330176	2950561536.00
20150204	8.74	8.76	8.50	8.52	222722087	2061440640.00
20150205	8.90	8.98	8.45	8.47	409113937	3830298624.00
20150206	8.44	8.63	8.32	8.45	236736643	2156359680.00
20150209	8.45	8.72	8.41	8.62	263163209	2419981312.00
20150210	8.61	8.80	8.55	8.71	271605910	2530272768.00
20150211	8.71	8.82	8.68	8.73	152280881	1425179136.00
20150212	8.73	8.74	8.53	8.68	165471103	1530808576.00
20150213	8.67	8.81	8.62	8.68	268985131	2509362176.00
20150216	8.67	8.68	8.55	8.60	236974028	2183054080.00
20150217	8.60	8.69	8.60	8.62	134949757	1249718656.00
20150225	8.63	8.63	8.43	8.51	179553461	1638342016.00
20150226	8.48	8.68	8.41	8.65	244481242	2245001472.00
20150227	8.65	8.70	8.58	8.61	178920079	1656329984.00
20150302	8.66	8.67	8.54	8.62	244195490	2249752832.00
20150303	8.57	8.58	8.37	8.38	308253213	2792812032.00
20150304	8.46	8.46	8.28	8.34	198928438	1783976064.00
20150305	8.28	8.32	8.04	8.13	283831910	2487481856.00
20150306	8.12	8.22	8.09	8.14	170561049	1497913216.00
20150309	8.14	8.69	8.03	8.60	516647117	4659816960.00
20150310	8.49	8.51	8.36	8.38	266623631	2409477888.00
20150311	8.38	8.59	8.38	8.41	241368597	2195296000.00
20150312	8.60	8.93	8.49	8.76	621640699	5805733376.00
20150313	8.75	9.01	8.66	8.71	460784763	4349991936.00
20150316	8.71	8.83	8.59	8.77	350546730	3274637824.00
20150317	8.82	8.88	8.71	8.82	402611354	3786934016.00
20150318	8.83	9.02	8.79	9.01	592845774	5650525184.00
20150319	9.01	9.01	8.84	8.89	416405134	3967541504.00
20150320	8.89	9.20	8.78	9.01	594990285	5707678208.00
20150323	9.07	9.18	9.02	9.14	477543400	4644250624.00
20150324	9.12	9.21	9.01	9.05	480539371	4657713664.00
20150325	8.98	9.00	8.75	8.81	398950272	3785983488.00
20150326	8.78	8.95	8.67	8.84	333613704	3147911936.00
20150327	8.85	8.94	8.76	8.89	310386984	2940919296.00
20150330	8.96	9.20	8.89	9.17	606445104	5883942400.00
20150331	9.28	9.43	8.96	9.08	619078606	6108713472.00
20150401	9.06	9.23	9.00	9.14	382834657	3730693888.00
20150402	9.18	9.21	8.95	9.05	403085954	3903769600.00
20150403	8.98	9.12	8.96	9.10	342126680	3307749376.00
20150407	9.18	9.36	9.18	9.32	566390868	5600265216.00
20150408	9.33	9.51	9.18	9.50	765067189	7633787904.00
20150409	9.51	9.75	9.39	9.43	669469672	6797889536.00
20150410	9.43	9.71	9.38	9.66	616295201	6279488512.00
20150413	9.86	9.96	9.70	9.82	625740772	6526984704.00
20150414	9.82	9.82	9.53	9.65	478680211	4917413888.00
20150415	9.65	10.24	9.58	9.94	818396530	8597960704.00
20150416	9.91	10.43	9.79	10.37	809354331	8676408320.00
20150417	10.62	10.64	10.26	10.31	734615436	8112002048.00
20150420	10.41	10.41	9.79	9.83	750478934	8073004544.00
20150421	9.88	10.21	9.83	10.11	481457342	5123569664.00
20150422	10.19	10.36	10.07	10.25	616671388	6678754816.00
20150423	10.25	10.34	9.96	10.07	530523503	5708919808.00
20150424	9.88	10.03	9.63	9.81	475742701	4957635584.00
20150427	9.83	10.13	9.83	10.04	531775360	5650597888.00
20150428	10.05	10.58	9.97	10.28	949274119	10329677824.00
20150429	10.28	10.28	10.03	10.11	462244696	4982746112.00
20150430	10.11	10.23	9.99	10.00	386326049	4144015872.00
20150504	10.00	10.25	9.90	10.21	461144656	4969835008.00
20150505	10.22	10.22	9.86	9.98	522638785	5574787584.00
20150506	10.15	10.44	10.03	10.21	837276450	9125035008.00
20150507	10.13	10.33	10.06	10.13	451538738	4880877568.00
20150508	10.21	10.29	9.74	9.99	463284862	4907527680.00
20150511	9.78	10.03	9.67	10.00	545406470	5699396096.00
20150512	9.98	10.06	9.88	9.98	356349552	3771613696.00
20150513	10.01	10.11	9.74	9.79	341774732	3594496256.00
20150514	9.80	10.07	9.79	9.87	404336089	4259382016.00
20150515	9.78	9.96	9.49	9.56	330847776	3412426496.00
20150518	9.50	9.65	9.32	9.35	273180687	2752405504.00
20150519	9.35	9.72	9.33	9.65	319753533	3258780928.00
20150520	9.68	9.93	9.63	9.72	391518694	4070801664.00
20150521	9.89	9.91	9.59	9.76	214100271	2226318848.00
20150522	9.84	10.04	9.73	10.01	404564405	4276726016.00
20150525	10.06	10.18	10.01	10.16	600567487	6422991872.00
20150526	10.17	10.21	10.01	10.17	461105089	4948429312.00
20150527	10.18	10.27	10.00	10.07	380306159	4081400064.00
20150528	10.07	10.10	9.38	9.43	472747929	4941371904.00
20150529	9.46	9.59	9.23	9.40	379819298	3815392512.00
20150601	9.41	9.85	9.24	9.78	486693437	4970260992.00
20150602	9.76	10.01	9.69	9.89	438933362	4597187584.00
20150603	9.86	9.94	9.65	9.81	390460218	4065165824.00
20150604	9.83	10.20	9.38	9.98	949662400	9990001664.00
20150605	10.17	10.23	9.68	9.92	632704943	6687918592.00
20150608	9.89	10.54	9.81	10.48	1099752495	11935195136.00
20150609	10.53	10.63	10.10	10.24	741548581	8154038784.00
20150610	10.18	10.57	10.07	10.39	678187897	7441705472.00
20150611	10.38	10.43	10.14	10.31	506965647	5537071616.00
20150612	10.37	10.51	10.23	10.37	654091830	7185094144.00
20150615	10.42	10.48	9.78	9.86	682486543	7315319808.00
20150616	9.79	10.00	9.39	9.56	645504858	6674964992.00
20150617	9.67	9.71	9.43	9.58	613511356	6229125120.00
20150618	9.48	9.52	9.01	9.06	677358914	6686074880.00
20150619	8.95	9.15	8.42	8.54	570038959	5398404608.00
20150623	8.56	8.72	8.09	8.70	712235711	6487834112.00
20150624	8.75	9.35	8.65	9.19	858644017	8147663872.00
20150625	9.46	9.51	8.73	8.78	760364429	7482524160.00
20150626	8.61	9.03	8.05	8.46	710873430	6562867712.00
20150629	8.68	9.03	8.18	8.79	996628194	9309568000.00
20150630	8.83	9.44	8.80	9.32	943689505	9229600768.00
20150701	9.13	9.26	8.88	8.94	636689411	6166608384.00
20150702	9.05	9.16	8.53	8.94	686677009	6568562688.00
20150703	9.14	9.14	8.23	8.65	698387674	6591895040.00
20150706	9.33	9.33	8.88	9.24	1210154483	11825240064.00
20150707	9.02	10.22	9.00	10.22	1647837259	16825612288.00
20150708	9.54	10.65	9.15	9.68	1632485815	17093279744.00
20150709	9.68	10.47	9.18	10.08	1052869573	10869227520.00
20150710	9.77	10.80	9.38	9.90	1485345940	15796315136.00
20150713	9.49	9.84	9.28	9.51	914705334	9159634944.00
20150714	9.28	9.38	8.99	9.20	676582415	6555977728.00
20150715	9.14	9.56	9.11	9.54	706123354	6942934016.00
20150716	9.54	9.54	9.19	9.29	404773536	3973577728.00
20150717	9.37	9.42	9.20	9.32	389065077	3816040192.00
20150720	9.25	9.33	9.20	9.22	336668597	3286808832.00
20150721	9.17	9.24	9.06	9.11	281851680	2717841920.00
20150722	9.06	9.15	9.01	9.04	244814456	2342385664.00
20150723	9.02	9.18	8.94	9.14	326235228	3132739328.00
20150724	9.13	9.13	8.92	8.93	430279396	4110407680.00
20150727	8.80	8.92	8.18	8.24	364454434	3339241216.00
20150728	8.14	8.67	8.06	8.60	497893800	4488798208.00
20150729	8.57	8.59	8.43	8.55	232715915	2099998848.00
20150730	8.55	8.66	8.41	8.54	260764407	2356938240.00
20150731	8.58	8.66	8.45	8.58	158071138	1430602112.00
20150803	8.50	8.96	8.47	8.83	293038979	2710127360.00
20150804	8.80	8.98	8.71	8.94	177798880	1670010368.00
20150805	8.85	8.98	8.81	8.82	121166743	1138806528.00
20150806	8.79	8.97	8.77	8.85	121330989	1140580864.00
20150807	8.95	8.96	8.77	8.82	146855258	1375838080.00
20150810	8.73	8.94	8.68	8.93	250378494	2337629184.00
20150811	8.87	8.89	8.75	8.77	161426137	1504814976.00
20150812	8.68	8.76	8.59	8.67	137011304	1259153024.00
20150813	8.75	8.75	8.51	8.61	123210665	1122948608.00
20150814	8.61	8.64	8.53	8.55	106445816	966491840.00
20150817	8.51	8.54	8.41	8.45	113330993	1014732736.00
20150818	8.45	8.56	8.19	8.20	171476254	1527887232.00
20150819	8.32	8.43	8.05	8.42	228822009	1993519872.00
20150820	8.31	8.49	8.21	8.25	147194335	1300332672.00
20150821	8.29	8.43	7.97	8.00	186150453	1626677248.00
20150824	7.77	7.84	7.15	7.41	352847475	2792632576.00
20150825	7.19	7.51	6.63	6.96	373245352	2862890752.00
20150826	7.01	7.43	6.75	7.26	312902050	2392285184.00
20150827	7.39	7.79	7.12	7.75	303650550	2407105024.00
20150828	7.74	7.78	7.53	7.69	212674581	1737097216.00
20150831	7.64	8.09	7.40	8.06	262477772	2147682048.00
20150901	7.80	8.46	7.70	8.40	440562383	3814073344.00
20150902	8.09	8.80	8.05	8.77	522251683	4716634624.00
20150907	8.57	8.57	7.84	7.91	252584540	2191700480.00
20150908	7.84	8.28	7.72	7.96	155104868	1314948736.00
20150909	7.97	8.03	7.89	7.99	136093762	1151730048.00
20150910	7.91	8.13	7.88	8.11	126104722	1075609600.00
20150911	8.04	8.12	8.00	8.08	59208367	507403552.00
20150914	8.06	8.67	7.74	8.57	394909806	3495821312.00
20150915	8.35	8.56	8.24	8.53	208792630	1868352512.00
20150916	8.45	8.64	8.35	8.47	120278392	1079577088.00
20150917	8.40	8.49	8.24	8.25	93643114	829407808.00
20150918	8.24	8.36	8.24	8.25	55935226	493359168.00
20150921	8.20	8.30	8.16	8.25	50901928	445790720.00
20150922	8.24	8.39	8.19	8.27	75167651	663095872.00
20150923	8.23	8.28	8.10	8.10	52796818	458920800.00
20150924	8.15	8.17	8.04	8.07	36279466	312144032.00
20150925	8.07	8.44	7.96	8.30	89963910	779695744.00
20150928	8.19	8.22	8.01	8.10	41078046	355562464.00
20150929	7.94	8.04	7.86	7.96	52630734	443780288.00
20150930	7.96	8.04	7.92	7.94	36763263	312233856.00
20151008	8.13	8.14	7.94	7.97	70530155	602781504.00
20151009	8.02	8.06	7.95	7.99	55643469	473329792.00
20151012	8.01	8.26	7.98	8.14	135062860	1163618560.00
20151013	8.11	8.14	8.06	8.08	59659568	512972928.00
20151014	8.03	8.08	8.01	8.03	40845257	349037632.00
20151015	8.04	8.12	8.00	8.09	84921287	727814016.00
20151016	8.11	8.16	8.05	8.11	109272852	940783872.00
20151019	8.10	8.13	8.04	8.06	85880428	737405760.00
20151020	8.04	8.07	8.02	8.06	69701212	596086208.00
20151021	8.06	8.89	8.03	8.49	247620616	2158251264.00
20151022	8.25	8.42	8.20	8.24	130067006	1140117120.00
20151023	8.22	8.25	8.17	8.22	89185813	777319808.00
20151026	8.27	8.30	8.21	8.24	80923060	709128960.00
20151027	8.24	8.26	8.15	8.18	65855266	572810816.00
20151028	8.14	8.23	8.11	8.13	67097194	581100096.00
20151029	8.12	8.16	8.06	8.07	59244735	510483456.00
20151030	8.07	8.17	8.06	8.09	95322117	822739200.00
20151102	8.05	8.12	8.00	8.02	86256658	738908096.00
20151103	8.06	8.07	8.01	8.03	75306133	643466880.00
20151104	8.03	8.26	8.02	8.23	166982656	1447526656.00
20151105	8.19	8.65	8.18	8.35	334769966	2992415232.00
20151106	8.35	8.43	8.24	8.38	215408183	1903659008.00
20151109	8.43	8.99	8.43	8.62	415402069	3849747200.00
20151110	8.52	8.65	8.50	8.53	203659296	1841776768.00
20151111	8.53	8.53	8.29	8.39	167012993	1487484544.00
20151112	8.43	8.43	8.31	8.37	106187741	942064960.00
20151113	8.31	8.38	8.27	8.28	91859983	810752128.00
20151116	8.19	8.32	8.17	8.31	110505877	967788480.00
20151117	8.31	8.45	8.29	8.32	180974639	1608037504.00
20151118	8.34	8.44	8.21	8.32	168152924	1482333312.00
20151119	8.29	8.39	8.24	8.36	136503647	1203689472.00
20151120	8.35	8.44	8.31	8.38	144674674	1287604864.00
20151123	8.37	8.42	8.29	8.33	95567275	846174272.00
20151124	8.31	8.33	8.25	8.29	69221212	608544000.00
20151125	8.28	8.32	8.23	8.29	55873052	490380288.00
20151126	8.30	8.34	8.24	8.26	63890546	562838976.00
20151127	8.25	8.25	7.91	7.95	138244934	1189332480.00
20151130	7.96	8.16	7.95	8.12	119332315	1023833472.00
20151201	8.13	8.14	8.00	8.06	95548922	819799680.00
20151202	8.06	8.51	8.04	8.43	211013560	1865125888.00
20151203	8.39	8.52	8.31	8.42	202795979	1811217920.00
20151204	8.35	8.44	8.18	8.25	127088092	1121804032.00
20151207	8.27	8.34	8.21	8.30	54072245	476000128.00
20151208	8.25	8.26	8.15	8.19	70233906	611845760.00
20151209	8.18	8.27	8.16	8.20	39270214	342511296.00
20151210	8.22	8.38	8.16	8.19	65873959	577204672.00
20151211	8.15	8.21	8.04	8.20	70065781	606298304.00
20151214	8.14	8.32	8.12	8.29	90032975	786587264.00
20151215	8.28	8.31	8.17	8.18	53806872	469522528.00
20151216	8.19	8.23	8.15	8.16	44154410	383878848.00
20151217	8.17	8.26	8.17	8.23	79162075	691071552.00
20151218	8.22	9.10	8.22	8.56	445641647	4117547008.00
20151221	8.50	9.47	8.47	9.46	856796695	8355864576.00
20151222	9.33	9.35	8.99	9.07	372075202	3591259136.00
20151223	9.09	9.33	8.92	9.01	322611768	3109300736.00
20151224	8.99	9.06	8.74	8.88	174200568	1632623488.00
20151225	8.91	8.96	8.82	8.93	122946337	1155351936.00
20151228	8.89	8.91	8.58	8.63	184243753	1699169920.00
20151229	8.59	8.79	8.56	8.70	123448307	1133945088.00
20151230	8.66	8.97	8.56	8.92	205522210	1898472448.00
20151231	8.84	9.19	8.70	9.13	396416477	3764595968.00
20160104	8.97	9.04	8.50	8.52	83867659	780986240.00
20160105	8.44	8.77	8.39	8.61	109490659	998665344.00
20160106	8.61	8.68	8.51	8.64	80981564	737495360.00
20160107	8.52	8.57	8.03	8.09	24964020	220841488.00
20160108	8.37	8.42	8.04	8.19	109799852	958876992.00
20160111	8.04	8.25	7.89	7.95	129894402	1112802688.00
20160112	8.04	8.09	7.92	7.96	73839466	628626880.00
20160113	8.12	8.14	7.88	7.94	69765193	592961728.00
20160114	7.78	8.02	7.74	7.98	64912167	548471424.00
20160115	7.99	8.02	7.76	7.96	79525278	667566272.00
20160118	7.83	8.00	7.81	7.98	67464910	569514112.00
20160119	7.98	8.07	7.88	8.05	81970211	697741248.00
20160120	7.95	8.12	7.95	8.07	100507196	858275200.00
20160121	8.08	8.24	7.95	7.95	68069944	583015040.00
20160122	8.03	8.05	7.92	7.99	56911327	482951936.00
20160125	7.99	8.01	7.84	8.00	55774965	470105216.00
20160126	7.93	7.98	7.73	7.85	93443436	781318720.00
20160127	7.92	8.10	7.85	8.00	122006401	1036237120.00
20160128	7.97	8.07	7.87	8.02	78669322	665734208.00
20160129	8.07	8.18	7.99	8.08	86358392	743851456.00
20160201	8.07	8.15	7.93	7.99	50738681	431490688.00
20160202	7.95	8.06	7.93	7.98	69701709	591829888.00
20160203	7.89	7.96	7.87	7.93	58023624	487853792.00
20160204	8.01	8.03	7.92	7.95	47773245	404853216.00
20160205	7.96	8.01	7.90	7.92	40529107	342945952.00
20160215	7.83	8.02	7.80	7.95	43368190	365182944.00
20160216	7.95	8.15	7.95	8.07	48506006	416216128.00
20160217	8.06	8.09	8.01	8.05	60983171	522010464.00
20160218	8.09	8.11	7.98	8.08	90595521	774333824.00
20160219	8.03	8.08	7.97	8.00	95510943	814468672.00
20160222	8.07	8.14	8.00	8.09	74535860	639500864.00
20160223	8.07	8.08	7.92	7.96	61741731	524128000.00
20160224	7.94	8.00	7.93	7.99	40819095	345701248.00
20160225	7.98	7.99	7.65	7.70	92241120	770483456.00
20160226	7.75	7.94	7.66	7.87	101455977	836167744.00
20160229	7.82	8.04	7.76	8.01	113035147	943201280.00
20160301	8.00	8.05	7.91	7.99	49264715	414916224.00
20160302	8.06	8.14	8.00	8.12	77290703	658937280.00
20160303	8.15	8.29	8.07	8.26	93355829	803444288.00
20160304	8.21	8.94	8.19	8.89	491036149	4512018944.00
20160307	8.81	8.90	8.67	8.73	121800761	1120412928.00
20160308	8.67	8.93	8.29	8.85	137904131	1247011584.00
20160309	8.57	8.91	8.47	8.90	179947706	1654141440.00
20160310	8.74	8.83	8.58	8.61	81971811	749220992.00
20160311	8.56	8.71	8.43	8.68	86822433	785309376.00
20160314	8.75	8.83	8.50	8.59	93900677	856642688.00
20160315	8.64	8.76	8.52	8.73	71665039	651887424.00
20160316	8.67	9.14	8.64	9.00	340492245	3209502720.00
20160317	9.02	9.04	8.57	8.76	172358071	1590776832.00
20160318	8.75	8.79	8.64	8.69	154331490	1413272832.00
20160321	8.72	8.82	8.68	8.76	86113968	792628800.00
20160322	8.80	8.94	8.71	8.75	86599242	801440064.00
20160323	8.71	8.77	8.68	8.72	49278679	451896384.00
20160324	8.68	8.71	8.64	8.65	56862433	517297856.00
20160325	8.65	8.70	8.65	8.65	35564541	323644192.00
20160328	8.66	8.68	8.42	8.49	75006156	675638336.00
20160329	8.52	8.61	8.48	8.50	56201105	505016384.00
20160330	8.58	8.73	8.53	8.70	75089889	681081728.00
20160331	8.73	8.74	8.62	8.67	34874010	317617024.00
20160401	8.70	8.81	8.54	8.80	94110162	862334336.00
20160405	8.68	8.83	8.57	8.78	70146624	641918144.00
20160406	8.69	8.78	8.57	8.61	104380981	946880128.00
20160407	8.63	8.64	8.54	8.55	57633283	519530368.00
20160408	8.48	8.60	8.45	8.55	41917126	376952960.00
20160411	8.51	8.64	8.51	8.57	49848199	450314688.00
20160412	8.59	8.62	8.55	8.59	33049869	298266592.00
20160413	8.62	8.71	8.58	8.67	113694986	1035536512.00
20160414	8.74	8.74	8.65	8.67	70910543	647034048.00
20160415	8.70	8.82	8.67	8.77	116850044	1075061888.00
20160418	8.67	8.83	8.66	8.75	108633799	1002520832.00
20160419	8.79	8.82	8.71	8.76	84446088	778031936.00
20160420	8.76	8.90	8.49	8.88	159289057	1462074624.00
20160421	8.80	9.14	8.76	8.86	166955094	1570407168.00
20160422	8.81	9.10	8.79	8.96	73060688	687777280.00
20160425	8.88	9.06	8.81	9.00	70294066	662746752.00
20160426	8.96	9.14	8.94	9.02	75849017	715842112.00
20160427	9.06	9.07	8.94	8.95	75642231	713834304.00
20160428	8.99	9.06	8.89	8.93	44022757	414173696.00
20160429	8.92	9.04	8.85	8.86	69704517	653497024.00
20160503	8.87	8.98	8.84	8.94	45857553	429277696.00
20160504	8.86	8.97	8.86	8.94	23346729	218537664.00
20160505	8.91	8.95	8.90	8.92	23339999	218547024.00
20160506	8.92	8.93	8.79	8.82	42386881	394524288.00
20160509	8.81	8.89	8.67	8.78	46376407	428376256.00
20160510	8.69	8.87	8.69	8.82	35271024	326325216.00
20160511	8.84	8.89	8.79	8.84	36948245	342794144.00
20160512	8.83	8.90	8.79	8.83	73296372	679291072.00
20160513	8.79	8.84	8.74	8.75	108521482	1003169344.00
20160516	8.71	8.80	8.71	8.76	33077545	303958048.00
20160517	8.76	8.76	8.63	8.64	56884363	517681184.00
20160518	8.64	8.73	8.58	8.69	138645361	1257228160.00
20160519	8.66	8.67	8.55	8.56	57010744	516598528.00
20160520	8.54	8.60	8.54	8.56	157346359	1416296576.00
20160523	8.56	8.59	8.42	8.43	128147729	1144884224.00
20160524	8.44	8.44	8.22	8.24	217477177	1897145600.00
20160525	8.31	8.43	8.25	8.42	74010107	651147904.00
20160526	8.38	8.46	8.37	8.46	60354785	535720672.00
20160527	8.41	8.50	8.39	8.47	72153268	641621312.00
20160530	8.47	8.52	8.39	8.51	125372463	1120553472.00
20160531	8.52	8.71	8.52	8.65	141216153	1282544000.00
20160601	8.68	8.68	8.53	8.54	107149201	965827200.00
20160602	8.54	8.57	8.48	8.53	50064989	448230880.00
20160603	8.59	8.59	8.47	8.55	62866686	562930880.00
20160606	8.54	8.57	8.49	8.57	52606789	472082688.00
20160607	8.59	8.60	8.54	8.56	48827367	440026560.00
20160608	8.56	8.60	8.54	8.56	95472445	859841664.00
20160613	8.50	8.58	8.49	8.51	85482976	767476160.00
20160614	8.51	8.68	8.47	8.59	83740130	756754112.00
20160615	8.49	8.62	8.48	8.61	79216571	713886208.00
20160616	8.54	8.67	8.53	8.58	56190499	508928032.00
20160617	8.57	8.68	8.57	8.64	57320529	520135968.00
20160620	8.67	8.71	8.55	8.61	27967649	252641616.00
20160621	8.60	8.66	8.58	8.64	42522729	385440064.00
20160622	8.63	8.65	8.59	8.64	30033597	272366848.00
20160623	8.66	8.66	8.59	8.65	39983069	363168128.00
20160624	8.70	8.75	8.51	8.56	56784109	504468192.00
20160627	8.56	8.64	8.54	8.59	61454882	544070272.00
20160628	8.58	8.59	8.54	8.56	45865553	405380768.00
20160629	8.58	8.87	8.53	8.86	174671354	1570743424.00
20160630	8.78	8.82	8.60	8.65	85664445	768581248.00
20160701	8.66	8.71	8.62	8.65	38634089	345519872.00
20160704	8.64	8.80	8.64	8.74	67891487	612648064.00
20160705	8.70	8.74	8.64	8.69	59139024	530861408.00
20160706	8.65	8.68	8.62	8.65	51861600	462836320.00
20160707	8.65	8.70	8.61	8.68	56848500	508193440.00
20160708	8.67	8.69	8.65	8.65	42253300	378027520.00
20160711	8.69	8.75	8.65	8.71	52364500	470815584.00
20160712	8.73	8.87	8.71	8.85	84610700	768638272.00
20160713	8.84	9.25	8.81	8.88	107852900	1002626112.00
20160714	8.90	9.17	8.89	9.02	79780500	742127488.00
20160715	9.03	9.09	8.95	8.97	47959700	446193472.00
20160718	9.07	9.55	9.07	9.26	148707600	1430165760.00
20160719	9.44	9.60	9.07	9.22	107932700	1032839936.00
20160720	9.24	9.26	9.00	9.01	71462900	669749312.00
20160721	9.03	9.11	8.95	9.03	89434800	832431552.00
20160722	9.01	9.07	8.93	8.94	76710400	712636096.00
20160725	8.93	9.00	8.84	8.91	92945200	852286912.00
20160726	8.89	8.97	8.86	8.95	119662200	1101561088.00
20160727	8.94	8.97	8.78	8.96	143041785	1312307456.00
20160728	8.91	8.94	8.83	8.85	70561015	647188800.00
20160729	8.89	8.92	8.86	8.88	109791488	1005606976.00
20160801	8.87	8.96	8.86	8.94	78891693	725981952.00
20160802	8.92	8.95	8.88	8.92	66826298	613796544.00
20160803	8.83	8.93	8.82	8.87	105704061	966858432.00
20160804	8.86	8.87	8.80	8.86	73232080	666981120.00
20160805	8.86	9.19	8.84	9.02	105712370	980386368.00
20160808	9.00	9.00	8.87	8.95	83953293	772214400.00
20160809	8.95	8.97	8.91	8.96	66700800	614514624.00
20160810	8.95	8.98	8.94	8.96	59176200	546679552.00
20160811	8.97	9.23	8.95	9.03	111453900	1048606144.00
20160812	9.04	9.25	8.96	9.21	110727309	1040181952.00
20160815	9.21	9.53	9.15	9.43	164732863	1594295424.00
20160816	9.48	9.50	9.06	9.13	210662168	1997704320.00
20160817	9.14	9.16	9.05	9.13	78808667	739729152.00
20160818	9.09	9.16	9.03	9.08	78711488	736960320.00
20160819	9.08	9.11	9.02	9.06	51458296	480599072.00
20160822	9.05	9.07	8.97	9.00	58213300	540203968.00
20160823	8.99	9.06	8.99	9.02	45854100	426507296.00
20160824	9.02	9.04	8.98	8.99	39764300	368999456.00
20160825	8.98	9.05	8.97	9.02	53691900	498541408.00
20160826	9.00	9.04	8.98	9.02	44657100	414857216.00
20160829	8.98	9.01	8.93	8.96	53354491	492634848.00
20160830	8.97	9.08	8.97	9.07	53166939	494860992.00
20160831	9.02	9.06	8.99	9.03	51661895	480272608.00
20160901	9.01	9.05	8.98	9.00	50718107	471525504.00
20160902	8.97	9.06	8.97	9.03	55920117	520513056.00
20160905	9.02	9.10	8.99	9.07	46370362	432936864.00
20160906	9.04	9.09	9.02	9.04	52474557	488927616.00
20160907	9.04	9.05	9.02	9.05	49702240	462671360.00
20160908	9.04	9.05	9.02	9.04	25082500	233593280.00
20160909	9.04	9.05	9.01	9.02	33205479	309151680.00
20160912	8.93	9.04	8.92	9.02	101620696	943392000.00
20160913	9.00	9.05	9.00	9.03	29864601	277949504.00
20160914	9.00	9.05	9.00	9.03	36142016	336343456.00
20160919	9.05	9.06	9.02	9.05	30281801	282011904.00
20160920	9.06	9.06	9.02	9.04	28593192	266292416.00
20160921	9.05	9.06	9.02	9.05	27347386	254795424.00
20160922	9.07	9.12	9.04	9.09	24338581	227946224.00
20160923	9.10	9.11	9.06	9.10	23468694	219993472.00
20160926	9.12	9.19	9.09	9.15	64411335	599254976.00
20160927	9.14	9.16	9.10	9.15	42702782	397080768.00
20160928	9.15	9.15	9.00	9.04	50170690	463785248.00
20160929	9.05	9.09	9.04	9.07	24665571	227720528.00
20160930	9.07	9.13	9.07	9.10	24478180	226785232.00
20161010	9.10	9.20	9.10	9.17	29638856	276015712.00
20161011	9.16	9.18	9.12	9.15	34307040	319143712.00
20161012	9.13	9.15	9.10	9.11	28790976	267070000.00
20161013	9.10	9.11	8.98	9.03	69499004	638628032.00
20161014	9.02	9.10	9.01	9.08	34985913	322788480.00
20161017	9.07	9.13	9.03	9.08	31322090	289216800.00
20161018	9.07	9.12	9.07	9.11	26011675	240904608.00
20161019	9.11	9.14	9.11	9.12	16627159	154289232.00
20161020	9.13	9.15	9.12	9.13	18137451	168581760.00
20161021	9.12	9.15	9.10	9.13	21363836	198270256.00
20161024	9.12	9.24	9.11	9.21	45969076	429808704.00
20161025	9.20	9.23	9.17	9.20	23890718	223731824.00
20161026	9.17	9.19	9.10	9.12	27654909	256869840.00
20161027	9.10	9.15	9.08	9.11	24219135	224412096.00
20161028	9.09	9.17	9.09	9.15	41278345	382948512.00
20161031	9.14	9.14	8.98	9.04	48642878	446877888.00
20161101	9.04	9.07	9.00	9.05	22980400	211552464.00
20161102	9.02	9.05	8.97	9.00	47408700	433805056.00
20161103	9.00	9.07	8.97	9.03	50655655	465237728.00
20161104	9.02	9.05	8.98	9.00	35280100	323537408.00
20161107	8.99	9.01	8.97	9.00	28920438	264617200.00
20161108	9.00	9.03	8.98	9.01	38606834	353720864.00
20161109	9.02	9.02	8.88	8.95	77945507	708899648.00
20161110	8.98	9.01	8.96	9.00	66369353	607422592.00
20161111	8.99	9.05	8.96	9.04	49228494	451278560.00
20161114	9.02	9.08	9.01	9.06	51239951	472058688.00
20161115	9.06	9.07	9.02	9.05	36214512	333400992.00
20161116	9.04	9.06	9.00	9.03	52683400	484176512.00
20161117	9.02	9.05	8.99	9.04	54477900	500457088.00
20161118	9.03	9.06	9.01	9.04	50326600	462714656.00
20161121	9.06	9.13	9.02	9.12	55948100	517559968.00
20161122	9.12	9.16	9.12	9.15	70035985	651065984.00
20161123	9.16	9.31	9.13	9.21	81035036	760934336.00
20161124	9.22	9.24	9.17	9.19	67367900	631023808.00
20161125	9.24	9.26	9.13	9.25	66262600	620586048.00
20161128	9.25	9.41	9.19	9.24	188418800	1775621504.00
20161129	9.24	9.32	9.21	9.31	175280400	1654117120.00
20161130	9.33	9.36	9.27	9.34	111034900	1051281856.00
20161201	9.37	9.59	9.25	9.27	199387021	1901931264.00
20161202	9.27	9.32	9.15	9.27	124506895	1168607104.00
20161205	9.19	9.30	9.14	9.27	109729400	1028899584.00
20161206	9.22	9.30	9.21	9.26	48512900	457280032.00
20161207	9.24	9.25	9.16	9.19	50617000	473337184.00
20161208	9.18	9.57	9.16	9.50	274859500	2627142656.00
20161209	9.41	9.65	9.38	9.56	191536700	1862532864.00
20161212	9.52	9.65	9.37	9.58	143768446	1395029376.00
20161213	9.51	9.57	9.42	9.51	79949729	772666624.00
20161214	9.52	9.83	9.50	9.69	273044971	2698679808.00
20161215	9.60	9.72	9.30	9.35	111255895	1064480064.00
20161216	9.34	9.37	9.17	9.17	205128333	1935504640.00
20161219	9.15	9.17	9.03	9.10	52036086	480802976.00
20161220	9.16	9.21	9.02	9.09	66115841	611317184.00
20161221	9.04	9.09	9.02	9.08	53616202	494283520.00
20161222	9.06	9.06	8.99	9.02	40855026	374824256.00
20161223	9.02	9.02	8.94	9.00	38903329	355004032.00
20161226	8.94	8.99	8.89	8.98	40541730	368731712.00
20161227	8.98	9.01	8.91	8.93	47739678	435080256.00
20161228	8.93	8.94	8.85	8.89	63856267	577426112.00
20161229	8.88	8.92	8.86	8.90	37785700	341997312.00
20161230	8.92	8.95	8.89	8.92	54821300	497483712.00
20170103	8.92	9.00	8.89	8.95	58352389	531505632.00
20170104	8.94	8.96	8.88	8.95	73120372	663889536.00
20170105	8.95	8.96	8.91	8.92	56243309	511452896.00
20170106	8.92	8.93	8.85	8.85	55732553	503621280.00
20170109	8.84	8.88	8.82	8.86	49114801	442818752.00
20170110	8.85	8.89	8.85	8.87	38946271	351732160.00
20170111	8.87	8.89	8.82	8.83	38822892	350048416.00
20170112	8.84	8.87	8.82	8.84	22511184	202778272.00
20170113	8.83	8.94	8.82	8.92	59021403	534243616.00
20170116	8.91	9.11	8.81	9.04	196318555	1798612096.00
20170117	9.00	9.03	8.97	8.99	31710844	290563840.00
20170118	9.01	9.04	8.97	9.02	23076975	211871136.00
20170119	8.99	9.10	8.98	9.02	24707934	227509728.00
20170120	9.02	9.08	8.99	9.06	27038313	248813296.00
20170123	9.08	9.10	9.03	9.06	23741568	218992128.00
20170124	9.06	9.13	9.05	9.11	27881995	258024160.00
20170125	9.08	9.10	9.04	9.06	16776054	154747456.00
20170126	9.07	9.13	9.07	9.09	19569744	181256704.00
20170203	9.12	9.12	9.01	9.01	24803969	228389824.00
20170206	9.05	9.07	8.99	9.00	42566220	391284352.00
20170207	9.00	9.03	8.94	8.98	42115167	385290944.00
20170208	8.95	8.98	8.90	8.96	39744917	361346720.00
20170209	8.96	8.99	8.93	8.96	45953000	418873632.00
20170210	8.97	8.98	8.92	8.95	97265021	885695680.00
20170213	8.96	9.02	8.94	8.98	102536449	937052288.00
20170214	8.98	8.99	8.92	8.94	64756099	589274944.00
20170215	8.95	9.02	8.92	8.99	144318419	1318307712.00
20170216	8.98	9.01	8.94	8.96	95450196	869849728.00
20170217	8.96	8.98	8.87	8.87	107446237	975385792.00
20170220	8.88	8.99	8.87	8.98	157680600	1436019328.00
20170221	9.00	9.03	8.94	8.97	120469003	1100914688.00
20170222	8.96	8.96	8.91	8.93	90558399	823358528.00
20170223	8.94	8.95	8.91	8.92	56167373	510267968.00
20170224	8.92	8.94	8.89	8.91	77910600	706880064.00
20170227	8.91	8.92	8.86	8.88	80756890	729999872.00
20170228	8.88	8.90	8.86	8.87	44034624	397968704.00
20170301	8.89	8.89	8.86	8.88	68994871	623486848.00
20170302	8.88	8.90	8.79	8.81	115946009	1043224512.00
20170303	8.80	8.83	8.77	8.81	61988854	554774656.00
20170306	8.80	8.81	8.78	8.80	59574979	533330368.00
20170307	8.79	8.82	8.77	8.81	34339894	307714880.00
20170308	8.80	8.81	8.74	8.76	56316198	502746144.00
20170309	8.74	8.75	8.69	8.71	54516573	483861440.00
20170310	8.71	8.73	8.66	8.68	40672973	360003776.00
20170313	8.68	8.71	8.64	8.70	44713567	395086240.00
20170314	8.69	8.71	8.66	8.68	44623389	394734784.00
20170315	8.67	8.71	8.65	8.70	46471270	410520128.00
20170316	8.70	8.74	8.69	8.72	70457489	625518336.00
20170317	8.73	8.73	8.62	8.65	93164446	822494720.00
20170320	8.64	8.66	8.52	8.55	103859300	906805056.00
20170321	8.54	8.55	8.48	8.51	92089283	797315392.00
20170322	8.48	8.48	8.35	8.39	124313826	1064697472.00
20170323	8.39	8.44	8.38	8.43	100749103	864095936.00
20170324	8.43	8.46	8.40	8.44	64861500	556787008.00
20170327	8.44	8.49	8.43	8.45	75358656	649342144.00
20170328	8.46	8.46	8.37	8.39	57693733	494561952.00
20170329	8.40	8.43	8.34	8.36	69486414	591948160.00
20170330	8.34	8.36	8.24	8.30	84600664	714830208.00
20170331	8.29	8.37	8.29	8.32	64726457	549116672.00
20170405	8.32	8.36	8.28	8.35	112715854	956009728.00
20170406	8.36	8.36	8.30	8.33	84781791	718808064.00
20170407	8.33	8.37	8.30	8.34	94919413	806794816.00
20170410	8.34	8.35	8.26	8.27	83224332	703609600.00
20170411	8.25	8.28	8.18	8.25	90538494	759699776.00
20170412	8.24	8.24	8.18	8.21	84105159	703813568.00
20170413	8.20	8.22	8.16	8.17	65694859	547590272.00
20170414	8.17	8.18	8.01	8.04	147849664	1215637760.00
20170417	8.03	8.08	7.90	8.07	150439270	1223536128.00
20170418	8.02	8.02	7.89	7.90	127617152	1033016640.00
20170419	7.81	7.86	7.76	7.78	125634094	999685824.00
20170420	7.75	7.78	7.65	7.68	124753165	982129664.00
20170421	7.70	7.77	7.68	7.74	92113985	724969216.00
20170424	7.74	7.74	7.66	7.67	79466600	623077632.00
20170425	7.68	7.71	7.65	7.68	88293500	691465536.00
20170426	7.67	7.68	7.54	7.55	155213500	1207016960.00
20170427	7.56	7.72	7.50	7.71	174973149	1363354240.00
20170428	7.71	7.74	7.63	7.71	123853840	971020416.00
20170502	7.69	7.73	7.65	7.70	74415128	584386496.00
20170503	7.69	7.70	7.61	7.62	81726499	638250752.00
20170504	7.63	7.64	7.52	7.55	129687354	1002770816.00
20170505	7.52	7.56	7.42	7.55	146323600	1118763648.00
20170508	7.50	7.60	7.45	7.59	135850700	1043439104.00
20170509	7.55	7.61	7.54	7.59	76013682	588643008.00
20170510	7.58	7.71	7.57	7.59	118856400	926774592.00
20170511	7.59	7.66	7.56	7.63	86480300	671847232.00
20170512	7.64	7.86	7.62	7.83	191380457	1518377472.00
20170515	7.83	7.88	7.78	7.79	100557732	802732608.00
20170516	7.78	7.81	7.73	7.78	93436024	740207680.00
20170517	7.76	7.79	7.71	7.72	82055291	648031616.00
20170518	7.69	7.71	7.64	7.66	87586600	686199680.00
20170519	7.65	7.68	7.60	7.65	68225090	531438720.00
20170522	7.66	7.66	7.57	7.61	83769679	651029312.00
20170523	7.60	7.79	7.57	7.73	193869100	1524752768.00
20170524	7.71	7.74	7.59	7.66	129098861	1008571968.00
20170525	7.63	7.99	7.63	7.95	336327000	2694603776.00
20170526	7.89	7.95	7.82	7.85	210430000	1692199168.00
20170531	7.85	7.96	7.84	7.87	127050707	1023328896.00
20170601	7.86	7.90	7.83	7.86	106270385	852589376.00
20170602	7.87	7.91	7.80	7.84	122939443	984801792.00
20170605	7.84	7.84	7.73	7.74	107650626	853054592.00
20170606	7.74	7.79	7.73	7.77	66507920	526636960.00
20170607	7.77	7.88	7.76	7.86	108526991	868508544.00
20170608	7.84	7.92	7.83	7.90	94899643	762181248.00
20170609	7.88	8.01	7.88	7.96	135153141	1097876864.00
20170612	7.95	7.99	7.89	7.89	100701300	815372352.00
20170613	7.88	7.94	7.86	7.93	62684675	505574208.00
20170614	7.89	7.93	7.86	7.90	99284801	798796672.00
20170615	7.89	7.90	7.84	7.86	77804457	624645760.00
20170616	7.87	7.91	7.86	7.87	57707440	464303712.00
20170619	7.87	7.95	7.87	7.94	68255639	551595648.00
20170620	7.95	7.96	7.90	7.94	61889622	500395712.00
20170621	7.96	7.97	7.90	7.94	65134556	526895072.00
20170622	7.91	8.11	7.91	7.98	189430201	1550741504.00
20170623	7.96	8.00	7.87	7.95	113489653	917950400.00
20170626	7.94	8.02	7.93	7.96	124381880	1011546496.00
20170627	7.96	8.05	7.94	8.02	106388502	866534528.00
20170628	8.00	8.16	7.99	8.11	224681461	1858161792.00
20170629	8.11	8.14	8.08	8.09	75761384	626143744.00
20170630	8.08	8.11	8.04	8.06	76690964	630752704.00
20170703	8.08	8.10	8.05	8.07	49293325	405630944.00
20170704	8.08	8.08	8.00	8.01	76845612	628787840.00
20170705	8.00	8.05	7.98	8.04	77828325	636648128.00
20170706	8.06	8.08	8.03	8.06	84549699	680989312.00
20170707	8.06	8.07	7.99	8.03	79833081	640939840.00
20170710	8.02	8.04	7.99	8.04	63909676	512494624.00
20170711	8.03	8.22	8.02	8.13	214069944	1743498880.00
数据来源:通达信
