600004 白云机场 日线 前复权
      日期	    开盘	    最高	    最低	    收盘	    成交量	    成交额
20111010	5.45	5.52	5.41	5.42	1241641	8849229.00
20111011	5.53	5.58	5.42	5.47	2091182	14997696.00
20111012	5.44	5.66	5.44	5.62	4262015	30922436.00
20111013	5.58	5.72	5.58	5.71	5715922	41860248.00
20111014	5.70	5.71	5.60	5.68	2714218	19849196.00
20111017	5.70	5.72	5.63	5.66	2257725	16568570.00
20111018	5.64	5.64	5.48	5.52	2437782	17652392.00
20111019	5.54	5.57	5.45	5.45	2146052	15384604.00
20111020	5.45	5.46	5.31	5.32	3236315	22751208.00
20111021	5.38	5.39	5.29	5.30	1741941	12176680.00
20111024	5.36	5.45	5.30	5.44	2149939	15155863.00
20111025	5.42	5.54	5.40	5.51	2364640	16883324.00
20111026	5.49	5.64	5.48	5.58	3767220	27241454.00
20111027	5.61	5.70	5.59	5.62	3700628	27039718.00
20111028	5.66	5.71	5.60	5.65	3767694	27545398.00
20111031	5.65	5.66	5.58	5.63	1987036	14462081.00
20111101	5.59	5.68	5.55	5.63	2545683	18575036.00
20111102	5.58	5.72	5.54	5.71	2997327	21840504.00
20111103	5.71	5.84	5.68	5.75	8179653	60860304.00
20111104	5.77	5.81	5.70	5.74	4728331	34991244.00
20111107	5.75	5.76	5.65	5.65	2850419	20983420.00
20111108	5.65	5.69	5.59	5.62	2689278	19636416.00
20111109	5.64	5.70	5.59	5.70	2563702	18727740.00
20111110	5.66	5.66	5.59	5.60	2843390	20692896.00
20111111	5.61	5.65	5.56	5.60	2285928	16600793.00
20111114	5.63	5.71	5.63	5.68	3690427	27098336.00
20111115	5.68	5.74	5.66	5.72	3042395	22405448.00
20111116	5.72	5.73	5.51	5.54	3855482	27967998.00
20111117	5.53	5.57	5.47	5.47	3490944	25012114.00
20111118	5.47	5.48	5.37	5.43	2877225	20365718.00
20111121	5.43	5.45	5.37	5.45	1742558	12313647.00
20111122	5.42	5.44	5.38	5.43	1432858	10129266.00
20111123	5.43	5.46	5.36	5.38	1808645	12758138.00
20111124	5.35	5.41	5.34	5.39	1523082	10701111.00
20111125	5.36	5.41	5.34	5.36	1311611	9208010.00
20111128	5.36	5.41	5.35	5.40	2031567	14314471.00
20111129	5.42	5.46	5.40	5.45	1849686	13111936.00
20111130	5.45	5.45	5.19	5.23	3859671	26890440.00
20111201	5.37	5.41	5.31	5.34	3974893	27884752.00
20111202	5.30	5.34	5.24	5.26	1699831	11782756.00
20111205	5.30	5.30	5.17	5.19	1406137	9656790.00
20111206	5.19	5.22	5.14	5.20	1305317	8911392.00
20111207	5.20	5.22	5.13	5.18	983276	6726792.00
20111208	5.18	5.21	5.09	5.16	1183004	8064409.00
20111209	5.16	5.19	5.12	5.15	1313158	8938482.00
20111212	5.18	5.19	5.06	5.09	2340030	15810715.00
20111213	5.07	5.09	4.92	4.94	3096173	20618496.00
20111214	4.94	4.94	4.79	4.84	4658595	30347326.00
20111215	4.81	4.86	4.73	4.74	3182737	20528948.00
20111216	4.75	4.88	4.69	4.82	3057851	19643088.00
20111219	4.80	4.80	4.63	4.73	5063457	32133908.00
20111220	4.70	4.79	4.68	4.70	2692798	17205060.00
20111221	4.75	4.77	4.63	4.64	5001168	31671002.00
20111222	4.61	4.65	4.50	4.56	3162886	19658036.00
20111223	4.58	4.64	4.50	4.55	4030143	25070656.00
20111226	4.57	4.58	4.53	4.56	1999894	12430077.00
20111227	4.56	4.56	4.47	4.48	2641780	16329865.00
20111228	4.47	4.49	4.41	4.47	3044177	18598128.00
20111229	4.46	4.49	4.44	4.46	2352175	14401059.00
20111230	4.47	4.56	4.45	4.53	4017619	24801094.00
20120104	4.56	4.64	4.53	4.56	5663667	35403652.00
20120105	4.52	4.60	4.44	4.48	5630493	34765976.00
20120106	4.50	4.60	4.48	4.55	4900470	30349776.00
20120109	4.57	4.71	4.55	4.67	4477348	28212714.00
20120110	4.69	4.82	4.65	4.80	7500910	47996944.00
20120111	4.77	4.81	4.71	4.72	4426601	28390842.00
20120112	4.69	4.78	4.69	4.72	2181552	13956227.00
20120113	4.73	4.74	4.59	4.64	3540274	22320372.00
20120116	4.60	4.70	4.57	4.65	3099966	19574012.00
20120117	4.66	4.86	4.60	4.85	5754976	36878608.00
20120118	4.84	4.88	4.77	4.80	4295035	27798322.00
20120119	4.80	4.91	4.75	4.88	4943611	32289088.00
20120120	4.88	4.98	4.85	4.91	4746483	31213088.00
20120130	4.92	4.93	4.83	4.85	3705388	24227816.00
20120131	4.85	4.86	4.76	4.80	2294267	14804617.00
20120201	4.79	4.83	4.72	4.74	1378162	8876614.00
20120202	4.74	4.86	4.72	4.84	2999687	19326450.00
20120203	4.82	4.94	4.78	4.89	4822854	31502952.00
20120206	4.88	4.91	4.86	4.90	2228839	14587207.00
20120207	4.87	4.88	4.76	4.77	1678122	10840368.00
20120208	4.77	4.91	4.76	4.90	2747245	17915680.00
20120209	4.90	4.92	4.87	4.89	2271706	14896119.00
20120210	4.89	4.93	4.85	4.90	2902881	19047152.00
20120213	4.87	4.95	4.85	4.87	3267724	21430768.00
20120214	4.88	4.91	4.84	4.87	2215491	14453307.00
20120215	4.87	5.00	4.85	4.98	4554832	30109872.00
20120216	4.97	5.00	4.91	4.96	2392831	15827020.00
20120217	4.99	4.99	4.91	4.92	2691550	17747208.00
20120220	4.97	4.98	4.91	4.93	3543406	23386558.00
20120221	4.92	4.96	4.88	4.96	2166359	14249595.00
20120222	4.98	5.05	4.93	5.04	4662795	31055890.00
20120223	5.03	5.08	5.00	5.04	3078138	20601844.00
20120224	5.04	5.16	5.02	5.14	7499501	50643248.00
20120227	5.16	5.29	5.13	5.18	10977553	75493104.00
20120228	5.15	5.20	5.10	5.15	4399769	29991244.00
20120229	5.16	5.21	5.11	5.11	3570380	24338568.00
20120301	5.09	5.15	5.08	5.12	2513011	17014532.00
20120302	5.11	5.22	5.11	5.20	4068575	27861124.00
20120305	5.21	5.24	5.15	5.17	3508008	24045784.00
20120306	5.17	5.18	5.07	5.09	3095701	20942060.00
20120307	5.04	5.09	5.01	5.06	2275677	15285730.00
20120308	5.07	5.16	5.05	5.11	3438411	23262644.00
20120309	5.12	5.20	5.10	5.18	3443016	23488520.00
20120312	5.20	5.22	5.12	5.17	3338648	22801180.00
20120313	5.17	5.25	5.14	5.24	3981015	27361148.00
20120314	5.26	5.28	4.98	5.05	6300500	43027984.00
20120315	5.14	5.18	5.07	5.08	7473147	50653720.00
20120316	5.11	5.39	5.09	5.34	10263148	70824304.00
20120319	5.33	5.39	5.30	5.36	6196986	43397220.00
20120320	5.35	5.35	5.22	5.24	5197630	35958076.00
20120321	5.24	5.39	5.24	5.36	8125061	56796320.00
20120322	5.35	5.44	5.31	5.34	4592623	32301020.00
20120323	5.32	5.34	5.26	5.30	4884130	33911752.00
20120326	5.32	5.35	5.26	5.30	2268662	15793299.00
20120327	5.30	5.39	5.29	5.29	3051945	21363310.00
20120328	5.28	5.29	5.12	5.13	5902927	40478536.00
20120329	5.11	5.18	4.99	5.01	4289832	28776546.00
20120330	5.02	5.09	5.02	5.08	2340289	15714189.00
20120405	5.09	5.25	5.05	5.24	3271515	22406182.00
20120406	5.24	5.27	5.19	5.22	2086930	14381185.00
20120409	5.22	5.30	5.19	5.22	2723680	18863144.00
20120410	5.19	5.31	5.12	5.30	2561617	17621092.00
20120411	5.25	5.42	5.23	5.36	4425484	31086504.00
20120412	5.37	5.42	5.34	5.42	4197084	29574764.00
20120413	5.41	5.46	5.38	5.41	3088667	21884160.00
20120416	5.38	5.42	5.35	5.35	2099710	14782233.00
20120417	5.35	5.38	5.25	5.30	2434135	16984664.00
20120418	5.30	5.45	5.29	5.44	5257986	37066672.00
20120419	5.44	5.48	5.38	5.46	4334490	30723192.00
20120420	5.45	5.48	5.39	5.43	4386872	31123028.00
20120423	5.43	5.47	5.39	5.40	3258371	23070916.00
20120424	5.37	5.47	5.30	5.42	4064340	28613104.00
20120425	5.41	5.47	5.38	5.46	3737199	26529792.00
20120426	5.46	5.48	5.40	5.42	1869269	13256241.00
20120427	5.44	5.46	5.34	5.40	1669263	11790356.00
20120502	5.46	5.60	5.46	5.54	7432476	53538940.00
20120503	5.52	5.57	5.51	5.56	3053561	21988486.00
20120504	5.52	5.71	5.52	5.67	6940581	50682696.00
20120507	5.62	5.89	5.62	5.78	6928521	51509256.00
20120508	5.78	5.81	5.71	5.73	4018940	29810060.00
20120509	5.70	5.72	5.56	5.59	4322261	31489866.00
20120510	5.59	5.68	5.59	5.64	1812468	13232815.00
20120511	5.62	5.67	5.60	5.63	1326338	9671851.00
20120514	5.68	5.69	5.61	5.66	2069114	15137526.00
20120515	5.61	5.69	5.52	5.65	3282884	23748086.00
20120516	5.61	5.66	5.54	5.57	1930471	14019717.00
20120517	5.59	5.73	5.55	5.72	3216999	23568432.00
20120518	5.67	5.77	5.59	5.62	4012159	29419534.00
20120521	5.60	5.63	5.48	5.49	3361176	24180800.00
20120522	5.53	5.61	5.52	5.57	2048400	14794366.00
20120523	5.58	5.60	5.48	5.50	2043294	14678858.00
20120524	5.49	5.53	5.40	5.44	3578695	25460668.00
20120525	5.44	5.45	5.33	5.38	3194712	22513348.00
20120528	5.37	5.46	5.31	5.45	1875798	13227625.00
20120529	5.47	5.52	5.43	5.52	2755845	19679710.00
20120530	5.52	5.52	5.45	5.46	1821974	13003119.00
20120531	5.44	5.46	5.36	5.43	2407915	17020464.00
20120601	5.43	5.49	5.38	5.42	2090432	14828141.00
20120604	5.38	5.38	5.21	5.21	3271912	22729100.00
20120605	5.25	5.37	5.19	5.25	2907454	20163460.00
20120606	5.25	5.30	5.24	5.26	1071615	7424761.00
20120607	5.31	5.35	5.13	5.20	2936086	20223162.00
20120608	5.24	5.27	5.20	5.24	1930157	13312965.00
20120611	5.24	5.30	5.22	5.29	1214886	8412201.00
20120612	5.28	5.28	5.14	5.24	2320373	15892339.00
20120613	5.24	5.32	5.21	5.31	2238683	15540954.00
20120614	5.31	5.32	5.27	5.28	1222078	8506356.00
20120615	5.28	5.33	5.24	5.29	957777	6655683.00
20120618	5.32	5.36	5.30	5.34	1314336	9200702.00
20120619	5.32	5.34	5.21	5.25	1513148	10479502.00
20120620	5.25	5.27	5.23	5.23	1485272	10257206.00
20120621	5.22	5.26	5.18	5.19	1308042	8968386.00
20120626	5.11	5.14	5.06	5.13	2044637	13820415.00
20120627	5.14	5.17	5.10	5.13	1003060	6820285.00
20120628	5.16	5.18	5.10	5.10	1435994	9767811.00
20120629	5.10	5.18	5.10	5.15	1504761	10242832.00
20120702	5.17	5.22	5.14	5.19	1437376	9837997.00
20120703	5.20	5.25	5.17	5.24	1153134	7938892.00
20120704	5.25	5.32	5.22	5.31	1988778	13799448.00
20120705	5.31	5.31	5.19	5.20	1232253	8479818.00
20120706	5.20	5.29	5.19	5.29	1471083	10148725.00
20120709	5.26	5.27	5.15	5.15	1303166	8948959.00
20120710	5.14	5.15	5.06	5.12	1383738	9359305.00
20120711	5.11	5.14	5.08	5.13	1172754	7939964.00
20120712	5.12	5.19	5.07	5.15	1416039	9610781.00
20120713	5.14	5.20	5.13	5.16	998534	6819567.00
20120716	5.14	5.14	5.03	5.04	1721952	11624268.00
20120717	5.04	5.06	4.84	4.97	2993163	19813792.00
20120718	4.96	5.00	4.90	4.99	1262601	8329696.00
20120719	5.06	5.21	5.03	5.20	3256248	22140312.00
20120720	5.20	5.22	5.16	5.18	1469311	10068317.00
20120723	5.19	5.26	5.16	5.17	2872992	19712892.00
20120724	5.13	5.22	5.13	5.18	3886939	26554044.00
20120725	5.17	5.17	5.04	5.04	1977102	12623064.00
20120726	5.02	5.07	4.91	4.92	3076010	19275564.00
20120727	4.94	5.00	4.94	5.00	1568559	9865579.00
20120730	5.01	5.01	4.95	4.96	775278	4867394.00
20120731	4.98	5.00	4.94	4.96	1711885	10755302.00
20120801	4.95	5.03	4.95	5.01	1054929	6655186.00
20120802	5.01	5.03	4.96	4.96	694660	4378682.00
20120803	4.98	5.01	4.96	5.01	963059	6067190.00
20120806	4.99	5.09	4.96	5.09	1389315	8826041.00
20120807	5.07	5.17	5.05	5.14	1532692	9860178.00
20120808	5.15	5.19	5.11	5.14	1343228	8681679.00
20120809	5.14	5.20	5.06	5.18	2893023	18660098.00
20120810	5.17	5.19	5.13	5.18	1088773	7051937.00
20120813	5.17	5.17	5.04	5.05	1132190	7242015.00
20120814	5.05	5.10	5.04	5.09	1402076	8954196.00
20120815	5.09	5.10	5.03	5.04	692398	4409264.00
20120816	5.06	5.07	5.01	5.02	583196	3701710.00
20120817	5.05	5.09	5.02	5.04	846911	5390028.00
20120820	5.04	5.04	4.98	5.04	677543	4286537.00
20120821	5.03	5.10	4.97	5.08	1278011	8115183.00
20120822	5.07	5.11	5.04	5.05	858300	5484648.00
20120823	5.06	5.08	5.01	5.04	1824453	11594216.00
20120824	5.02	5.08	4.97	4.97	1631305	10315413.00
20120827	4.97	4.97	4.83	4.84	2615628	16195724.00
20120828	4.86	4.97	4.83	4.92	1194340	7409058.00
20120829	4.95	5.19	4.95	5.04	7078127	45317168.00
20120830	5.07	5.10	5.01	5.05	2213114	14096328.00
20120831	5.08	5.21	5.05	5.16	3453681	22371560.00
20120903	5.15	5.24	5.11	5.19	1798115	11684315.00
20120904	5.19	5.22	5.06	5.08	2041891	13160592.00
20120905	5.06	5.19	5.05	5.14	1111834	7162654.00
20120906	5.14	5.25	5.14	5.21	2349238	15356159.00
20120907	5.26	5.40	5.21	5.35	5931939	39493740.00
20120910	5.35	5.37	5.28	5.32	2497304	16542468.00
20120911	5.34	5.34	5.24	5.28	1896499	12475655.00
20120912	5.31	5.35	5.25	5.31	1416932	9365737.00
20120913	5.30	5.35	5.25	5.27	1462816	9691419.00
20120914	5.30	5.38	5.28	5.32	3006374	19988954.00
20120917	5.32	5.34	5.14	5.16	2498762	16332155.00
20120918	5.13	5.20	5.12	5.17	898737	5810451.00
20120919	5.17	5.24	5.16	5.24	878775	5733120.00
20120920	5.24	5.25	5.14	5.16	1195739	7776636.00
20120921	5.16	5.19	5.08	5.10	1422800	9178056.00
20120924	5.08	5.22	5.05	5.19	1298437	8375430.00
20120925	5.17	5.18	5.09	5.16	965790	6236128.00
20120926	5.12	5.18	5.09	5.10	1071208	6889122.00
20120927	5.10	5.24	5.10	5.21	1327026	8612375.00
20120928	5.18	5.44	5.18	5.44	5776269	38554000.00
20121008	5.42	5.45	5.37	5.38	1926270	12939495.00
20121009	5.39	5.52	5.39	5.50	2854307	19379728.00
20121010	5.47	5.48	5.41	5.43	1678873	11324562.00
20121011	5.42	5.49	5.42	5.44	1654525	11192356.00
20121012	5.46	5.52	5.44	5.48	1494200	10153386.00
20121015	5.46	5.53	5.43	5.45	1683216	11413428.00
20121016	5.45	5.57	5.45	5.53	2507048	17147236.00
20121017	5.53	5.57	5.51	5.55	1750113	11995928.00
20121018	5.55	5.58	5.53	5.57	2505906	17212096.00
20121019	5.57	5.60	5.47	5.48	2461281	16890080.00
20121022	5.48	5.50	5.43	5.47	955054	6468035.00
20121023	5.47	5.48	5.39	5.41	1753682	11806122.00
20121024	5.38	5.38	5.24	5.31	7925227	52388556.00
20121025	5.30	5.32	5.26	5.26	5545824	36575432.00
20121026	5.25	5.27	5.15	5.18	3305577	21494264.00
20121029	5.21	5.25	5.15	5.23	2324845	15169668.00
20121030	5.23	5.30	5.23	5.25	1985678	13066674.00
20121031	5.25	5.29	5.23	5.28	2301024	15113881.00
20121101	5.28	5.39	5.27	5.35	4429757	29482204.00
20121102	5.35	5.41	5.34	5.40	3002605	20080202.00
20121105	5.40	5.45	5.37	5.39	3076000	20688984.00
20121106	5.38	5.43	5.28	5.40	3077157	20474588.00
20121107	5.39	5.47	5.36	5.40	2453566	16535467.00
20121108	5.38	5.38	5.25	5.26	2355538	15587798.00
20121109	5.25	5.30	5.19	5.25	1135355	7454216.00
20121112	5.26	5.32	5.25	5.32	876998	5788710.00
20121113	5.33	5.35	5.25	5.28	1407795	9302747.00
20121114	5.26	5.27	5.22	5.24	855220	5605421.00
20121115	5.24	5.26	5.05	5.06	2159950	13977347.00
20121116	5.07	5.12	5.05	5.12	1318037	8427744.00
20121119	5.12	5.24	5.04	5.23	1940272	12463815.00
20121120	5.20	5.21	5.09	5.14	1549352	10011043.00
20121121	5.13	5.22	5.13	5.22	1309530	8497235.00
20121122	5.21	5.21	5.16	5.20	1274442	8263342.00
20121123	5.20	5.26	5.17	5.24	1221708	7999232.00
20121126	5.24	5.28	5.17	5.20	1188895	7763596.00
20121127	5.20	5.20	5.09	5.10	1376552	8876279.00
20121128	5.10	5.15	5.05	5.11	1274116	8168704.00
20121129	5.10	5.13	5.07	5.07	1026287	6569257.00
20121130	5.07	5.15	5.07	5.13	898808	5784568.00
20121203	5.12	5.24	5.12	5.15	3033295	19648232.00
20121204	5.12	5.23	5.12	5.21	1447139	9396060.00
20121205	5.23	5.37	5.16	5.35	3271005	21665928.00
20121206	5.32	5.37	5.29	5.31	1183634	7855872.00
20121207	5.31	5.42	5.31	5.39	2536196	16946996.00
20121210	5.40	5.50	5.36	5.43	4296457	28962472.00
20121211	5.43	5.43	5.34	5.36	1982742	13250459.00
20121212	5.36	5.40	5.33	5.38	2814874	18782700.00
20121213	5.38	5.40	5.33	5.33	1211001	8082606.00
20121214	5.33	5.57	5.33	5.54	4781811	32490484.00
20121217	5.54	5.64	5.49	5.60	9319805	64139116.00
20121218	5.60	5.63	5.52	5.54	3587984	24701372.00
20121219	5.54	5.61	5.53	5.56	3187776	21957676.00
20121220	5.54	5.65	5.54	5.63	4577608	31651638.00
20121221	5.66	5.80	5.64	5.74	8510705	60115784.00
20121224	5.74	5.78	5.68	5.71	2528410	17788642.00
20121225	5.70	5.82	5.66	5.77	7885117	55718636.00
20121226	5.75	5.77	5.70	5.76	3026837	21326056.00
20121227	5.73	5.79	5.67	5.67	2907876	20401500.00
20121228	5.67	5.79	5.63	5.73	3525369	24706624.00
20121231	5.74	5.83	5.74	5.78	4163418	29540946.00
20130104	5.81	5.85	5.75	5.77	4136819	29395118.00
20130107	5.77	5.82	5.75	5.78	3066931	21765260.00
20130108	5.78	5.85	5.72	5.80	3444649	24435738.00
20130109	5.79	5.84	5.74	5.76	2767568	19679108.00
20130110	5.75	5.80	5.71	5.73	3314547	23410436.00
20130111	5.73	5.76	5.63	5.64	3925483	27493812.00
20130114	5.61	5.84	5.61	5.80	6779032	47985608.00
20130115	5.80	5.86	5.80	5.84	6028465	43037192.00
20130116	5.84	5.86	5.75	5.83	5099359	36309136.00
20130117	5.83	6.01	5.79	6.00	10696054	77237944.00
20130118	5.99	6.01	5.90	5.98	4250069	30872928.00
20130121	5.99	6.26	5.94	6.17	11081248	82385680.00
20130122	6.18	6.21	6.07	6.12	5830597	43330184.00
20130123	6.08	6.13	5.94	6.04	3782625	27734674.00
20130124	6.04	6.10	5.88	5.90	4059590	29579308.00
20130125	5.90	5.93	5.86	5.92	2284887	16466796.00
20130128	5.92	6.28	5.90	6.26	9098084	68105472.00
20130129	6.26	6.26	6.17	6.20	3537975	26579160.00
20130130	6.21	6.37	6.13	6.34	5979243	45423140.00
20130131	6.35	6.36	6.19	6.27	3388521	25636296.00
20130201	6.27	6.34	6.20	6.27	3485383	26397954.00
20130204	6.30	6.53	6.29	6.32	6912801	53242068.00
20130205	6.31	6.41	6.21	6.30	8294038	62913512.00
20130206	6.29	6.40	6.27	6.37	5285784	40533332.00
20130207	6.36	6.40	6.26	6.39	3130798	23976560.00
20130208	6.37	6.45	6.34	6.42	3997343	30850470.00
20130218	6.43	6.47	6.38	6.39	4198181	32463008.00
20130219	6.37	6.39	6.23	6.25	3724106	28329980.00
20130220	6.26	6.38	6.24	6.36	3056107	23245800.00
20130221	6.29	6.29	6.12	6.12	5300227	39774432.00
20130222	6.10	6.19	6.06	6.08	2259109	16808508.00
20130225	6.10	6.16	6.10	6.14	1335306	9932607.00
20130226	6.12	6.14	5.97	6.00	2700834	19931300.00
20130227	6.00	6.08	5.97	5.98	1900485	13925703.00
20130228	6.00	6.17	6.00	6.14	2286578	16913680.00
20130301	6.16	6.17	6.05	6.13	2145194	15934112.00
20130304	6.09	6.12	5.93	5.95	3053439	22395552.00
20130305	5.93	6.04	5.93	6.02	1908514	13941481.00
20130306	6.05	6.16	6.02	6.15	3146070	23314648.00
20130307	6.15	6.15	6.00	6.06	2136251	15768712.00
20130308	6.06	6.17	6.02	6.10	1780182	13223937.00
20130311	6.09	6.17	6.06	6.13	2303527	17131098.00
20130312	6.12	6.17	5.93	5.98	2867125	21018512.00
20130313	5.95	5.98	5.84	5.87	2334618	16802456.00
20130314	5.87	5.89	5.78	5.80	2454149	17521196.00
20130315	5.81	5.87	5.67	5.76	5735131	40477860.00
20130318	5.75	5.77	5.72	5.74	1432564	10098801.00
20130319	5.74	5.80	5.72	5.77	1820312	12868216.00
20130320	5.78	5.88	5.77	5.88	2832632	20248454.00
20130321	5.89	5.90	5.84	5.88	2241799	16095695.00
20130322	5.88	5.89	5.79	5.81	5350423	38139596.00
20130325	5.82	5.85	5.81	5.83	2016684	14402336.00
20130326	5.84	5.84	5.73	5.78	1598600	11312966.00
20130327	5.79	5.82	5.73	5.75	1273849	9023625.00
20130328	5.72	5.72	5.58	5.58	3436533	23879820.00
20130329	5.60	5.64	5.58	5.60	1700063	11760517.00
20130401	5.62	5.65	5.60	5.61	1259800	8743119.00
20130402	5.61	5.67	5.59	5.60	1408995	9781132.00
20130403	5.60	5.64	5.54	5.59	1617897	11166749.00
20130408	5.49	5.49	5.38	5.42	5152266	34687832.00
20130409	5.44	5.52	5.44	5.50	2309564	15693804.00
20130410	5.50	5.50	5.45	5.48	1188676	8069692.00
20130411	5.49	5.54	5.48	5.50	1596560	10877309.00
20130412	5.50	5.52	5.40	5.44	1355094	9181883.00
20130415	5.44	5.51	5.44	5.50	2185541	14839862.00
20130416	5.45	5.56	5.43	5.55	2753431	18727286.00
20130417	5.49	5.54	5.45	5.52	1972745	13419148.00
20130418	5.47	5.52	5.40	5.47	2177333	14783291.00
20130419	5.48	5.60	5.46	5.59	2634411	18101552.00
20130422	5.56	5.66	5.54	5.66	2225631	15367954.00
20130423	5.66	5.67	5.49	5.54	2390893	16443063.00
20130424	5.54	5.65	5.54	5.60	3164417	21797328.00
20130425	5.64	5.67	5.59	5.61	4267959	29601520.00
20130426	5.61	5.63	5.53	5.55	3175782	21852256.00
20130502	5.54	5.59	5.52	5.57	2040070	14005283.00
20130503	5.59	5.68	5.59	5.65	4646301	32277542.00
20130506	5.64	5.70	5.61	5.69	3190607	22282352.00
20130507	5.69	5.69	5.64	5.68	2093281	14600997.00
20130508	5.68	5.71	5.58	5.62	6447449	44723384.00
20130509	5.62	5.63	5.46	5.51	8329414	56940464.00
20130510	5.50	5.53	5.47	5.52	5611072	38194376.00
20130513	5.53	5.55	5.49	5.53	5459831	37258464.00
20130514	5.52	5.52	5.41	5.46	6208685	42081292.00
20130515	5.46	5.50	5.45	5.48	3209536	21779700.00
20130516	5.48	5.57	5.45	5.55	5366053	36637704.00
20130517	5.55	5.64	5.54	5.62	5569001	38405952.00
20130520	5.65	5.70	5.63	5.67	5297390	36989584.00
20130521	5.67	5.72	5.64	5.71	4474611	31262876.00
20130522	5.71	5.71	5.63	5.66	4314112	30106872.00
20130523	5.65	5.66	5.59	5.60	3805386	26356306.00
20130524	5.60	5.64	5.58	5.64	3005214	20783970.00
20130527	5.64	5.65	5.59	5.64	2676700	18562504.00
20130528	5.64	5.73	5.61	5.71	5180281	36176368.00
20130529	5.74	5.74	5.69	5.72	5386391	37833528.00
20130530	5.71	5.72	5.67	5.71	4438926	31093698.00
20130531	5.72	5.83	5.71	5.74	6417356	45462068.00
20130603	5.76	5.89	5.73	5.82	5616606	40042584.00
20130604	5.83	5.87	5.71	5.74	4695840	33271058.00
20130605	5.74	5.75	5.67	5.68	2810335	19691252.00
20130606	5.67	5.72	5.59	5.60	2531862	17656576.00
20130607	5.60	5.64	5.49	5.58	2719000	18707916.00
20130613	5.55	5.55	5.38	5.41	3563369	23995794.00
20130614	5.42	5.45	5.40	5.43	2706661	18224504.00
20130617	5.44	5.46	5.39	5.43	1995821	13451331.00
20130618	5.43	5.46	5.41	5.44	1099644	7422363.00
20130619	5.44	5.44	5.30	5.33	2355155	15669280.00
20130620	5.33	5.35	5.22	5.23	2165495	14273241.00
20130621	5.19	5.26	5.12	5.24	2330945	15174363.00
20130624	5.23	5.23	4.92	4.94	3373112	21450772.00
20130625	4.93	4.95	4.68	4.94	5027925	30949546.00
20130626	4.94	4.98	4.84	4.91	2811319	17444392.00
20130627	4.94	4.98	4.89	4.96	3606544	22503176.00
20130628	4.95	5.03	4.89	4.98	3478745	21805910.00
20130701	4.96	5.02	4.91	5.00	1614794	10129791.00
20130702	5.00	5.01	4.94	4.99	1803921	11338476.00
20130703	4.97	5.01	4.91	4.96	1794708	11245212.00
20130704	4.94	5.04	4.93	4.99	2368304	14922485.00
20130705	4.99	5.07	4.99	5.00	2135566	13525472.00
20130708	4.97	4.98	4.83	4.83	2105890	13059932.00
20130709	4.84	4.88	4.82	4.86	1086331	6689044.00
20130710	4.87	5.03	4.87	5.02	1535657	9629624.00
20130711	4.99	5.21	4.99	5.19	4472628	28820368.00
20130712	5.19	5.20	5.09	5.11	2377287	15350586.00
20130715	5.12	5.20	5.11	5.15	1661584	10739751.00
20130716	5.15	5.21	5.12	5.20	1515610	9809459.00
20130717	5.20	5.20	5.14	5.15	1705993	11069434.00
20130718	5.15	5.15	5.07	5.11	2118130	13569917.00
20130719	5.11	5.14	5.00	5.01	2582885	16474454.00
20130722	5.01	5.08	5.00	5.07	3178896	20181480.00
20130723	5.08	5.18	5.04	5.17	5147742	33204016.00
20130724	5.19	5.19	5.09	5.14	4703533	30329218.00
20130725	5.16	5.18	5.11	5.15	5356849	34602040.00
20130726	5.15	5.15	5.06	5.07	2876660	17490812.00
20130729	5.07	5.07	4.97	4.99	3463416	20734528.00
20130730	4.99	5.05	4.98	5.00	1750602	10492756.00
20130731	5.04	5.06	5.03	5.05	1806421	10889208.00
20130801	5.06	5.13	5.03	5.11	3032739	18423212.00
20130802	5.12	5.18	5.10	5.12	4186972	25583928.00
20130805	5.14	5.16	5.10	5.15	2273010	13894439.00
20130806	5.16	5.20	5.11	5.17	3881719	23793308.00
20130807	5.14	5.21	5.14	5.17	3142052	19338564.00
20130808	5.14	5.20	5.14	5.15	2121504	13050814.00
20130809	5.17	5.18	5.12	5.17	2393215	14669163.00
20130812	5.17	5.25	5.14	5.24	5599074	34632416.00
20130813	5.25	5.28	5.22	5.27	3257931	20326608.00
20130814	5.27	5.32	5.23	5.24	3510871	21916148.00
20130815	5.25	5.26	5.19	5.21	3777993	23463008.00
20130816	5.18	5.37	5.15	5.17	5411603	33661688.00
20130819	5.14	5.21	5.13	5.19	2742311	16856616.00
20130820	5.19	5.22	5.15	5.17	2209965	13609787.00
20130821	5.17	5.20	5.14	5.19	1673597	10278889.00
20130822	5.17	5.21	5.16	5.20	2445565	15097979.00
20130823	5.19	5.23	5.13	5.18	2274378	14024786.00
20130826	5.18	5.34	5.16	5.31	6089877	38118568.00
20130827	5.29	5.43	5.27	5.35	7011576	44495624.00
20130828	5.32	5.49	5.28	5.42	9642068	61495340.00
20130829	5.47	5.64	5.40	5.50	11570943	75326448.00
20130830	5.56	5.90	5.52	5.79	20440018	137427472.00
20130902	5.79	5.93	5.47	5.55	11190410	73859528.00
20130903	5.70	6.06	5.70	5.82	20295384	139151712.00
20130904	5.81	5.96	5.74	5.81	9739819	66472060.00
20130905	5.79	5.79	5.56	5.61	8573550	56801928.00
20130906	5.62	5.85	5.60	5.76	7258235	48620616.00
20130909	5.75	6.18	5.70	6.03	22905854	159078800.00
20130910	6.12	6.69	6.03	6.54	36672057	270989696.00
20130911	6.43	6.48	6.20	6.25	19159063	139430608.00
20130912	6.22	6.37	6.17	6.27	10759737	77888512.00
20130913	6.27	6.42	6.07	6.19	10989319	79329320.00
20130916	6.19	6.33	6.16	6.21	7054474	50964856.00
20130917	6.25	6.26	5.93	5.95	9661851	68015192.00
20130918	5.92	6.01	5.86	5.96	5434916	37556408.00
20130923	5.96	6.14	5.94	6.03	5557252	38964668.00
20130924	6.05	6.07	5.89	5.99	5217253	36241688.00
20130925	5.96	6.02	5.87	5.90	6530487	45165484.00
20130926	5.88	5.89	5.70	5.76	8266314	55701852.00
20130927	5.74	5.81	5.72	5.76	2350345	15833545.00
20130930	5.77	5.82	5.75	5.79	2692715	18206242.00
20131008	5.80	5.88	5.76	5.85	4144526	28269664.00
20131009	5.85	6.01	5.82	6.00	6539779	45173488.00
20131010	6.00	6.06	5.85	5.88	6158103	42684876.00
20131011	5.92	6.05	5.90	6.01	5366065	37385028.00
20131014	6.02	6.17	6.02	6.04	5678862	40128332.00
20131015	6.07	6.21	5.95	6.09	7282300	51360100.00
20131016	6.12	6.12	5.85	5.88	5892749	40775680.00
20131017	5.90	5.95	5.85	5.86	3461723	23799276.00
20131018	5.88	5.92	5.84	5.89	2587413	17751806.00
20131021	5.91	5.98	5.83	5.97	4129161	28465428.00
20131022	5.96	5.98	5.87	5.89	3328266	22959284.00
20131023	5.90	5.92	5.76	5.77	4648568	31639548.00
20131024	5.75	5.80	5.70	5.74	3318457	22347064.00
20131025	5.75	5.81	5.64	5.67	3327975	22303968.00
20131028	5.66	5.74	5.64	5.70	2568223	17147040.00
20131029	5.71	5.78	5.51	5.62	5176107	34194716.00
20131030	5.64	5.78	5.64	5.78	3314331	22232412.00
20131031	5.93	6.17	5.93	5.99	13154363	92245816.00
20131101	5.90	5.98	5.83	5.96	4130675	28488898.00
20131104	5.97	6.01	5.90	5.93	2502052	17335572.00
20131105	5.89	5.97	5.80	5.94	3586814	24607568.00
20131106	5.91	5.94	5.84	5.87	3321630	22801356.00
20131107	5.87	5.87	5.79	5.80	2240866	15240065.00
20131108	5.81	5.82	5.68	5.73	2328582	15671789.00
20131111	5.73	5.77	5.68	5.74	1381773	9269359.00
20131112	5.75	5.78	5.72	5.77	2416516	16261032.00
20131113	5.75	5.80	5.69	5.70	2990028	20091108.00
20131114	5.72	5.75	5.65	5.74	2191300	14632796.00
20131115	5.75	5.89	5.70	5.83	5254653	35699504.00
20131118	5.91	5.97	5.87	5.97	5413166	37424860.00
20131119	6.00	6.01	5.89	5.93	4256477	29434172.00
20131120	5.93	6.01	5.91	6.00	4531070	31450504.00
20131121	6.00	6.31	5.94	6.11	17670511	126023936.00
20131122	6.11	6.20	6.03	6.11	5367792	38018336.00
20131125	6.12	6.31	6.07	6.19	9367994	67454112.00
20131126	6.19	6.23	6.06	6.09	5150953	36544284.00
20131127	6.12	6.18	6.08	6.12	4087214	29034860.00
20131128	6.12	6.24	6.10	6.15	5591422	39975208.00
20131129	6.14	6.21	6.12	6.15	4530081	32334580.00
20131202	6.08	6.13	5.83	5.97	8219536	57375264.00
20131203	5.96	6.11	5.93	6.10	4303452	30121418.00
20131204	6.10	6.28	6.06	6.23	11083311	79751240.00
20131205	6.24	6.24	6.15	6.18	3830037	27459324.00
20131206	6.18	6.21	6.15	6.16	2716607	19442496.00
20131209	6.18	6.20	6.13	6.16	2549439	18220088.00
20131210	6.18	6.24	6.15	6.22	5988721	42928412.00
20131211	6.20	6.30	6.16	6.26	10334773	74604640.00
20131212	6.23	6.40	6.20	6.37	10323935	75392840.00
20131213	6.36	6.39	6.29	6.32	4968713	36341344.00
20131216	6.32	6.33	6.14	6.19	4902525	35263388.00
20131217	6.20	6.29	6.16	6.25	4626753	33367676.00
20131218	6.27	6.28	6.00	6.05	8051943	56843236.00
20131219	6.05	6.10	6.01	6.07	3361325	23670164.00
20131220	6.04	6.08	5.90	5.94	3036452	21111878.00
20131223	5.92	5.96	5.81	5.85	4420255	30162656.00
20131224	6.07	6.35	6.06	6.13	16577058	119019960.00
20131225	6.14	6.17	5.97	6.16	7009772	49374468.00
20131226	6.08	6.13	5.93	5.94	4889341	34251768.00
20131227	5.92	6.06	5.92	6.05	4352008	30438656.00
20131230	6.06	6.11	6.00	6.01	3143762	22073762.00
20131231	6.00	6.02	5.86	5.97	5444592	37764896.00
20140102	5.95	5.99	5.92	5.96	2786503	19293316.00
20140103	5.95	5.95	5.79	5.90	5183965	35432232.00
20140106	5.86	5.86	5.72	5.77	3401812	23024656.00
20140107	5.73	5.79	5.68	5.72	2080991	13972997.00
20140108	5.72	5.78	5.70	5.76	3919699	26372494.00
20140109	5.74	5.79	5.68	5.68	2640457	17767332.00
20140110	5.68	5.71	5.52	5.59	3520916	23211972.00
20140113	5.60	5.61	5.47	5.52	3742006	24361892.00
20140114	5.52	5.65	5.49	5.64	2439108	15995289.00
20140115	5.58	5.65	5.58	5.62	1231081	8116742.00
20140116	5.62	5.69	5.59	5.66	1989675	13174540.00
20140117	5.65	5.65	5.58	5.62	1406486	9267660.00
20140120	5.59	5.61	5.52	5.57	1848267	12095365.00
20140121	5.57	5.65	5.55	5.63	1432632	9450021.00
20140122	5.64	5.79	5.64	5.77	2651275	17829372.00
20140123	5.78	5.81	5.74	5.77	1902696	12850678.00
20140124	5.75	5.85	5.73	5.80	2223633	15073661.00
20140127	5.78	5.80	5.71	5.75	1897843	12754222.00
20140128	5.77	5.78	5.67	5.76	1931835	12976409.00
20140129	5.77	5.81	5.72	5.77	1997700	13463545.00
20140130	5.77	5.78	5.70	5.74	1514255	10149912.00
20140207	5.73	5.73	5.65	5.71	2070373	13788340.00
20140210	5.72	5.86	5.71	5.84	6122188	41519908.00
20140211	5.83	5.87	5.79	5.85	4169071	28372444.00
20140212	5.85	6.05	5.83	6.02	7910536	54781780.00
20140213	6.32	6.50	6.14	6.15	23856140	173904624.00
20140214	6.15	6.19	6.04	6.16	8553055	60758168.00
20140217	6.17	6.18	6.08	6.13	6921617	49132832.00
20140218	6.13	6.13	6.00	6.08	7147505	50256688.00
20140219	6.07	6.16	6.07	6.12	9036240	64042900.00
20140220	6.12	6.30	6.10	6.12	12165698	87205320.00
20140221	6.11	6.16	5.95	6.00	5332713	37458868.00
20140224	6.01	6.23	5.98	6.19	15313414	109163208.00
20140225	6.21	6.32	6.00	6.05	12941075	92982664.00
20140226	6.06	6.13	5.87	6.01	8889891	62044512.00
20140227	6.01	6.09	5.95	5.98	5097537	35720548.00
20140228	5.98	6.16	5.98	6.09	5996242	42373012.00
20140303	6.07	6.19	6.02	6.16	7772760	55174048.00
20140304	6.13	6.15	6.02	6.13	5279593	37238488.00
20140305	6.15	6.17	6.05	6.06	4424644	31353176.00
20140306	6.04	6.09	5.95	6.06	4579405	32041906.00
20140307	6.08	6.17	6.00	6.02	3439696	24219464.00
20140310	5.97	6.01	5.75	5.75	6425757	43953456.00
20140311	5.75	5.78	5.71	5.74	3744346	25152344.00
20140312	5.74	5.76	5.64	5.68	3583073	23900228.00
20140313	5.68	5.79	5.66	5.74	3221494	21641194.00
20140314	5.74	5.76	5.68	5.72	2324600	15565706.00
20140317	5.72	5.80	5.70	5.78	2414918	16250301.00
20140318	5.78	5.80	5.75	5.78	2819900	19046878.00
20140319	5.79	5.82	5.71	5.80	2991718	20137210.00
20140320	5.80	5.81	5.69	5.69	2647597	17853964.00
20140321	5.71	5.87	5.68	5.86	4314144	29174620.00
20140324	5.84	5.96	5.83	5.94	3850693	26512012.00
20140325	5.92	5.98	5.90	5.94	2819486	19518400.00
20140326	5.94	5.97	5.88	5.92	4043289	27939052.00
20140327	5.91	6.05	5.87	5.94	5116027	35501812.00
20140328	5.94	6.10	5.94	6.03	5977932	41864728.00
20140331	6.03	6.08	5.94	6.03	2988055	20868892.00
20140401	6.00	6.04	5.96	6.00	3660343	25540746.00
20140402	5.99	6.04	5.98	6.04	2630521	18382706.00
20140403	6.02	6.05	5.93	5.97	3333611	23257472.00
20140404	5.97	6.01	5.93	6.00	2635295	18325152.00
20140408	5.99	6.09	5.97	6.07	4570266	32065012.00
20140409	6.07	6.08	6.01	6.04	3790760	26591436.00
20140410	6.04	6.12	6.00	6.10	5338235	37614984.00
20140411	6.09	6.16	6.07	6.11	4769707	33797908.00
20140414	6.10	6.13	6.03	6.06	4445657	31357220.00
20140415	6.08	6.08	6.00	6.02	3104085	21751528.00
20140416	6.02	6.04	5.97	6.01	2197618	15356492.00
20140417	6.05	6.06	5.98	6.03	2768598	19373418.00
20140418	6.00	6.09	5.97	6.07	3413427	23969908.00
20140421	6.02	6.03	5.90	5.91	4005854	27917732.00
20140422	5.92	5.97	5.82	5.92	3864081	26585176.00
20140423	5.91	5.93	5.88	5.90	1847470	12715809.00
20140424	5.90	6.09	5.89	6.02	6605703	46148264.00
20140425	6.01	6.03	5.90	5.91	3871052	26905872.00
20140428	5.90	5.93	5.76	5.79	3689840	25076588.00
20140429	5.80	5.88	5.77	5.86	2511064	17090270.00
20140430	5.88	5.94	5.87	5.92	3091866	21287800.00
20140505	5.90	5.98	5.88	5.97	3780061	26120032.00
20140506	5.97	6.01	5.93	6.01	2967451	20599658.00
20140507	5.96	6.05	5.94	5.96	3974576	27746766.00
20140508	5.96	6.04	5.94	5.96	3049058	21248070.00
20140509	5.96	5.97	5.84	5.87	3080526	21175674.00
20140512	5.91	6.00	5.85	5.98	5302586	36672504.00
20140513	5.97	6.08	5.95	6.04	4797716	33591488.00
20140514	6.06	6.06	5.98	6.00	2500171	17473696.00
20140515	5.98	6.05	5.96	5.97	3169314	22155900.00
20140516	5.96	6.01	5.90	6.00	2013762	13973422.00
20140519	5.98	5.99	5.89	5.93	2485900	17206178.00
20140520	5.97	5.98	5.92	5.94	1356157	9406254.00
20140521	5.94	6.05	5.90	6.04	3495201	24442088.00
20140522	6.04	6.07	5.99	6.01	3000730	21059884.00
20140523	6.02	6.07	6.00	6.07	3194691	22428496.00
20140526	6.07	6.10	6.04	6.06	3127395	22063116.00
20140527	6.07	6.07	6.01	6.01	2289604	16060081.00
20140528	6.00	6.06	5.99	6.05	2293836	16069383.00
20140529	6.03	6.05	5.95	5.96	3238534	22575076.00
20140530	5.97	6.04	5.94	6.00	2699593	18799502.00
20140603	6.00	6.02	5.94	5.98	1923181	13404714.00
20140604	5.93	5.97	5.87	5.88	3316094	22825024.00
20140605	5.89	5.94	5.87	5.93	1685083	11609306.00
20140606	5.93	5.93	5.87	5.92	1634192	11242651.00
20140609	5.89	5.94	5.88	5.89	1323358	9115724.00
20140610	5.91	5.97	5.87	5.95	1869608	12904222.00
20140611	5.96	5.96	5.90	5.95	1655767	11438747.00
20140612	5.94	5.95	5.91	5.92	1238070	8554265.00
20140613	5.92	6.00	5.90	6.00	3453590	23978518.00
20140616	5.99	6.00	5.93	5.99	3978482	27652696.00
20140617	5.99	6.00	5.94	5.96	2213290	15376587.00
20140618	5.95	5.97	5.92	5.94	2612935	18087516.00
20140619	5.94	5.95	5.83	5.85	3215449	22081962.00
20140620	5.84	5.90	5.84	5.88	1762417	12074973.00
20140623	5.89	5.95	5.87	5.93	2033833	14030410.00
20140624	5.91	5.95	5.91	5.95	1248340	8631086.00
20140625	5.92	6.05	5.90	6.01	5227339	36415464.00
20140626	6.01	6.05	6.00	6.02	3028455	21208980.00
20140627	6.02	6.10	6.00	6.03	4293556	30149946.00
20140630	6.03	6.08	6.00	6.06	2685264	18865136.00
20140701	6.06	6.09	6.02	6.07	2695857	18969184.00
20140702	6.06	6.11	6.03	6.10	4239059	29899400.00
20140703	6.10	6.15	6.07	6.13	4332669	30787652.00
20140704	6.14	6.16	6.09	6.13	3109598	22081868.00
20140707	6.13	6.14	6.07	6.10	2924313	20712180.00
20140708	6.09	6.14	6.07	6.13	2639046	18724648.00
20140709	6.13	6.13	6.02	6.03	3458722	24369442.00
20140710	6.03	6.09	6.03	6.07	2352529	16558231.00
20140711	6.07	6.14	6.06	6.13	3393042	24093024.00
20140714	6.16	6.24	6.12	6.22	5193493	37253400.00
20140715	6.21	6.25	6.15	6.19	3381714	24234588.00
20140716	6.19	6.23	6.16	6.21	3634825	26088868.00
20140717	6.24	6.32	6.22	6.32	10039551	72962448.00
20140718	6.28	6.35	6.28	6.32	6071660	44294800.00
20140721	6.29	6.31	6.18	6.19	4352601	31378164.00
20140722	6.17	6.28	6.17	6.23	2783447	20086744.00
20140723	6.22	6.28	6.21	6.22	3523942	25471728.00
20140724	6.22	6.30	6.21	6.29	4623633	33503800.00
20140725	6.29	6.40	6.26	6.37	5424177	39792504.00
20140728	6.39	6.49	6.38	6.47	10055080	74602792.00
20140729	6.48	6.49	6.41	6.44	5040001	37383136.00
20140730	6.42	6.46	6.34	6.38	5638789	41555360.00
20140731	6.37	6.45	6.35	6.44	3722068	27426764.00
20140801	6.42	6.48	6.38	6.39	7612255	56371312.00
20140804	6.46	6.56	6.45	6.55	8242854	61777772.00
20140805	6.59	6.59	6.47	6.50	8014239	60092000.00
20140806	6.50	6.53	6.46	6.53	7037400	52652148.00
20140807	6.53	6.54	6.42	6.45	10603549	79078816.00
20140808	6.47	6.47	6.41	6.45	5834293	41107556.00
20140811	6.43	6.51	6.43	6.50	5523938	39117528.00
20140812	6.50	6.53	6.47	6.53	5421463	38600064.00
20140813	6.52	6.56	6.44	6.49	6282681	44661480.00
20140814	6.49	6.51	6.45	6.46	4544575	32235958.00
20140815	6.46	6.52	6.45	6.51	4032107	28639756.00
20140818	6.52	6.56	6.50	6.54	4663019	33277156.00
20140819	6.54	6.67	6.51	6.67	11577759	83398744.00
20140820	6.66	6.87	6.62	6.77	11880413	87270328.00
20140821	6.77	6.92	6.73	6.80	7977472	58988424.00
20140822	6.83	6.98	6.71	6.89	10922426	81523824.00
20140825	6.88	6.98	6.82	6.91	8472242	63620104.00
20140826	6.88	7.02	6.76	6.95	11957206	89768144.00
20140827	6.94	6.99	6.88	6.93	6131203	46233692.00
20140828	6.92	6.92	6.76	6.78	5208960	38684360.00
20140829	6.81	6.87	6.69	6.83	4477828	33105848.00
20140901	6.80	6.93	6.78	6.88	4367428	32596724.00
20140902	6.90	6.96	6.86	6.94	9793873	73703512.00
20140903	6.97	7.00	6.91	6.98	8260854	62566696.00
20140904	6.96	6.99	6.93	6.96	9870471	74720544.00
20140905	6.97	7.27	6.96	7.22	16891879	130900824.00
20140909	7.21	7.42	7.20	7.40	17415565	138626064.00
20140910	7.37	7.49	7.30	7.38	12859752	102867648.00
20140911	7.38	7.42	7.26	7.36	9302333	74055496.00
20140912	7.34	7.53	7.31	7.52	14005798	112538832.00
20140915	7.45	7.62	7.45	7.61	8396158	68527032.00
20140916	7.60	7.75	7.29	7.39	13211935	107792016.00
20140917	7.35	7.42	7.31	7.42	10757227	85760392.00
20140918	7.40	7.47	7.37	7.44	4720038	37861984.00
20140919	7.41	7.45	7.36	7.43	5482844	43935832.00
20140922	7.40	7.40	7.30	7.34	6607130	52524168.00
20140923	7.30	7.38	7.30	7.36	3906318	31089880.00
20140924	7.34	7.51	7.32	7.49	6797392	54710612.00
20140925	7.51	7.62	7.45	7.48	8098522	66113916.00
20140926	7.44	7.51	7.41	7.47	4761911	38380712.00
20140929	7.50	7.60	7.45	7.59	9802325	79708696.00
20140930	7.61	7.75	7.56	7.74	10769815	89028640.00
20141008	7.74	7.77	7.60	7.73	6932488	57496808.00
20141009	7.75	7.81	7.63	7.71	7401717	61575324.00
20141010	7.71	7.71	7.59	7.60	6400021	52691696.00
20141013	7.56	7.67	7.44	7.64	11037064	89963296.00
20141014	7.59	7.99	7.58	7.68	15300418	129015368.00
20141015	7.71	7.87	7.68	7.82	7511086	63099032.00
20141016	7.76	7.84	7.64	7.68	6998504	58519424.00
20141017	7.68	7.74	7.45	7.71	10326873	84657248.00
20141020	7.70	7.81	7.69	7.80	7269013	60948500.00
20141021	7.80	7.84	7.69	7.83	6675054	55882848.00
20141022	7.77	8.04	7.74	7.79	8926516	75836464.00
20141023	7.78	7.79	7.59	7.61	7386882	61074768.00
20141024	7.56	7.67	7.54	7.64	5539268	45614452.00
20141027	7.62	7.65	7.47	7.58	3708037	30364128.00
20141028	7.60	7.80	7.60	7.79	6294289	52471628.00
20141029	7.83	8.42	7.81	8.40	23702215	207984240.00
20141030	8.29	8.43	8.20	8.31	15557769	138926416.00
20141031	8.32	8.78	8.21	8.56	18669989	171009280.00
20141103	8.64	9.06	8.64	8.72	20492017	193409376.00
20141104	8.74	8.82	8.55	8.63	11729386	108732744.00
20141105	8.57	8.69	8.52	8.57	7949547	73153968.00
20141106	8.59	8.89	8.58	8.75	12395370	115902056.00
20141107	8.85	8.89	8.57	8.64	15135034	141018416.00
20141110	8.70	9.07	8.70	9.03	19917727	190344048.00
20141111	9.04	9.32	8.72	8.85	20992344	201951216.00
20141112	8.83	9.28	8.75	9.24	14073538	137326144.00
20141113	9.33	9.45	9.16	9.19	15792860	156762544.00
20141114	9.15	9.24	9.00	9.07	8804006	85338776.00
20141117	9.27	9.37	9.09	9.14	9769414	95882912.00
20141118	9.16	9.19	8.77	8.84	15806061	150162448.00
20141119	8.83	8.92	8.67	8.77	7244097	68115120.00
20141120	8.75	8.83	8.64	8.82	8160687	76098760.00
20141121	8.80	9.16	8.75	9.11	13567599	130439000.00
20141124	9.14	9.27	8.99	9.08	14047062	136928800.00
20141125	9.09	9.34	9.07	9.22	13621626	134154272.00
20141126	9.22	9.28	9.06	9.16	11172138	109181320.00
20141127	9.16	9.22	8.99	9.06	12568094	121452200.00
20141128	9.11	9.81	9.09	9.47	25656331	259297488.00
20141201	9.48	9.79	9.27	9.31	20803241	209875872.00
20141202	9.29	9.51	9.14	9.46	15982223	159170640.00
20141203	9.49	9.57	9.27	9.39	17086188	171332560.00
20141204	9.39	9.59	9.34	9.57	19563330	197012320.00
20141205	9.60	9.66	9.10	9.39	20953731	208670320.00
20141208	9.57	9.86	9.40	9.77	35098065	361316032.00
20141209	9.89	10.81	9.84	10.52	59569909	660869632.00
20141210	10.74	11.63	10.05	11.61	52658619	603061824.00
20141211	11.61	12.73	11.27	12.10	54451836	695282688.00
20141212	11.94	11.98	11.42	11.73	29677320	363109216.00
20141215	12.39	12.39	11.51	11.60	32002912	398690304.00
20141216	11.49	11.59	11.09	11.40	34151920	405684224.00
20141217	11.39	11.83	11.28	11.63	29850918	364880000.00
20141218	11.54	11.55	11.32	11.33	19162767	229939456.00
20141219	11.35	11.68	11.09	11.60	32395855	391355040.00
20141222	11.39	11.54	10.89	10.94	25777508	301385696.00
20141223	10.94	11.09	10.59	10.66	11692938	134356432.00
20141224	10.68	10.84	10.52	10.81	12017478	135967888.00
20141225	10.79	11.13	10.75	11.03	12853801	148438752.00
20141226	11.07	11.31	10.92	11.22	23525976	276380864.00
20141229	11.03	11.05	10.48	10.64	37596381	426010752.00
20141230	10.57	10.65	10.04	10.17	25075183	273427008.00
20141231	10.19	10.33	10.09	10.32	19707899	213624416.00
20150105	10.39	11.14	10.33	11.04	39217234	447453984.00
20150106	10.89	11.25	10.69	11.08	23870238	277053280.00
20150107	11.14	11.18	10.79	10.96	13349659	154539344.00
20150108	10.98	11.14	10.64	10.71	11512159	131349776.00
20150109	10.72	11.02	10.64	10.76	15393854	176458912.00
20150112	10.68	10.69	10.25	10.31	11398746	126081480.00
20150113	10.29	10.45	10.21	10.42	9304637	101586320.00
20150114	10.39	10.42	10.24	10.31	6880932	75154576.00
20150115	10.29	10.80	10.24	10.74	9657700	107630816.00
20150116	10.71	10.86	10.58	10.74	8001000	90822880.00
20150119	10.11	10.49	9.69	9.92	15491893	166251264.00
20150120	9.92	10.17	9.92	10.16	10466309	111836832.00
20150121	10.18	10.59	10.18	10.55	11526454	126922936.00
20150122	10.54	10.91	10.43	10.82	15549500	176338656.00
20150123	10.84	11.12	10.75	10.83	13694571	157831008.00
20150126	10.78	11.01	10.74	11.00	10807964	124561240.00
20150127	11.00	11.09	10.57	10.84	14775761	169308560.00
20150128	10.78	10.89	10.66	10.75	6323963	71945968.00
20150129	10.64	10.74	10.59	10.66	5908413	66618052.00
20150130	10.66	10.79	10.50	10.51	6390615	71780064.00
20150202	10.42	10.42	10.19	10.21	6245098	67897240.00
20150203	10.24	10.37	10.17	10.31	6991531	76141368.00
20150204	10.37	10.42	10.25	10.26	5526213	60512504.00
20150205	10.39	10.47	10.19	10.20	7864378	85842816.00
20150206	10.18	10.18	9.82	9.91	7546588	79729288.00
20150209	9.90	9.90	9.67	9.69	8906933	92227624.00
20150210	9.69	9.85	9.63	9.85	7996373	82739640.00
20150211	9.84	9.96	9.77	9.89	5558414	58209116.00
20150212	9.88	9.98	9.85	9.96	4368177	46001336.00
20150213	10.01	10.22	10.01	10.12	6802065	73193032.00
20150216	10.13	10.27	10.11	10.23	4925746	53123616.00
20150217	10.24	10.54	10.22	10.54	9337429	102724312.00
20150225	10.42	10.51	10.35	10.40	5954141	65648208.00
20150226	10.40	10.60	10.28	10.59	9459799	105084592.00
20150227	10.59	10.94	10.57	10.81	13973495	159528176.00
20150302	10.94	10.97	10.67	10.78	7324681	83392000.00
20150303	10.76	10.76	10.38	10.41	10876045	120929552.00
20150304	10.40	10.50	10.37	10.49	7659404	84630208.00
20150305	10.49	10.49	10.32	10.41	6707090	73777864.00
20150306	10.37	10.45	10.34	10.40	5796014	63675400.00
20150309	10.35	10.54	10.24	10.53	6441425	70913008.00
20150310	10.49	10.80	10.44	10.73	10950667	123531104.00
20150311	10.73	11.04	10.69	10.70	12278215	140861760.00
20150312	10.71	10.84	10.52	10.59	11728393	132364488.00
20150313	10.61	10.87	10.61	10.84	12090129	137645552.00
20150316	10.99	11.12	10.91	11.10	18204947	211973504.00
20150317	11.13	12.07	11.07	11.86	36639007	450014432.00
20150318	11.86	11.94	11.65	11.77	25303150	313297312.00
20150319	11.72	11.72	11.52	11.59	18999415	231983360.00
20150320	11.59	11.80	11.57	11.69	14374826	176646224.00
20150323	11.70	11.89	11.65	11.77	21100625	260928704.00
20150324	11.76	11.77	11.34	11.62	21418478	261083344.00
20150325	11.77	12.33	11.77	11.81	31043153	390688608.00
20150326	11.71	12.09	11.54	11.88	22282679	276471328.00
20150327	11.84	12.15	11.81	12.00	18614292	234848192.00
20150330	12.13	12.70	12.13	12.53	29946875	389801600.00
20150331	12.57	12.69	12.15	12.21	24722547	320414912.00
20150401	12.22	12.49	12.20	12.38	17169804	222517552.00
20150402	12.42	12.48	12.13	12.33	19726153	254860256.00
20150403	12.24	12.81	12.13	12.74	28425492	372667584.00
20150407	12.77	13.26	12.64	13.07	26752992	362145568.00
20150408	13.04	13.04	12.67	12.80	21434302	288445952.00
20150409	12.81	12.82	12.26	12.38	19875439	259271184.00
20150410	12.38	12.78	12.25	12.73	17996374	237217488.00
20150413	12.72	13.04	12.72	12.97	20338543	275222720.00
20150414	12.96	13.57	12.87	13.38	23223844	322125536.00
20150415	13.33	13.67	12.90	13.05	21880205	303802528.00
20150416	12.89	13.70	12.79	13.67	21548840	300755104.00
20150417	13.93	14.11	13.59	13.85	26230135	379813024.00
20150420	13.90	14.37	13.59	13.73	34147234	499408192.00
20150421	13.82	14.35	13.70	14.33	23839782	350021312.00
20150422	14.45	14.96	14.45	14.54	22707818	346780192.00
20150423	14.56	14.64	14.14	14.37	18803026	281221408.00
20150424	14.00	14.19	13.82	14.06	17757042	259607040.00
20150427	14.09	14.48	14.09	14.43	19189060	286992000.00
20150428	14.46	14.50	13.71	13.92	16718079	244427712.00
20150429	13.84	14.28	13.65	14.22	16420093	241394720.00
20150430	14.42	14.79	14.29	14.31	22441988	339202560.00
20150504	14.58	15.45	13.62	15.19	32986760	509853792.00
20150505	14.87	15.04	14.16	14.26	21190713	322510144.00
20150506	14.27	14.60	14.02	14.17	18569221	277636416.00
20150507	14.00	14.23	13.69	13.80	15718248	228973936.00
20150508	13.79	14.81	13.79	14.70	23688504	352094752.00
20150511	14.79	14.98	14.44	14.97	14250055	219491072.00
20150512	14.99	15.07	14.75	14.84	16962629	262885264.00
20150513	14.82	14.84	14.48	14.67	15521244	235887776.00
20150514	14.68	14.79	14.41	14.71	14368638	219353600.00
20150515	14.70	14.82	14.39	14.59	11089678	168112032.00
20150518	14.50	14.50	14.09	14.13	10505704	156037504.00
20150519	14.13	14.62	14.11	14.61	14169026	213361184.00
20150520	14.75	15.49	14.65	14.68	20272781	317270176.00
20150521	14.57	15.32	14.57	15.29	18355438	287990560.00
20150522	15.54	16.09	15.54	16.03	30541187	502322592.00
20150525	15.92	17.44	15.92	17.29	30245929	529133568.00
20150526	17.41	17.69	16.77	17.38	29454963	526991744.00
20150527	17.39	18.57	17.10	18.12	28043259	519830784.00
20150528	17.90	18.20	16.47	16.64	25619650	464088000.00
20150529	16.69	17.11	15.80	16.73	19840253	341287392.00
20150601	16.79	18.46	16.71	18.46	25976038	476503104.00
20150602	18.46	19.69	18.13	19.39	39087283	761632256.00
20150603	19.09	19.51	18.07	19.11	29158985	566109760.00
20150604	18.78	18.84	17.35	18.54	16682745	315138912.00
20150605	18.89	19.18	18.19	18.79	20306076	393804896.00
20150608	18.78	20.02	18.44	19.54	30296204	602675328.00
20150609	19.51	19.54	18.65	19.09	21124144	414480000.00
20150610	18.89	19.48	18.75	19.14	19131678	379005920.00
20150611	19.14	19.69	18.89	19.39	30136409	599381120.00
20150612	19.57	19.66	19.17	19.48	19908465	392768608.00
20150615	19.58	21.35	19.48	20.64	39927126	821669312.00
20150616	20.16	20.38	18.76	19.14	23057516	458107584.00
20150617	19.10	20.17	17.83	19.81	28690169	556482496.00
20150618	19.73	20.64	19.22	19.42	26963454	548972160.00
20150619	18.46	19.11	17.45	17.45	16901860	312071584.00
20150623	17.37	17.68	15.88	17.67	15639840	268202320.00
20150624	17.82	18.40	17.14	17.92	25381553	461001632.00
20150625	17.93	17.93	16.28	16.68	21366447	374448544.00
20150626	16.30	16.30	14.98	14.99	26609702	419936096.00
20150629	15.47	16.08	13.50	15.50	39157234	597773184.00
20150630	15.18	16.76	14.68	16.58	33881996	551574912.00
20150701	16.40	16.78	15.13	15.16	24217445	398104256.00
20150702	15.23	15.47	13.61	13.61	32901941	475830272.00
20150703	12.98	13.63	12.23	12.70	32089453	419324992.00
20150706	14.00	14.00	11.68	13.33	52684190	688356160.00
20150707	12.68	13.18	11.97	11.97	39518002	494108928.00
20150708	10.74	11.73	10.74	10.94	81586285	935075008.00
20150709	11.03	12.07	11.03	12.07	17596791	212010880.00
20150710	12.69	13.31	12.69	13.31	14456910	194473328.00
20150713	14.06	14.67	13.68	14.67	20875597	303465600.00
20150714	14.57	15.52	14.18	14.42	28304400	428545888.00
20150715	14.00	14.27	12.95	13.02	20301480	279800576.00
20150716	13.02	13.93	12.74	13.65	16511506	228006144.00
20150717	13.67	14.58	13.67	14.32	17119957	247497104.00
20150720	14.28	14.71	14.04	14.24	16268436	238584832.00
20150721	13.88	14.56	13.80	14.39	16869355	245637088.00
20150722	14.27	14.48	13.88	14.27	14395674	209170528.00
20150723	14.27	15.04	14.19	14.92	24304640	366882240.00
20150724	14.92	15.22	14.38	14.54	19521863	296400704.00
20150727	14.18	14.48	13.05	13.05	19071201	269370080.00
20150728	12.78	13.50	12.19	13.07	23210228	306387392.00
20150729	13.28	13.73	12.93	13.69	11997081	162712832.00
20150730	13.73	14.26	13.35	13.39	14681807	208954848.00
20150731	13.20	13.58	13.11	13.47	9428735	128637480.00
20150803	13.20	13.86	13.10	13.85	12383590	170415136.00
20150804	13.83	14.49	13.81	14.39	12831361	186045296.00
20150805	14.37	14.64	14.00	14.10	10854459	158390864.00
20150806	13.89	14.28	13.86	14.13	9695045	139880944.00
20150807	14.15	14.56	14.15	14.39	10773732	158243392.00
20150810	14.56	15.44	14.41	15.26	19152984	292612960.00
20150811	15.25	15.28	14.87	15.13	12951262	200075584.00
20150812	14.72	15.02	14.51	14.58	8808901	132596336.00
20150813	14.46	15.06	14.46	14.94	7403755	112099312.00
20150814	15.07	15.38	14.91	15.05	11157920	172263456.00
20150817	14.98	15.64	14.95	15.62	15670887	246164880.00
20150818	15.71	16.16	14.20	14.45	21539071	338237312.00
20150819	14.16	14.96	13.78	14.91	10703379	157239280.00
20150820	14.63	15.27	14.51	14.63	10333799	157998064.00
20150821	14.40	14.63	13.68	13.85	10100078	145705968.00
20150824	13.33	13.53	12.43	12.43	12430877	162007024.00
20150825	11.63	12.79	11.16	11.19	17337393	208749504.00
20150826	11.53	11.97	10.83	11.53	13178401	156691584.00
20150827	11.79	12.22	11.59	12.20	9961495	122285600.00
20150828	12.38	12.98	12.25	12.91	14083644	180888112.00
20150831	12.68	12.68	12.30	12.41	8384875	107333808.00
20150901	12.36	12.36	11.60	11.79	8111935	99310240.00
20150902	11.38	12.38	11.19	12.16	17541503	215834624.00
20150907	12.18	12.77	11.89	11.96	12936384	162038320.00
20150908	11.85	12.40	11.70	12.32	7915938	97993568.00
20150909	12.35	12.69	12.25	12.53	12615110	161665296.00
20150910	12.36	12.48	12.21	12.22	5953150	75408448.00
20150911	12.28	12.32	11.98	12.19	5988433	74782312.00
20150914	12.23	12.29	11.50	11.60	7513954	91395824.00
20150915	11.39	11.74	11.20	11.25	5093927	59997000.00
20150916	11.27	12.25	11.18	12.11	10229153	122598768.00
20150917	11.88	12.10	11.60	11.62	10322196	125640360.00
20150918	11.67	11.76	11.48	11.60	4548390	54221680.00
20150921	11.51	11.84	11.38	11.82	5744354	68840088.00
20150922	11.86	12.18	11.78	11.98	8587184	105222488.00
20150923	11.81	11.89	11.63	11.66	4821692	58222960.00
20150924	11.67	11.85	11.67	11.78	4412736	53393104.00
20150925	11.78	11.89	11.58	11.68	4473329	53940088.00
20150928	11.75	11.84	11.60	11.81	2651477	31982568.00
20150929	11.70	11.77	11.54	11.58	3661195	43730344.00
20150930	11.64	11.76	11.58	11.67	2567200	30757396.00
20151008	12.03	12.30	12.00	12.09	8179456	101927168.00
20151009	12.09	12.29	12.01	12.26	6610369	82798936.00
20151012	12.31	12.82	12.19	12.76	10012931	129767592.00
20151013	12.73	12.79	12.49	12.72	5767272	75058432.00
20151014	12.71	12.81	12.42	12.46	5262012	68004336.00
20151015	12.46	12.73	12.41	12.72	5162660	66839820.00
20151016	12.78	13.49	12.78	13.41	14996173	204264080.00
20151019	13.28	13.34	13.06	13.14	7853327	106068056.00
20151020	13.15	13.38	13.07	13.31	5652141	76587296.00
20151021	13.31	13.44	12.38	12.50	8076983	107851568.00
20151022	12.54	12.89	12.50	12.85	5898092	76876312.00
20151023	12.93	13.30	12.86	13.11	7776911	104348584.00
20151026	13.33	13.34	13.01	13.11	9096359	122126992.00
20151027	13.08	13.08	12.60	13.04	5322117	70053632.00
20151028	12.99	13.17	12.82	12.88	5194000	69348840.00
20151029	12.91	13.13	12.86	13.02	4168458	55471528.00
20151030	12.98	13.18	12.69	13.14	7312381	97214552.00
20151102	12.94	13.58	12.94	13.30	11973952	163315840.00
20151103	13.32	13.61	13.21	13.29	10990460	150853504.00
20151104	13.36	13.95	13.35	13.90	17325020	243103296.00
20151105	13.91	14.64	13.69	13.74	36950033	532510880.00
20151106	13.79	14.10	13.76	14.04	15016585	214557616.00
20151109	14.13	14.30	13.89	14.15	25049438	360384608.00
20151110	14.04	14.14	13.86	13.91	14241677	204115808.00
20151111	13.97	14.05	13.86	13.96	8816997	125700088.00
20151112	13.96	13.96	13.58	13.73	12557349	176385760.00
20151113	13.58	13.68	13.45	13.54	6130245	85125416.00
20151116	13.48	13.71	13.34	13.70	6219138	86083000.00
20151117	13.76	13.93	13.59	13.62	15009632	211381568.00
20151118	13.56	13.65	13.44	13.47	5690048	78893312.00
20151119	13.49	13.64	13.43	13.63	5217062	72198208.00
20151120	13.65	13.67	13.47	13.61	7484792	103938216.00
20151123	13.59	13.66	13.46	13.53	7448687	103513104.00
20151124	13.50	13.56	13.16	13.36	10572096	143807056.00
20151125	13.31	13.40	13.17	13.39	9538943	129547192.00
20151126	13.41	13.69	13.29	13.59	13474033	186386496.00
20151127	13.49	13.54	12.83	12.89	9990811	135527216.00
20151130	12.98	13.03	12.59	12.94	7922882	104394976.00
20151201	12.94	13.16	12.80	13.14	6180936	82207256.00
20151202	13.03	13.60	12.96	13.57	10610471	144806448.00
20151203	13.58	13.71	13.45	13.63	8884870	123976792.00
20151204	13.50	13.61	13.33	13.38	6121987	84084688.00
20151207	13.44	13.72	13.44	13.63	6914658	96193624.00
20151208	13.55	13.76	13.39	13.41	9026074	125275144.00
20151209	13.37	13.57	13.28	13.38	4978976	68221376.00
20151210	13.38	13.53	13.33	13.41	3335317	45889480.00
20151211	13.35	13.61	13.31	13.49	5753409	79427352.00
20151214	13.38	13.80	13.30	13.78	7196385	100183904.00
20151215	13.78	13.83	13.57	13.65	9145514	128444968.00
20151216	13.76	13.89	13.68	13.71	7849618	110845736.00
20151217	13.81	13.97	13.74	13.93	9700415	137800992.00
20151218	13.92	14.24	13.89	14.04	13222357	190355584.00
20151221	13.93	14.88	13.92	14.43	25555625	376228544.00
20151222	14.56	14.56	14.25	14.45	10418705	153055952.00
20151223	14.43	14.57	13.98	14.13	17363933	253907360.00
20151224	14.06	14.17	13.88	14.03	7575355	108432744.00
20151225	14.04	14.21	13.91	14.11	6822300	98427504.00
20151228	14.27	14.27	13.67	13.69	18989742	271250528.00
20151229	13.67	13.83	13.61	13.81	6558216	92169680.00
20151230	13.87	13.91	13.72	13.84	5719928	80888136.00
20151231	13.90	14.07	13.88	13.91	10631762	151957056.00
20160104	13.96	13.96	12.49	12.72	12091206	166226464.00
20160105	12.47	13.01	12.28	12.82	17396695	227096576.00
20160106	12.85	13.13	12.74	13.11	9676196	127728784.00
20160107	12.91	12.91	12.03	12.10	2315000	29774568.00
20160108	12.28	12.52	11.83	12.38	18756201	235967216.00
20160111	12.16	12.29	11.72	11.78	10098122	124532968.00
20160112	11.88	11.99	11.68	11.84	8403447	102032064.00
20160113	11.88	11.95	11.56	11.57	6763062	81797792.00
20160114	11.33	11.78	11.28	11.75	7806528	92650856.00
20160115	11.72	11.73	11.26	11.35	7051255	83515136.00
20160118	11.18	11.73	11.08	11.68	7216720	85217208.00
20160119	11.58	12.24	11.56	12.20	10009045	122420560.00
20160120	12.09	12.34	11.88	12.13	7396558	92107568.00
20160121	12.00	12.19	11.69	11.88	5320053	65624472.00
20160122	11.93	12.12	11.69	12.04	5586704	68494416.00
20160125	12.07	12.16	11.94	12.14	4701640	58191216.00
20160126	12.05	12.25	11.53	11.55	6531924	80274952.00
20160127	11.49	11.68	11.06	11.60	7327287	85747272.00
20160128	11.36	11.63	11.26	11.48	5615679	66062908.00
20160129	11.48	11.96	11.44	11.89	6530007	78710648.00
20160201	11.88	11.88	11.56	11.63	3517054	42276932.00
20160202	11.65	11.95	11.65	11.88	4773381	58184888.00
20160203	11.83	12.10	11.75	12.04	5981827	73534472.00
20160204	12.02	12.30	12.02	12.22	3993191	49790096.00
20160205	12.19	12.27	11.97	12.03	3120900	38963332.00
20160215	11.76	12.21	11.76	12.02	2786924	34332340.00
20160216	12.03	12.41	12.03	12.37	5260910	66244008.00
20160217	12.42	12.56	12.26	12.51	4913980	62399832.00
20160218	12.49	12.55	12.32	12.48	3777271	48263528.00
20160219	12.36	12.44	12.26	12.40	6946982	87885624.00
20160222	12.45	12.75	12.44	12.66	5120830	66198220.00
20160223	12.68	12.71	12.40	12.67	6243546	80364472.00
20160224	12.96	13.26	12.75	13.22	22388757	297629760.00
20160225	13.09	13.18	12.46	12.73	33329102	437854944.00
20160226	12.06	12.13	11.43	11.55	43995867	525321280.00
20160229	11.42	11.42	10.83	10.96	16402146	186494064.00
20160301	10.98	11.18	10.89	11.11	10252758	116432176.00
20160302	11.12	11.64	11.11	11.56	13791306	162423392.00
20160303	11.57	11.63	11.48	11.52	8422393	99966520.00
20160304	11.52	11.57	11.18	11.41	9342396	109695432.00
20160307	11.49	11.71	11.43	11.52	8238326	97839384.00
20160308	11.48	11.54	11.16	11.53	5711818	66742088.00
20160309	11.36	11.54	11.23	11.40	4074858	47774104.00
20160310	11.35	11.48	11.25	11.27	3878119	45385924.00
20160311	11.24	11.35	11.14	11.28	3334393	38610548.00
20160314	11.37	11.67	11.37	11.51	7292832	86575880.00
20160315	11.55	11.81	11.50	11.70	9998629	120002472.00
20160316	11.75	11.77	11.56	11.61	4314733	51625864.00
20160317	11.62	11.86	11.59	11.79	6138879	74017064.00
20160318	11.83	12.10	11.79	12.02	7536562	92635648.00
20160321	12.07	12.27	12.04	12.18	8027849	100398616.00
20160322	12.08	12.17	11.98	12.08	6346385	78574208.00
20160323	12.07	12.11	11.80	11.93	7097973	86774240.00
20160324	11.86	11.94	11.71	11.78	4906959	59662736.00
20160325	11.77	12.00	11.76	11.88	3465601	42240952.00
20160328	11.95	12.14	11.83	11.89	5695957	70240096.00
20160329	11.91	11.97	11.68	11.77	6765616	82174640.00
20160330	11.86	12.22	11.83	12.20	10814416	133888976.00
20160331	12.08	12.22	12.03	12.08	10320709	128317184.00
20160401	12.04	12.18	11.84	12.00	6689774	82256368.00
20160405	11.98	12.32	11.94	12.26	7335643	91696880.00
20160406	12.28	12.34	12.19	12.33	5078337	63891160.00
20160407	12.30	12.47	12.16	12.17	4684514	59116000.00
20160408	12.12	12.13	11.93	12.04	4665666	57595400.00
20160411	12.11	12.29	12.11	12.26	4971316	62326848.00
20160412	12.24	12.28	12.09	12.19	3578649	44699120.00
20160413	12.20	12.54	12.20	12.37	8363785	106563328.00
20160414	12.39	12.46	12.31	12.43	3145457	39971704.00
20160415	12.39	12.47	12.30	12.43	3310438	42103652.00
20160418	12.38	12.38	12.14	12.17	5078105	63759780.00
20160419	12.20	12.27	12.03	12.08	6608953	82245440.00
20160420	12.09	12.18	11.63	11.83	7270983	88918128.00
20160421	11.77	11.95	11.75	11.80	3346946	40780676.00
20160422	11.80	11.89	11.69	11.80	3757379	45453604.00
20160425	11.77	11.92	11.60	11.83	5629917	68107152.00
20160426	11.79	11.91	11.77	11.88	2648945	32217714.00
20160427	11.86	11.92	11.79	11.82	3828657	46595480.00
20160428	11.81	11.86	11.68	11.77	3234104	39102160.00
20160429	11.75	11.84	11.69	11.70	4540384	54857844.00
20160503	11.73	12.02	11.72	11.98	8367160	102364360.00
20160504	11.92	12.11	11.83	12.06	10916342	134374928.00
20160505	12.04	12.16	12.00	12.10	8964561	111198992.00
20160506	12.13	12.24	11.89	11.95	12265276	151757168.00
20160509	11.93	11.93	11.48	11.58	7995254	95774520.00
20160510	11.52	11.65	11.52	11.62	3767434	44915728.00
20160511	11.67	12.33	11.62	12.02	12269659	150305424.00
20160512	11.94	12.04	11.77	11.96	6264058	76579272.00
20160513	11.90	12.08	11.80	11.87	5671598	69406952.00
20160516	11.87	11.99	11.81	11.98	3701441	45277960.00
20160517	11.97	12.05	11.85	11.94	3644458	44701528.00
20160518	11.90	11.94	11.63	11.70	5148771	62305076.00
20160519	11.71	11.78	11.65	11.67	4641469	55793232.00
20160520	11.64	11.72	11.61	11.71	2915937	34960936.00
20160523	11.67	11.95	11.66	11.84	5421637	65918352.00
20160524	11.83	11.84	11.68	11.76	2725634	32900342.00
20160525	11.82	11.85	11.70	11.72	2127760	25710612.00
20160526	11.75	11.75	11.58	11.68	4465033	53410840.00
20160527	11.67	11.71	11.59	11.64	3292669	39394852.00
20160530	11.63	11.69	11.55	11.58	3785261	45118264.00
20160531	11.60	11.92	11.60	11.92	9090874	110248064.00
20160601	11.91	11.92	11.83	11.87	5616280	68471048.00
20160602	11.88	11.90	11.81	11.87	4056587	49377308.00
20160603	11.89	12.00	11.83	11.96	8076250	99074648.00
20160606	11.99	12.14	11.96	12.00	6097888	75402816.00
20160607	11.98	12.01	11.90	11.94	2858086	35039720.00
20160608	11.93	11.93	11.77	11.84	3910121	47575216.00
20160613	11.76	11.80	11.62	11.64	4023986	48502732.00
20160614	11.62	11.68	11.58	11.65	3605852	43074844.00
20160615	11.59	11.84	11.58	11.83	3932811	47429232.00
20160616	11.78	11.78	11.65	11.69	3004600	36189244.00
20160617	11.71	11.81	11.71	11.77	3116545	37662124.00
20160620	11.75	11.77	11.62	11.74	3496555	41943148.00
20160621	11.75	11.83	11.73	11.77	4110059	49730572.00
20160622	11.74	11.93	11.72	11.93	4226107	51382404.00
20160623	11.91	11.94	11.81	11.86	1825590	22232952.00
20160624	11.81	11.88	11.51	11.73	3575409	43114432.00
20160627	11.73	11.88	11.71	11.85	2421825	29400716.00
20160628	11.81	11.85	11.73	11.84	4022661	48710076.00
20160629	11.85	11.94	11.83	11.93	4332837	52969912.00
20160630	11.97	11.98	11.89	11.94	2988600	36588448.00
20160701	11.95	12.00	11.92	11.96	2551342	31338940.00
20160704	11.95	12.27	11.90	12.16	8041640	100314512.00
20160705	12.19	12.33	12.17	12.26	5884384	74027824.00
20160706	12.28	12.38	12.16	12.35	7213400	90905568.00
20160707	12.32	12.36	12.20	12.32	4842500	61054672.00
20160708	12.32	12.34	12.17	12.18	4440800	55675212.00
20160711	12.21	12.29	12.12	12.21	6176400	77438304.00
20160712	12.20	12.80	12.18	12.70	20966700	269660096.00
20160713	12.73	12.76	12.55	12.62	9546600	123692072.00
20160714	12.62	12.64	12.53	12.64	6541000	84448496.00
20160715	12.63	12.80	12.63	12.74	6202900	81049232.00
20160718	12.74	12.93	12.62	12.64	7728300	101040520.00
20160719	12.66	12.66	12.53	12.62	5078700	65552992.00
20160720	12.61	12.67	12.55	12.59	3104600	40109408.00
20160721	12.58	13.09	12.57	12.98	15778000	208640544.00
20160722	12.92	13.04	12.85	12.88	6974800	92639368.00
20160725	12.83	12.97	12.81	12.90	4521500	59789728.00
20160726	12.93	13.24	12.88	13.23	8991400	120901568.00
20160727	13.25	13.53	12.98	13.12	14913381	203042496.00
20160728	13.19	13.54	13.09	13.47	11291979	154316464.00
20160729	13.44	13.58	13.21	13.26	8610588	118097848.00
20160801	13.20	13.25	13.01	13.10	7562240	101610816.00
20160802	13.10	13.16	12.92	13.08	4363629	58309648.00
20160803	13.06	13.22	13.01	13.17	4688486	63154556.00
20160804	13.15	13.26	13.08	13.18	4864527	65602268.00
20160805	13.20	13.25	13.14	13.19	4007065	52838312.00
20160808	13.09	13.12	12.88	13.09	6699884	87133064.00
20160809	13.07	13.26	13.06	13.20	4755100	62616820.00
20160810	13.21	13.22	13.01	13.05	4961800	64945896.00
20160811	13.05	13.09	12.86	12.90	6204200	80491160.00
20160812	12.90	13.31	12.88	13.31	7443655	97608952.00
20160815	13.26	13.66	13.26	13.53	12745401	172202192.00
20160816	13.55	13.81	13.33	13.37	17916552	242147328.00
20160817	13.39	13.52	13.37	13.47	6693260	90068784.00
20160818	13.49	13.64	13.45	13.49	6744387	91340504.00
20160819	13.55	13.62	13.37	13.55	6766706	91354608.00
20160822	13.56	13.84	13.53	13.67	10270300	141064624.00
20160823	13.64	13.83	13.63	13.68	4072200	55852216.00
20160824	13.69	13.99	13.69	13.93	10460300	145540992.00
20160825	13.93	14.25	13.81	14.20	12583600	176267440.00
20160826	14.22	14.43	14.12	14.18	7429800	106188992.00
20160829	14.12	14.15	13.81	13.98	7115507	99589760.00
20160830	13.98	14.09	13.92	14.06	3707827	51841656.00
20160831	13.98	14.04	13.72	13.80	10262938	141989776.00
20160901	13.82	13.92	13.78	13.81	4565131	63261124.00
20160902	13.81	13.90	13.73	13.82	4086145	56480432.00
20160905	13.83	14.09	13.81	14.07	6350163	88956320.00
20160906	14.07	14.20	13.91	14.09	6062704	85381528.00
20160907	14.09	14.40	14.08	14.28	7536435	107721920.00
20160908	14.28	14.49	14.14	14.26	5012900	71777752.00
20160909	14.26	14.45	14.21	14.36	5376158	77300336.00
20160912	14.18	14.20	13.75	13.93	11167580	155445808.00
20160913	13.94	14.05	13.82	13.93	4084943	56875600.00
20160914	13.92	13.93	13.77	13.81	3692635	51084532.00
20160919	13.82	14.09	13.81	14.03	3292453	45954600.00
20160920	14.03	14.24	13.92	14.05	6032505	85079912.00
20160921	14.07	14.11	13.96	14.04	2993607	42082236.00
20160922	14.05	14.36	14.00	14.05	6787362	96091480.00
20160923	14.07	14.16	14.06	14.09	2958620	41700776.00
20160926	14.09	14.11	13.82	13.86	3482269	48491148.00
20160927	13.84	13.94	13.78	13.91	2228833	30921758.00
20160928	13.90	13.92	13.66	13.70	4947084	67960024.00
20160929	13.75	13.84	13.71	13.78	3031420	41791200.00
20160930	13.78	13.85	13.72	13.82	1980138	27303222.00
20161010	13.90	14.15	13.87	14.10	5346822	75064752.00
20161011	14.13	14.13	14.01	14.06	5135147	72272528.00
20161012	14.05	14.08	13.88	13.96	3271893	45752772.00
20161013	13.96	14.03	13.90	13.95	2670033	37249328.00
20161014	13.95	14.01	13.82	14.00	4031229	55971952.00
20161017	13.99	14.06	13.89	13.90	4277329	59903268.00
20161018	13.89	14.17	13.89	14.14	5645122	79455296.00
20161019	14.12	14.21	14.09	14.15	3423315	48454436.00
20161020	14.19	14.20	14.11	14.17	3816051	53996880.00
20161021	14.16	14.25	14.12	14.23	3656860	51880588.00
20161024	14.25	14.55	14.21	14.47	7368081	106652456.00
20161025	14.50	14.64	14.40	14.55	4748427	68919448.00
20161026	14.55	14.55	14.40	14.48	2407785	34831392.00
20161027	14.48	14.59	14.33	14.38	2841547	40974316.00
20161028	14.38	14.62	14.34	14.50	4248853	61749352.00
20161031	14.53	14.87	14.50	14.64	7776537	114014880.00
20161101	14.62	14.73	14.49	14.65	3900000	56959576.00
20161102	14.59	14.66	14.50	14.65	3394400	49487932.00
20161103	14.59	14.69	14.45	14.58	4641823	67676072.00
20161104	14.61	14.77	14.60	14.68	3786500	55629340.00
20161107	14.64	14.86	14.58	14.84	4457906	65729988.00
20161108	14.88	15.09	14.85	15.05	4812756	72213568.00
20161109	15.04	15.07	14.68	14.83	5719386	85101648.00
20161110	14.91	15.32	14.91	15.17	5348684	81296080.00
20161111	15.13	15.29	15.13	15.26	4028967	61315104.00
20161114	15.25	15.31	14.98	15.17	4961859	75187312.00
20161115	15.17	15.25	15.01	15.14	2905980	43981504.00
20161116	15.15	15.17	14.98	15.01	4872800	73329168.00
20161117	15.01	15.16	14.97	15.09	4355400	65539536.00
20161118	15.07	15.18	14.97	15.00	2674500	40255968.00
20161121	14.99	15.09	14.89	14.98	4455800	66786576.00
20161122	14.98	15.01	14.92	15.01	3204064	47951760.00
20161123	15.06	15.09	14.90	14.95	3287269	49338384.00
20161124	14.98	15.13	14.89	15.01	4859900	72851784.00
20161125	15.01	15.05	14.85	15.00	4217600	62964880.00
20161128	15.03	15.06	14.90	14.95	7850800	117614744.00
20161129	14.94	15.35	14.86	15.02	9684600	146303792.00
20161130	15.05	15.08	14.63	14.71	9771000	144923008.00
20161201	14.77	14.83	14.62	14.66	10038345	147641936.00
20161202	14.70	14.72	14.59	14.67	7747888	113477032.00
20161205	14.60	14.70	14.58	14.61	4405900	64443740.00
20161206	14.59	14.68	14.58	14.64	2207200	32334638.00
20161207	14.66	14.66	14.56	14.60	3779100	55183540.00
20161208	14.62	14.70	14.57	14.64	5583000	81753264.00
20161209	14.64	14.74	14.59	14.68	3792100	55674920.00
20161212	14.69	14.74	14.10	14.16	12529362	179748272.00
20161213	14.16	14.22	13.90	14.09	6653962	93521488.00
20161214	14.07	14.10	13.74	13.76	7785760	108150488.00
20161215	13.79	13.90	13.68	13.71	6657282	91980608.00
20161216	13.71	14.09	13.69	14.04	6654144	92687208.00
20161219	13.96	14.13	13.95	14.05	4269372	59998468.00
20161220	14.04	14.09	13.92	13.96	3240056	45369608.00
20161221	13.96	14.25	13.96	14.24	5705524	80842640.00
20161222	14.23	14.35	14.20	14.26	3860833	55129084.00
20161223	14.27	14.30	14.09	14.14	3196532	45317872.00
20161226	14.10	14.18	13.93	14.11	4417188	62110848.00
20161227	14.18	14.33	14.10	14.26	3588130	51170828.00
20161228	14.25	14.33	14.00	14.10	4018045	56716016.00
20161229	14.08	14.15	14.00	14.08	2577700	36340432.00
20161230	14.15	14.19	14.08	14.09	1931600	27281124.00
20170103	14.09	14.33	14.09	14.29	4107092	58569556.00
20170104	14.28	14.43	14.27	14.39	6627299	95211184.00
20170105	14.41	14.52	14.32	14.35	5044270	72830152.00
20170106	14.31	14.43	14.27	14.35	3351562	48071400.00
20170109	14.33	14.48	14.33	14.47	3177596	45783240.00
20170110	14.46	14.54	14.36	14.46	3198967	46290200.00
20170111	14.45	14.45	14.31	14.34	4459747	64180868.00
20170112	14.34	14.37	14.15	14.16	3637391	51815116.00
20170113	14.24	14.24	14.07	14.13	3002532	42449636.00
20170116	14.10	14.15	13.68	13.97	12019647	167585152.00
20170117	13.91	14.03	13.87	13.93	5050698	70520784.00
20170118	13.97	14.05	13.93	14.00	6033338	84488192.00
20170119	13.99	14.07	13.95	14.01	3665457	51344764.00
20170120	13.99	14.18	13.94	14.17	3496520	49272448.00
20170123	14.16	14.30	14.15	14.23	3680163	52428728.00
20170124	14.25	14.29	14.15	14.26	3104957	44180264.00
20170125	14.24	14.44	14.21	14.43	4876146	70036832.00
20170126	14.46	14.52	14.36	14.44	3183355	45966372.00
20170203	14.38	14.44	14.17	14.25	5703293	81481512.00
20170206	14.25	14.33	14.17	14.32	4380304	62351576.00
20170207	14.31	14.44	14.27	14.43	5451583	78368720.00
20170208	14.42	14.49	14.31	14.47	3386493	48832296.00
20170209	14.47	14.50	14.41	14.49	3456748	49968408.00
20170210	14.49	14.60	14.46	14.56	3823025	55667512.00
20170213	14.57	14.66	14.53	14.60	3770590	55033912.00
20170214	14.60	14.65	14.50	14.55	3962113	57720768.00
20170215	14.52	14.56	14.43	14.44	6775016	98254360.00
20170216	14.46	14.52	14.42	14.48	4211315	60940628.00
20170217	14.48	14.51	14.32	14.33	4926788	70978480.00
20170220	14.36	14.75	14.34	14.73	9577700	139577456.00
20170221	14.75	14.84	14.66	14.84	7098840	104795952.00
20170222	14.78	14.92	14.78	14.86	4745151	70488512.00
20170223	14.86	15.29	14.85	15.27	15021438	227651904.00
20170224	15.20	15.69	15.02	15.35	12731100	195044256.00
20170227	15.21	15.25	14.92	14.94	7326300	110641936.00
20170228	14.97	15.10	14.93	15.03	5234501	78555544.00
20170301	15.00	15.18	15.00	15.02	3883877	58640648.00
20170302	15.08	15.09	14.85	14.90	4960148	74214632.00
20170303	14.84	14.99	14.72	14.94	4304419	63822992.00
20170306	14.90	15.16	14.90	15.08	6068922	91372816.00
20170307	15.10	15.10	14.95	15.03	3028800	45435392.00
20170308	15.03	15.03	14.93	14.96	2042372	30566116.00
20170309	14.99	15.25	14.99	15.24	13428545	203033072.00
20170310	15.20	15.26	15.13	15.19	4495865	68266936.00
20170313	15.61	16.35	15.45	16.20	31423618	500435520.00
20170314	16.14	16.25	15.88	16.09	11694345	188565968.00
20170315	16.12	16.35	16.03	16.19	9177667	148702384.00
20170316	16.18	16.29	16.00	16.28	8374768	135308128.00
20170317	16.28	16.36	16.13	16.16	7830122	127202304.00
20170320	16.16	16.23	15.98	16.22	7625300	123105072.00
20170321	16.17	16.35	16.10	16.25	7373300	119676720.00
20170322	16.17	16.18	15.95	15.96	7651173	122648032.00
20170323	15.90	16.15	15.72	16.00	10356616	165237632.00
20170324	16.01	16.45	15.96	16.41	13736100	224068800.00
20170327	16.42	16.71	16.12	16.20	12820894	210401936.00
20170328	16.18	16.18	15.82	15.98	8277423	132215072.00
20170329	16.03	16.43	15.90	16.09	15339440	248123520.00
20170330	16.08	16.10	15.69	15.83	8144509	129340288.00
20170331	15.83	16.05	15.78	15.94	7594659	120884472.00
20170405	16.00	16.11	15.94	15.98	9934533	158997760.00
20170406	15.99	16.14	15.95	16.01	9496068	152298864.00
20170407	16.01	16.25	15.91	16.17	8622299	138962848.00
20170410	16.11	16.19	15.88	15.95	9430858	151091552.00
20170411	15.94	16.04	15.55	16.03	15262000	241017424.00
20170412	16.63	16.95	16.32	16.71	48719600	809938048.00
20170413	16.48	16.85	16.39	16.70	40721526	677260160.00
20170414	16.63	16.70	16.24	16.26	18061029	297399904.00
20170417	16.15	16.26	15.91	15.97	9862624	158126992.00
20170418	15.95	16.16	15.95	15.97	8461784	136000272.00
20170419	15.99	16.12	15.64	16.05	13154056	208505104.00
20170420	16.08	16.47	16.05	16.44	15395127	250517824.00
20170421	16.39	16.40	16.16	16.27	7926978	128971760.00
20170424	16.28	16.29	15.74	15.84	9384800	149483952.00
20170425	15.90	16.09	15.81	15.98	8079100	128998352.00
20170426	16.00	16.11	15.87	15.92	6074800	96982624.00
20170427	15.92	16.04	15.72	16.03	7052000	112276112.00
20170428	16.01	16.01	15.79	15.95	7455272	118539584.00
20170502	16.02	16.36	16.02	16.29	13927882	225748768.00
20170503	16.25	16.87	16.25	16.76	29536134	491919072.00
20170504	16.88	17.02	16.66	16.69	20672100	348095168.00
20170505	16.57	16.81	16.57	16.69	13572200	226781616.00
20170508	16.75	16.89	16.39	16.63	14647300	244216544.00
20170509	16.57	16.57	16.31	16.47	10015700	164659552.00
20170510	16.40	16.55	16.06	16.07	9164400	149996128.00
20170511	16.04	16.19	15.81	16.18	11946000	191204448.00
20170512	16.15	16.62	16.08	16.45	13175007	216005072.00
20170515	16.60	16.82	16.47	16.50	18978160	316428256.00
20170516	16.53	17.09	16.48	17.08	25112732	421632992.00
20170517	17.00	17.18	16.92	16.97	19871710	338483424.00
20170518	16.85	17.10	16.78	16.93	14098500	239136208.00
20170519	16.93	17.00	16.69	16.94	17313926	291995392.00
20170522	16.92	17.05	16.66	17.01	18512402	312251616.00
20170523	16.88	16.90	16.21	16.43	34691400	572501952.00
20170524	16.29	16.32	15.89	16.01	34064800	547441472.00
20170525	15.98	16.23	15.94	16.19	19530500	314200480.00
20170526	16.28	16.50	16.18	16.31	26038100	425137088.00
20170531	16.35	16.55	16.31	16.51	32400327	532267488.00
20170601	16.48	16.91	16.40	16.75	28811420	482719680.00
20170602	16.67	17.05	16.67	16.82	20900116	352790880.00
20170605	16.83	17.03	16.70	17.01	15177315	255922016.00
20170606	17.05	17.55	16.94	17.47	33027590	573372160.00
20170607	17.50	18.12	17.47	18.07	27234969	487816704.00
20170608	17.95	18.37	17.88	18.27	18622067	337920480.00
20170609	18.27	18.28	17.96	18.12	17826893	321927744.00
20170612	18.09	18.87	18.00	18.16	27845600	512539744.00
20170613	18.19	18.27	17.91	18.19	12827825	232523824.00
20170614	18.17	18.30	17.74	17.95	16514824	296667360.00
20170615	17.88	17.97	17.62	17.70	14032350	248979680.00
20170616	17.66	17.91	17.65	17.74	8931100	158674624.00
20170619	17.71	17.95	17.68	17.85	9677467	172460832.00
20170620	17.89	17.92	17.54	17.66	15119765	266754448.00
20170621	17.68	18.18	17.64	18.16	26943458	482352096.00
20170622	18.05	18.32	17.81	17.83	21144363	384026272.00
20170623	17.86	18.49	17.80	18.46	20240000	367641920.00
20170626	18.53	18.78	18.39	18.67	18893503	350656736.00
20170627	18.70	18.74	18.30	18.40	18892833	347906592.00
20170628	18.30	18.54	18.03	18.07	17503884	319245184.00
20170629	18.10	18.37	18.02	18.31	16920602	307818368.00
20170630	18.36	18.49	18.20	18.46	16322213	299851264.00
20170703	18.50	19.57	18.50	19.29	35930244	681809024.00
20170704	19.19	19.68	19.10	19.50	30374805	591059520.00
20170705	19.49	19.60	19.24	19.52	10623367	206498768.00
20170706	19.50	20.02	19.43	19.66	16237926	320789312.00
20170707	19.60	20.05	19.55	19.89	11853486	234748176.00
20170710	19.90	19.97	19.34	19.41	18167341	356179040.00
20170711	19.30	19.76	19.30	19.59	11379958	222713616.00
数据来源:通达信
