600036 招商银行 日线 前复权
      日期	    开盘	    最高	    最低	    收盘	    成交量	    成交额
20111010	7.18	7.25	7.06	7.12	26532950	292021376.00
20111011	7.45	7.52	7.17	7.29	72460591	818837120.00
20111012	7.23	7.71	7.21	7.62	82798745	952485504.00
20111013	7.61	7.69	7.49	7.66	53681928	621393856.00
20111014	7.63	7.77	7.51	7.71	47011524	545351872.00
20111017	7.72	7.97	7.70	7.88	63249728	750162944.00
20111018	7.79	7.86	7.57	7.62	40850481	476284160.00
20111019	7.65	7.76	7.61	7.68	27212250	316792192.00
20111020	7.60	7.69	7.48	7.57	43347713	499537952.00
20111021	7.60	7.77	7.52	7.69	42296760	492704000.00
20111024	7.74	8.03	7.68	8.03	80177363	955623040.00
20111025	8.01	8.15	7.87	8.09	86241769	1038634752.00
20111026	8.05	8.14	7.98	8.01	74119112	896344576.00
20111027	8.08	8.19	7.98	8.10	44089854	535015392.00
20111028	8.24	8.45	8.20	8.27	91980726	1140038016.00
20111031	8.25	8.28	8.03	8.07	50913577	618593536.00
20111101	8.01	8.34	7.99	8.11	53255989	651811584.00
20111102	7.98	8.32	7.95	8.31	47261457	576343232.00
20111103	8.37	8.37	8.14	8.15	59635946	731536448.00
20111104	8.28	8.32	8.13	8.21	37279003	457164448.00
20111107	8.20	8.20	8.02	8.05	26839159	325681248.00
20111108	8.03	8.14	7.99	8.08	30281583	366721312.00
20111109	8.11	8.20	8.01	8.15	27911337	338819584.00
20111110	8.05	8.12	7.92	7.95	40678420	488989728.00
20111111	7.94	8.03	7.81	7.88	30271359	360964864.00
20111114	7.97	8.11	7.92	8.04	31694809	381405952.00
20111115	8.03	8.03	7.92	7.95	23329648	279112576.00
20111116	7.92	7.94	7.60	7.68	56229305	659454208.00
20111117	7.68	7.70	7.59	7.61	33839571	392361664.00
20111118	7.57	7.68	7.44	7.50	35568970	408315712.00
20111121	7.51	7.54	7.39	7.49	20878720	237493152.00
20111122	7.46	7.62	7.44	7.60	28585633	328534176.00
20111123	7.62	7.63	7.44	7.55	27610351	316909600.00
20111124	7.47	7.68	7.47	7.63	32639601	377008704.00
20111125	7.64	7.64	7.51	7.54	20753822	238738592.00
20111128	7.58	7.64	7.48	7.52	25095237	288372192.00
20111129	7.58	7.63	7.52	7.61	25737215	296483392.00
20111130	7.56	7.60	7.29	7.31	36208630	410497600.00
20111201	7.64	7.92	7.60	7.69	99629479	1166590336.00
20111202	7.63	7.81	7.59	7.76	38206199	446493088.00
20111205	7.78	7.94	7.66	7.87	51948409	615599552.00
20111206	7.86	7.94	7.77	7.78	34166000	404861216.00
20111207	7.80	7.97	7.77	7.89	44383860	527973504.00
20111208	7.92	7.99	7.84	7.90	40248343	480143968.00
20111209	7.81	7.97	7.81	7.90	35782723	426101024.00
20111212	7.90	8.00	7.83	7.97	32076098	383094912.00
20111213	7.95	7.98	7.64	7.69	51058775	602149248.00
20111214	7.69	7.84	7.60	7.71	30408111	356305056.00
20111215	7.69	7.78	7.47	7.48	43356655	502325984.00
20111216	7.47	7.72	7.43	7.66	45706808	525062400.00
20111219	7.54	7.72	7.36	7.69	38458276	440755776.00
20111220	7.66	7.89	7.63	7.67	41819193	491358976.00
20111221	7.77	7.95	7.62	7.63	39698385	468446048.00
20111222	7.64	7.77	7.52	7.73	41291440	479151488.00
20111223	7.71	7.86	7.63	7.72	35267900	413821888.00
20111226	7.64	7.81	7.60	7.70	26645492	311157312.00
20111227	7.70	7.78	7.66	7.72	32255697	377531968.00
20111228	7.70	7.78	7.50	7.60	47014189	544702208.00
20111229	7.58	7.72	7.53	7.69	31900991	369450304.00
20111230	7.74	7.95	7.74	7.87	42877370	509489824.00
20120104	7.94	8.07	7.67	7.70	52260617	620703168.00
20120105	7.73	8.06	7.70	7.91	84084702	1006814656.00
20120106	7.92	8.06	7.86	7.98	54038134	646295104.00
20120109	7.97	8.41	7.90	8.31	96002009	1181631360.00
20120110	8.31	8.50	8.18	8.46	89204562	1114071680.00
20120111	8.46	8.54	8.33	8.40	38787032	484750528.00
20120112	8.38	8.62	8.34	8.51	41419321	522004928.00
20120113	8.49	8.59	8.28	8.40	48155120	603520192.00
20120116	8.38	8.48	8.30	8.32	33593205	418936960.00
20120117	8.37	8.67	8.11	8.65	80951394	1012433216.00
20120118	8.58	8.64	8.35	8.43	61443583	772296704.00
20120119	8.43	8.69	8.41	8.58	65060332	826982912.00
20120120	8.66	8.84	8.59	8.84	74054727	954640960.00
20120130	8.83	8.84	8.57	8.58	52378368	671158272.00
20120131	8.58	8.66	8.44	8.54	30535747	386591232.00
20120201	8.53	8.57	8.35	8.38	40128600	502870464.00
20120202	8.42	8.73	8.36	8.73	58651509	744135872.00
20120203	8.69	8.92	8.63	8.82	65138894	845123328.00
20120206	8.83	8.89	8.61	8.72	56054581	721459200.00
20120207	8.64	8.71	8.53	8.61	33547056	427096288.00
20120208	8.58	8.88	8.56	8.83	43796313	565073280.00
20120209	8.82	8.89	8.71	8.83	43379991	562029568.00
20120210	8.77	8.85	8.67	8.74	50538733	652053632.00
20120213	8.58	8.73	8.46	8.57	57035047	726979008.00
20120214	8.56	8.57	8.47	8.55	44728209	564126720.00
20120215	8.50	8.67	8.46	8.56	48476492	615152832.00
20120216	8.58	8.67	8.50	8.53	48574036	615539008.00
20120217	8.64	8.65	8.55	8.59	27399853	348684576.00
20120220	8.78	8.79	8.56	8.57	49654691	635441472.00
20120221	8.59	8.69	8.53	8.62	38936418	496018016.00
20120222	8.67	8.67	8.51	8.65	65585852	833270400.00
20120223	8.65	8.65	8.55	8.59	65599268	833923584.00
20120224	8.59	8.74	8.54	8.73	89662443	1143936256.00
20120227	8.75	8.85	8.67	8.68	88034299	1135169280.00
20120228	8.71	8.85	8.70	8.78	93061009	1203983360.00
20120229	8.78	8.82	8.69	8.73	52017314	671363072.00
20120301	8.71	8.80	8.71	8.76	28275484	365423552.00
20120302	8.76	8.89	8.73	8.87	60713474	788822656.00
20120305	8.85	8.90	8.70	8.73	71204163	922752704.00
20120306	8.71	8.71	8.45	8.48	77847493	985947648.00
20120307	8.42	8.49	8.32	8.33	54436608	680404672.00
20120308	8.38	8.47	8.32	8.38	51348546	640558272.00
20120309	8.42	8.46	8.33	8.42	50386244	629237248.00
20120312	8.39	8.42	8.21	8.28	70869695	875848128.00
20120313	8.28	8.42	8.27	8.38	46724501	581687616.00
20120314	8.46	8.54	8.19	8.25	95593639	1191708544.00
20120315	8.26	8.37	8.15	8.17	57476750	709688384.00
20120316	8.20	8.26	8.06	8.17	54969381	669730880.00
20120319	8.17	8.17	8.02	8.09	54367340	659192768.00
20120320	8.07	8.13	7.96	8.00	54458748	655607040.00
20120321	8.06	8.07	7.92	7.98	44544964	534595712.00
20120322	7.98	8.15	7.93	8.03	36292537	437511552.00
20120323	7.99	8.05	7.95	8.03	31958564	384506336.00
20120326	8.04	8.12	7.99	8.06	41347179	500165888.00
20120327	8.09	8.12	7.99	8.01	28724476	346579584.00
20120328	8.02	8.05	7.80	7.81	42069693	501731392.00
20120329	7.82	7.94	7.80	7.83	51308345	608219840.00
20120330	7.83	7.92	7.80	7.90	39187875	465360704.00
20120405	7.86	7.94	7.61	7.85	57405900	676640960.00
20120406	7.84	7.87	7.73	7.82	46468361	546424000.00
20120409	7.76	7.80	7.65	7.71	25074587	293312096.00
20120410	7.73	7.86	7.69	7.84	29250721	343351776.00
20120411	7.77	7.89	7.73	7.79	41559167	489513056.00
20120412	7.80	8.00	7.70	7.99	64752612	768293184.00
20120413	7.99	8.09	7.92	7.98	45910102	551302528.00
20120416	7.95	8.00	7.88	7.92	25471380	304097728.00
20120417	7.90	7.94	7.83	7.86	22383407	265972784.00
20120418	7.89	8.00	7.82	7.99	45899846	549010560.00
20120419	7.98	7.98	7.91	7.95	45691192	546431744.00
20120420	7.92	8.19	7.92	8.15	92190483	1117374080.00
20120423	8.15	8.19	8.04	8.07	38660794	469866496.00
20120424	8.07	8.45	8.05	8.24	95110505	1172356224.00
20120425	8.21	8.32	8.17	8.21	51512921	633930880.00
20120426	8.25	8.29	8.09	8.17	36400008	445601888.00
20120427	8.23	8.30	8.09	8.15	35413878	432485760.00
20120502	8.28	8.39	8.24	8.32	71651380	887759040.00
20120503	8.33	8.36	8.22	8.28	45998853	567916032.00
20120504	8.28	8.38	8.17	8.33	62054762	766768128.00
20120507	8.25	8.37	8.24	8.34	64377121	795713536.00
20120508	8.32	8.37	8.22	8.30	62407886	772462400.00
20120509	8.23	8.23	8.04	8.09	76685775	933525568.00
20120510	8.15	8.15	7.99	8.08	51752022	625641728.00
20120511	8.04	8.12	7.99	8.00	35395383	427334208.00
20120514	8.09	8.12	7.85	7.89	67202716	804800576.00
20120515	7.86	7.89	7.79	7.85	55255360	653203840.00
20120516	7.83	7.85	7.69	7.70	64746524	758737344.00
20120517	7.73	7.84	7.69	7.81	42466887	498658784.00
20120518	7.75	7.75	7.58	7.61	68483829	794050304.00
20120521	7.63	7.70	7.58	7.68	46862803	544058560.00
20120522	7.71	7.84	7.69	7.82	41172979	484634944.00
20120523	7.81	7.83	7.73	7.76	38223073	449537344.00
20120524	7.75	7.82	7.65	7.67	46652779	547128960.00
20120525	7.69	7.71	7.63	7.65	30231103	350720896.00
20120528	7.66	7.71	7.59	7.70	59127181	686073344.00
20120529	7.69	7.82	7.63	7.80	61386996	718537024.00
20120531	7.60	7.71	7.60	7.69	74554351	865981376.00
20120601	7.73	7.75	7.65	7.70	59686818	696135360.00
20120604	7.62	7.62	7.45	7.47	77398721	887681088.00
20120605	7.50	7.65	7.46	7.59	62811449	722339072.00
20120606	7.60	7.74	7.60	7.71	68970155	803030016.00
20120607	7.85	7.85	7.69	7.70	48697205	550110912.00
20120608	7.64	7.64	7.37	7.42	106658264	1167267840.00
20120611	7.43	7.48	7.36	7.45	34551784	377823776.00
20120612	7.42	7.42	7.24	7.33	47223603	510228256.00
20120613	7.36	7.45	7.31	7.40	38013211	413336544.00
20120614	7.36	7.41	7.29	7.37	43619884	472733952.00
20120615	7.38	7.63	7.37	7.53	50297608	554896384.00
20120618	7.62	7.62	7.51	7.53	26305041	291047328.00
20120619	7.52	7.59	7.45	7.48	33400224	368734240.00
20120620	7.52	7.59	7.46	7.52	27268925	301067904.00
20120621	7.52	7.52	7.37	7.40	23749957	259603776.00
20120625	7.40	7.53	7.38	7.48	54425437	598573056.00
20120626	7.46	7.54	7.45	7.48	44724939	491873024.00
20120627	7.46	7.49	7.38	7.40	29439687	321260672.00
20120628	7.41	7.45	7.33	7.34	33836490	368182336.00
20120629	7.35	7.49	7.30	7.42	38125964	414959840.00
20120702	7.46	7.46	7.31	7.36	35434997	384038144.00
20120703	7.36	7.48	7.33	7.40	31607869	344822240.00
20120704	7.43	7.49	7.39	7.43	25727176	281476896.00
20120705	7.41	7.45	7.32	7.36	29503142	320276256.00
20120706	7.16	7.18	7.03	7.12	121860231	1284039808.00
20120709	7.08	7.08	6.66	6.77	134789522	1380906496.00
20120710	6.76	6.81	6.70	6.77	47869636	485118752.00
20120711	6.77	6.77	6.62	6.69	50451462	507063584.00
20120712	6.69	6.75	6.54	6.71	81043606	809607616.00
20120713	6.70	6.83	6.64	6.78	46206288	468712544.00
20120716	6.80	6.87	6.69	6.71	45861210	465617632.00
20120717	6.71	6.79	6.70	6.78	29134030	295683232.00
20120718	6.79	6.79	6.65	6.73	34429185	346515680.00
20120719	6.73	6.77	6.67	6.72	44505822	449753600.00
20120720	6.71	6.72	6.60	6.63	48634283	486155936.00
20120723	6.59	6.59	6.29	6.37	78708705	763923584.00
20120724	6.33	6.39	6.25	6.29	59762139	574182464.00
20120725	6.27	6.34	6.25	6.28	29141798	279943232.00
20120726	6.29	6.36	6.27	6.29	29695836	285606208.00
20120727	6.31	6.52	6.31	6.43	53176024	518372384.00
20120730	6.47	6.57	6.43	6.48	41689292	409827968.00
20120731	6.51	6.61	6.50	6.57	41597059	412950976.00
20120801	6.57	6.64	6.52	6.61	47866222	475037536.00
20120802	6.60	6.70	6.58	6.65	41041273	410615264.00
20120803	6.66	6.69	6.61	6.64	25274255	252693200.00
20120806	6.64	6.70	6.62	6.65	30987052	310238144.00
20120807	6.65	6.68	6.62	6.64	24008549	240145152.00
20120808	6.65	6.71	6.65	6.70	28736017	289243520.00
20120809	6.72	6.72	6.64	6.71	19473829	195833152.00
20120810	6.72	6.81	6.71	6.78	27065385	275363360.00
20120813	6.76	6.81	6.73	6.77	38715291	393494016.00
20120814	6.78	6.84	6.75	6.78	31553215	321051648.00
20120815	6.78	6.80	6.58	6.59	39470371	394577952.00
20120816	6.54	6.61	6.51	6.57	19271916	190896624.00
20120817	6.57	6.68	6.56	6.66	22324063	223357072.00
20120820	6.58	6.66	6.48	6.54	25097469	247692960.00
20120821	6.54	6.59	6.45	6.48	36439230	358531808.00
20120822	6.49	6.55	6.48	6.54	33324351	328191872.00
20120823	6.55	6.61	6.51	6.59	36770363	365020416.00
20120824	6.54	6.63	6.53	6.57	32882966	327024448.00
20120827	6.56	6.59	6.46	6.52	29524573	291275744.00
20120828	6.50	6.70	6.48	6.65	33101509	329951808.00
20120829	6.64	6.68	6.62	6.66	25836174	258866512.00
20120830	6.55	6.77	6.55	6.75	40629378	410070208.00
20120831	6.75	6.80	6.70	6.71	29287124	297407360.00
20120903	6.69	6.74	6.64	6.65	37329440	374981792.00
20120904	6.65	6.66	6.47	6.50	43905130	434354560.00
20120905	6.50	6.50	6.27	6.39	62754362	606649280.00
20120906	6.36	6.42	6.32	6.41	39391305	381180128.00
20120907	6.43	6.79	6.43	6.77	94580852	948096832.00
20120910	6.75	6.80	6.66	6.72	53268227	537083136.00
20120911	6.71	6.74	6.64	6.74	34448599	346408416.00
20120912	6.77	6.83	6.66	6.74	33366528	338007616.00
20120913	6.73	6.81	6.65	6.74	42635812	431742848.00
20120914	6.77	6.92	6.76	6.85	57192156	585483264.00
20120917	6.85	6.86	6.73	6.75	47185018	480998592.00
20120918	6.72	6.72	6.60	6.63	30412407	305847744.00
20120919	6.62	6.63	6.49	6.53	36585950	362159968.00
20120920	6.53	6.55	6.40	6.42	31522857	309091424.00
20120921	6.42	6.53	6.37	6.48	33379500	327072224.00
20120924	6.43	6.56	6.38	6.52	33853748	331137632.00
20120925	6.52	6.54	6.47	6.53	18479084	181896720.00
20120926	6.52	6.56	6.43	6.43	32514269	319732160.00
20120927	6.47	6.79	6.43	6.71	50505901	505686112.00
20120928	6.65	6.79	6.56	6.77	38923065	392264640.00
20121008	6.77	6.94	6.73	6.78	33008415	337697952.00
20121009	6.88	6.95	6.81	6.89	43262374	446295744.00
20121010	6.89	6.89	6.79	6.82	23361347	238821184.00
20121011	6.80	6.84	6.72	6.81	24139415	245864848.00
20121012	6.85	6.97	6.83	6.94	40072715	414289792.00
20121015	6.95	6.96	6.83	6.90	16006440	164776432.00
20121016	6.89	6.96	6.82	6.90	22984285	236742800.00
20121017	6.91	6.98	6.86	6.94	29565374	305863200.00
20121018	7.00	7.10	6.94	7.06	37542685	393179680.00
20121019	7.06	7.06	6.98	7.01	23865011	249625616.00
20121022	6.95	7.11	6.94	7.07	28758213	301265376.00
20121023	7.07	7.15	7.00	7.02	26894888	283013792.00
20121024	6.98	7.06	6.98	7.03	21624867	226046400.00
20121025	7.00	7.06	6.94	6.95	19555765	203931728.00
20121026	6.95	7.00	6.80	6.88	24669423	253283840.00
20121029	6.85	6.87	6.67	6.74	22386478	227127312.00
20121030	6.75	6.84	6.64	6.70	30836095	310546560.00
20121031	6.68	6.73	6.67	6.71	20997491	211535312.00
20121101	6.71	6.98	6.71	6.89	42058917	432036384.00
20121102	6.88	6.97	6.85	6.95	28451332	293882464.00
20121105	6.95	7.06	6.91	7.00	26262182	273345088.00
20121106	7.00	7.04	6.83	6.96	25616913	264401792.00
20121107	6.96	6.96	6.86	6.93	16517277	170413968.00
20121108	6.88	6.91	6.79	6.79	18380785	188188304.00
20121109	6.78	6.85	6.77	6.82	21043505	214755728.00
20121112	6.85	6.89	6.81	6.86	25317439	259350032.00
20121113	6.86	6.87	6.67	6.69	19644727	198705312.00
20121114	6.69	6.73	6.67	6.71	15939907	160559552.00
20121115	6.68	6.71	6.65	6.66	15095665	151500496.00
20121116	6.64	6.70	6.55	6.60	21561266	214485152.00
20121119	6.60	6.62	6.54	6.57	17315197	171846496.00
20121120	6.60	6.66	6.46	6.49	21542000	212747664.00
20121121	6.49	6.59	6.48	6.58	22234439	219330192.00
20121122	6.55	6.58	6.52	6.55	15471082	153066800.00
20121123	6.59	6.68	6.54	6.66	28382847	283347360.00
20121126	6.62	6.66	6.59	6.63	18615218	185783024.00
20121127	6.61	6.68	6.60	6.61	31331198	313271104.00
20121128	6.61	6.66	6.60	6.61	28175960	281582432.00
20121129	6.63	6.67	6.61	6.62	18213096	182095456.00
20121130	6.62	6.68	6.55	6.66	31279090	312092096.00
20121203	6.65	6.66	6.49	6.56	35031520	347109888.00
20121204	6.56	6.65	6.55	6.62	23933387	238259792.00
20121205	6.64	7.02	6.61	6.99	108218768	1117951104.00
20121206	6.98	7.12	6.96	7.02	65843849	689223040.00
20121207	7.03	7.35	7.01	7.32	111933473	1198461184.00
20121210	7.36	7.56	7.28	7.46	119013339	1301157120.00
20121211	7.46	7.54	7.40	7.48	70145022	770027840.00
20121212	7.48	7.67	7.46	7.53	67726906	751240832.00
20121213	7.52	7.54	7.36	7.38	55584051	609383936.00
20121214	7.43	8.13	7.42	8.09	165003971	1884483328.00
20121217	8.13	8.29	8.03	8.09	114367595	1345018112.00
20121218	8.07	8.41	8.03	8.21	123379959	1469876864.00
20121219	8.21	8.38	8.17	8.24	95351145	1140126080.00
20121220	8.17	8.41	8.17	8.34	82884413	988481600.00
20121221	8.36	8.39	8.23	8.26	76221363	913082880.00
20121224	8.30	8.69	8.27	8.56	109565552	1345537408.00
20121225	8.53	9.15	8.53	9.00	132992447	1679327744.00
20121226	8.99	9.14	8.93	9.01	87817696	1127460736.00
20121227	9.07	9.21	8.84	8.86	86279794	1106929152.00
20121228	8.88	9.18	8.87	9.16	84917360	1091049728.00
20121231	9.16	9.87	9.16	9.83	153712026	2060790784.00
20130104	9.89	10.02	9.49	9.64	150033642	2039552896.00
20130107	9.62	9.90	9.45	9.70	99469543	1349911808.00
20130108	9.75	9.90	9.47	9.70	103335613	1404489472.00
20130109	9.59	9.72	9.46	9.62	96559071	1302109184.00
20130110	9.62	9.79	9.51	9.65	89269431	1212029440.00
20130111	9.64	9.74	9.33	9.43	92040123	1237367168.00
20130114	9.34	10.02	9.34	9.91	157865880	2160111360.00
20130115	9.87	9.94	9.72	9.87	106719958	1469440896.00
20130116	9.83	9.89	9.48	9.64	90299892	1231280256.00
20130117	9.64	9.65	9.36	9.38	117049830	1558604672.00
20130118	9.50	9.62	9.37	9.51	110808831	1480397184.00
20130121	9.55	9.79	9.46	9.68	114885955	1552341632.00
20130122	9.68	10.12	9.53	10.05	175753485	2425268480.00
20130123	9.96	10.14	9.83	10.05	89490096	1246132608.00
20130124	10.05	10.47	9.66	9.76	196485221	2756418048.00
20130125	9.82	9.90	9.55	9.59	90587116	1229494784.00
20130128	9.62	10.33	9.62	10.20	151705864	2131062272.00
20130129	10.21	10.73	10.08	10.56	190625562	2746660096.00
20130130	10.56	10.59	10.22	10.37	127814353	1836901376.00
20130131	10.41	10.46	10.07	10.30	116264671	1653013120.00
20130201	10.22	10.76	10.17	10.71	168931689	2451809536.00
20130204	10.70	10.91	10.44	10.53	165969012	2448320768.00
20130205	10.39	10.51	10.22	10.39	121449786	1743222912.00
20130206	10.39	10.49	10.16	10.36	93528960	1337984896.00
20130207	10.36	10.36	9.80	10.16	162817793	2287383296.00
20130208	10.11	10.20	9.93	10.08	93929728	1319909376.00
20130218	10.16	10.28	9.93	10.00	86439411	1215568512.00
20130219	9.98	10.10	9.81	9.90	80257524	1115544704.00
20130220	9.93	9.97	9.56	9.91	110823616	1509286656.00
20130221	9.76	9.77	9.15	9.52	130621607	1735828992.00
20130222	9.49	9.52	9.19	9.25	81360028	1071160064.00
20130225	9.32	9.42	9.19	9.23	70980507	929263424.00
20130226	9.10	9.43	8.90	8.95	225425396	2929255168.00
20130227	8.99	9.19	8.84	9.06	144114992	1843217536.00
20130228	9.11	9.47	9.01	9.45	169686196	2213328384.00
20130301	9.45	9.51	9.03	9.25	127952678	1676102144.00
20130304	9.07	9.19	8.49	8.57	174787313	2202215936.00
20130305	8.62	9.59	8.62	9.50	217489127	2799557376.00
20130306	9.51	9.70	9.31	9.58	152953415	2050199168.00
20130307	9.51	9.51	9.19	9.29	88818956	1171202304.00
20130308	9.32	9.60	9.13	9.47	92994368	1230262784.00
20130311	9.37	9.39	9.16	9.30	48343688	634664576.00
20130312	9.30	9.45	8.98	9.11	69609902	906390208.00
20130313	9.11	9.22	8.85	8.91	65982796	843335616.00
20130314	8.89	9.09	8.81	8.91	47569824	603558016.00
20130315	8.92	9.36	8.72	8.83	136157293	1735409920.00
20130318	8.75	8.94	8.68	8.75	65953714	827700032.00
20130319	8.73	8.91	8.73	8.85	54739579	686425536.00
20130320	8.88	9.34	8.86	9.31	134323321	1745000320.00
20130321	9.31	9.38	9.24	9.30	64556357	848701312.00
20130322	9.36	9.41	9.24	9.30	44108735	579895296.00
20130325	9.36	9.43	9.14	9.18	55900140	730187072.00
20130326	9.11	9.15	8.84	8.93	61902647	786734144.00
20130327	8.90	9.13	8.90	9.00	45729310	584254912.00
20130328	8.68	8.68	8.09	8.45	126617155	1535552256.00
20130329	8.50	8.97	8.44	8.88	102332903	1272875648.00
20130401	8.76	8.86	8.63	8.68	41277653	513973440.00
20130402	8.75	8.98	8.66	8.82	55765379	700652096.00
20130403	8.85	9.18	8.84	9.01	63290889	808928704.00
20130408	8.72	8.93	8.68	8.86	51753967	650242816.00
20130409	8.93	9.01	8.78	8.84	48341348	611102720.00
20130410	8.84	8.90	8.67	8.72	30295476	377830464.00
20130411	8.82	8.89	8.65	8.67	33431483	416800096.00
20130412	8.67	8.73	8.56	8.58	28710372	354460000.00
20130415	8.60	8.68	8.50	8.55	33325316	408924576.00
20130416	8.51	8.68	8.46	8.64	55597507	681018176.00
20130417	8.62	8.64	8.43	8.48	43182874	525913408.00
20130418	8.38	8.60	8.35	8.48	57567757	697392896.00
20130419	8.52	9.06	8.47	8.87	159685249	1988992512.00
20130422	8.79	8.89	8.78	8.84	59032937	742446976.00
20130423	8.90	8.90	8.38	8.46	85782677	1047585600.00
20130424	8.47	8.73	8.41	8.60	50028546	612410048.00
20130425	8.55	8.64	8.41	8.53	49654384	605731456.00
20130426	8.58	8.63	8.44	8.47	33018250	403023200.00
20130502	8.43	8.44	8.30	8.43	46973420	565173888.00
20130503	8.48	8.81	8.44	8.64	68956539	855915328.00
20130506	8.68	8.90	8.67	8.79	50270560	630075264.00
20130507	8.74	8.79	8.67	8.76	36789009	458536448.00
20130508	8.75	8.90	8.72	8.77	54553571	683945984.00
20130509	8.80	8.84	8.55	8.62	44652235	553251648.00
20130510	8.68	9.01	8.66	8.98	97604084	1232382720.00
20130513	8.97	9.37	8.84	9.36	174515142	2271013376.00
20130514	9.35	9.50	9.28	9.47	152786050	2025053952.00
20130515	9.47	9.75	9.41	9.70	109663142	1476330880.00
20130516	9.66	9.99	9.54	9.93	151766853	2083974656.00
20130517	9.93	9.99	9.72	9.93	101619270	1401815040.00
20130520	9.93	10.13	9.74	9.93	124578797	1728294016.00
20130521	9.87	9.88	9.59	9.68	106905782	1454002688.00
20130522	9.69	10.05	9.69	10.04	140450104	1939563904.00
20130523	9.96	10.00	9.63	9.64	104392717	1430513536.00
20130524	9.68	9.81	9.55	9.63	55498940	752285760.00
20130527	9.60	9.68	9.47	9.53	49964608	671859968.00
20130528	9.49	9.87	9.47	9.84	85149220	1153115648.00
20130529	9.87	9.95	9.69	9.71	59622733	819883072.00
20130530	9.69	9.78	9.58	9.69	46826224	635522368.00
20130531	9.70	9.89	9.64	9.69	45658535	624284288.00
20130603	9.69	9.95	9.68	9.85	70140471	965797120.00
20130604	9.82	9.95	9.70	9.83	78089914	1073577728.00
20130605	9.83	9.84	9.36	9.50	61817060	832117504.00
20130606	9.48	9.53	9.20	9.35	67156041	881621824.00
20130607	9.35	9.48	9.28	9.34	68048619	898343488.00
20130613	9.22	9.22	8.73	9.15	81035312	978996608.00
20130614	9.09	9.13	8.98	9.06	58036665	708580352.00
20130617	9.07	9.15	8.96	8.96	31388706	382560896.00
20130618	9.00	9.14	8.99	9.05	34491029	422338624.00
20130619	9.05	9.05	8.79	8.86	39840016	478168032.00
20130620	8.84	8.84	8.37	8.43	63295614	736010496.00
20130621	8.28	8.68	8.18	8.63	70320815	813131648.00
20130624	8.56	8.56	7.82	7.97	118147118	1301685376.00
20130625	7.86	8.05	7.17	7.96	128040668	1368236672.00
20130626	8.05	8.06	7.63	7.74	93892918	1006917440.00
20130627	7.81	8.01	7.76	7.96	72290048	783616960.00
20130628	7.96	8.57	7.90	8.54	116872092	1327338624.00
20130701	8.45	8.55	8.20	8.35	48482145	551215424.00
20130702	8.35	8.42	8.04	8.21	63906564	714282176.00
20130703	8.18	8.41	8.00	8.32	60519634	675330176.00
20130704	8.25	8.44	8.11	8.23	53058539	599276032.00
20130705	8.24	8.32	8.14	8.26	37591500	423780576.00
20130708	8.15	8.21	8.01	8.05	46495080	514504512.00
20130709	8.04	8.24	8.01	8.16	49418897	548827328.00
20130710	8.20	8.32	8.08	8.30	41429765	463874272.00
20130711	8.32	9.24	8.32	9.01	160521711	1916691200.00
20130712	8.88	8.97	8.45	8.55	90111931	1063540480.00
20130715	8.66	8.80	8.50	8.58	67469648	789286784.00
20130716	8.57	8.57	8.38	8.56	61861194	712310016.00
20130717	8.54	8.58	8.35	8.37	52624793	605064960.00
20130718	8.33	8.45	8.12	8.18	53560319	599859968.00
20130719	8.20	8.27	7.92	7.96	55832848	617765440.00
20130722	7.77	7.93	7.66	7.90	56804354	610322304.00
20130723	7.96	8.27	7.86	8.08	55201375	613854016.00
20130724	7.90	8.06	7.75	7.94	64957735	703058432.00
20130725	7.98	8.08	7.81	7.88	41472019	450453984.00
20130726	7.86	7.86	7.73	7.81	30576489	328006272.00
20130729	7.69	7.69	7.52	7.59	46625262	488458880.00
20130730	7.67	7.85	7.62	7.75	49021261	521396800.00
20130731	7.86	7.98	7.66	7.69	33973038	363813600.00
20130801	7.76	7.94	7.71	7.92	47089860	508365088.00
20130802	7.97	8.08	7.83	7.86	36088537	394147520.00
20130805	7.87	7.94	7.79	7.90	29081460	313861664.00
20130806	7.84	7.92	7.75	7.82	40097631	431419264.00
20130807	7.82	7.95	7.77	7.79	38069382	411065824.00
20130808	7.77	7.97	7.76	7.81	42651729	460570976.00
20130809	7.89	7.94	7.64	7.76	42253602	452598144.00
20130812	7.86	8.08	7.76	8.07	81975023	896354816.00
20130813	8.07	8.21	8.04	8.15	65007181	723604800.00
20130814	8.18	8.32	8.12	8.15	54414111	610890304.00
20130815	8.15	8.23	8.05	8.06	39585571	442036384.00
20130816	8.04	9.00	7.82	8.02	151349940	1708117888.00
20130819	7.91	8.24	7.85	8.13	68019220	749488384.00
20130820	8.10	8.33	8.00	8.05	81543907	910438144.00
20130821	8.12	8.14	7.92	7.97	39480926	432670080.00
20130822	7.94	8.15	7.92	7.95	46575028	512270688.00
20130823	7.94	8.02	7.47	7.65	118158969	1255450624.00
20130826	7.61	7.78	7.49	7.77	132250073	1391616256.00
20130827	7.69	7.77	7.62	7.74	103525523	1096806144.00
20130905	7.98	8.03	7.89	7.94	117901460	1260903552.00
20130906	7.91	8.24	7.89	8.17	81162153	872375296.00
20130909	8.33	8.96	8.29	8.86	226690991	2589324288.00
20130910	8.86	9.04	8.72	8.91	138818280	1611118464.00
20130911	8.89	9.12	8.81	8.90	136234354	1589758720.00
20130912	8.89	9.47	8.76	9.19	192631522	2285150976.00
20130913	9.14	9.31	8.99	9.10	114843023	1360865408.00
20130916	9.26	9.28	8.78	8.93	105856388	1237443712.00
20130917	9.03	9.03	8.46	8.47	110665606	1258523648.00
20130918	8.53	8.60	8.36	8.43	67293585	757308672.00
20130923	8.49	8.62	8.36	8.47	79801735	893657024.00
20130924	8.48	8.48	8.10	8.16	82797426	905216768.00
20130925	8.16	8.34	8.09	8.12	65975845	719786112.00
20130926	8.10	8.11	7.89	8.04	60827755	650682176.00
20130927	8.01	8.09	7.98	8.08	34902841	375127104.00
20130930	8.16	8.25	8.12	8.20	42535131	464022336.00
20131008	8.21	8.24	7.99	8.19	49739786	540080448.00
20131009	8.18	8.38	8.10	8.24	49703417	544836800.00
20131010	8.24	8.25	8.00	8.06	50014868	541470720.00
20131011	8.17	8.30	8.09	8.22	74539537	814697856.00
20131014	8.23	8.26	8.04	8.08	62165189	674276672.00
20131015	8.11	8.13	7.98	8.01	57593115	619820032.00
20131016	8.01	8.10	7.96	8.01	51254152	550416960.00
20131017	8.06	8.08	7.87	7.88	45498178	486115168.00
20131018	7.91	8.00	7.88	7.91	32417605	345615776.00
20131021	7.91	8.08	7.83	8.04	48094672	513801824.00
20131022	8.02	8.04	7.88	7.91	41517120	442237056.00
20131023	7.96	8.18	7.91	7.96	64499410	693735296.00
20131024	7.96	8.03	7.88	7.91	52902784	563986304.00
20131025	7.88	8.06	7.83	7.89	64707867	690208832.00
20131028	7.90	7.92	7.83	7.90	29512278	312652832.00
20131029	7.92	8.34	7.92	8.13	138530887	1502964736.00
20131030	8.18	8.20	8.03	8.19	78734196	855045312.00
20131031	8.19	8.20	8.01	8.02	69779221	754370304.00
20131101	8.15	8.23	8.07	8.19	68540522	746239936.00
20131104	8.27	8.29	8.07	8.08	40641767	442218784.00
20131105	8.07	8.07	7.86	8.03	64112426	685035392.00
20131106	7.95	8.00	7.89	7.90	49210076	524440992.00
20131107	7.90	7.99	7.89	7.98	38116328	406577728.00
20131108	7.96	8.01	7.84	7.86	43305319	461067456.00
20131111	7.88	7.93	7.79	7.81	42903448	453035072.00
20131112	7.86	7.97	7.81	7.96	58961249	625010624.00
20131113	7.87	7.90	7.60	7.61	85772647	892881152.00
20131114	7.68	7.68	7.52	7.54	49775908	512375168.00
20131115	7.59	7.81	7.57	7.63	77615898	808827136.00
20131118	7.72	8.67	7.69	8.62	273536097	2978025984.00
20131119	8.58	8.62	8.21	8.30	140792727	1563731712.00
20131120	8.39	8.45	8.15	8.23	91608000	1006411328.00
20131121	8.18	8.26	8.02	8.25	101948917	1107262464.00
20131122	8.26	8.33	8.16	8.26	99751019	1093041280.00
20131125	8.23	8.33	8.09	8.10	55419953	606068160.00
20131126	8.12	8.19	8.08	8.11	45184778	489637504.00
20131127	8.12	8.28	8.04	8.14	72902148	793518336.00
20131128	8.17	8.35	8.12	8.21	71508499	784421760.00
20131129	8.27	8.30	8.16	8.19	48143873	526013152.00
20131202	8.18	8.53	8.16	8.42	130731773	1448882944.00
20131203	8.38	8.43	8.29	8.38	58863295	652339456.00
20131204	8.35	8.53	8.31	8.41	83213232	928299392.00
20131205	8.41	8.43	8.27	8.32	62644771	691618304.00
20131206	8.28	8.29	8.15	8.26	61369549	670861184.00
20131209	8.26	8.29	8.16	8.18	50928252	556052416.00
20131210	8.38	8.46	8.27	8.37	101602574	1124642432.00
20131211	8.39	8.46	8.28	8.30	110548783	1225071488.00
20131212	8.28	8.44	8.20	8.20	79924552	883957376.00
20131213	8.04	8.12	7.93	7.98	97408282	1045591552.00
20131216	7.99	8.10	7.89	7.90	87015742	932522240.00
20131217	7.93	8.02	7.89	7.91	57884914	617628992.00
20131218	7.91	8.14	7.90	8.07	74702559	803345536.00
20131219	8.12	8.16	7.96	7.98	65703814	707572736.00
20131220	8.01	8.03	7.58	7.61	103316528	1084806784.00
20131223	7.69	7.73	7.53	7.55	78142541	808123264.00
20131224	7.63	7.64	7.38	7.45	91931959	942523776.00
20131225	7.49	7.59	7.37	7.59	94276714	958772160.00
20131226	7.57	7.58	7.43	7.43	51417497	524651648.00
20131227	7.49	7.69	7.44	7.59	70565493	727168128.00
20131230	7.65	7.92	7.57	7.88	104179954	1085120256.00
20131231	7.75	8.40	7.74	8.17	296546957	3237763072.00
20140102	8.12	8.14	7.95	8.01	53256490	571763456.00
20140103	7.93	7.96	7.68	7.79	58529809	615117120.00
20140106	7.78	7.80	7.60	7.74	65397030	680128064.00
20140107	7.61	7.82	7.56	7.80	54256386	566113088.00
20140108	7.80	7.97	7.74	7.91	49293748	522881088.00
20140109	7.89	8.04	7.89	7.98	48223379	515210304.00
20140110	7.97	8.10	7.89	8.08	62914098	676364224.00
20140113	8.10	8.26	8.01	8.16	77971600	848646208.00
20140114	8.13	8.20	7.93	8.03	44867887	482287744.00
20140115	8.00	8.03	7.81	7.87	35573395	377633056.00
20140116	7.87	7.91	7.80	7.83	27592438	291872544.00
20140117	7.81	7.86	7.69	7.85	51874534	543888512.00
20140120	7.79	7.88	7.70	7.75	27537862	289251392.00
20140121	7.82	7.96	7.76	7.81	25159217	266298800.00
20140122	7.84	8.06	7.76	7.98	50123656	533545792.00
20140123	7.95	7.99	7.77	7.80	38634112	408076160.00
20140124	7.76	7.84	7.67	7.71	52264195	546511680.00
20140127	7.68	7.71	7.56	7.61	47078702	486900288.00
20140128	7.63	7.75	7.62	7.72	39757824	414104448.00
20140129	7.76	7.84	7.72	7.79	28538161	299746176.00
20140130	7.77	7.77	7.60	7.64	26539270	275494784.00
20140207	7.58	7.65	7.52	7.61	32083538	329823168.00
20140210	7.65	7.72	7.63	7.71	54295943	564956992.00
20140211	7.68	8.02	7.61	7.85	108473385	1144880512.00
20140212	7.85	7.93	7.76	7.79	53802791	566714752.00
20140213	7.75	8.03	7.71	7.81	97138132	1027621696.00
20140214	7.81	7.86	7.73	7.80	42266001	443898432.00
20140217	7.88	7.92	7.75	7.79	61964770	652124672.00
20140218	7.79	7.79	7.58	7.60	71937158	746349568.00
20140219	7.60	7.87	7.56	7.79	109595304	1143138304.00
20140220	7.79	7.89	7.62	7.63	66654632	697343040.00
20140221	7.63	7.73	7.54	7.60	51432637	531421696.00
20140224	7.55	7.55	7.33	7.36	84429835	854470080.00
20140225	7.38	7.42	7.16	7.22	84310729	845056320.00
20140226	7.18	7.36	7.17	7.30	42355051	422574592.00
20140227	7.32	7.34	7.16	7.30	64157274	640432192.00
20140228	7.28	7.34	7.11	7.21	62775982	623305280.00
20140303	7.14	7.17	7.05	7.10	78309942	768373312.00
20140304	7.08	7.08	6.94	7.03	74867861	727027904.00
20140305	7.05	7.05	6.90	6.91	57911138	560459200.00
20140306	6.90	7.06	6.88	7.01	54930368	532547456.00
20140307	7.01	7.12	6.93	6.96	54820326	533628736.00
20140310	6.89	6.91	6.73	6.75	70913113	675011712.00
20140311	6.75	6.81	6.69	6.77	41346048	391277504.00
20140312	6.74	6.95	6.70	6.89	58695529	560385920.00
20140313	6.92	7.14	6.86	6.95	70061795	680872320.00
20140314	6.92	6.92	6.78	6.84	57744624	551561344.00
20140317	6.91	6.94	6.80	6.87	35278657	338292928.00
20140318	6.86	6.96	6.84	6.87	44802741	430280096.00
20140319	6.84	6.84	6.77	6.83	30535982	290635392.00
20140320	6.83	6.91	6.73	6.74	36331308	346938432.00
20140321	6.74	7.18	6.72	7.12	114371952	1111471744.00
20140324	7.13	7.16	7.02	7.12	79845091	784583232.00
20140325	7.12	7.18	7.04	7.07	41901549	410810464.00
20140326	7.10	7.13	7.05	7.08	33632721	329655904.00
20140327	7.08	7.21	6.95	7.07	72840167	714877696.00
20140328	7.07	7.20	7.05	7.14	67562392	665062144.00
20140331	7.13	7.18	7.00	7.10	53922086	529273312.00
20140401	7.09	7.21	7.06	7.16	40553530	400451168.00
20140402	7.16	7.29	7.14	7.25	46973144	466611136.00
20140403	7.28	7.33	7.13	7.16	37611536	374082272.00
20140404	7.12	7.24	7.08	7.23	28983715	286708992.00
20140408	7.23	7.67	7.23	7.52	125647540	1279344640.00
20140409	7.51	7.57	7.44	7.46	49546199	505351296.00
20140410	7.48	7.86	7.41	7.69	125741022	1303872128.00
20140411	7.68	7.73	7.58	7.67	83700450	867866624.00
20140414	7.67	7.76	7.50	7.59	44536083	459224768.00
20140415	7.53	7.55	7.29	7.34	55898830	565140288.00
20140416	7.33	7.45	7.30	7.39	32300028	326676288.00
20140417	7.43	7.47	7.35	7.37	24985543	252693872.00
20140418	7.31	7.38	7.21	7.29	44941878	449241248.00
20140421	7.24	7.34	7.10	7.12	45225074	449874816.00
20140422	7.12	7.26	7.10	7.22	39771333	393671392.00
20140423	7.21	7.31	7.19	7.21	39664468	395213888.00
20140424	7.25	7.39	7.20	7.27	41519736	416229408.00
20140425	7.36	7.52	7.27	7.35	72827004	738460736.00
20140428	7.42	7.45	7.26	7.34	57743208	580640192.00
20140429	7.36	7.43	7.27	7.39	55927383	562876288.00
20140430	7.40	7.42	7.30	7.31	38465222	386563168.00
20140505	7.28	7.30	7.07	7.22	56011294	554555904.00
20140506	7.20	7.28	7.13	7.15	24992188	247781584.00
20140507	7.15	7.20	7.13	7.14	33178236	327641184.00
20140508	7.14	7.32	7.11	7.17	34742436	344841536.00
20140509	7.21	7.26	7.17	7.19	28961356	287586112.00
20140512	7.24	7.36	7.20	7.31	46585065	466818880.00
20140513	7.31	7.32	7.24	7.27	24024603	240029856.00
20140514	7.28	7.34	7.25	7.27	28490402	285183168.00
20140515	7.27	7.32	7.24	7.26	26320372	263260416.00
20140516	7.31	7.35	7.26	7.31	38020072	381636832.00
20140519	7.28	7.30	7.07	7.14	50974452	503707200.00
20140520	7.15	7.21	7.11	7.16	25492973	251840080.00
20140521	7.09	7.25	7.09	7.23	20692494	205035392.00
20140522	7.23	7.38	7.21	7.24	34599000	346700960.00
20140523	7.27	7.36	7.24	7.35	25365522	254501408.00
20140526	7.43	7.44	7.32	7.36	36080833	364689568.00
20140527	7.36	7.45	7.33	7.39	40848482	413653728.00
20140528	7.39	7.49	7.37	7.48	45123041	458678208.00
20140529	7.50	7.53	7.43	7.43	39560877	403560352.00
20140530	7.43	7.52	7.41	7.43	22071495	224765216.00
20140603	7.42	7.55	7.35	7.46	36299531	369877120.00
20140604	7.47	7.48	7.34	7.38	27462646	277448832.00
20140605	7.40	7.46	7.31	7.44	39944413	403018016.00
20140606	7.44	7.44	7.22	7.28	57542195	576728448.00
20140609	7.24	7.42	7.24	7.28	42459304	426219840.00
20140610	7.34	7.44	7.27	7.43	69402568	699032640.00
20140611	7.40	7.47	7.35	7.40	37211958	376400128.00
20140612	7.38	7.40	7.32	7.35	33885390	341458400.00
20140613	7.34	7.55	7.33	7.50	71212184	725381632.00
20140616	7.51	7.74	7.45	7.67	90740221	937827584.00
20140617	7.66	7.66	7.55	7.60	50260416	518131488.00
20140618	7.60	7.65	7.52	7.53	42768145	441140928.00
20140619	7.58	7.60	7.43	7.47	44841298	458547136.00
20140620	7.48	7.52	7.43	7.49	45240167	461205792.00
20140623	7.49	7.50	7.37	7.38	41342112	419972064.00
20140624	7.38	7.47	7.37	7.46	31811465	323067136.00
20140625	7.46	7.47	7.39	7.42	30674436	310961056.00
20140626	7.45	7.56	7.43	7.52	37108956	379071520.00
20140627	7.49	7.54	7.44	7.46	40741151	415510400.00
20140630	7.46	7.54	7.46	7.52	39066695	399105984.00
20140701	7.53	7.56	7.48	7.51	33859662	346594400.00
20140702	7.51	7.56	7.50	7.54	38268456	392486560.00
20140703	7.55	7.63	7.53	7.62	55189522	569267392.00
20140704	7.61	7.65	7.59	7.62	32935545	340479296.00
20140707	7.62	7.64	7.58	7.60	32183068	332206208.00
20140708	7.60	7.67	7.58	7.65	36679126	379699456.00
20140709	7.64	7.65	7.50	7.52	50446107	519080032.00
20140710	7.53	7.60	7.53	7.54	42521270	436831168.00
20140711	7.55	7.64	7.53	7.59	48873743	473621408.00
20140714	7.59	7.65	7.54	7.65	46443375	450155968.00
20140715	7.65	7.69	7.61	7.68	44903197	437770976.00
20140716	7.68	7.74	7.64	7.69	45693063	447191936.00
20140717	7.69	7.69	7.61	7.64	29921279	291821824.00
20140718	7.64	7.73	7.62	7.69	45872984	449290944.00
20140721	7.69	7.72	7.65	7.71	30666747	300017760.00
20140722	7.72	7.96	7.69	7.88	90924266	905711744.00
20140723	7.87	8.03	7.86	7.97	78775425	794073408.00
20140724	7.97	8.30	7.97	8.24	141612839	1460972672.00
20140725	8.28	8.40	8.27	8.39	77555587	809852288.00
20140728	8.48	8.93	8.48	8.87	178057210	1939612928.00
20140729	8.88	9.04	8.81	8.93	106117117	1168891136.00
20140730	8.93	9.07	8.82	8.89	88811450	979789760.00
20140731	8.83	8.98	8.79	8.97	69895997	767160064.00
20140801	8.93	9.22	8.89	8.92	96819251	1076877952.00
20140804	8.92	9.15	8.90	9.15	81192514	904460992.00
20140805	9.14	9.15	9.01	9.08	63237688	705835008.00
20140806	9.00	9.00	8.80	8.88	85425499	938016192.00
20140807	8.83	8.97	8.62	8.64	75661754	821957632.00
20140808	8.69	8.75	8.59	8.73	58870029	633995200.00
20140811	8.76	9.02	8.74	8.98	61489279	676379264.00
20140812	8.88	8.93	8.77	8.81	56007016	611588224.00
20140813	8.81	8.90	8.70	8.73	62901988	683507712.00
20140814	8.73	8.83	8.57	8.64	90536118	972743104.00
20140815	8.63	8.76	8.57	8.69	57498429	619359104.00
20140818	8.70	8.78	8.66	8.70	48283316	521746272.00
20140819	8.70	8.72	8.60	8.68	42085721	452326976.00
20140820	8.64	8.68	8.58	8.62	35076989	375835712.00
20140821	8.62	8.62	8.41	8.50	54942372	581428160.00
20140822	8.46	8.63	8.43	8.61	40205574	429221792.00
20140825	8.62	8.64	8.43	8.48	40054004	424399040.00
20140826	8.48	8.54	8.43	8.50	37654564	398686432.00
20140827	8.46	8.53	8.41	8.47	37205732	392871936.00
20140828	8.47	8.47	8.33	8.37	53249298	558340416.00
20140829	8.43	8.47	8.35	8.46	31151613	327255968.00
20140901	8.49	8.51	8.40	8.44	44664646	471342240.00
20140902	8.46	8.62	8.37	8.59	85066325	899627584.00
20140903	8.58	8.74	8.56	8.68	82178689	885389888.00
20140904	8.69	8.77	8.62	8.73	58184196	627802368.00
20140905	8.76	8.85	8.75	8.83	71109742	775337088.00
20140909	8.83	8.87	8.69	8.70	52675617	571253568.00
20140910	8.60	8.69	8.56	8.61	47045210	504221920.00
20140911	8.60	8.71	8.52	8.53	77092885	824640192.00
20140912	8.51	8.60	8.48	8.59	37288834	396399552.00
20140915	8.51	8.56	8.46	8.52	58219154	617237568.00
20140916	8.53	8.65	8.46	8.48	83101208	884221952.00
20140917	8.55	8.56	8.42	8.48	61592007	651655936.00
20140918	8.43	8.56	8.39	8.47	77294558	816814720.00
20140919	8.46	8.54	8.43	8.52	59631606	631467584.00
20140922	8.46	8.47	8.22	8.26	78671055	820337536.00
20140923	8.25	8.33	8.21	8.29	51796848	537216320.00
20140924	8.24	8.50	8.23	8.47	85953089	901598400.00
20140925	8.55	8.56	8.36	8.40	73618411	777900992.00
20140926	8.37	8.41	8.30	8.35	42616236	444799616.00
20140929	8.35	8.38	8.26	8.30	74808870	778930624.00
20140930	8.31	8.34	8.26	8.29	53937511	560313600.00
20141008	8.31	8.36	8.25	8.35	80876668	841797696.00
20141009	8.35	8.44	8.30	8.35	81206641	849495680.00
20141010	8.31	8.42	8.29	8.37	73045311	761639360.00
20141013	8.31	8.37	8.25	8.32	65139327	676177856.00
20141014	8.29	8.34	8.24	8.26	54272142	563688128.00
20141015	8.24	8.32	8.21	8.32	52451447	543927104.00
20141016	8.27	8.42	8.24	8.29	86060716	898740480.00
20141017	8.29	8.35	8.22	8.27	57961760	601332608.00
20141020	8.32	8.33	8.25	8.29	45123722	468389568.00
20141021	8.29	8.32	8.26	8.27	51776718	537789440.00
20141022	8.27	8.33	8.25	8.26	69087717	717813696.00
20141023	8.26	8.34	8.25	8.29	73475820	764449856.00
20141024	8.30	8.35	8.25	8.26	65830725	684756992.00
20141027	8.23	8.24	8.03	8.06	89750548	918395776.00
20141028	8.09	8.19	8.06	8.18	84195339	860058048.00
20141029	8.19	8.35	8.17	8.28	94817770	981755264.00
20141030	8.29	8.42	8.26	8.37	98486732	1027105408.00
20141031	8.41	8.82	8.40	8.70	230966257	2473009920.00
20141103	8.75	8.77	8.56	8.59	107585373	1153897984.00
20141104	8.57	8.57	8.47	8.50	81087060	859952832.00
20141105	8.48	8.52	8.40	8.41	58082464	612081152.00
20141106	8.49	8.49	8.41	8.45	50113268	528946976.00
20141107	8.45	8.69	8.41	8.47	142603809	1515546368.00
20141110	8.64	8.70	8.50	8.66	139327822	1489651200.00
20141111	8.69	9.14	8.67	8.92	373721125	4110827520.00
20141112	8.81	8.90	8.71	8.89	138587203	1510470528.00
20141113	8.92	9.06	8.81	8.87	154652996	1704236416.00
20141114	8.83	8.88	8.68	8.82	88559223	962463808.00
20141117	8.92	8.98	8.70	8.70	98593224	1075277824.00
20141118	8.71	8.74	8.47	8.53	111028741	1185806976.00
20141119	8.51	8.58	8.50	8.54	61748524	656843456.00
20141120	8.50	8.59	8.45	8.49	87099943	924188544.00
20141121	8.52	8.75	8.46	8.70	122719771	1314595712.00
20141124	8.57	8.85	8.53	8.76	197935178	2134532992.00
20141125	8.75	9.11	8.71	9.01	221952213	2438717440.00
20141126	9.02	9.26	8.99	9.23	278657826	3133243136.00
20141127	9.30	9.46	9.14	9.30	256569655	2924452608.00
20141128	9.29	10.20	9.15	10.05	505203457	5995502080.00
20141201	10.06	10.45	9.81	10.01	365772874	4468664320.00
20141202	9.87	10.90	9.83	10.60	386134810	4800513024.00
20141203	10.66	11.03	10.29	10.55	423086062	5419273728.00
20141204	10.75	11.78	10.60	11.54	487620297	6530002432.00
20141205	11.80	12.40	11.20	11.85	639778572	8897229824.00
20141208	11.70	12.15	11.32	11.86	720427941	10009732096.00
20141209	11.60	12.50	10.60	10.94	759492385	10657924096.00
20141210	11.06	12.10	10.45	12.02	547208936	7346901504.00
20141211	12.19	12.86	11.82	12.14	595906284	8598092800.00
20141212	11.94	12.34	11.52	11.81	376947324	5295825408.00
20141215	11.61	11.61	11.21	11.52	235485573	3178107392.00
20141216	11.49	12.11	11.38	12.10	382798037	5336939520.00
20141217	12.15	13.37	11.88	13.00	843193378	12458079232.00
20141218	13.02	13.10	12.50	12.63	416116600	6197378560.00
20141219	12.65	13.06	12.36	12.82	349429330	5197509632.00
20141222	12.90	13.90	12.83	13.27	566435578	8786102272.00
20141223	13.00	13.56	12.53	12.93	434808470	6650627072.00
20141224	12.90	12.91	11.90	12.20	399070478	5760088576.00
20141225	12.41	12.87	12.24	12.66	368029483	5389584896.00
20141226	12.78	13.28	12.61	13.24	422937960	6383178752.00
20141229	13.79	14.13	12.91	13.19	529036760	8302399488.00
20141230	13.29	13.74	13.21	13.58	391195844	6098380288.00
20141231	13.54	14.52	13.36	14.49	667128953	10694251520.00
20150105	14.46	14.97	14.15	14.58	500187128	8302084608.00
20150106	14.30	15.10	14.19	14.32	426877234	7100974592.00
20150107	14.10	14.46	13.84	14.06	296169604	4806397440.00
20150108	14.15	14.24	13.43	13.47	292921110	4621825024.00
20150109	13.46	14.46	13.26	13.61	461363497	7356771840.00
20150112	13.60	13.80	13.10	13.50	287002787	4465050112.00
20150113	13.42	13.68	13.25	13.33	170251610	2646920704.00
20150114	13.47	13.80	13.40	13.61	227140865	3573843456.00
20150115	13.61	14.09	13.50	14.08	264684100	4216830720.00
20150116	14.17	14.40	13.97	14.14	312550700	5096707072.00
20150119	12.52	13.30	12.52	12.53	499040602	7432124928.00
20150120	12.65	12.88	12.24	12.54	304480893	4468888064.00
20150121	12.70	13.37	12.49	13.20	347044052	5208894976.00
20150122	13.20	13.21	12.86	13.03	215666200	3267085568.00
20150123	13.13	13.40	13.01	13.07	249422660	3814173184.00
20150126	13.09	13.14	12.77	12.93	178096442	2671404544.00
20150127	12.95	13.00	12.35	12.61	256941922	3785792768.00
20150128	12.50	12.74	12.31	12.43	174144815	2541837312.00
20150129	12.21	12.33	12.05	12.27	177530685	2541569536.00
20150130	12.33	12.52	12.10	12.24	181808721	2625624576.00
20150202	11.88	12.20	11.76	11.99	155786828	2200454400.00
20150203	12.25	12.50	12.10	12.47	174884321	2516020224.00
20150204	12.50	12.62	12.18	12.20	129621466	1886445056.00
20150205	12.90	12.95	12.20	12.22	337061702	4973382144.00
20150206	12.18	12.48	12.05	12.15	163835590	2356073472.00
20150209	12.15	12.44	11.90	12.31	171924698	2454553600.00
20150210	12.37	12.65	12.23	12.56	153525979	2238448128.00
20150211	12.59	12.69	12.46	12.54	93584114	1372191488.00
20150212	12.59	12.60	12.28	12.47	80748086	1173109248.00
20150213	12.52	12.75	12.41	12.53	150471474	2211523584.00
20150216	12.30	12.39	12.20	12.36	133387516	1920460672.00
20150217	12.35	12.51	12.31	12.42	92371310	1343475200.00
20150225	12.40	12.44	12.08	12.20	126747641	1821660416.00
20150226	12.19	12.63	12.09	12.57	155956628	2262725632.00
20150227	12.60	12.90	12.55	12.60	145616495	2157812736.00
20150302	12.68	12.73	12.31	12.47	219237346	3192258816.00
20150303	12.38	12.41	12.05	12.07	174417640	2494347008.00
20150304	12.23	12.23	12.00	12.11	125920707	1787542400.00
20150305	11.94	12.01	11.71	11.81	173548564	2421469952.00
20150306	11.82	11.99	11.81	11.95	102177380	1432408192.00
20150309	11.96	12.77	11.70	12.58	316125124	4551188992.00
20150310	12.39	12.49	12.13	12.19	186295651	2677735424.00
20150311	12.25	12.63	12.21	12.35	168184844	2440617984.00
20150312	12.65	13.33	12.49	13.03	383002880	5746567168.00
20150313	13.07	13.45	12.93	13.00	281304228	4299112448.00
20150316	13.17	13.36	12.94	13.26	221860248	3387764736.00
20150317	13.31	13.40	13.15	13.31	239492456	3679377664.00
20150318	13.31	13.67	13.25	13.64	246058511	3827652096.00
20150319	13.64	13.80	13.37	13.58	234590051	3665620480.00
20150320	13.57	13.86	13.23	13.59	314995766	4929184256.00
20150323	13.72	13.79	13.53	13.69	246274047	3881893376.00
20150324	13.68	13.70	13.44	13.46	263719125	4123151616.00
20150325	13.32	13.42	12.96	13.06	216753837	3310645760.00
20150326	12.98	13.32	12.88	13.12	180799341	2750283776.00
20150327	13.12	13.33	13.00	13.16	154287074	2350890752.00
20150330	13.32	13.73	13.20	13.64	304476423	4760224256.00
20150331	13.85	14.31	13.35	13.47	402562174	6407352320.00
20150401	13.49	13.81	13.45	13.63	243966115	3830336768.00
20150402	13.80	13.88	13.35	13.56	238955501	3744579584.00
20150413	15.13	15.13	15.13	15.13	55307305	952944896.00
20150414	15.87	15.87	15.27	15.38	658547688	11626313728.00
20150415	15.33	16.19	15.26	15.77	437486039	7851853312.00
20150416	15.77	16.74	15.66	16.71	404986603	7365508096.00
20150417	16.86	17.35	16.18	16.22	543675523	10204445696.00
20150420	16.60	16.60	15.50	15.71	530851112	9699567616.00
20150421	15.86	16.08	15.72	16.07	263542425	4748971520.00
20150422	16.37	16.40	15.96	16.31	340839656	6247865344.00
20150423	16.40	16.57	15.97	16.07	273771769	5015812096.00
20150424	15.78	16.00	15.31	15.60	291759971	5184168960.00
20150427	15.70	16.50	15.70	16.34	407263594	7467653120.00
20150428	16.32	17.13	16.00	16.26	509425743	9496380416.00
20150429	16.50	16.76	16.31	16.38	373807969	6951257088.00
20150430	16.40	16.70	16.09	16.12	266457338	4920839680.00
20150504	16.13	16.25	15.92	16.06	213403798	3868502784.00
20150505	15.95	16.00	15.11	15.35	268345404	4737518080.00
20150506	15.50	15.90	15.20	15.44	261290546	4625262592.00
20150507	15.41	15.84	15.31	15.59	221369716	3929052928.00
20150508	15.68	16.00	15.30	15.60	218683284	3889491456.00
20150511	15.41	15.85	15.24	15.81	277208085	4867456512.00
20150512	15.72	15.84	15.46	15.67	223925207	3974051840.00
20150513	15.77	15.88	15.33	15.44	226209360	4015189248.00
20150514	15.45	15.70	15.30	15.39	184443821	3238528768.00
20150515	15.32	15.56	14.80	15.06	214743210	3714982912.00
20150518	14.91	15.08	14.74	14.75	159945727	2726765056.00
20150519	14.75	15.59	14.69	15.53	249232781	4332748800.00
20150520	15.53	16.50	15.51	15.94	354080266	6396818944.00
20150521	16.14	16.39	15.81	16.06	197171529	3591569664.00
20150522	16.23	16.61	16.11	16.60	311985398	5778315264.00
20150525	16.90	17.26	16.90	17.12	328933073	6306117120.00
20150526	17.14	17.29	16.82	17.10	282892923	5411636736.00
20150527	17.11	17.42	16.72	16.97	241168309	4623215616.00
20150528	16.96	17.03	15.75	15.82	292942371	5429786112.00
20150529	15.87	16.10	15.35	15.97	261551000	4689434624.00
20150601	15.82	16.89	15.52	16.73	280927296	5176270848.00
20150602	16.72	17.04	16.43	16.85	254037657	4801441280.00
20150603	16.90	17.50	16.45	17.35	358509084	6871298560.00
20150604	17.34	18.55	16.82	18.34	495979045	9920531456.00
20150605	18.89	19.11	17.41	17.89	377712452	7651487744.00
20150608	17.94	19.10	17.51	19.03	515964167	10671410176.00
20150609	19.05	19.60	18.51	18.73	366124464	7755194368.00
20150610	18.41	19.07	18.26	18.37	252920825	5237249024.00
20150611	18.47	18.70	17.97	18.26	227111582	4624733696.00
20150612	18.48	18.67	18.00	18.21	245179413	5002958848.00
20150615	18.38	18.63	17.23	17.40	321220962	6411293696.00
20150616	17.40	17.70	16.90	17.19	244464728	4736893952.00
20150617	17.52	17.67	17.18	17.33	252739372	4925319168.00
20150618	17.10	17.25	16.63	16.69	211448969	4014580480.00
20150619	16.90	16.99	15.80	15.90	250030785	4661571072.00
20150623	15.96	16.90	15.62	16.77	287932245	5301457920.00
20150624	16.55	16.98	16.10	16.83	273133786	5088378880.00
20150625	17.39	17.49	16.21	16.34	327306805	6251707392.00
20150626	16.06	16.58	14.76	15.30	393568223	7050535936.00
20150629	15.60	16.19	14.03	15.33	472020614	8278080000.00
20150630	15.50	16.90	15.50	16.62	491095674	8983116800.00
20150701	16.23	16.56	15.96	16.11	293674262	5395012608.00
20150702	16.71	17.08	15.85	16.55	524774699	9814648832.00
20150703	16.55	16.91	15.47	16.18	407322716	7192690688.00
20150706	17.57	17.57	16.76	17.39	814689731	15128545280.00
20150707	17.17	19.07	16.57	18.78	873948893	16915629056.00
20150708	17.57	19.37	16.76	16.98	943293199	18287187968.00
20150709	16.07	18.52	15.42	17.57	588626898	10872359936.00
20150710	17.14	18.82	16.87	17.56	707202252	13746919424.00
20150713	17.08	17.45	16.61	16.88	389268451	7160449024.00
20150714	16.59	16.75	16.08	16.44	355834793	6336410112.00
20150715	16.35	17.08	16.28	17.05	370764546	6703076864.00
20150716	17.05	17.06	16.37	16.72	227738299	4140280064.00
20150717	16.92	17.00	16.58	16.93	184194967	3358838016.00
20150720	16.83	17.06	16.62	17.01	191305543	3502137600.00
20150721	16.84	17.07	16.58	16.65	141710092	2577185024.00
20150722	16.48	16.57	16.30	16.42	147100276	2626580224.00
20150723	16.33	16.61	16.13	16.51	154940894	2773616128.00
20150724	16.57	16.76	16.39	16.47	168639884	3035791104.00
20150727	16.32	16.45	15.24	15.27	207240536	3616867840.00
20150728	15.14	15.92	15.01	15.61	293059395	4980539904.00
20150729	15.61	15.84	15.47	15.73	151816216	2598864640.00
20150730	15.72	15.90	15.55	15.55	110541303	1898233856.00
20150731	15.67	15.95	15.51	15.87	120903562	2073334784.00
20150803	15.77	16.79	15.62	16.66	237198553	4231772160.00
20150804	16.53	16.77	16.39	16.72	88969867	1605609728.00
20150805	16.63	16.79	16.42	16.48	63786791	1152536448.00
20150806	16.39	17.12	16.37	16.69	104721647	1915869952.00
20150807	16.67	17.04	16.63	16.86	97611655	1785386368.00
20150810	16.69	17.23	16.52	17.19	146451827	2680856832.00
20150811	17.06	17.07	16.58	16.77	119158095	2170867968.00
20150812	16.47	16.77	16.42	16.47	69756265	1256297728.00
20150813	16.73	16.73	16.22	16.42	70580929	1259620096.00
20150814	16.48	16.52	16.25	16.31	61911327	1100300800.00
20150817	16.15	16.22	15.77	15.90	85898649	1489369728.00
20150818	15.91	16.04	15.25	15.37	118951192	2037802240.00
20150819	15.61	15.74	15.25	15.70	120889448	2033145088.00
20150820	15.49	15.54	15.28	15.38	73389709	1235705216.00
20150821	15.28	15.52	14.79	15.11	102036287	1688909952.00
20150824	14.67	14.91	13.46	13.55	219566780	3350255360.00
20150825	13.08	13.91	12.58	13.28	198865771	2938765568.00
20150826	13.27	14.75	13.20	14.66	249867579	3881032448.00
20150827	14.95	16.27	14.38	16.20	250420469	4189866496.00
20150828	16.06	16.42	15.62	15.87	197787584	3448948736.00
20150831	15.74	15.81	15.19	15.62	142554697	2418625024.00
20150901	15.45	15.95	15.28	15.41	177645576	3032538112.00
20150902	15.02	15.65	14.87	15.34	173011243	2894747136.00
20150907	15.12	15.17	14.60	14.73	89992303	1473089792.00
20150908	14.73	15.54	14.62	15.22	99744306	1648957696.00
20150909	15.36	15.36	15.10	15.32	88645504	1476979456.00
20150910	15.17	15.92	15.07	15.86	141952541	2422977024.00
20150911	15.67	15.88	15.54	15.69	58833747	1010033536.00
20150914	15.67	16.98	15.32	16.92	238728459	4224243712.00
20150915	16.51	16.82	16.22	16.58	159682120	2859988224.00
20150916	16.47	16.78	16.05	16.45	92456985	1649211136.00
20150917	16.27	16.69	16.09	16.13	72462096	1290899328.00
20150918	16.09	16.53	16.09	16.28	55779290	994981760.00
20150921	16.17	16.32	15.98	16.14	51032930	896607936.00
20150922	16.22	16.67	16.09	16.53	61256088	1099849984.00
20150923	16.37	16.70	16.15	16.30	47881418	854955648.00
20150924	16.45	16.46	15.98	16.09	40028862	703968000.00
20150925	16.07	16.44	15.79	16.29	46496008	812576128.00
20150928	16.13	16.24	16.04	16.08	21257675	373021856.00
20150929	15.82	16.08	15.82	16.01	30162101	522340032.00
20150930	16.07	16.48	15.96	16.34	54828280	972151296.00
20151008	16.77	16.83	16.17	16.30	49182338	881085504.00
20151009	16.52	16.77	16.40	16.53	30962815	557496960.00
20151012	16.53	16.85	16.36	16.76	60847887	1099989888.00
20151013	16.73	16.81	16.58	16.63	43079671	779474432.00
20151014	16.43	16.67	16.38	16.42	28905263	519124192.00
20151015	16.50	17.08	16.37	16.91	79188955	1448179840.00
20151016	16.97	17.36	16.90	17.15	67386056	1255251072.00
20151019	17.13	17.13	16.76	16.82	55653065	1019756288.00
20151020	16.87	16.98	16.62	16.79	37834105	688780800.00
20151021	16.75	17.55	16.59	17.26	89199316	1636226560.00
20151022	16.99	17.05	16.79	16.86	43201464	791243648.00
20151023	16.83	16.93	16.65	16.76	46374401	842709760.00
20151026	16.90	16.92	16.55	16.64	65191820	1182859648.00
20151027	16.65	16.70	16.45	16.61	37451195	673297472.00
20151028	16.53	16.56	16.39	16.43	35544195	636052160.00
20151029	16.42	16.50	16.37	16.38	27189186	485101152.00
20151030	16.36	16.65	16.35	16.50	43475425	780550592.00
20151102	16.35	16.61	16.35	16.40	27526694	492637312.00
20151103	16.41	16.63	16.41	16.47	34258849	616527488.00
20151104	16.54	16.96	16.42	16.93	62343814	1133352832.00
20151105	16.87	17.65	16.75	17.14	177602375	3329491968.00
20151106	17.10	17.28	16.87	17.25	95910098	1778266496.00
20151109	17.32	18.55	17.32	17.65	202697172	3926534144.00
20151110	17.42	17.56	17.13	17.21	85968188	1608819584.00
20151111	17.21	17.21	16.88	17.01	50167495	925608704.00
20151112	17.12	17.14	16.74	16.84	43502782	796449664.00
20151113	16.70	16.91	16.66	16.71	35960742	653641216.00
20151116	16.58	16.74	16.50	16.67	34169052	616059264.00
20151117	16.77	17.02	16.65	16.71	58690618	1073245504.00
20151118	16.80	17.02	16.57	16.73	47020962	854764928.00
20151119	16.65	16.82	16.62	16.77	32778243	594877184.00
20151120	16.72	16.86	16.68	16.72	36231273	659327808.00
20151123	16.73	16.91	16.69	16.76	47651030	869174144.00
20151124	16.80	16.80	16.27	16.45	62211098	1111420160.00
20151125	16.42	16.42	16.13	16.30	66101173	1169696256.00
20151126	16.36	16.49	16.07	16.10	63766044	1127051648.00
20151127	16.08	16.08	15.47	15.61	67955529	1168267264.00
20151130	15.64	15.89	15.55	15.77	55002022	940653568.00
20151201	15.85	15.85	15.48	15.68	39788453	678415744.00
20151202	15.70	16.56	15.62	16.48	102164733	1800174848.00
20151203	16.37	16.55	16.18	16.35	71516047	1272599552.00
20151204	16.17	16.26	15.70	15.82	51544534	895112320.00
20151207	15.77	16.02	15.72	15.96	43689457	757778112.00
20151208	15.87	16.19	15.75	15.99	45180101	786526016.00
20151209	15.90	16.16	15.89	15.96	44067092	767061504.00
20151210	15.96	16.22	15.78	15.83	44071740	767406848.00
20151211	15.80	15.83	15.23	15.49	114185613	1927210880.00
20151214	15.32	15.66	15.07	15.63	94142190	1575700864.00
20151215	15.60	15.63	15.47	15.60	46157831	784493824.00
20151216	15.65	15.66	15.44	15.53	30786339	521687776.00
20151217	15.57	15.69	15.52	15.67	50191055	856073280.00
20151218	15.66	16.63	15.61	16.09	156986555	2766475776.00
20151221	16.00	17.02	15.92	16.80	152603076	2749053952.00
20151222	16.71	16.89	16.63	16.84	94006477	1712026880.00
20151223	16.85	17.28	16.74	16.76	108842854	2005574272.00
20151224	16.75	16.88	16.58	16.71	37409210	678405120.00
20151225	16.79	16.93	16.77	16.90	48926300	894866176.00
20151228	16.92	16.96	16.37	16.41	48737935	876240576.00
20151229	16.40	16.54	16.28	16.51	36577477	651978496.00
20151230	16.47	16.87	16.12	16.83	71266569	1275675648.00
20151231	16.69	16.90	16.48	16.56	72164923	1308243712.00
20160104	16.48	16.52	15.73	15.85	37340569	650573696.00
20160105	15.74	16.12	15.57	15.80	51577796	892179584.00
20160106	15.77	15.90	15.63	15.88	31982691	551646016.00
20160107	15.72	15.72	15.08	15.24	19981533	335909440.00
20160108	15.37	15.63	15.18	15.38	60822777	1024996352.00
20160111	15.25	15.25	14.57	14.61	65491242	1071917376.00
20160112	14.60	14.82	14.45	14.55	46828222	751250880.00
20160113	14.78	14.78	14.35	14.44	57343596	915062400.00
20160114	14.12	14.53	14.09	14.46	42963031	678479488.00
20160115	14.44	14.49	14.02	14.05	34421564	539614080.00
20160118	13.96	14.27	13.93	13.99	26735062	414899648.00
20160119	14.15	14.34	13.92	14.28	38835180	605769280.00
20160120	14.13	14.25	13.81	14.09	38930681	602278592.00
20160121	13.98	14.25	13.85	13.87	35322411	547241536.00
20160122	14.05	14.06	13.70	13.85	30700816	469666144.00
20160125	13.86	14.06	13.77	14.05	21843950	334419008.00
20160126	13.90	13.96	13.35	13.43	30208597	456333856.00
20160127	13.53	13.79	13.41	13.57	51268841	771408384.00
20160128	13.53	13.63	13.19	13.29	25477946	379361536.00
20160129	13.32	13.65	13.19	13.56	36467461	544618816.00
20160201	13.55	13.75	13.05	13.29	27035594	399202432.00
20160202	13.22	13.52	13.22	13.42	18777772	279081120.00
20160203	13.29	13.37	13.12	13.24	23660799	346543296.00
20160204	13.36	13.50	13.26	13.45	22319314	330677632.00
20160205	13.47	13.50	13.35	13.43	16885368	250744416.00
20160215	13.07	13.39	13.04	13.23	19290819	282388064.00
20160216	13.34	13.62	13.29	13.51	26569833	397122784.00
20160217	13.52	13.64	13.45	13.60	38285480	573493632.00
20160218	13.52	13.63	13.44	13.47	28765190	430450528.00
20160219	13.47	13.51	13.25	13.32	22515437	333076960.00
20160222	13.45	13.68	13.36	13.58	38640686	578307968.00
20160223	13.58	13.58	13.29	13.40	24862800	369124448.00
20160224	13.32	13.44	13.24	13.38	21475072	316686624.00
20160225	13.38	13.38	12.78	12.82	51130623	740824064.00
20160226	12.92	13.14	12.85	13.02	28683994	413497088.00
20160229	13.00	13.17	12.61	13.13	48318546	692907456.00
20160301	13.13	13.35	12.93	13.22	32028783	467774880.00
20160302	13.36	13.54	13.29	13.53	60456293	897678336.00
20160303	13.52	13.76	13.48	13.72	53511876	803689984.00
20160304	13.71	14.59	13.59	14.54	164467881	2572638976.00
20160307	14.47	14.57	14.22	14.35	41066485	649708928.00
20160308	14.35	14.56	13.78	14.53	45257082	704533952.00
20160309	14.30	14.65	13.98	14.62	74232024	1175103104.00
20160310	14.39	14.55	14.22	14.23	19886994	314373888.00
20160311	14.16	14.35	13.99	14.33	32789560	512388928.00
20160314	14.35	14.61	14.22	14.29	31496816	500190848.00
20160315	14.38	14.56	14.17	14.43	35520508	561733632.00
20160316	14.45	15.02	14.36	14.99	123657453	2016510080.00
20160317	14.96	14.97	14.68	14.80	46071149	748342336.00
20160318	14.96	14.97	14.61	14.74	59577653	965239488.00
20160321	14.78	15.01	14.68	14.79	50253793	816507328.00
20160322	14.84	14.99	14.73	14.76	33741962	548665856.00
20160323	14.83	14.86	14.75	14.75	19140021	310370784.00
20160324	14.75	14.80	14.58	14.68	23990803	386975648.00
20160325	14.69	14.77	14.67	14.70	15929295	257057440.00
20160328	14.72	14.77	14.38	14.42	22137582	355104576.00
20160329	14.47	14.62	14.33	14.36	19716528	313168224.00
20160330	14.36	14.87	14.35	14.81	29675475	478252576.00
20160331	14.87	14.92	14.59	14.66	25949603	418715072.00
20160401	14.75	14.87	14.55	14.84	38488344	620911552.00
20160405	14.70	14.94	14.64	14.91	39296938	637828864.00
20160406	14.78	14.92	14.76	14.83	30072583	488458880.00
20160407	14.89	14.92	14.62	14.67	29556313	477567488.00
20160408	14.57	14.78	14.55	14.73	22439805	361753056.00
20160411	14.73	15.14	14.72	14.88	31780847	521431200.00
20160412	14.98	14.98	14.69	14.86	17456359	284011232.00
20160413	14.96	15.25	14.57	15.05	40046940	662526912.00
20160414	15.07	15.25	14.94	15.03	22984200	379056768.00
20160415	15.13	15.61	15.03	15.50	58833767	990505856.00
20160418	15.33	15.84	15.29	15.63	50523260	862860032.00
20160419	15.78	15.80	15.59	15.68	30079607	515250048.00
20160420	15.68	15.93	15.37	15.90	78748333	1349077248.00
20160421	15.84	16.50	15.74	16.26	79412106	1395740416.00
20160422	16.17	16.59	16.13	16.44	55625558	993784320.00
20160425	16.32	16.53	15.98	16.47	39667820	705132096.00
20160426	16.38	16.52	16.17	16.48	39021652	697015488.00
20160427	16.47	16.52	16.38	16.45	25071611	448803392.00
20160428	16.50	16.50	16.24	16.45	28195786	503333056.00
20160429	16.44	16.49	16.30	16.32	19001557	338329920.00
20160503	16.36	16.42	16.13	16.27	35053706	620494464.00
20160504	16.27	16.28	16.16	16.22	24388752	430847904.00
20160505	16.22	16.27	16.03	16.19	20305075	357190016.00
20160506	16.19	16.22	15.87	15.89	29666028	519899744.00
20160509	15.90	16.02	15.78	15.87	23597962	408579616.00
20160510	15.68	15.98	15.55	15.61	28801521	496178880.00
20160511	15.63	15.89	15.63	15.72	20807100	358012832.00
20160512	15.59	16.15	15.59	16.03	26079241	453541568.00
20160513	15.98	16.19	15.91	16.14	23912086	419456608.00
20160516	16.12	16.21	16.05	16.07	37999862	667673536.00
20160517	16.06	16.10	15.96	16.05	13498637	235712608.00
20160518	15.98	16.44	15.96	16.39	46174348	814897792.00
20160519	16.31	16.43	16.24	16.38	17097754	304549536.00
20160520	16.33	16.50	16.27	16.45	14502842	259055456.00
20160523	16.45	16.54	16.05	16.09	16849858	297555968.00
20160524	16.08	16.08	15.89	15.90	8825574	153638720.00
20160525	16.16	16.16	16.01	16.12	10291661	180397504.00
20160526	16.07	16.37	16.07	16.26	12788326	226478688.00
20160527	16.34	16.34	16.19	16.23	7414410	131180232.00
20160530	16.32	16.44	16.19	16.41	20754633	369200384.00
20160531	16.45	16.60	16.38	16.57	41139084	739952896.00
20160601	16.66	16.66	16.30	16.40	22013672	393579392.00
20160602	16.39	16.45	16.23	16.30	10755312	190719568.00
20160603	16.37	16.40	16.28	16.35	9852612	175174608.00
20160606	16.30	16.40	16.13	16.21	12770352	225235536.00
20160607	16.33	16.44	16.16	16.37	11250355	199544448.00
20160608	16.32	16.41	16.22	16.34	9514926	168924720.00
20160613	16.15	16.36	15.86	15.89	16220713	284764736.00
20160614	15.90	16.07	15.86	15.95	10953458	190753280.00
20160615	15.82	16.03	15.82	15.96	18735848	325485984.00
20160616	15.83	16.03	15.83	15.97	22113862	384653696.00
20160617	15.95	16.24	15.94	16.07	13760241	241308416.00
20160620	16.19	16.20	15.99	16.08	15697188	274976160.00
20160621	16.10	16.27	16.07	16.11	11327069	198765344.00
20160622	16.07	16.17	16.03	16.07	10067280	176398272.00
20160623	16.09	16.10	15.81	15.83	16061133	278405088.00
20160624	15.83	15.95	15.75	15.82	60859919	1049167936.00
20160627	15.82	15.90	15.75	15.85	19507706	336583680.00
20160628	15.82	15.89	15.78	15.86	13011644	224492912.00
20160629	15.88	16.06	15.84	16.02	21673574	376575264.00
20160630	16.04	16.12	15.96	16.07	17540455	306680960.00
20160701	16.07	16.23	16.06	16.20	10987843	193394880.00
20160704	16.20	16.49	16.20	16.29	17703319	314424416.00
20160705	16.36	16.36	16.02	16.13	18612287	327013888.00
20160706	16.10	16.11	15.88	15.99	20750600	361529696.00
20160707	15.98	16.09	15.92	16.08	15267400	266195440.00
20160708	16.07	16.08	15.92	15.96	15216100	264677216.00
20160711	16.06	16.12	15.97	16.05	16014159	280096736.00
20160712	16.05	16.32	16.03	16.28	25432000	447846592.00
20160713	16.39	16.65	16.28	16.31	28897000	495868864.00
20160714	16.33	16.42	16.26	16.35	12689500	216401312.00
20160715	16.34	16.43	16.34	16.40	11071500	189627728.00
20160718	16.41	16.75	16.39	16.52	24665200	427061952.00
20160719	16.52	16.59	16.35	16.38	13979700	239922720.00
20160720	16.36	16.40	16.28	16.33	11715100	199854448.00
20160721	16.33	16.53	16.33	16.50	14602400	251047872.00
20160722	16.51	16.51	16.29	16.34	10029400	171933040.00
20160725	16.35	16.44	16.27	16.38	8101000	138621904.00
20160726	16.31	16.46	16.31	16.43	11738200	201245056.00
20160727	16.46	16.64	16.15	16.63	32117298	550792704.00
20160728	16.45	16.55	16.35	16.40	19631362	337013568.00
20160729	16.41	16.49	16.30	16.42	12191855	208810752.00
20160801	16.41	16.50	16.36	16.44	19899307	341922848.00
20160802	16.47	16.51	16.38	16.41	9829628	168764720.00
20160803	16.34	16.42	16.27	16.33	9358504	159753552.00
20160804	16.37	16.38	16.24	16.32	11819369	201351104.00
20160805	16.32	16.41	16.31	16.36	16765602	286702368.00
20160808	16.40	16.41	16.33	16.39	13151009	225246256.00
20160809	16.39	16.46	16.36	16.43	25438700	436213120.00
20160810	16.43	16.55	16.41	16.54	18767600	323678688.00
20160811	16.56	17.13	16.52	16.71	31236343	549682880.00
20160812	16.77	17.26	16.73	17.25	44516136	794255424.00
20160815	17.36	18.25	17.28	17.68	81739230	1520048896.00
20160816	17.90	18.13	17.38	17.57	60274344	1105739904.00
20160817	17.69	17.94	17.57	17.66	21907973	404343008.00
20160818	17.59	17.91	17.39	17.49	32383832	596924096.00
20160819	17.60	18.01	17.57	17.88	39254763	729182464.00
20160822	17.88	18.06	17.77	17.95	20821200	388697504.00
20160823	17.87	18.26	17.78	17.92	28823100	542400832.00
20160824	17.92	17.96	17.69	17.88	19140800	354910016.00
20160825	17.83	17.90	17.45	17.77	19466500	358081696.00
20160826	17.75	17.86	17.70	17.81	16920600	313827456.00
20160829	17.72	17.74	17.29	17.53	20536484	374404160.00
20160830	17.50	17.78	17.49	17.70	19118919	352596192.00
20160831	17.62	18.02	17.62	17.89	15610697	290862560.00
20160901	17.86	18.04	17.81	17.88	15545243	290828352.00
20160902	17.78	17.98	17.74	17.94	17861657	332984800.00
20160905	17.94	18.08	17.83	18.01	19865500	372168096.00
20160906	18.01	18.04	17.69	17.77	17939403	334156288.00
20160907	17.77	17.88	17.66	17.82	17706315	328123072.00
20160908	17.84	17.89	17.74	17.79	8320200	154289424.00
20160909	17.78	17.83	17.57	17.59	8670862	159932160.00
20160912	17.42	17.44	17.07	17.16	28128406	506037344.00
20160913	17.17	17.34	17.16	17.17	13541708	243518992.00
20160914	17.25	17.25	16.74	16.80	22219675	393779456.00
20160919	16.81	17.14	16.81	17.07	16820168	299454560.00
20160920	17.06	17.11	16.93	17.00	10250971	182019360.00
20160921	17.01	17.21	17.01	17.14	7672304	137141040.00
20160922	17.25	17.43	17.14	17.23	12354837	222945152.00
20160923	17.25	17.35	17.19	17.24	13553186	244168352.00
20160926	17.17	17.35	17.11	17.26	14699757	264867536.00
20160927	17.23	17.36	17.20	17.33	10001267	180407344.00
20160928	17.32	17.32	17.09	17.15	10734706	192234016.00
20160929	17.22	17.33	17.18	17.26	10309280	185631392.00
20160930	17.22	17.36	17.21	17.26	8430817	152065856.00
20161010	17.29	17.64	17.29	17.56	19093895	348345888.00
20161011	17.59	17.75	17.52	17.59	12929420	237561456.00
20161012	17.54	17.57	17.36	17.41	10479969	190617616.00
20161013	17.41	17.47	17.31	17.35	10559824	191543008.00
20161014	17.36	17.41	17.26	17.36	12238516	221243824.00
20161017	17.33	17.36	17.09	17.12	12238087	219660672.00
20161018	17.12	17.25	17.10	17.19	14301948	256039360.00
20161019	17.19	17.31	17.09	17.14	11930149	213904320.00
20161020	17.16	17.24	17.09	17.15	12357910	220968784.00
20161021	17.17	17.19	17.08	17.17	12436352	222194720.00
20161024	17.19	17.68	17.12	17.57	29156035	531562144.00
20161025	17.57	17.72	17.35	17.39	19758214	360605408.00
20161026	17.38	17.41	17.21	17.23	14336807	258759664.00
20161027	17.32	17.32	17.03	17.07	21825012	389363392.00
20161028	17.06	17.31	17.06	17.16	20411626	365151744.00
20161031	17.13	17.22	16.98	17.12	12893323	230491024.00
20161101	17.13	17.25	17.05	17.24	18940500	339544640.00
20161102	17.12	17.20	17.02	17.10	30953500	551269824.00
20161103	17.09	17.23	17.05	17.19	27080968	484543264.00
20161104	17.16	17.26	17.13	17.17	26938800	483274400.00
20161107	17.17	17.19	17.11	17.15	20825832	372548928.00
20161108	17.18	17.32	17.15	17.25	26234851	471517504.00
20161109	17.26	17.34	17.03	17.15	34243788	612494720.00
20161110	17.21	17.37	17.20	17.26	27117031	489248992.00
20161111	17.21	17.34	17.19	17.28	27634854	497447008.00
20161114	17.26	17.51	17.21	17.30	35354071	641245312.00
20161115	17.36	17.50	17.29	17.44	25650732	465084608.00
20161116	17.49	17.55	17.31	17.38	23521200	427162272.00
20161117	17.37	17.40	17.27	17.38	27177300	491383008.00
20161118	17.38	17.42	17.29	17.36	18551400	335802144.00
20161121	17.34	17.94	17.34	17.60	41347600	760532544.00
20161122	17.63	17.75	17.54	17.63	52492006	964268096.00
20161123	17.66	18.16	17.63	18.10	66351510	1243122176.00
20161124	18.03	18.23	17.87	18.00	26750100	502543840.00
20161125	18.06	18.28	17.92	18.25	40943300	772447168.00
20161128	18.36	18.46	17.78	17.91	85146400	1604490624.00
20161129	17.91	18.02	17.77	18.01	49107900	915066944.00
20161130	18.02	18.08	17.73	17.81	39129800	727802176.00
20161201	17.81	17.90	17.67	17.75	53798959	997774272.00
20161202	17.79	17.80	17.50	17.75	48392142	891327424.00
20161205	17.65	17.93	17.60	17.92	50351700	933953856.00
20161206	17.92	18.04	17.83	17.86	31729000	592585856.00
20161207	17.91	17.97	17.84	17.88	12167200	226701440.00
20161208	17.93	18.14	17.88	18.02	26930700	505299968.00
20161209	18.02	18.60	18.01	18.46	62582100	1197391232.00
20161212	18.42	18.91	18.16	18.51	79488183	1530135040.00
20161213	18.35	18.46	18.07	18.14	24933178	471987680.00
20161214	18.06	18.40	18.06	18.08	32780688	621281024.00
20161215	17.99	17.99	17.46	17.50	36612461	673540672.00
20161216	17.50	17.66	17.38	17.44	24216836	441962368.00
20161219	17.41	17.44	17.19	17.27	24624487	443900192.00
20161220	17.25	17.25	16.96	17.05	29800167	531016960.00
20161221	17.09	17.24	17.03	17.07	30868403	551372352.00
20161222	17.11	17.11	16.91	16.98	21923062	388437344.00
20161223	17.03	17.03	16.80	16.86	18108164	319060384.00
20161226	16.82	17.03	16.65	17.01	16343100	287481216.00
20161227	16.99	17.08	16.91	16.97	10090799	179187232.00
20161228	16.98	17.03	16.75	16.88	26787189	470097376.00
20161229	16.86	16.88	16.69	16.75	28439191	497576064.00
20161230	16.79	16.87	16.73	16.86	22725900	398354144.00
20170103	16.86	17.24	16.83	17.22	30458320	543437248.00
20170104	17.16	17.37	17.11	17.28	25665746	461916736.00
20170105	17.31	17.47	17.29	17.36	24563935	445323264.00
20170106	17.36	17.42	17.22	17.22	17487854	315460256.00
20170109	17.31	17.39	17.17	17.20	17346031	312457088.00
20170110	17.21	17.35	17.17	17.20	10668237	191855424.00
20170111	17.29	17.33	17.19	17.22	13428968	241615360.00
20170112	17.21	17.39	17.20	17.26	14095858	254229664.00
20170113	17.26	17.64	17.24	17.48	25117871	456928160.00
20170116	17.44	17.85	17.42	17.84	75104666	1385245824.00
20170117	17.76	17.85	17.69	17.71	23566010	435835488.00
20170118	17.75	17.87	17.73	17.85	17879565	331977184.00
20170119	17.81	18.00	17.77	17.78	13117422	244232032.00
20170120	17.80	17.91	17.73	17.85	21739051	403155072.00
20170123	17.94	18.02	17.67	17.76	19879818	369761632.00
20170124	17.85	18.14	17.76	18.13	25543630	479286624.00
20170125	18.07	18.21	17.94	18.14	15272178	287271136.00
20170126	18.16	18.51	18.08	18.26	27318666	521508256.00
20170203	18.34	18.34	17.92	17.96	23307310	437172384.00
20170206	18.14	18.16	17.80	17.88	24044319	449830944.00
20170207	17.89	17.94	17.81	17.83	22941249	426839072.00
20170208	17.81	17.86	17.74	17.86	19710326	365540224.00
20170209	17.85	18.19	17.85	17.99	22249868	418114752.00
20170210	18.12	18.23	17.99	18.16	39642813	748379520.00
20170213	18.16	18.35	18.15	18.23	25330996	480693344.00
20170214	18.26	18.29	18.07	18.13	23787741	449426400.00
20170215	18.23	18.49	18.16	18.39	59684478	1140926336.00
20170216	18.45	18.60	18.30	18.40	35223424	674770048.00
20170217	18.45	18.49	18.24	18.28	17980608	343397824.00
20170220	18.29	18.76	18.24	18.66	44635000	864176256.00
20170221	18.69	19.07	18.65	18.67	30056784	588854400.00
20170222	18.69	18.83	18.56	18.66	22550262	437723360.00
20170223	18.67	18.70	18.53	18.64	15656602	303013856.00
20170224	18.64	18.76	18.53	18.69	20702200	401104864.00
20170227	18.64	18.83	18.52	18.67	25452100	494391328.00
20170228	18.66	18.84	18.62	18.70	16595374	323451584.00
20170301	18.71	18.77	18.54	18.60	23983933	464816288.00
20170302	18.64	18.71	18.33	18.36	24151335	463994976.00
20170303	18.33	18.43	18.21	18.27	16972146	323332704.00
20170306	18.27	18.65	18.26	18.32	23808114	457260960.00
20170307	18.36	18.55	18.23	18.50	25247800	482993280.00
20170308	18.38	18.61	18.34	18.55	19486576	374347200.00
20170309	18.51	18.51	18.18	18.31	23195322	441475808.00
20170310	18.28	18.31	18.09	18.17	20905258	394814400.00
20170313	18.15	18.31	18.07	18.29	17056107	323081952.00
20170314	18.30	18.45	18.28	18.36	18159274	346992928.00
20170315	18.36	18.39	18.22	18.27	21828414	415062784.00
20170316	18.36	18.51	18.28	18.32	31185472	596890752.00
20170317	18.43	18.47	18.04	18.07	35535357	675517888.00
20170320	18.15	18.21	17.87	18.02	33463000	627135936.00
20170321	18.01	18.09	17.91	18.02	40184800	752524928.00
20170322	18.00	18.01	17.74	17.78	46907976	871125184.00
20170323	17.78	18.07	17.74	17.90	40943140	766200256.00
20170324	18.03	18.05	17.89	18.04	32781600	613249792.00
20170327	18.05	18.58	18.05	18.36	80019192	1531802496.00
20170328	18.51	18.57	18.17	18.23	42027343	801684352.00
20170329	18.25	18.42	18.24	18.35	44934719	857221824.00
20170330	18.35	18.41	18.22	18.28	25726855	490686368.00
20170331	18.28	18.51	18.28	18.43	33962346	650952960.00
20170405	18.48	18.55	18.27	18.33	48602592	929280320.00
20170406	18.31	18.37	18.19	18.30	34096737	648458304.00
20170407	18.31	18.34	18.08	18.15	44034033	833989120.00
20170410	18.19	18.23	17.96	18.17	32313532	609971584.00
20170411	18.17	18.31	18.14	18.28	39407500	748244160.00
20170412	18.28	18.38	18.16	18.31	32143500	611280960.00
20170413	18.30	18.31	18.11	18.18	26704897	505235744.00
20170414	18.17	18.20	17.91	18.08	30142700	564136320.00
20170417	18.03	18.16	17.86	18.14	40758304	763022080.00
20170418	18.06	18.11	17.86	17.86	31585792	591650432.00
20170419	17.84	18.01	17.66	17.72	30928072	573673728.00
20170420	17.85	17.86	17.64	17.65	28367769	523852160.00
20170421	17.76	18.19	17.65	18.06	49743044	935678848.00
20170424	18.15	18.27	18.06	18.17	37143300	703849024.00
20170425	18.21	18.32	18.04	18.22	40879000	773462784.00
20170426	18.23	18.44	18.17	18.37	42419100	810267712.00
20170427	18.27	18.34	18.09	18.24	34557480	654130112.00
20170428	18.36	18.50	18.27	18.39	49459693	945369152.00
20170502	18.40	18.47	18.20	18.27	27786907	529881152.00
20170503	18.25	18.29	18.11	18.19	18057905	342113792.00
20170504	18.21	18.23	17.92	18.01	39673300	743771328.00
20170505	18.05	18.10	17.80	18.06	34318400	640625536.00
20170508	17.93	18.12	17.91	18.05	42998400	806982656.00
20170509	18.06	18.11	18.00	18.05	14905601	280094848.00
20170510	18.11	18.44	18.07	18.28	42066300	802326336.00
20170511	18.35	18.71	18.26	18.52	47193300	909384832.00
20170512	18.51	19.64	18.45	19.60	122392416	2442104320.00
20170515	19.71	20.36	19.68	19.93	83559057	1738353280.00
20170516	19.81	20.00	19.60	19.75	64731794	1325991040.00
20170517	19.62	19.79	19.32	19.45	59693502	1206835072.00
20170518	19.27	19.58	19.27	19.51	36345400	732979584.00
20170519	19.43	19.85	19.37	19.79	39179460	798985920.00
20170522	19.72	20.41	19.72	20.15	57888523	1212784512.00
20170523	20.14	21.26	20.14	21.09	95034400	2057868416.00
20170524	21.08	21.52	20.80	21.17	74150600	1623533184.00
20170525	21.07	22.27	21.06	22.21	106667800	2416876288.00
20170526	22.25	22.32	21.70	21.90	78505400	1785010176.00
20170531	21.71	22.22	21.44	21.68	73975517	1666165888.00
20170601	21.59	21.91	21.49	21.85	78092238	1753824128.00
20170602	21.96	22.01	21.33	21.42	51019453	1138839808.00
20170605	21.19	21.43	20.86	21.24	65026549	1419799552.00
20170606	21.26	21.39	20.92	21.19	54884450	1199205632.00
20170607	21.28	21.84	21.21	21.78	96496305	2160376576.00
20170608	21.61	22.04	21.24	22.00	74865798	1680209792.00
20170609	22.01	22.56	21.88	22.17	83753301	1924613504.00
20170612	22.10	22.52	21.92	22.10	55565400	1276327552.00
20170613	22.16	22.24	21.56	21.75	54260816	1220058112.00
20170614	21.75	21.86	21.22	21.30	51801561	1115250432.00
20170615	21.30	21.64	20.90	20.93	67537281	1425902848.00
20170616	20.91	21.09	20.74	20.81	53191074	1113029504.00
20170619	20.92	21.30	20.83	21.16	54663330	1152930432.00
20170620	21.30	21.54	20.92	21.08	53216817	1127816320.00
20170621	21.29	21.35	20.84	21.31	50786321	1074173568.00
20170622	21.25	23.23	21.20	22.73	152388802	3414570752.00
20170623	22.61	23.08	22.28	23.03	94120881	2136408576.00
20170626	23.08	23.91	22.99	23.04	88995783	2084599680.00
20170627	22.94	24.58	22.73	24.36	107584636	2541436928.00
20170628	24.11	24.48	23.80	23.80	73712967	1774023808.00
20170629	24.00	24.34	23.67	24.15	59421356	1432956928.00
20170630	24.00	24.18	23.70	23.91	40698820	972087168.00
20170703	23.80	23.80	23.33	23.52	41623871	979092992.00
20170704	23.51	23.60	22.82	23.00	57363680	1325615872.00
20170705	22.98	24.05	22.85	23.90	78399696	1836342528.00
20170706	23.71	24.14	23.40	23.96	62433300	1481675264.00
20170707	23.80	23.90	23.05	23.26	63217985	1478551296.00
20170710	23.32	23.58	23.05	23.26	37203437	866708224.00
20170711	23.23	24.38	23.16	24.08	73038307	1747996928.00
数据来源:通达信
