600015 华夏银行 日线 前复权
      日期	    开盘	    最高	    最低	    收盘	    成交量	    成交额
20111010	3.94	3.96	3.85	3.91	15375282	153393648.00
20111011	4.12	4.15	3.90	4.00	36942994	378831168.00
20111012	3.95	4.36	3.92	4.31	54964100	584015296.00
20111013	4.27	4.33	4.21	4.32	29772817	318628992.00
20111014	4.30	4.39	4.25	4.35	33165559	358813184.00
20111017	4.35	4.50	4.33	4.47	43135506	475318368.00
20111018	4.41	4.45	4.26	4.30	30273122	329187328.00
20111019	4.31	4.44	4.25	4.40	38058039	413496160.00
20111020	4.36	4.41	4.25	4.36	21784450	235664864.00
20111021	4.33	4.55	4.32	4.48	35451737	393309568.00
20111024	4.52	4.70	4.46	4.59	42513029	479895744.00
20111025	4.60	4.67	4.52	4.58	38449502	434120288.00
20111026	4.56	4.70	4.54	4.59	34489219	391170752.00
20111027	4.59	4.69	4.48	4.67	25589814	288466400.00
20111028	4.74	4.81	4.59	4.68	31007598	357555680.00
20111031	4.63	4.65	4.47	4.49	36898353	411929312.00
20111101	4.45	4.62	4.43	4.56	31681891	354900480.00
20111102	4.48	4.75	4.46	4.72	26670769	302344768.00
20111103	4.73	4.75	4.55	4.58	45164657	513979744.00
20111104	4.63	4.65	4.52	4.59	26024545	292937696.00
20111107	4.53	4.57	4.43	4.44	26949743	298999072.00
20111108	4.48	4.52	4.44	4.49	16166697	179425696.00
20111109	4.52	4.56	4.44	4.51	14900219	165938752.00
20111110	4.47	4.52	4.41	4.42	29736264	329260416.00
20111111	4.43	4.50	4.32	4.36	27161876	296874592.00
20111114	4.40	4.47	4.36	4.45	27700656	304245312.00
20111115	4.44	4.45	4.34	4.38	18865072	205654528.00
20111116	4.38	4.38	4.16	4.24	30986793	330354624.00
20111117	4.24	4.25	4.18	4.19	15082224	159763648.00
20111118	4.15	4.25	4.14	4.16	14402609	151698592.00
20111121	4.17	4.19	4.07	4.16	11717839	122121112.00
20111122	4.13	4.26	4.11	4.24	19093438	201587568.00
20111123	4.24	4.24	4.08	4.14	17681974	184901600.00
20111124	4.11	4.23	4.10	4.19	16010105	168347776.00
20111125	4.17	4.23	4.11	4.22	11160087	117419704.00
20111128	4.22	4.26	4.17	4.17	11590704	122781872.00
20111129	4.24	4.26	4.14	4.24	15922371	168233808.00
20111130	4.21	4.21	4.02	4.11	20172256	209961888.00
20111201	4.30	4.49	4.27	4.31	54698368	594474688.00
20111202	4.28	4.42	4.27	4.38	20714566	224818080.00
20111205	4.39	4.49	4.33	4.42	23629403	260115824.00
20111206	4.39	4.49	4.37	4.40	20537650	226310976.00
20111207	4.40	4.56	4.36	4.51	25030243	277534144.00
20111208	4.49	4.55	4.47	4.50	20308999	226389776.00
20111209	4.44	4.48	4.37	4.40	12477166	136673552.00
20111212	4.38	4.47	4.30	4.37	15260670	166632704.00
20111213	4.35	4.44	4.30	4.31	19247301	209422208.00
20111214	4.30	4.38	4.29	4.34	14804258	160159952.00
20111215	4.32	4.36	4.27	4.30	16082891	173518752.00
20111216	4.34	4.60	4.26	4.57	52307379	577467648.00
20111219	4.52	4.59	4.40	4.55	21128488	235305056.00
20111220	4.51	4.80	4.50	4.62	27269891	312465120.00
20111221	4.67	4.72	4.51	4.59	17709181	201234016.00
20111222	4.49	4.69	4.49	4.59	18230758	206192144.00
20111223	4.58	4.67	4.49	4.55	15825140	178436432.00
20111226	4.50	4.57	4.49	4.53	12466082	139263984.00
20111227	4.56	4.57	4.46	4.49	8480646	94490784.00
20111228	4.46	4.54	4.35	4.49	13201859	145339072.00
20111229	4.46	4.48	4.36	4.40	13538832	148327424.00
20111230	4.41	4.58	4.41	4.56	22447162	249300336.00
20120104	4.57	4.66	4.49	4.50	18122685	204549216.00
20120105	4.54	4.72	4.51	4.62	26723053	304018336.00
20120106	4.59	4.69	4.56	4.64	19617137	222349840.00
20120109	4.64	4.81	4.60	4.80	41732586	483532928.00
20120110	4.81	4.88	4.74	4.86	23773681	278288160.00
20120111	4.87	4.87	4.77	4.78	13406018	156954752.00
20120112	4.76	4.90	4.75	4.83	25422253	299982304.00
20120113	4.85	4.88	4.73	4.74	19017874	222176160.00
20120116	4.70	4.81	4.65	4.70	17057328	198167376.00
20120117	4.73	4.89	4.62	4.89	25793048	301439712.00
20120118	4.86	4.88	4.75	4.80	16074203	188245936.00
20120119	4.79	4.92	4.74	4.85	21836441	256529040.00
20120120	4.89	5.04	4.83	5.03	45304354	541252352.00
20120130	5.02	5.03	4.91	4.94	22604375	271512608.00
20120131	4.97	5.00	4.86	4.92	9723875	115678368.00
20120201	4.86	4.93	4.73	4.76	22569957	264108320.00
20120202	4.78	4.97	4.75	4.94	24185663	285388896.00
20120203	4.91	5.03	4.90	4.97	37145863	445058368.00
20120206	4.99	4.99	4.80	4.86	31523295	372926912.00
20120207	4.83	4.83	4.70	4.73	21793480	252330528.00
20120208	4.74	4.90	4.72	4.87	33865792	396307136.00
20120209	4.85	4.87	4.78	4.85	30837484	361574464.00
20120210	4.81	4.88	4.75	4.79	30577375	357875648.00
20120213	4.67	4.80	4.65	4.70	39393031	452591616.00
20120214	4.70	4.70	4.59	4.68	28462331	323699360.00
20120215	4.67	4.73	4.63	4.68	35155804	402258176.00
20120216	4.68	4.70	4.62	4.65	26058391	297196800.00
20120217	4.69	4.71	4.59	4.63	31759159	361491360.00
20120220	4.74	4.74	4.60	4.64	48636850	556099520.00
20120221	4.65	4.66	4.60	4.65	31530628	358557056.00
20120222	4.66	4.71	4.62	4.71	51117585	583661952.00
20120223	4.70	4.72	4.66	4.69	40856230	469165312.00
20120224	4.69	4.83	4.65	4.81	69530274	804111488.00
20120227	4.81	4.86	4.76	4.77	68123872	796574208.00
20120228	4.77	4.87	4.77	4.82	59402161	696563840.00
20120229	4.81	4.81	4.73	4.74	27048027	314519360.00
20120301	4.71	4.77	4.69	4.72	19210467	221937200.00
20120302	4.72	4.80	4.71	4.80	30462974	354220256.00
20120305	4.83	4.83	4.71	4.72	35321858	409736384.00
20120306	4.70	4.73	4.54	4.56	33103407	374433312.00
20120307	4.51	4.55	4.46	4.47	32854146	366220064.00
20120308	4.50	4.57	4.48	4.51	36350099	405026112.00
20120309	4.52	4.57	4.48	4.55	31966703	357222144.00
20120312	4.54	4.55	4.44	4.48	35665467	395084512.00
20120313	4.48	4.59	4.47	4.57	40496298	454858048.00
20120314	4.60	4.63	4.43	4.46	45467217	509545696.00
20120315	4.46	4.50	4.40	4.41	26163137	288925280.00
20120316	4.45	4.47	4.37	4.44	21434735	235268288.00
20120319	4.43	4.44	4.38	4.42	21599873	236556320.00
20120320	4.41	4.43	4.33	4.35	17911086	195377344.00
20120321	4.39	4.40	4.32	4.35	14989073	162749920.00
20120322	4.35	4.46	4.27	4.40	37206319	405295264.00
20120323	4.35	4.40	4.30	4.33	20181342	218750512.00
20120326	4.33	4.42	4.33	4.41	16129407	175787152.00
20120327	4.41	4.47	4.39	4.43	26882760	295371648.00
20120328	4.42	4.48	4.26	4.28	44998097	491639232.00
20120329	4.27	4.35	4.17	4.20	31734808	339421312.00
20120330	4.26	4.29	4.22	4.29	14440840	154046896.00
20120405	4.24	4.36	4.19	4.31	31132172	332669824.00
20120406	4.30	4.37	4.26	4.36	20175386	217624400.00
20120409	4.33	4.33	4.20	4.21	16098658	172070832.00
20120410	4.21	4.41	4.21	4.40	28316291	304371360.00
20120411	4.36	4.47	4.33	4.40	23053960	252101312.00
20120412	4.38	4.52	4.34	4.48	29224269	322109120.00
20120413	4.48	4.49	4.43	4.46	16587300	183199872.00
20120416	4.43	4.46	4.37	4.40	11960639	130825912.00
20120418	4.38	4.48	4.30	4.43	32717456	357314240.00
20120419	4.41	4.45	4.38	4.42	22171620	243048288.00
20120420	4.41	4.54	4.38	4.52	38479658	427445152.00
20120423	4.50	4.55	4.45	4.48	22836169	253910912.00
20120424	4.49	4.74	4.48	4.61	69450402	784362816.00
20120425	4.57	4.62	4.52	4.56	36503565	410466464.00
20120426	4.59	4.60	4.54	4.57	20677545	232417456.00
20120427	4.57	4.61	4.54	4.55	23440050	264229456.00
20120502	4.56	4.57	4.44	4.47	85772906	953203904.00
20120503	4.44	4.48	4.34	4.35	65358454	712717184.00
20120504	4.36	4.40	4.34	4.39	38376451	417739456.00
20120507	4.35	4.41	4.35	4.40	32946531	359097472.00
20120508	4.39	4.41	4.35	4.37	33970568	369737280.00
20120509	4.35	4.36	4.26	4.27	30057646	323508224.00
20120510	4.30	4.31	4.25	4.27	18656720	199816448.00
20120511	4.28	4.32	4.26	4.28	15489528	166122976.00
20120514	4.34	4.34	4.19	4.20	44422927	474636384.00
20120515	4.18	4.21	4.15	4.20	25455335	268092448.00
20120516	4.19	4.20	4.09	4.09	29389293	306908864.00
20120517	4.11	4.16	4.10	4.16	26338533	274938528.00
20120518	4.14	4.14	4.00	4.01	26766333	268940608.00
20120521	4.02	4.05	3.89	3.92	40200242	397038368.00
20120522	3.94	4.01	3.93	4.00	30180433	298731744.00
20120523	3.99	4.00	3.94	3.95	26238890	259163040.00
20120524	3.95	4.00	3.93	3.96	24355179	240647952.00
20120525	3.97	3.99	3.93	3.95	15578064	153550096.00
20120528	3.96	4.00	3.94	4.00	28642771	282946080.00
20120529	4.00	4.09	3.98	4.08	42191728	422206016.00
20120530	4.06	4.07	4.00	4.02	32500842	324325152.00
20120531	4.01	4.01	3.94	3.96	29058825	286502720.00
20120601	3.96	3.99	3.92	3.93	36725917	361095136.00
20120604	3.87	3.88	3.78	3.79	32115669	309492864.00
20120605	3.80	3.83	3.77	3.80	34956927	334438944.00
20120606	3.81	3.89	3.80	3.87	38394195	370662144.00
20120607	3.93	3.94	3.81	3.83	28378150	274774336.00
20120608	3.82	3.82	3.68	3.70	42495315	400125248.00
20120611	3.70	3.72	3.67	3.70	26057305	244030336.00
20120612	3.69	3.69	3.58	3.63	42616886	393785472.00
20120613	3.64	3.71	3.60	3.67	42790210	397678720.00
20120614	3.64	3.66	3.58	3.59	30866997	284954944.00
20120615	3.61	3.80	3.61	3.77	69985470	656322368.00
20120618	3.76	3.76	3.71	3.73	27982976	263961920.00
20120619	3.73	3.80	3.70	3.74	23290654	220130128.00
20120620	3.74	3.83	3.74	3.77	36736028	350472704.00
20120621	3.77	3.77	3.68	3.69	16810867	158095856.00
20120625	3.69	3.73	3.64	3.65	16491032	154275872.00
20120626	3.65	3.73	3.64	3.71	27810659	260928592.00
20120627	3.71	3.74	3.68	3.70	15869322	149065840.00
20120628	3.71	3.74	3.59	3.63	19615940	183160240.00
20120629	3.63	3.77	3.62	3.75	30479213	286501536.00
20120702	3.76	3.77	3.69	3.72	21607287	202938704.00
20120703	3.72	3.76	3.69	3.74	16578925	156357904.00
20120704	3.74	3.81	3.71	3.78	27250904	258976560.00
20120705	3.75	3.77	3.69	3.72	15767157	148485968.00
20120706	3.64	3.65	3.54	3.62	38313289	351524256.00
20120709	3.60	3.61	3.42	3.42	32715866	294864704.00
20120710	3.42	3.47	3.40	3.44	13189614	117343480.00
20120711	3.44	3.46	3.41	3.42	14343739	127470616.00
20120712	3.44	3.44	3.33	3.39	35390541	310928928.00
20120713	3.39	3.46	3.37	3.41	15145613	134024400.00
20120716	3.42	3.42	3.26	3.29	26722851	231482832.00
20120717	3.27	3.35	3.27	3.32	14251568	123460424.00
20120718	3.32	3.36	3.26	3.35	21613019	186671600.00
20120719	3.33	3.42	3.32	3.38	24241435	212826288.00
20120720	3.37	3.37	3.31	3.33	13350751	116068368.00
20120723	3.29	3.30	3.16	3.19	26496428	224186848.00
20120724	3.16	3.20	3.14	3.16	20558885	172201840.00
20120725	3.15	3.21	3.15	3.17	15154807	127069776.00
20120726	3.17	3.21	3.15	3.16	14958882	125525096.00
20120727	3.18	3.26	3.17	3.21	21539788	182724176.00
20120730	3.23	3.32	3.22	3.24	24317381	207945696.00
20120731	3.25	3.42	3.25	3.39	57124782	497777888.00
20120801	3.39	3.42	3.36	3.41	33471927	294368640.00
20120802	3.40	3.46	3.37	3.43	27068040	239341840.00
20120803	3.44	3.44	3.39	3.42	17683919	156199984.00
20120806	3.41	3.44	3.37	3.42	18676695	164784112.00
20120807	3.40	3.42	3.38	3.41	12836719	113157000.00
20120808	3.40	3.48	3.40	3.48	21521086	191915888.00
20120809	3.48	3.52	3.44	3.52	19455126	174212400.00
20120810	3.58	3.61	3.52	3.52	35062279	319329280.00
20120813	3.52	3.54	3.48	3.49	17183286	155108912.00
20120814	3.48	3.52	3.46	3.50	12455008	111947216.00
20120815	3.49	3.50	3.39	3.39	18666821	165237312.00
20120816	3.39	3.41	3.33	3.35	12851108	112396912.00
20120817	3.35	3.41	3.35	3.40	12940736	113619840.00
20120820	3.39	3.40	3.30	3.34	10869082	94595288.00
20120821	3.34	3.37	3.33	3.34	14473038	126109960.00
20120822	3.34	3.35	3.31	3.34	11574433	100551632.00
20120823	3.35	3.37	3.31	3.35	10860689	94626480.00
20120824	3.35	3.35	3.31	3.32	9351671	81209216.00
20120827	3.30	3.32	3.24	3.28	14031554	120465728.00
20120828	3.30	3.45	3.28	3.41	22373217	195985776.00
20120829	3.38	3.41	3.36	3.38	12361712	108495320.00
20120830	3.33	3.43	3.31	3.41	15879334	139757152.00
20120831	3.39	3.42	3.35	3.36	10305784	90553656.00
20120903	3.36	3.38	3.33	3.33	17077328	148769520.00
20120904	3.33	3.34	3.16	3.19	29247009	248815280.00
20120905	3.18	3.19	3.07	3.08	36180515	299519968.00
20120906	3.10	3.13	3.07	3.13	19266310	159094688.00
20120907	3.14	3.34	3.11	3.27	55286124	469673088.00
20120910	3.25	3.27	3.21	3.23	36388600	309249344.00
20120911	3.22	3.22	3.16	3.17	23380590	196545296.00
20120912	3.22	3.24	3.15	3.18	20663655	174234048.00
20120913	3.19	3.21	3.17	3.17	12291407	103507520.00
20120914	3.19	3.24	3.17	3.21	24915692	210946816.00
20120917	3.21	3.21	3.11	3.12	19714047	164947088.00
20120918	3.11	3.12	3.08	3.09	12985291	107094240.00
20120919	3.10	3.11	3.07	3.09	16070055	132063312.00
20120920	3.08	3.08	2.95	2.95	30990915	250222352.00
20120921	2.95	2.97	2.91	2.93	24835430	197243984.00
20120924	2.90	2.94	2.86	2.92	17152785	135038880.00
20120925	2.90	2.92	2.87	2.89	8264355	65081716.00
20120926	2.87	2.91	2.85	2.85	11479992	89871696.00
20120927	2.85	3.00	2.85	2.95	32909396	261516960.00
20120928	2.92	2.99	2.91	2.99	24704568	197049872.00
20121008	2.98	3.01	2.95	2.98	16740223	134396080.00
20121009	2.99	3.09	2.98	3.08	29195696	238578816.00
20121010	3.06	3.08	3.04	3.07	12959508	106015656.00
20121011	3.06	3.07	3.05	3.06	11956398	97748848.00
20121012	3.07	3.13	3.06	3.09	24472752	201792640.00
20121015	3.09	3.10	3.01	3.04	12286302	100248576.00
20121016	3.05	3.19	3.05	3.15	43363925	361588608.00
20121017	3.16	3.18	3.12	3.16	23009897	192366976.00
20121018	3.17	3.22	3.16	3.21	20531027	173335872.00
20121019	3.21	3.21	3.18	3.20	11545189	97320168.00
20121022	3.18	3.26	3.17	3.25	18104853	153518176.00
20121023	3.25	3.26	3.17	3.18	12931665	109545672.00
20121024	3.19	3.23	3.17	3.19	12289080	103784912.00
20121025	3.19	3.22	3.17	3.17	15026513	126627976.00
20121026	3.20	3.21	3.09	3.11	21827664	182002784.00
20121029	3.10	3.16	3.10	3.13	8675168	72084712.00
20121030	3.13	3.18	3.10	3.14	13348950	111007168.00
20121031	3.15	3.18	3.13	3.16	13685693	114320720.00
20121101	3.16	3.27	3.15	3.24	29978151	254172080.00
20121102	3.24	3.38	3.23	3.37	64874679	561200640.00
20121105	3.35	3.42	3.31	3.38	44064028	386373312.00
20121106	3.37	3.38	3.27	3.34	26134081	226222672.00
20121107	3.33	3.35	3.29	3.33	12983073	112657888.00
20121108	3.28	3.32	3.23	3.24	18854298	161623248.00
20121109	3.23	3.26	3.22	3.23	9632439	82030496.00
20121112	3.25	3.32	3.24	3.31	18568029	159760384.00
20121113	3.31	3.31	3.19	3.21	18440385	156769088.00
20121114	3.21	3.25	3.19	3.24	13310690	112901344.00
20121115	3.21	3.22	3.15	3.15	9913598	83475800.00
20121116	3.15	3.17	3.11	3.13	13682499	113780024.00
20121119	3.13	3.17	3.13	3.16	7840712	65418424.00
20121120	3.18	3.19	3.14	3.14	8940852	74828040.00
20121121	3.15	3.23	3.14	3.22	13979785	117748168.00
20121122	3.21	3.22	3.16	3.19	10290290	86636712.00
20121123	3.20	3.30	3.19	3.29	32401935	277833248.00
20121126	3.25	3.30	3.25	3.26	10326566	88561232.00
20121127	3.25	3.30	3.25	3.26	22728132	194974928.00
20121128	3.24	3.26	3.19	3.22	12693059	107818480.00
20121129	3.21	3.23	3.16	3.19	16249245	136600736.00
20121130	3.17	3.21	3.14	3.19	18555356	155954208.00
20121203	3.18	3.18	2.98	3.01	74841539	608852992.00
20121204	2.97	3.06	2.94	3.05	27491020	222002288.00
20121205	3.03	3.30	3.02	3.27	77216901	654457280.00
20121206	3.24	3.35	3.24	3.33	47255211	408087424.00
20121207	3.33	3.57	3.31	3.56	80534336	721037120.00
20121210	3.60	3.61	3.53	3.58	64111837	586296192.00
20121211	3.57	3.62	3.52	3.58	35513426	324556736.00
20121212	3.57	3.68	3.55	3.63	34418216	318159488.00
20121213	3.62	3.65	3.56	3.56	26667299	245492288.00
20121214	3.54	4.04	3.54	3.95	84120450	808934080.00
20121217	3.99	4.00	3.88	3.94	56454021	555142400.00
20121218	3.92	4.04	3.87	3.96	58998292	583554496.00
20121219	3.94	3.99	3.94	3.94	33027086	325920800.00
20121220	3.93	3.95	3.78	3.89	56697372	547607232.00
20121221	3.89	3.91	3.79	3.82	34753092	335006144.00
20121224	3.81	3.93	3.80	3.88	42952907	417705152.00
20121225	3.87	4.18	3.83	4.11	82680709	829177600.00
20121226	4.10	4.11	4.01	4.05	44266662	444292416.00
20121227	4.06	4.13	3.98	4.03	34854348	349679520.00
20121228	4.04	4.13	4.03	4.10	25635987	259007072.00
20121231	4.12	4.24	4.12	4.22	53961371	556460736.00
20130104	4.35	4.39	4.17	4.21	62240129	647400128.00
20130107	4.20	4.35	4.18	4.27	29429329	307059392.00
20130108	4.29	4.31	4.11	4.15	40073802	410805984.00
20130109	4.15	4.17	4.06	4.09	34803651	352892960.00
20130110	4.09	4.16	4.07	4.10	25982163	263361728.00
20130111	4.11	4.12	3.99	4.01	27125736	272079840.00
20130114	3.99	4.32	3.98	4.28	59575128	612251136.00
20130115	4.27	4.36	4.25	4.31	41841953	438985056.00
20130116	4.30	4.30	4.11	4.20	29059849	300088672.00
20130117	4.18	4.27	4.11	4.23	26747111	274610368.00
20130118	4.25	4.39	4.24	4.33	38960749	409751840.00
20130121	4.35	4.46	4.27	4.45	60097653	642175040.00
20130122	4.45	4.70	4.38	4.64	105110526	1158996480.00
20130123	4.59	4.72	4.56	4.67	54969842	612357824.00
20130124	4.67	4.89	4.47	4.56	83466002	937974144.00
20130125	4.57	4.63	4.51	4.59	37667923	414908768.00
20130128	4.60	4.86	4.60	4.82	65020986	741294528.00
20130129	4.85	5.01	4.77	4.92	94112374	1090865920.00
20130130	4.93	4.93	4.67	4.86	48773601	561878784.00
20130131	4.88	4.92	4.78	4.91	54137084	624545664.00
20130201	4.86	5.10	4.83	5.09	76800916	905997184.00
20130204	5.14	5.33	5.11	5.15	95440806	1162773760.00
20130205	5.11	5.17	4.94	5.04	56002368	666001024.00
20130206	5.04	5.23	4.99	5.21	57144236	684762176.00
20130207	5.18	5.21	4.79	4.95	81253673	954667968.00
20130208	4.93	5.02	4.80	5.01	55368790	646925440.00
20130218	5.05	5.05	4.81	4.83	45887539	533290816.00
20130219	4.83	4.87	4.69	4.75	41229942	468874624.00
20130220	4.77	4.77	4.51	4.65	52840648	585218880.00
20130221	4.57	4.60	4.34	4.39	58656592	631663744.00
20130222	4.36	4.48	4.33	4.35	41436373	443868000.00
20130225	4.41	4.50	4.40	4.47	31639207	341033344.00
20130226	4.41	4.67	4.39	4.42	48174562	527937888.00
20130227	4.45	4.58	4.33	4.46	42109646	454163872.00
20130228	4.51	4.71	4.43	4.70	51877092	573159808.00
20130301	4.70	4.75	4.54	4.66	46358774	518808992.00
20130304	4.54	4.57	4.26	4.31	52362701	559638144.00
20130305	4.31	4.66	4.30	4.60	53887893	584748416.00
20130306	4.64	4.70	4.55	4.62	45636681	507332064.00
20130307	4.57	4.59	4.33	4.41	44663434	484815520.00
20130308	4.44	4.54	4.38	4.47	29351299	316983360.00
20130311	4.45	4.47	4.35	4.40	26214979	280494528.00
20130312	4.39	4.44	4.15	4.19	45296115	472714496.00
20130313	4.19	4.26	4.17	4.20	27117760	279969728.00
20130314	4.20	4.28	4.18	4.23	20223335	209748352.00
20130315	4.24	4.48	4.17	4.25	44355636	468257280.00
20130318	4.22	4.33	4.20	4.26	28548256	298505728.00
20130319	4.28	4.35	4.24	4.35	25074634	262788752.00
20130320	4.35	4.69	4.34	4.66	63762653	698582528.00
20130321	4.66	4.71	4.57	4.63	55541559	619620928.00
20130322	4.61	4.69	4.58	4.67	34383177	383106560.00
20130325	4.68	4.75	4.59	4.60	27784612	310343360.00
20130326	4.57	4.59	4.38	4.41	42142318	453588640.00
20130327	4.43	4.56	4.41	4.47	31212061	338108384.00
20130328	4.25	4.25	3.89	4.11	88640119	893535616.00
20130329	4.10	4.28	4.04	4.28	74351075	765829824.00
20130401	4.23	4.25	4.17	4.17	18084637	186563216.00
20130402	4.19	4.26	4.16	4.20	24064853	248542032.00
20130403	4.21	4.31	4.21	4.25	23497537	244940928.00
20130408	4.13	4.19	4.10	4.17	18271556	186847216.00
20130409	4.19	4.24	4.15	4.16	24358562	250771008.00
20130410	4.16	4.18	4.06	4.11	14169893	143902416.00
20130411	4.17	4.18	4.10	4.12	11342935	115474192.00
20130412	4.12	4.17	4.09	4.13	18849991	192153280.00
20130415	4.13	4.17	4.10	4.12	16866437	171545136.00
20130416	4.09	4.15	4.01	4.12	21615487	218204912.00
20130417	4.13	4.13	4.02	4.07	16304679	163856256.00
20130418	4.02	4.17	3.93	4.13	33119645	333660416.00
20130419	4.13	4.43	4.12	4.36	51958149	545063104.00
20130422	4.34	4.40	4.32	4.35	25703109	272193280.00
20130423	4.42	4.43	4.08	4.11	39088286	402398656.00
20130424	4.13	4.33	4.08	4.24	32544777	334516224.00
20130425	4.23	4.23	4.12	4.13	22562431	231343728.00
20130426	4.26	4.39	4.24	4.28	50156004	528552992.00
20130502	4.25	4.38	4.23	4.35	28839493	304139648.00
20130503	4.38	4.57	4.36	4.46	38019862	411740704.00
20130506	4.49	4.55	4.42	4.49	45325537	491382496.00
20130507	4.46	4.46	4.36	4.41	30934046	330398784.00
20130508	4.44	4.49	4.39	4.40	27727326	297923328.00
20130509	4.41	4.42	4.26	4.32	27860745	294055392.00
20130510	4.31	4.39	4.28	4.36	18108813	191639152.00
20130513	4.36	4.39	4.31	4.35	14977210	158581792.00
20130514	4.34	4.35	4.26	4.30	16170260	169690048.00
20130515	4.30	4.34	4.28	4.31	16092626	169226848.00
20130516	4.30	4.47	4.25	4.47	37653329	400926656.00
20130517	4.44	4.51	4.41	4.49	49385048	533778976.00
20130520	4.51	4.64	4.47	4.55	52953796	581787776.00
20130521	4.53	4.55	4.47	4.50	25640007	279138944.00
20130522	4.50	4.55	4.49	4.54	24477245	266831648.00
20130523	4.51	4.55	4.42	4.43	24094033	261121472.00
20130524	4.43	4.49	4.38	4.42	32310447	346325632.00
20130527	4.41	4.44	4.35	4.38	29237201	311838208.00
20130528	4.38	4.54	4.35	4.53	39938384	430774432.00
20130529	4.55	4.57	4.47	4.48	30015794	327217472.00
20130530	4.47	4.51	4.42	4.44	31033052	334352800.00
20130531	4.46	4.48	4.39	4.40	21616442	232595488.00
20130603	4.43	4.48	4.40	4.41	18041132	194010512.00
20130604	4.41	4.45	4.39	4.41	20813458	222889184.00
20130605	4.40	4.41	4.33	4.35	18508786	196615680.00
20130606	4.34	4.36	4.24	4.24	22532526	235908352.00
20130607	4.26	4.28	4.16	4.17	18708737	193277136.00
20130613	4.15	4.15	3.99	4.03	27548549	275073472.00
20130614	4.05	4.08	4.02	4.07	18984573	190358624.00
20130617	4.10	4.11	4.03	4.05	12688805	127646008.00
20130618	4.09	4.13	4.05	4.09	11160821	112843376.00
20130619	4.08	4.08	3.95	4.01	13720982	136320048.00
20130620	3.99	4.00	3.77	3.78	25026768	243108640.00
20130621	3.70	3.84	3.68	3.76	18585108	176604816.00
20130624	3.75	3.75	3.32	3.33	45202123	406700896.00
20130625	3.32	3.35	2.95	3.33	70095909	589290752.00
20130626	3.37	3.40	3.21	3.27	39230665	338028480.00
20130627	3.31	3.35	3.26	3.32	31926081	275988096.00
20130628	3.30	3.53	3.26	3.51	37393435	330926528.00
20130701	3.45	3.50	3.38	3.46	19706104	175354048.00
20130702	3.46	3.48	3.40	3.44	16458997	146009792.00
20130703	3.42	3.42	3.26	3.33	24566432	213055216.00
20130704	3.29	3.44	3.27	3.37	25616741	224277216.00
20130705	3.38	3.44	3.36	3.37	14493519	127641056.00
20130708	3.30	3.35	3.27	3.28	18828915	162314656.00
20130709	3.29	3.33	3.29	3.31	8255702	71337400.00
20130710	3.31	3.44	3.31	3.44	16348913	143512352.00
20130711	3.46	3.87	3.46	3.79	67967729	636287808.00
20130712	3.74	3.79	3.59	3.61	40000324	374274560.00
20130715	3.65	3.79	3.63	3.70	30910516	290841088.00
20130716	3.70	3.73	3.61	3.73	21694186	202014944.00
20130717	3.71	3.73	3.62	3.65	25210522	235431248.00
20130718	3.68	3.70	3.58	3.59	28783876	266734240.00
20130719	3.61	3.64	3.51	3.52	23540852	215675712.00
20130722	3.45	3.54	3.40	3.52	21466572	192053808.00
20130723	3.53	3.69	3.50	3.65	35500035	327573504.00
20130724	3.63	3.65	3.42	3.53	45560930	299728096.00
20130725	3.51	3.54	3.43	3.47	29542597	193233376.00
20130726	3.45	3.47	3.41	3.42	17191718	111102280.00
20130729	3.36	3.36	3.20	3.24	44766415	278276256.00
20130730	3.27	3.38	3.26	3.30	34227476	215102224.00
20130731	3.33	3.39	3.28	3.35	22425767	141513168.00
20130801	3.35	3.43	3.34	3.41	29149138	186645104.00
20130802	3.45	3.48	3.39	3.42	29430755	190190048.00
20130805	3.43	3.52	3.41	3.51	28121451	183004080.00
20130806	3.49	3.54	3.46	3.52	22833969	149510656.00
20130807	3.52	3.58	3.51	3.54	24096872	159691120.00
20130808	3.53	3.60	3.48	3.58	27318048	181093648.00
20130809	3.62	3.69	3.57	3.60	51779016	348834464.00
20130812	3.61	3.75	3.60	3.73	55771721	380909248.00
20130813	3.71	3.78	3.69	3.76	40775995	281778112.00
20130814	3.76	3.85	3.72	3.73	43992767	307010144.00
20130815	3.72	3.77	3.64	3.66	32945860	225745584.00
20130816	3.63	4.14	3.59	3.71	100140859	701038912.00
20130819	3.64	3.82	3.61	3.77	42520997	292665184.00
20130820	3.76	3.87	3.74	3.78	54564649	382267008.00
20130821	3.79	3.82	3.71	3.73	29053917	200922592.00
20130822	3.72	3.82	3.71	3.74	25046500	174031776.00
20130823	3.77	3.80	3.61	3.69	33803480	232326880.00
20130826	3.71	3.80	3.67	3.79	43611559	303014848.00
20130827	3.79	3.85	3.76	3.80	32379467	226442016.00
20130828	3.78	3.81	3.72	3.78	34146456	237249200.00
20130829	3.81	3.84	3.74	3.78	28824496	200969120.00
20130830	3.78	3.82	3.73	3.79	33255828	231871552.00
20130902	3.80	3.84	3.76	3.81	36798128	257676512.00
20130903	3.83	3.95	3.80	3.94	63604523	453575680.00
20130904	3.92	4.00	3.91	3.92	40395943	291160640.00
20130905	3.94	3.94	3.88	3.89	20203529	144227968.00
20130906	3.87	3.98	3.86	3.95	39044372	280049504.00
20130909	4.02	4.40	4.01	4.33	139679234	1067339456.00
20130910	4.37	4.41	4.21	4.38	106643907	826152768.00
20130911	4.39	4.48	4.36	4.38	69381994	547247104.00
20130912	4.38	4.76	4.32	4.61	114067781	925008704.00
20130913	4.57	4.71	4.53	4.58	70375366	574049536.00
20130916	4.64	4.66	4.47	4.55	62616830	506606112.00
20130917	4.56	4.58	4.35	4.36	53403979	423309088.00
20130918	4.35	4.44	4.30	4.40	32783582	256784272.00
20130923	4.43	4.46	4.35	4.42	34488924	271111424.00
20130924	4.38	4.39	4.23	4.26	43219003	332229312.00
20130925	4.26	4.32	4.21	4.23	27189158	208080560.00
20130926	4.21	4.22	4.07	4.08	30490103	227314320.00
20130927	4.06	4.14	4.05	4.12	20621683	153011712.00
20130930	4.14	4.19	4.12	4.13	20279942	151998864.00
20131008	4.11	4.23	4.05	4.20	26319261	197328048.00
20131009	4.16	4.28	4.16	4.26	30270192	230843600.00
20131010	4.29	4.30	4.15	4.16	28328188	215072080.00
20131011	4.21	4.30	4.19	4.29	38980852	297815936.00
20131014	4.28	4.28	4.20	4.22	26650977	202775104.00
20131015	4.22	4.23	4.13	4.15	22919079	172545680.00
20131016	4.14	4.15	4.05	4.07	21278158	157882672.00
20131017	4.12	4.14	4.06	4.07	17250765	128034352.00
20131018	4.09	4.17	4.07	4.11	18760548	139876128.00
20131021	4.12	4.19	4.07	4.18	31448625	234827392.00
20131022	4.15	4.16	4.07	4.09	20587220	153101232.00
20131023	4.12	4.29	4.10	4.12	39279813	296542272.00
20131024	4.11	4.21	4.09	4.12	25521316	190977168.00
20131025	4.14	4.27	4.14	4.19	45379022	343877280.00
20131028	4.22	4.24	4.16	4.21	22145042	167619136.00
20131029	4.23	4.52	4.23	4.40	88878286	694685440.00
20131030	4.44	4.50	4.37	4.49	59015793	466808192.00
20131031	4.51	4.51	4.37	4.38	56116030	443130272.00
20131101	4.38	4.48	4.35	4.43	45282874	356977824.00
20131104	4.47	4.49	4.37	4.37	37291560	294568896.00
20131105	4.33	4.36	4.25	4.32	36869141	284333504.00
20131106	4.29	4.30	4.19	4.20	32593876	249190224.00
20131107	4.20	4.26	4.19	4.22	23180796	176349584.00
20131108	4.20	4.26	4.19	4.20	20334336	154570368.00
20131111	4.22	4.32	4.19	4.28	25238188	192847120.00
20131112	4.30	4.40	4.28	4.39	39275471	306131872.00
20131113	4.35	4.37	4.25	4.26	36355035	280380128.00
20131114	4.28	4.28	4.17	4.21	31878683	242775024.00
20131115	4.22	4.39	4.20	4.34	49396016	383596896.00
20131118	4.36	4.55	4.33	4.55	78149725	619702848.00
20131119	4.55	4.55	4.46	4.48	44861981	359288192.00
20131120	4.51	4.59	4.48	4.55	39184992	315671392.00
20131121	4.53	4.56	4.45	4.55	40905668	326815776.00
20131122	4.55	4.57	4.48	4.48	25303246	203246704.00
20131125	4.46	4.55	4.46	4.48	24206205	193890288.00
20131126	4.48	4.53	4.47	4.50	21294318	170919808.00
20131127	4.51	4.62	4.49	4.57	33366955	269988544.00
20131128	4.57	4.75	4.57	4.68	47334255	389726432.00
20131129	4.73	4.76	4.63	4.65	28868164	238750592.00
20131202	4.64	4.96	4.64	4.79	84908508	717027072.00
20131203	4.78	4.98	4.74	4.93	79497392	678365376.00
20131204	4.90	5.07	4.88	5.05	87273770	762160512.00
20131205	5.05	5.05	4.83	4.87	112917863	974232064.00
20131206	4.82	4.87	4.78	4.83	35467630	300132160.00
20131209	4.86	4.89	4.69	4.71	45035039	377585536.00
20131210	4.72	4.76	4.68	4.72	24089506	200501792.00
20131211	4.69	4.70	4.58	4.63	31893288	261626896.00
20131212	4.62	4.66	4.60	4.62	19457602	159522816.00
20131213	4.57	4.64	4.53	4.62	20649349	167929200.00
20131216	4.64	4.75	4.55	4.60	29751103	244550304.00
20131217	4.61	4.64	4.57	4.58	15450000	125763720.00
20131218	4.59	4.65	4.57	4.60	15180608	123608776.00
20131219	4.62	4.64	4.39	4.41	35429831	283198336.00
20131220	4.41	4.42	4.19	4.19	48577640	372865600.00
20131223	4.23	4.31	4.16	4.25	24679544	188329104.00
20131224	4.28	4.32	4.19	4.25	17931775	137483840.00
20131225	4.26	4.32	4.19	4.27	20781631	159337408.00
20131226	4.26	4.53	4.23	4.44	95777426	751759680.00
20131227	4.43	4.73	4.41	4.64	62749151	508387776.00
20131230	4.64	4.80	4.59	4.76	74845879	623828096.00
20131231	4.71	4.93	4.69	4.89	89627584	761296384.00
20140102	4.85	4.85	4.66	4.71	37610633	312566016.00
20140103	4.67	4.67	4.50	4.54	29878459	241173984.00
20140106	4.57	4.60	4.37	4.41	34358547	272247264.00
20140107	4.37	4.44	4.32	4.39	21266442	166163360.00
20140108	4.41	4.53	4.37	4.51	29337361	233617792.00
20140109	4.48	4.61	4.47	4.51	26248054	211751680.00
20140110	4.47	4.64	4.42	4.61	32096672	259806064.00
20140113	4.61	4.68	4.57	4.64	27266972	222984160.00
20140114	4.64	4.69	4.58	4.64	23792053	194998112.00
20140115	4.64	4.64	4.45	4.51	27939691	224945184.00
20140116	4.51	4.61	4.42	4.56	20272185	163137168.00
20140117	4.52	4.56	4.46	4.47	18778027	150125536.00
20140120	4.46	4.50	4.42	4.44	11868693	94156744.00
20140121	4.46	4.55	4.44	4.48	12237490	97770104.00
20140122	4.48	4.62	4.46	4.60	25776460	208499424.00
20140123	4.57	4.60	4.51	4.51	16970887	136868560.00
20140124	4.48	4.66	4.48	4.58	24239418	197143760.00
20140127	4.62	4.65	4.50	4.57	23722233	192428016.00
20140128	4.60	4.67	4.57	4.67	25465200	208564128.00
20140129	4.69	4.77	4.65	4.73	27992665	233568448.00
20140130	4.71	4.74	4.61	4.62	17118027	141074784.00
20140207	4.57	4.60	4.50	4.57	18269518	147590848.00
20140210	4.60	4.68	4.57	4.66	23922411	196477024.00
20140211	4.67	4.89	4.61	4.80	55031301	463085920.00
20140212	4.76	4.85	4.71	4.73	36288626	304453536.00
20140213	4.72	4.93	4.67	4.81	66872880	566285056.00
20140214	4.77	4.82	4.74	4.79	27056193	227420240.00
20140217	4.82	4.87	4.71	4.76	32564999	272694816.00
20140218	4.73	4.75	4.55	4.57	41720479	341117152.00
20140219	4.57	4.82	4.55	4.77	57648770	479213696.00
20140220	4.78	4.84	4.62	4.64	41782550	348641984.00
20140221	4.64	4.64	4.57	4.60	26753329	217925264.00
20140224	4.57	4.57	4.43	4.46	26806107	213209376.00
20140225	4.46	4.53	4.37	4.39	27150726	215322736.00
20140226	4.39	4.45	4.32	4.36	20097040	157228144.00
20140227	4.38	4.78	4.34	4.63	72150360	589840576.00
20140228	4.57	4.67	4.51	4.62	31441001	255761200.00
20140303	4.56	4.64	4.49	4.53	27673892	223640560.00
20140304	4.55	4.64	4.48	4.57	25744446	207936656.00
20140305	4.60	4.67	4.55	4.59	26294830	214624016.00
20140306	4.56	4.73	4.54	4.65	36830162	303028672.00
20140307	4.62	4.72	4.53	4.55	31910151	261827488.00
20140310	4.50	4.53	4.33	4.34	43085042	339189440.00
20140311	4.34	4.45	4.34	4.41	32559343	255752800.00
20140312	4.40	4.57	4.39	4.50	36018850	287088000.00
20140313	4.53	4.69	4.53	4.58	26511546	216373472.00
20140314	4.55	4.61	4.48	4.53	21285065	171623168.00
20140317	4.61	4.62	4.51	4.54	14860494	119891288.00
20140318	4.54	4.57	4.49	4.50	15761617	126638976.00
20140319	4.48	4.50	4.44	4.49	16372322	130213088.00
20140320	4.48	4.55	4.46	4.46	16834492	135115776.00
20140321	4.43	4.74	4.43	4.71	56885939	466414944.00
20140324	4.77	4.84	4.73	4.75	55730008	469086848.00
20140325	4.73	4.76	4.64	4.67	21954813	182173728.00
20140326	4.69	4.72	4.61	4.63	17227636	141592544.00
20140327	4.62	4.78	4.57	4.72	37906786	313849344.00
20140328	4.70	4.79	4.66	4.69	23741244	197869776.00
20140331	4.74	4.82	4.66	4.80	29770625	249240560.00
20140401	4.77	4.82	4.72	4.77	15317856	128625984.00
20140402	4.78	4.85	4.76	4.81	26849761	226981376.00
20140403	4.83	4.89	4.73	4.77	26771300	226788320.00
20140404	4.73	4.90	4.72	4.87	29934058	254159552.00
20140408	4.87	5.28	4.85	5.14	84638290	747976832.00
20140409	5.12	5.16	5.08	5.12	33677750	299412704.00
20140410	5.13	5.26	5.10	5.14	57613000	516387808.00
20140411	5.13	5.17	5.06	5.11	40490334	359845152.00
20140414	5.10	5.11	4.98	5.02	26765435	234458112.00
20140415	4.99	5.01	4.79	4.85	31406467	268428048.00
20140416	4.83	4.94	4.82	4.91	22950043	196881280.00
20140417	4.92	4.94	4.80	4.87	25497727	217051280.00
20140418	4.82	4.85	4.73	4.81	36865102	310191392.00
20140421	4.78	4.83	4.69	4.70	33390851	279778944.00
20140422	4.69	4.84	4.69	4.82	28424428	238190016.00
20140423	4.81	4.82	4.73	4.75	23120877	193880896.00
20140424	4.76	4.82	4.71	4.77	26160558	219774000.00
20140425	4.80	5.11	4.77	4.82	83114476	713404736.00
20140428	4.87	5.04	4.82	4.95	58668861	505297696.00
20140429	4.96	4.96	4.83	4.92	35208400	301883104.00
20140430	4.93	4.94	4.81	4.84	25559085	217874736.00
20140505	4.78	4.83	4.71	4.78	29540788	247260528.00
20140506	4.76	4.85	4.74	4.78	22524120	189649088.00
20140507	4.76	4.78	4.72	4.72	13012404	108699184.00
20140508	4.71	4.80	4.69	4.70	24640029	205546208.00
20140509	4.73	4.73	4.67	4.69	14638149	121393696.00
20140512	4.72	4.80	4.69	4.77	21009136	176075632.00
20140513	4.77	4.79	4.75	4.78	10900268	91408264.00
20140514	4.78	4.82	4.74	4.76	12283504	103133224.00
20140515	4.76	4.81	4.73	4.73	11774923	98792464.00
20140516	4.76	4.85	4.74	4.83	25771226	217870624.00
20140519	4.80	4.81	4.69	4.73	15536944	129571496.00
20140520	4.76	4.77	4.70	4.73	8383469	69855672.00
20140521	4.70	4.77	4.64	4.75	13103259	109150240.00
20140522	4.74	4.94	4.73	4.73	40081782	339416480.00
20140523	4.72	4.80	4.72	4.78	21894959	183360080.00
20140526	4.83	4.85	4.75	4.78	15809528	132966240.00
20140527	4.78	4.79	4.71	4.73	19706852	164657088.00
20140528	4.73	4.75	4.69	4.74	23588368	196222288.00
20140529	4.75	4.76	4.68	4.69	15030520	124952056.00
20140530	4.69	4.72	4.67	4.68	11838175	98049704.00
20140603	4.69	4.72	4.63	4.64	15215672	125654440.00
20140604	4.64	4.64	4.51	4.55	26563818	214334944.00
20140605	4.55	4.62	4.53	4.60	14194146	115156472.00
20140606	4.60	4.64	4.55	4.57	11898959	96846512.00
20140609	4.57	4.64	4.55	4.60	11251208	91640592.00
20140610	4.61	4.65	4.55	4.63	18389831	150082880.00
20140611	4.62	4.63	4.58	4.59	12889505	104963264.00
20140612	4.59	4.62	4.58	4.60	7799548	63617552.00
20140613	4.60	4.72	4.58	4.69	26352684	217132400.00
20140616	4.69	4.77	4.66	4.76	21816209	181605568.00
20140617	4.73	4.74	4.64	4.69	15284757	126499904.00
20140618	4.67	4.72	4.66	4.67	11238337	93060648.00
20140619	4.68	4.69	4.60	4.61	11065000	90766840.00
20140620	4.62	4.69	4.62	4.67	10833403	88922648.00
20140623	4.66	4.69	4.60	4.61	13513981	110638648.00
20140624	4.62	4.64	4.59	4.61	14082239	114944448.00
20140625	4.61	4.62	4.57	4.60	12253036	99701888.00
20140626	4.61	4.65	4.60	4.62	9945007	81382240.00
20140627	4.62	4.64	4.60	4.60	12565244	102514248.00
20140630	4.62	4.64	4.60	4.64	12952756	105939000.00
20140701	4.66	4.66	4.60	4.62	11118262	90953240.00
20140702	4.62	4.63	4.58	4.62	16474408	134299168.00
20140703	4.62	4.64	4.60	4.64	16129485	131906000.00
20140704	4.65	4.66	4.63	4.66	19020270	156327248.00
20140707	4.66	4.66	4.62	4.64	14919224	122318904.00
20140708	4.64	4.64	4.60	4.64	15827840	129429288.00
20140709	4.64	4.64	4.57	4.58	23773611	193614992.00
20140710	4.59	4.60	4.54	4.55	17549346	134657344.00
20140711	4.55	4.63	4.54	4.58	12996357	100126920.00
20140714	4.58	4.63	4.57	4.62	11210595	86584064.00
20140715	4.63	4.68	4.61	4.62	20347728	158154944.00
20140716	4.63	4.66	4.62	4.65	19531334	151854064.00
20140717	4.67	4.67	4.61	4.63	9575565	74304512.00
20140718	4.63	4.68	4.61	4.65	16186394	126147008.00
20140721	4.65	4.68	4.64	4.66	11772045	91744568.00
20140722	4.65	4.73	4.63	4.70	17937992	140827600.00
20140723	4.70	4.75	4.68	4.70	20984534	165404320.00
20140724	4.72	4.92	4.68	4.86	46741095	376680960.00
20140725	4.87	4.95	4.85	4.90	28308941	230453488.00
20140728	4.93	5.40	4.93	5.32	128710855	1104090496.00
20140729	5.34	5.40	5.23	5.33	69205625	606738624.00
20140730	5.31	5.53	5.23	5.26	59420847	522760256.00
20140731	5.26	5.38	5.24	5.36	48122448	419532512.00
20140801	5.33	5.48	5.32	5.33	69846215	618568768.00
20140804	5.36	5.43	5.31	5.42	49718269	439392736.00
20140805	5.41	5.43	5.31	5.36	39157563	345027872.00
20140806	5.32	5.41	5.25	5.37	42137267	368770976.00
20140807	5.40	5.40	5.26	5.27	39723273	346714240.00
20140808	5.28	5.30	5.22	5.24	28735661	249123248.00
20140811	5.27	5.35	5.24	5.32	27368445	238918256.00
20140812	5.29	5.31	5.20	5.24	32487411	280129024.00
20140813	5.23	5.26	5.15	5.19	36743654	314803232.00
20140814	5.20	5.21	5.15	5.15	25410022	216727312.00
20140815	5.16	5.22	5.15	5.19	22879470	195778736.00
20140818	5.20	5.23	5.15	5.20	25480194	218058832.00
20140819	5.20	5.22	5.16	5.22	24322608	208084176.00
20140820	5.22	5.22	5.15	5.16	22037714	188380352.00
20140821	5.16	5.18	5.03	5.08	33828583	284387872.00
20140822	5.08	5.18	5.06	5.16	21040615	178009936.00
20140825	5.16	5.16	5.04	5.06	29135055	244558016.00
20140826	5.06	5.15	5.04	5.09	20975361	176663888.00
20140827	5.09	5.12	5.06	5.08	17337419	145798304.00
20140828	5.08	5.10	5.00	5.01	20013274	167011328.00
20140829	5.05	5.11	5.02	5.10	17798456	148868032.00
20140901	5.11	5.13	5.06	5.11	24162873	203639056.00
20140902	5.12	5.21	5.08	5.20	37454835	317914912.00
20140903	5.21	5.31	5.19	5.22	38244879	330583008.00
20140904	5.24	5.25	5.17	5.24	36530657	313444608.00
20140905	5.24	5.29	5.22	5.29	35394620	306790816.00
20140909	5.29	5.30	5.21	5.24	25876911	223582848.00
20140910	5.21	5.22	5.15	5.18	27248759	232901216.00
20140911	5.18	5.25	5.15	5.17	30333410	260111712.00
20140912	5.15	5.15	5.11	5.15	23810494	201713088.00
20140915	5.12	5.13	5.08	5.11	39758979	335756864.00
20140916	5.13	5.25	5.10	5.11	60255254	512037088.00
20140917	5.13	5.15	5.06	5.08	35045471	295409120.00
20140918	5.07	5.18	5.04	5.10	54322081	458948480.00
20140919	5.11	5.15	5.08	5.11	30633581	259154272.00
20140922	5.11	5.11	4.97	4.99	36727664	306362240.00
20140923	4.99	5.06	4.99	5.05	20249647	168537456.00
20140924	5.02	5.14	5.02	5.11	40123562	337952672.00
20140925	5.15	5.16	5.07	5.08	32188267	272223712.00
20140926	5.08	5.12	5.06	5.11	16892088	142233504.00
20140929	5.12	5.15	5.11	5.14	32930908	279042368.00
20140930	5.15	5.16	5.11	5.14	26503721	224769776.00
20141008	5.15	5.18	5.10	5.18	40470656	343845120.00
20141009	5.18	5.18	5.13	5.15	32291526	274957568.00
20141010	5.13	5.24	5.11	5.16	44089036	375113344.00
20141013	5.13	5.18	5.10	5.13	25283224	214043712.00
20141014	5.12	5.16	5.10	5.13	24456775	207172080.00
20141015	5.11	5.18	5.10	5.16	30037106	255440704.00
20141016	5.13	5.27	5.13	5.18	75105655	645750336.00
20141017	5.18	5.22	5.08	5.14	37258249	317087904.00
20141020	5.17	5.18	5.12	5.17	26048646	221325312.00
20141021	5.16	5.18	5.14	5.15	27574646	235053184.00
20141022	5.15	5.19	5.11	5.12	36218334	307881568.00
20141023	5.11	5.17	5.06	5.06	37614707	318053696.00
20141024	5.08	5.08	5.03	5.04	20720987	173301472.00
20141027	5.03	5.03	4.93	4.95	31704857	260764992.00
20141028	4.97	5.01	4.94	4.99	48227405	397933248.00
20141029	5.00	5.08	4.99	5.04	54739715	456066304.00
20141030	5.04	5.15	5.02	5.11	88640910	744832512.00
20141031	5.15	5.47	5.13	5.34	259667961	2268953856.00
20141103	5.41	5.43	5.32	5.36	180544928	1590813568.00
20141104	5.35	5.35	5.24	5.27	100168574	873397440.00
20141105	5.30	5.30	5.17	5.19	114282757	980616576.00
20141106	5.19	5.21	5.15	5.19	76525925	653168512.00
20141107	5.19	5.35	5.17	5.21	192928868	1669162880.00
20141110	5.28	5.38	5.24	5.37	199983020	1743919232.00
20141111	5.43	5.69	5.38	5.53	291988813	2647920128.00
20141112	5.47	5.56	5.43	5.56	105769811	951246784.00
20141113	5.58	5.66	5.47	5.51	136344105	1238980608.00
20141114	5.48	5.53	5.38	5.45	82684418	736724928.00
20141117	5.49	5.53	5.36	5.37	73885572	657720320.00
20141118	5.37	5.39	5.24	5.24	89566374	779029056.00
20141119	5.24	5.25	5.19	5.21	71351173	613252480.00
20141120	5.20	5.26	5.17	5.24	54647531	470177568.00
20141121	5.24	5.35	5.15	5.32	109670701	947892608.00
20141124	5.21	5.40	5.18	5.34	186557935	1624302976.00
20141125	5.32	5.42	5.27	5.40	117949922	1034647040.00
20141126	5.43	5.63	5.40	5.56	169517257	1530717184.00
20141127	5.64	5.76	5.56	5.67	185699852	1716364928.00
20141128	5.69	6.31	5.64	6.31	397206363	3884925696.00
20141201	6.43	6.78	6.34	6.42	366054838	3845761536.00
20141202	6.33	7.11	6.31	7.01	340551770	3691697152.00
20141203	7.01	7.37	6.68	6.81	368915867	4128460800.00
20141204	6.81	7.30	6.74	7.29	319103927	3578339584.00
20141205	7.37	7.79	7.01	7.43	351567898	4125640960.00
20141208	7.29	7.81	7.15	7.59	299924931	3554985984.00
20141209	7.42	7.75	6.76	6.76	340409944	3981746432.00
20141210	6.81	7.14	6.38	7.00	280376451	3030242816.00
20141211	6.88	7.15	6.82	6.88	174334274	1943675904.00
20141212	6.92	7.04	6.73	6.81	116155572	1279516544.00
20141215	6.69	6.81	6.55	6.70	121296733	1291643904.00
20141216	6.72	7.04	6.68	7.04	195070747	2143391232.00
20141217	7.12	7.76	7.02	7.62	378870289	4455090688.00
20141218	7.65	7.74	7.33	7.46	210264359	2503752960.00
20141219	7.43	7.61	7.21	7.52	199726372	2364030208.00
20141222	7.51	8.17	7.47	7.81	323858818	4005943296.00
20141223	7.58	7.87	7.36	7.37	172970689	2085574144.00
20141224	7.41	7.45	6.89	7.04	143599007	1635488000.00
20141225	7.17	7.81	7.09	7.81	388298883	4703796224.00
20141226	7.77	8.16	7.61	8.09	363912486	4528606720.00
20141229	8.46	8.69	8.05	8.15	358146589	4714455040.00
20141230	8.12	8.66	8.04	8.49	262004440	3472144640.00
20141231	8.50	8.66	8.31	8.59	220222569	2942213376.00
20150105	8.66	8.86	8.41	8.65	233031763	3157864448.00
20150106	8.52	8.87	8.36	8.48	194576573	2614867968.00
20150107	8.38	8.54	8.15	8.37	164144053	2147939328.00
20150108	8.38	8.41	8.00	8.03	133523977	1707294976.00
20150109	8.02	8.68	7.94	8.16	230177628	3010164736.00
20150112	8.09	8.24	7.84	8.04	153002941	1938072704.00
20150113	8.01	8.12	7.93	7.98	82844964	1046745856.00
20150114	8.06	8.31	8.04	8.14	116269058	1493569664.00
20150115	8.18	8.68	8.11	8.67	182221300	2406622208.00
20150116	8.68	8.83	8.52	8.66	195295000	2659698176.00
20150119	7.97	8.18	7.72	7.72	200568202	2502721280.00
20150120	7.72	7.85	7.52	7.72	166576084	2029657088.00
20150121	7.77	8.26	7.65	8.24	201647512	2527002624.00
20150122	8.17	8.23	7.99	8.15	118712000	1515342976.00
20150123	8.17	8.51	8.11	8.31	168409823	2194532096.00
20150126	8.25	8.31	8.03	8.23	100653648	1288436224.00
20150127	8.20	8.21	7.80	8.00	127278191	1600858752.00
20150128	7.90	8.03	7.80	7.88	97380005	1212240640.00
20150129	7.75	7.79	7.59	7.68	100572636	1222244992.00
20150130	7.73	7.77	7.56	7.68	87223535	1057813760.00
20150202	7.45	7.61	7.41	7.52	71015891	843192704.00
20150203	7.59	7.70	7.42	7.70	100184623	1195219584.00
20150204	7.64	7.70	7.44	7.47	77228863	927925184.00
20150205	7.80	7.80	7.41	7.47	166165506	2014176512.00
20150206	7.38	7.49	7.24	7.33	72797999	851798208.00
20150209	7.31	7.45	7.20	7.38	80421021	936370688.00
20150210	7.35	7.56	7.32	7.54	78265482	927319680.00
20150211	7.52	7.56	7.45	7.50	46106924	547353600.00
20150212	7.52	7.63	7.34	7.55	64935440	769107264.00
20150213	7.67	8.04	7.58	7.83	214106418	2644279808.00
20150216	7.74	7.79	7.64	7.71	83420225	1016806528.00
20150217	7.75	7.87	7.72	7.74	70653811	867947584.00
20150225	7.75	7.76	7.47	7.49	72106129	866828416.00
20150226	7.49	7.75	7.40	7.73	88337104	1062140288.00
20150227	7.74	7.76	7.57	7.59	125007347	1513821056.00
20150302	7.62	7.65	7.52	7.59	98882346	1184452352.00
20150303	7.54	7.54	7.30	7.31	95652621	1126107648.00
20150304	7.31	7.38	7.23	7.27	66622493	772398208.00
20150305	7.24	7.26	7.05	7.10	82613346	938000320.00
20150306	7.10	7.18	7.07	7.13	51356289	583694528.00
20150309	7.16	7.71	7.07	7.56	192011845	2264851200.00
20150310	7.47	7.52	7.34	7.36	101868051	1197526656.00
20150311	7.37	7.55	7.37	7.40	83912285	992060544.00
20150312	7.58	8.09	7.54	7.83	259650819	3199457280.00
20150313	7.91	8.19	7.74	7.84	191639415	2409617408.00
20150316	7.95	8.04	7.79	7.94	142179539	1777500032.00
20150317	8.06	8.11	7.94	8.04	141480823	1787772672.00
20150318	8.06	8.21	8.02	8.20	156062374	1996701824.00
20150319	8.13	8.17	8.02	8.06	115827693	1474193536.00
20150320	8.03	8.29	7.91	8.12	211701852	2699671296.00
20150323	8.18	8.27	8.09	8.21	152776394	1968310656.00
20150324	8.17	8.27	8.06	8.13	142935150	1828445056.00
20150325	8.06	8.12	7.89	7.93	132250158	1663523456.00
20150326	7.86	8.11	7.80	7.97	114034425	1435803776.00
20150327	7.94	8.24	7.86	8.11	139008285	1768542848.00
20150330	8.19	8.49	8.15	8.40	204086828	2673458176.00
20150331	8.55	8.65	8.16	8.20	188878625	2497976832.00
20150401	8.19	8.38	8.15	8.25	114772257	1490906752.00
20150402	8.29	8.43	8.18	8.31	131537510	1712076288.00
20150403	8.29	8.45	8.24	8.44	155219802	2039263872.00
20150407	8.61	8.88	8.56	8.77	212319147	2892855552.00
20150408	8.77	8.95	8.60	8.94	207298675	2850318848.00
20150409	8.94	9.29	8.86	8.94	234051271	3296415744.00
20150410	8.94	9.45	8.84	9.38	197780701	2821689600.00
20150413	9.60	9.86	9.39	9.57	219832641	3275271680.00
20150414	9.52	10.12	9.27	9.90	256122871	3842567168.00
20150415	10.15	10.96	10.15	10.96	249523542	4134371072.00
20150416	11.14	11.31	10.70	11.16	327793724	5544304640.00
20150417	11.45	11.53	10.89	10.97	236924383	4052537344.00
20150420	11.04	11.07	10.17	10.47	262634642	4314239488.00
20150421	10.36	10.75	10.26	10.71	182912653	2965267968.00
20150422	10.77	10.88	10.58	10.83	184153878	3049918464.00
20150423	10.84	11.13	10.70	10.80	186746684	3141952000.00
20150424	10.49	10.86	10.27	10.44	166031028	2700092416.00
20150427	10.45	10.77	10.45	10.76	147467909	2424367616.00
20150428	10.74	11.72	10.74	11.07	304266593	5225890816.00
20150429	10.91	11.10	10.79	10.93	132190219	2227868160.00
20150430	10.93	11.05	10.43	10.49	153536919	2537645056.00
20150504	10.49	10.53	10.31	10.47	132859937	2135905664.00
20150505	10.47	10.47	9.65	9.77	185561316	2874355456.00
20150506	9.80	10.06	9.52	9.60	120637832	1841379584.00
20150507	9.59	9.77	9.55	9.67	74114989	1113754880.00
20150508	9.79	9.86	9.53	9.70	83506051	1256514816.00
20150511	9.66	9.99	9.43	9.95	180184653	2702931456.00
20150512	9.87	10.07	9.83	9.99	133509382	2056506624.00
20150513	10.11	10.15	9.73	9.82	113395157	1742798208.00
20150514	9.88	9.97	9.75	9.79	91948656	1404353920.00
20150515	9.73	9.83	9.44	9.54	89191779	1332936320.00
20150518	9.47	9.62	9.31	9.35	79642898	1173776000.00
20150519	9.35	9.85	9.33	9.81	111578593	1674959104.00
20150520	9.82	10.20	9.73	9.93	144269665	2226516736.00
20150521	10.00	10.05	9.85	9.97	63613601	981172736.00
20150522	10.07	10.55	10.07	10.48	173026780	2779728896.00
20150525	10.56	10.79	10.54	10.70	152984719	2513054976.00
20150526	10.75	10.76	10.55	10.67	122826591	2014987520.00
20150527	10.67	10.74	10.43	10.54	120981754	1975528576.00
20150528	10.48	10.54	9.68	9.73	153125703	2434249472.00
20150529	9.75	9.91	9.45	9.68	128761432	1938458880.00
20150601	9.73	10.27	9.59	10.22	125705711	1938491904.00
20150602	10.15	10.32	10.03	10.29	118388728	1864804864.00
20150603	10.35	10.81	10.08	10.70	182262834	2942551552.00
20150604	10.74	11.27	10.39	11.15	230559772	3874507008.00
20150605	11.33	11.40	10.70	10.90	176170724	2980468224.00
20150608	10.94	11.66	10.83	11.57	281611083	4905225216.00
20150609	11.69	11.83	11.19	11.33	203811685	3601699328.00
20150610	11.22	11.34	10.99	11.09	149701290	2566223360.00
20150611	11.11	11.22	10.91	11.17	111894588	1904115200.00
20150612	11.18	11.25	10.97	11.18	129218483	2209441280.00
20150615	11.23	11.23	10.63	10.71	135728504	2291340544.00
20150616	10.63	10.79	10.31	10.42	102668781	1676118272.00
20150617	10.58	10.60	10.37	10.47	123602829	2000290304.00
20150618	10.42	10.45	10.02	10.07	94107456	1495503232.00
20150619	10.07	10.25	9.20	9.47	127427623	1952317056.00
20150623	9.56	9.86	9.20	9.83	90624223	1351711104.00
20150624	9.79	9.98	9.66	9.94	99592390	1516999680.00
20150625	10.22	10.33	9.60	9.68	128563124	2009797888.00
20150626	9.47	9.85	8.64	9.01	148495395	2151943424.00
20150629	9.28	9.37	8.19	9.08	190407718	2680213248.00
20150630	9.08	9.85	9.03	9.81	159862395	2347939584.00
20150701	9.68	9.81	9.33	9.51	112552876	1684669440.00
20150702	9.65	10.18	9.37	9.68	212865187	3250361088.00
20150703	9.77	10.09	8.83	9.38	174653742	2602054912.00
20150706	10.33	10.34	9.63	10.06	266286750	4116790016.00
20150707	9.94	10.68	9.72	10.64	304610343	4858439168.00
20150708	9.80	11.01	9.53	10.07	338487874	4365073920.00
20150709	10.07	10.93	9.26	10.57	306128420	3945222400.00
20150710	10.23	11.34	10.09	10.76	308901313	4207386368.00
20150713	10.39	10.80	10.13	10.41	208417172	2723654400.00
20150714	10.26	10.53	10.00	10.31	172387145	2202200064.00
20150715	10.21	10.57	10.13	10.54	195156735	2530850560.00
20150716	10.54	10.58	10.21	10.32	118614287	1545298944.00
20150717	10.37	10.62	10.22	10.53	117931005	1538774400.00
20150720	10.46	10.63	10.34	10.46	92841453	1215699840.00
20150721	10.36	10.55	10.19	10.24	91168884	1180632192.00
20150722	10.14	10.27	10.01	10.03	77957359	991618688.00
20150723	9.91	10.15	9.91	10.09	67950742	858480448.00
20150724	10.05	10.09	9.76	9.77	70141634	877927424.00
20150727	9.62	9.71	8.75	8.75	134762389	1576857600.00
20150728	8.56	9.01	8.56	8.91	113791873	1265581696.00
20150729	8.86	8.91	8.76	8.88	56883515	634896960.00
20150730	8.88	8.94	8.56	8.57	54836804	608472576.00
20150731	8.55	8.66	8.36	8.56	64013741	685944640.00
20150803	8.46	8.81	8.41	8.80	60796052	663393792.00
20150804	8.79	8.91	8.72	8.89	34884346	387959904.00
20150805	8.84	8.88	8.65	8.66	29601070	327983264.00
20150806	8.62	8.80	8.56	8.61	24029872	263201216.00
20150807	8.71	8.86	8.65	8.74	39646105	438645056.00
20150810	8.71	9.04	8.58	9.02	76085883	845499392.00
20150811	8.95	9.00	8.80	8.86	59007235	661511360.00
20150812	8.73	8.86	8.68	8.69	40785988	451004960.00
20150813	8.65	8.81	8.59	8.71	37835036	414689696.00
20150814	8.73	8.76	8.61	8.66	40951093	448604352.00
20150817	8.61	8.63	8.48	8.53	44329494	477957952.00
20150818	8.54	8.65	8.01	8.06	66279277	703393280.00
20150819	8.02	8.28	7.81	8.26	68358379	695570432.00
20150820	8.14	8.24	8.03	8.09	38177397	393473024.00
20150821	8.03	8.18	7.89	7.91	44588965	452863456.00
20150824	7.66	7.69	7.07	7.14	114064221	1047710528.00
20150825	6.82	7.24	6.70	6.72	118551883	1054564544.00
20150826	6.86	7.31	6.73	7.14	90129937	811480448.00
20150827	7.22	7.82	7.09	7.76	94340741	885924608.00
20150828	7.76	8.01	7.57	7.78	90474140	895669248.00
20150831	7.73	8.21	7.60	8.19	163132207	1638472064.00
20150901	8.01	8.47	7.77	8.46	154040383	1602572800.00
20150902	8.20	8.62	8.11	8.61	148796712	1580662784.00
20150907	8.43	8.44	7.91	7.97	56303563	583142080.00
20150908	7.92	8.27	7.90	8.17	33864323	346939552.00
20150909	8.17	8.26	8.10	8.20	35999596	373278336.00
20150910	8.11	8.28	8.10	8.26	30877835	320771712.00
20150911	8.21	8.28	8.16	8.21	20399922	211764608.00
20150914	8.19	8.49	7.84	8.46	80475475	838212032.00
20150915	8.30	8.43	8.14	8.37	51956496	545545024.00
20150916	8.26	8.61	8.16	8.44	36165680	381641696.00
20150917	8.41	8.43	8.22	8.23	24179770	255222064.00
20150918	8.22	8.26	8.12	8.14	14482769	150223776.00
20150921	8.09	8.13	8.03	8.11	15791610	161706112.00
20150922	8.11	8.27	8.09	8.19	18924313	196450304.00
20150923	8.12	8.19	7.96	7.98	14895359	152102192.00
20150924	8.02	8.07	7.98	8.01	8310920	84461752.00
20150925	8.01	8.17	7.88	8.15	24570100	250305328.00
20150928	8.07	8.11	7.99	8.06	10912895	111359216.00
20150929	8.02	8.02	7.89	7.91	10249483	103388224.00
20150930	7.93	8.04	7.91	7.97	14306103	144720176.00
20151008	8.18	8.20	8.08	8.10	15515493	159846624.00
20151009	8.11	8.17	8.06	8.13	25407662	261763040.00
20151012	8.16	8.40	8.15	8.29	43577126	456806272.00
20151013	8.26	8.33	8.21	8.24	21545227	224962256.00
20151014	8.21	8.25	8.10	8.11	20164296	208789968.00
20151015	8.11	8.31	8.10	8.27	28113719	292955136.00
20151016	8.31	8.36	8.25	8.31	29788348	313191360.00
20151019	8.31	8.40	8.20	8.31	36532498	383592832.00
20151020	8.31	8.37	8.25	8.36	31610826	332494464.00
20151021	8.36	8.69	8.27	8.57	76329661	817265792.00
20151022	8.46	8.46	8.32	8.39	43051196	456442784.00
20151023	8.37	8.42	8.34	8.41	29072962	308183872.00
20151026	8.43	8.57	8.39	8.44	37977171	406817056.00
20151027	8.39	8.47	8.26	8.41	27771515	294635488.00
20151028	8.40	8.42	8.29	8.31	22344799	236458848.00
20151029	8.31	8.36	8.27	8.32	15458386	162599792.00
20151030	8.33	8.41	8.30	8.35	35804475	377862528.00
20151102	8.31	8.40	8.26	8.27	33487787	352976192.00
20151103	8.27	8.34	8.17	8.20	22489905	235848320.00
20151104	8.21	8.59	8.21	8.52	50934938	541778880.00
20151105	8.51	9.12	8.44	8.76	156923683	1753063168.00
20151106	8.68	9.01	8.66	8.98	75576112	843953856.00
20151109	9.05	9.67	9.05	9.26	164980051	1952215680.00
20151110	9.14	9.33	9.04	9.15	73787675	850061888.00
20151111	9.16	9.16	8.89	9.01	57286213	650008640.00
20151112	9.04	9.06	8.78	8.86	34933670	392349760.00
20151113	8.79	8.99	8.77	8.79	37449073	418713984.00
20151116	8.65	8.85	8.63	8.83	33482316	370161440.00
20151117	8.90	9.13	8.86	8.93	56535176	641621248.00
20151118	8.91	9.18	8.77	8.96	53317117	602385920.00
20151119	8.97	9.00	8.90	8.97	30899744	348596544.00
20151120	8.99	9.09	8.91	8.96	41453260	470143008.00
20151123	8.96	9.04	8.85	8.87	32691616	368763008.00
20151124	8.86	8.86	8.64	8.76	37914629	418048608.00
20151125	8.74	8.86	8.63	8.79	37789099	416801472.00
20151126	8.85	8.96	8.81	8.81	38885814	435540736.00
20151127	8.75	8.80	8.42	8.56	46172228	501554016.00
20151130	8.57	8.92	8.47	8.77	65524643	719803520.00
20151201	8.79	8.91	8.58	8.89	67384722	745752128.00
20151202	8.84	9.55	8.80	9.48	158414229	1838098048.00
20151203	9.36	9.61	9.16	9.27	111830864	1318308096.00
20151204	9.21	9.25	8.88	8.93	71996889	818934336.00
20151207	8.97	9.03	8.86	8.96	37120539	418672576.00
20151208	8.89	8.97	8.81	8.87	33180142	371360288.00
20151209	8.86	8.99	8.82	8.92	33639869	378436384.00
20151210	8.91	9.08	8.80	8.81	35103182	396065408.00
20151211	8.81	8.84	8.69	8.79	25256536	279148896.00
20151214	8.69	9.11	8.66	9.02	43232614	486291296.00
20151215	9.01	9.04	8.84	8.89	29176049	328709824.00
20151216	8.93	8.94	8.85	8.86	17137099	191987040.00
20151217	8.90	9.01	8.89	8.95	35596281	401783680.00
20151218	8.92	9.71	8.91	9.11	111389654	1296295040.00
20151221	9.05	9.65	9.01	9.53	129017006	1530396928.00
20151222	9.46	9.70	9.37	9.42	77733319	927660800.00
20151223	9.47	9.73	9.34	9.53	80573382	965062848.00
20151224	9.52	9.61	9.32	9.53	59734272	711572032.00
20151225	9.54	9.61	9.46	9.52	34590499	414439808.00
20151228	9.56	9.57	9.05	9.08	51807037	606365504.00
20151229	9.25	9.53	9.17	9.38	59101138	695317696.00
20151230	9.34	9.51	9.27	9.48	43377055	512401856.00
20151231	9.46	9.74	9.28	9.66	111977293	1347298048.00
20160104	9.55	9.58	9.05	9.07	40111596	470269312.00
20160105	8.90	9.32	8.86	9.12	62471678	717805696.00
20160106	9.08	9.16	8.94	9.14	45649576	520875008.00
20160107	8.96	8.99	8.46	8.49	13282709	147031616.00
20160108	8.70	8.83	8.31	8.57	48348103	526523648.00
20160111	8.46	8.51	8.15	8.16	45184048	477505024.00
20160112	8.26	8.29	8.11	8.16	27156765	281734624.00
20160113	8.18	8.24	7.93	7.94	27904964	287180032.00
20160114	7.81	8.05	7.76	8.01	32031116	321236000.00
20160115	8.01	8.11	7.73	7.74	30531254	306226912.00
20160118	7.62	7.94	7.61	7.84	32560635	321521184.00
20160119	7.81	8.06	7.75	8.01	29691061	298595008.00
20160120	7.97	8.01	7.78	7.84	26886345	269440416.00
20160121	7.79	8.05	7.72	7.73	28519699	285398656.00
20160122	7.80	7.85	7.71	7.82	17776643	175706880.00
20160125	7.83	7.85	7.74	7.81	15242876	151014320.00
20160126	7.76	7.82	7.33	7.38	25656135	247964448.00
20160127	7.41	7.54	7.26	7.44	34644316	325927168.00
20160128	7.39	7.49	7.23	7.27	21350113	200741440.00
20160129	7.29	7.55	7.29	7.49	28340374	268229872.00
20160201	7.46	7.52	7.22	7.31	22527017	211189728.00
20160202	7.31	7.49	7.30	7.45	20478391	193744080.00
20160203	7.39	7.44	7.31	7.40	15049287	141195664.00
20160204	7.41	7.51	7.40	7.49	17244371	163837216.00
20160205	7.47	7.53	7.45	7.46	13964608	132989680.00
20160215	7.35	7.35	7.21	7.30	23685428	219691136.00
20160216	7.34	7.55	7.32	7.52	25086723	238371984.00
20160217	7.50	7.61	7.49	7.58	29102843	279452960.00
20160218	7.61	7.67	7.53	7.54	23218830	224497904.00
20160219	7.53	7.57	7.46	7.50	17407670	166471680.00
20160222	7.55	7.76	7.52	7.73	39582168	384832896.00
20160223	7.68	7.70	7.55	7.61	23851772	230884736.00
20160224	7.59	7.63	7.52	7.63	16909714	162992768.00
20160225	7.61	7.61	7.15	7.22	31769302	299341952.00
20160226	7.29	7.36	7.24	7.32	19707849	183171328.00
20160229	7.31	7.39	7.06	7.31	36491466	335632480.00
20160301	7.27	7.43	7.24	7.37	19364143	180593424.00
20160302	7.41	7.69	7.36	7.64	46238101	443086944.00
20160303	7.60	7.71	7.58	7.71	34705768	337504704.00
20160304	7.66	8.13	7.62	8.11	107926526	1085179648.00
20160307	8.02	8.09	7.93	7.97	39569915	400960544.00
20160308	7.95	8.07	7.74	8.05	34295606	342646400.00
20160309	7.91	8.13	7.79	8.11	44635292	449726400.00
20160310	7.98	8.06	7.86	7.89	28904509	292290976.00
20160311	7.82	7.99	7.82	7.97	22405091	224827424.00
20160314	7.97	8.08	7.92	7.95	34076719	346274592.00
20160315	7.93	8.05	7.85	8.00	31077325	313114432.00
20160316	7.94	8.20	7.93	8.10	93564853	960582336.00
20160317	8.06	8.16	7.98	8.09	30093639	308092704.00
20160318	8.09	8.19	8.08	8.14	46919219	483397920.00
20160321	8.15	8.36	8.15	8.17	51999114	542103296.00
20160322	8.18	8.31	8.13	8.16	28150787	292473600.00
20160323	8.17	8.19	8.08	8.10	23677739	243422544.00
20160324	8.09	8.09	7.96	7.96	20107914	204015648.00
20160325	7.96	8.05	7.94	8.00	13946600	141633792.00
20160328	8.02	8.08	7.93	7.95	17085522	173674496.00
20160329	7.96	7.99	7.83	7.87	23433999	235715696.00
20160330	7.92	8.06	7.91	8.03	29202916	296349248.00
20160331	8.07	8.11	8.00	8.01	21541389	219459040.00
20160401	8.02	8.08	7.88	8.07	34179293	347066048.00
20160405	8.05	8.12	7.98	8.10	41900373	426883680.00
20160406	8.05	8.11	8.03	8.08	20145405	205998976.00
20160407	8.08	8.10	8.01	8.01	20161698	205502464.00
20160408	7.98	8.03	7.96	8.01	19484038	197609152.00
20160411	8.02	8.13	8.01	8.09	21427963	219514048.00
20160412	8.09	8.10	8.04	8.06	14440196	147516800.00
20160413	8.08	8.21	8.08	8.13	33575821	347385440.00
20160414	8.17	8.21	8.08	8.15	18539556	191149360.00
20160415	8.14	8.21	8.11	8.18	21202866	219281824.00
20160418	8.15	8.16	8.05	8.06	21833540	223812800.00
20160419	8.06	8.11	8.02	8.06	18196641	185831936.00
20160420	8.07	8.08	7.82	8.06	38643833	390121536.00
20160421	8.01	8.12	7.94	7.99	22552605	229424800.00
20160422	7.96	8.06	7.92	8.00	12593656	127628824.00
20160425	7.96	7.98	7.89	7.94	14684865	147737760.00
20160426	7.95	7.98	7.91	7.97	13060682	131723296.00
20160427	7.97	8.03	7.95	8.01	12874976	130569248.00
20160428	8.01	8.21	7.98	8.10	24177161	248077824.00
20160429	8.06	8.16	7.96	8.02	22910164	235182016.00
20160503	8.09	8.23	8.04	8.11	45228307	467389312.00
20160504	8.11	8.19	8.11	8.16	23622730	243952800.00
20160505	8.16	8.16	8.08	8.13	16123314	165854304.00
20160506	8.14	8.16	7.96	7.97	22836844	232681968.00
20160509	7.96	7.99	7.86	7.89	22949224	230358272.00
20160510	7.88	7.94	7.86	7.91	11109670	111358960.00
20160511	7.91	8.01	7.86	7.93	15819789	158832640.00
20160512	7.90	7.95	7.82	7.90	15260532	152718160.00
20160513	7.91	7.91	7.81	7.86	17461627	174319664.00
20160516	7.82	7.87	7.81	7.86	9589113	95509504.00
20160517	7.85	7.87	7.81	7.82	11211514	111554232.00
20160518	7.81	7.89	7.69	7.87	28050050	277629088.00
20160519	7.83	7.87	7.78	7.79	9334245	92828240.00
20160520	7.79	7.84	7.75	7.83	7479964	74058488.00
20160523	7.84	7.87	7.81	7.84	7613582	75846496.00
20160524	7.84	7.84	7.77	7.79	9268549	91790344.00
20160525	7.82	7.84	7.79	7.81	6950818	68977136.00
20160526	7.81	7.86	7.77	7.82	7417100	73542600.00
20160527	7.81	7.85	7.78	7.81	7721112	76575728.00
20160530	7.82	7.86	7.76	7.84	9489461	94207232.00
20160531	7.85	8.06	7.83	8.05	30730345	311895680.00
20160601	8.03	8.07	7.98	8.03	18093506	183927824.00
20160602	8.01	8.04	7.97	8.01	12338372	125187832.00
20160603	8.02	8.05	7.98	8.01	17475367	177437344.00
20160606	8.03	8.04	7.96	7.98	14761202	149510336.00
20160607	7.98	8.00	7.94	7.98	14956121	151193584.00
20160608	7.97	7.98	7.92	7.97	15169748	153026880.00
20160613	7.92	7.93	7.85	7.86	15919662	159545792.00
20160614	7.85	7.91	7.85	7.88	14313384	143027712.00
20160615	7.86	7.93	7.84	7.87	19690796	196847712.00
20160616	7.87	7.87	7.82	7.82	17943445	178479744.00
20160617	7.83	7.87	7.81	7.82	21164455	210519024.00
20160620	7.84	7.86	7.81	7.85	19217557	191014448.00
20160621	7.86	7.90	7.82	7.86	22239239	221844016.00
20160622	7.84	7.89	7.82	7.88	13308126	132629488.00
20160623	7.88	7.88	7.81	7.84	19047205	189502992.00
20160624	7.83	7.86	7.73	7.76	22811553	225724784.00
20160627	7.73	7.80	7.73	7.80	15239124	150383264.00
20160628	7.77	7.78	7.74	7.78	20677747	203593136.00
20160629	7.80	7.84	7.74	7.82	37468558	370084736.00
20160630	7.83	7.85	7.76	7.79	40883229	405195904.00
20160701	7.79	7.83	7.77	7.81	26478907	262137184.00
20160704	7.80	7.95	7.79	7.92	43108353	430875264.00
20160705	7.92	7.94	7.90	7.91	35349029	354808704.00
20160706	7.91	7.93	7.89	7.91	28156900	282372608.00
20160707	7.91	7.91	7.88	7.90	32657800	327364800.00
20160708	7.92	7.93	7.87	7.88	30605600	295625280.00
20160711	7.89	7.93	7.87	7.90	30539300	295194720.00
20160712	7.90	7.98	7.85	7.97	38459500	372529920.00
20160713	7.99	8.18	7.99	8.08	59473500	588168064.00
20160714	8.07	8.15	8.02	8.04	35329700	348085248.00
20160715	8.06	8.14	8.04	8.08	44943200	443749824.00
20160718	8.08	8.21	8.07	8.17	56688500	564013952.00
20160719	8.16	8.17	8.05	8.08	34827800	344617600.00
20160720	8.08	8.08	8.02	8.05	22845000	224810880.00
20160721	8.06	8.10	8.05	8.07	23380900	230684976.00
20160722	8.07	8.09	8.06	8.07	33653600	332196672.00
20160725	8.08	8.17	8.07	8.14	36102600	357771488.00
20160726	8.13	8.18	8.12	8.18	38097400	379561088.00
20160727	8.18	8.20	8.01	8.14	60314725	597406784.00
20160728	8.09	8.12	8.06	8.07	37002523	365726624.00
20160729	8.07	8.13	8.07	8.12	33191714	328828576.00
20160801	8.11	8.19	8.09	8.18	52845026	526388704.00
20160802	8.16	8.19	8.12	8.15	35038570	348802240.00
20160803	8.13	8.14	8.08	8.10	28301650	280746560.00
20160804	8.12	8.16	8.07	8.12	34703294	344190560.00
20160805	8.12	8.29	8.11	8.23	111067186	1114488960.00
20160808	8.21	8.23	8.16	8.22	48164326	482356416.00
20160809	8.22	8.25	8.18	8.23	49860000	500247104.00
20160810	8.24	8.25	8.21	8.21	44859400	451040896.00
20160811	8.22	8.50	8.21	8.39	143652606	1475774336.00
20160812	8.40	8.80	8.36	8.73	143208473	1502061568.00
20160815	8.82	9.22	8.81	8.96	182901670	2017589504.00
20160816	8.96	9.00	8.71	8.77	173692284	1866518272.00
20160817	8.75	8.80	8.71	8.75	70557487	754247360.00
20160818	8.73	8.77	8.61	8.65	85137991	902710336.00
20160819	8.65	8.71	8.59	8.67	48678173	513791776.00
20160822	8.67	8.69	8.60	8.63	56312500	593684416.00
20160823	8.62	8.68	8.58	8.62	46202700	487448544.00
20160824	8.62	8.64	8.52	8.53	55482300	580129280.00
20160825	8.52	8.56	8.46	8.55	55997300	580859520.00
20160826	8.54	8.59	8.51	8.53	36149900	377561344.00
20160829	8.52	8.59	8.49	8.52	41431836	432411072.00
20160830	8.54	8.58	8.52	8.55	26726373	279156032.00
20160831	8.56	8.62	8.53	8.61	43890440	459947936.00
20160901	8.60	8.66	8.57	8.57	39263846	412556864.00
20160902	8.57	8.60	8.52	8.57	23647835	247207136.00
20160905	8.57	8.59	8.52	8.54	28003709	292441696.00
20160906	8.53	8.57	8.47	8.52	31733822	330323520.00
20160907	8.52	8.56	8.51	8.53	25757816	268437696.00
20160908	8.54	8.55	8.52	8.53	15576100	162307024.00
20160909	8.52	8.54	8.47	8.48	18819307	195737344.00
20160912	8.40	8.42	8.22	8.28	57064540	579150720.00
20160913	8.30	8.32	8.22	8.27	35098237	354404224.00
20160914	8.25	8.26	8.15	8.17	40227866	403032896.00
20160919	8.19	8.25	8.18	8.23	40626109	408208000.00
20160920	8.24	8.24	8.20	8.22	22705196	228033312.00
20160921	8.22	8.26	8.21	8.25	15114241	152137744.00
20160922	8.27	8.33	8.25	8.32	29277983	296788448.00
20160923	8.32	8.33	8.30	8.30	19583179	198899392.00
20160926	8.29	8.29	8.20	8.22	25636169	258701136.00
20160927	8.20	8.27	8.17	8.25	20914969	210350608.00
20160928	8.26	8.26	8.19	8.21	16349121	164258800.00
20160929	8.21	8.27	8.21	8.23	25329942	254838864.00
20160930	8.22	8.25	8.20	8.22	23360585	234763184.00
20161010	8.27	8.31	8.23	8.31	34624041	350085600.00
20161011	8.32	8.36	8.28	8.35	40284336	409836672.00
20161012	8.32	8.37	8.32	8.37	30265298	308768864.00
20161013	8.36	8.41	8.36	8.38	30492356	312462336.00
20161014	8.38	8.40	8.37	8.39	20197620	206926928.00
20161017	8.39	8.42	8.37	8.37	20578924	210967824.00
20161018	8.35	8.44	8.35	8.43	18219986	187009904.00
20161019	8.42	8.46	8.39	8.40	18011264	185324240.00
20161020	8.40	8.45	8.40	8.43	17705013	182138752.00
20161021	8.44	8.50	8.42	8.49	38927789	402795136.00
20161024	8.50	8.69	8.49	8.61	57280407	602389632.00
20161025	8.62	8.64	8.54	8.56	24617274	258342608.00
20161026	8.57	8.57	8.47	8.47	24593110	255660256.00
20161027	8.48	8.53	8.47	8.52	18975464	196828000.00
20161028	8.51	8.64	8.49	8.56	35425819	371768000.00
20161031	8.56	8.56	8.49	8.52	42168697	438538208.00
20161101	8.53	8.57	8.51	8.55	32212800	335730976.00
20161102	8.55	8.58	8.52	8.53	39115400	407999584.00
20161103	8.52	8.71	8.52	8.69	60336390	635314112.00
20161104	8.73	8.95	8.71	8.75	100345600	1080018688.00
20161107	8.70	8.83	8.70	8.77	52779782	565817920.00
20161108	8.79	8.88	8.77	8.82	41258278	444477920.00
20161109	8.82	8.88	8.76	8.82	43296412	466457504.00
20161110	8.85	9.02	8.85	8.97	51011748	557633792.00
20161111	8.93	9.00	8.88	8.97	63025807	687429120.00
20161114	8.93	9.05	8.92	8.99	45174342	495665120.00
20161115	8.97	9.02	8.94	8.97	32190276	352872736.00
20161116	8.97	9.01	8.96	9.00	21965200	240824320.00
20161117	8.97	9.02	8.92	9.00	36475100	399390944.00
20161118	8.96	9.02	8.96	8.97	24420500	268170432.00
20161121	8.97	9.27	8.96	9.11	60591600	677127104.00
20161122	9.10	9.47	9.09	9.39	73321093	833105920.00
20161123	9.37	9.72	9.37	9.66	82070308	964199680.00
20161124	9.60	9.69	9.52	9.62	45885500	538115520.00
20161125	9.63	9.91	9.62	9.88	49803900	593849344.00
20161128	9.95	10.03	9.70	9.72	105033300	1262191360.00
20161129	9.67	9.80	9.58	9.65	56623700	666126912.00
20161130	9.64	9.65	9.43	9.47	56967000	661576960.00
20161201	9.51	9.67	9.47	9.60	41247860	480523232.00
20161202	9.64	9.66	9.29	9.51	44816756	517748960.00
20161205	9.42	9.59	9.30	9.58	51280900	591539008.00
20161206	9.52	9.62	9.36	9.41	40082200	463384000.00
20161207	9.39	9.44	9.33	9.42	26381400	302265120.00
20161208	9.42	9.60	9.42	9.55	37215000	432205504.00
20161209	9.55	9.83	9.54	9.76	47905200	568808960.00
20161212	9.77	9.93	9.50	9.69	57802968	679821120.00
20161213	9.63	9.63	9.47	9.50	22976960	267140192.00
20161214	9.51	9.64	9.49	9.56	21845810	254531856.00
20161215	9.47	9.50	9.02	9.09	63638370	712260864.00
20161216	9.07	9.13	8.93	8.99	34452340	379091936.00
20161219	9.00	9.01	8.93	8.96	21415862	234386688.00
20161220	8.96	8.97	8.78	8.86	25631854	276547232.00
20161221	8.87	8.94	8.82	8.88	34232713	370881536.00
20161222	8.88	8.90	8.75	8.82	30321818	325821664.00
20161223	8.79	8.82	8.67	8.70	35120796	374441888.00
20161226	8.68	8.79	8.65	8.73	24287986	258619120.00
20161227	8.75	8.82	8.72	8.76	23818312	254493504.00
20161228	8.77	8.77	8.68	8.74	17048162	181406944.00
20161229	8.73	8.87	8.72	8.79	26817600	287621952.00
20161230	8.79	8.96	8.79	8.89	27230100	295593440.00
20170103	8.92	9.22	8.92	9.13	36245017	401975040.00
20170104	9.14	9.25	9.10	9.18	28144290	315565760.00
20170105	9.18	9.22	9.10	9.12	14083537	157218400.00
20170106	9.13	9.15	8.98	9.02	22253608	245385744.00
20170109	9.00	9.14	8.99	9.07	13707372	151753152.00
20170110	9.08	9.11	9.04	9.07	9812729	108673224.00
20170111	9.06	9.07	8.91	8.92	23058651	252708752.00
20170112	8.95	8.96	8.87	8.89	11785234	128190312.00
20170113	8.87	9.08	8.86	8.97	18151512	198708528.00
20170116	8.95	9.16	8.94	9.12	69344988	766054528.00
20170117	9.10	9.17	9.08	9.12	18091288	201465216.00
20170118	9.13	9.24	9.12	9.22	17957000	201123536.00
20170119	9.20	9.36	9.17	9.23	24778373	280659840.00
20170120	9.22	9.37	9.22	9.32	18175701	206717808.00
20170123	9.31	9.33	9.25	9.28	12128400	137390048.00
20170124	9.30	9.47	9.27	9.42	25556591	292629056.00
20170125	9.42	9.50	9.38	9.47	14999863	172949824.00
20170126	9.47	9.62	9.46	9.51	14494274	168760960.00
20170203	9.53	9.56	9.40	9.42	17415778	200613872.00
20170206	9.42	9.46	9.29	9.32	16641833	189639824.00
20170207	9.32	9.34	9.27	9.32	12518471	142009664.00
20170208	9.32	9.37	9.28	9.37	15573393	177257280.00
20170209	9.36	9.48	9.34	9.41	11240485	129143912.00
20170210	9.42	9.57	9.41	9.54	20813968	241450256.00
20170213	9.54	9.65	9.49	9.54	34518102	402777760.00
20170214	9.55	9.57	9.45	9.48	20149740	233283680.00
20170215	9.49	9.65	9.48	9.59	36414584	425337920.00
20170216	9.60	9.66	9.56	9.62	21061180	246521888.00
20170217	9.62	9.64	9.47	9.52	17549166	204551904.00
20170220	9.53	9.85	9.52	9.75	62381400	741223744.00
20170221	9.77	9.87	9.72	9.75	34290377	409620672.00
20170222	9.74	9.79	9.68	9.79	18443835	218989536.00
20170223	9.75	9.81	9.63	9.71	15729279	186332128.00
20170224	9.68	9.71	9.52	9.62	26589600	310709664.00
20170227	9.60	9.60	9.49	9.52	24190300	281357568.00
20170228	9.52	9.62	9.52	9.57	18879102	220412192.00
20170301	9.58	9.70	9.44	9.50	41439809	483831296.00
20170302	9.52	9.58	9.37	9.37	27549199	317927296.00
20170303	9.34	9.42	9.32	9.37	17755831	202991328.00
20170306	9.37	9.49	9.36	9.44	23276236	268223664.00
20170307	9.43	9.52	9.41	9.52	15406700	177989280.00
20170308	9.47	9.54	9.47	9.51	10902232	126296504.00
20170309	9.50	9.51	9.32	9.38	18309326	209640656.00
20170310	9.38	9.42	9.32	9.33	17440679	198884576.00
20170313	9.33	9.44	9.31	9.41	22861056	261636752.00
20170314	9.40	9.44	9.37	9.42	20670280	237185200.00
20170315	9.42	9.42	9.33	9.37	19804088	226113120.00
20170316	9.38	9.45	9.35	9.36	33582219	384839680.00
20170317	9.37	9.38	9.24	9.25	28988168	329252672.00
20170320	9.25	9.29	9.15	9.20	20088200	225632768.00
20170321	9.20	9.22	9.12	9.17	27648300	309068576.00
20170322	9.16	9.16	9.04	9.07	33553884	372075648.00
20170323	9.09	9.19	9.07	9.12	23332356	260107120.00
20170324	9.12	9.23	9.08	9.20	33758900	377011008.00
20170327	9.18	9.39	9.17	9.30	35076240	398484416.00
20170328	9.27	9.32	9.20	9.21	17285321	195034000.00
20170329	9.23	9.27	9.11	9.16	26786975	299844384.00
20170330	9.17	9.21	9.12	9.17	21134047	236077776.00
20170331	9.17	9.28	9.14	9.26	25726421	289456256.00
20170405	9.40	9.42	9.25	9.34	45684970	518883968.00
20170406	9.31	9.35	9.26	9.28	30612855	347005376.00
20170407	9.27	9.32	9.26	9.31	23082595	261453440.00
20170410	9.31	9.31	9.17	9.19	36716438	412974176.00
20170411	9.17	9.18	9.04	9.15	40549800	450504256.00
20170412	9.13	9.15	9.05	9.07	29748600	330287968.00
20170413	9.04	9.07	8.90	8.93	47642158	521374176.00
20170414	8.92	8.95	8.80	8.87	36242339	392403552.00
20170417	8.85	8.92	8.77	8.89	27901652	300572192.00
20170418	8.87	8.88	8.74	8.77	26044305	279938272.00
20170419	8.73	8.78	8.68	8.75	27028937	288073184.00
20170420	8.77	8.79	8.72	8.77	21136870	225857008.00
20170421	8.77	8.88	8.76	8.86	24113254	260042080.00
20170424	8.85	8.86	8.77	8.81	22619600	243131216.00
20170425	8.81	8.87	8.77	8.82	28369500	305471936.00
20170426	8.80	8.85	8.73	8.73	30822900	330724448.00
20170427	8.70	8.75	8.67	8.72	30582600	325178304.00
20170428	8.72	8.74	8.57	8.71	42681434	450543040.00
20170502	8.60	8.65	8.43	8.48	52963174	551658752.00
20170503	8.48	8.49	8.31	8.39	34571585	354428000.00
20170504	8.37	8.39	8.29	8.32	30501900	310777984.00
20170505	8.31	8.32	8.22	8.30	30454900	307366368.00
20170508	8.27	8.32	8.21	8.31	28549000	288096000.00
20170509	8.28	8.41	8.24	8.37	26116700	266071632.00
20170510	8.37	8.46	8.33	8.36	25511000	261884816.00
20170511	8.34	8.42	8.32	8.40	19258000	197054448.00
20170512	8.40	8.63	8.38	8.63	41080067	429451904.00
20170515	8.62	8.68	8.57	8.57	26073019	274289760.00
20170516	8.56	8.58	8.44	8.55	28066146	291173312.00
20170517	8.52	8.53	8.45	8.46	21354814	221442656.00
20170518	8.42	8.45	8.37	8.40	18963600	194734720.00
20170519	8.39	8.42	8.37	8.38	15104210	154925472.00
20170522	8.37	8.45	8.33	8.39	25487903	261345328.00
20170523	8.37	8.61	8.37	8.52	38843700	403434560.00
20170524	8.50	8.56	8.40	8.53	32665000	337968384.00
20170525	8.51	8.92	8.49	8.83	83617600	893766080.00
20170526	8.82	8.86	8.75	8.79	37025500	397404576.00
20170531	8.80	8.88	8.76	8.77	37246733	400661248.00
20170601	8.78	8.87	8.76	8.87	40867903	439597440.00
20170602	8.85	8.97	8.82	8.87	37546514	407114496.00
20170605	8.85	8.86	8.69	8.77	34881396	371967872.00
20170606	8.74	8.78	8.69	8.77	19926795	212428816.00
20170607	8.75	8.87	8.75	8.84	32574917	350879264.00
20170608	8.84	8.85	8.77	8.84	21951644	236083920.00
20170609	8.83	9.02	8.83	8.96	53258426	581705344.00
20170612	8.95	8.98	8.87	8.87	21843000	237806608.00
20170613	8.87	8.88	8.77	8.84	22037793	237202528.00
20170614	8.85	8.85	8.73	8.82	23510957	252117056.00
20170615	8.80	8.81	8.73	8.75	18198134	194627648.00
20170616	8.77	8.80	8.75	8.77	13472054	144336160.00
20170619	8.77	8.82	8.72	8.78	24224078	259645872.00
20170620	8.79	8.82	8.74	8.77	14751116	157874496.00
20170621	8.80	8.81	8.72	8.78	24277613	259600976.00
20170622	8.77	9.15	8.77	8.95	83150385	912300096.00
20170623	8.93	9.07	8.87	9.03	39004888	426527616.00
20170626	9.06	9.21	8.99	9.01	60965295	676472000.00
20170627	9.02	9.19	8.96	9.12	48630298	536130848.00
20170628	9.09	9.36	9.07	9.31	81908878	924910528.00
20170629	9.35	9.38	9.25	9.30	42123550	391868320.00
20170630	9.27	9.27	9.14	9.22	41317190	379909280.00
20170703	9.21	9.22	9.14	9.17	31417076	288310688.00
20170704	9.17	9.20	9.12	9.19	31404205	287801856.00
20170705	9.17	9.25	9.15	9.23	32886510	302703552.00
20170706	9.22	9.31	9.19	9.26	32721441	302319456.00
20170707	9.25	9.27	9.17	9.24	34129178	314423264.00
20170710	9.25	9.26	9.20	9.25	23034726	212620896.00
20170711	9.21	9.65	9.21	9.49	95789322	909306176.00
数据来源:通达信
