600017 日照港 日线 前复权
      日期	    开盘	    最高	    最低	    收盘	    成交量	    成交额
20111010	3.06	3.10	3.02	3.04	2523700	8090867.00
20111011	3.09	3.11	3.03	3.06	3224263	10432100.00
20111012	3.03	3.13	3.02	3.13	4718977	15328898.00
20111013	3.13	3.17	3.11	3.15	4999241	16451215.00
20111014	3.14	3.15	3.09	3.12	3525415	11503416.00
20111017	3.15	3.16	3.11	3.13	2866470	9424871.00
20111018	3.12	3.12	3.04	3.05	3281197	10584174.00
20111019	3.05	3.07	3.01	3.03	3073461	9793308.00
20111020	3.02	3.02	2.94	2.95	5382110	16749194.00
20111021	2.94	2.97	2.93	2.93	2230550	6906098.00
20111024	2.94	3.00	2.93	3.00	3011240	9381229.00
20111025	3.00	3.05	2.96	3.03	5695969	18011618.00
20111026	3.02	3.09	3.00	3.05	8828748	28371506.00
20111027	3.06	3.10	3.05	3.08	7026980	22674164.00
20111028	3.11	3.16	3.08	3.15	9009034	29341502.00
20111031	3.15	3.15	3.09	3.11	5342645	17442092.00
20111101	3.10	3.12	3.07	3.09	4609230	14951074.00
20111102	3.06	3.11	3.03	3.11	7496487	24080588.00
20111103	3.13	3.18	3.11	3.13	12799859	42118820.00
20111104	3.14	3.17	3.10	3.15	8977449	29514376.00
20111107	3.15	3.25	3.14	3.18	14547802	48814644.00
20111108	3.18	3.20	3.13	3.14	5096807	16889432.00
20111109	3.13	3.18	3.12	3.15	4109487	13536417.00
20111110	3.13	3.13	3.09	3.09	6365731	20758744.00
20111111	3.09	3.12	3.08	3.09	2933854	9527564.00
20111114	3.11	3.15	3.11	3.15	4450773	14616604.00
20111115	3.15	3.23	3.13	3.20	10776523	35945696.00
20111116	3.21	3.21	3.10	3.12	5505301	18148208.00
20111117	3.10	3.15	3.09	3.10	3309749	10803203.00
20111118	3.10	3.10	3.00	3.01	4722254	15058800.00
20111121	3.01	3.03	2.99	3.02	2566550	8095816.00
20111122	3.01	3.02	2.98	3.01	2731632	8590120.00
20111124	2.97	3.00	2.95	2.99	2696174	8418892.00
20111125	3.01	3.01	2.95	2.95	2424473	7560753.00
20111128	2.96	2.98	2.95	2.96	1904747	5928600.00
20111129	3.00	3.00	2.96	2.99	2355448	7372711.00
20111130	2.99	3.00	2.85	2.87	5020832	15355472.00
20111201	2.92	2.96	2.91	2.93	4802461	14833201.00
20111202	2.93	2.93	2.87	2.91	2413901	7346083.00
20111205	2.88	2.90	2.83	2.83	3796291	11393171.00
20111206	2.84	2.86	2.81	2.83	2596443	7746004.00
20111207	2.84	2.86	2.82	2.85	1820172	5449989.00
20111208	2.85	2.86	2.80	2.84	2865660	8547273.00
20111209	2.84	2.88	2.81	2.87	3294251	9858241.00
20111212	2.87	2.87	2.83	2.83	1569399	4702330.00
20111213	2.82	2.82	2.73	2.74	4109351	11945224.00
20111214	2.74	2.74	2.67	2.68	2273758	6501894.00
20111215	2.67	2.67	2.55	2.56	4859519	13365461.00
20111216	2.58	2.64	2.56	2.64	3138013	8614544.00
20111219	2.64	2.64	2.56	2.62	2103998	5777808.00
20111220	2.62	2.64	2.60	2.62	1978042	5489896.00
20111221	2.63	2.70	2.60	2.61	4902393	13783196.00
20111222	2.62	2.89	2.55	2.73	13739734	39168292.00
20111223	2.72	2.78	2.65	2.72	13703815	39192648.00
20111226	2.70	2.71	2.65	2.67	4589400	12972880.00
20111227	2.66	2.66	2.58	2.59	3251345	9020671.00
20111228	2.59	2.60	2.45	2.52	5691995	15138810.00
20111229	2.51	2.54	2.47	2.51	3017727	8039944.00
20111230	2.52	2.56	2.52	2.55	2103438	5671810.00
20120104	2.58	2.61	2.53	2.53	2622519	7116350.00
20120105	2.52	2.55	2.47	2.48	2351278	6244504.00
20120106	2.48	2.49	2.42	2.49	2965680	7715272.00
20120109	2.50	2.58	2.48	2.57	4322939	11604262.00
20120110	2.58	2.68	2.57	2.67	6807399	18968352.00
20120111	2.69	2.69	2.61	2.64	5478577	15308963.00
20120112	2.63	2.69	2.60	2.63	3837142	10772534.00
20120113	2.64	2.65	2.57	2.58	3261460	8960172.00
20120116	2.57	2.60	2.54	2.56	2459251	6674574.00
20120117	2.56	2.69	2.50	2.68	7400265	20599342.00
20120118	2.68	2.72	2.61	2.61	5615328	15815541.00
20120119	2.63	2.68	2.61	2.66	3290301	9226678.00
20120120	2.66	2.70	2.65	2.69	3812409	10777154.00
20120130	2.70	2.71	2.66	2.68	3348959	9500522.00
20120131	2.69	2.69	2.65	2.68	2535062	7136172.00
20120201	2.68	2.71	2.66	2.68	2902506	8231070.00
20120202	2.67	2.70	2.66	2.70	2716332	7694928.00
20120203	2.70	2.73	2.68	2.72	6426949	18361216.00
20120206	2.71	2.73	2.69	2.71	3481712	9932581.00
20120207	2.70	2.70	2.64	2.66	3812544	10719099.00
20120208	2.64	2.71	2.64	2.71	3869549	10966252.00
20120209	2.71	2.73	2.69	2.71	6065015	17367212.00
20120210	2.71	2.75	2.69	2.72	5461659	15706263.00
20120213	2.71	2.78	2.70	2.75	7571083	21979878.00
20120214	2.75	2.75	2.71	2.74	4229812	12170038.00
20120215	2.72	2.79	2.71	2.78	7171619	20913916.00
20120216	2.77	2.91	2.77	2.84	17321228	52064904.00
20120217	2.85	2.88	2.80	2.88	8489906	25412912.00
20120220	2.93	2.94	2.86	2.87	6466992	19653056.00
20120221	2.85	2.89	2.80	2.86	6285445	18828974.00
20120222	2.87	2.90	2.85	2.89	5478184	16555591.00
20120223	2.91	2.96	2.89	2.94	12963221	39888008.00
20120224	2.92	3.01	2.91	2.98	10888466	33783760.00
20120227	2.99	3.02	2.95	2.98	22221805	69707760.00
20120228	2.97	2.97	2.91	2.94	9988056	30758484.00
20120229	2.94	2.94	2.88	2.89	7170328	21947876.00
20120301	2.86	2.91	2.86	2.90	3663502	11141549.00
20120302	2.91	2.94	2.89	2.94	5386073	16542831.00
20120305	2.95	2.96	2.92	2.92	6083235	18786012.00
20120306	2.94	2.95	2.87	2.88	6162940	18721542.00
20120307	2.86	2.89	2.84	2.87	5078863	15314234.00
20120308	2.86	2.90	2.86	2.89	4324790	13120694.00
20120309	2.89	2.91	2.86	2.91	6030665	18316902.00
20120312	2.91	2.96	2.90	2.95	8693356	26850338.00
20120313	2.95	2.95	2.92	2.95	5370480	16553613.00
20120314	2.96	2.97	2.75	2.82	11779839	35934560.00
20120315	2.82	2.85	2.75	2.82	8637124	25558172.00
20120316	2.82	2.84	2.79	2.84	4507613	13403768.00
20120319	2.84	2.93	2.81	2.91	7435782	22392008.00
20120320	2.90	2.91	2.84	2.84	5158366	15572301.00
20120321	2.86	2.88	2.84	2.86	3935861	11853524.00
20120322	2.86	2.89	2.85	2.86	3431738	10377889.00
20120323	2.85	2.86	2.80	2.81	3308636	9816559.00
20120326	2.81	2.83	2.77	2.79	2929379	8608513.00
20120327	2.80	2.83	2.79	2.81	2660796	7876434.00
20120328	2.81	2.81	2.74	2.75	5025510	14647391.00
20120329	2.75	2.75	2.69	2.70	4706483	13472743.00
20120330	2.70	2.74	2.70	2.71	2208760	6330873.00
20120405	2.72	2.81	2.72	2.79	3191621	9358615.00
20120406	2.79	2.81	2.78	2.79	3131865	9221184.00
20120409	2.80	2.81	2.76	2.77	2463011	7229410.00
20120410	2.80	2.80	2.74	2.80	2002844	5848510.00
20120411	2.78	2.81	2.75	2.80	2869521	8429353.00
20120412	2.80	2.84	2.78	2.84	4366190	12953648.00
20120413	2.85	2.86	2.83	2.85	4707957	14108318.00
20120416	2.83	2.94	2.83	2.89	6329271	19341328.00
20120417	2.90	2.91	2.86	2.87	3909662	11853550.00
20120418	2.87	2.92	2.85	2.92	5207135	15859849.00
20120419	2.91	2.93	2.89	2.90	3463877	10576316.00
20120420	2.90	2.92	2.88	2.92	4371682	13348455.00
20120423	2.92	2.93	2.88	2.89	5358734	16388035.00
20120424	2.89	2.90	2.83	2.89	7423016	22374146.00
20120425	2.88	2.91	2.86	2.90	5857731	17808706.00
20120426	2.91	2.96	2.90	2.94	12183298	37639960.00
20120427	2.92	2.93	2.88	2.89	6836110	20800788.00
20120502	2.94	2.94	2.89	2.93	9360388	28728384.00
20120503	2.92	2.93	2.88	2.90	4193895	12801264.00
20120504	2.90	2.93	2.89	2.91	4320808	13223787.00
20120507	2.89	2.90	2.87	2.90	4482607	13604985.00
20120508	2.89	2.90	2.86	2.88	4132284	12499839.00
20120509	2.87	2.87	2.79	2.80	6637199	19737508.00
20120510	2.80	2.83	2.79	2.81	3808902	11279861.00
20120511	2.81	2.82	2.78	2.81	4567375	13460885.00
20120514	2.85	2.87	2.79	2.81	6476240	19261924.00
20120515	2.82	2.87	2.80	2.84	8590600	25678050.00
20120516	2.84	2.99	2.79	2.89	21946121	66822000.00
20120518	3.19	3.19	3.12	3.19	52399929	174831920.00
20120521	3.30	3.42	2.97	3.07	75976340	254156048.00
20120522	3.00	3.10	3.00	3.03	29244655	93000944.00
20120523	3.02	3.02	2.92	2.99	23720331	73525576.00
20120524	2.96	3.08	2.94	3.00	25982293	82341560.00
20120525	2.95	2.98	2.91	2.92	17501575	53843984.00
20120528	2.90	3.09	2.89	3.04	26223798	82370176.00
20120529	3.02	3.03	2.95	3.00	19723963	61859584.00
20120530	2.99	3.08	2.97	3.00	14275813	45236960.00
20120531	2.98	2.98	2.92	2.94	15317183	47410884.00
20120601	2.94	3.04	2.92	2.95	12794716	39928544.00
20120604	2.91	2.91	2.83	2.85	18953336	57123644.00
20120605	2.85	2.87	2.82	2.83	6937173	20698960.00
20120606	2.83	2.85	2.80	2.81	6427968	19091024.00
20120607	2.82	2.86	2.78	2.79	6410425	19023304.00
20120608	2.81	2.83	2.77	2.77	4463322	13147348.00
20120611	2.79	2.82	2.78	2.81	3907751	11522533.00
20120612	2.81	2.81	2.79	2.80	3143279	9273106.00
20120613	2.81	2.85	2.80	2.85	4084656	12160728.00
20120614	2.85	2.85	2.82	2.82	3508242	10479595.00
20120615	2.85	2.86	2.80	2.81	3048254	8878666.00
20120618	2.82	2.84	2.81	2.82	3342115	9741985.00
20120619	2.83	2.83	2.80	2.81	2473518	7174727.00
20120620	2.81	2.82	2.79	2.81	2956272	8562483.00
20120621	2.81	2.82	2.76	2.77	3215070	9223920.00
20120625	2.77	2.77	2.68	2.69	4303849	12115500.00
20120626	2.69	2.70	2.66	2.70	3206583	8890996.00
20120627	2.70	2.71	2.68	2.68	3210300	8951408.00
20120628	2.69	2.70	2.61	2.61	5166043	14152825.00
20120629	2.61	2.69	2.58	2.67	6018246	16347594.00
20120702	2.66	2.67	2.64	2.66	3859298	10595655.00
20120703	2.65	2.68	2.64	2.65	4455348	12250739.00
20120704	2.66	2.67	2.62	2.65	4191051	11455475.00
20120705	2.64	2.64	2.58	2.59	3395347	9145430.00
20120706	2.61	2.63	2.57	2.63	4657494	12509427.00
20120709	2.61	2.62	2.54	2.55	4618550	12358875.00
20120710	2.55	2.55	2.52	2.55	2760438	7245715.00
20120711	2.55	2.57	2.53	2.57	2867005	7592959.00
20120712	2.57	2.60	2.53	2.58	4439553	11801481.00
20120713	2.57	2.60	2.56	2.57	2987587	7980240.00
20120716	2.57	2.58	2.49	2.50	4202200	10959117.00
20120717	2.50	2.53	2.48	2.51	3432640	8914805.00
20120718	2.51	2.53	2.49	2.52	3935860	10227866.00
20120719	2.53	2.62	2.52	2.56	8954692	23869952.00
20120720	2.56	2.58	2.55	2.57	3206935	8508619.00
20120723	2.57	2.57	2.53	2.55	2101297	5545342.00
20120724	2.54	2.60	2.53	2.59	3722955	9902251.00
20120725	2.58	2.63	2.57	2.58	4506700	12140747.00
20120726	2.58	2.60	2.56	2.56	2060352	5483762.00
20120727	2.56	2.59	2.51	2.54	2321992	6127955.00
20120730	2.53	2.60	2.51	2.57	4607107	12223769.00
20120731	2.57	2.61	2.53	2.59	4029366	10743456.00
20120801	2.59	2.65	2.57	2.62	6240327	16892412.00
20120802	2.63	2.66	2.61	2.64	4703095	12830340.00
20120803	2.64	2.67	2.62	2.66	4314852	11821458.00
20120806	2.67	2.70	2.65	2.69	5538229	15305983.00
20120807	2.70	2.70	2.66	2.68	4232302	11709452.00
20120808	2.68	2.68	2.64	2.67	5658363	15566182.00
20120809	2.67	2.68	2.62	2.67	5440731	14900861.00
20120810	2.67	2.68	2.65	2.66	3380419	9305232.00
20120813	2.67	2.67	2.62	2.62	2527452	6900988.00
20120814	2.63	2.65	2.61	2.65	2877318	7821333.00
20120815	2.64	2.65	2.62	2.63	2962246	8081025.00
20120816	2.62	2.64	2.61	2.62	1130527	3068393.00
20120817	2.62	2.63	2.59	2.61	2093618	5658802.00
20120820	2.61	2.62	2.57	2.59	2343717	6272247.00
20120821	2.60	2.63	2.58	2.62	2086859	5634455.00
20120822	2.62	2.62	2.59	2.62	1887409	5092002.00
20120823	2.62	2.63	2.60	2.63	2317742	6275130.00
20120824	2.62	2.62	2.57	2.58	2058062	5522860.00
20120827	2.58	2.58	2.53	2.54	2387478	6295493.00
20120828	2.53	2.58	2.53	2.56	3043225	8029769.00
20120829	2.57	2.59	2.53	2.55	1982607	5250885.00
20120830	2.55	2.57	2.53	2.54	1875142	4945235.00
20120831	2.54	2.80	2.54	2.68	11289528	31222030.00
20120903	2.68	2.69	2.64	2.68	4949171	13676182.00
20120904	2.68	2.68	2.63	2.64	2800636	7674890.00
20120905	2.63	2.64	2.58	2.61	2754374	7403188.00
20120906	2.61	2.64	2.59	2.63	2796759	7572769.00
20120907	2.66	2.75	2.64	2.70	8751459	24447000.00
20120910	2.71	2.72	2.68	2.71	4732789	13215692.00
20120911	2.70	2.70	2.66	2.67	3421838	9454367.00
20120912	2.68	2.72	2.68	2.71	5294697	14772293.00
20120913	2.71	2.76	2.70	2.72	6963697	19669128.00
20120914	2.73	2.74	2.68	2.72	3873120	10841651.00
20120917	2.71	2.72	2.63	2.64	3390063	9353960.00
20120918	2.64	2.66	2.60	2.60	2140771	5811409.00
20120919	2.61	2.63	2.60	2.61	1400798	3790373.00
20120920	2.62	2.63	2.58	2.59	2666180	7161470.00
20120921	2.60	2.61	2.58	2.59	2349083	6305808.00
20120924	2.59	2.59	2.52	2.56	2545777	6725068.00
20120925	2.56	2.61	2.54	2.60	2695642	7180160.00
20120926	2.60	2.60	2.54	2.55	1505688	3982339.00
20120927	2.53	2.61	2.53	2.59	3125148	8336312.00
20120928	2.59	2.61	2.57	2.60	3115368	8355820.00
20121008	2.61	2.61	2.59	2.59	2537188	6827878.00
20121009	2.59	2.64	2.59	2.64	3466799	9425458.00
20121010	2.63	2.69	2.63	2.68	3962648	10923280.00
20121011	2.68	2.68	2.64	2.64	2372483	6514003.00
20121012	2.65	2.68	2.64	2.65	2578949	7082319.00
20121015	2.65	2.67	2.64	2.64	1951274	5336035.00
20121016	2.64	2.66	2.63	2.64	1511242	4136442.00
20121017	2.63	2.66	2.60	2.64	3673562	9990151.00
20121018	2.64	2.70	2.64	2.68	5173268	14320094.00
20121019	2.67	2.69	2.65	2.67	3532859	9743195.00
20121022	2.66	2.70	2.66	2.69	3900543	10812673.00
20121023	2.73	2.73	2.69	2.69	4884400	13640277.00
20121024	2.69	2.76	2.67	2.76	10637278	30006784.00
20121025	2.76	2.88	2.76	2.79	18691740	54246956.00
20121026	2.77	2.79	2.69	2.73	10269615	28849156.00
20121029	2.74	2.75	2.71	2.72	4904581	13838018.00
20121030	2.73	2.74	2.70	2.71	3405937	9559021.00
20121031	2.71	2.72	2.68	2.70	3501751	9772036.00
20121101	2.70	2.75	2.69	2.74	5108506	14398356.00
20121102	2.75	2.76	2.71	2.75	4566298	12893688.00
20121105	2.75	2.75	2.71	2.73	4118951	11620093.00
20121106	2.74	2.74	2.68	2.72	3846672	10744678.00
20121107	2.72	2.74	2.69	2.71	1979067	5542192.00
20121108	2.70	2.70	2.63	2.64	9605946	26362920.00
20121109	2.62	2.65	2.62	2.64	2376189	6483374.00
20121112	2.64	2.67	2.64	2.66	1884045	5180628.00
20121113	2.68	2.68	2.64	2.65	1998903	5475207.00
20121114	2.65	2.66	2.64	2.65	2153589	5890670.00
20121115	2.64	2.65	2.62	2.63	2798596	7622224.00
20121116	2.63	2.63	2.58	2.59	2399400	6446737.00
20121119	2.59	2.61	2.58	2.60	1570135	4208004.00
20121120	2.60	2.61	2.58	2.60	1934768	5185683.00
20121121	2.63	2.73	2.62	2.68	6603933	18238960.00
20121122	2.63	2.66	2.60	2.65	3204381	8716049.00
20121123	2.63	2.67	2.63	2.64	2679350	7354554.00
20121126	2.64	2.67	2.63	2.63	1183031	3234555.00
20121127	2.64	2.65	2.58	2.59	2378391	6402747.00
20121128	2.59	2.59	2.56	2.57	2140388	5688369.00
20121129	2.59	2.60	2.55	2.57	2379000	6340812.00
20121130	2.57	2.60	2.56	2.59	1928799	5148031.00
20121203	2.59	2.68	2.57	2.62	4789456	13007901.00
20121204	2.59	2.63	2.58	2.63	3067957	8260390.00
20121205	2.63	2.70	2.60	2.68	6963314	19227282.00
20121206	2.66	2.73	2.66	2.68	6368749	17783624.00
20121207	2.70	2.71	2.65	2.70	5612959	15607322.00
20121210	2.71	2.72	2.69	2.71	4849050	13551352.00
20121211	2.71	2.71	2.68	2.68	3377700	9410988.00
20121212	2.68	2.69	2.66	2.68	2550172	7051366.00
20121213	2.68	2.69	2.67	2.67	2989654	8279926.00
20121214	2.67	2.76	2.67	2.76	10761796	30360594.00
20121217	2.76	2.81	2.73	2.75	10425966	29777744.00
20121218	2.74	2.78	2.73	2.74	7600286	21598080.00
20121219	2.75	2.77	2.72	2.74	6450607	18247336.00
20121220	2.74	2.74	2.70	2.73	4810509	13504458.00
20121221	2.72	2.76	2.70	2.71	5760559	16235213.00
20121224	2.71	2.74	2.71	2.72	2731996	7685014.00
20121225	2.73	2.78	2.71	2.77	8830216	25173248.00
20121226	2.77	2.80	2.74	2.79	8466830	24209288.00
20121227	2.78	2.80	2.76	2.77	7984548	22927914.00
20121228	2.77	2.79	2.76	2.78	5110177	14619602.00
20121231	2.77	2.83	2.77	2.80	11330175	32799812.00
20130104	2.80	2.83	2.77	2.78	7735684	22311816.00
20130107	2.78	2.79	2.76	2.79	5465418	15652529.00
20130108	2.78	2.78	2.75	2.76	9117099	26032102.00
20130109	2.77	2.78	2.75	2.77	9320269	26622930.00
20130110	2.76	2.81	2.75	2.80	10873092	31239600.00
20130111	2.79	2.80	2.72	2.72	8717936	24816096.00
20130114	2.71	2.80	2.71	2.78	12256297	34982020.00
20130115	2.78	2.84	2.78	2.82	13959491	40478696.00
20130116	2.82	2.83	2.77	2.79	9625328	27786932.00
20130117	2.80	2.86	2.78	2.81	14536168	42309568.00
20130118	2.82	2.84	2.79	2.84	10430934	30361668.00
20130121	2.84	2.87	2.79	2.87	19701191	57621676.00
20130122	2.86	2.93	2.82	2.89	21298735	63305216.00
20130123	2.87	2.90	2.81	2.84	13254025	38923876.00
20130124	2.83	2.87	2.76	2.79	12899088	37483584.00
20130125	2.78	2.80	2.76	2.78	6630700	19023638.00
20130128	2.78	2.83	2.78	2.82	9298494	26952500.00
20130129	2.83	2.84	2.81	2.82	9162125	26652554.00
20130130	2.81	2.88	2.81	2.86	19691931	57779496.00
20130131	2.85	2.88	2.84	2.85	11565625	34077656.00
20130201	2.84	2.85	2.82	2.84	9823687	28762052.00
20130204	2.85	2.87	2.84	2.85	9262994	27256316.00
20130205	2.86	2.90	2.85	2.90	14603685	43392848.00
20130206	2.90	2.91	2.86	2.88	8143737	24197808.00
20130207	2.87	2.89	2.85	2.87	6973853	20639468.00
20130208	2.88	2.90	2.87	2.89	5886661	17546374.00
20130218	2.90	2.91	2.89	2.89	8783685	26275524.00
20130219	2.89	2.90	2.84	2.85	9392451	27731272.00
20130220	2.85	2.88	2.84	2.87	6648924	19615988.00
20130221	2.86	2.86	2.80	2.81	10568963	30788308.00
20130222	2.81	2.82	2.79	2.79	4671349	13515804.00
20130225	2.79	2.82	2.79	2.81	5560360	16112858.00
20130226	2.79	2.81	2.75	2.76	10056030	28865152.00
20130227	2.75	2.79	2.75	2.77	4086859	11680031.00
20130228	2.78	2.81	2.76	2.81	6519115	18738980.00
20130301	2.80	2.81	2.76	2.79	7902091	22663948.00
20130304	2.77	2.77	2.68	2.71	11189148	31572960.00
20130305	2.70	2.74	2.70	2.74	5511504	15509746.00
20130306	2.75	2.79	2.73	2.78	7228383	20629824.00
20130307	2.78	2.80	2.75	2.76	6470407	18523638.00
20130308	2.76	2.77	2.74	2.76	3568028	10146912.00
20130311	2.76	2.77	2.74	2.75	2665170	7577010.00
20130312	2.74	2.76	2.69	2.70	5722768	16073032.00
20130313	2.71	2.72	2.68	2.71	3316274	9245441.00
20130314	2.71	2.72	2.69	2.70	2117169	5911234.00
20130315	2.70	2.75	2.68	2.72	4959385	13905049.00
20130318	2.71	2.71	2.68	2.70	3179400	8868464.00
20130319	2.68	2.71	2.66	2.71	4028377	11172183.00
20130320	2.71	2.75	2.69	2.75	6692724	18827896.00
20130321	2.75	2.75	2.72	2.73	6787326	19170360.00
20130322	2.73	2.78	2.72	2.78	10721013	30546768.00
20130325	2.79	2.79	2.75	2.76	5638995	16093323.00
20130326	2.76	2.81	2.73	2.80	9133817	26089898.00
20130327	2.80	2.81	2.77	2.79	4680108	13473098.00
20130328	2.79	2.79	2.71	2.74	5234160	14836895.00
20130329	2.74	2.75	2.72	2.73	2614287	7383346.00
20130401	2.72	2.73	2.70	2.71	3546599	9946923.00
20130402	2.71	2.73	2.70	2.71	3122832	8759897.00
20130403	2.71	2.74	2.70	2.72	4813364	13545561.00
20130408	2.71	2.71	2.67	2.69	3688175	10238233.00
20130409	2.69	2.73	2.69	2.71	3986503	11172709.00
20130410	2.71	2.72	2.69	2.71	2575657	7186362.00
20130411	2.71	2.72	2.69	2.70	2151994	6008652.00
20130412	2.70	2.72	2.68	2.69	2601646	7232050.00
20130415	2.68	2.69	2.63	2.65	4150895	11386585.00
20130416	2.64	2.69	2.62	2.68	3578300	9850753.00
20130417	2.68	2.69	2.64	2.66	3495160	9654345.00
20130418	2.67	2.68	2.65	2.65	2389861	6585865.00
20130419	2.66	2.70	2.65	2.70	4277996	11887549.00
20130422	2.68	2.71	2.67	2.71	3315961	9227249.00
20130423	2.71	2.71	2.64	2.65	3848337	10603898.00
20130424	2.64	2.70	2.64	2.68	3922275	10842439.00
20130425	2.68	2.69	2.65	2.66	3631212	10013508.00
20130426	2.67	2.69	2.65	2.65	3195478	8799939.00
20130502	2.64	2.67	2.63	2.63	3461330	9444753.00
20130503	2.64	2.67	2.64	2.66	1744300	4797154.00
20130506	2.66	2.68	2.65	2.68	2900276	8002205.00
20130507	2.68	2.68	2.66	2.68	2787894	7682803.00
20130508	2.67	2.70	2.67	2.68	2641836	7313679.00
20130509	2.68	2.68	2.65	2.67	3025424	8320400.00
20130510	2.66	2.67	2.64	2.67	2874818	7892419.00
20130513	2.66	2.67	2.64	2.66	3616032	9924753.00
20130514	2.66	2.66	2.63	2.64	2819418	7691893.00
20130515	2.64	2.65	2.62	2.64	3134491	8540648.00
20130516	2.63	2.65	2.62	2.65	2686212	7337430.00
20130517	2.64	2.67	2.64	2.67	5287556	14512786.00
20130520	2.67	2.69	2.65	2.68	5161233	14258695.00
20130521	2.68	2.68	2.66	2.68	4047962	11185008.00
20130522	2.68	2.69	2.66	2.69	5342324	14778772.00
20130523	2.68	2.68	2.66	2.66	4729335	13043631.00
20130524	2.66	2.67	2.64	2.65	4172430	11443981.00
20130527	2.65	2.67	2.63	2.67	5398766	14782197.00
20130528	2.66	2.68	2.64	2.67	5294198	14557247.00
20130529	2.67	2.69	2.66	2.67	7558576	20905578.00
20130530	2.68	2.68	2.65	2.66	5648442	15548081.00
20130531	2.66	2.67	2.65	2.66	5384346	14801238.00
20130603	2.66	2.67	2.65	2.66	5284051	14514691.00
20130604	2.65	2.66	2.59	2.61	8263546	22434484.00
20130605	2.61	2.62	2.59	2.61	3801684	10220453.00
20130606	2.61	2.61	2.57	2.58	3293281	8816183.00
20130607	2.58	2.59	2.53	2.55	4563925	12085432.00
20130613	2.53	2.54	2.48	2.50	5242851	13568332.00
20130614	2.51	2.52	2.50	2.51	2942903	7649745.00
20130617	2.51	2.53	2.49	2.52	3044445	7923208.00
20130618	2.52	2.54	2.51	2.54	3612376	9430805.00
20130619	2.53	2.54	2.48	2.53	3286810	8537133.00
20130620	2.52	2.52	2.47	2.48	2137200	5525131.00
20130621	2.47	2.48	2.44	2.46	2635153	6710250.00
20130624	2.46	2.46	2.30	2.31	4336158	10643556.00
20130625	2.31	2.31	2.09	2.24	6657336	15404482.00
20130626	2.24	2.24	2.17	2.21	5380958	12307218.00
20130627	2.21	2.23	2.16	2.19	5849940	13454907.00
20130628	2.18	2.22	2.17	2.19	5088583	11631306.00
20130701	2.20	2.22	2.18	2.22	6326621	14509957.00
20130702	2.21	2.21	2.17	2.20	4227498	9642392.00
20130703	2.20	2.20	2.14	2.16	3574701	8055347.00
20130704	2.16	2.19	2.13	2.18	3936442	8884782.00
20130705	2.18	2.20	2.17	2.19	3941566	8971367.00
20130708	2.18	2.18	2.10	2.11	4541500	10074956.00
20130709	2.11	2.12	2.07	2.10	4044388	8837008.00
20130710	2.09	2.15	2.09	2.14	5141065	11367159.00
20130711	2.15	2.23	2.13	2.20	11661940	26576868.00
20130712	2.20	2.21	2.16	2.16	7540800	17196040.00
20130715	2.16	2.19	2.16	2.19	3178607	7215779.00
20130716	2.19	2.23	2.18	2.23	7594528	17433588.00
20130717	2.22	2.23	2.20	2.21	5885022	13568588.00
20130718	2.22	2.22	2.18	2.18	2980032	6819150.00
20130719	2.18	2.20	2.14	2.14	2817230	6371027.00
20130722	2.14	2.15	2.11	2.13	3806068	8422230.00
20130723	2.13	2.19	2.12	2.18	6329269	14291881.00
20130724	2.18	2.18	2.13	2.15	3672072	8244844.00
20130725	2.15	2.17	2.14	2.15	4998172	11225415.00
20130726	2.15	2.17	2.13	2.15	4599471	10273472.00
20130729	2.13	2.14	2.10	2.11	5088232	11222128.00
20130730	2.10	2.13	2.10	2.11	3286340	7255572.00
20130731	2.12	2.14	2.12	2.14	4524793	10048608.00
20130801	2.14	2.16	2.12	2.16	6827752	15269984.00
20130802	2.15	2.17	2.15	2.16	6452263	14529286.00
20130805	2.16	2.21	2.15	2.20	9426710	21451652.00
20130806	2.20	2.23	2.18	2.22	10300396	23695560.00
20130807	2.23	2.23	2.20	2.21	6337607	14605256.00
20130808	2.20	2.23	2.19	2.22	6265650	14463543.00
20130809	2.22	2.23	2.20	2.21	3879239	8933404.00
20130812	2.21	2.29	2.19	2.27	15234420	35383416.00
20130813	2.25	2.28	2.24	2.27	14104664	33194952.00
20130814	2.27	2.32	2.27	2.31	18677318	44736560.00
20130815	2.30	2.31	2.27	2.29	7273463	17286214.00
20130816	2.28	2.32	2.25	2.26	11335092	26873148.00
20130819	2.25	2.28	2.23	2.27	6792204	15926519.00
20130820	2.24	2.29	2.24	2.27	4903675	11583011.00
20130821	2.26	2.28	2.25	2.27	4213469	9912986.00
20130822	2.27	2.29	2.26	2.28	5970948	14110487.00
20130823	2.29	2.30	2.24	2.26	7107290	16806700.00
20130826	2.26	2.34	2.25	2.33	13632487	32605148.00
20130827	2.33	2.43	2.31	2.40	21890293	54376892.00
20130828	2.39	2.47	2.35	2.44	23612739	59385768.00
20130829	2.45	2.63	2.39	2.54	39991409	104506544.00
20130830	2.54	2.80	2.51	2.80	92051704	261174864.00
20130902	2.83	2.83	2.51	2.51	64053649	170314304.00
20130903	2.45	2.50	2.41	2.47	23563145	59840492.00
20130904	2.47	2.60	2.45	2.53	27774072	72966768.00
20130905	2.51	2.51	2.43	2.45	17731860	45170904.00
20130906	2.43	2.50	2.42	2.48	14362991	36858108.00
20130909	2.49	2.65	2.45	2.58	32792829	87240248.00
20130910	2.57	2.85	2.53	2.85	88321157	256723680.00
20130911	3.01	3.02	2.81	2.83	97731741	292812544.00
20130912	2.75	2.83	2.70	2.78	30093906	85838392.00
20130913	2.76	2.78	2.68	2.70	23382025	65701752.00
20130916	2.71	2.80	2.70	2.74	22222814	63174228.00
20130917	2.72	2.75	2.64	2.65	17005001	47206076.00
20130918	2.66	2.69	2.62	2.66	9888721	27072824.00
20130923	2.66	2.70	2.65	2.69	9577662	26468988.00
20130924	2.67	2.70	2.61	2.67	14525009	39841780.00
20130925	2.67	2.68	2.61	2.62	14435647	39318976.00
20130926	2.61	2.62	2.46	2.47	17197245	44874092.00
20130927	2.49	2.50	2.44	2.47	7438225	19016000.00
20130930	2.48	2.50	2.47	2.49	4891224	12599298.00
20131008	2.49	2.66	2.47	2.66	17989963	48555564.00
20131009	2.66	2.81	2.61	2.78	33821917	96317920.00
20131010	2.80	2.89	2.67	2.69	26270088	74783968.00
20131011	2.73	2.78	2.69	2.73	12306058	34632700.00
20131014	2.73	2.77	2.72	2.74	13809681	39101904.00
20131015	2.73	2.79	2.67	2.76	20873985	59003160.00
20131016	2.74	2.75	2.66	2.68	12259861	34134628.00
20131017	2.69	2.71	2.65	2.66	7521241	20851890.00
20131018	2.67	2.68	2.64	2.65	6341121	17414644.00
20131021	2.64	2.68	2.63	2.66	6811122	18689144.00
20131022	2.66	2.70	2.66	2.68	8231595	22781128.00
20131023	2.67	2.68	2.61	2.62	9006512	24608184.00
20131024	2.61	2.62	2.57	2.61	7233820	19450252.00
20131025	2.61	2.61	2.54	2.55	7300107	19369776.00
20131028	2.57	2.58	2.52	2.55	4214108	11074637.00
20131029	2.55	2.56	2.44	2.49	7511634	19452160.00
20131030	2.49	2.59	2.48	2.59	7754687	20332968.00
20131031	2.57	2.60	2.55	2.56	5253021	13957760.00
20131101	2.55	2.55	2.51	2.53	4973163	13019982.00
20131104	2.53	2.54	2.51	2.53	4040009	10569838.00
20131105	2.53	2.56	2.50	2.56	4264341	11150465.00
20131106	2.54	2.56	2.52	2.53	4650134	12227798.00
20131107	2.52	2.52	2.48	2.49	4738280	12249763.00
20131108	2.49	2.54	2.47	2.49	5998226	15569068.00
20131111	2.49	2.49	2.45	2.48	4594766	11756299.00
20131112	2.48	2.50	2.47	2.48	3208960	8262988.00
20131113	2.48	2.51	2.46	2.47	4623639	11891849.00
20131114	2.48	2.48	2.44	2.47	4084555	10401690.00
20131115	2.46	2.55	2.45	2.51	8845963	23041314.00
20131118	2.53	2.56	2.50	2.55	7620617	19962800.00
20131119	2.55	2.61	2.54	2.59	10113823	27025976.00
20131120	2.58	2.63	2.56	2.62	9905838	26571348.00
20131121	2.60	2.74	2.58	2.66	20254849	55984012.00
20131122	2.65	2.66	2.58	2.61	9806955	26557028.00
20131125	2.62	2.79	2.59	2.73	32798455	92362632.00
20131126	2.72	2.80	2.68	2.70	21493373	60680940.00
20131127	2.70	2.72	2.64	2.67	12489756	34521728.00
20131128	2.67	2.75	2.66	2.71	17255429	48184700.00
20131129	2.69	2.71	2.67	2.70	10545274	29340536.00
20131202	2.67	2.69	2.57	2.58	15774005	42754396.00
20131203	2.58	2.64	2.57	2.62	7396987	19994440.00
20131204	2.61	2.81	2.60	2.73	27773835	78428264.00
20131205	2.73	2.75	2.66	2.71	16870867	47158064.00
20131206	2.70	2.76	2.69	2.76	20961814	59153352.00
20131209	2.76	2.78	2.73	2.76	16297804	46281240.00
20131210	2.76	2.77	2.70	2.71	12127420	34181248.00
20131211	2.71	2.71	2.64	2.65	9328738	25756056.00
20131212	2.65	2.68	2.64	2.66	5755454	15833207.00
20131213	2.66	2.71	2.64	2.68	8663642	24028448.00
20131216	2.72	2.80	2.67	2.68	15229522	42954332.00
20131217	2.67	2.68	2.61	2.62	9938260	26996094.00
20131218	2.62	2.63	2.58	2.61	3648560	9847699.00
20131219	2.62	2.64	2.55	2.56	6942465	18573442.00
20131220	2.56	2.58	2.51	2.53	6194244	16242074.00
20131223	2.53	2.55	2.49	2.51	4294514	11176930.00
20131224	2.52	2.57	2.51	2.52	5299489	13947907.00
20131225	2.52	2.54	2.50	2.51	6355899	16567150.00
20131226	2.52	2.53	2.40	2.42	14112077	35959984.00
20131227	2.44	2.46	2.41	2.45	10956453	27633976.00
20131230	2.46	2.49	2.44	2.45	7532965	19208860.00
20131231	2.45	2.46	2.42	2.45	9293976	23490618.00
20140102	2.45	2.47	2.43	2.46	4920831	12485834.00
20140103	2.46	2.46	2.42	2.43	4851414	12217138.00
20140106	2.42	2.42	2.34	2.34	8070299	19782456.00
20140107	2.35	2.39	2.31	2.36	4693529	11462622.00
20140108	2.36	2.38	2.32	2.34	4615390	11227416.00
20140109	2.33	2.34	2.30	2.31	4696306	11337456.00
20140110	2.31	2.31	2.25	2.25	5384700	12705885.00
20140113	2.26	2.27	2.23	2.25	3807082	8906621.00
20140114	2.25	2.29	2.23	2.29	4523715	10632203.00
20140115	2.28	2.30	2.26	2.28	3678800	8709437.00
20140116	2.28	2.31	2.25	2.28	4783141	11330565.00
20140117	2.28	2.29	2.24	2.28	3852711	9085444.00
20140120	2.28	2.31	2.26	2.31	3717132	8852191.00
20140121	2.30	2.34	2.30	2.33	3743440	9050655.00
20140122	2.33	2.38	2.33	2.38	5409795	13265981.00
20140123	2.38	2.39	2.35	2.36	3886937	9535427.00
20140124	2.36	2.40	2.35	2.38	5868804	14485497.00
20140127	2.37	2.40	2.35	2.37	5676087	14022823.00
20140128	2.37	2.41	2.37	2.40	3911652	9713272.00
20140129	2.40	2.43	2.40	2.41	3411707	8552370.00
20140130	2.41	2.42	2.39	2.40	2527854	6308795.00
20140207	2.39	2.41	2.36	2.41	3642325	9020467.00
20140210	2.41	2.46	2.39	2.45	4674817	11827805.00
20140211	2.45	2.46	2.43	2.46	5879925	14915476.00
20140212	2.46	2.48	2.42	2.46	8134481	20665086.00
20140213	2.44	2.45	2.40	2.42	6896866	17349788.00
20140214	2.42	2.44	2.41	2.43	6671706	16767567.00
20140217	2.43	2.43	2.41	2.43	8368911	20987456.00
20140218	2.43	2.43	2.38	2.40	7700216	19181428.00
20140219	2.40	2.41	2.37	2.41	11709155	29014164.00
20140220	2.40	2.45	2.40	2.42	14122214	35516984.00
20140221	2.42	2.42	2.34	2.36	11456559	28204888.00
20140224	2.36	2.36	2.29	2.31	8186679	19615522.00
20140225	2.29	2.34	2.26	2.27	8913030	21239244.00
20140226	2.25	2.28	2.16	2.25	16621326	38590636.00
20140227	2.23	2.25	2.21	2.22	9084828	21115528.00
20140228	2.22	2.26	2.22	2.26	5503616	12838745.00
20140303	2.27	2.29	2.25	2.29	5544834	13108591.00
20140304	2.28	2.29	2.26	2.28	5027138	11866323.00
20140305	2.29	2.29	2.26	2.28	4198936	9910216.00
20140306	2.29	2.34	2.29	2.33	11126918	26807212.00
20140307	2.31	2.32	2.28	2.30	5102437	12182532.00
20140310	2.29	2.29	2.22	2.22	5083934	11872846.00
20140311	2.20	2.24	2.19	2.21	4249588	9814694.00
20140312	2.21	2.24	2.21	2.24	3582462	8283517.00
20140313	2.24	2.26	2.22	2.26	3736221	8719412.00
20140314	2.24	2.26	2.22	2.24	2916142	6797332.00
20140317	2.23	2.26	2.23	2.26	3317428	7757123.00
20140318	2.26	2.27	2.23	2.25	6404144	14999312.00
20140319	2.25	2.29	2.23	2.28	6326807	14887218.00
20140320	2.27	2.36	2.27	2.29	13367219	32278040.00
20140321	2.28	2.34	2.27	2.33	9841830	23634556.00
20140324	2.32	2.43	2.32	2.40	18004994	44660540.00
20140325	2.41	2.46	2.37	2.40	17545209	44024232.00
20140326	2.39	2.41	2.36	2.37	7445725	18365018.00
20140327	2.37	2.40	2.31	2.37	10961053	26843266.00
20140328	2.36	2.44	2.35	2.40	13157222	32737308.00
20140331	2.40	2.43	2.35	2.37	8145933	20137382.00
20140401	2.37	2.42	2.34	2.40	9988940	24766658.00
20140402	2.39	2.41	2.37	2.40	6301837	15621460.00
20140403	2.41	2.43	2.37	2.38	7485990	18592612.00
20140404	2.37	2.39	2.35	2.38	4573092	11259285.00
20140408	2.36	2.40	2.36	2.40	8211595	20305132.00
20140409	2.39	2.40	2.37	2.39	4831475	11965862.00
20140410	2.39	2.42	2.38	2.42	12904819	32193654.00
20140411	2.41	2.46	2.39	2.45	21604640	54581732.00
20140414	2.44	2.51	2.43	2.51	26356823	67993920.00
20140415	2.51	2.51	2.44	2.47	16228114	41597644.00
20140416	2.47	2.49	2.43	2.45	7723701	19678112.00
20140417	2.46	2.51	2.41	2.48	13658719	34802692.00
20140418	2.46	2.50	2.43	2.49	12555045	32224930.00
20140421	2.47	2.47	2.39	2.40	10966826	27737856.00
20140422	2.40	2.58	2.39	2.48	19800714	51146044.00
20140423	2.45	2.52	2.43	2.48	12720923	32633976.00
20140424	2.48	2.48	2.41	2.41	9465481	23907184.00
20140425	2.42	2.53	2.42	2.47	23333869	60146176.00
20140428	2.46	2.52	2.41	2.43	16054008	40790872.00
20140429	2.41	2.45	2.24	2.33	23037242	55547380.00
20140430	2.31	2.46	2.29	2.41	17467760	43353040.00
20140505	2.40	2.53	2.38	2.49	29674880	76252968.00
20140506	2.49	2.56	2.45	2.50	22174142	57475736.00
20140507	2.48	2.50	2.43	2.43	11493197	29305772.00
20140508	2.43	2.49	2.42	2.47	10555335	26960534.00
20140509	2.46	2.46	2.39	2.41	10460245	26198990.00
20140512	2.41	2.49	2.41	2.49	13969302	35577736.00
20140513	2.48	2.51	2.45	2.50	12784508	32772770.00
20140514	2.50	2.56	2.47	2.53	28630924	74894648.00
20140515	2.52	2.55	2.45	2.47	17378165	45047168.00
20140516	2.46	2.71	2.41	2.62	41458192	110234192.00
20140519	2.61	2.62	2.53	2.57	18775762	49182312.00
20140520	2.56	2.57	2.50	2.53	12762902	32910768.00
20140521	2.52	2.55	2.49	2.55	8215166	21123668.00
20140522	2.54	2.59	2.50	2.54	16285076	42111756.00
20140523	2.53	2.53	2.49	2.51	10196261	26053848.00
20140526	2.51	2.52	2.49	2.50	7922977	20197552.00
20140527	2.50	2.50	2.46	2.47	8173977	20647654.00
20140528	2.47	2.48	2.43	2.47	9841105	24622590.00
20140529	2.46	2.47	2.43	2.44	7003208	17504392.00
20140530	2.44	2.45	2.42	2.44	6760764	16828460.00
20140603	2.44	2.46	2.43	2.45	3448677	8611022.00
20140604	2.45	2.45	2.40	2.41	4881262	12036709.00
20140605	2.40	2.45	2.40	2.44	5930830	14661569.00
20140606	2.43	2.44	2.38	2.41	6733844	16564283.00
20140609	2.39	2.42	2.38	2.41	3200343	7858567.00
20140610	2.41	2.49	2.41	2.47	13846633	34742432.00
20140611	2.46	2.47	2.44	2.45	6168498	15427288.00
20140612	2.45	2.54	2.45	2.48	14483374	36892124.00
20140613	2.47	2.57	2.44	2.50	17417713	44419396.00
20140616	2.50	2.51	2.48	2.50	7991251	20310444.00
20140617	2.49	2.49	2.46	2.46	5126266	12930407.00
20140618	2.47	2.51	2.45	2.47	7067555	17869390.00
20140619	2.47	2.48	2.37	2.39	9060827	22409566.00
20140620	2.40	2.42	2.38	2.41	3997696	9784549.00
20140623	2.41	2.44	2.39	2.42	5598622	13788093.00
20140624	2.42	2.54	2.41	2.50	20742917	52815708.00
20140625	2.48	2.50	2.46	2.47	11324037	28617568.00
20140626	2.48	2.50	2.48	2.49	7288353	18484590.00
20140627	2.48	2.55	2.47	2.54	21305712	54929264.00
20140630	2.56	2.58	2.52	2.54	16335954	42450348.00
20140701	2.53	2.72	2.51	2.60	37057068	98436800.00
20140702	2.61	2.87	2.56	2.87	96575967	270165280.00
20140703	2.95	3.16	2.88	3.16	230259571	725396352.00
20140704	3.05	3.05	2.84	2.86	151538597	444680608.00
20140707	2.80	2.81	2.70	2.77	67903856	190737072.00
20140708	2.76	2.77	2.70	2.76	39100472	108967832.00
20140709	2.75	2.81	2.71	2.73	42224895	118363584.00
20140710	2.70	2.74	2.67	2.69	30942048	85142368.00
20140711	2.70	2.76	2.70	2.75	28293032	78809360.00
20140714	2.75	2.76	2.72	2.76	22515170	62868748.00
20140715	2.75	2.75	2.71	2.73	21510665	59703828.00
20140716	2.72	2.79	2.70	2.78	32786099	91801816.00
20140717	2.76	2.76	2.71	2.74	15611246	43441828.00
20140718	2.72	2.74	2.70	2.72	13895429	38521212.00
20140721	2.72	2.72	2.64	2.65	22977739	62451968.00
20140722	2.64	2.68	2.63	2.67	17012844	46094252.00
20140723	2.66	2.76	2.64	2.71	35957247	99155792.00
20140724	2.68	2.71	2.66	2.69	21774941	59561696.00
20140725	2.70	2.72	2.68	2.71	15407726	42379840.00
20140728	2.72	2.77	2.71	2.76	31799451	88930648.00
20140729	2.76	2.79	2.74	2.77	28986234	81674896.00
20140730	2.76	2.79	2.74	2.76	22232181	62502748.00
20140731	2.76	2.78	2.75	2.78	20342174	57347760.00
20140801	2.77	2.79	2.73	2.74	22516479	63378032.00
20140804	2.74	2.77	2.73	2.77	16105040	45238236.00
20140805	2.78	2.91	2.76	2.87	72364505	209534192.00
20140806	2.85	2.85	2.80	2.83	36642666	105419384.00
20140807	2.83	2.85	2.78	2.79	25610385	73187352.00
20140808	2.79	2.81	2.77	2.80	15070890	42761188.00
20140811	2.79	2.84	2.79	2.83	17801192	51144784.00
20140812	2.83	2.85	2.80	2.85	16883192	48497080.00
20140813	2.85	2.85	2.79	2.83	15599690	44742516.00
20140814	2.82	2.85	2.79	2.80	22052422	63382648.00
20140815	2.80	2.84	2.79	2.83	16994122	48817032.00
20140818	2.89	2.91	2.86	2.89	38424275	112660736.00
20140819	2.87	2.88	2.84	2.87	24017090	69905088.00
20140820	2.88	3.00	2.86	2.92	49855608	149324064.00
20140821	2.91	2.94	2.86	2.93	36433898	107480464.00
20140822	2.92	3.14	2.90	3.08	85632179	265025808.00
20140825	3.04	3.11	3.02	3.04	52040322	161565392.00
20140826	3.03	3.10	2.95	2.99	45072909	138474896.00
20140827	2.97	2.99	2.92	2.94	24272263	72771448.00
20140828	2.93	2.95	2.87	2.88	19243866	56678192.00
20140829	2.88	2.90	2.85	2.90	15081636	44087280.00
20140901	2.90	3.00	2.88	2.96	21793570	65232368.00
20140902	2.97	3.25	2.97	3.16	97335319	309286400.00
20140903	3.20	3.26	3.07	3.10	74475043	238696128.00
20140904	3.11	3.20	3.09	3.19	50270447	160940256.00
20140905	3.20	3.43	3.13	3.32	104911937	352608480.00
20140909	3.32	3.47	3.26	3.40	89911670	310293376.00
20140910	3.36	3.45	3.26	3.41	69908100	237239968.00
20140911	3.37	3.70	3.33	3.48	95821810	341806656.00
20140912	3.45	3.58	3.40	3.50	57630344	203019872.00
20140915	3.51	3.59	3.45	3.49	63013717	224004320.00
20140916	3.49	3.49	3.30	3.32	64985403	223509632.00
20140917	3.30	3.49	3.22	3.48	81783043	280666784.00
20140918	3.47	3.65	3.40	3.49	78289757	279033792.00
20140919	3.45	3.47	3.38	3.43	41389127	143475600.00
20140922	3.39	3.50	3.37	3.44	43234105	150661504.00
20140923	3.42	3.47	3.39	3.44	28334191	98593056.00
20140924	3.43	3.46	3.39	3.45	33760402	117308256.00
20140925	3.45	3.69	3.42	3.54	95299894	343769728.00
20140926	3.51	3.59	3.48	3.51	44266725	158241392.00
20140929	3.52	3.59	3.51	3.53	35711768	128299832.00
20140930	3.54	3.59	3.50	3.54	33464484	119873800.00
20141008	3.57	3.63	3.53	3.59	48279862	174991424.00
20141009	3.59	3.61	3.52	3.57	40263961	145444960.00
20141010	3.55	3.57	3.51	3.52	33259025	119069336.00
20141013	3.51	3.53	3.42	3.48	34067658	119964336.00
20141014	3.46	3.52	3.45	3.48	24396033	86026224.00
20141015	3.48	3.48	3.41	3.46	22130002	77369376.00
20141016	3.43	3.47	3.38	3.38	26406685	91840760.00
20141017	3.37	3.38	3.23	3.30	33539677	112481112.00
20141020	3.30	3.42	3.30	3.41	33833610	116032112.00
20141021	3.40	3.44	3.35	3.35	17391206	59811364.00
20141022	3.35	3.39	3.30	3.31	16409601	55703512.00
20141023	3.31	3.36	3.22	3.35	25893573	86630584.00
20141024	3.33	3.38	3.30	3.34	15841863	53672676.00
20141027	3.34	3.39	3.31	3.35	14481851	49254124.00
20141028	3.38	3.43	3.38	3.42	25339130	87465904.00
20141029	3.42	3.58	3.40	3.54	81046414	288409472.00
20141030	3.52	3.90	3.50	3.90	250858191	978393280.00
20141031	3.93	4.00	3.79	3.90	209350182	827169728.00
20141103	3.93	4.29	3.90	4.27	181129801	757930048.00
20141104	4.24	4.55	4.12	4.14	221585788	964363392.00
20141105	4.18	4.31	3.97	4.13	151615602	637897408.00
20141106	4.03	4.16	3.99	4.08	94435244	388181248.00
20141107	4.12	4.14	4.01	4.07	83990429	345832608.00
20141110	4.10	4.43	4.06	4.40	180931805	780709760.00
20141111	4.37	4.37	4.05	4.07	166262308	700447232.00
20141112	4.02	4.08	3.93	4.07	84053633	341139712.00
20141113	4.05	4.05	3.94	3.98	61656251	247994608.00
20141114	3.95	3.95	3.85	3.89	45576264	179361328.00
20141117	3.89	4.04	3.87	3.98	51429434	206857728.00
20141118	4.00	4.12	3.99	4.05	63437670	259869760.00
20141119	4.06	4.19	3.98	4.08	85193958	354442080.00
20141120	4.02	4.07	3.98	4.02	46165436	187461456.00
20141121	4.00	4.06	3.99	4.04	40476785	165147232.00
20141124	4.10	4.12	4.02	4.08	64899868	267768128.00
20141125	4.08	4.25	4.07	4.20	96395314	405593632.00
20141126	4.20	4.22	4.08	4.14	66684094	279195424.00
20141127	4.16	4.16	4.06	4.11	58946691	244541760.00
20141128	4.10	4.19	4.07	4.14	73837489	309025376.00
20141201	4.15	4.17	4.06	4.08	60416033	251351920.00
20141202	4.08	4.15	4.06	4.12	64304094	266811104.00
20141203	4.11	4.19	4.07	4.14	96764478	403394592.00
20141204	4.13	4.25	4.10	4.24	124480609	528452384.00
20141205	4.22	4.23	3.96	4.09	107584350	447598784.00
20141208	4.13	4.40	4.13	4.39	169046301	736391104.00
20141209	4.39	4.83	4.27	4.38	239513892	1116529024.00
20141210	4.40	4.82	4.35	4.82	181697227	847382976.00
20141211	4.85	5.18	4.80	4.92	213589718	1073207168.00
20141212	4.92	4.94	4.65	4.74	124670537	596935680.00
20141215	4.75	4.78	4.49	4.65	86876514	404167328.00
20141216	4.63	4.74	4.53	4.71	75439333	354304416.00
20141217	4.69	4.82	4.59	4.73	86756343	412848000.00
20141218	4.70	4.77	4.61	4.69	64281068	304131712.00
20141219	4.68	5.01	4.68	4.90	150649471	741140224.00
20141222	4.97	5.00	4.55	4.57	116819625	557712256.00
20141223	4.56	4.69	4.46	4.61	64854573	300195040.00
20141224	4.61	4.69	4.55	4.62	48280689	224923520.00
20141225	4.62	4.79	4.62	4.77	67092289	321045760.00
20141226	4.80	4.95	4.69	4.86	88304472	430536544.00
20141229	4.85	4.89	4.70	4.76	67933491	328920576.00
20141230	4.75	4.75	4.55	4.57	50942403	237631376.00
20141231	4.56	4.63	4.52	4.60	33565171	155777152.00
20150105	4.61	4.74	4.61	4.73	57897271	274564352.00
20150106	4.70	4.89	4.66	4.76	73551154	356125120.00
20150107	4.76	4.77	4.67	4.72	41610034	197648368.00
20150108	4.71	4.89	4.58	4.70	99647225	479287968.00
20150109	4.65	4.83	4.61	4.71	83750237	402705824.00
20150112	4.63	4.73	4.50	4.58	51829732	240714560.00
20150113	4.58	4.67	4.54	4.57	32973567	153066704.00
20150114	4.61	4.66	4.46	4.50	36749511	169268384.00
20150115	4.50	4.60	4.41	4.59	39221700	179067984.00
20150116	4.55	4.62	4.54	4.59	33307100	154194960.00
20150119	4.35	4.45	4.13	4.14	79378956	343581312.00
20150120	4.18	4.30	4.12	4.30	50321025	216170832.00
20150121	4.30	4.42	4.26	4.42	46734169	205663664.00
20150122	4.42	4.53	4.37	4.47	46880000	211186880.00
20150123	4.47	4.56	4.42	4.47	44560703	202434976.00
20150126	4.46	4.53	4.42	4.50	33837322	152879248.00
20150127	4.49	4.96	4.35	4.96	129783951	625322112.00
20150128	5.15	5.45	5.08	5.20	371643648	1971663872.00
20150129	4.98	5.11	4.96	4.99	144155707	733202752.00
20150130	5.03	5.08	4.80	4.82	101169270	503237984.00
20150202	4.71	4.94	4.70	4.80	73966220	361656224.00
20150203	4.80	4.87	4.73	4.85	60468740	292667808.00
20150204	4.84	4.95	4.76	4.78	67163716	329561568.00
20150205	4.84	4.88	4.70	4.72	62426225	300065504.00
20150206	4.74	4.75	4.44	4.49	60686612	279935360.00
20150209	4.45	4.50	4.37	4.45	33885786	152255472.00
20150210	4.49	4.53	4.45	4.52	30256524	137606304.00
20150211	4.53	4.56	4.48	4.54	27302015	124791128.00
20150212	4.53	4.66	4.51	4.63	42416543	196424080.00
20150213	4.63	4.73	4.62	4.66	43119510	203793664.00
20150216	4.68	4.71	4.64	4.70	32760492	154608224.00
20150217	4.71	4.79	4.68	4.77	42708751	204411104.00
20150225	4.80	5.01	4.77	4.88	81198397	401260800.00
20150226	4.92	5.01	4.83	4.98	92045637	458532768.00
20150227	5.01	5.33	4.93	5.13	137108997	707696576.00
20150302	5.13	5.13	5.01	5.09	81407417	416736800.00
20150303	5.06	5.43	4.97	5.15	186433955	980721536.00
20150304	5.10	5.21	5.07	5.12	73457663	380084736.00
20150305	5.12	5.13	4.97	5.02	69229584	351478560.00
20150306	5.01	5.10	4.98	4.99	43970438	223274528.00
20150309	5.05	5.09	4.98	5.08	54423596	276878592.00
20150310	5.08	5.16	5.04	5.11	58898575	303766144.00
20150311	5.09	5.11	4.99	5.01	53476605	272061120.00
20150312	5.01	5.04	4.97	5.02	46070637	232648256.00
20150313	5.02	5.10	5.01	5.08	54457645	277903040.00
20150316	5.10	5.17	5.07	5.17	81415692	421781504.00
20150317	5.17	5.40	5.13	5.34	175137555	931846016.00
20150318	5.32	5.72	5.28	5.55	205093658	1134415616.00
20150319	5.50	5.67	5.42	5.52	153445536	855040000.00
20150320	5.52	5.60	5.46	5.56	110473555	616900672.00
20150323	5.59	5.73	5.59	5.72	147012022	840606912.00
20150324	5.66	6.10	5.41	5.90	245287717	1407645312.00
20150325	5.85	6.05	5.77	5.93	192926472	1160132608.00
20150326	5.92	5.92	5.70	5.73	114578427	669404288.00
20150327	5.72	5.79	5.65	5.73	65203298	375693536.00
20150330	5.78	5.99	5.77	5.88	132316691	787144768.00
20150331	6.03	6.19	5.88	5.92	153219877	926862016.00
20150401	5.88	5.95	5.85	5.92	91635920	544924224.00
20150402	5.95	5.96	5.85	5.92	75107782	446823424.00
20150403	5.88	6.02	5.83	5.97	109290164	654260096.00
20150407	5.96	6.03	5.95	6.03	135397050	817805824.00
20150408	6.03	6.03	5.75	5.86	131617085	782501056.00
20150409	5.84	5.94	5.60	5.93	124607442	723154944.00
20150410	5.92	6.05	5.90	5.98	163545810	985478144.00
20150413	5.98	6.17	5.95	6.11	172533051	1053895872.00
20150414	6.11	6.49	6.04	6.45	224848730	1433287168.00
20150415	6.38	6.40	6.07	6.16	144115842	910007744.00
20150416	6.06	6.25	5.96	6.18	106033687	652871040.00
20150417	6.16	6.73	6.12	6.54	267181525	1736701440.00
20150420	6.47	6.90	6.32	6.58	262663316	1757503616.00
20150421	6.57	6.69	6.38	6.61	141709029	930909952.00
20150422	6.61	6.82	6.57	6.76	158351751	1073691392.00
20150423	6.78	7.05	6.70	6.98	183079350	1275556608.00
20150424	6.85	6.98	6.66	6.83	145029201	997825408.00
20150427	6.85	7.03	6.75	6.93	143676847	1000382272.00
20150428	6.93	6.98	6.50	6.56	142704253	962299008.00
20150429	6.54	6.88	6.41	6.73	101687924	681627776.00
20150430	6.65	6.79	6.55	6.57	79766117	534907680.00
20150504	6.58	6.73	6.56	6.67	73862987	494856224.00
20150505	6.67	6.67	6.22	6.28	82592273	539163584.00
20150506	6.30	6.40	5.80	5.92	83953430	521012256.00
20150507	5.90	5.90	5.45	5.53	86788833	495988992.00
20150508	5.56	5.76	5.55	5.75	70989111	406036032.00
20150511	5.83	6.04	5.75	6.04	73098162	435517568.00
20150512	6.09	6.21	5.97	6.16	89503645	549875456.00
20150513	6.15	6.34	6.06	6.17	84875291	528912064.00
20150514	6.10	6.17	6.01	6.06	56323436	344110880.00
20150515	6.05	6.05	5.77	5.82	62116551	367994144.00
20150518	5.80	5.98	5.70	5.84	49134063	290891808.00
20150519	5.84	6.07	5.82	6.07	74560507	451051744.00
20150520	6.07	6.20	6.02	6.14	101480252	626594688.00
20150521	6.13	6.40	6.07	6.39	126426425	800996352.00
20150522	6.44	6.50	6.26	6.45	140004528	901040960.00
20150525	6.45	7.10	6.40	7.10	305560005	2128667648.00
20150526	7.19	7.35	6.85	7.19	317696715	2277852416.00
20150527	7.19	7.84	7.19	7.56	253277187	1933356416.00
20150528	7.56	7.62	6.80	6.83	221666475	1621572480.00
20150529	6.76	7.12	6.24	7.05	179052971	1226491008.00
20150601	7.24	7.76	7.01	7.76	198960249	1477011328.00
20150602	8.25	8.45	7.91	8.09	302198513	2474944512.00
20150603	8.08	8.08	7.59	7.79	155821656	1214608640.00
20150604	7.74	7.77	7.11	7.66	131794884	989743424.00
20150605	7.68	8.05	7.68	7.85	160791075	1262318720.00
20150608	7.86	8.64	7.68	8.53	297887149	2430649856.00
20150609	8.38	8.76	8.17	8.56	242119023	2060729088.00
20150610	8.39	8.93	8.29	8.66	181478491	1573775232.00
20150611	8.68	9.08	8.56	9.07	194200990	1712358528.00
20150612	9.18	9.98	8.97	9.98	228138209	2192473600.00
20150615	10.39	10.61	9.97	10.06	332822360	3410105088.00
20150616	9.99	10.34	9.39	9.87	197113747	1955315712.00
20150617	9.72	10.86	9.65	10.77	258622465	2666164480.00
20150618	10.56	11.74	10.40	11.04	248154227	2760162304.00
20150619	10.66	11.23	9.94	9.97	172585485	1812418176.00
20150623	9.97	10.34	8.97	9.66	166235573	1590337792.00
20150624	9.69	10.24	9.68	10.12	158440551	1586820352.00
20150625	10.13	10.18	9.20	9.43	127238684	1247028096.00
20150626	8.89	9.06	8.49	8.49	95573537	830855040.00
20150629	8.85	8.87	7.64	7.64	157524631	1258845696.00
20150630	7.41	8.11	6.88	8.10	179200164	1332445824.00
20150701	8.10	8.77	7.79	8.00	169203720	1411787520.00
20150702	8.19	8.32	7.20	7.20	132775344	1010047296.00
20150703	6.89	7.35	6.48	6.48	114402962	762194624.00
20150706	7.11	7.11	5.83	6.38	170759930	1082664064.00
20150707	5.98	6.21	5.74	5.74	104471387	614047552.00
20150708	5.17	5.76	5.17	5.38	265100375	1442583040.00
20150709	5.31	5.92	5.31	5.92	84046078	484709216.00
20150710	6.40	6.51	6.07	6.51	38475575	247248064.00
20150713	7.16	7.16	6.94	7.16	85609088	610690752.00
20150714	7.39	7.88	7.19	7.88	124987790	969802112.00
20150715	7.97	7.99	7.09	7.09	118229221	881925184.00
20150716	6.87	7.58	6.38	7.16	102744822	731181312.00
20150717	7.19	7.87	7.16	7.76	92803845	700397120.00
20150720	7.77	8.23	7.59	7.96	92925432	741935168.00
20150721	7.93	8.74	7.64	8.56	119907469	998811136.00
20150722	8.49	8.68	8.03	8.40	106733043	894999744.00
20150723	8.57	8.79	8.44	8.64	100445068	869702016.00
20150724	8.60	8.93	8.25	8.40	119438115	1021690048.00
20150727	8.13	8.64	7.56	7.56	100167408	813380224.00
20150728	7.37	7.75	6.81	7.14	96759346	695987776.00
20150729	7.34	7.86	7.19	7.86	92660926	699744704.00
20150730	7.95	8.39	7.64	7.86	128740882	1046257600.00
20150731	7.75	8.00	7.19	7.53	72102737	558005824.00
20150803	7.53	7.53	6.78	6.88	78301502	551995456.00
20150804	6.91	7.49	6.91	7.46	74955893	545946176.00
20150805	7.46	7.63	7.11	7.31	66192270	490249984.00
20150806	7.14	7.62	7.04	7.39	52197093	386803136.00
20150807	7.51	7.98	7.40	7.89	101716037	790094208.00
20150810	7.99	8.54	7.98	8.33	124793384	1034542528.00
20150811	8.56	8.56	8.10	8.22	100021873	831622528.00
20150812	8.09	8.31	8.02	8.17	56865581	467075840.00
20150813	8.04	8.30	8.01	8.28	66312997	543202880.00
20150814	8.34	8.84	8.34	8.59	131692928	1136962688.00
20150817	8.59	9.44	8.50	9.37	157211269	1418894336.00
20150818	9.19	9.27	8.43	8.43	135865145	1198834176.00
20150819	8.06	8.71	7.70	8.57	94457614	773413824.00
20150820	8.39	8.73	8.16	8.25	83108729	700253952.00
20150821	8.08	8.33	7.76	7.81	74316655	599850624.00
20150824	7.29	7.48	7.03	7.03	55714984	395667104.00
20150825	6.34	6.79	6.33	6.33	62123287	399864832.00
20150826	6.49	6.65	5.74	6.07	80813003	506548576.00
20150827	6.24	6.46	5.82	6.38	55347337	346269024.00
20150828	6.49	6.96	6.45	6.88	69529355	464744960.00
20150831	6.85	7.14	6.57	6.74	67823132	465562112.00
20150901	6.59	6.60	6.09	6.13	49837088	313231776.00
20150902	5.99	6.39	5.81	6.13	59128955	363125696.00
20150907	6.16	6.51	5.74	5.92	86586596	525418400.00
20150908	5.87	6.12	5.60	6.08	58365623	346693856.00
20150909	6.10	6.43	5.95	6.18	140959198	869095680.00
20150910	6.03	6.10	5.94	5.96	62280271	375827616.00
20150911	5.99	6.14	5.94	6.07	63674897	386789728.00
20150914	6.10	6.14	5.46	5.69	72977340	416337120.00
20150915	5.55	5.67	5.14	5.18	48591865	263590848.00
20150916	5.14	5.68	5.07	5.57	68695885	370033280.00
20150917	5.53	5.68	5.27	5.28	64164118	353016480.00
20150918	5.34	5.57	5.21	5.39	44407059	239325952.00
20150921	5.33	5.66	5.22	5.57	70719210	392005216.00
20150922	5.55	5.63	5.47	5.55	45063137	251399552.00
20150923	5.44	5.60	5.39	5.45	32930082	181505216.00
20150924	5.55	5.76	5.51	5.62	63300203	357009728.00
20150925	5.54	5.60	5.29	5.33	40781802	222444928.00
20150928	5.47	5.86	5.35	5.64	88778040	504969184.00
20150929	5.45	5.53	5.29	5.37	44660454	240955520.00
20150930	5.42	5.49	5.31	5.37	25258705	136648464.00
20151008	5.48	5.71	5.45	5.59	62986792	351924000.00
20151009	5.60	5.76	5.49	5.63	70922394	399046720.00
20151012	5.69	6.05	5.69	5.92	101736512	601683328.00
20151013	6.01	6.51	5.99	6.51	117904394	750758592.00
20151014	6.74	7.08	6.51	6.72	166610047	1123210880.00
20151015	6.59	7.26	6.55	7.16	104728186	737700032.00
20151016	7.17	7.32	6.89	7.17	92679314	657436288.00
20151019	7.28	7.79	7.23	7.42	129777658	969013248.00
20151020	7.49	7.58	7.27	7.51	68323656	509986624.00
20151021	7.64	7.83	6.89	7.10	123619211	927015296.00
20151022	7.10	7.49	7.10	7.48	77117518	566145344.00
20151023	7.47	7.96	7.42	7.68	110989289	853962176.00
20151026	7.89	8.18	7.59	7.79	110168676	863354624.00
20151027	7.68	7.98	7.59	7.89	80341677	628449152.00
20151028	7.94	7.99	7.52	7.57	76256596	592064128.00
20151029	7.59	7.76	7.29	7.57	63408700	478429248.00
20151030	7.57	7.69	7.19	7.48	68610823	515947072.00
20151102	7.49	7.57	6.96	7.08	99287044	725399616.00
20151103	7.06	7.15	6.71	6.90	70062470	482927648.00
20151104	6.91	7.25	6.88	7.23	79578549	568777216.00
20151105	7.26	7.49	7.08	7.22	96844369	709471872.00
20151106	7.24	7.72	7.24	7.62	131837826	982590976.00
20151109	7.56	8.30	7.54	8.05	181336116	1458415616.00
20151110	8.03	8.23	7.59	7.68	111021099	890218816.00
20151111	7.83	8.07	7.74	8.01	89035936	709768320.00
20151112	8.01	8.24	7.99	8.08	95446726	775474112.00
20151113	8.08	8.08	7.70	7.81	65846568	521090624.00
20151116	7.59	8.04	7.51	8.03	69105244	546235904.00
20151117	8.12	8.20	7.87	7.94	93540832	754199296.00
20151118	7.90	8.03	7.77	7.83	46440643	365774304.00
20151119	7.82	8.06	7.82	8.00	62221237	496006880.00
20151120	8.04	8.72	8.04	8.49	186719507	1558006144.00
20151123	8.39	8.47	8.18	8.33	110296604	916585152.00
20151124	8.36	8.52	8.22	8.48	73900978	621119616.00
20151125	8.39	8.47	8.22	8.32	70139871	584615872.00
20151126	8.32	8.48	8.21	8.34	72856188	608825664.00
20151127	8.29	8.38	7.51	7.52	91645079	720243584.00
20151130	7.50	7.61	6.81	7.25	106973524	767167040.00
20151201	7.34	7.44	6.92	7.03	128094982	913598656.00
20151202	7.04	7.05	6.47	6.91	94982002	644053504.00
20151203	6.92	7.11	6.88	7.07	65163660	458728064.00
20151204	7.07	7.07	6.79	6.95	62982013	436139584.00
20151207	6.95	7.04	6.79	6.96	44892992	312213056.00
20151208	6.94	6.94	6.64	6.67	52476348	355036736.00
20151209	6.66	6.79	6.58	6.67	36542614	244830640.00
20151210	6.70	6.85	6.66	6.70	32649900	220841440.00
20151211	6.67	6.67	6.43	6.57	33163232	217457328.00
20151214	6.55	6.77	6.47	6.75	28939767	191856912.00
20151215	6.87	7.13	6.82	6.92	53477984	372830368.00
20151216	6.99	6.99	6.79	6.83	31623256	217214272.00
20151217	6.88	6.96	6.82	6.93	50773332	350941824.00
20151218	6.94	7.01	6.88	6.90	37900504	263058192.00
20151221	6.91	6.97	6.81	6.94	44070124	305075744.00
20151222	6.94	6.94	6.76	6.88	65016366	444972096.00
20151223	6.84	6.85	6.74	6.75	41970792	285353920.00
20151224	6.69	6.77	6.59	6.68	31301613	209038016.00
20151225	6.71	6.80	6.66	6.72	36482202	245932976.00
20151228	6.75	6.78	6.49	6.51	43438269	288094240.00
20151229	6.52	6.58	6.49	6.58	27163642	177875104.00
20151230	6.59	6.60	6.50	6.55	21982320	144108704.00
20151231	6.56	6.63	6.51	6.53	23224987	152975616.00
20160104	6.54	6.59	5.91	5.94	26932551	170338496.00
20160105	5.52	5.94	5.51	5.79	49115512	282668096.00
20160106	5.83	6.10	5.80	6.02	36404255	217501856.00
20160107	5.89	5.97	5.49	5.51	9136100	52189644.00
20160108	5.70	5.79	5.32	5.64	42971746	242304752.00
20160111	5.56	5.64	5.11	5.16	35363713	191454592.00
20160112	5.24	5.40	5.13	5.31	42161445	222716208.00
20160113	5.35	5.42	5.15	5.18	24299444	129061152.00
20160114	5.09	5.28	4.91	5.25	38448459	197344928.00
20160115	5.24	5.24	4.93	5.02	32900881	167444944.00
20160118	4.95	5.11	4.90	5.03	25180821	126875584.00
20160119	5.09	5.21	5.01	5.20	32890547	169162944.00
20160120	5.14	5.36	5.13	5.24	37568183	197315104.00
20160121	5.11	5.26	4.96	4.99	28812371	147291760.00
20160122	5.05	5.09	4.94	5.05	17171215	86350600.00
20160125	5.09	5.12	5.02	5.08	16051381	81689544.00
20160126	5.03	5.06	4.61	4.63	25823712	126011120.00
20160127	4.62	4.68	4.18	4.43	36111491	159323952.00
20160128	4.40	4.40	4.09	4.10	26243021	111067296.00
20160129	3.98	4.26	3.98	4.21	27457978	114535536.00
20160201	4.22	4.22	3.99	4.07	23082212	94575224.00
20160202	4.07	4.21	4.06	4.17	20226999	84223280.00
20160203	4.10	4.20	4.07	4.17	17964443	74261792.00
20160204	4.20	4.28	4.18	4.25	23031251	97835872.00
20160205	4.26	4.53	4.22	4.41	51116416	226461248.00
20160215	4.19	4.48	4.12	4.43	35809774	155316496.00
20160216	4.49	4.67	4.45	4.61	42189554	193470720.00
20160217	4.60	4.93	4.52	4.72	58634748	274229568.00
20160218	4.78	4.89	4.68	4.78	75556018	364128160.00
20160219	4.71	4.77	4.64	4.70	32491999	152910432.00
20160222	4.79	4.81	4.70	4.78	35275922	168389872.00
20160223	4.76	4.79	4.60	4.67	30227739	141732000.00
20160224	4.65	4.77	4.63	4.76	39962000	188777264.00
20160225	4.75	4.77	4.28	4.28	50998801	227654864.00
20160226	4.32	4.38	4.12	4.29	25751206	110426752.00
20160229	4.29	4.30	4.00	4.07	28885496	117696208.00
20160301	4.11	4.17	3.99	4.15	20993434	86243384.00
20160302	4.11	4.55	4.11	4.44	53781137	236097024.00
20160303	4.44	4.54	4.37	4.45	56618153	253660160.00
20160304	4.44	4.59	4.30	4.45	57866582	260578912.00
20160307	4.48	4.55	4.45	4.52	43688803	197212416.00
20160308	4.51	4.63	4.27	4.59	67567234	304548832.00
20160309	4.42	4.50	4.35	4.42	35862019	159104480.00
20160310	4.41	4.44	4.25	4.29	23755550	103704048.00
20160311	4.23	4.27	4.17	4.24	17826701	75460216.00
20160314	4.27	4.43	4.27	4.39	27646201	121434144.00
20160315	4.36	4.39	4.30	4.34	15502611	67565344.00
20160316	4.36	4.42	4.29	4.30	21493796	93847632.00
20160317	4.32	4.46	4.28	4.40	41265532	181207040.00
20160318	4.40	4.58	4.39	4.57	75942000	343117536.00
20160321	4.59	4.75	4.58	4.64	57091011	265418528.00
20160322	4.63	4.63	4.55	4.57	30239534	138956272.00
20160323	4.54	4.59	4.51	4.56	25464610	116033536.00
20160324	4.55	4.72	4.49	4.55	78370129	363975200.00
20160325	4.59	4.68	4.54	4.63	55069395	254924096.00
20160328	4.64	4.74	4.58	4.63	46009184	215219136.00
20160329	4.60	4.76	4.60	4.71	75355351	354440480.00
20160330	4.74	5.08	4.67	5.01	140325223	688489984.00
20160331	4.99	5.27	4.93	5.21	133866248	691884608.00
20160401	5.18	5.18	4.96	5.09	92424987	470505952.00
20160405	5.09	5.15	5.00	5.14	64884785	331511488.00
20160406	5.01	5.04	4.95	5.00	78977703	395237600.00
20160407	5.00	5.09	4.92	4.99	72404205	363753536.00
20160408	4.94	4.96	4.79	4.84	35809735	174900832.00
20160411	4.90	4.97	4.85	4.93	37068645	183216480.00
20160412	4.93	4.96	4.84	4.91	24209809	118680728.00
20160413	4.93	5.13	4.92	5.03	66068739	333566880.00
20160414	5.03	5.06	4.96	5.02	27595560	138350560.00
20160415	5.02	5.03	4.95	4.98	22104147	110501168.00
20160418	4.96	4.96	4.81	4.84	27950379	136306768.00
20160419	4.83	4.90	4.79	4.85	21833886	106124432.00
20160420	4.86	4.88	4.48	4.56	40752011	188972784.00
20160421	4.55	4.59	4.46	4.46	24095560	109272640.00
20160422	4.47	4.51	4.43	4.49	13458239	60421832.00
20160425	4.51	4.52	4.41	4.45	14533302	64827916.00
20160426	4.41	4.48	4.41	4.47	13913877	61955532.00
20160427	4.47	4.49	4.44	4.44	11285563	50429736.00
20160428	4.44	4.46	4.34	4.39	15815256	69687552.00
20160429	4.39	4.39	4.33	4.37	10194287	44558112.00
20160503	4.36	4.50	4.35	4.47	20565233	91712512.00
20160504	4.46	4.56	4.45	4.51	27838532	126167656.00
20160505	4.51	4.52	4.45	4.50	14414787	64840568.00
20160506	4.50	4.52	4.31	4.32	23624692	104142160.00
20160509	4.31	4.31	4.11	4.16	20437506	85802808.00
20160510	4.15	4.27	4.13	4.21	13801942	58003328.00
20160511	4.21	4.27	4.16	4.20	12125158	51251568.00
20160512	4.14	4.18	4.06	4.16	13665725	56517188.00
20160513	4.16	4.24	4.12	4.17	11806956	49588788.00
20160516	4.17	4.22	4.15	4.22	10516522	44200768.00
20160517	4.22	4.22	4.15	4.18	11737100	49207624.00
20160518	4.16	4.16	4.05	4.14	21186174	87145152.00
20160519	4.14	4.16	4.10	4.13	12902575	53476900.00
20160520	4.10	4.15	4.08	4.14	11880648	49076392.00
20160523	4.14	4.19	4.13	4.17	17125236	71535656.00
20160524	4.16	4.16	4.10	4.13	9971646	41198820.00
20160525	4.14	4.17	4.12	4.16	21637264	90047104.00
20160526	4.16	4.20	4.08	4.14	31060818	129166232.00
20160527	4.14	4.15	4.10	4.12	13410993	55452032.00
20160530	4.12	4.13	4.08	4.09	8514894	35038260.00
20160531	4.09	4.22	4.09	4.21	41376850	173483280.00
20160601	4.21	4.33	4.18	4.24	43456496	186064656.00
20160602	4.21	4.23	4.19	4.22	22621471	95405704.00
20160603	4.22	4.24	4.19	4.22	17551943	74079208.00
20160606	4.22	4.24	4.20	4.21	12467850	52669872.00
20160607	4.21	4.23	4.16	4.18	14421491	60471684.00
20160608	4.17	4.20	4.14	4.18	16208719	67739096.00
20160613	4.13	4.14	3.99	4.00	19896594	81431176.00
20160614	4.00	4.04	4.00	4.03	10847804	43691564.00
20160615	4.01	4.10	3.99	4.10	18021061	73462368.00
20160616	4.08	4.09	4.03	4.04	12127431	49307488.00
20160617	4.05	4.08	4.04	4.06	9621100	39170568.00
20160620	4.05	4.07	4.02	4.04	6887951	27889930.00
20160621	4.05	4.10	4.02	4.04	13290445	54181748.00
20160622	4.03	4.06	4.02	4.06	9771310	39586368.00
20160623	4.05	4.06	4.02	4.03	10258116	41462340.00
20160624	4.03	4.06	3.93	3.98	23046654	92530256.00
20160627	3.96	4.02	3.95	4.01	18962713	76052296.00
20160628	4.00	4.07	3.98	4.05	32358372	130602648.00
20160629	4.04	4.09	4.03	4.06	26008366	105848560.00
20160630	4.07	4.09	4.03	4.04	16395166	66606264.00
20160701	4.04	4.05	4.00	4.01	14696453	59320060.00
20160704	4.00	4.08	4.00	4.07	34145950	138866432.00
20160705	4.08	4.17	4.07	4.14	62719730	259550832.00
20160706	4.13	4.14	4.08	4.12	33446900	137628896.00
20160707	4.11	4.16	4.09	4.14	34719200	143648176.00
20160708	4.14	4.24	4.10	4.19	48289600	201474704.00
20160711	4.16	4.31	4.16	4.26	69478000	294721856.00
20160712	4.24	4.29	4.18	4.27	46250700	196747856.00
20160713	4.28	4.29	4.24	4.25	35670800	152381648.00
20160714	4.26	4.29	4.23	4.25	30278000	129252880.00
20160715	4.24	4.27	4.22	4.24	23525600	99921496.00
20160718	4.23	4.23	4.16	4.18	21527200	90539328.00
20160719	4.21	4.25	4.16	4.23	27543100	116126656.00
20160720	4.21	4.22	4.16	4.18	18393800	77172904.00
20160721	4.18	4.22	4.16	4.18	19382100	81515528.00
20160722	4.18	4.19	4.11	4.12	19810700	82488312.00
20160725	4.13	4.14	4.10	4.13	22426100	92684784.00
20160726	4.12	4.16	4.11	4.16	16052100	66642304.00
20160727	4.16	4.28	4.04	4.12	64207785	269819936.00
20160728	4.09	4.12	4.05	4.10	29679426	121570128.00
20160729	4.09	4.13	4.05	4.11	22091050	90505912.00
20160801	4.10	4.10	4.00	4.05	31145889	126324688.00
20160802	4.03	4.07	4.03	4.05	12280513	49855224.00
20160803	4.05	4.07	4.03	4.06	12752214	51824400.00
20160804	4.05	4.06	4.03	4.06	11166881	45288264.00
20160805	4.04	4.11	4.04	4.06	18285066	74673360.00
20160808	4.04	4.10	4.02	4.09	27156000	110767048.00
20160809	4.09	4.10	4.06	4.09	23251300	95094896.00
20160810	4.09	4.12	4.08	4.09	23079400	94865176.00
20160811	4.09	4.10	4.04	4.06	16853904	68794136.00
20160812	4.05	4.09	4.04	4.09	19466852	79340416.00
20160815	4.09	4.17	4.08	4.16	47613878	197407104.00
20160816	4.17	4.19	4.14	4.16	43935701	183570368.00
20160817	4.16	4.18	4.13	4.16	29824270	124176496.00
20160818	4.17	4.21	4.15	4.20	46793031	196072832.00
20160819	4.18	4.19	4.13	4.17	30824548	128469376.00
20160822	4.16	4.20	4.13	4.15	36492800	152523408.00
20160823	4.14	4.18	4.13	4.16	19002200	79167720.00
20160824	4.15	4.17	4.13	4.15	15103200	62833720.00
20160825	4.13	4.14	4.07	4.10	22572800	92750176.00
20160826	4.10	4.13	4.08	4.09	18075800	74357600.00
20160829	4.09	4.10	4.07	4.09	12602779	51597300.00
20160830	4.09	4.10	4.07	4.09	11359033	46516472.00
20160831	4.09	4.09	4.06	4.08	15358797	62729208.00
20160901	4.09	4.16	4.08	4.08	43317060	179189728.00
20160902	4.06	4.08	4.04	4.06	23072862	93921744.00
20160905	4.07	4.08	4.05	4.07	11336121	46221048.00
20160906	4.07	4.10	4.04	4.09	22226332	90788712.00
20160907	4.09	4.12	4.08	4.09	24222820	99530328.00
20160908	4.09	4.10	4.06	4.09	13425300	54857256.00
20160909	4.09	4.12	4.07	4.09	26993684	110906120.00
20160912	4.05	4.08	4.01	4.03	25529765	103507792.00
20160913	4.04	4.05	4.01	4.03	11064204	44691996.00
20160914	4.02	4.02	3.99	4.01	14771550	59315852.00
20160919	4.01	4.03	4.00	4.02	10495755	42226640.00
20160920	4.01	4.02	3.99	4.00	9185343	36873852.00
20160921	4.00	4.03	3.99	4.01	15858777	63875224.00
20160922	4.02	4.04	4.01	4.02	15373373	62023908.00
20160923	4.03	4.03	3.99	4.01	11840500	47555228.00
20160926	4.00	4.01	3.93	3.94	17433750	69474640.00
20160927	3.93	3.96	3.92	3.95	13797875	54481408.00
20160928	3.95	3.95	3.92	3.93	8963100	35361692.00
20160929	3.93	3.95	3.92	3.93	16779511	66187772.00
20160930	3.93	3.93	3.91	3.93	15135929	59481480.00
20161010	3.93	3.97	3.93	3.96	15316762	60717532.00
20161011	3.96	4.02	3.96	4.02	34540925	138326032.00
20161012	4.00	4.04	3.99	4.03	33742555	136021440.00
20161013	4.01	4.03	4.00	4.01	12541297	50406904.00
20161014	4.01	4.02	3.98	4.00	10943617	43818056.00
20161017	4.01	4.03	3.97	3.98	14129251	56659896.00
20161018	3.98	4.04	3.97	4.04	29042081	116815368.00
20161019	4.04	4.05	4.00	4.02	19513082	78748528.00
20161020	4.02	4.07	4.01	4.06	37844165	153476480.00
20161021	4.04	4.18	4.03	4.11	89225526	368138144.00
20161024	4.09	4.16	4.07	4.15	65120110	269211264.00
20161025	4.14	4.17	4.10	4.15	58480410	242780800.00
20161026	4.15	4.15	4.08	4.10	27096669	111541864.00
20161027	4.09	4.12	4.06	4.08	16497554	67526752.00
20161028	4.08	4.11	4.04	4.04	22731550	92744192.00
20161031	4.04	4.04	3.98	4.02	16758270	67365000.00
20161101	4.02	4.04	4.01	4.04	11278400	45500612.00
20161102	4.03	4.03	3.98	3.98	20280700	81333296.00
20161103	3.97	4.03	3.97	4.01	17513394	70319304.00
20161104	4.01	4.02	3.99	4.00	12080000	48466904.00
20161107	4.00	4.02	3.97	4.01	14399000	57701660.00
20161108	4.02	4.07	4.01	4.05	30888386	125110456.00
20161109	4.05	4.06	3.97	4.03	26391516	106343560.00
20161110	4.04	4.08	4.03	4.07	46043086	187434080.00
20161111	4.06	4.13	4.05	4.12	65219670	267799632.00
20161114	4.12	4.29	4.11	4.21	102088510	428564256.00
20161115	4.30	4.37	4.24	4.26	115628853	498455040.00
20161116	4.26	4.43	4.22	4.34	109977700	478188416.00
20161117	4.35	4.38	4.25	4.28	68377500	294395168.00
20161118	4.25	4.28	4.19	4.24	64290400	272705920.00
20161121	4.23	4.26	4.19	4.22	38588300	163671792.00
20161122	4.23	4.26	4.19	4.25	39507094	167410848.00
20161123	4.24	4.25	4.16	4.17	34497722	145556512.00
20161124	4.18	4.20	4.15	4.15	30993700	129681824.00
20161125	4.16	4.18	4.10	4.18	32652700	135358128.00
20161128	4.17	4.26	4.16	4.25	60153000	254732624.00
20161129	4.24	4.29	4.20	4.24	60056200	255668416.00
20161130	4.23	4.26	4.18	4.22	33685600	142337136.00
20161201	4.21	4.27	4.21	4.25	32652829	138693616.00
20161202	4.25	4.25	4.15	4.15	30943300	130280592.00
20161205	4.14	4.17	4.11	4.13	28707800	119380680.00
20161206	4.14	4.16	4.11	4.13	24215200	100334816.00
20161207	4.13	4.18	4.11	4.17	29008100	120674304.00
20161208	4.17	4.26	4.15	4.21	66670100	281710176.00
20161209	4.19	4.20	4.14	4.17	37086100	155052256.00
20161212	4.16	4.17	3.99	4.01	47691450	194179968.00
20161213	4.00	4.04	3.99	4.03	19815316	79695840.00
20161214	4.02	4.03	3.99	4.00	18187344	73138680.00
20161215	3.99	4.03	3.99	4.02	26511390	106713648.00
20161216	4.02	4.04	4.00	4.02	15960016	64364200.00
20161219	4.02	4.03	4.00	4.02	13828990	55645632.00
20161220	4.02	4.07	4.00	4.04	24313834	98380784.00
20161221	4.04	4.12	4.03	4.11	49241078	201486048.00
20161222	4.09	4.13	4.06	4.10	36606886	150538928.00
20161223	4.09	4.10	4.01	4.03	25666566	104108120.00
20161226	4.01	4.08	4.00	4.06	19427978	78458280.00
20161227	4.05	4.07	4.04	4.05	13602860	55226088.00
20161228	4.05	4.05	4.00	4.01	19444238	78323288.00
20161229	4.01	4.03	4.00	4.02	12628800	50870824.00
20161230	4.03	4.07	4.00	4.04	27475100	111459856.00
20170103	4.03	4.10	4.03	4.09	36979969	151121984.00
20170104	4.08	4.15	4.07	4.12	38452416	158649264.00
20170105	4.12	4.13	4.08	4.11	19975935	82158736.00
20170106	4.10	4.12	4.08	4.10	17509036	72012752.00
20170109	4.10	4.12	4.08	4.11	22762700	93503040.00
20170110	4.11	4.15	4.09	4.12	32396779	133799128.00
20170111	4.11	4.12	4.07	4.07	18112319	74307120.00
20170112	4.06	4.08	4.04	4.04	16271101	66196260.00
20170113	4.04	4.05	4.01	4.01	17300734	69838016.00
20170116	4.01	4.02	3.82	3.94	40638402	161110016.00
20170117	3.92	4.00	3.90	3.98	31139978	123361456.00
20170118	3.94	4.00	3.94	3.96	17872967	71192056.00
20170119	3.96	3.96	3.93	3.95	11479750	45441848.00
20170120	3.94	3.99	3.94	3.98	12021823	47911092.00
20170123	3.98	4.00	3.97	3.99	13232977	52882548.00
20170124	3.99	3.99	3.96	3.98	9636801	38406332.00
20170125	3.96	3.99	3.96	3.98	7167250	28557298.00
20170126	3.98	4.00	3.98	3.99	10812476	43217188.00
20170203	3.98	3.99	3.97	3.98	7359002	29371096.00
20170206	3.98	4.00	3.97	4.00	10863400	43433716.00
20170207	3.99	4.01	3.98	3.99	8749121	34995272.00
20170208	3.99	4.03	3.96	4.02	30807849	123713504.00
20170209	4.01	4.04	4.00	4.03	23186652	93497800.00
20170210	4.02	4.11	4.01	4.08	56040151	229119440.00
20170213	4.07	4.13	4.06	4.11	48177864	198120800.00
20170214	4.10	4.13	4.08	4.12	31504000	129671872.00
20170215	4.11	4.19	4.10	4.14	71023817	295039904.00
20170216	4.12	4.17	4.09	4.17	54121426	224855536.00
20170217	4.16	4.26	4.13	4.16	68191829	286332128.00
20170220	4.15	4.21	4.14	4.21	41964900	175985792.00
20170221	4.20	4.21	4.16	4.19	33055255	138573600.00
20170222	4.19	4.27	4.16	4.24	70452976	298328480.00
20170223	4.22	4.23	4.15	4.18	40667801	170702528.00
20170224	4.17	4.19	4.13	4.18	24328100	101404256.00
20170227	4.17	4.18	4.11	4.12	24421100	101295728.00
20170228	4.11	4.17	4.11	4.16	30154664	125398744.00
20170301	4.15	4.17	4.13	4.14	18549626	77148576.00
20170302	4.14	4.19	4.13	4.14	24058696	100310792.00
20170303	4.11	4.12	4.09	4.11	19898810	81840472.00
20170306	4.10	4.14	4.09	4.14	11969261	49458048.00
20170307	4.13	4.18	4.12	4.14	24893200	103480688.00
20170308	4.13	4.15	4.11	4.12	12944914	53496776.00
20170309	4.10	4.11	4.05	4.06	20362190	83205200.00
20170310	4.06	4.08	4.03	4.04	13395200	54447992.00
20170313	4.04	4.07	4.02	4.07	13285924	53877948.00
20170314	4.06	4.09	4.06	4.07	13744202	56147012.00
20170315	4.06	4.07	4.04	4.05	11726447	47637204.00
20170316	4.06	4.10	4.05	4.10	17658597	72377504.00
20170317	4.10	4.10	4.03	4.05	18072822	73717936.00
20170320	4.05	4.07	4.04	4.07	9706600	39418280.00
20170321	4.06	4.11	4.04	4.07	22095600	90189208.00
20170322	4.05	4.10	4.04	4.07	23834875	97348600.00
20170323	4.07	4.08	4.03	4.05	17981204	73124976.00
20170324	4.05	4.15	4.03	4.15	65712100	271424384.00
20170327	4.15	4.34	4.14	4.28	137582179	587463104.00
20170328	4.26	4.27	4.17	4.20	60379200	254438800.00
20170329	4.22	4.62	4.20	4.62	248263774	1107664768.00
20170330	4.61	4.92	4.49	4.54	332426216	1560117376.00
20170331	4.46	4.49	4.24	4.29	159860003	690990720.00
20170405	4.41	4.42	4.29	4.36	105932037	463099712.00
20170406	4.34	4.64	4.31	4.52	166888842	749516416.00
20170407	4.47	4.47	4.35	4.40	92893960	409953888.00
20170410	4.33	4.44	4.32	4.39	64709798	284266592.00
20170411	4.37	4.62	4.34	4.56	149090300	672521600.00
20170412	4.52	4.69	4.47	4.49	119587400	549647552.00
20170413	4.47	4.65	4.42	4.61	106008554	481870912.00
20170414	4.59	4.59	4.45	4.47	73955967	335630112.00
20170417	4.41	4.55	4.40	4.46	55208371	247598064.00
20170418	4.45	4.53	4.39	4.40	63008728	281164192.00
20170419	4.34	4.35	4.19	4.25	67930172	290058048.00
20170420	4.27	4.38	4.25	4.32	68543754	296782816.00
20170421	4.29	4.35	4.24	4.27	33843100	145471840.00
20170424	4.28	4.29	4.02	4.11	45409200	188755376.00
20170425	4.11	4.23	4.10	4.17	55419500	232106320.00
20170426	4.16	4.19	4.11	4.14	32633400	135755296.00
20170427	4.12	4.28	4.06	4.24	66798000	279697888.00
20170428	4.19	4.28	4.19	4.25	42552605	181205312.00
20170502	4.26	4.37	4.23	4.28	46057929	198971088.00
20170503	4.27	4.39	4.25	4.33	50252446	217590448.00
20170504	4.30	4.36	4.25	4.29	37089200	159976944.00
20170505	4.27	4.31	4.22	4.25	40147200	171701024.00
20170508	4.27	4.31	4.11	4.13	47924200	202612608.00
20170509	4.10	4.17	4.09	4.17	23854900	98828272.00
20170510	4.16	4.19	4.02	4.04	40287800	165766880.00
20170511	3.99	4.15	3.98	4.14	54386300	220418736.00
20170512	4.12	4.26	4.08	4.21	58447267	245308272.00
20170515	4.25	4.26	4.16	4.21	41479872	174658416.00
20170516	4.20	4.31	4.14	4.30	50692630	215469904.00
20170517	4.29	4.37	4.28	4.30	52052055	225499696.00
20170518	4.26	4.30	4.24	4.27	25200000	107870200.00
20170519	4.27	4.32	4.24	4.26	21986970	94218616.00
20170522	4.24	4.27	4.15	4.19	30630900	128944240.00
20170523	4.18	4.19	4.10	4.11	21086900	87547360.00
20170524	4.10	4.19	4.05	4.18	19594200	80979784.00
20170525	4.17	4.25	4.15	4.23	19605200	82546832.00
20170526	4.23	4.27	4.20	4.21	18730100	79460400.00
20170531	4.22	4.29	4.22	4.28	26425115	112937816.00
20170601	4.26	4.30	4.18	4.21	22847340	97322296.00
20170602	4.17	4.29	4.15	4.28	21921107	92692272.00
20170605	4.28	4.34	4.26	4.33	31615750	136341888.00
20170606	4.31	4.36	4.30	4.33	22412166	97235368.00
20170607	4.32	4.41	4.30	4.40	42612675	186715872.00
20170608	4.39	4.43	4.37	4.37	33753999	148637536.00
20170609	4.37	4.39	4.32	4.36	27887637	121533600.00
20170612	4.36	4.39	4.31	4.34	17519100	76306112.00
20170613	4.33	4.43	4.32	4.43	30254625	133280120.00
20170614	4.48	4.64	4.41	4.41	52174024	235373504.00
20170615	4.37	4.44	4.34	4.41	30207736	132468112.00
20170616	4.39	4.40	4.34	4.34	22547111	98427432.00
20170619	4.33	4.44	4.33	4.43	27082451	119396960.00
20170620	4.43	4.47	4.39	4.42	19346453	85653176.00
20170621	4.43	4.43	4.36	4.38	17190250	75352296.00
20170622	4.38	4.43	4.31	4.32	19715776	86353720.00
20170623	4.30	4.34	4.24	4.34	32828576	141093856.00
20170626	4.33	4.38	4.32	4.37	18241030	79427144.00
20170627	4.37	4.40	4.35	4.37	16952379	74109320.00
20170628	4.37	4.51	4.33	4.46	42996802	190212832.00
20170629	4.45	4.55	4.43	4.49	40529459	181959488.00
20170630	4.46	4.53	4.42	4.50	26191981	117679632.00
20170703	4.50	4.51	4.45	4.47	20350047	91049584.00
20170704	4.48	4.53	4.46	4.47	16701302	74856280.00
20170705	4.47	4.51	4.46	4.47	18357205	82186344.00
20170706	4.47	4.61	4.46	4.60	71249559	324027552.00
20170707	4.57	4.64	4.54	4.54	33455831	152772304.00
20170710	4.53	4.67	4.51	4.61	42331588	195267472.00
20170711	4.60	4.61	4.48	4.50	34516690	156874464.00
数据来源:通达信
