600078 澄星股份 日线 前复权
      日期	    开盘	    最高	    最低	    收盘	    成交量	    成交额
20111010	10.78	10.97	10.70	10.82	24512821	268740352.00
20111011	11.21	11.53	10.73	11.03	40743411	459783200.00
20111012	10.79	11.79	10.54	11.58	50466849	573976064.00
20111013	11.47	11.71	11.32	11.54	39171263	455699648.00
20111014	11.45	11.88	11.43	11.58	32470801	382077952.00
20111017	11.65	12.08	11.53	11.80	37806265	451818016.00
20111018	11.66	11.80	10.79	10.82	37282423	422921120.00
20111019	10.89	11.07	10.55	10.97	22569313	248006336.00
20111020	10.88	10.88	10.30	10.40	23449464	249998272.00
20111021	10.33	10.43	9.50	9.66	29376548	292827264.00
20111024	9.79	10.10	9.44	10.04	25748317	256118688.00
20111025	9.99	10.50	9.76	10.22	32084567	328608320.00
20111026	10.08	10.55	9.89	10.33	36341178	379309024.00
20111027	10.28	10.48	10.13	10.14	24735494	257687136.00
20111028	10.26	10.45	10.08	10.29	34484923	358515584.00
20111031	10.27	10.45	10.14	10.40	31192273	325296992.00
20111101	10.25	10.49	10.18	10.31	21829714	227636320.00
20111102	10.08	10.22	9.75	10.20	31549874	318531136.00
20111103	10.29	10.62	10.16	10.29	39771688	418782368.00
20111104	10.33	10.62	10.28	10.43	28330619	298841184.00
20111107	10.46	10.99	10.44	10.86	52006387	565428992.00
20111108	10.85	11.43	10.78	11.04	59476029	669455296.00
20111109	11.05	11.09	10.59	10.98	33088971	362289568.00
20111110	10.76	10.84	10.49	10.51	24838054	268276240.00
20111111	10.49	10.63	10.21	10.35	22010329	231379376.00
20111114	10.46	10.63	10.39	10.59	20267871	215760736.00
20111115	10.53	10.60	10.40	10.58	18488552	196234896.00
20111116	10.54	10.85	10.38	10.40	33794957	364577920.00
20111117	10.37	10.54	10.04	10.09	25440385	262058192.00
20111118	10.01	10.01	9.68	9.71	21182641	209929472.00
20111121	9.71	9.83	9.59	9.82	10022648	98456088.00
20111122	9.68	9.76	9.59	9.74	8938121	87657448.00
20111123	9.77	9.82	9.52	9.55	8999143	88021136.00
20111124	9.41	9.47	9.15	9.32	12112404	114088592.00
20111125	9.30	9.43	9.18	9.20	9010012	84485920.00
20111128	9.23	9.32	9.13	9.26	8314848	77691528.00
20111129	9.37	9.53	9.24	9.52	14048190	133733432.00
20111130	9.43	9.50	8.68	8.81	16880710	155461920.00
20111201	9.19	9.26	8.91	8.94	16469250	151318464.00
20111202	8.88	8.89	8.44	8.52	12777565	111848112.00
20111205	8.51	8.52	8.19	8.21	9051849	76527720.00
20111206	8.20	8.32	8.17	8.26	6743187	56425988.00
20111207	8.25	8.52	8.20	8.47	11746987	99836320.00
20111208	8.40	8.48	8.19	8.29	11128284	94063688.00
20111209	8.20	8.31	8.07	8.08	8218314	68180448.00
20111212	8.08	8.22	7.96	7.96	7187644	59171484.00
20111213	7.89	7.92	7.37	7.49	14881794	114154080.00
20111214	7.45	7.53	7.09	7.14	9721011	72368328.00
20111215	7.05	7.10	6.88	6.90	11935714	85061024.00
20111216	6.95	7.16	6.87	7.15	11443517	81471360.00
20111219	7.06	7.11	6.83	7.05	11634221	82179496.00
20111220	7.03	7.38	6.98	7.15	13895273	101852624.00
20111221	7.21	7.30	6.83	6.88	11538113	82669960.00
20111223	6.77	7.07	6.68	6.96	10071392	70960320.00
20111226	6.94	7.07	6.92	6.96	6156420	43815988.00
20111227	6.94	6.98	6.68	6.69	9004786	62137228.00
20111228	6.58	6.67	6.34	6.61	10446898	69128448.00
20111229	6.58	6.83	6.51	6.70	10068937	68648248.00
20111230	6.73	6.91	6.70	6.81	8403650	58207120.00
20120104	6.88	7.00	6.50	6.52	8581338	59478224.00
20120105	6.47	6.57	6.08	6.10	9299053	59730240.00
20120106	6.08	6.31	6.03	6.26	7671295	48131380.00
20120109	6.25	6.90	6.12	6.82	17310857	116285104.00
20120110	6.71	7.15	6.71	7.08	22841557	162170784.00
20120111	7.08	7.28	6.96	7.12	21174309	153140112.00
20120112	7.04	7.36	7.00	7.18	21137309	155402320.00
20120113	7.13	7.63	6.94	7.36	37198361	275844864.00
20120116	7.18	7.24	6.64	6.66	19071309	135406480.00
20120117	6.68	7.33	6.68	7.31	24733160	177910144.00
20120118	7.27	7.55	7.13	7.20	23927693	178840320.00
20120119	7.19	7.39	7.12	7.28	15454790	114254208.00
20120120	7.31	7.45	7.24	7.32	16786508	125536728.00
20120130	7.27	7.45	7.18	7.34	14910268	110882176.00
20120131	7.27	7.58	7.18	7.56	22023516	166804160.00
20120201	7.47	7.64	7.28	7.30	18506854	140160096.00
20120202	7.35	7.64	7.32	7.62	20053296	152767296.00
20120203	7.62	8.05	7.57	7.85	34671161	275282368.00
20120207	8.00	8.25	7.78	7.88	38803394	315260448.00
20120208	7.77	8.18	7.72	8.12	27769320	226366880.00
20120209	8.15	8.36	8.02	8.10	28807146	239983504.00
20120210	8.03	8.19	8.00	8.14	17562657	144508896.00
20120213	8.07	8.25	8.00	8.21	16236844	134381104.00
20120214	8.40	9.03	8.40	8.46	43701873	382640256.00
20120215	8.36	8.64	8.25	8.61	28358318	242734864.00
20120216	8.55	8.68	8.33	8.45	22984640	198063152.00
20120217	8.43	8.56	8.27	8.44	15316429	130577816.00
20120220	8.58	8.77	8.39	8.63	29904142	260266064.00
20120221	8.54	8.73	8.42	8.71	23300778	202652112.00
20120222	8.64	9.03	8.64	8.88	34610141	310522048.00
20120223	8.83	8.91	8.70	8.79	19770056	176486576.00
20120224	8.76	8.95	8.74	8.82	19010341	170410688.00
20120227	8.88	9.12	8.78	8.80	26251418	237458960.00
20120228	8.72	8.78	8.38	8.50	26676070	230942144.00
20120229	8.48	8.58	8.34	8.35	15058454	129296048.00
20120301	8.32	8.48	8.28	8.40	11989882	102180552.00
20120302	8.41	8.65	8.40	8.61	16285676	141027456.00
20120305	8.61	8.70	8.56	8.64	15683413	137008608.00
20120306	8.64	8.64	8.33	8.34	15041017	128498720.00
20120307	8.23	8.37	8.18	8.22	12610895	105717304.00
20120308	8.28	8.51	8.25	8.41	12971566	110348240.00
20120309	8.48	8.98	8.41	8.85	36014377	318430368.00
20120312	8.79	9.75	8.77	9.75	74576026	708443264.00
20120313	9.81	10.52	9.61	10.17	100205649	1008066048.00
20120314	10.07	10.10	9.39	9.52	75939451	753688704.00
20120315	9.49	9.83	9.30	9.68	61765962	600735104.00
20120316	9.60	10.34	9.54	10.01	67147618	679287808.00
20120319	10.01	10.17	9.76	10.04	39210301	396995904.00
20120320	10.08	10.08	9.53	9.60	31997353	316696256.00
20120321	9.70	9.93	9.40	9.90	35677677	351428832.00
20120322	9.87	9.89	9.45	9.53	20342034	198255040.00
20120323	9.53	9.53	8.95	9.14	25233213	235341728.00
20120326	9.11	9.23	8.98	9.13	12288614	113504944.00
20120327	9.22	9.39	9.09	9.16	13553329	126912544.00
20120328	8.97	9.02	8.39	8.51	22042264	193309216.00
20120329	8.48	8.64	8.18	8.28	16912131	143635744.00
20120330	8.26	8.40	7.58	7.79	19649518	159252192.00
20120405	7.79	8.12	7.74	8.07	14015823	113298080.00
20120406	8.07	8.39	8.00	8.32	18564339	155058640.00
20120409	8.33	8.43	8.03	8.05	14992557	125401760.00
20120410	7.96	8.24	7.71	8.23	15159338	122235232.00
20120411	8.03	8.66	7.98	8.42	22323491	189489264.00
20120412	8.42	8.58	8.25	8.52	18382172	157405856.00
20120413	8.51	9.38	8.44	9.38	45134582	412563264.00
20120416	9.22	9.48	9.10	9.17	37338537	350080448.00
20120417	9.08	9.32	8.95	9.04	23399414	216380000.00
20120419	9.34	9.51	9.10	9.21	29967421	281994496.00
20120420	9.24	9.44	9.03	9.31	28320111	266493824.00
20120423	9.18	9.23	8.78	8.87	25295566	230354944.00
20120424	8.77	9.08	8.48	8.97	20212646	180862528.00
20120425	8.87	9.79	8.76	9.31	35668233	335509664.00
20120426	9.31	9.58	9.21	9.36	26764628	254004656.00
20120427	9.34	9.43	8.99	9.04	14894646	139002288.00
20120502	9.18	9.62	9.01	9.36	27907252	263174128.00
20120503	9.28	9.56	9.27	9.46	21793515	208344848.00
20120504	9.45	9.76	9.37	9.57	27480421	266522272.00
20120507	9.44	9.53	9.26	9.42	20156325	191026624.00
20120508	9.43	9.61	9.33	9.52	22699065	218230960.00
20120509	9.38	9.39	9.09	9.11	20813279	194070640.00
20120510	9.11	9.26	8.98	9.24	18313479	169346448.00
20120511	9.19	9.36	9.06	9.06	14222037	132490920.00
20120514	9.18	9.20	8.98	9.07	11550175	106451128.00
20120515	8.93	8.98	8.73	8.88	14969969	134365680.00
20120516	8.86	8.99	8.61	8.62	13074104	116902624.00
20120517	8.63	8.84	8.53	8.81	11553834	102094936.00
20120518	8.73	8.77	8.39	8.56	14226940	123554368.00
20120521	8.56	8.68	8.36	8.58	10449624	90333296.00
20120522	8.67	9.35	8.59	9.20	36032007	330769280.00
20120523	9.10	10.13	9.09	10.12	107915350	1066262976.00
20120524	9.98	10.26	9.86	10.10	91242937	928633728.00
20120525	10.03	10.30	9.92	10.07	91488571	937678848.00
20120528	10.10	10.28	9.82	10.05	83558962	854533952.00
20120529	9.87	10.06	9.62	9.88	63528800	631086080.00
20120530	9.80	9.93	9.69	9.91	35047486	348303616.00
20120531	9.81	10.18	9.79	9.92	47822285	484206080.00
20120601	9.84	9.96	9.48	9.49	37438506	368490144.00
20120604	9.23	9.37	8.77	8.86	30492890	281998336.00
20120605	8.91	9.14	8.73	8.98	23316852	211570512.00
20120606	9.08	9.13	8.86	8.91	16148670	147428624.00
20120607	9.11	9.11	8.82	8.88	17798459	161937616.00
20120608	8.98	9.02	8.66	8.82	17554476	157001728.00
20120611	8.83	9.24	8.77	9.19	22493930	207013488.00
20120612	9.16	9.22	8.99	9.02	14251973	130784096.00
20120613	9.05	9.29	9.03	9.28	24778567	230094464.00
20120614	9.19	9.31	9.01	9.03	16113000	149332288.00
20120615	9.03	9.12	8.74	8.92	16560149	149313888.00
20120618	8.97	9.11	8.96	8.99	9608824	87718560.00
20120619	9.02	9.09	8.93	8.96	9799614	89158192.00
20120620	9.00	9.03	8.74	8.76	13382786	119689824.00
20120621	8.74	8.79	8.57	8.61	10690516	93222856.00
20120625	8.58	8.64	8.33	8.36	9538146	82096608.00
20120626	8.29	8.51	8.24	8.47	8535401	72347104.00
20120627	8.48	8.51	8.20	8.22	9679330	81776936.00
20120628	8.21	8.33	7.93	7.95	9079164	75141888.00
20120629	7.92	8.11	7.76	8.10	9879185	79499888.00
20120702	8.18	8.28	8.15	8.25	8990448	74729600.00
20120703	8.27	8.47	8.19	8.27	9991670	84039464.00
20120704	8.32	8.45	8.17	8.44	11986458	100787960.00
20120705	8.32	8.42	8.18	8.18	11690363	98221024.00
20120706	8.23	8.41	8.11	8.36	9612568	80339592.00
20120709	8.31	8.79	8.26	8.64	36346441	314094176.00
20120710	8.51	8.78	8.51	8.75	22183973	194136976.00
20120711	8.71	9.63	8.60	9.63	91317898	868445184.00
20120712	9.54	9.77	9.39	9.74	68154034	657069696.00
20120713	9.78	10.03	9.54	9.85	96051761	945457472.00
20120716	9.76	9.97	9.64	9.85	82697685	819980288.00
20120717	9.83	9.91	9.54	9.78	86923780	854604352.00
20120718	9.71	9.78	9.28	9.39	60009141	574434880.00
20120719	9.34	9.55	9.11	9.17	61413198	578989824.00
20120720	9.07	9.27	9.02	9.07	29690104	273424352.00
20120723	8.98	9.24	8.91	9.14	22848956	209953520.00
20120724	9.01	9.18	8.97	9.02	18986225	174178848.00
20120725	8.98	9.08	8.49	9.04	47804886	422549888.00
20120726	8.90	9.13	8.85	8.86	32311472	294127808.00
20120727	8.89	8.94	8.61	8.70	22831634	202287600.00
20120730	8.59	8.86	8.44	8.63	20652009	181229936.00
20120731	8.56	8.66	7.81	7.99	26702768	222573040.00
20120801	8.00	8.21	7.92	8.13	16047116	131452648.00
20120802	8.16	8.20	8.01	8.07	9405702	76944704.00
20120803	8.16	8.44	8.09	8.41	17108910	143806336.00
20120806	8.36	8.71	8.36	8.67	19357977	167109680.00
20120807	8.67	8.89	8.63	8.76	17111658	151550304.00
20120808	8.77	8.87	8.54	8.64	16821111	148018912.00
20120809	8.56	9.10	8.56	9.08	28153119	252641856.00
20120810	9.08	9.23	8.88	8.89	21480019	195605600.00
20120813	8.83	8.86	8.42	8.44	20653020	179995168.00
20120814	8.39	8.71	8.14	8.64	18429524	157525200.00
20120815	8.55	8.66	8.41	8.46	10960758	94525136.00
20120816	8.33	8.56	8.26	8.32	10091635	85815976.00
20120817	8.30	8.42	8.23	8.41	9172313	77163296.00
20120820	8.30	8.66	8.24	8.60	11407544	97818336.00
20120821	8.58	8.71	8.54	8.63	12525785	109413328.00
20120822	8.65	8.67	8.37	8.41	10474506	90168808.00
20120823	8.42	9.00	8.39	8.78	23751292	209707024.00
20120824	8.85	9.08	8.71	8.76	33290146	299053952.00
20120827	8.59	8.59	8.28	8.30	19617685	166098304.00
20120828	8.26	8.59	8.24	8.45	10969339	93571176.00
20120829	8.41	8.52	8.33	8.36	8902963	75769136.00
20120830	8.30	8.43	7.91	8.08	15691082	129003280.00
20120831	8.08	8.20	8.01	8.11	7875496	64541332.00
20120903	8.13	8.30	8.06	8.26	8151390	67821264.00
20120904	8.32	8.34	8.08	8.10	8652781	71813024.00
20120905	8.06	8.27	8.06	8.17	6036942	49837724.00
20120906	8.21	8.33	8.19	8.31	8302833	69430296.00
20120907	8.39	8.85	8.33	8.68	24047182	209545520.00
20120910	8.69	8.85	8.55	8.75	17337368	152500336.00
20120911	8.69	9.20	8.57	9.18	45797627	414755648.00
20120912	9.11	10.06	9.04	10.03	98819082	962524480.00
20120913	9.90	10.06	9.57	9.77	107932337	1067123712.00
20120914	9.73	9.94	9.62	9.83	95700898	946604928.00
20120917	9.79	9.86	9.46	9.76	58277249	569430464.00
20120918	9.61	9.95	9.48	9.74	81523542	805357760.00
20120919	9.76	9.84	9.59	9.66	42714210	419745184.00
20120920	9.61	10.13	9.29	9.82	87466316	864404224.00
20120921	9.80	9.93	9.52	9.83	60588878	595791744.00
20120924	9.76	9.86	9.61	9.82	51775933	509372448.00
20120925	9.89	10.03	9.26	9.29	70365637	694057856.00
20120926	9.36	9.36	8.43	8.54	54313884	480147328.00
20120927	8.47	8.79	8.35	8.58	38011312	329097952.00
20120928	8.49	9.45	8.44	9.45	57865586	527636800.00
20121008	9.41	9.56	9.22	9.44	52975027	501125568.00
20121009	9.37	9.59	9.31	9.53	45536570	433752064.00
20121010	9.44	9.44	9.24	9.34	27706424	261082240.00
20121011	9.26	9.36	8.96	8.98	25397961	234856304.00
20121012	9.01	9.14	8.81	8.87	19568331	176676400.00
20121015	8.90	9.09	8.83	9.01	15626002	142010960.00
20121016	9.01	9.08	8.89	8.94	13870414	125895584.00
20121017	9.00	9.35	8.93	9.22	31538606	293353216.00
20121018	9.16	9.35	9.12	9.27	23048534	215064640.00
20121019	9.21	9.32	8.97	9.00	19607853	180453424.00
20121022	8.98	9.21	8.94	9.15	12841653	118389304.00
20121023	9.15	9.24	8.94	8.95	17703488	161475616.00
20121024	8.86	8.95	8.75	8.78	13929605	124555600.00
20121025	8.75	8.90	8.60	8.64	10730631	94956072.00
20121026	8.65	8.80	8.57	8.74	12750475	112112592.00
20121029	8.73	8.75	8.59	8.65	7203258	63073248.00
20121030	8.65	8.86	8.64	8.77	10939221	96802736.00
20121031	8.76	8.88	8.73	8.86	9686756	86462688.00
20121101	8.88	9.15	8.87	9.07	17897254	163378624.00
20121102	9.09	9.13	8.92	9.01	12734711	115873112.00
20121105	8.99	9.06	8.71	8.72	16361550	146166016.00
20121106	8.73	8.77	8.56	8.77	11565271	101200888.00
20121107	8.73	8.80	8.61	8.67	8241844	72544464.00
20121108	8.61	8.66	8.32	8.34	12239940	104792336.00
20121109	8.33	8.55	8.33	8.46	8884013	75959904.00
20121112	8.49	8.58	8.43	8.55	6723647	57903552.00
20121113	8.57	8.57	8.27	8.33	7836701	66459052.00
20121114	8.39	8.56	8.26	8.53	9488225	80701792.00
20121115	8.46	8.60	8.33	8.36	8320598	71381736.00
20121116	8.36	8.54	8.32	8.51	8848042	75662032.00
20121119	8.48	8.66	8.42	8.64	10129063	87525856.00
20121120	8.67	8.68	8.46	8.48	8848258	76596640.00
20121121	8.46	8.54	8.21	8.52	10743976	91032096.00
20121122	8.48	8.48	8.26	8.31	6905045	58294972.00
20121123	8.27	8.46	8.27	8.33	5347424	45293884.00
20121126	8.34	8.36	8.19	8.20	5338393	44663992.00
20121127	8.16	8.20	7.92	7.98	8716456	70571984.00
20121128	7.97	8.01	7.38	7.59	11128385	86541824.00
20121129	7.56	7.67	7.24	7.25	8155782	61734028.00
20121130	7.24	7.41	7.19	7.37	6655809	49399828.00
20121203	7.42	7.42	6.91	6.97	7782492	56626536.00
20121204	6.98	7.18	6.57	7.12	10306787	71733872.00
20121205	7.03	7.54	7.03	7.43	13294143	99104432.00
20121206	7.43	7.54	7.32	7.36	8044139	60277028.00
20121207	7.36	7.81	7.30	7.69	15977776	122819680.00
20121210	7.67	8.29	7.62	7.97	22033085	177195792.00
20121211	7.92	8.03	7.82	7.84	13625156	109306696.00
20121212	7.83	7.95	7.65	7.79	10419669	82032560.00
20121213	7.77	7.87	7.55	7.59	10346856	80671120.00
20121214	7.54	8.11	7.54	8.08	20157550	160993936.00
20121217	8.07	8.25	8.04	8.14	16614818	136597696.00
20121218	8.18	8.39	8.01	8.04	22410586	185336576.00
20121219	7.96	8.06	7.89	7.98	11431456	91996328.00
20121220	7.96	8.33	7.77	8.32	22345079	182074176.00
20121221	8.28	8.37	8.12	8.20	17856559	148815312.00
20121224	8.17	8.38	8.13	8.22	15128085	126453688.00
20121225	8.19	8.37	8.11	8.34	22690642	190329392.00
20121226	8.32	8.49	8.21	8.44	21147225	178610624.00
20121227	8.41	8.49	8.27	8.27	17256632	145786336.00
20121228	8.24	8.35	8.13	8.25	12319051	102581512.00
20121231	8.28	8.54	8.21	8.38	18448953	156318880.00
20130104	8.42	8.46	8.13	8.17	14861773	124265712.00
20130107	8.17	8.28	8.11	8.25	9630716	79823928.00
20130108	8.49	8.53	8.28	8.37	18201472	154127584.00
20130109	8.34	8.67	8.27	8.48	28686874	247317024.00
20130110	8.41	8.55	8.30	8.40	17614510	150156992.00
20130111	8.44	8.47	8.03	8.05	19646106	162964208.00
20130114	8.01	8.37	7.98	8.29	15770373	131031432.00
20130115	8.31	8.59	8.27	8.46	24343791	207893968.00
20130116	8.45	8.58	8.32	8.50	20846735	178120880.00
20130117	8.51	8.77	8.46	8.53	26464078	230388208.00
20130118	8.53	8.87	8.38	8.79	31613963	276440544.00
20130121	8.78	8.82	8.64	8.75	19576967	172400560.00
20130122	8.71	8.95	8.46	8.54	24970460	220316656.00
20130123	8.48	8.55	8.28	8.48	15835587	134620064.00
20130124	8.46	8.66	8.17	8.24	18607288	158194720.00
20130125	8.22	8.34	8.12	8.16	9290999	77089440.00
20130128	8.16	8.38	8.16	8.37	9255680	77697912.00
20130129	8.37	8.59	8.29	8.50	14614777	125112240.00
20130130	8.49	8.53	8.29	8.39	13579700	115315936.00
20130131	8.42	8.93	8.39	8.77	38388531	337789152.00
20130201	8.68	8.81	8.61	8.70	19529400	171778208.00
20130204	8.68	8.86	8.51	8.75	24420579	214669504.00
20130205	8.70	9.06	8.64	8.87	25763876	231237312.00
20130206	8.86	8.98	8.73	8.77	16927557	150567200.00
20130207	8.74	8.89	8.66	8.68	12768346	113089480.00
20130208	8.71	8.95	8.71	8.78	15064103	134322480.00
20130218	8.83	8.99	8.80	8.85	15859163	142501776.00
20130219	8.87	8.87	8.51	8.57	16525145	144407264.00
20130220	8.52	8.71	8.50	8.71	12549108	109083272.00
20130221	8.62	8.62	8.33	8.38	14313206	122551264.00
20130222	8.39	8.47	8.33	8.36	8206674	69725200.00
20130225	8.43	8.54	8.35	8.50	7923130	67711368.00
20130226	8.49	8.69	8.41	8.49	13563209	117436464.00
20130227	8.52	8.58	8.29	8.37	11514647	98003184.00
20130228	8.42	8.61	8.37	8.60	12062740	104065880.00
20130301	8.60	8.70	8.50	8.62	13010300	113082240.00
20130304	8.54	8.56	8.16	8.22	16389486	138111744.00
20130305	8.24	8.51	8.24	8.42	11673859	99232696.00
20130306	8.43	8.68	8.40	8.61	18043978	156198768.00
20130307	8.59	8.96	8.51	8.89	45144320	402079488.00
20130308	8.81	8.94	8.67	8.73	22105543	196160160.00
20130311	8.73	8.95	8.66	8.74	16494193	146836928.00
20130312	8.74	8.80	8.27	8.43	18103513	155350272.00
20130313	8.43	8.43	8.13	8.24	12192902	101709408.00
20130314	8.26	8.42	8.11	8.32	12332851	103243360.00
20130315	8.33	8.43	8.19	8.32	10839234	91324336.00
20130318	8.24	8.38	8.11	8.14	8648447	71914064.00
20130319	8.17	8.23	8.09	8.21	6118576	50435716.00
20130320	8.22	8.39	8.21	8.38	9159027	77129552.00
20130321	8.40	8.77	8.39	8.75	29455015	256726992.00
20130322	8.67	8.76	8.57	8.67	17020429	149124352.00
20130325	8.67	8.76	8.59	8.65	14476572	126714264.00
20130326	8.63	8.69	8.37	8.50	13577238	116550272.00
20130327	8.38	8.48	8.11	8.30	26368991	220811040.00
20130328	8.15	8.19	8.02	8.04	12097228	99170808.00
20130329	8.07	8.15	8.02	8.06	7378819	60446812.00
20130401	8.06	8.32	8.06	8.26	9774101	81197856.00
20130402	8.28	8.34	8.06	8.10	9990689	82679160.00
20130403	8.11	8.18	7.92	8.13	11135640	90712040.00
20130408	8.01	8.16	7.91	8.10	7347095	59695064.00
20130409	8.11	8.25	8.08	8.23	13240202	109206464.00
20130410	8.21	8.24	8.00	8.07	7931241	64908216.00
20130411	8.11	8.13	7.97	8.00	5989767	48737164.00
20130412	8.00	8.03	7.57	7.65	13541361	106413040.00
20130415	7.57	7.63	7.42	7.44	6438755	48961108.00
20130416	7.30	7.54	7.28	7.48	6627080	49874192.00
20130417	7.50	7.55	7.36	7.46	6229833	46930272.00
20130418	7.41	7.55	7.33	7.51	5232712	39543828.00
20130419	7.50	7.69	7.48	7.66	8175368	63085824.00
20130422	7.61	7.66	7.53	7.59	6516964	49968008.00
20130423	7.62	7.71	7.38	7.39	10347844	79419320.00
20130424	7.46	7.56	7.39	7.54	6492573	49188972.00
20130425	7.56	7.57	7.20	7.21	11457079	85078144.00
20130426	7.23	7.31	7.01	7.04	7244036	52476556.00
20130502	7.04	7.15	7.03	7.07	3444788	24719216.00
20130503	7.11	7.47	7.11	7.33	9452590	70383800.00
20130506	7.33	7.46	7.31	7.44	6398285	47959096.00
20130507	7.50	7.58	7.45	7.49	10000707	76151504.00
20130508	7.47	7.56	7.41	7.48	7266478	54920700.00
20130509	7.47	7.47	7.23	7.33	8537684	63423160.00
20130510	7.34	7.45	7.28	7.45	6076369	45518864.00
20130513	7.44	7.45	7.30	7.36	6188657	46046188.00
20130514	7.35	7.35	7.14	7.20	6398699	46750800.00
20130515	7.19	7.28	7.19	7.24	4432174	32412378.00
20130516	7.25	7.50	7.17	7.44	12725780	95215016.00
20130517	7.41	7.56	7.34	7.51	13923172	105229584.00
20130520	7.51	7.60	7.48	7.58	13879261	106149352.00
20130521	7.59	7.68	7.55	7.63	13796888	106304328.00
20130522	7.65	7.68	7.53	7.59	9470324	72722264.00
20130523	7.56	7.59	7.40	7.41	12041593	91355456.00
20130524	7.43	7.51	7.40	7.48	7422413	55982252.00
20130527	7.49	7.65	7.44	7.64	13969354	107180152.00
20130528	7.63	7.72	7.54	7.67	13548920	104623648.00
20130529	7.65	7.99	7.61	7.84	25248804	199103280.00
20130530	7.76	7.80	7.67	7.69	14619408	114213624.00
20130531	7.69	7.84	7.64	7.67	14080855	110433824.00
20130603	7.66	7.72	7.54	7.59	9296099	71844760.00
20130604	7.55	7.56	7.28	7.31	13639366	101724264.00
20130605	7.31	7.38	7.21	7.31	7424571	54704508.00
20130606	7.28	7.30	7.18	7.18	6550017	47893236.00
20130607	7.21	7.25	7.07	7.12	5383307	38786800.00
20130613	7.07	7.07	6.73	6.84	5650851	39124080.00
20130614	6.85	6.95	6.85	6.91	3592777	25082312.00
20130617	6.91	6.95	6.77	6.81	4053408	28027684.00
20130618	6.86	6.91	6.79	6.89	2898776	20099982.00
20130619	6.88	6.88	6.71	6.80	4587827	31376876.00
20130620	6.77	6.93	6.62	6.75	9008773	61618240.00
20130621	6.55	6.71	6.49	6.63	4110845	27478776.00
20130624	6.63	6.63	5.96	5.97	8935363	56289632.00
20130625	5.96	6.07	5.42	5.82	8869933	51834752.00
20130626	5.83	5.91	5.71	5.85	5160889	30401844.00
20130627	5.82	5.96	5.75	5.78	6070834	36088408.00
20130628	5.76	5.90	5.63	5.82	4242764	24915412.00
20130701	5.82	5.89	5.73	5.85	4036461	23732332.00
20130702	5.85	5.91	5.75	5.89	4947767	29196834.00
20130703	5.84	5.84	5.66	5.72	5252224	30505484.00
20130704	5.69	5.97	5.64	5.83	8287881	49032372.00
20130705	5.81	6.01	5.80	5.91	7811711	46863488.00
20130708	5.80	5.81	5.56	5.59	5766636	33013476.00
20130709	5.59	5.66	5.53	5.58	3032137	17148822.00
20130710	5.58	5.83	5.58	5.82	5072827	29416556.00
20130711	5.83	6.07	5.80	6.03	9849571	59483304.00
20130712	6.03	6.04	5.84	5.85	8499441	51067040.00
20130715	5.90	5.99	5.85	5.95	6039204	36221624.00
20130716	5.95	6.14	5.92	6.12	11207698	68752128.00
20130717	6.08	6.18	5.96	5.98	8720666	53478900.00
20130718	5.98	6.08	5.86	5.97	7352407	44408168.00
20130719	5.93	6.00	5.73	5.76	6118947	36403728.00
20130722	5.74	5.88	5.59	5.85	6290763	36779900.00
20130723	5.83	6.05	5.80	6.00	8331256	50391052.00
20130724	5.98	6.13	5.84	6.06	10627924	64345696.00
20130725	6.05	6.07	5.93	5.94	6211107	37678944.00
20130726	5.96	6.00	5.88	5.91	5365630	32212460.00
20130729	5.84	5.88	5.73	5.74	5520177	32339784.00
20130730	5.74	5.87	5.74	5.82	3850829	22643462.00
20130731	5.82	5.95	5.81	5.84	4363427	26009268.00
20130801	5.86	5.97	5.83	5.95	7140871	42791112.00
20130802	5.96	6.13	5.94	6.02	14576287	89078528.00
20130805	6.00	6.11	5.96	6.09	10851792	66460444.00
20130806	6.07	6.15	6.02	6.09	11819970	72736368.00
20130807	6.07	6.41	6.07	6.37	23810825	149282256.00
20130808	6.28	6.49	6.26	6.41	28799055	186126000.00
20130809	6.36	6.50	6.23	6.28	16476862	105490848.00
20130812	6.23	6.44	6.22	6.42	15986913	102767960.00
20130813	6.42	6.48	6.34	6.43	12415572	80468952.00
20130814	6.46	6.53	6.31	6.34	12563193	81706392.00
20130815	6.33	6.40	6.18	6.20	9405738	59638212.00
20130816	6.16	6.39	6.15	6.17	7421013	46935376.00
20130819	6.13	6.30	6.12	6.28	5077379	31967848.00
20130820	6.28	6.34	6.17	6.21	4695955	29651620.00
20130821	6.20	6.68	6.20	6.56	20101384	131316664.00
20130822	6.47	6.58	6.39	6.41	12494175	82073768.00
20130823	6.43	6.60	6.33	6.53	17997262	118413896.00
20130826	6.56	6.60	6.45	6.59	13587701	89957272.00
20130827	6.59	6.72	6.56	6.60	11411842	76377368.00
20130828	6.56	6.59	6.41	6.48	11358337	74398168.00
20130829	6.48	6.52	6.36	6.38	9480239	61623712.00
20130830	6.39	6.53	6.37	6.39	11093563	72359184.00
20130902	6.46	6.49	6.33	6.49	7888514	51203848.00
20130903	6.48	6.58	6.45	6.56	9490622	62686764.00
20130904	6.55	6.67	6.54	6.65	11861684	79143040.00
20130905	6.65	6.65	6.47	6.49	10162252	67205864.00
20130906	6.49	6.81	6.44	6.76	20684723	138883744.00
20130909	6.74	6.88	6.69	6.76	29526812	202476560.00
20130910	6.73	6.85	6.66	6.76	17502466	118927816.00
20130911	6.74	6.85	6.67	6.73	16174045	110415160.00
20130912	6.71	6.78	6.67	6.69	8526116	57857552.00
20130913	6.69	6.75	6.58	6.63	8517032	57107468.00
20130916	6.63	6.72	6.59	6.71	6924848	46658832.00
20130917	6.71	6.73	6.43	6.44	7778527	51679656.00
20130918	6.47	6.52	6.39	6.44	5673585	36996412.00
20130923	6.46	6.54	6.43	6.53	7526398	49260960.00
20130924	6.59	6.65	6.49	6.57	9037626	60036668.00
20130925	6.55	6.57	6.29	6.33	9527110	61898596.00
20130926	6.33	6.37	6.22	6.23	7167016	45500612.00
20130927	6.23	6.31	6.19	6.20	4795493	30280396.00
20130930	6.23	6.27	6.16	6.20	4359380	27305252.00
20131008	6.18	6.33	6.17	6.32	4912601	31208486.00
20131009	6.31	6.36	6.28	6.34	4767242	30451764.00
20131010	6.31	6.42	6.31	6.36	6495607	41807484.00
20131011	6.37	6.65	6.33	6.59	16332742	107663504.00
20131014	6.58	6.63	6.53	6.58	7974888	52980688.00
20131015	6.56	6.66	6.52	6.62	7956919	52950704.00
20131016	6.60	6.61	6.25	6.43	9575635	62095840.00
20131017	6.42	6.56	6.39	6.50	7755526	50817408.00
20131018	6.49	6.50	6.38	6.41	6285511	40936336.00
20131021	6.41	6.57	6.35	6.53	10655893	69619392.00
20131022	6.49	6.54	6.43	6.52	9594779	62904432.00
20131023	6.51	6.56	6.35	6.41	7993881	52162340.00
20131024	6.37	6.41	6.20	6.22	8470724	53563888.00
20131025	6.26	6.27	6.03	6.09	7254561	45137032.00
20131028	6.10	6.15	6.04	6.05	4488074	27697464.00
20131029	6.07	6.11	5.61	5.70	10542860	61906720.00
20131030	5.72	5.79	5.69	5.77	5334086	31059896.00
20131031	5.77	5.78	5.68	5.70	5225030	30322956.00
20131101	5.71	5.73	5.63	5.67	4175672	23986164.00
20131104	5.68	5.79	5.67	5.78	4110887	23909028.00
20131105	5.76	5.80	5.69	5.77	3528597	20551308.00
20131106	5.76	5.88	5.74	5.79	4811576	28270554.00
20131107	5.77	5.83	5.70	5.71	3238115	18890816.00
20131108	5.70	5.75	5.54	5.55	3776548	21484122.00
20131111	5.55	5.62	5.54	5.60	2450483	13837541.00
20131112	5.63	5.71	5.58	5.70	2530441	14521225.00
20131113	5.68	5.68	5.50	5.51	3229730	18263888.00
20131114	5.51	5.58	5.47	5.57	2065137	11576755.00
20131115	5.55	5.75	5.55	5.71	5070938	29261720.00
20131118	5.75	5.84	5.72	5.84	5419932	31862392.00
20131119	5.83	6.09	5.79	6.03	12977654	77910240.00
20131120	5.98	6.07	5.94	6.00	11076448	67390960.00
20131121	5.98	6.07	5.88	5.89	7430036	44649236.00
20131122	5.88	6.17	5.83	6.06	14430513	88381480.00
20131125	6.01	6.02	5.91	5.93	7165712	43239828.00
20131126	5.95	5.96	5.85	5.88	4361741	26035726.00
20131127	5.88	5.96	5.88	5.94	3935665	23583808.00
20131128	5.94	6.04	5.94	5.98	6727315	40872780.00
20131129	6.00	6.02	5.95	5.97	4107500	24848004.00
20131202	5.90	5.92	5.63	5.68	7031467	41154048.00
20131203	5.68	5.82	5.66	5.79	3955178	23019536.00
20131204	5.78	5.98	5.76	5.91	7860418	46934712.00
20131205	5.91	5.95	5.86	5.90	3757168	22473036.00
20131206	5.91	5.97	5.89	5.93	3802287	22808460.00
20131209	5.94	5.97	5.90	5.97	4243306	25504452.00
20131210	5.97	6.07	5.95	6.00	7429463	45240880.00
20131211	5.98	5.98	5.82	5.87	5298502	31499024.00
20131212	5.84	5.91	5.84	5.85	2598954	15444390.00
20131213	5.84	5.91	5.80	5.88	4080956	24267928.00
20131216	5.87	5.94	5.78	5.79	3872613	22887596.00
20131217	5.79	5.85	5.75	5.79	2732725	16054013.00
20131218	5.79	5.93	5.76	5.90	4144876	24678240.00
20131219	5.90	6.09	5.87	6.02	13420464	81534112.00
20131220	5.99	6.31	5.93	6.09	22332844	137258160.00
20131223	6.04	6.22	5.95	6.16	19963043	123233392.00
20131224	6.09	6.15	5.96	6.00	11330715	69391856.00
20131225	6.01	6.05	5.89	5.93	7594583	45615180.00
20131226	5.92	5.94	5.65	5.66	8367621	48992560.00
20131227	5.64	5.75	5.64	5.73	4913483	28359932.00
20131230	5.77	5.77	5.64	5.67	4718763	27203320.00
20131231	5.66	5.75	5.56	5.74	3441243	19840172.00
20140102	5.73	5.79	5.68	5.78	3056865	17819676.00
20140103	5.77	5.77	5.63	5.65	4081079	23376796.00
20140106	5.65	5.65	5.45	5.47	3994507	22255324.00
20140107	5.45	5.54	5.44	5.48	2527554	14041251.00
20140108	5.50	5.56	5.47	5.49	3030516	16909446.00
20140109	5.53	5.55	5.25	5.29	3974852	21808664.00
20140110	5.29	5.29	5.10	5.13	3832502	20096916.00
20140113	5.12	5.20	5.08	5.13	2798337	14571680.00
20140114	5.13	5.23	5.08	5.21	2537659	13297599.00
20140115	5.21	5.24	5.16	5.21	1725335	9097272.00
20140116	5.21	5.27	5.19	5.21	2233216	11843705.00
20140117	5.18	5.24	5.13	5.13	1899019	9943785.00
20140120	5.17	5.17	5.09	5.12	2089793	10876910.00
20140121	5.15	5.20	5.12	5.19	1640011	8610779.00
20140122	5.19	5.35	5.19	5.35	3497442	18747744.00
20140123	5.33	5.38	5.30	5.31	2975594	16077645.00
20140124	5.32	5.41	5.30	5.37	4712791	25565140.00
20140127	5.35	5.35	5.28	5.29	2664341	14340962.00
20140128	5.33	5.34	5.21	5.23	3067909	16356716.00
20140129	5.21	5.29	5.21	5.28	2547191	13565153.00
20140130	5.26	5.27	5.19	5.26	1611388	8552458.00
20140207	5.26	5.36	5.21	5.35	2414703	12945899.00
20140210	5.35	5.49	5.35	5.47	5387165	29746106.00
20140211	5.47	5.55	5.45	5.49	5896425	32842630.00
20140212	5.50	5.57	5.46	5.57	4234368	23636812.00
20140213	5.53	5.57	5.49	5.50	5732844	32134060.00
20140214	5.48	5.57	5.46	5.55	4390681	24566556.00
20140217	5.56	5.97	5.52	5.81	15784788	91142720.00
20140218	5.78	5.97	5.72	5.87	21339902	126163760.00
20140219	5.84	5.97	5.78	5.88	17269277	102595784.00
20140220	5.83	5.86	5.67	5.69	11192501	65237388.00
20140221	5.68	5.74	5.53	5.58	5599505	32006876.00
20140224	5.57	5.57	5.48	5.55	5195637	29021508.00
20140225	5.55	5.57	5.28	5.33	5931873	32758738.00
20140226	5.33	5.38	5.24	5.37	4687482	25236408.00
20140227	5.37	5.48	5.31	5.32	4908891	26840162.00
20140228	5.30	5.48	5.29	5.42	4485075	24348180.00
20140303	5.39	5.51	5.39	5.47	4488047	24786298.00
20140304	5.51	5.65	5.48	5.60	8040797	45355448.00
20140305	5.60	5.60	5.45	5.46	4991756	27970840.00
20140306	5.44	5.49	5.36	5.41	4523897	24841292.00
20140307	5.41	5.52	5.38	5.43	3624066	19994706.00
20140310	5.42	5.44	5.18	5.18	5492625	29475786.00
20140311	5.19	5.28	5.19	5.24	3275573	17377704.00
20140312	5.24	5.33	5.21	5.28	3010292	16068695.00
20140313	5.29	5.32	5.25	5.31	2569585	13771699.00
20140314	5.33	5.53	5.31	5.38	7856192	43273536.00
20140317	5.37	5.42	5.28	5.41	4609311	25016170.00
20140318	5.39	5.42	5.34	5.39	4618304	25236880.00
20140319	5.40	5.56	5.34	5.52	8077143	44750696.00
20140320	5.48	5.54	5.35	5.36	4547991	25176972.00
20140321	5.34	5.49	5.29	5.49	4520652	24753656.00
20140324	5.48	5.55	5.43	5.51	6113094	34079824.00
20140325	5.51	5.57	5.47	5.54	6308296	35265608.00
20140326	5.55	5.55	5.47	5.49	3629249	20239772.00
20140327	5.48	5.52	5.40	5.40	3733173	20655424.00
20140328	5.38	5.47	5.34	5.45	5792126	31655836.00
20140331	5.45	5.59	5.43	5.50	8175778	45607920.00
20140401	5.47	5.65	5.47	5.61	8354360	47002944.00
20140402	5.69	5.90	5.61	5.80	25177920	146305456.00
20140403	5.75	5.87	5.72	5.84	24356705	142890320.00
20140404	5.79	5.83	5.74	5.77	14416595	84542560.00
20140408	5.73	6.21	5.64	6.01	30853962	183725280.00
20140409	5.93	6.01	5.87	5.90	24251821	145516960.00
20140410	5.90	5.91	5.76	5.82	13507255	79592328.00
20140411	5.79	5.85	5.75	5.76	7685404	45014352.00
20140414	5.73	5.80	5.65	5.78	6353538	36852496.00
20140415	5.78	5.79	5.67	5.68	5927923	34254980.00
20140416	5.66	5.72	5.66	5.69	4213179	24248300.00
20140417	5.69	5.72	5.61	5.61	5247448	30070386.00
20140418	5.63	5.67	5.60	5.63	3121049	17807882.00
20140421	5.58	5.73	5.57	5.62	5122836	29364768.00
20140422	5.56	5.70	5.55	5.69	4258600	24266978.00
20140423	5.69	5.73	5.64	5.70	3351619	19333048.00
20140424	5.70	5.70	5.45	5.47	4625608	26125342.00
20140425	5.48	5.50	5.24	5.31	6532223	35469060.00
20140428	5.30	5.42	5.21	5.23	4257437	22732938.00
20140429	5.24	5.27	5.13	5.27	3039599	16055479.00
20140430	5.26	5.30	5.23	5.27	1905821	10168306.00
20140505	5.26	5.32	5.24	5.31	2222858	11898999.00
20140506	5.31	5.37	5.29	5.32	2359515	12750687.00
20140507	5.30	5.31	5.20	5.21	2801448	14911933.00
20140508	5.17	5.30	5.17	5.21	2596896	13789814.00
20140509	5.23	5.26	5.16	5.17	1552590	8172680.00
20140512	5.25	5.42	5.22	5.40	6006882	32558134.00
20140513	5.40	5.43	5.31	5.35	3011858	16322667.00
20140514	5.34	5.57	5.32	5.47	5805331	32032896.00
20140515	5.44	5.51	5.38	5.41	4143554	22734512.00
20140516	5.39	5.52	5.37	5.47	3294660	18140572.00
20140519	5.47	5.47	5.28	5.33	2569854	13923550.00
20140520	5.38	5.44	5.33	5.43	2742479	14916876.00
20140521	5.41	5.50	5.35	5.48	2785465	15343198.00
20140522	5.48	5.58	5.44	5.46	6433056	35783888.00
20140523	5.44	5.57	5.42	5.50	3887581	21598944.00
20140526	5.52	5.55	5.43	5.52	4014213	22264414.00
20140527	5.54	5.69	5.47	5.59	9123719	51687304.00
20140528	5.56	5.69	5.55	5.63	5825139	33124834.00
20140529	5.63	5.71	5.61	5.63	6652474	38040836.00
20140530	5.60	5.76	5.57	5.66	8776687	50349784.00
20140603	5.64	5.75	5.60	5.74	7066862	40654432.00
20140604	5.72	5.73	5.59	5.62	4749587	27087224.00
20140605	5.59	5.66	5.54	5.64	3786886	21469156.00
20140606	5.61	5.65	5.53	5.54	3245009	18299960.00
20140609	5.54	5.61	5.53	5.58	2791276	15715969.00
20140610	5.58	5.59	5.54	5.56	5974221	33581160.00
20140611	5.55	5.55	5.44	5.48	4856258	26938396.00
20140612	5.48	5.49	5.39	5.42	3229340	17728066.00
20140613	5.42	5.51	5.41	5.49	3432210	18996186.00
20140616	5.51	5.53	5.46	5.51	3302819	18346632.00
20140617	5.50	5.51	5.38	5.38	3355544	18446532.00
20140618	5.38	5.43	5.38	5.40	2823935	15416039.00
20140619	5.38	5.42	5.27	5.32	3439857	18573528.00
20140620	5.32	5.37	5.29	5.34	2868759	15431281.00
20140623	5.37	5.45	5.33	5.39	3170813	17267484.00
20140624	5.39	5.47	5.36	5.45	3223066	17694538.00
20140625	5.46	5.46	5.38	5.38	1870884	10235516.00
20140626	5.42	5.48	5.38	5.43	2693978	14816361.00
20140627	5.43	5.49	5.42	5.45	4442940	24511650.00
20140630	5.47	5.55	5.45	5.52	6442076	35770712.00
20140701	5.51	5.64	5.47	5.53	7557922	42305888.00
20140702	5.52	5.56	5.48	5.52	3770573	21036136.00
20140703	5.52	5.56	5.51	5.52	6145517	34366428.00
20140704	5.52	5.59	5.50	5.55	4290768	24021044.00
20140707	5.52	5.78	5.44	5.73	18203868	103785936.00
20140708	5.67	5.70	5.62	5.66	7551609	43139552.00
20140709	5.65	5.65	5.50	5.52	6211176	35041112.00
20140710	5.51	5.56	5.48	5.53	3904028	21833720.00
20140711	5.53	5.63	5.50	5.55	6326821	35579560.00
20140714	5.60	5.66	5.55	5.63	4782780	27107296.00
20140715	5.63	5.64	5.57	5.62	4151493	23538976.00
20140716	5.58	5.65	5.53	5.57	3950604	22344124.00
20140717	5.56	5.58	5.49	5.53	3546468	19821020.00
20140718	5.51	5.60	5.51	5.54	3278823	18418858.00
20140721	5.55	5.56	5.45	5.45	3473730	19272154.00
20140722	5.48	5.58	5.45	5.55	4214174	23594544.00
20140723	5.57	5.63	5.51	5.62	6948582	39221736.00
20140724	5.62	5.67	5.56	5.63	15024934	85434800.00
20140725	5.65	5.76	5.60	5.70	15802088	90764688.00
20140728	5.68	5.77	5.67	5.74	15591651	90292632.00
20140729	5.75	5.92	5.70	5.84	24769447	145040400.00
20140730	5.79	5.85	5.76	5.79	11967297	70066616.00
20140731	5.79	5.97	5.77	5.86	18353133	108860120.00
20140801	5.84	5.86	5.72	5.73	11050400	64725408.00
20140804	5.73	5.96	5.73	5.94	18626197	110987392.00
20140805	5.91	6.11	5.91	5.98	21536332	130339712.00
20140806	6.00	6.03	5.93	5.97	14043326	84816960.00
20140807	5.97	6.13	5.96	6.12	27739309	169679952.00
20140808	6.21	6.39	6.12	6.18	38626201	242884832.00
20140811	6.12	6.32	6.07	6.23	26601560	166507120.00
20140812	6.24	6.41	6.20	6.25	23410138	148831392.00
20140813	6.24	6.27	6.10	6.20	16608568	103605568.00
20140814	6.16	6.18	6.05	6.06	12900313	79772792.00
20140815	6.07	6.28	5.99	6.18	13116315	81672544.00
20140818	6.18	6.41	6.14	6.33	23533456	150182464.00
20140819	6.31	6.33	6.21	6.27	10637930	67242928.00
20140820	6.24	6.33	6.19	6.22	10092732	63693612.00
20140821	6.19	6.29	6.13	6.26	10982944	68882336.00
20140822	6.26	6.28	6.16	6.22	7935116	49773792.00
20140825	6.19	6.28	6.13	6.20	9850889	61568808.00
20140826	6.20	6.22	6.05	6.16	10882073	67705048.00
20140827	6.11	6.19	6.09	6.14	5236153	32539348.00
20140828	6.14	6.18	6.01	6.05	7396835	45393552.00
20140829	6.02	6.12	6.00	6.12	5840041	35843084.00
20140901	6.11	6.24	6.10	6.23	12936924	80988120.00
20140902	6.23	6.32	6.20	6.29	12543219	79222360.00
20140903	6.28	6.36	6.25	6.35	18710686	119314320.00
20140904	6.35	6.74	6.33	6.60	29404657	193585456.00
20140905	6.61	6.83	6.61	6.67	28105324	190820816.00
20140909	6.67	6.77	6.63	6.70	9986168	67466352.00
20140910	6.72	6.89	6.64	6.85	13079464	89473768.00
20140911	6.84	6.96	6.66	6.94	22125658	151981968.00
20140912	6.88	7.00	6.82	6.90	14305833	99595984.00
20140915	6.89	7.10	6.88	7.07	16808023	118847760.00
20140916	7.07	7.10	6.85	6.95	13609444	95790824.00
20140917	6.92	6.97	6.75	6.92	8591163	59615056.00
20140918	6.93	7.04	6.83	6.99	7950572	55438728.00
20140919	6.99	7.05	6.87	7.04	8204876	57762084.00
20140922	6.98	7.14	6.95	6.97	11090488	78591800.00
20140923	6.97	7.01	6.90	6.97	7669440	53841824.00
20140924	6.99	7.12	6.94	7.12	10165751	72259232.00
20140925	7.10	7.18	7.02	7.06	8013084	57304796.00
20140926	7.06	7.14	6.95	6.98	12925211	92001048.00
20140929	6.98	7.32	6.97	7.27	20947647	151584432.00
20140930	7.27	7.32	7.15	7.27	11089137	80991248.00
20141008	7.26	7.32	7.23	7.30	6302757	46276572.00
20141009	7.31	7.36	7.25	7.35	10087262	74263568.00
20141010	7.35	7.52	7.14	7.41	11958361	88237872.00
20141013	7.35	7.74	7.35	7.60	21091977	160851984.00
20141014	7.62	7.93	7.62	7.92	23606256	185544160.00
20141015	7.93	7.99	7.73	7.85	24901197	196105504.00
20141016	7.89	8.30	7.79	8.18	36150158	295642208.00
20141017	8.18	8.39	8.04	8.28	33165161	275803904.00
20141020	8.34	8.74	8.17	8.68	26546021	226746976.00
20141021	8.69	8.82	8.47	8.63	22075595	191219024.00
20141022	8.64	8.69	8.32	8.54	18572013	159356672.00
20141023	8.49	8.72	8.30	8.66	20527488	176264480.00
20141024	8.67	8.81	8.59	8.71	17206561	150807200.00
20141027	8.58	8.78	8.00	8.66	36901009	318124576.00
20141028	8.55	8.73	8.41	8.49	24973782	216163504.00
20141029	8.48	8.86	8.43	8.83	28606058	250619840.00
20141030	8.83	9.28	8.78	9.12	29441659	268917376.00
20141031	9.09	9.17	8.92	9.07	14179794	128893624.00
20141103	9.06	9.11	8.98	9.10	9416467	85643408.00
20141104	9.10	9.26	8.85	9.11	17704352	161892224.00
20141105	9.09	9.20	9.01	9.06	5764960	52845052.00
20141106	9.00	9.14	8.97	9.07	11310007	103135256.00
20141107	9.08	9.11	8.62	9.01	21536138	192712880.00
20141110	8.96	9.19	8.88	9.06	16017982	145674064.00
20141111	9.09	9.12	8.74	8.98	13196090	118744784.00
20141112	8.94	9.06	8.83	9.03	12612050	113734176.00
20141113	9.02	9.25	8.96	9.22	14685575	135415136.00
20141114	9.24	9.30	8.99	8.99	6907317	63091872.00
20141117	8.91	9.01	8.54	8.83	11564032	102570912.00
20141118	8.77	8.94	8.70	8.74	8125821	72033432.00
20141119	8.77	8.83	8.49	8.56	13119703	114251200.00
20141120	8.60	8.85	8.44	8.75	12255488	107264512.00
20141121	8.75	9.19	8.71	9.17	18820304	171069984.00
20141124	9.19	9.24	9.08	9.19	8813595	81282944.00
20141125	9.16	9.23	9.03	9.12	7185494	65872676.00
20141126	9.12	9.23	9.06	9.14	9558164	87985656.00
20141127	9.18	9.64	9.12	9.20	13975057	131201760.00
20141128	9.25	9.31	8.99	9.17	10882681	100145184.00
20141201	9.15	9.16	8.83	8.93	10420931	94290736.00
20141202	8.78	9.09	8.78	8.91	9134529	82363264.00
20141203	8.91	8.95	8.72	8.82	6379706	56717256.00
20141204	8.83	9.00	8.77	8.90	8259561	73878512.00
20141205	8.93	8.95	8.31	8.73	12678101	111918304.00
20141208	8.64	8.88	8.58	8.73	7667947	67440008.00
20141209	8.70	8.82	7.85	7.85	14232101	121242552.00
20141210	7.06	8.52	7.06	8.09	116845807	852552192.00
20141211	7.52	7.92	7.37	7.54	77214167	590865984.00
20141212	7.53	7.55	7.33	7.42	39306523	294479328.00
20141215	7.37	7.48	7.34	7.42	38668492	288712480.00
20141216	7.43	7.49	7.33	7.38	34786767	259277680.00
20141217	7.39	7.42	7.12	7.21	28983925	211850464.00
20141218	7.21	7.31	7.14	7.19	19863792	144678192.00
20141219	7.18	7.19	6.77	6.90	37651659	264148720.00
20141222	6.88	6.88	6.40	6.48	31782985	209960848.00
20141223	6.52	6.67	6.48	6.60	17593556	117033808.00
20141224	6.65	6.86	6.58	6.86	20412203	138676672.00
20141225	6.87	6.92	6.77	6.84	17078125	117713344.00
20141226	6.87	7.03	6.83	6.86	19274633	134278992.00
20141229	6.84	7.14	6.80	6.95	20629543	145249216.00
20141230	6.95	7.01	6.59	6.67	16457740	113548960.00
20141231	6.70	6.80	6.65	6.77	8441156	57177700.00
20150105	6.77	7.09	6.66	6.94	23420846	162478352.00
20150106	6.94	7.11	6.85	7.08	22296327	157579904.00
20150107	7.08	7.36	6.95	7.22	32360189	233256736.00
20150108	7.15	7.22	6.94	7.05	19753890	141630896.00
20150109	7.01	7.09	6.94	6.96	14569067	103178304.00
20150112	6.87	6.91	6.69	6.74	11543070	78790912.00
20150113	6.74	6.86	6.74	6.81	8757958	59957392.00
20150114	6.80	6.84	6.70	6.75	6831514	46651140.00
20150115	6.75	6.84	6.72	6.84	7444900	50972772.00
20150116	6.83	6.95	6.81	6.92	11732000	81440664.00
20150119	6.70	6.85	6.47	6.58	15367275	103934656.00
20150120	6.64	6.89	6.61	6.85	15100953	103163832.00
20150121	6.83	7.20	6.82	7.14	32835148	233744128.00
20150122	7.09	7.31	7.08	7.21	35072700	254370640.00
20150123	7.17	7.23	7.12	7.14	17948379	129701856.00
20150126	7.12	7.29	7.10	7.26	30788062	223823296.00
20150127	7.29	7.31	7.09	7.20	27447052	199751312.00
20150128	7.17	7.23	7.12	7.19	19564289	141597152.00
20150129	7.13	7.19	7.04	7.11	13226356	94980512.00
20150130	7.11	7.15	7.00	7.02	13790878	98279568.00
20150202	6.94	7.09	6.90	6.98	13303568	93640144.00
20150203	6.99	7.06	6.95	7.06	12673738	89583672.00
20150204	7.05	7.12	6.98	6.99	10120601	72035664.00
20150205	7.05	7.11	6.98	7.02	11757892	83524648.00
20150206	7.01	7.06	6.78	6.82	10344872	72083280.00
20150209	6.80	6.84	6.71	6.72	6218138	42448776.00
20150210	6.75	6.82	6.74	6.79	5524052	37717520.00
20150211	6.80	6.88	6.80	6.84	5703485	39338312.00
20150212	6.87	6.90	6.80	6.90	5987316	41418736.00
20150213	6.90	7.06	6.90	7.03	11730074	82957200.00
20150216	7.05	7.30	7.03	7.28	24658639	178462160.00
20150217	7.45	8.01	7.44	8.01	94467531	749595456.00
20150225	8.04	8.60	7.95	8.30	127500437	1066413760.00
20150226	8.19	8.27	7.96	8.24	56871438	464863200.00
20150227	8.15	8.36	8.08	8.26	46300127	383910240.00
20150302	8.29	8.50	8.17	8.46	51626709	435851328.00
20150303	8.37	8.51	8.12	8.14	44824848	373223040.00
20150304	8.06	8.30	8.06	8.28	31019705	256143040.00
20150305	8.22	8.67	8.19	8.48	52810240	451120512.00
20150306	8.52	8.61	8.16	8.29	28894484	242274736.00
20150309	8.24	8.50	8.05	8.42	27944703	232993744.00
20150310	8.37	8.58	8.33	8.35	29052506	247055184.00
20150311	8.31	8.38	8.12	8.35	24990944	207664048.00
20150312	8.42	8.48	8.13	8.26	27222745	227612512.00
20150313	8.26	8.34	8.17	8.29	17973023	149372672.00
20150316	8.36	8.53	8.30	8.52	40690461	345455616.00
20150317	8.57	8.86	8.50	8.68	47777258	417861600.00
20150318	8.73	8.99	8.69	8.85	40270368	358784896.00
20150319	8.79	8.84	8.64	8.79	36267936	319208416.00
20150320	8.75	8.97	8.72	8.79	29664803	263620496.00
20150323	8.81	8.90	8.73	8.84	33285225	295354176.00
20150324	8.83	8.84	8.45	8.68	38534564	334998240.00
20150325	8.64	8.81	8.51	8.73	33242916	288684288.00
20150326	8.74	9.39	8.62	9.24	65590789	594740864.00
20150327	9.22	9.30	9.05	9.14	37798430	348936320.00
20150330	9.14	9.24	9.06	9.18	29800136	274197856.00
20150331	9.17	9.42	9.14	9.17	41135425	383718976.00
20150401	9.11	9.29	9.06	9.23	31606997	292099584.00
20150402	9.24	9.59	9.18	9.55	51450416	486062528.00
20150403	9.39	9.61	9.34	9.53	36403635	347454368.00
20150407	9.52	9.84	9.52	9.60	39264152	380701216.00
20150408	9.60	9.66	9.20	9.29	34074575	321564864.00
20150409	9.30	9.32	8.76	8.97	33849785	306412096.00
20150410	8.94	9.21	8.85	9.16	20510709	187525088.00
20150413	9.15	9.62	9.15	9.48	31531059	297875264.00
20150414	9.49	9.72	9.32	9.62	35582422	342002592.00
20150415	9.66	9.71	9.14	9.16	25757592	244914464.00
20150416	8.99	9.31	8.77	9.25	23809849	218168992.00
20150417	9.26	9.43	9.20	9.30	29180608	273562656.00
20150420	9.24	9.25	8.85	8.92	38160221	348567104.00
20150421	8.91	9.38	8.91	9.35	26759560	246817984.00
20150422	9.40	10.07	9.40	9.95	58322599	576014336.00
20150423	9.99	10.88	9.89	10.85	67773088	712001984.00
20150424	10.62	10.77	10.32	10.61	41389125	439697248.00
20150427	10.79	10.92	10.29	10.47	36227088	383749056.00
20150428	10.43	10.43	9.79	9.99	39496222	399796896.00
20150429	10.02	10.22	10.01	10.12	21599876	219626496.00
20150430	10.14	10.22	9.93	9.95	23859457	240555072.00
20150504	9.94	10.29	9.84	10.22	25495410	258504496.00
20150505	10.17	10.20	9.65	9.71	23480993	234095504.00
20150506	9.71	9.96	9.35	9.43	18936855	185394480.00
20150507	9.42	9.50	8.89	9.03	16411905	151969504.00
20150508	9.14	9.29	9.02	9.28	17361698	159855440.00
20150511	9.42	9.78	9.28	9.76	21095507	202664864.00
20150512	9.74	9.98	9.67	9.78	20119485	198656736.00
20150513	9.81	10.38	9.68	10.08	35504156	361444416.00
20150514	10.09	10.35	9.88	10.18	28765529	291871520.00
20150515	10.04	10.17	9.64	9.67	22290907	221235184.00
20150518	9.69	9.90	9.45	9.83	20066467	197062768.00
20150519	9.75	10.31	9.75	10.28	25811354	263019760.00
20150520	10.44	10.57	10.17	10.19	36987733	386281568.00
20150521	10.23	10.53	10.14	10.50	29915465	312590912.00
20150522	10.74	11.56	10.35	11.56	54091031	601178176.00
20150525	11.44	12.71	11.34	12.18	72286120	871869952.00
20150526	12.22	12.89	11.95	12.51	47564385	592754368.00
20150527	12.49	12.49	11.94	12.24	39063383	478758016.00
20150528	12.24	13.23	12.07	12.18	63384618	811405440.00
20150529	12.24	13.40	10.97	13.40	67685324	869111296.00
20150601	13.95	14.64	13.75	14.20	60948912	869267456.00
20150602	14.34	15.63	13.69	15.63	56348797	824137920.00
20150603	15.72	17.20	15.25	17.20	59987721	979904256.00
20150604	17.18	17.18	15.47	16.56	54388316	888670464.00
20150605	17.20	17.29	15.74	16.16	47351724	777077440.00
20150608	15.73	15.73	15.02	15.18	43052215	659430912.00
20150701	13.67	13.67	13.67	13.67	5361000	73499312.00
20150702	12.30	12.30	12.30	12.30	1323800	16335692.00
20150703	11.07	11.07	11.07	11.07	1094300	12157673.00
20150706	11.01	12.07	9.96	9.96	56829510	608180672.00
20150707	8.96	8.96	8.96	8.96	1136700	10230300.00
20150713	9.86	9.86	9.36	9.86	20018650	197433472.00
20150714	10.55	10.85	9.96	10.85	87092174	928948352.00
20150715	10.19	10.41	9.76	9.76	33355556	332684672.00
20150716	8.78	9.91	8.78	9.06	53802961	496363648.00
20150717	9.19	9.76	8.97	9.51	40493912	382032960.00
20150720	9.54	9.95	9.32	9.61	45219435	436460352.00
20150721	9.54	10.50	9.22	10.29	57681555	572020736.00
20150722	10.10	10.50	9.88	10.18	54602404	561026112.00
20150723	10.28	10.76	10.16	10.63	53127736	559931904.00
20150724	10.79	11.10	10.41	10.51	59452368	644285440.00
20150727	10.14	10.45	9.46	9.46	34991257	350567520.00
20150728	8.53	9.16	8.51	8.51	50744011	439857440.00
20150729	8.73	8.94	7.96	8.86	38990266	333716064.00
20150730	8.76	9.15	8.47	8.59	40873383	364023264.00
20150731	8.36	8.60	8.07	8.25	26980407	225976176.00
20150803	8.08	8.21	7.48	7.61	25398750	199599648.00
20150804	7.75	8.36	7.67	8.32	27194903	218138016.00
20150805	8.26	8.49	8.12	8.21	30712439	256351456.00
20150806	8.00	8.51	7.88	8.44	26968132	223608448.00
20150807	8.54	8.82	8.46	8.73	32585642	283302208.00
20150810	8.89	9.35	8.75	9.25	38370931	348203552.00
20150811	9.22	9.41	9.07	9.21	39695127	367954016.00
20150812	9.09	9.31	8.96	8.96	31223957	286232640.00
20150813	8.96	9.38	8.88	9.36	34307818	315666368.00
20150814	9.46	10.03	9.34	9.75	48992251	473214880.00
20150817	9.64	10.01	9.44	9.86	40508191	395797376.00
20150818	9.84	9.86	8.87	8.87	38178641	358553920.00
20150819	8.46	9.11	8.01	8.91	32515199	278794496.00
20150820	8.67	9.40	8.62	8.78	34226543	311904896.00
20150821	8.69	8.84	8.07	8.26	21523004	183776992.00
20150824	7.70	7.88	7.43	7.43	20668920	156173584.00
20150825	6.71	6.93	6.68	6.68	22179406	149912736.00
20150826	6.65	6.89	6.02	6.10	35692071	234068016.00
20150827	6.29	6.56	5.94	6.41	25794550	162000336.00
20150828	6.54	7.01	6.43	6.93	31943755	215346096.00
20150831	6.81	6.89	6.51	6.73	21503217	144212032.00
20150901	6.62	6.67	6.05	6.05	27476620	171935744.00
20150902	5.75	6.29	5.66	5.72	21303231	126884928.00
20150907	5.89	6.30	5.89	6.04	23571321	145232208.00
20150908	6.05	6.49	5.98	6.47	24517765	153724832.00
20150909	6.50	6.76	6.41	6.74	30849811	205846048.00
20150910	6.59	6.69	6.50	6.52	16413974	109106792.00
20150911	6.47	6.68	6.39	6.59	20938485	137808528.00
20150914	6.58	6.64	5.93	5.93	32514947	200582752.00
20150915	5.66	5.88	5.37	5.44	19767711	112730272.00
20150916	5.55	5.99	5.51	5.98	19625554	113530304.00
20150917	5.98	6.16	5.79	5.82	25116448	151293376.00
20150918	5.87	5.97	5.76	5.95	14339876	84668528.00
20150921	5.86	6.20	5.81	6.17	18349238	111765792.00
20150922	6.19	6.33	6.13	6.23	21477832	134301248.00
20150923	6.10	6.17	5.96	6.05	18007313	109928456.00
20150924	6.10	6.31	6.06	6.30	20222022	125902608.00
20150925	6.24	6.29	5.92	6.05	20373053	124743944.00
20150928	6.04	6.16	5.93	6.15	11084890	67685392.00
20150929	6.03	6.07	5.95	5.99	10239700	61894052.00
20150930	6.02	6.09	5.98	6.05	9222730	56100448.00
20151008	6.31	6.38	6.19	6.29	17017402	107790848.00
20151009	6.29	6.51	6.26	6.44	20125623	129471152.00
20151012	6.49	6.89	6.45	6.76	29651343	198653248.00
20151013	6.70	6.94	6.66	6.88	29615305	203641392.00
20151014	6.79	7.11	6.75	6.90	35160944	244685696.00
20151015	6.82	7.12	6.78	7.10	32092596	225867248.00
20151016	7.16	7.22	6.93	7.14	32998104	235233120.00
20151019	7.16	7.18	6.92	7.08	28054532	199527200.00
20151020	7.03	7.31	7.02	7.28	30518954	221108928.00
20151021	7.27	7.31	6.55	6.57	38919939	273394112.00
20151022	6.61	6.92	6.60	6.76	12104441	82164336.00
20151224	7.44	7.44	7.44	7.44	827964	6193171.00
20151225	8.19	8.19	8.19	8.19	4772153	39274820.00
20151228	8.62	8.96	8.28	8.40	94045448	811644992.00
20151229	8.38	8.38	7.98	8.13	39883949	326084192.00
20151230	8.13	8.35	8.09	8.21	28593026	236444288.00
20151231	8.16	8.23	7.85	7.86	27402591	220292512.00
20160104	7.88	7.94	7.29	7.36	20986776	160241664.00
20160105	7.07	7.56	6.98	7.52	28258193	207813024.00
20160106	7.53	7.80	7.44	7.74	24616188	187598000.00
20160107	7.55	7.55	6.96	6.96	6183800	44442164.00
20160108	7.16	7.24	6.48	7.01	21921696	154970880.00
20160111	6.77	6.93	6.31	6.31	20886697	138697536.00
20160112	6.36	6.41	5.99	6.14	18971422	118444712.00
20160113	6.20	6.31	5.91	5.95	13700415	84740560.00
20160114	5.71	6.19	5.64	6.16	15883154	95135728.00
20160115	6.09	6.14	5.76	5.83	13511933	81276840.00
20160118	5.66	6.05	5.61	5.98	10781265	64307644.00
20160119	5.96	6.30	5.94	6.23	13845628	85576328.00
20160120	6.18	6.29	6.07	6.16	11847982	73743216.00
20160121	6.11	6.26	5.90	5.92	12424509	76300240.00
20160122	6.04	6.07	5.82	6.03	10375008	62402192.00
20160125	6.10	6.15	6.01	6.10	10058304	61661620.00
20160126	6.05	6.05	5.49	5.49	14887628	86729320.00
20160127	5.57	5.62	5.16	5.46	16681838	90669184.00
20160128	5.41	5.51	5.25	5.27	11120922	60364668.00
20160129	5.26	5.52	5.22	5.47	11981292	65134000.00
20160201	5.46	5.48	5.28	5.37	9638142	52377056.00
20160202	5.41	5.63	5.35	5.59	11774463	65648260.00
20160203	5.60	5.79	5.59	5.72	22409476	127990272.00
20160204	5.68	5.87	5.63	5.82	20650512	119627640.00
20160205	5.82	5.89	5.69	5.75	13584169	79172128.00
20160215	5.51	5.79	5.47	5.76	8359712	47514496.00
20160216	5.77	6.00	5.77	5.96	13142085	78237168.00
20160217	5.92	6.04	5.86	6.01	13362643	80172048.00
20160218	6.04	6.17	6.00	6.04	17763034	108543208.00
20160219	6.00	6.07	5.96	6.03	9431432	57137368.00
20160222	6.08	6.25	6.04	6.24	17697015	109736920.00
20160223	6.23	6.54	6.19	6.50	26515685	169246192.00
20160224	6.42	6.71	6.26	6.68	27342146	178613904.00
20160225	6.57	6.60	6.01	6.01	25474154	160764528.00
20160226	6.04	6.29	5.95	6.19	15543689	95638032.00
20160229	6.18	6.18	5.61	5.80	13894869	80972432.00
20160301	5.76	6.01	5.76	5.96	10884782	64665160.00
20160302	5.96	6.36	5.92	6.31	18415159	114471680.00
20160303	6.35	6.56	6.27	6.40	23439119	151033152.00
20160304	6.45	6.72	6.18	6.36	30314237	198458560.00
20160307	6.46	6.65	6.40	6.62	21081573	138269776.00
20160308	6.66	6.66	6.24	6.58	19843862	129018864.00
20160309	6.36	6.42	6.17	6.24	12002842	76077088.00
20160310	6.28	6.32	6.04	6.07	9714410	60538048.00
20160311	6.02	6.08	5.91	6.06	8746823	52900536.00
20160314	6.12	6.35	6.10	6.29	9658372	60781136.00
20160315	6.24	6.29	6.11	6.14	6811520	42356984.00
20160316	6.17	6.23	6.00	6.02	7448908	45621912.00
20160317	6.05	6.29	6.04	6.22	10276657	63860580.00
20160318	6.23	6.51	6.23	6.46	15542076	99984296.00
20160321	6.49	6.71	6.46	6.66	23537041	155531136.00
20160322	6.59	6.64	6.50	6.55	13150393	86891952.00
20160323	6.55	6.70	6.46	6.67	18617086	123557376.00
20160324	6.60	6.61	6.43	6.45	14792120	97360424.00
20160325	6.46	6.56	6.40	6.53	9242193	60395392.00
20160328	6.58	6.72	6.51	6.60	19196000	128116624.00
20160329	6.56	6.86	6.37	6.75	27104371	180724816.00
20160330	6.91	7.01	6.74	6.96	33894708	234091520.00
20160331	6.86	6.98	6.82	6.87	19188503	132902600.00
20160401	6.89	6.99	6.72	6.94	17315032	119719472.00
20160405	6.97	7.15	6.88	7.04	21840837	153992448.00
20160406	7.01	7.01	6.87	6.92	15789797	110318672.00
20160407	6.97	6.97	6.69	6.70	17886979	122677832.00
20160408	6.62	6.68	6.54	6.65	13299412	88447440.00
20160411	6.70	6.83	6.69	6.75	10986008	74850624.00
20160412	6.76	6.79	6.62	6.71	8927946	60063392.00
20160413	6.75	6.98	6.74	6.88	20051353	139279232.00
20160414	6.94	6.95	6.81	6.92	11269253	77984688.00
20160415	6.91	7.02	6.89	6.96	15841832	110918248.00
20160418	6.87	6.90	6.76	6.80	11025889	75567680.00
20160419	6.82	6.86	6.73	6.81	10687703	73026088.00
20160420	6.83	6.85	6.15	6.33	18833651	122252632.00
20160421	6.35	6.50	6.28	6.34	12352603	79630464.00
20160422	6.30	6.45	6.24	6.40	7701071	49200568.00
20160425	6.36	6.44	6.27	6.36	6439535	41191800.00
20160426	6.33	6.45	6.32	6.44	5672016	36393396.00
20160427	6.44	6.62	6.42	6.47	10274216	67557984.00
20160428	6.47	6.49	6.30	6.41	6523897	41937120.00
20160429	6.37	6.44	6.37	6.38	5446696	35065112.00
20160503	6.39	6.65	6.37	6.64	14292103	94560048.00
20160504	6.59	6.67	6.58	6.64	9751242	64975752.00
20160505	6.60	6.69	6.55	6.68	8073903	53797480.00
20160506	6.64	6.71	6.33	6.34	11723389	76912352.00
20160509	6.27	6.33	5.90	5.94	13040169	79310808.00
20160510	5.98	6.02	5.93	5.97	5729099	34383600.00
20160511	6.02	6.04	5.90	5.91	5135616	30899668.00
20160512	5.84	5.86	5.66	5.84	6720933	39039692.00
20160513	5.85	5.89	5.73	5.82	4624001	27221388.00
20160516	5.83	5.99	5.78	5.98	6061585	36001068.00
20160517	5.97	6.01	5.85	5.91	7744846	46215308.00
20160518	5.77	5.86	5.62	5.71	6511499	37675032.00
20160519	5.66	5.82	5.65	5.78	6454211	37559928.00
20160520	5.71	5.84	5.70	5.84	4906172	28549744.00
20160523	5.83	6.00	5.82	5.96	6491879	38663016.00
20160524	5.95	5.96	5.78	5.84	5906262	34795824.00
20160525	5.89	5.96	5.81	5.81	4833177	28595012.00
20160526	5.83	5.88	5.67	5.84	5256417	30479156.00
20160527	5.80	5.89	5.78	5.83	4469032	26262488.00
20160530	5.81	5.85	5.67	5.78	4623533	26881644.00
20160531	5.76	6.02	5.76	6.01	9165347	54786520.00
20160601	6.02	6.18	5.99	6.13	13520501	83334320.00
20160602	6.11	6.23	6.11	6.17	7931104	49290640.00
20160603	6.19	6.29	6.10	6.20	8272560	51346592.00
20160606	6.17	6.21	6.09	6.16	5571600	34543992.00
20160607	6.15	6.17	6.07	6.12	5150020	31716524.00
20160608	6.11	6.15	6.03	6.11	6139173	37663628.00
20160613	6.05	6.05	5.77	5.79	9859297	58909332.00
20160614	5.78	5.83	5.75	5.80	4870789	28400102.00
20160615	5.77	6.04	5.73	6.02	8536051	50993656.00
20160616	5.97	6.12	5.95	6.00	11406263	69179992.00
20160617	6.01	6.14	5.97	6.04	9918039	60598656.00
20160620	6.05	6.29	5.98	6.19	17869831	110679456.00
20160621	6.16	6.24	6.06	6.08	11968250	73966288.00
20160622	6.06	6.39	6.02	6.35	19399393	121740208.00
20160623	6.26	6.69	6.20	6.48	29783393	193796256.00
20160624	6.39	6.45	6.13	6.30	21767304	138117696.00
20160627	6.28	6.44	6.22	6.38	15926638	101569376.00
20160628	6.33	6.38	6.26	6.37	11993429	76290176.00
20160629	6.36	6.48	6.32	6.40	12204211	78635232.00
20160630	6.45	6.58	6.40	6.43	14121767	92009824.00
20160701	6.44	6.48	6.30	6.33	11792900	75725016.00
20160704	6.33	6.54	6.28	6.52	16177432	105217592.00
20160705	6.51	6.76	6.47	6.66	30321770	201966384.00
20160706	6.58	6.66	6.56	6.61	16314900	108257992.00
20160707	6.61	6.74	6.55	6.63	18009300	120372336.00
20160708	6.58	6.62	6.49	6.54	11754800	77360680.00
20160711	6.54	6.59	6.46	6.49	15110000	99255824.00
20160712	6.47	6.58	6.40	6.58	13479300	88302648.00
20160713	6.59	6.64	6.57	6.61	13944700	92601728.00
20160714	6.58	6.68	6.55	6.63	12672100	84409928.00
20160715	6.63	6.83	6.60	6.69	24596400	166501504.00
20160718	6.64	6.66	6.46	6.50	17878100	117568528.00
20160719	6.51	6.55	6.46	6.53	7465200	48864452.00
20160720	6.56	6.56	6.47	6.49	7091100	46386584.00
20160721	6.49	6.55	6.44	6.49	10268600	67107208.00
20160722	6.49	6.50	6.40	6.41	8654900	56068244.00
20160725	6.41	6.49	6.31	6.49	12393800	79873280.00
20160726	6.43	6.56	6.43	6.55	10165300	66478888.00
20160727	6.54	6.57	6.17	6.20	15915123	101495352.00
20160728	6.21	6.25	6.12	6.19	8006097	49779680.00
20160729	6.22	6.23	6.11	6.12	5607928	34754012.00
20160801	6.10	6.12	5.91	6.00	9824197	59074796.00
20160802	6.01	6.07	5.99	6.06	3810717	23091144.00
20160803	6.04	6.09	6.01	6.09	5212807	31754824.00
20160804	6.10	6.16	6.06	6.15	5551607	34139332.00
20160805	6.15	6.17	6.07	6.08	5041001	30919320.00
20160808	6.10	6.26	6.08	6.25	10101729	62855092.00
20160809	6.25	6.31	6.20	6.27	6028200	37873828.00
20160810	6.27	6.29	6.20	6.23	6889700	43251592.00
20160811	6.20	6.25	6.15	6.15	5890824	36642232.00
20160812	6.16	6.26	6.14	6.24	5443869	33930240.00
20160815	6.25	6.41	6.23	6.36	10453690	66523784.00
20160816	6.38	6.43	6.35	6.42	9252751	59418172.00
20160817	6.39	6.45	6.35	6.41	7473959	48058996.00
20160818	6.38	6.48	6.38	6.46	9719176	62809024.00
20160819	6.43	6.51	6.39	6.50	8767073	56860704.00
20160822	6.54	6.57	6.37	6.41	9434700	61299228.00
20160823	6.37	7.05	6.37	7.05	80179300	558922624.00
20160824	7.19	7.52	7.14	7.33	118523400	867327232.00
20160825	7.17	7.96	6.92	7.65	114422600	847776832.00
20160826	7.37	7.46	7.16	7.22	70811900	520694848.00
20160829	7.16	7.30	7.01	7.18	38013537	272886112.00
20160830	7.16	7.31	7.07	7.21	35563999	256336432.00
20160831	7.17	7.26	7.09	7.19	25914812	186918352.00
20160901	7.17	7.21	6.92	6.94	31186601	220916320.00
20160902	6.92	7.02	6.83	6.93	22297602	155038496.00
20160905	6.95	7.22	6.90	7.16	33991016	241853312.00
20160906	7.17	7.27	7.04	7.26	35293073	253967456.00
20160907	7.24	7.33	7.12	7.14	29249404	212082896.00
20160908	7.15	7.25	7.08	7.24	20585300	148549904.00
20160909	7.20	7.24	7.01	7.03	19447700	139505776.00
20160912	6.87	6.90	6.68	6.70	23029516	156562192.00
20160913	6.78	7.00	6.72	6.98	24216166	166850320.00
20160914	6.89	6.91	6.79	6.82	13295965	91529080.00
20160919	6.82	6.97	6.81	6.93	12033004	83455056.00
20160920	6.90	7.04	6.84	7.02	16857853	117587136.00
20160921	6.97	7.02	6.90	6.93	11043738	77138312.00
20160922	6.96	7.02	6.90	6.92	12334499	86190232.00
20160923	6.94	7.01	6.83	6.89	11687817	81423432.00
20160926	6.87	6.88	6.67	6.68	15533874	105430640.00
20160927	6.66	6.75	6.56	6.74	12293002	82163712.00
20160928	6.76	6.76	6.65	6.68	7039869	47407744.00
20160929	6.69	6.80	6.68	6.75	9540620	64774852.00
20160930	6.73	6.89	6.71	6.84	11415990	78310512.00
20161010	6.84	7.10	6.81	7.09	22184999	155515008.00
20161011	7.06	7.10	7.00	7.06	15841470	112111704.00
20161012	7.04	7.12	7.00	7.10	13831169	98233768.00
20161013	7.09	7.11	7.01	7.05	11889583	84148352.00
20161014	7.04	7.05	6.94	6.98	12204590	85532448.00
20161017	6.98	7.02	6.83	6.85	11931035	83256064.00
20161018	6.87	7.06	6.82	7.05	13052873	91508696.00
20161019	7.05	7.15	7.01	7.10	18070115	128672872.00
20161020	7.11	7.12	7.03	7.06	9824883	69730664.00
20161021	7.07	7.10	6.88	6.99	11910141	83591952.00
20161024	6.99	7.08	6.96	7.07	10985163	77636456.00
20161025	7.06	7.22	7.04	7.18	19766501	141951040.00
20161026	7.16	7.24	6.98	7.16	13475382	96563320.00
20161027	7.18	7.28	7.14	7.26	20840961	151011728.00
20161028	7.29	7.35	7.09	7.12	24603057	178919136.00
20161031	7.13	7.15	6.99	7.13	11338817	80447368.00
20161101	7.13	7.23	7.08	7.18	12563900	90325312.00
20161102	7.16	7.31	7.09	7.29	21259200	153716560.00
20161103	7.44	7.68	7.36	7.38	47978357	360983072.00
20161104	7.30	7.47	7.29	7.41	26765400	198053056.00
20161107	7.42	7.75	7.38	7.71	47835722	366253344.00
20161108	7.77	7.82	7.58	7.69	29152054	223926304.00
20161109	7.65	7.94	7.42	7.71	46044467	354561472.00
20161110	7.72	8.05	7.68	7.89	47612864	376595840.00
20161111	7.84	8.00	7.76	7.84	35553587	280510240.00
20161114	7.71	7.77	7.62	7.70	29824369	230009680.00
20161115	7.68	7.75	7.63	7.69	17257598	133233168.00
20161116	7.69	7.71	7.58	7.59	17678600	135232144.00
20161117	7.56	7.67	7.50	7.59	12483500	95147536.00
20161118	7.57	7.64	7.45	7.47	15334900	115999536.00
20161121	7.48	7.56	7.46	7.51	11146900	84038976.00
20161122	7.59	7.77	7.59	7.67	21867556	168556000.00
20161123	7.64	7.83	7.54	7.58	20005763	154214800.00
20161124	7.56	7.74	7.51	7.63	19416200	149123328.00
20161125	7.64	7.64	7.25	7.43	23126900	171798176.00
20161128	7.44	7.45	7.35	7.42	11841600	88100288.00
20161129	7.37	7.52	7.28	7.30	14984200	111616304.00
20161130	7.32	7.35	7.11	7.14	13891000	100456416.00
20161201	7.17	7.26	7.17	7.20	8270834	59894640.00
20161202	7.22	7.25	7.07	7.08	9517336	68391720.00
20161205	7.05	7.09	6.97	7.03	7223600	51064504.00
20161206	7.06	7.14	7.05	7.09	4994800	35642924.00
20161207	7.10	7.22	7.07	7.21	7250800	52190780.00
20161208	7.22	7.25	7.16	7.17	6537300	47305576.00
20161209	7.17	7.27	7.15	7.19	7265400	52645392.00
20161212	7.19	7.22	6.70	6.71	13348672	92703200.00
20161213	6.72	6.87	6.68	6.81	6253042	42541404.00
20161214	6.80	7.09	6.76	6.89	10720002	74663688.00
20161215	6.87	7.09	6.83	7.02	9530669	66772332.00
20161216	6.94	7.05	6.94	7.02	5882353	41391048.00
20161219	7.03	7.18	7.00	7.11	9833004	70148592.00
20161220	7.08	7.13	7.01	7.11	7015872	49755532.00
20161221	7.10	7.15	7.08	7.12	5964804	42583172.00
20161222	7.11	7.11	7.01	7.07	5925014	42041488.00
20161223	7.07	7.08	6.93	6.94	6645822	46716180.00
20161226	6.92	7.01	6.77	7.01	9639350	66514264.00
20161227	6.98	7.10	6.96	7.06	6103603	43125792.00
20161228	7.07	7.13	7.03	7.06	5619312	39952608.00
20161229	7.02	7.11	7.01	7.04	4044700	28644480.00
20161230	6.98	7.22	6.98	7.11	10853800	77672240.00
20170103	7.10	7.23	7.09	7.17	9538882	68656776.00
20170104	7.17	7.24	7.11	7.24	12145495	87630920.00
20170105	7.22	7.36	7.19	7.30	14963618	109703160.00
20170106	7.25	7.38	7.23	7.35	12867775	94639592.00
20170109	7.35	7.38	7.23	7.38	9998898	73487576.00
20170110	7.32	7.38	7.27	7.30	9516930	69896120.00
20170111	7.27	7.32	7.16	7.16	7939704	57617652.00
20170112	7.16	7.46	7.16	7.40	23888720	176278896.00
20170113	7.39	7.39	6.93	7.02	19784129	142307056.00
20170116	6.99	7.01	6.32	6.66	19115337	129192760.00
20170117	6.63	6.73	6.55	6.72	10560140	70645584.00
20170118	6.77	6.88	6.69	6.72	9476530	64726796.00
20170119	6.72	6.76	6.68	6.73	6196926	41831496.00
20170120	6.72	6.86	6.72	6.84	5451254	37268696.00
20170123	6.84	7.00	6.84	6.95	7915621	55114108.00
20170124	6.95	6.98	6.85	6.91	5723601	39741336.00
20170125	6.92	6.97	6.87	6.93	4625194	32116428.00
20170126	6.92	6.98	6.91	6.94	4166500	29052836.00
20170203	6.94	6.98	6.90	6.96	3626053	25287474.00
20170206	6.93	7.02	6.93	7.01	5450861	38260260.00
20170207	7.00	7.03	6.93	6.99	6018554	42201192.00
20170208	6.99	7.07	6.90	7.05	7443700	52261232.00
20170209	7.05	7.11	7.03	7.10	6368656	45323760.00
20170210	7.10	7.27	7.07	7.19	12143294	87760184.00
20170213	7.20	7.32	7.17	7.28	10428405	75807072.00
20170214	7.24	7.28	7.18	7.25	7470411	54259808.00
20170215	7.24	7.29	7.15	7.16	11219277	81328320.00
20170216	7.15	7.44	7.15	7.37	23000095	169501824.00
20170217	7.37	7.39	7.15	7.27	14185749	103430688.00
20170220	7.26	7.49	7.22	7.47	19333900	143147872.00
20170221	7.43	7.50	7.34	7.47	17812408	132739392.00
20170222	7.41	7.52	7.40	7.46	12132321	90751144.00
20170223	7.45	7.45	7.32	7.38	11640528	86159832.00
20170224	7.37	7.41	7.29	7.39	10959000	80962504.00
20170227	7.39	7.39	7.23	7.24	8718800	63941272.00
20170228	7.27	7.34	7.25	7.31	5829303	42703112.00
20170301	7.30	7.59	7.25	7.46	23009788	171897296.00
20170302	7.42	7.62	7.41	7.49	21029941	158508272.00
20170303	7.45	7.47	7.33	7.35	11830367	87749000.00
20170306	7.36	7.56	7.35	7.54	14034644	105355360.00
20170307	7.52	7.66	7.49	7.54	15077200	114502464.00
20170308	7.52	7.65	7.42	7.62	14056312	106251152.00
20170309	7.59	7.59	7.37	7.39	13461022	100640952.00
20170310	7.44	7.45	7.28	7.31	9955155	73639984.00
20170313	7.29	7.38	7.23	7.37	7088783	52215104.00
20170314	7.39	7.39	7.22	7.23	10098588	73878312.00
20170315	7.26	7.31	7.20	7.24	7279322	53018936.00
20170316	7.27	7.83	7.27	7.68	40095022	305688736.00
20170317	7.93	8.31	7.82	7.88	73729325	592723648.00
20170320	7.72	7.96	7.72	7.85	36801400	288837664.00
20170321	7.85	7.86	7.63	7.65	29133700	225249328.00
20170322	7.57	7.66	7.50	7.61	21735499	165262032.00
20170323	7.59	7.63	7.38	7.48	23237627	174938464.00
20170324	7.44	7.53	7.36	7.49	15362700	114791880.00
20170327	7.47	7.71	7.46	7.65	20968940	160065632.00
20170328	7.62	7.62	7.37	7.40	17780985	133484400.00
20170329	7.43	7.50	7.33	7.37	11543982	86006392.00
20170330	7.33	7.47	7.26	7.37	13037880	96369424.00
20170331	7.35	7.42	7.25	7.35	9324146	68730304.00
20170405	7.33	7.53	7.33	7.53	10835682	81072696.00
20170406	7.53	7.61	7.49	7.58	11817717	89587840.00
20170407	7.53	7.63	7.47	7.51	10244016	77512680.00
20170410	7.49	7.65	7.48	7.57	14527200	110534304.00
20170411	7.57	7.63	7.24	7.41	21126100	157077648.00
20170412	7.36	7.39	7.27	7.28	11071100	81299360.00
20170413	7.26	7.33	7.22	7.24	8571900	62609192.00
20170414	7.22	7.26	6.98	7.02	12781469	91026320.00
20170417	7.04	7.05	6.90	6.98	6748323	47343296.00
20170418	6.98	7.03	6.89	6.89	4555134	31880558.00
20170419	6.82	6.87	6.33	6.79	10945757	73488720.00
20170420	6.79	6.84	6.54	6.74	7214385	48768316.00
20170421	6.75	6.82	6.72	6.77	3889560	26415484.00
20170424	6.71	6.71	6.15	6.19	12775900	82057104.00
20170425	6.24	6.31	6.19	6.25	6820600	42917860.00
20170426	6.27	6.40	6.25	6.34	4980300	31772716.00
20170427	6.30	6.38	6.06	6.36	7410800	46344040.00
20170428	6.34	6.43	6.28	6.40	4159253	26615164.00
20170502	6.40	6.41	6.30	6.37	4153784	26526492.00
20170503	6.36	6.40	6.27	6.32	4078052	25950568.00
20170504	6.30	6.38	6.25	6.34	3906500	24840562.00
20170505	6.30	6.34	6.10	6.13	5580100	34752456.00
20170508	6.10	6.12	5.97	5.99	5820000	35434480.00
20170509	6.00	6.11	5.98	6.09	4111000	25003584.00
20170510	6.09	6.14	5.89	5.92	5040400	30475428.00
20170511	5.92	5.97	5.71	5.93	6784500	39984892.00
20170512	5.79	5.94	5.79	5.93	3804298	22534180.00
20170515	5.96	5.96	5.90	5.92	2485817	14827759.00
20170516	5.92	6.08	5.82	6.08	4874649	29324588.00
20170517	6.07	6.19	6.04	6.08	4473400	27413324.00
20170518	6.06	6.10	6.00	6.04	3132800	19065716.00
20170519	6.05	6.07	6.00	6.06	2237120	13571705.00
20170522	6.03	6.06	5.87	5.91	3885718	23295284.00
20170523	5.91	5.93	5.67	5.69	6883800	40085872.00
20170524	5.69	5.75	5.56	5.72	3935800	22417884.00
20170525	5.72	5.82	5.64	5.82	4475100	25925590.00
20170526	5.81	5.87	5.78	5.80	2638400	15420288.00
20170531	5.87	5.90	5.79	5.79	3361020	19719020.00
20170601	5.80	5.80	5.57	5.60	2880624	16476133.00
20170602	5.62	5.75	5.48	5.71	3927050	22159492.00
20170605	5.71	5.78	5.71	5.74	2255735	13046479.00
20170606	5.73	5.81	5.71	5.81	2740216	15925178.00
20170607	5.77	5.94	5.77	5.92	3795863	22449728.00
20170608	5.93	5.94	5.83	5.88	3233739	19015162.00
20170609	5.89	5.90	5.84	5.89	2877945	16887072.00
20170612	5.86	5.88	5.72	5.75	3474200	20165640.00
20170613	5.79	5.89	5.72	5.87	3591880	21001452.00
20170614	5.87	6.00	5.85	5.97	5680908	33718648.00
20170615	5.90	6.07	5.90	5.99	5654165	33914972.00
20170616	5.99	6.03	5.94	6.01	4014302	24041482.00
20170619	6.03	6.04	5.96	6.04	3353134	20131112.00
20170620	6.04	6.08	6.00	6.03	4439281	26797594.00
20170621	6.03	6.04	5.96	6.03	2799891	16808344.00
20170622	6.04	6.04	5.88	5.89	3610604	21570108.00
20170623	5.90	5.92	5.76	5.91	3953339	23126716.00
20170626	5.91	6.24	5.88	6.11	8585483	51975332.00
20170627	6.30	6.46	6.19	6.22	21722415	137386656.00
20170628	6.13	6.21	6.07	6.13	10021952	61343408.00
20170629	6.10	6.16	6.05	6.10	5831676	35631872.00
20170630	6.07	6.23	6.06	6.15	7330680	45126548.00
20170703	6.10	6.19	6.09	6.19	3979150	24469744.00
20170704	6.13	6.22	6.12	6.14	3991735	24598668.00
20170705	6.13	6.24	6.12	6.23	5904105	36614328.00
20170706	6.23	6.39	6.20	6.36	13410696	84677504.00
20170707	6.32	6.60	6.26	6.49	13111277	84198872.00
20170710	6.44	6.55	6.35	6.40	10530127	67889248.00
20170711	6.40	6.44	6.23	6.25	7712801	48693064.00
数据来源:通达信
