600096 云天化 日线 前复权
      日期	    开盘	    最高	    最低	    收盘	    成交量	    成交额
20111010	19.60	20.05	19.28	19.31	2931049	58603408.00
20111011	19.90	20.00	18.40	18.63	6260671	122341776.00
20111012	18.68	19.67	18.30	19.39	6590611	126787176.00
20111013	19.28	19.70	19.10	19.53	5241256	103421280.00
20111014	19.46	19.79	19.35	19.68	3649815	72734000.00
20111017	19.70	20.11	19.56	19.91	3516650	70812888.00
20111018	19.78	20.20	19.00	19.04	3818089	75488608.00
20111019	18.69	19.29	18.69	19.18	2079252	40165232.00
20111020	18.96	19.16	18.00	18.13	4209242	78571728.00
20111021	18.14	18.20	17.40	17.56	3181812	57494904.00
20111024	17.59	17.91	17.16	17.77	3173695	56607952.00
20111025	17.83	18.39	17.78	18.30	5422080	100205232.00
20111027	18.50	18.88	18.24	18.34	3805200	71449184.00
20111028	18.78	19.47	18.60	19.22	6788941	131799992.00
20111031	19.25	19.90	19.25	19.61	6282637	125384712.00
20111101	19.40	19.73	19.14	19.33	5302707	104369960.00
20111102	19.04	19.36	18.57	19.34	4804887	92240232.00
20111103	19.50	19.79	19.34	19.57	6123862	121934992.00
20111104	19.85	20.60	19.85	20.40	10625148	217910736.00
20111107	20.34	20.50	19.95	20.13	5148441	105403456.00
20111108	20.14	20.34	19.46	19.51	3880897	78279464.00
20111109	19.66	19.96	19.50	19.88	2731457	54736068.00
20111110	19.65	19.81	19.49	19.72	3282636	65394832.00
20111111	19.70	19.95	19.41	19.63	2561532	51021316.00
20111114	19.90	20.00	19.63	19.91	4226120	85151168.00
20111115	19.97	20.20	19.68	20.19	6018519	121474944.00
20111116	20.06	20.28	19.68	19.84	4834940	97866584.00
20111117	19.81	19.84	19.43	19.44	4095326	81494800.00
20111118	19.38	19.48	18.77	18.97	3699110	71497280.00
20111121	18.95	18.95	18.14	18.33	5499947	102730712.00
20111122	18.15	18.34	17.92	18.31	3600854	66316112.00
20111123	18.31	18.38	18.04	18.05	2165920	40012232.00
20111124	17.93	18.75	17.79	18.60	3904467	72951088.00
20111125	18.48	18.59	18.19	18.29	2067227	38659328.00
20111128	18.38	18.40	18.09	18.32	1668394	30922376.00
20111129	18.50	18.70	18.30	18.62	3105174	58467452.00
20111130	18.69	18.69	17.75	17.99	2957264	54640408.00
20111201	18.60	19.15	18.50	18.58	8277320	158430768.00
20111202	18.45	18.75	18.33	18.73	4826984	91123936.00
20111205	18.72	18.80	18.25	18.33	1469417	27453188.00
20111206	18.27	18.55	17.58	17.84	3228562	58686972.00
20111207	17.85	18.14	17.71	18.01	1501109	27387684.00
20111208	18.05	18.18	17.70	17.96	1279093	23360008.00
20111209	17.90	18.06	17.61	17.69	1596060	28932988.00
20111212	17.67	17.80	17.13	17.62	874595	15691032.00
20111213	17.45	17.59	16.94	16.94	2854332	49904224.00
20111214	16.87	17.09	16.13	16.46	2549319	43212536.00
20111215	16.40	16.40	15.60	15.65	2817951	45666932.00
20111216	15.65	15.93	15.32	15.86	2841388	45382096.00
20111219	15.80	16.05	15.46	16.01	2806921	44930780.00
20111220	15.98	16.30	15.92	15.95	1832678	30060258.00
20111221	16.19	16.30	15.45	15.57	2581115	41758184.00
20111222	15.51	15.51	14.75	15.05	5830303	89030776.00
20111223	15.06	15.24	14.80	15.01	3522236	53979288.00
20111226	15.06	15.22	14.59	14.98	2344886	35787816.00
20111227	14.97	14.97	14.39	14.49	2212238	33125652.00
20111228	14.40	14.69	14.20	14.52	2725179	40254968.00
20111229	14.30	14.62	14.28	14.50	2688843	39687784.00
20111230	14.55	14.66	14.36	14.58	2704115	40126452.00
20120104	14.69	14.80	13.66	13.86	3750555	54388648.00
20120105	13.70	13.70	12.44	12.44	11015754	144273712.00
20120106	12.30	12.40	11.78	12.20	10673767	131103584.00
20120109	12.12	12.87	11.87	12.81	8385743	107322168.00
20120110	12.80	13.93	12.70	13.81	11028883	151576048.00
20120111	13.89	14.27	13.68	13.69	6940531	98774640.00
20120112	13.69	14.32	13.55	14.09	7088851	101388136.00
20120113	14.09	14.09	13.19	13.46	7645942	105897352.00
20120116	13.20	13.46	12.90	12.92	3479797	46975868.00
20120117	12.93	14.19	12.82	14.12	5902343	82065744.00
20120118	14.15	14.70	14.02	14.21	6549947	96512192.00
20120119	14.13	14.73	14.00	14.58	4842422	71714448.00
20120120	14.40	14.84	14.40	14.73	4979898	74603296.00
20120130	14.72	14.85	14.48	14.59	2953949	44243908.00
20120131	14.53	14.70	14.40	14.54	1754480	26028690.00
20120201	14.51	14.60	13.85	13.95	4192512	61002888.00
20120202	14.02	14.43	13.85	14.39	2956945	42662420.00
20120203	14.41	15.24	14.22	15.07	5956637	90430800.00
20120206	15.08	15.60	14.76	15.53	5690813	89377168.00
20120207	15.40	15.40	14.89	15.08	3204448	49322724.00
20120208	14.96	15.98	14.86	15.90	5190067	82130704.00
20120209	15.86	16.18	15.60	15.74	5851931	94688376.00
20120606	17.34	17.34	17.34	17.34	22496510	396838432.00
20120607	17.48	18.00	16.37	16.97	51361653	894671872.00
20120608	16.78	16.78	15.96	16.02	21277981	354017536.00
20120611	15.83	15.98	15.28	15.51	17324719	273591008.00
20120612	15.34	16.06	15.12	15.72	15307824	243663712.00
20120613	15.59	15.80	15.17	15.75	15135923	239148544.00
20120614	15.57	15.69	15.11	15.17	11209083	176209840.00
20120615	15.20	15.31	14.40	14.56	15031006	226028560.00
20120618	14.57	14.76	14.40	14.59	7518380	112000240.00
20120619	14.58	14.58	14.07	14.09	11150485	162031168.00
20120620	14.12	14.29	13.97	14.00	7639420	109941792.00
20120621	13.99	13.99	13.54	13.61	8608620	120526520.00
20120625	13.40	13.50	13.10	13.12	6514166	88592624.00
20120626	13.00	13.35	12.91	13.26	5675270	76785632.00
20120627	13.26	13.33	13.04	13.09	5237961	70567728.00
20120628	13.12	13.18	12.70	12.71	4661478	61805940.00
20120629	12.63	13.03	12.51	12.96	4922277	64542480.00
20120702	13.01	13.45	13.00	13.39	7991431	108797872.00
20120703	13.45	13.47	13.15	13.26	4706399	63238900.00
20120704	13.31	13.47	13.01	13.13	3764527	50088364.00
20120705	13.13	13.13	12.41	12.57	5934553	75916576.00
20120706	12.69	12.90	12.25	12.83	6641862	84106408.00
20120709	12.69	12.73	12.26	12.28	6384126	80229848.00
20120710	12.24	12.48	12.10	12.43	4449623	55384808.00
20120711	12.40	13.07	12.21	13.06	8955584	115566896.00
20120712	12.90	13.87	12.85	13.59	14730779	199236416.00
20120713	13.60	14.03	13.48	13.59	11006766	152561328.00
20120716	13.70	13.96	13.48	13.59	9054378	125181192.00
20120717	13.55	14.03	13.35	13.95	9296487	129440040.00
20120718	13.98	14.19	13.72	14.02	6915138	96978568.00
20120719	14.00	14.10	13.66	13.77	7338584	102771200.00
20120720	13.70	13.80	13.38	13.74	6054302	82840088.00
20120723	13.65	13.84	13.45	13.48	3644483	50005988.00
20120724	13.23	13.26	12.72	12.86	8463281	110647456.00
20120725	12.71	12.83	12.50	12.58	5440477	69314384.00
20120726	12.52	12.70	12.41	12.57	3424485	43492220.00
20120727	12.64	12.71	12.54	12.65	2446890	31156708.00
20120730	12.65	12.67	12.10	12.26	5604308	69332336.00
20120731	12.20	12.27	11.33	11.51	11546855	134902288.00
20120801	11.47	11.77	11.35	11.65	4573711	53593284.00
20120802	11.60	11.68	11.33	11.39	3337838	38634796.00
20120803	11.42	11.77	11.42	11.76	4186544	49233600.00
20120806	11.76	12.06	11.70	12.04	6703791	80564336.00
20120807	12.04	12.38	12.01	12.15	5341393	65838100.00
20120808	12.11	12.34	12.10	12.18	3710217	45686740.00
20120809	12.11	12.45	12.06	12.31	5381253	66637884.00
20120810	12.30	12.47	12.15	12.43	4205813	52524788.00
20120813	12.50	12.50	11.97	11.98	3956458	48544528.00
20120814	11.99	12.11	11.67	12.05	4259108	51120396.00
20120815	12.03	12.03	11.70	11.78	4409369	52651744.00
20120816	11.82	11.90	11.69	11.78	2632199	31343460.00
20120817	11.81	12.08	11.81	11.96	4010148	48382052.00
20120820	11.93	12.06	11.81	11.99	2955321	35473904.00
20120821	11.98	12.18	11.94	12.07	3210474	39088376.00
20120822	12.06	12.06	11.77	11.85	3580744	43046000.00
20120823	11.93	12.15	11.79	12.10	4145536	50142568.00
20120824	12.02	12.26	11.98	12.00	4911990	60111920.00
20120827	11.90	11.91	11.46	11.67	3797276	44628056.00
20120828	11.70	11.82	11.47	11.70	2818516	33071144.00
20120829	11.80	11.80	11.51	11.66	2255127	26450904.00
20120830	11.68	11.70	11.40	11.56	2839485	33050950.00
20120831	11.55	11.80	11.20	11.66	2370153	27880128.00
20120903	11.65	11.81	11.46	11.75	2254639	26607520.00
20120904	11.75	11.87	11.68	11.77	2112871	25097286.00
20120905	11.72	11.94	11.64	11.74	3560030	42193236.00
20120906	11.72	11.86	11.50	11.70	4298507	50459516.00
20120907	11.79	12.43	11.74	12.24	8694915	106044472.00
20120910	12.19	12.37	12.10	12.28	6243479	76875872.00
20120911	12.20	12.34	12.06	12.33	4977108	61206464.00
20120912	12.32	12.63	12.25	12.60	8992251	113077176.00
20120913	12.59	12.75	12.33	12.37	7531627	95183104.00
20120914	12.53	12.83	12.35	12.66	7972322	101761224.00
20120917	12.70	12.77	12.11	12.28	6812019	85655264.00
20120918	12.23	12.33	11.89	12.03	4063908	49620728.00
20120919	12.02	12.16	11.74	12.03	4119402	49626088.00
20120920	12.00	12.01	11.52	11.70	4757860	56370480.00
20120921	11.70	11.81	11.53	11.70	3189407	37527892.00
20120924	11.61	11.80	11.44	11.74	3454373	40457512.00
20120925	11.70	11.76	11.56	11.72	2238815	26338620.00
20120926	11.68	12.26	11.52	12.07	7443281	89225992.00
20120927	12.00	12.45	11.87	12.25	7524915	92742576.00
20120928	12.15	12.49	12.11	12.46	6333269	78764544.00
20121008	12.42	12.55	12.15	12.27	4582288	56773948.00
20121009	12.27	12.63	12.27	12.58	5791399	72965376.00
20121010	12.55	12.57	12.34	12.55	4666045	58560700.00
20121011	12.49	12.54	12.31	12.45	4109839	51536000.00
20121012	12.44	12.67	12.40	12.61	5202256	65810424.00
20121015	12.56	12.58	12.26	12.48	3845411	48201012.00
20121016	12.40	12.54	12.24	12.30	3737536	46670580.00
20121017	12.29	12.50	12.20	12.42	3386698	42251900.00
20121018	12.38	12.87	12.27	12.77	9033344	114786584.00
20121019	12.73	12.87	12.62	12.80	4602076	59069020.00
20121022	12.75	12.98	12.63	12.95	4553262	58671764.00
20121023	12.90	13.10	12.75	12.89	5083232	66008316.00
20121024	12.90	12.92	12.74	12.85	2771865	35879540.00
20121025	12.88	12.95	12.43	12.65	3996901	51165516.00
20121026	12.68	12.70	12.25	12.48	2965022	37168992.00
20121029	12.38	12.48	12.21	12.33	2375741	29530756.00
20121030	12.33	12.56	12.19	12.38	2919044	36396968.00
20121031	12.16	12.38	12.01	12.29	3155268	38882664.00
20121101	12.31	12.56	12.25	12.51	3295058	41310228.00
20121102	12.51	12.62	12.42	12.56	2319077	29209242.00
20121105	12.50	12.60	12.41	12.54	2530829	31919644.00
20121106	12.57	12.59	12.26	12.37	2150714	26849084.00
20121107	12.36	12.50	12.31	12.44	1550715	19427144.00
20121108	12.34	12.34	12.06	12.11	3543531	43599432.00
20121109	12.05	12.12	11.91	12.01	1745195	21118912.00
20121112	11.99	12.11	11.78	12.11	2244605	27010976.00
20121113	12.11	12.11	11.82	11.92	2408827	28998436.00
20121114	12.02	12.02	11.78	11.87	2091886	25019736.00
20121115	11.85	11.85	11.46	11.66	2561079	30145424.00
20121116	11.59	12.05	11.53	11.87	2818356	33551420.00
20121123	12.20	13.06	12.06	12.44	10458990	132640712.00
20121126	12.30	12.30	11.82	11.99	8755075	106032384.00
20121127	11.99	11.99	11.58	11.79	5150102	60898120.00
20121128	11.77	11.78	11.62	11.74	2905658	34254376.00
20121129	11.86	12.09	11.70	11.76	3817572	45433768.00
20121130	11.77	11.88	11.64	11.78	3481452	41255760.00
20121203	11.99	12.37	11.65	11.72	7113433	86141912.00
20121204	11.60	11.61	10.89	11.11	7657283	86053656.00
20121205	11.00	11.56	10.94	11.31	8219159	93482952.00
20121206	11.26	11.43	11.18	11.38	4228494	48213388.00
20121207	11.39	11.89	11.38	11.80	7846718	91743976.00
20121210	11.82	12.09	11.60	12.02	9374186	112143264.00
20121211	12.20	12.36	11.93	12.06	11209908	137118352.00
20121212	12.05	12.05	11.85	11.96	5710989	68782200.00
20121213	11.96	11.96	11.40	11.50	7528562	88729400.00
20121214	11.45	12.07	11.45	12.00	10444130	124490992.00
20121217	12.00	12.69	11.91	12.44	13774786	170944400.00
20121218	12.43	12.76	12.30	12.35	9879418	124586016.00
20121219	12.36	12.48	12.20	12.28	5619573	69992968.00
20121220	12.28	12.56	12.23	12.52	6789718	85029640.00
20121221	12.52	12.76	12.41	12.48	7830291	99311584.00
20121224	12.46	12.55	12.30	12.37	4450915	55722112.00
20121225	12.35	12.73	12.25	12.60	7817530	99096384.00
20121226	12.60	12.89	12.54	12.86	7034038	90062640.00
20121227	12.84	12.91	12.52	12.53	7057272	90215224.00
20121228	12.52	12.63	12.40	12.55	7216383	91152576.00
20121231	12.51	12.89	12.51	12.86	8064908	103380624.00
20130104	12.88	12.97	12.58	12.70	7880116	100997152.00
20130107	12.63	12.78	12.56	12.72	5488175	70127176.00
20130108	12.71	12.94	12.60	12.91	7858853	101133680.00
20130109	12.97	13.26	12.83	13.10	11034229	144667232.00
20130110	13.06	13.36	12.90	13.34	10516848	139058992.00
20130111	13.30	13.37	12.84	12.87	9030524	119354120.00
20130114	12.75	13.22	12.70	13.15	10738135	141011920.00
20130115	13.15	13.56	13.10	13.30	11135723	150007536.00
20130116	13.31	13.50	13.00	13.17	8255388	110243776.00
20130117	13.16	13.33	12.86	12.92	6731873	88527736.00
20130118	13.01	13.16	12.78	13.01	8341829	109244536.00
20130121	13.05	13.28	12.93	13.18	6104604	80548432.00
20130122	13.15	13.23	12.77	12.81	6942463	90826640.00
20130123	12.82	12.93	12.59	12.83	6405643	82366632.00
20130124	12.83	13.77	12.83	13.13	17402576	233149952.00
20130125	13.11	13.43	13.01	13.35	9937710	132689304.00
20130128	13.25	13.33	13.01	13.30	10652241	141418960.00
20130129	13.24	13.75	13.18	13.54	12913324	175333888.00
20130130	13.65	13.69	13.34	13.47	9705278	131448208.00
20130131	13.40	13.74	13.32	13.50	9363838	127933848.00
20130201	13.45	13.64	13.32	13.51	7539189	102274944.00
20130204	13.50	13.55	13.26	13.45	5849686	78951288.00
20130205	13.32	13.70	13.26	13.65	9696157	132281080.00
20130206	13.65	14.05	13.59	13.74	10668839	148102480.00
20130207	13.78	13.81	13.60	13.76	5108240	70565144.00
20130208	13.85	14.22	13.72	14.05	8025854	113031536.00
20130218	14.11	14.20	13.83	13.87	5963395	83851888.00
20130219	13.85	13.94	13.46	13.65	7818191	107342424.00
20130220	13.69	13.90	13.61	13.75	6383952	88329392.00
20130221	13.65	13.65	13.08	13.26	7252975	97468384.00
20130222	13.25	13.36	13.20	13.23	3165957	42317192.00
20130225	13.24	13.30	13.00	13.17	4458803	59083384.00
20130226	13.08	13.24	12.85	12.90	4921556	64620112.00
20130227	12.92	13.06	12.85	12.99	3133169	40955780.00
20130228	13.04	13.26	12.96	13.20	4177945	55356412.00
20130301	13.19	13.26	12.96	13.15	3720211	49150504.00
20130304	13.08	13.08	12.43	12.52	7323856	93971776.00
20130305	12.53	12.75	12.50	12.73	4413492	56106680.00
20130306	12.73	12.95	12.69	12.94	5368066	69359952.00
20130307	12.88	12.98	12.70	12.77	4978476	64518448.00
20130308	12.76	12.85	12.60	12.63	4206228	53780120.00
20130311	12.54	12.72	12.53	12.63	2855153	36330908.00
20130312	12.63	12.75	12.09	12.19	5452965	67811056.00
20130313	12.20	12.28	12.09	12.12	2804739	34402120.00
20130314	12.13	12.20	11.98	12.00	2621315	31938584.00
20130315	12.02	12.22	11.88	12.05	3520731	42735904.00
20130318	11.98	12.12	11.81	11.97	2324964	28074360.00
20130319	12.05	12.74	12.00	12.65	10032427	125232152.00
20130320	12.60	12.75	12.46	12.70	7379772	93808064.00
20130321	12.71	12.76	12.60	12.75	6004829	76813360.00
20130322	12.73	12.77	12.56	12.69	4247920	54141568.00
20130325	12.65	12.72	12.45	12.53	3225870	40870120.00
20130326	12.40	12.77	12.39	12.69	5177426	65890496.00
20130327	12.66	12.73	12.43	12.50	4003699	50669924.00
20130328	12.44	12.44	11.86	11.87	5019030	61001196.00
20130329	11.88	11.98	11.79	11.80	3029171	36357288.00
20130401	11.80	11.88	11.74	11.82	2924290	34786964.00
20130402	11.80	11.97	11.72	11.95	3348527	40061504.00
20130412	12.20	12.69	11.90	11.98	15592016	193708160.00
20130415	11.72	11.77	11.11	11.26	8150198	93321528.00
20130416	11.10	11.29	10.95	11.20	4333159	48607916.00
20130417	11.21	11.25	11.07	11.19	3250249	36601892.00
20130418	11.09	11.27	11.00	11.17	2485277	27977100.00
20130419	11.25	11.45	11.21	11.35	5014467	57328692.00
20130422	11.22	11.47	11.22	11.41	3279765	37616280.00
20130423	11.42	11.45	10.96	10.97	4813255	53952296.00
20130424	11.00	11.22	10.93	11.09	3667073	41004480.00
20130425	11.10	11.17	10.80	10.86	3884464	43165816.00
20130426	10.69	10.69	10.12	10.23	7516093	78660016.00
20130502	10.37	10.60	10.31	10.44	6121381	64432616.00
20130503	10.48	10.70	10.47	10.63	4748391	50807528.00
20130506	10.65	10.74	10.46	10.64	4398638	46915144.00
20130507	10.67	10.70	10.53	10.60	3980019	42648208.00
20130508	10.67	10.77	10.59	10.65	4033687	43465328.00
20130509	10.62	10.63	10.42	10.48	4126244	43615864.00
20130510	10.48	10.64	10.45	10.59	3872066	41213248.00
20130513	10.67	11.08	10.63	10.99	7584859	83492112.00
20130514	10.91	11.21	10.81	11.18	5743813	63580136.00
20130515	11.08	11.28	11.05	11.19	5480645	61762200.00
20130516	11.23	11.24	11.08	11.16	4547053	51275476.00
20130517	11.20	11.32	11.15	11.27	4649293	52761408.00
20130520	11.24	11.43	11.21	11.29	4835707	55299608.00
20130521	11.50	11.99	11.50	11.83	11358407	135428736.00
20130522	11.82	11.83	11.60	11.66	5690869	67234488.00
20130523	11.65	11.85	11.42	11.46	6698107	78742416.00
20130524	11.46	11.64	11.42	11.53	4631663	53757696.00
20130527	11.60	11.67	11.43	11.47	5656415	65830852.00
20130528	11.47	11.47	11.21	11.44	7039408	80612576.00
20130529	11.45	11.57	11.36	11.50	7668154	88621456.00
20130530	11.48	11.54	11.24	11.35	7292467	83625160.00
20130531	11.45	11.45	11.16	11.18	5668397	64617844.00
20130603	11.24	11.24	11.10	11.14	4504858	50777876.00
20130604	11.12	11.14	10.76	10.80	5423345	59542676.00
20130605	10.78	10.78	10.60	10.68	3762435	40541116.00
20130606	10.66	10.75	10.61	10.62	2873537	31017306.00
20130607	10.62	10.72	10.29	10.34	4221003	44528888.00
20130613	10.27	10.27	9.88	9.94	4607685	46436708.00
20130614	9.96	10.10	9.90	9.98	4707732	47528624.00
20130617	10.05	10.13	9.94	10.08	3384085	34382244.00
20130618	10.08	10.18	10.00	10.13	2793172	28473298.00
20130619	10.12	10.12	9.76	9.94	3323645	33263612.00
20130620	9.88	9.94	9.52	9.52	3866929	37999744.00
20130621	9.44	9.45	9.08	9.27	6092262	56620876.00
20130624	9.22	9.25	8.34	8.45	5766547	51297736.00
20130625	8.32	8.42	7.60	8.13	7917141	64261656.00
20130626	8.10	8.14	7.92	8.04	5970656	48353792.00
20130627	8.05	8.16	7.89	7.90	5349558	43464464.00
20130628	7.89	8.08	7.80	7.89	4464401	35817232.00
20130701	7.90	8.03	7.83	8.00	3471397	27908952.00
20130702	8.05	8.05	7.92	8.04	3493808	28227024.00
20130703	8.02	8.02	7.73	7.88	4528183	36138940.00
20130704	7.86	8.58	7.79	8.32	9174212	76563352.00
20130705	8.28	9.16	8.26	8.87	16113640	143916432.00
20130708	8.61	8.63	8.33	8.44	7733753	66148400.00
20130709	8.38	8.43	8.08	8.20	5445957	45372472.00
20130710	8.19	8.60	8.13	8.59	5378758	45511416.00
20130711	8.58	8.96	8.48	8.77	8204106	72487192.00
20130712	8.71	8.77	8.38	8.40	6801132	59112528.00
20130715	8.44	8.58	8.32	8.48	5079723	43400436.00
20130716	8.44	8.57	8.33	8.56	4812592	41152272.00
20130717	8.56	8.71	8.42	8.47	5226152	45295736.00
20130718	8.38	8.43	8.16	8.20	4938906	41274384.00
20130719	8.20	8.29	7.93	7.95	4551296	37389036.00
20130722	7.89	8.05	7.82	8.03	3355187	27090180.00
20130723	8.03	8.28	8.00	8.18	4511504	37301236.00
20130724	8.21	8.26	8.01	8.24	5347834	44158128.00
20130725	8.21	8.53	8.18	8.43	8950738	75860704.00
20130726	8.40	8.84	8.27	8.67	11585855	100168256.00
20130729	8.51	8.77	8.41	8.60	6465536	56087908.00
20130730	8.60	9.06	8.27	8.75	15100656	131750440.00
20130731	8.74	9.01	8.67	8.91	15914825	142344880.00
20130801	8.86	8.97	8.74	8.87	11202538	100038208.00
20130802	8.88	8.97	8.65	8.73	8415805	74377520.00
20130805	8.65	8.77	8.56	8.75	6587641	57793628.00
20130806	8.68	8.81	8.62	8.76	5680613	50032972.00
20130807	8.74	8.79	8.59	8.65	5647609	49678220.00
20130808	8.59	8.78	8.55	8.74	5356913	47115416.00
20130809	8.76	8.99	8.70	8.94	10515003	94057616.00
20130812	8.98	9.20	8.85	9.12	10093327	92326864.00
20130813	9.12	9.29	9.02	9.07	7088946	65382136.00
20130814	9.11	9.16	8.93	8.98	5840441	53343716.00
20130815	9.00	9.15	8.90	8.93	6305956	57365176.00
20130816	8.90	9.20	8.63	8.67	10355581	92611336.00
20130819	8.63	8.85	8.58	8.80	4174863	36876800.00
20130820	8.73	8.82	8.50	8.58	5887913	51655288.00
20130821	8.65	8.72	8.48	8.69	4044529	35265312.00
20130822	8.62	8.77	8.59	8.66	3695954	32481822.00
20130823	8.68	8.81	8.44	8.57	5876658	51382568.00
20130826	8.57	8.75	8.55	8.70	4337712	38039888.00
20130827	8.71	8.88	8.65	8.87	6861345	60985356.00
20130828	8.87	9.49	8.85	9.25	18392817	171559552.00
20130829	9.21	9.23	9.04	9.05	6737332	61984488.00
20130830	9.05	9.30	9.00	9.04	7076784	65415056.00
20130926	9.95	9.95	9.95	9.95	1180307	11862085.00
20130927	10.80	10.85	9.31	9.43	34119379	345761472.00
20130930	9.29	9.64	9.08	9.34	12997643	122523168.00
20131008	9.30	9.30	9.10	9.22	9854328	91587024.00
20131009	9.22	9.27	9.04	9.22	10418519	96510808.00
20131010	9.25	9.34	9.08	9.28	10935844	101701040.00
20131011	9.25	9.33	9.18	9.32	8908559	83544440.00
20131014	9.53	9.76	9.42	9.70	14149858	137391248.00
20131015	9.70	9.71	9.45	9.55	8360128	80771216.00
20131016	9.55	9.61	9.09	9.16	8664319	81494440.00
20131017	9.20	9.28	9.11	9.16	6774713	62870468.00
20131018	9.12	9.19	9.06	9.07	4472136	41239328.00
20131021	9.10	9.16	8.80	9.15	8635606	78543320.00
20131022	9.09	9.28	8.98	9.26	8444455	78086256.00
20131023	9.23	9.25	8.98	9.03	6302917	58016040.00
20131024	8.95	9.01	8.83	8.84	4476744	40383084.00
20131025	8.85	8.90	8.53	8.55	5703370	50085032.00
20131028	8.58	8.59	8.40	8.45	3258078	27955774.00
20131029	8.48	8.56	7.96	8.16	5937116	49714184.00
20131030	8.16	8.26	8.10	8.26	4188916	34848040.00
20131031	8.12	8.28	8.12	8.14	4414075	36533512.00
20131101	8.18	8.24	8.12	8.22	4142951	34336408.00
20131104	8.27	8.29	8.20	8.22	3054072	25477572.00
20131105	8.20	8.27	8.12	8.26	3601979	29871714.00
20131106	8.23	8.44	8.18	8.29	6747448	57047460.00
20131107	8.33	8.46	8.27	8.44	4722890	40004788.00
20131108	8.40	8.43	8.18	8.19	3779897	31654964.00
20131111	8.15	8.21	8.07	8.17	2825291	23267110.00
20131112	8.19	8.28	8.13	8.23	3108733	25837376.00
20131113	8.17	8.23	8.08	8.12	3184460	26272990.00
20131114	8.16	8.21	8.11	8.20	2429107	20093320.00
20131115	8.16	8.40	8.16	8.37	5204229	43871492.00
20131118	8.70	8.86	8.54	8.64	9285300	81201792.00
20131119	8.58	8.62	8.50	8.59	4646687	40282888.00
20131120	8.64	8.67	8.52	8.61	3549054	30786344.00
20131121	8.59	8.68	8.52	8.67	5753764	50093624.00
20131122	8.67	9.00	8.66	8.84	9949866	89119224.00
20131125	8.77	8.85	8.58	8.62	5085420	44937540.00
20131126	8.60	8.80	8.58	8.73	3453602	30346548.00
20131127	8.74	8.97	8.70	8.80	5124067	45814832.00
20131128	8.85	8.98	8.77	8.83	5379815	48409496.00
20131129	8.88	8.93	8.82	8.85	3013981	27018816.00
20131202	8.63	8.76	8.42	8.48	5800275	50331660.00
20131203	8.42	8.64	8.40	8.62	3642426	31527812.00
20131204	8.60	8.84	8.56	8.75	5691776	50299752.00
20131205	8.83	9.09	8.78	8.88	6374045	57396756.00
20131206	8.84	9.20	8.84	9.11	10938556	100365168.00
20131209	9.16	9.19	9.00	9.12	6091921	56025056.00
20131210	9.12	9.35	9.00	9.08	4681675	43232904.00
20131211	9.03	9.08	8.82	8.99	5618346	50763228.00
20131212	8.95	9.02	8.92	8.95	2590147	23496434.00
20131213	8.91	9.02	8.73	8.76	4335013	38914176.00
20131216	8.77	8.86	8.58	8.66	4032229	35559300.00
20131217	8.68	8.80	8.58	8.74	3202676	28123264.00
20131218	8.70	8.84	8.68	8.70	2628907	23302060.00
20131219	8.73	8.78	8.55	8.60	2835626	24798904.00
20131220	8.58	8.63	8.33	8.35	3374400	28828200.00
20131223	8.35	8.48	8.30	8.37	2263008	19234978.00
20131224	8.37	8.50	8.36	8.41	1838341	15664725.00
20131225	8.44	8.51	8.37	8.50	2357354	20084006.00
20131226	8.48	8.48	8.25	8.33	2790314	23578560.00
20131227	8.35	8.68	8.32	8.63	3634822	31401724.00
20131230	8.63	8.85	8.60	8.69	3516774	31083288.00
20131231	8.62	8.82	8.62	8.80	3264005	28939480.00
20140102	8.82	9.00	8.71	8.89	4379073	39222456.00
20140103	8.83	8.88	8.66	8.78	2781502	24628012.00
20140106	8.78	8.99	8.38	8.48	3740886	32823650.00
20140107	8.45	8.69	8.45	8.61	2299105	19969672.00
20140108	8.66	8.72	8.48	8.53	2420470	21062070.00
20140109	8.50	8.64	8.33	8.39	2968932	25509600.00
20140110	8.38	8.51	8.22	8.25	2676653	22572502.00
20140113	8.24	8.33	7.96	8.08	3797176	31316364.00
20140114	8.02	8.17	8.00	8.16	1882192	15420146.00
20140115	8.17	8.35	8.10	8.16	1760718	14597913.00
20140116	8.18	8.25	8.10	8.25	2740264	22712896.00
20140117	8.58	9.00	8.55	8.65	13782995	121691648.00
20140120	8.58	8.81	8.49	8.70	5165297	45334768.00
20140121	8.70	8.75	8.57	8.67	3488005	30507482.00
20140122	8.66	8.87	8.66	8.82	5764947	51211456.00
20140123	8.80	8.96	8.75	8.90	4798236	42933856.00
20140124	8.90	8.94	8.79	8.82	4411528	39500632.00
20140127	8.71	8.80	8.60	8.61	4548263	39831316.00
20140128	8.65	8.73	8.59	8.72	2541199	22239108.00
20140129	8.65	8.75	8.60	8.69	2788124	24426196.00
20140130	8.69	8.77	8.46	8.50	4175113	36409588.00
20140207	8.45	8.64	8.43	8.61	3293127	28494690.00
20140210	8.61	8.95	8.61	8.94	8218123	73284784.00
20140211	8.98	9.26	8.98	9.06	12136393	111993224.00
20140212	9.09	9.32	9.01	9.24	9280467	86368856.00
20140213	9.20	9.34	9.03	9.04	8427075	77989360.00
20140214	9.01	9.17	8.99	9.13	6094055	56054832.00
20140217	9.23	9.28	9.06	9.15	7218737	66969792.00
20140218	9.15	9.86	9.10	9.66	16212869	155100624.00
20140219	9.52	9.67	9.47	9.57	7106083	68624544.00
20140220	9.50	9.92	9.50	9.61	11203691	110068984.00
20140221	9.60	9.86	9.47	9.64	8518676	83252536.00
20140224	9.74	9.74	9.31	9.59	7940191	76299744.00
20140225	9.70	9.81	9.16	9.27	9218035	88738360.00
20140226	9.21	9.46	9.02	9.24	5943425	55336888.00
20140227	9.34	9.46	9.22	9.26	7190277	67696960.00
20140228	9.21	9.65	9.11	9.58	7511073	71165720.00
20140303	9.58	9.88	9.52	9.77	9473091	93243104.00
20140304	9.61	9.87	9.57	9.86	8920553	87583672.00
20140305	9.89	9.98	9.68	9.80	8693252	86265016.00
20140306	9.73	9.78	9.47	9.59	5129280	49917048.00
20140307	9.78	9.78	9.46	9.48	5247956	50906980.00
20140310	9.40	9.40	8.88	8.96	8229084	75466768.00
20140311	8.95	9.09	8.86	9.01	5000085	45292068.00
20140312	8.98	9.06	8.72	8.89	4458959	40199480.00
20140313	8.86	9.27	8.86	8.99	6548765	59449136.00
20140314	8.91	9.03	8.87	8.90	3361600	30436064.00
20140317	8.97	9.10	8.90	9.08	3252700	29676882.00
20140318	9.08	9.13	9.01	9.08	3555943	32619294.00
20140319	9.08	9.95	8.98	9.88	19787353	190545056.00
20140320	9.65	9.79	9.48	9.50	14337517	139923168.00
20140321	9.46	9.95	9.41	9.85	13431860	132187752.00
20140324	9.85	10.07	9.75	9.86	11845257	118545632.00
20140325	9.82	9.85	9.66	9.70	5877313	57970356.00
20140326	9.76	10.15	9.71	9.95	11858368	119914376.00
20140327	9.80	10.06	9.75	9.87	8302967	82973856.00
20140328	9.84	10.06	9.66	9.78	8176042	81207512.00
20140331	9.70	9.70	8.81	8.90	15339632	141880384.00
20140401	8.80	8.82	8.48	8.71	12679166	110927384.00
20140402	8.66	8.75	8.58	8.70	7164806	62819292.00
20140403	8.70	8.73	8.44	8.51	7768029	67347344.00
20140404	8.51	8.62	8.44	8.58	4704934	40686116.00
20140408	8.45	8.70	8.44	8.68	7453351	64936324.00
20140409	8.68	8.79	8.64	8.76	6855684	60371832.00
20140410	8.76	8.82	8.67	8.78	5959617	52709408.00
20140411	8.77	8.87	8.71	8.78	6317859	56198192.00
20140414	8.77	8.83	8.66	8.80	6953314	61497044.00
20140415	8.78	8.84	8.67	8.73	5599115	49503548.00
20140416	8.71	8.76	8.58	8.62	5094923	44552764.00
20140417	8.64	8.67	8.58	8.59	3534431	30799402.00
20140418	8.57	8.63	8.53	8.58	3912397	33985168.00
20140421	8.52	8.58	8.40	8.44	5969697	51315632.00
20140422	8.41	8.52	8.35	8.46	3446440	29428066.00
20140423	8.46	8.77	8.44	8.66	6952755	60668560.00
20140424	8.67	8.72	8.55	8.56	3848193	33596920.00
20140425	8.54	8.62	8.30	8.31	3144690	27033732.00
20140428	7.66	7.70	7.47	7.47	10322569	78513224.00
20140429	7.32	7.39	7.01	7.20	10561719	76569688.00
20140430	7.15	7.39	7.10	7.32	5421099	40017120.00
20140505	7.25	7.32	7.07	7.29	3381744	24723720.00
20140506	7.26	7.42	7.24	7.36	3566816	26606250.00
20140507	7.30	7.41	7.30	7.32	3504812	26083912.00
20140508	7.32	7.40	7.25	7.28	2681632	19953896.00
20140509	7.27	7.40	7.22	7.29	3094939	22917288.00
20140512	7.37	7.66	7.35	7.65	6715766	51448808.00
20140513	7.61	7.67	7.52	7.65	3175702	24418652.00
20140514	7.65	7.65	7.53	7.56	2090095	16062215.00
20140515	7.57	7.60	7.31	7.31	2932388	22119304.00
20140516	7.32	7.38	7.25	7.31	2316952	17228132.00
20140519	7.28	7.32	7.17	7.26	2960217	21752024.00
20140520	7.33	7.36	7.26	7.30	2517956	18626472.00
20140521	7.23	7.37	7.17	7.35	2036095	15063900.00
20140522	7.34	7.50	7.31	7.31	2771791	20811844.00
20140523	7.29	7.36	7.20	7.31	2651066	19513844.00
20140526	7.39	7.39	7.26	7.31	4375156	32374298.00
20140527	7.30	7.30	7.16	7.17	3892508	28565906.00
20140528	7.17	7.22	7.06	7.20	6760420	48955308.00
20140529	7.20	7.21	7.06	7.07	5270556	38055288.00
20140530	7.08	7.11	7.05	7.07	4189382	30061940.00
20140603	7.11	7.11	6.95	6.96	6773993	48331912.00
20140604	6.96	7.18	6.89	7.17	11613866	83021536.00
20140605	7.14	7.20	7.08	7.18	6062389	43999840.00
20140606	7.18	7.20	7.00	7.05	4525077	32497732.00
20140609	7.08	7.10	6.99	7.01	3437184	24540596.00
20140610	7.04	7.08	6.98	7.06	3782720	26978528.00
20140611	7.04	7.10	7.01	7.07	3837959	27450104.00
20140612	7.04	7.07	6.97	6.97	4118744	29319120.00
20140613	6.98	7.11	6.96	7.11	5719952	41041788.00
20140616	7.11	7.14	7.05	7.10	3383785	24336396.00
20140617	7.10	7.12	7.06	7.07	2439334	17512516.00
20140618	7.08	7.09	7.01	7.02	3075972	21993572.00
20140619	7.01	7.07	6.68	6.70	6279204	43679900.00
20140620	6.74	6.75	6.64	6.70	4424472	30101548.00
20140623	6.71	6.84	6.69	6.79	4294543	29501744.00
20140624	6.79	6.88	6.74	6.87	3155344	21821774.00
20140625	6.87	6.88	6.78	6.79	2517169	17427236.00
20140626	6.86	6.93	6.80	6.89	3178211	22177856.00
20140627	6.91	6.96	6.82	6.91	3500896	24490564.00
20140630	6.90	6.98	6.86	6.93	3560770	25022684.00
20140701	6.94	7.08	6.89	7.04	5492026	39076996.00
20140702	7.04	7.10	6.99	7.06	4703412	33602508.00
20140703	7.07	7.11	7.04	7.06	5249529	37637168.00
20140704	7.07	7.09	7.01	7.02	3144540	22447156.00
20140707	7.03	7.05	6.98	7.02	2696474	19176596.00
20140708	7.00	7.08	6.93	7.06	3809061	27039256.00
20140709	7.05	7.05	6.89	6.90	3942895	27875244.00
20140710	6.89	6.96	6.85	6.93	4952661	34721500.00
20140711	6.97	7.24	6.93	7.23	12851573	92888976.00
20140714	7.21	7.23	7.11	7.20	9999085	72670464.00
20140715	7.23	7.88	7.15	7.61	23217125	176921840.00
20140716	7.60	7.62	7.35	7.47	11610213	88177440.00
20140717	7.47	7.48	7.35	7.44	6701004	50339888.00
20140718	7.41	7.45	7.27	7.32	9175614	68319544.00
20140721	7.25	7.25	7.11	7.15	8156168	59171384.00
20140722	7.14	7.38	7.13	7.24	8439851	62134600.00
20140723	7.27	7.31	7.19	7.25	6091674	44722568.00
20140724	7.20	7.36	7.20	7.31	7090660	52378544.00
20140725	7.33	7.47	7.28	7.43	9873712	74073208.00
20140728	7.45	7.60	7.44	7.52	12231511	93189944.00
20140729	7.55	7.82	7.48	7.76	24487645	190457648.00
20140730	7.70	8.02	7.67	7.87	19617435	157117104.00
20140731	7.82	7.85	7.75	7.84	7952428	62776204.00
20140801	7.84	7.93	7.74	7.79	11719005	92901200.00
20140804	7.79	8.45	7.79	8.33	31369537	260144288.00
20140805	8.38	9.17	8.38	9.17	43254190	391617152.00
20140806	9.26	9.36	9.00	9.11	23187277	214656384.00
20140807	9.09	9.13	8.80	9.02	15780557	142686784.00
20140808	9.05	9.92	9.05	9.74	27047549	258428576.00
20140811	9.62	10.22	9.60	10.04	25252878	252869488.00
20140812	9.90	10.26	9.80	9.81	15376571	155066528.00
20140813	9.83	9.83	9.15	9.47	22549009	215268592.00
20140814	9.40	9.69	9.14	9.32	16002595	152572336.00
20140815	9.33	9.62	9.25	9.57	12834192	122629576.00
20140818	9.65	9.97	9.52	9.53	13684293	134587040.00
20140819	9.56	9.67	9.31	9.60	10041617	96119864.00
20140820	9.58	9.58	9.25	9.28	9151794	86705088.00
20140821	9.31	9.36	9.14	9.25	7487496	69985608.00
20140822	9.31	9.32	9.10	9.15	9015021	82738296.00
20140825	9.14	9.25	9.03	9.09	8002479	73073536.00
20140826	9.10	9.15	8.66	8.84	14042178	124498216.00
20140827	8.84	8.93	8.79	8.89	5791285	51328168.00
20140828	8.86	8.96	8.66	8.83	7783190	68475312.00
20140829	8.81	8.90	8.75	8.89	5822586	51520048.00
20140901	8.90	9.11	8.88	9.09	6029377	54437816.00
20140902	9.12	9.13	8.97	9.12	12137929	109625736.00
20140903	9.11	9.21	9.08	9.14	8031737	73359224.00
20140904	9.15	9.22	9.09	9.17	8121726	74330624.00
20140905	9.20	9.24	8.90	9.01	15071171	135904656.00
20140909	9.00	9.40	8.81	9.39	18316273	166630048.00
20140910	9.35	9.39	9.22	9.23	12584461	116819352.00
20140911	9.24	9.37	9.07	9.16	9504185	87759744.00
20140912	9.18	9.29	9.13	9.24	8335099	76770320.00
20140915	9.23	9.74	9.20	9.71	19239888	182285264.00
20140916	9.65	9.66	9.22	9.25	17664040	167565312.00
20140917	9.23	9.57	9.17	9.53	14128593	133125648.00
20140918	9.50	9.50	9.22	9.28	12543202	116823976.00
20140919	9.29	9.33	9.05	9.17	13097505	119898704.00
20140922	9.15	9.15	8.83	8.84	9911031	88702352.00
20140923	8.70	8.89	8.68	8.86	9859094	86903832.00
20140924	8.86	9.05	8.80	9.03	8982917	80386688.00
20140925	9.03	9.10	8.92	9.00	8978118	81086800.00
20140926	8.97	9.10	8.90	9.06	7298780	65841504.00
20140929	9.08	9.34	9.08	9.24	11788121	108856856.00
20140930	9.21	9.30	9.18	9.24	8150335	75316704.00
20141008	9.24	9.34	9.19	9.30	9754550	90399984.00
20141009	9.29	9.43	9.20	9.43	11184605	104098816.00
20141010	9.38	9.43	9.26	9.27	8874112	82856064.00
20141013	9.25	9.25	8.99	9.14	9292828	84473888.00
20141014	9.10	9.22	9.05	9.14	7019477	64272224.00
20141015	9.15	9.16	8.95	9.11	7522363	68200280.00
20141016	9.06	9.19	8.95	9.01	8833468	80414856.00
20141017	8.99	9.03	8.72	8.96	7413795	65937700.00
20141020	8.94	9.31	8.92	9.30	15376785	141139760.00
20141021	9.29	9.39	9.10	9.30	14604741	135012080.00
20141022	9.30	9.35	8.99	9.06	10376021	95320112.00
20141023	8.98	9.05	8.67	8.73	9085919	80543456.00
20141024	8.64	8.80	8.61	8.68	6376043	55562072.00
20141027	8.63	8.67	8.47	8.54	7847735	67186848.00
20141028	8.54	8.75	8.53	8.74	7165671	61956872.00
20141029	8.73	8.90	8.70	8.84	8718290	76741000.00
20141030	8.84	9.02	8.80	8.90	9342636	83375552.00
20141031	8.83	8.99	8.77	8.97	12098838	107233264.00
20141103	8.98	9.12	8.90	8.94	13915583	125160392.00
20141104	8.95	8.97	8.72	8.75	18124888	160223712.00
20141105	8.73	8.96	8.70	8.88	10726556	94943736.00
20141106	8.84	9.03	8.75	9.00	11037260	98156728.00
20141107	8.98	9.05	8.83	8.89	10871871	97367688.00
20141110	8.93	9.04	8.85	9.00	10958427	98071376.00
20141111	8.99	9.20	8.60	8.75	20946147	188288720.00
20141112	8.65	8.90	8.65	8.89	7545316	66334540.00
20141113	8.87	9.30	8.77	9.16	18538991	168252288.00
20141114	9.19	9.20	8.99	9.12	9887574	89761216.00
20141117	9.10	9.25	9.07	9.13	10275161	94063688.00
20141118	9.01	9.43	9.01	9.34	17795157	164344512.00
20141119	9.29	9.48	9.23	9.28	14177190	132423912.00
20141120	9.25	9.47	9.19	9.27	12616543	117842128.00
20141121	9.27	9.45	9.25	9.35	13316173	124407480.00
20141124	9.42	9.92	9.35	9.74	31817032	308801888.00
20141125	9.74	9.95	9.72	9.80	15272059	149856512.00
20141217	10.78	10.78	10.38	10.78	26886497	289734496.00
20141218	11.15	11.15	10.26	10.28	56853254	605760896.00
20141219	10.26	11.31	10.20	11.31	60381602	656939072.00
20141222	11.66	12.44	11.36	12.44	71797243	866610112.00
20141223	12.44	12.50	11.51	11.78	33571100	405053280.00
20141224	11.84	12.70	11.84	12.47	34662671	428055456.00
20141225	12.28	12.69	11.84	12.39	28687580	350523968.00
20141226	12.36	13.58	12.05	13.19	39027347	512717184.00
20141229	13.00	13.46	12.48	12.92	28395680	367540256.00
20141230	12.91	12.95	12.02	12.09	22811233	281641024.00
20141231	11.91	12.40	11.90	12.09	14414122	174186512.00
20150105	12.09	13.30	11.95	12.88	29121675	370131104.00
20150106	12.85	13.50	12.70	13.24	25448305	333666400.00
20150107	13.23	14.00	13.14	13.59	23973704	328047488.00
20150108	13.44	13.56	13.02	13.15	13617010	180814480.00
20150109	13.02	13.22	12.64	12.74	11574181	149215424.00
20150112	12.51	12.84	12.18	12.35	7981449	99429464.00
20150113	12.35	12.79	12.19	12.75	8356529	104524296.00
20150114	12.65	12.86	11.90	12.00	8617412	106819632.00
20150115	12.11	12.20	11.60	12.19	10803600	128560976.00
20150116	12.16	12.84	12.03	12.70	11943500	149540352.00
20150119	12.00	12.84	11.59	11.67	12943540	157519984.00
20150120	11.68	12.30	11.68	12.13	9214575	111130072.00
20150121	12.20	12.75	12.08	12.49	10322864	128686088.00
20150122	12.42	12.88	12.37	12.66	10289500	130446432.00
20150123	12.69	12.90	12.31	12.42	6743193	84548944.00
20150126	12.33	12.88	12.20	12.77	9331792	117170168.00
20150127	12.76	13.35	12.65	13.11	17405783	228114624.00
20150128	12.85	13.00	12.60	12.78	10365982	132713728.00
20150129	12.72	12.73	12.21	12.52	8420820	105354080.00
20150130	12.49	13.00	12.42	12.75	9836661	125535632.00
20150202	12.68	13.12	12.31	12.90	12419969	159702384.00
20150203	12.80	13.95	12.80	13.69	19129551	258178768.00
20150204	13.53	13.96	13.42	13.66	11432103	156230784.00
20150205	13.74	13.88	12.85	12.88	12096341	160757136.00
20150206	12.88	13.21	12.10	12.24	10328789	129245752.00
20150209	12.20	12.58	12.02	12.16	7676623	93781288.00
20150210	12.01	12.31	11.91	12.18	9425912	114353680.00
20150211	12.23	12.30	11.66	11.87	13425678	160335808.00
20150212	11.86	12.09	11.71	11.91	10085992	119947024.00
20150213	11.92	12.10	11.92	12.09	9805134	117808472.00
20150216	12.05	12.24	12.05	12.11	11116717	135148192.00
20150217	12.14	12.70	12.14	12.61	11862645	148685136.00
20150225	12.62	12.83	12.45	12.75	7837362	99306496.00
20150226	12.69	12.86	12.54	12.82	7476408	94956200.00
20150227	12.88	12.88	12.60	12.73	7061080	89515656.00
20150302	12.80	13.11	12.62	12.83	12610179	162274720.00
20150303	12.83	12.83	12.16	12.28	16812260	208489024.00
20150304	12.03	12.42	12.03	12.39	9195287	113039728.00
20150305	12.34	13.12	12.30	12.91	19328158	246247856.00
20150306	12.89	13.30	12.63	13.05	18686674	242541696.00
20150309	13.05	14.36	13.00	14.13	36806498	511549536.00
20150310	13.95	14.22	13.76	13.84	16523276	230090608.00
20150311	14.30	14.70	14.00	14.51	23520189	337465664.00
20150312	14.43	14.56	14.07	14.11	11322466	161311248.00
20150313	14.11	14.40	13.61	14.02	12063462	167548832.00
20150316	14.05	14.30	13.80	14.17	12636605	177875456.00
20150317	14.03	14.69	14.02	14.48	19235765	275685536.00
20150318	14.49	15.36	14.27	14.98	21838328	324539424.00
20150319	14.81	15.21	14.60	15.02	17050122	254582960.00
20150320	15.00	15.19	14.64	14.80	12804237	190560560.00
20150323	14.80	15.19	14.66	15.14	12228737	182832272.00
20150324	15.17	15.17	14.07	14.83	15982748	234310528.00
20150325	14.66	15.07	14.10	15.06	18089253	263833936.00
20150326	14.96	15.99	14.64	15.69	27295363	422861376.00
20150327	15.15	15.84	15.05	15.25	21643018	332832128.00
20150330	15.40	15.40	14.62	14.76	26778675	397467424.00
20150331	14.86	15.14	14.59	14.90	18232240	270641856.00
20150401	14.90	15.06	14.90	15.01	15853252	237442560.00
20150402	15.05	15.39	14.83	15.30	17178637	259504528.00
20150403	15.07	15.38	15.02	15.36	14743881	224530864.00
20150407	15.36	16.41	15.36	16.19	27098169	432354752.00
20150408	16.10	16.11	15.58	15.83	17243852	273116128.00
20150409	15.82	15.82	14.40	15.16	12563598	190976608.00
20150410	15.15	15.42	14.90	15.35	11705009	178873056.00
20150413	15.38	16.09	15.38	15.75	15516938	244701232.00
20150414	15.90	16.25	15.60	15.95	18277043	289772832.00
20150415	15.95	16.30	15.16	15.18	17311164	271557888.00
20150416	14.92	15.16	14.58	14.94	22662204	336436768.00
20150417	15.00	15.11	14.79	14.85	18270195	272435936.00
20150420	14.96	15.52	14.82	14.88	22281146	337642944.00
20150421	14.87	15.22	14.37	15.19	22262824	328515328.00
20150422	15.24	15.79	14.95	15.71	24764034	383852736.00
20150423	15.85	17.00	15.54	16.57	37218660	601471360.00
20150424	16.40	16.97	16.22	16.54	29502633	489878208.00
20150427	16.50	17.17	16.50	16.62	23145727	387810496.00
20150428	16.40	16.79	15.67	15.81	18417429	296836384.00
20150429	15.84	16.54	15.72	15.99	21608962	349103392.00
20150430	16.00	16.13	15.50	15.58	20586332	322998112.00
20150504	15.69	15.79	15.52	15.73	15092187	236285376.00
20150505	15.67	15.84	14.63	14.73	16440186	250344736.00
20150506	14.76	15.20	14.42	14.68	11690314	173944496.00
20150507	14.50	14.66	13.73	13.82	15295250	216183312.00
20150508	13.99	14.20	13.78	14.04	11200134	156948832.00
20150511	14.20	14.76	14.00	14.73	16793333	242589632.00
20150512	14.79	14.85	14.52	14.75	16835291	246582624.00
20150513	14.70	15.20	14.50	14.82	20380577	304601664.00
20150514	14.52	14.85	14.44	14.71	16717536	244546976.00
20150515	14.71	14.71	13.83	14.13	20407922	289467648.00
20150518	14.06	14.28	13.85	14.24	16538238	233626384.00
20150519	14.11	14.95	14.11	14.83	25235190	370433824.00
20150520	14.83	15.40	14.76	14.99	25711903	388944768.00
20150521	14.95	16.48	14.90	16.44	37141338	585141888.00
20150522	16.65	18.08	16.21	18.08	57337701	1002484352.00
20150525	18.40	18.98	17.68	18.37	48366251	882579456.00
20150526	18.51	20.21	18.51	19.24	44913329	876381568.00
20150527	19.25	20.41	18.53	19.61	38891960	760322112.00
20150528	19.50	19.52	17.65	17.65	50899387	953491968.00
20150529	17.80	18.52	17.19	17.82	39016755	697869376.00
20150601	17.84	19.60	17.84	19.60	36054978	687889472.00
20150602	20.00	21.37	19.19	20.86	41564739	838422016.00
20150603	20.96	21.35	19.67	20.46	31975869	652840128.00
20150604	20.50	20.93	18.85	20.82	25227204	502370048.00
20150605	21.38	21.58	20.00	20.36	30594054	635407488.00
20150608	20.12	20.35	19.45	19.73	24820676	491908192.00
20150609	19.73	19.90	18.88	19.46	23958251	461952896.00
20150610	19.20	20.10	18.99	19.61	22445082	437933376.00
20150611	19.49	20.26	19.01	19.92	28102938	558345664.00
20150612	20.00	20.18	19.38	19.92	29495257	584392000.00
20150615	21.01	21.91	21.01	21.91	15716199	342189536.00
20150616	21.91	22.90	20.55	20.97	62420079	1370375936.00
20150617	20.50	20.80	18.88	20.37	32911329	656328704.00
20150618	20.28	21.80	19.89	20.45	34477812	715502272.00
20150619	19.47	20.75	19.12	19.22	25015668	497843904.00
20150623	19.01	19.70	17.30	18.70	25143959	462620192.00
20150624	18.87	19.48	18.37	19.39	24285892	461736032.00
20150625	19.40	19.40	17.50	17.76	29951458	555817664.00
20150626	17.30	17.30	15.98	15.98	22205327	363266688.00
20150629	16.19	16.39	14.38	14.38	41149034	609673408.00
20150630	13.68	15.50	12.94	15.44	41492940	576628224.00
20150701	15.00	15.55	13.90	13.90	31085227	459236640.00
20150702	13.44	13.90	12.51	12.51	28965933	374179776.00
20150703	11.90	12.65	11.26	11.26	40426782	467754592.00
20150706	12.20	12.20	10.13	10.13	38429361	418395424.00
20150707	9.54	9.55	9.12	9.12	16251911	150300608.00
20150708	8.21	8.21	8.21	8.21	9454800	77623904.00
20150709	7.39	9.03	7.39	9.03	49592639	417250944.00
20150710	9.18	9.93	9.07	9.93	23877795	233630176.00
20150713	10.49	10.92	10.31	10.92	38947056	416117536.00
20150714	11.05	11.94	10.63	11.04	55805461	632556608.00
20150715	10.67	11.05	9.94	9.94	34577209	354906560.00
20150716	9.10	10.50	9.01	10.34	34055713	336262400.00
20150717	10.26	11.37	10.26	11.18	37516794	408851328.00
20150720	11.23	11.96	11.20	11.75	44360787	513086528.00
20150721	11.60	12.70	11.36	12.28	41151295	501668032.00
20150722	12.10	13.45	12.10	13.24	48720281	627741568.00
20150723	13.61	13.92	13.24	13.59	34805911	472394912.00
20150724	13.50	13.74	12.86	13.06	34167268	454042912.00
20150727	12.50	13.27	11.75	11.75	31837349	403030752.00
20150728	10.72	11.96	10.58	10.88	38137283	421390784.00
20150729	11.20	11.97	10.88	11.97	27863096	316991488.00
20150730	12.04	13.04	11.97	12.79	38923199	493767424.00
20150731	12.47	13.25	12.31	12.67	26320621	337867168.00
20150803	12.58	12.58	11.40	11.42	22722070	267019120.00
20150804	11.61	12.56	11.60	12.56	24763561	303217120.00
20150805	13.15	13.60	12.87	13.09	40309172	533881632.00
20150806	12.76	14.40	12.60	14.30	41828127	574633920.00
20150807	14.06	14.92	13.61	14.37	39075462	553333824.00
20150810	14.30	15.30	14.30	14.83	43674543	651445056.00
20150811	14.26	15.00	13.96	14.58	37352067	539153792.00
20150812	14.29	14.41	14.02	14.12	21991250	312435072.00
20150813	14.00	14.77	13.95	14.67	24371798	351994944.00
20150814	14.66	15.35	14.20	15.20	32889568	482769792.00
20150817	15.30	16.39	15.21	16.20	41755088	656288768.00
20150818	16.00	16.00	14.58	14.58	35135729	533131040.00
20150819	13.51	14.92	13.12	14.44	46503970	634549184.00
20150820	14.10	14.16	13.16	13.20	25550842	348668896.00
20150821	12.89	12.99	11.90	12.10	28251569	350755296.00
20150824	11.39	11.69	10.89	10.89	13735566	151008560.00
20150825	9.80	10.13	9.80	9.80	21721243	213759040.00
20150826	9.91	10.09	8.82	9.29	38217005	362545888.00
20150827	9.54	9.93	9.05	9.90	24674556	235429552.00
20150828	10.23	10.89	10.03	10.89	28250483	293998528.00
20150831	10.74	10.74	10.20	10.26	22065888	230284544.00
20150901	10.32	10.32	9.23	9.24	20056962	191132928.00
20150902	8.70	9.93	8.44	8.89	25724667	237499072.00
20150907	9.22	9.59	9.05	9.25	16450960	153316432.00
20150908	9.22	10.18	9.06	10.18	20370688	196993920.00
20150909	10.38	11.15	10.28	11.07	33548743	363717888.00
20150910	10.77	11.16	10.50	10.55	17348986	188193360.00
20150911	10.79	11.04	10.49	10.88	20563353	222047136.00
20150914	10.99	11.20	9.79	9.79	21674900	225744912.00
20150915	9.42	9.79	8.81	8.86	17753143	164618240.00
20150916	9.01	9.75	9.00	9.75	19232616	179434624.00
20150917	9.71	10.48	9.58	9.64	23522179	237272896.00
20150918	9.76	10.20	9.75	10.01	14210744	141379008.00
20150921	9.89	10.83	9.66	10.71	18724054	193966672.00
20150922	10.65	11.00	10.41	10.61	20605626	220640448.00
20150923	10.40	10.69	10.00	10.21	15892201	163992288.00
20150924	10.26	10.63	10.25	10.61	13168845	137486960.00
20150925	10.53	10.84	10.25	10.38	18992321	200577824.00
20150928	10.50	10.56	10.10	10.44	8334778	86461536.00
20150929	10.26	10.27	9.78	9.88	14899936	149092304.00
20150930	9.96	10.20	9.92	10.00	7392906	74357088.00
20151008	10.42	10.85	10.33	10.64	13030757	138096880.00
20151009	10.61	11.60	10.57	11.29	21815646	242225008.00
20151012	11.40	12.06	11.25	11.79	21782927	255189520.00
20151013	11.60	11.76	11.41	11.59	13643239	157962912.00
20151014	11.60	11.90	11.43	11.46	17730198	206880640.00
20151015	11.30	11.94	11.30	11.90	12035760	141136064.00
20151016	11.91	12.01	11.32	11.98	23549900	275429024.00
20151019	12.00	12.25	11.51	12.20	42781010	505063520.00
20151020	12.01	12.06	11.65	11.95	32120919	380463552.00
20151021	11.93	12.04	10.76	10.88	32654148	372271520.00
20151022	10.84	11.17	10.57	11.11	17308557	189232816.00
20151023	11.22	11.35	11.01	11.25	23743357	265747264.00
20151026	11.45	11.53	11.11	11.29	20658962	233871168.00
20151027	11.21	12.30	11.04	12.10	43726925	513663936.00
20151028	11.91	12.01	11.56	11.72	25550989	301386432.00
20151029	11.75	11.92	11.51	11.69	23754401	278874368.00
20151030	11.65	11.92	11.63	11.79	28283535	332692576.00
20151102	11.15	11.42	10.91	10.96	27822633	310105856.00
20151103	11.03	11.09	10.38	10.63	20563115	220110304.00
20151104	10.69	11.15	10.68	11.10	25355500	276211648.00
20151105	11.08	11.75	10.96	11.44	33559862	379904896.00
20151106	11.43	11.74	11.33	11.66	22802880	264121984.00
20151109	11.51	11.97	11.50	11.78	25731858	302660160.00
20151110	11.68	12.17	11.58	11.97	39693539	471044736.00
20151111	11.91	12.24	11.80	12.12	36279688	434982464.00
20151112	12.05	12.42	11.81	12.27	36541762	441140608.00
20151113	12.11	12.15	11.63	11.86	31286578	373339040.00
20151116	11.49	12.18	11.31	12.11	23448716	276999104.00
20151117	12.17	12.48	11.92	12.12	44215495	537407296.00
20151118	12.05	12.18	11.64	11.71	22215511	264963440.00
20151119	11.75	12.45	11.75	12.44	48410830	589877568.00
20151120	12.44	13.19	12.31	13.12	56735114	718383488.00
20151123	13.92	14.43	13.90	14.43	60475951	869762880.00
20151124	14.60	15.27	14.05	14.41	59401279	871229184.00
20151125	14.50	15.85	14.16	15.85	59174906	910615296.00
20151126	15.60	16.28	15.17	15.22	36438538	573184064.00
20151127	14.98	15.14	13.80	14.11	29902614	433697216.00
20151130	14.31	14.65	13.40	13.99	41611352	579697856.00
20151201	14.01	14.50	13.51	14.24	37695312	529136192.00
20151202	14.10	14.10	13.22	13.82	27192620	371792160.00
20151203	14.04	15.20	13.68	14.86	37218108	533898080.00
20151204	14.85	15.57	14.20	14.29	45859140	686131136.00
20151207	14.10	14.40	13.62	14.32	39998347	559352192.00
20151208	14.05	14.05	13.34	13.50	28611891	390733376.00
20151209	13.35	13.55	13.15	13.48	23798091	317551552.00
20151210	13.55	13.77	12.81	12.94	27377041	362605344.00
20151211	12.84	13.16	12.55	12.93	22158890	284264160.00
20151214	12.71	13.35	12.63	13.31	18149572	237190496.00
20151215	13.30	13.58	13.00	13.22	19152936	254009136.00
20151216	13.34	13.37	13.05	13.15	15915100	210538352.00
20151217	13.23	13.65	13.00	13.51	25042651	336451648.00
20151218	13.52	13.65	13.00	13.20	24564850	326504896.00
20151221	13.06	13.36	12.95	13.24	21078073	276167200.00
20151222	13.28	13.90	13.20	13.81	28866528	391937856.00
20151223	13.71	13.78	13.48	13.60	21580483	293712000.00
20151224	13.65	13.92	13.37	13.90	25087048	343918112.00
20151225	13.89	14.09	13.50	13.75	20054707	276703872.00
20151228	13.73	13.82	12.70	12.87	24281434	323827456.00
20151229	12.85	13.38	12.69	13.28	16992604	221547520.00
20151230	13.33	13.33	13.01	13.21	10355676	136410688.00
20151231	13.28	13.30	12.95	12.97	12230869	160220032.00
20160104	12.91	13.10	11.69	11.71	16520807	201021056.00
20160105	11.21	11.84	11.00	11.63	20522462	235620912.00
20160106	11.64	12.08	11.56	12.03	13610669	160703040.00
20160107	11.69	11.78	10.83	10.85	3711400	41748552.00
20160108	10.80	11.25	10.28	10.99	17285680	189667216.00
20160111	10.70	11.10	10.01	10.02	15271061	162269648.00
20160112	9.81	10.18	9.61	9.98	15111716	150547456.00
20160113	10.06	10.18	9.31	9.44	14272863	140722656.00
20160114	9.15	9.78	9.03	9.63	12862194	120788584.00
20160115	9.61	9.69	8.94	9.10	15494691	145611424.00
20160118	8.97	9.40	8.80	9.21	12123182	111169104.00
20160119	9.19	9.75	9.07	9.63	11525206	109048208.00
20160120	9.61	9.67	9.35	9.45	11887320	113296968.00
20160121	9.20	9.57	9.00	9.04	12581812	116730960.00
20160122	9.17	9.27	8.95	9.16	9772342	89113448.00
20160125	9.25	9.35	9.16	9.33	8951245	83022528.00
20160126	9.20	9.26	8.41	8.43	14834321	130885360.00
20160127	8.45	9.21	7.88	9.00	31648091	271307808.00
20160128	8.80	9.02	8.46	8.50	13714036	120345888.00
20160129	8.44	9.00	8.31	8.87	9601450	84021560.00
20160201	8.87	8.94	8.43	8.65	7840012	68394720.00
20160202	8.61	9.20	8.61	9.08	9728183	87352440.00
20160203	8.97	9.28	8.82	9.17	7548497	67991384.00
20160204	9.21	9.47	9.12	9.30	9350473	86975920.00
20160205	9.29	9.43	9.05	9.06	6434729	59245996.00
20160215	8.67	9.05	8.61	9.01	8801185	78089728.00
20160216	9.09	9.57	9.00	9.55	25433079	237063008.00
20160217	9.40	9.54	9.24	9.49	21315757	200156672.00
20160218	9.56	9.56	9.36	9.38	23066464	217821856.00
20160219	9.38	9.43	9.21	9.32	13422041	124984224.00
20160222	9.96	9.96	9.42	9.57	24421644	233763072.00
20160223	9.60	9.98	9.50	9.78	29293671	285792992.00
20160224	9.69	9.88	9.49	9.87	22019290	213712832.00
20160225	9.90	9.90	8.88	8.88	23961095	223563552.00
20160226	8.93	9.03	8.60	8.85	15410136	135986160.00
20160229	8.72	8.83	8.10	8.23	12299948	102370720.00
20160301	8.34	8.52	8.20	8.45	10385400	86709032.00
20160302	8.50	9.01	8.43	8.92	16533545	144960544.00
20160303	8.91	9.35	8.91	9.19	19776758	181220464.00
20160304	9.27	9.52	8.82	8.99	21545428	197823984.00
20160307	9.13	9.45	9.13	9.43	17831151	166091472.00
20160308	9.43	9.50	8.97	9.32	20763494	191107728.00
20160309	9.04	9.09	8.80	8.84	13411694	119832680.00
20160310	8.86	8.99	8.55	8.57	8535496	74782112.00
20160311	8.44	8.66	8.39	8.59	7721060	65870984.00
20160314	8.70	8.98	8.67	8.87	10539296	93493640.00
20160315	8.87	8.90	8.68	8.77	8105061	71156056.00
20160316	8.80	8.86	8.57	8.62	7164676	62180880.00
20160317	8.69	8.94	8.63	8.90	12474615	109987248.00
20160318	8.91	9.45	8.90	9.32	23922923	219977632.00
20160321	9.38	9.65	9.31	9.57	20504092	194952960.00
20160322	9.51	9.51	9.36	9.46	13771261	129870304.00
20160323	9.40	10.17	9.38	10.01	36119918	353446272.00
20160324	9.86	9.87	9.66	9.71	16437115	160447504.00
20160325	9.71	9.75	9.45	9.60	15495785	148089600.00
20160328	9.63	9.82	9.40	9.48	16836440	161856560.00
20160329	9.50	9.53	9.15	9.44	17238852	160768176.00
20160330	9.64	9.79	9.55	9.76	24322488	235295840.00
20160331	9.74	9.82	9.60	9.68	19296887	187115120.00
20160401	9.63	9.63	9.35	9.58	12005433	114145640.00
20160405	9.56	9.82	9.50	9.80	18718313	181997360.00
20160406	10.70	10.70	10.10	10.21	51757527	534699520.00
20160407	10.14	11.00	10.13	10.33	54100318	570419648.00
20160408	10.08	10.19	9.75	9.90	29957181	297562464.00
20160411	10.02	10.40	9.97	10.10	24857380	252412544.00
20160412	10.02	10.10	9.81	9.93	14811579	147080160.00
20160413	10.01	10.61	10.01	10.40	37441420	387539328.00
20160414	10.47	10.50	10.20	10.36	14701885	151458976.00
20160415	10.30	10.41	10.22	10.30	11472153	118042168.00
20160418	10.21	10.21	9.91	10.02	15065916	150485904.00
20160419	10.06	10.12	9.93	10.01	12012045	120120904.00
20160420	10.06	10.10	9.13	9.31	28330715	270506464.00
20160421	9.28	9.47	9.15	9.21	23096499	214281760.00
20160422	9.19	9.27	9.08	9.24	11326934	104093080.00
20160425	9.20	9.20	8.97	9.12	10218893	92819896.00
20160426	9.15	9.37	9.09	9.31	10755612	99112296.00
20160427	9.10	9.25	9.02	9.12	13950239	127517384.00
20160428	9.11	9.14	8.77	8.92	13951942	124596144.00
20160429	8.90	8.93	8.79	8.82	11929240	105567456.00
20160503	8.87	9.15	8.81	9.11	14879589	134340144.00
20160504	9.02	9.27	9.02	9.17	11501765	104979208.00
20160505	9.14	9.19	9.00	9.15	8972305	81667520.00
20160506	9.13	9.20	8.73	8.77	13064786	116826400.00
20160509	8.70	8.70	8.33	8.40	10431296	88315600.00
20160510	8.43	8.46	8.32	8.38	5591449	46941692.00
20160511	8.42	8.47	8.28	8.32	6681375	55996904.00
20160512	8.23	8.27	8.00	8.24	8056568	65500688.00
20160513	8.19	8.30	8.12	8.18	6334902	52051144.00
20160516	8.17	8.49	8.09	8.42	11370194	94413472.00
20160517	8.39	8.69	8.37	8.58	14861088	127623960.00
20160518	8.45	8.46	8.05	8.17	12387609	102116800.00
20160519	8.20	8.36	8.15	8.19	7830950	64625072.00
20160520	8.11	8.50	8.11	8.46	9440938	78897120.00
20160523	8.54	9.09	8.48	8.89	23654777	208646000.00
20160524	8.80	8.99	8.75	8.84	12126893	107162000.00
20160525	8.88	9.00	8.58	8.63	11687062	101956128.00
20160526	8.63	8.71	8.29	8.69	9968128	84548496.00
20160527	8.60	8.76	8.44	8.62	11867885	101733808.00
20160530	8.60	8.68	8.44	8.59	6837828	58674760.00
20160531	8.53	8.96	8.53	8.95	15056783	132919664.00
20160601	8.89	9.38	8.86	9.19	23025673	209734928.00
20160602	9.08	9.18	8.96	9.10	14665744	132900040.00
20160603	9.10	9.42	9.10	9.29	19651838	182774176.00
20160606	9.29	9.70	9.15	9.65	26460003	252000768.00
20160607	9.55	9.95	9.55	9.60	16547039	161058912.00
20160608	9.93	10.14	9.57	9.60	23464069	230341248.00
20160613	9.35	9.42	9.12	9.16	14565395	135118544.00
20160614	9.04	9.18	8.91	9.10	7054329	64049480.00
20160615	9.04	10.01	8.95	10.01	24202172	236747136.00
20160616	10.38	10.61	10.00	10.07	49863472	512795264.00
20160617	10.20	10.30	9.81	9.97	29009944	291311360.00
20160620	9.91	10.46	9.86	10.28	36192135	368764800.00
20160621	10.30	10.30	9.60	9.74	26117990	258756208.00
20160622	9.61	9.75	9.49	9.75	17789865	170880576.00
20160623	9.75	9.86	9.55	9.69	13696177	132611280.00
20160624	9.63	9.79	8.80	9.23	22947480	214137024.00
20160627	9.16	9.36	9.08	9.35	18554476	171918848.00
20160628	9.24	9.35	9.13	9.33	20199911	186789776.00
20160629	9.35	9.41	9.25	9.37	23707300	221117008.00
20160630	9.36	9.41	9.23	9.30	11273985	104750664.00
20160701	9.30	9.39	9.24	9.29	10811634	100689208.00
20160704	9.21	9.55	9.18	9.53	22037916	208279856.00
20160705	9.57	9.67	9.50	9.59	18359602	175799344.00
20160706	9.52	9.56	9.37	9.43	19533500	184213728.00
20160707	9.45	9.77	9.38	9.73	28765000	276093856.00
20160708	9.68	9.68	9.51	9.55	14398400	138024960.00
20160711	9.58	9.64	9.36	9.39	19169600	182206496.00
20160712	9.38	9.51	9.25	9.49	21792400	204720768.00
20160713	9.49	9.66	9.46	9.61	15828700	151469744.00
20160714	9.61	9.61	9.44	9.50	12300900	116885968.00
20160715	9.51	9.57	9.42	9.47	9267500	87953448.00
20160718	9.43	9.43	9.21	9.28	11632900	108066552.00
20160719	9.29	9.32	9.17	9.31	13831400	127693312.00
20160720	9.30	9.35	9.25	9.31	7454600	69294432.00
20160721	9.31	9.35	9.23	9.28	7892500	73383488.00
20160722	9.26	9.36	9.25	9.26	7353100	68394392.00
20160725	9.05	9.05	8.58	8.67	32091400	281732832.00
20160726	8.65	8.75	8.58	8.74	10061300	87495200.00
20160727	8.72	8.75	8.25	8.42	17603768	149493648.00
20160728	8.39	8.49	8.36	8.48	8816594	74359288.00
20160729	8.48	8.51	8.38	8.47	6999892	59091808.00
20160801	8.47	8.47	8.30	8.41	5233298	43849012.00
20160802	8.42	8.54	8.40	8.52	5330111	45122412.00
20160803	8.52	8.53	8.43	8.50	5408270	45933612.00
20160804	8.53	8.56	8.43	8.54	5298811	45039544.00
20160805	8.51	8.54	8.46	8.48	4356404	37012212.00
20160808	8.52	8.65	8.49	8.64	7174156	61465648.00
20160809	8.61	8.65	8.55	8.63	5994700	51609552.00
20160810	8.63	8.68	8.57	8.62	6421500	55409408.00
20160811	8.60	8.62	8.44	8.46	6291399	53654988.00
20160812	8.45	8.54	8.42	8.54	4713968	40038240.00
20160815	8.54	8.72	8.51	8.71	11766772	101671352.00
20160816	8.71	8.76	8.68	8.73	7875693	68654840.00
20160817	8.72	8.81	8.67	8.76	6751055	58926692.00
20160818	8.76	8.78	8.69	8.71	6712429	58584616.00
20160819	8.71	8.73	8.64	8.70	5064134	43973776.00
20160822	8.70	8.76	8.64	8.66	6250200	54387772.00
20160823	8.66	9.09	8.66	8.99	28130500	251886944.00
20160824	9.01	9.08	8.81	8.86	16682200	148442912.00
20160825	8.82	9.03	8.61	8.94	18687200	164858896.00
20160826	8.85	8.94	8.75	8.79	13520400	119316936.00
20160829	8.79	8.82	8.70	8.76	6883811	60253056.00
20160830	8.78	8.80	8.73	8.75	5021901	44008868.00
20160831	8.76	8.78	8.62	8.70	5758634	50061704.00
20160901	8.69	8.69	8.52	8.54	10142262	87484000.00
20160902	8.55	8.61	8.50	8.54	5638133	48233940.00
20160905	8.54	8.68	8.54	8.60	5584948	48072576.00
20160906	8.65	8.80	8.54	8.77	9350226	81143920.00
20160907	8.74	8.77	8.68	8.71	10486715	91473584.00
20160908	8.71	8.75	8.69	8.73	4920400	42896500.00
20160909	8.72	8.78	8.67	8.68	6445403	56285600.00
20160912	8.65	8.65	8.36	8.39	10186887	86342904.00
20160913	8.47	8.47	8.38	8.41	5955085	50114596.00
20160914	8.38	8.60	8.33	8.47	7733573	65668904.00
20160919	8.41	8.57	8.41	8.55	7417964	63053872.00
20160920	8.72	8.84	8.68	8.76	21510939	188761216.00
20160921	8.70	8.75	8.59	8.61	11413590	98489904.00
20160922	8.63	8.69	8.60	8.63	7058592	60940992.00
20160923	8.33	8.63	8.33	8.52	7994900	68087952.00
20160926	8.48	8.52	8.34	8.36	8399028	70678160.00
20160927	8.37	8.40	8.30	8.40	5736169	47889524.00
20160928	8.42	8.42	8.31	8.37	3984417	33419672.00
20160929	8.40	8.51	8.38	8.46	6257405	52879992.00
20160930	8.43	8.53	8.43	8.47	5572683	47243656.00
20161010	8.50	8.66	8.50	8.62	9965825	85680192.00
20161011	8.65	8.68	8.60	8.63	8133945	70207368.00
20161012	8.59	8.63	8.57	8.60	6318358	54315720.00
20161013	8.62	9.23	8.61	8.93	32152502	288966080.00
20161014	8.84	8.92	8.71	8.83	16735168	147867296.00
20161017	8.85	8.89	8.63	8.70	10800745	94787760.00
20161018	8.71	8.87	8.70	8.84	12092742	106407448.00
20161019	8.85	8.95	8.75	8.81	11821348	104528664.00
20161020	8.81	8.84	8.76	8.78	7482520	65751080.00
20161021	8.78	8.90	8.67	8.89	15669803	137903600.00
20161024	8.81	8.93	8.74	8.90	16732026	148261536.00
20161025	8.93	9.04	8.88	8.94	13529884	121251720.00
20161026	8.97	9.01	8.83	8.87	12551841	111831496.00
20161027	8.84	8.89	8.77	8.81	7692661	67809392.00
20161028	8.78	8.88	8.73	8.74	7647411	67313896.00
20161031	8.62	8.65	8.53	8.63	8561358	73519528.00
20161101	8.63	8.71	8.61	8.68	6327900	54723804.00
20161102	8.65	8.78	8.61	8.66	6733100	58535484.00
20161103	8.64	9.00	8.62	8.90	21250370	188693424.00
20161104	8.80	9.08	8.80	9.00	22734800	203568384.00
20161107	9.00	9.04	8.86	8.96	14327802	128315256.00
20161108	9.00	9.11	8.91	8.97	14098869	127015656.00
20161109	8.99	9.39	8.81	9.13	33158471	301331872.00
20161110	9.17	9.44	9.13	9.35	37096107	345470912.00
20161111	9.29	9.42	9.19	9.36	22669804	210660032.00
20161114	9.26	9.57	9.26	9.47	22460481	212331488.00
20161115	9.38	9.47	9.20	9.30	23773021	221334640.00
20161116	9.31	9.32	9.23	9.29	9405300	87266088.00
20161117	9.25	9.35	9.23	9.34	10972000	102014280.00
20161118	9.39	9.44	9.22	9.29	13565800	126553792.00
20161121	9.27	9.33	9.18	9.24	9247400	85583392.00
20161122	9.24	9.40	9.24	9.36	10707526	99805760.00
20161123	9.35	9.49	9.19	9.20	17629696	164350560.00
20161124	9.20	9.31	9.16	9.26	10154900	93852264.00
20161125	9.26	9.28	9.10	9.22	8039200	73674816.00
20161128	9.24	9.39	9.20	9.34	12267300	114234224.00
20161129	9.31	9.48	9.21	9.22	14686400	137420384.00
20161130	9.21	9.23	8.98	9.03	15699000	142222000.00
20161201	9.03	9.10	8.95	9.04	8748213	79055968.00
20161202	9.04	9.06	8.85	8.89	9229001	82626800.00
20161205	8.81	8.92	8.75	8.83	8377500	74014464.00
20161206	8.86	8.90	8.81	8.84	6081500	53871204.00
20161207	8.84	8.99	8.80	8.97	9472000	84281232.00
20161208	8.96	9.02	8.89	8.92	6734300	60404856.00
20161209	8.94	9.02	8.89	8.94	7260800	64969824.00
20161212	9.01	9.06	8.57	8.58	13095831	115782048.00
20161213	8.59	8.71	8.50	8.66	8381974	72163008.00
20161214	8.66	9.10	8.63	9.00	22420891	199968464.00
20161215	8.95	9.08	8.87	9.02	14419956	129218384.00
20161216	9.01	9.30	8.93	9.14	22695749	208053168.00
20161219	9.35	9.98	9.26	9.65	52021457	500427936.00
20161220	9.60	9.89	9.45	9.69	38697233	374306976.00
20161221	9.58	9.84	9.52	9.71	21270023	206541760.00
20161222	9.68	9.75	9.48	9.67	19194370	184670208.00
20161223	9.69	9.94	9.40	9.54	20574715	199691664.00
20161226	9.60	9.98	9.45	9.97	31445891	307846496.00
20161227	9.90	9.96	9.70	9.76	18891759	185567856.00
20161228	9.74	9.80	9.56	9.71	12843691	124070408.00
20161229	9.68	9.68	9.42	9.55	11131200	106123072.00
20161230	9.57	9.60	9.38	9.49	10063100	95465744.00
20170103	9.54	9.65	9.52	9.62	9186412	88088632.00
20170104	9.64	9.85	9.48	9.74	17511426	169573216.00
20170105	9.74	9.88	9.66	9.78	14767297	144126496.00
20170106	9.82	10.31	9.82	10.12	31834858	321515136.00
20170109	10.12	10.26	9.94	10.18	19236353	194739312.00
20170110	10.19	10.20	9.80	9.84	17689296	176337824.00
20170111	9.84	9.85	9.61	9.62	13738470	133480672.00
20170112	9.59	9.69	9.42	9.47	11755738	112304864.00
20170113	9.48	9.57	9.08	9.23	15481316	144007456.00
20170116	9.23	9.33	8.60	8.95	15532649	140085600.00
20170117	8.91	9.10	8.82	9.09	8936570	80154552.00
20170118	9.06	9.13	8.99	9.01	6214171	56268132.00
20170119	9.01	9.15	8.84	8.94	8718090	78296248.00
20170120	8.86	9.12	8.86	9.04	9194781	82922520.00
20170123	9.05	9.17	9.05	9.13	10531909	95990488.00
20170124	8.93	9.01	8.76	8.92	16918137	150059440.00
20170125	8.86	9.01	8.83	9.00	8323776	74437896.00
20170126	9.01	9.05	8.95	9.03	4978894	44818008.00
20170203	9.02	9.05	8.90	8.96	4630802	41545604.00
20170206	8.99	9.08	8.98	9.06	4493367	40568872.00
20170207	9.05	9.07	8.95	9.03	5092367	45940140.00
20170208	9.00	9.02	8.79	8.92	13157997	116522608.00
20170209	8.90	9.08	8.80	9.06	13868458	124178512.00
20170210	9.03	9.24	9.01	9.17	16285185	149115408.00
20170213	9.18	9.30	8.99	9.25	12494420	115166600.00
20170214	9.25	9.55	9.23	9.43	21251647	200733904.00
20170215	9.38	9.41	9.24	9.26	11245126	104911672.00
20170216	9.28	9.53	9.22	9.50	14017912	132068232.00
20170217	9.49	9.57	9.26	9.29	12218309	114227592.00
20170220	9.27	9.46	9.21	9.42	11699600	109160560.00
20170221	9.42	9.53	9.30	9.49	15307020	144283920.00
20170222	9.49	9.55	9.39	9.51	10717455	101530632.00
20170223	9.49	9.58	9.40	9.43	8636903	81831848.00
20170224	9.41	9.49	9.32	9.41	8385700	78935136.00
20170227	9.43	9.49	9.30	9.32	9558100	89704792.00
20170228	9.35	9.44	9.33	9.41	5424790	50889824.00
20170301	9.42	9.43	9.32	9.35	8435847	79156656.00
20170302	9.37	9.52	9.33	9.44	12937818	122241776.00
20170303	9.40	9.96	9.30	9.66	19245174	183904784.00
20170306	9.60	9.67	9.51	9.65	13990442	134088408.00
20170307	9.58	9.63	9.46	9.51	10568200	100618568.00
20170308	9.50	9.51	9.35	9.40	9111134	85810352.00
20170309	9.38	9.41	9.16	9.21	10815408	99857256.00
20170310	9.20	9.25	9.16	9.16	5879800	54101332.00
20170313	9.18	9.31	9.10	9.30	9464481	87125072.00
20170314	9.28	9.32	9.18	9.21	5259202	48534576.00
20170315	9.21	9.25	9.17	9.22	3270825	30131704.00
20170316	9.24	9.39	9.23	9.32	8479551	78956968.00
20170317	9.30	9.53	9.27	9.29	14855288	139730080.00
20170320	9.25	9.28	9.12	9.20	9829600	90396304.00
20170321	9.19	9.24	9.15	9.22	6191600	56910444.00
20170322	9.16	9.16	8.92	8.97	14108737	127016512.00
20170323	8.97	8.99	8.86	8.96	7435118	66409228.00
20170324	8.91	8.97	8.85	8.92	8264500	73605056.00
20170327	8.90	8.96	8.84	8.88	6833303	60816936.00
20170328	8.90	8.93	8.83	8.92	5603233	49760920.00
20170329	8.92	8.98	8.84	8.85	6860962	61222764.00
20170330	8.84	8.88	8.68	8.78	9802805	85927720.00
20170331	8.78	8.91	8.68	8.81	9560110	83935944.00
20170405	8.80	8.97	8.80	8.96	8258186	73466576.00
20170406	8.93	8.96	8.88	8.92	6123401	54637660.00
20170407	8.89	8.93	8.85	8.91	5568401	49517300.00
20170410	8.97	9.00	8.82	8.86	6690300	59667060.00
20170411	9.00	9.05	8.81	8.99	11982700	106935984.00
20170412	9.00	9.00	8.87	8.89	8698000	77484784.00
20170413	8.89	8.97	8.86	8.95	8758308	78113424.00
20170414	8.94	8.94	8.75	8.77	8999578	79409144.00
20170417	8.81	8.81	8.43	8.50	12041566	103297880.00
20170418	8.52	8.53	8.36	8.37	6972493	58915864.00
20170419	8.34	8.39	8.13	8.22	10454074	85909328.00
20170420	8.12	8.22	7.96	8.15	7642278	62112920.00
20170421	8.15	8.17	8.08	8.13	4352288	35370608.00
20170424	8.13	8.13	7.89	7.91	6626900	52705388.00
20170425	7.93	7.99	7.89	7.91	3942000	31300174.00
20170426	7.92	7.98	7.89	7.92	4347400	34472652.00
20170427	7.90	7.93	7.60	7.89	6243700	48647540.00
20170428	7.84	7.98	7.82	7.97	4635096	36599040.00
20170502	8.00	8.00	7.91	7.94	4923288	39152256.00
20170503	7.91	7.97	7.80	7.92	5359028	42240608.00
20170504	7.91	8.02	7.80	7.99	5608100	44535288.00
20170505	7.96	8.01	7.89	7.95	4881500	38809236.00
20170508	7.90	7.90	7.58	7.63	5955600	46304280.00
20170509	7.60	7.70	7.54	7.69	4632500	35284440.00
20170510	7.68	7.73	7.42	7.45	5858300	44463248.00
20170511	7.41	7.42	7.01	7.25	14221900	102446104.00
20170512	7.24	7.24	7.10	7.14	5164855	37012264.00
20170515	7.14	7.22	7.14	7.16	2709221	19430682.00
20170516	7.16	7.30	7.10	7.29	4422917	31804390.00
20170517	7.26	7.38	7.26	7.35	4808132	35245936.00
20170518	7.28	7.34	7.24	7.24	3722300	27124748.00
20170519	7.28	7.32	7.23	7.29	4990749	36386828.00
20170522	7.29	7.31	7.12	7.13	5105241	36822172.00
20170523	7.11	7.16	6.85	6.87	7761200	54251048.00
20170524	6.81	7.02	6.69	6.96	7788500	53520552.00
20170525	7.03	7.17	7.00	7.16	9774400	69411872.00
20170526	7.10	7.20	7.09	7.14	5299100	37897488.00
20170531	7.20	7.26	7.15	7.20	4749329	34151184.00
20170601	7.18	7.18	6.92	7.00	6832807	48107668.00
20170602	6.96	7.11	6.86	7.08	3925460	27403248.00
20170605	7.07	7.23	7.04	7.18	4723118	33885216.00
20170606	7.21	7.25	7.15	7.25	3050858	21995260.00
20170607	7.25	7.35	7.21	7.34	4459512	32562368.00
20170608	7.34	7.35	7.23	7.27	4002430	29117452.00
20170609	7.27	7.28	7.13	7.23	4773267	34281628.00
20170612	7.16	7.20	7.05	7.09	3704500	26388244.00
20170613	7.09	7.25	7.09	7.24	4800845	34428648.00
20170614	7.22	7.31	7.19	7.26	5346073	38841272.00
20170615	7.24	7.34	7.18	7.31	5567247	40575640.00
20170616	7.29	7.35	7.24	7.27	4341409	31629242.00
20170619	7.27	7.34	7.26	7.30	3413845	24927842.00
20170620	7.30	7.55	7.30	7.44	10552975	78242640.00
20170621	7.42	7.42	7.30	7.36	5852019	43029936.00
20170622	7.35	7.35	7.10	7.18	6132721	44643792.00
20170623	7.15	7.24	7.10	7.21	4678309	33562564.00
20170626	7.22	7.33	7.19	7.33	5764767	41915080.00
20170627	7.33	7.41	7.29	7.37	5090877	37393736.00
20170628	7.35	7.36	7.28	7.29	4121801	30145606.00
20170629	7.34	7.43	7.31	7.37	4992277	36818472.00
20170630	7.31	7.41	7.31	7.40	4705030	34692868.00
20170703	7.40	7.51	7.38	7.49	5565027	41497244.00
20170704	7.51	7.54	7.43	7.44	4850799	36338124.00
20170705	7.43	7.53	7.41	7.51	5274257	39415664.00
20170706	7.52	7.70	7.50	7.61	9631150	73167664.00
20170707	7.60	7.75	7.53	7.74	8000078	61117500.00
20170710	7.72	7.83	7.66	7.71	8853127	68509960.00
20170711	7.70	7.73	7.54	7.58	6652445	50747672.00
数据来源:通达信
