600094 大名城 日线 前复权
      日期	    开盘	    最高	    最低	    收盘	    成交量	    成交额
20111011	8.96	8.96	7.50	7.58	45185186	364464544.00
20111012	7.20	7.20	7.20	7.20	1224000	8922960.00
20111013	6.84	7.36	6.84	6.92	25039809	176597504.00
20111014	6.70	6.87	6.57	6.58	16975739	114551504.00
20111017	6.63	6.80	6.51	6.61	9551476	64417292.00
20111018	6.56	6.62	6.28	6.28	8319712	53505060.00
20111019	6.14	6.20	5.96	5.97	13026283	79109216.00
20111020	5.88	6.01	5.67	5.67	8005702	46878524.00
20111021	5.76	5.76	5.41	5.50	7138576	40139652.00
20111024	5.53	5.57	5.31	5.54	8661157	48178952.00
20111025	5.52	5.82	5.49	5.74	10064239	58144916.00
20111026	5.67	5.74	5.47	5.60	8764119	50100408.00
20111027	5.58	5.66	5.42	5.45	7744859	43424044.00
20111028	5.49	5.73	5.47	5.73	12367132	70668392.00
20111031	5.74	5.88	5.68	5.82	10648594	62665588.00
20111101	5.78	5.81	5.58	5.67	8312232	48078384.00
20111102	5.53	5.67	5.46	5.64	6672165	37698968.00
20111103	5.65	5.79	5.61	5.63	9150681	52946460.00
20111104	5.67	5.91	5.65	5.83	10181492	59923640.00
20111107	5.78	5.92	5.72	5.76	7490097	44139056.00
20111108	5.68	5.72	5.47	5.47	12396501	69766344.00
20111109	5.46	5.53	5.42	5.51	5055616	28177768.00
20111110	5.45	5.48	5.35	5.37	4840342	26687926.00
20111111	5.31	5.54	5.27	5.50	7751931	42906084.00
20111114	5.51	5.59	5.47	5.58	4894633	27578456.00
20111115	5.56	5.81	5.53	5.78	8618214	50141948.00
20111116	5.76	5.83	5.52	5.55	6186942	35581532.00
20111117	5.51	5.61	5.50	5.55	4181125	23600854.00
20111118	5.54	5.58	5.35	5.38	5204131	28878636.00
20111121	5.40	5.40	5.31	5.38	2307057	12565070.00
20111122	5.33	5.40	5.13	5.27	3559782	19158656.00
20111123	5.28	5.38	5.26	5.29	2103464	11353934.00
20111124	5.23	5.31	5.18	5.28	2613890	13958005.00
20111125	5.29	5.29	5.15	5.18	2446733	12988567.00
20111128	5.17	5.20	5.07	5.11	2373246	12387106.00
20111129	5.15	5.17	5.06	5.13	2756682	14341256.00
20111130	5.11	5.13	4.87	4.87	3000154	15182320.00
20111202	4.91	4.92	4.66	4.78	4811250	23391600.00
20111205	4.75	4.81	4.58	4.58	3491673	16668291.00
20111206	4.58	4.68	4.52	4.61	1864477	8702480.00
20111207	4.62	4.66	4.50	4.54	2949349	13703872.00
20111208	4.51	4.59	4.44	4.50	2061738	9476838.00
20111209	4.48	4.53	4.45	4.46	1446565	6617832.00
20111212	4.47	4.54	4.42	4.43	1872538	8544237.00
20111213	4.43	4.43	4.20	4.20	2583107	11259100.00
20111214	4.13	4.26	3.99	4.03	3088731	12931228.00
20111215	3.98	3.99	3.85	3.87	3203104	12807522.00
20111216	3.87	3.95	3.78	3.95	2756955	10944351.00
20111219	3.90	3.91	3.75	3.89	2558745	10045584.00
20111220	3.85	4.03	3.85	3.95	3841459	15604266.00
20111221	3.98	3.99	3.79	3.79	2663445	10695199.00
20111222	3.77	3.77	3.60	3.65	2976652	11171645.00
20111223	3.65	3.84	3.65	3.84	2335428	9092487.00
20111226	3.88	3.93	3.81	3.83	2692067	10647223.00
20111227	3.81	3.83	3.73	3.74	1478452	5724850.00
20111228	3.72	3.78	3.61	3.75	1944670	7377709.00
20111229	3.71	3.88	3.71	3.86	3129183	12253759.00
20111230	3.84	4.06	3.84	4.06	6750400	27831090.00
20120104	4.27	4.27	4.27	4.27	5600850	24419706.00
20120105	4.29	4.49	4.18	4.43	10288617	45689712.00
20120106	4.31	4.48	4.21	4.44	4499872	20151812.00
20120109	4.45	4.67	4.45	4.67	7419094	34958160.00
20120110	4.66	4.78	4.59	4.76	13728629	65408088.00
20120111	4.70	4.79	4.63	4.70	6823647	32783688.00
20120112	4.70	4.86	4.70	4.77	4889539	23786244.00
20120113	4.79	4.82	4.54	4.76	4674467	22401744.00
20120116	4.66	4.95	4.66	4.82	6930038	34557872.00
20120117	4.77	5.06	4.69	5.02	6940957	34635472.00
20120118	5.01	5.07	4.93	4.98	6053129	30778432.00
20120119	4.90	4.99	4.73	4.73	9588978	46563304.00
20120120	4.68	4.86	4.57	4.74	6190319	29786064.00
20120130	4.76	4.98	4.72	4.98	6965036	35079392.00
20120131	4.99	5.15	4.94	5.07	5975178	30677776.00
20120201	5.03	5.33	5.03	5.33	10071986	54013236.00
20120202	5.31	5.33	5.13	5.29	7063223	37602020.00
20120203	5.27	5.45	5.24	5.32	7080843	38554856.00
20120206	5.37	5.43	5.29	5.38	5460920	29723592.00
20120207	5.33	5.36	5.11	5.15	6257231	32966380.00
20120208	5.15	5.41	5.12	5.41	6163343	33458456.00
20120209	5.55	5.64	5.44	5.47	10184832	57391952.00
20120210	5.41	5.75	5.38	5.75	7430708	42850032.00
20120213	5.78	6.01	5.72	5.93	13090210	78171120.00
20120214	5.89	5.98	5.82	5.91	8474492	50811540.00
20120215	5.89	6.21	5.86	6.20	12269135	75860048.00
20120216	6.12	6.51	6.07	6.50	11268638	71014032.00
20120217	6.42	6.83	6.32	6.83	13532816	91780368.00
20120220	7.08	7.08	6.81	6.88	11995708	84436824.00
20120221	6.82	7.00	6.53	6.75	11529482	78515808.00
20120222	6.70	7.04	6.64	6.80	8966784	62239700.00
20120223	6.75	7.14	6.56	7.14	14306064	98035088.00
20120224	7.01	7.35	6.98	7.15	12099078	88071320.00
20120227	7.09	7.26	7.01	7.04	9306283	66985904.00
20120301	6.96	7.49	6.36	6.82	21267136	147465280.00
20120302	6.72	6.98	6.61	6.79	11545401	79445432.00
20120305	6.89	7.48	6.81	7.38	30076353	223938336.00
20120306	7.24	7.65	7.22	7.31	20949730	157837776.00
20120307	7.17	7.34	6.97	7.01	12791663	92137408.00
20120308	7.72	7.72	6.91	7.01	11212068	80580464.00
20120309	7.02	7.05	6.85	6.94	8924847	62785696.00
20120312	6.93	7.07	6.83	6.89	6222422	43658840.00
20120313	6.89	7.00	6.66	6.81	11742619	80336872.00
20120314	6.81	7.14	6.66	6.93	20672346	144709232.00
20120315	6.71	6.79	6.23	6.23	15594754	101086480.00
20120316	6.06	6.25	5.92	6.21	8024651	50099832.00
20120319	6.19	6.23	6.03	6.20	6229485	38764604.00
20120320	6.29	6.48	6.17	6.18	8860527	57008428.00
20120321	6.16	6.22	5.88	6.02	6127048	37489024.00
20120322	6.01	6.15	5.96	6.00	4375714	26850004.00
20120323	6.01	6.05	5.73	5.82	4984960	29593324.00
20120326	5.80	6.02	5.75	5.96	5032593	30270396.00
20120327	5.99	6.00	5.78	5.83	4272044	25502952.00
20120328	5.82	5.82	5.41	5.48	5483404	31086824.00
20120329	5.49	5.63	5.41	5.56	5901140	33238832.00
20120330	5.47	5.57	5.29	5.37	4391277	24085046.00
20120405	5.33	5.52	5.33	5.50	3457402	19147896.00
20120406	5.52	5.61	5.44	5.58	3587493	20175460.00
20120409	5.53	5.55	5.37	5.38	2955804	16433684.00
20120410	5.36	5.48	5.24	5.46	4026653	21944224.00
20120411	5.37	6.02	5.36	5.92	13209819	78102960.00
20120413	6.03	6.26	5.89	5.91	10347033	63502252.00
20120416	5.83	6.24	5.74	6.15	10106941	62431608.00
20120417	6.14	6.24	5.99	5.99	6007187	37277784.00
20120418	5.99	6.14	5.92	6.11	6543944	40270880.00
20120419	6.11	6.14	5.96	6.00	4800308	29320990.00
20120420	6.02	6.06	5.91	6.03	4267713	26003730.00
20120423	6.06	6.10	5.89	5.90	3971766	24174968.00
20120424	5.84	5.98	5.43	5.76	5649141	32468208.00
20120425	5.70	5.99	5.62	5.92	5272123	31333224.00
20120426	6.01	6.10	5.84	5.86	4447917	26940592.00
20120427	5.87	5.88	5.65	5.70	3418455	19833158.00
20120502	5.77	5.81	5.64	5.71	2492027	14481537.00
20120503	5.80	5.89	5.68	5.76	3602967	21132230.00
20120504	5.76	5.76	5.68	5.73	3014175	17489740.00
20120507	5.68	5.68	5.53	5.59	4953998	28108252.00
20120508	5.61	5.62	5.47	5.59	3683696	20760944.00
20120509	5.52	5.58	5.45	5.50	2484414	13870313.00
20120510	5.48	5.58	5.48	5.52	2040304	11451000.00
20120511	5.54	5.55	5.46	5.47	1807756	10102132.00
20120514	5.53	5.57	5.40	5.47	3243496	18074174.00
20120515	5.45	5.48	4.92	5.43	3862183	20889424.00
20120516	5.36	5.40	5.30	5.35	2635857	14290691.00
20120517	5.35	5.89	5.28	5.78	8220838	47120804.00
20120518	5.71	5.89	5.60	5.71	9911212	57499800.00
20120521	5.61	5.75	5.52	5.62	2257066	12841449.00
20120522	5.63	5.68	5.57	5.61	5756627	32837800.00
20120523	5.61	5.61	5.38	5.41	3820918	21194232.00
20120524	5.36	5.43	5.36	5.38	1849466	10134897.00
20120525	5.38	5.40	5.26	5.28	1706613	9235448.00
20120528	5.26	5.66	5.14	5.60	4597167	25285192.00
20120529	5.55	5.59	5.45	5.51	5352599	29826936.00
20120530	5.51	5.58	5.45	5.49	2579551	14459263.00
20120531	5.42	5.45	5.37	5.41	2264975	12449839.00
20120601	5.41	5.50	5.38	5.40	1384452	7627805.00
20120604	5.34	5.34	5.18	5.20	2016131	10793000.00
20120605	5.19	5.26	5.11	5.13	1532751	8057697.00
20120606	5.16	5.18	5.10	5.12	940220	4911959.00
20120607	5.19	5.23	5.01	5.12	1367612	7181415.00
20120608	5.19	5.23	5.14	5.14	1762090	9303499.00
20120611	5.11	5.21	5.11	5.20	1289215	6780319.00
20120612	5.17	5.27	5.16	5.17	1820608	9661558.00
20120613	5.18	5.24	5.16	5.23	1284488	6805968.00
20120614	5.23	5.23	5.13	5.15	1971602	10398468.00
20120615	5.15	5.19	5.08	5.14	1402618	7326725.00
20120619	5.15	5.21	5.08	5.10	1427556	7447453.00
20120620	5.11	5.13	5.04	5.05	1534748	7927365.00
20120621	5.05	5.08	4.93	4.96	1145456	5824291.00
20120625	4.96	5.02	4.73	4.77	1582100	7858936.00
20120626	4.72	4.87	4.66	4.77	885199	4280201.00
20120627	4.78	4.85	4.74	4.75	748334	3652645.00
20120628	4.75	4.81	4.56	4.57	1041042	4978352.00
20120629	4.59	4.63	4.37	4.54	1424406	6527158.00
20120702	4.56	4.63	4.50	4.56	1297980	6049559.00
20120703	4.56	4.69	4.54	4.61	2146783	10121378.00
20120704	4.60	4.63	4.54	4.57	1293189	6031252.00
20120705	4.60	5.04	4.58	5.04	11948571	60047108.00
20120706	5.23	5.55	5.23	5.55	23273075	129608952.00
20120709	5.72	6.11	5.59	6.11	17500494	105897216.00
20120710	6.46	6.52	5.90	6.03	39490861	250245696.00
20120711	5.93	6.01	5.63	5.95	26537252	157275008.00
20120712	5.86	6.55	5.73	6.55	38339127	241519312.00
20120713	6.27	6.67	6.17	6.30	31309697	202872304.00
20120716	6.26	6.46	5.94	6.23	18754971	117510200.00
20120717	6.16	6.67	6.08	6.46	24673186	160451552.00
20120718	6.33	6.89	6.21	6.64	24610388	162609280.00
20120719	6.47	6.69	6.31	6.39	21423105	140763520.00
20120720	6.27	6.81	6.17	6.61	28646356	190988656.00
20120723	6.47	6.56	5.94	5.94	24738832	152382368.00
20120724	5.77	6.03	5.77	5.99	12136735	73009856.00
20120725	5.93	5.98	5.77	5.85	8914820	52925592.00
20120726	5.86	6.07	5.76	5.88	13493140	81397624.00
20120727	5.88	5.93	5.42	5.64	15611976	88579808.00
20120730	5.55	5.62	5.07	5.07	12663270	67526952.00
20120731	5.02	5.36	4.88	5.18	12391036	64734484.00
20120801	5.16	5.33	5.07	5.25	9546883	50796156.00
20120802	5.22	5.24	4.91	5.10	11361892	58317864.00
20120803	5.12	5.43	5.03	5.36	13418822	71040112.00
20120806	5.31	5.54	5.27	5.43	11945146	65574236.00
20120807	5.45	5.66	5.40	5.61	13958855	78631896.00
20120808	5.53	5.63	5.37	5.48	8767184	48919188.00
20120809	5.47	5.65	5.41	5.53	9273755	52059228.00
20120810	5.53	5.54	5.31	5.32	8788497	48151076.00
20120813	5.20	5.29	4.91	5.04	7776578	40438936.00
20120814	5.03	5.12	4.90	5.09	5265958	26833900.00
20120815	5.06	5.09	4.97	5.02	3261447	16662428.00
20120816	4.99	5.07	4.92	4.93	3634264	18483584.00
20120817	4.95	4.97	4.85	4.93	3168495	15880495.00
20120820	4.80	4.90	4.62	4.85	4228035	20607476.00
20120821	4.84	5.02	4.82	4.96	4777534	23998452.00
20120822	4.94	5.00	4.87	4.90	3159990	15794130.00
20120823	4.90	4.96	4.85	4.94	3124448	15658089.00
20120824	4.94	4.94	4.81	4.82	3349597	16590723.00
20120827	4.81	4.81	4.66	4.67	2731890	13180988.00
20120828	4.67	4.82	4.61	4.80	2155314	10419006.00
20120829	4.80	4.82	4.71	4.73	1792836	8671475.00
20120830	4.74	4.76	4.53	4.59	2460976	11605370.00
20120831	4.57	4.65	4.54	4.62	1170885	5485614.00
20120903	4.62	4.86	4.59	4.78	3511552	17027704.00
20120904	4.77	4.80	4.64	4.66	2280456	10971874.00
20120905	4.66	4.76	4.65	4.71	1640368	7878621.00
20120906	4.76	4.76	4.69	4.76	1970720	9502068.00
20120907	4.81	5.07	4.81	5.02	8262762	41809964.00
20120910	4.97	5.05	4.92	4.99	4694444	23797726.00
20120911	4.99	4.99	4.88	4.91	3128580	15628512.00
20120912	4.91	4.97	4.89	4.97	2687195	13501196.00
20120913	5.27	5.48	5.26	5.48	19935186	109335544.00
20120914	5.37	5.84	5.29	5.62	21854645	124056696.00
20120917	5.56	5.56	5.07	5.22	11077976	59950648.00
20120918	5.16	5.20	5.02	5.03	6334880	32687562.00
20120919	5.06	5.22	5.04	5.10	4624497	24040248.00
20120920	5.03	5.08	4.81	4.81	5352954	26965612.00
20120921	4.77	4.92	4.73	4.85	4117366	20359116.00
20120924	4.77	4.97	4.75	4.92	3200472	15913378.00
20120925	4.90	4.99	4.85	4.88	3126865	15646739.00
20120926	4.91	4.95	4.77	4.83	3367261	16696704.00
20120927	4.83	5.03	4.83	5.02	4105219	20694672.00
20120928	4.98	5.16	4.94	5.08	4584643	23653228.00
20121008	5.08	5.12	4.92	5.08	2882614	14735841.00
20121009	5.02	5.18	5.02	5.17	4093374	21338464.00
20121010	5.17	5.19	5.09	5.16	2979916	15589868.00
20121011	5.13	5.13	4.99	5.00	2816180	14478713.00
20121012	4.99	5.07	4.99	5.02	2638225	13519609.00
20121015	4.98	5.02	4.92	4.95	1703350	8586283.00
20121016	4.95	5.05	4.94	4.97	1248596	6339658.00
20121017	4.97	5.00	4.92	4.99	1353516	6833812.00
20121018	4.95	5.24	4.95	5.19	5576911	29090462.00
20121019	5.13	5.18	5.06	5.07	3264660	16976692.00
20121022	5.06	5.21	4.98	5.17	2698017	13982585.00
20121023	5.13	5.57	5.13	5.22	7300275	39704152.00
20121024	5.13	5.24	5.08	5.21	3489028	18297824.00
20121025	5.20	5.26	5.08	5.11	2486093	13039342.00
20121026	5.12	5.12	4.91	4.96	1978569	10038322.00
20121029	4.84	5.01	4.82	4.96	1349911	6787110.00
20121030	5.01	5.09	4.96	4.98	1402338	7168211.00
20121031	4.99	5.01	4.91	5.00	1008360	5099605.00
20121101	4.97	5.29	4.97	5.16	5300605	27862932.00
20121102	5.11	5.41	5.11	5.30	9154478	49311108.00
20121105	5.24	5.43	5.14	5.35	8445663	45824416.00
20121106	5.30	5.30	4.98	5.15	5961160	31034980.00
20121107	5.11	5.17	5.04	5.10	2548101	13231521.00
20121108	5.05	5.14	4.96	5.00	4024748	20633084.00
20121109	4.96	5.03	4.92	5.00	1471552	7457823.00
20121112	4.99	5.09	4.94	5.07	2698593	13777308.00
20121113	5.08	5.09	4.94	4.96	2440159	12369328.00
20121114	4.97	5.00	4.91	4.98	1455495	7330260.00
20121115	4.95	5.01	4.91	4.95	1477839	7444240.00
20121116	5.01	5.01	4.75	4.88	3613181	17752404.00
20121119	4.88	4.88	4.77	4.85	910950	4471123.00
20121120	4.86	4.91	4.83	4.85	762777	3777831.00
20121121	4.83	4.93	4.82	4.93	927852	4612971.00
20121122	4.93	4.93	4.83	4.85	769022	3800640.00
20121123	4.86	4.93	4.84	4.87	1628756	8097697.00
20121126	4.87	4.91	4.83	4.83	822801	4082875.00
20121127	4.83	4.83	4.55	4.66	938291	4475337.00
20121128	4.65	4.66	4.53	4.57	946218	4425439.00
20121129	4.60	4.68	4.47	4.49	1346418	6302185.00
20121130	4.60	4.93	4.48	4.70	1750340	8437896.00
20121203	4.77	4.80	4.58	4.60	1631358	7774765.00
20121204	4.52	4.66	4.49	4.65	1138406	5304541.00
20121205	4.65	4.90	4.62	4.84	3164439	15565344.00
20121206	4.83	4.88	4.79	4.82	1224413	6031727.00
20121207	4.91	4.97	4.83	4.95	3422343	17072702.00
20121210	4.95	5.00	4.84	4.97	3334420	16781124.00
20121211	5.12	5.28	5.00	5.05	7078038	36948312.00
20121212	5.09	5.28	4.98	5.07	5789116	30096208.00
20121213	5.01	5.59	5.01	5.59	12113050	67923400.00
20121214	5.88	6.16	5.77	6.16	35250982	218178112.00
20121217	6.79	6.79	6.36	6.79	70158282	478738560.00
20121218	6.71	7.09	6.63	6.93	51219019	355786688.00
20121219	6.90	7.09	6.56	6.70	43052718	295117824.00
20121220	6.61	6.99	6.57	6.71	42110885	288229088.00
20121221	6.66	7.19	6.41	6.43	49545065	339766976.00
20121224	6.53	6.86	6.36	6.77	40004179	269423584.00
20121225	6.69	7.29	6.57	6.92	59300078	414541152.00
20121226	6.95	7.21	6.71	7.03	42791493	302899424.00
20121227	7.06	7.13	6.82	6.90	30402465	214182336.00
20121228	6.91	7.19	6.63	6.87	36287412	254062352.00
20121231	6.74	7.02	6.67	6.86	28740023	199550240.00
20130104	6.90	7.37	6.69	6.95	35173234	248178624.00
20130107	6.91	7.13	6.81	7.02	23655462	166950560.00
20130108	6.94	7.35	6.87	7.30	32150815	230742160.00
20130109	7.15	7.19	6.79	6.84	33350362	234886080.00
20130110	6.85	6.89	6.67	6.79	16786895	115074336.00
20130111	6.73	6.85	6.29	6.32	20655727	137623056.00
20130114	6.21	6.49	6.19	6.42	20008855	128757912.00
20130115	6.41	6.52	6.36	6.48	17184502	112350728.00
20130116	6.43	6.47	6.19	6.34	14943464	95951728.00
20130117	6.31	6.49	6.25	6.41	12313281	79740280.00
20130118	6.39	6.62	6.36	6.57	18079855	119550488.00
20130121	6.57	6.71	6.51	6.55	15396375	103063696.00
20130122	6.51	6.57	6.29	6.35	14059372	91297232.00
20130123	6.28	6.37	6.08	6.18	10440332	65823656.00
20130124	6.18	6.28	5.91	5.97	10326140	63984720.00
20130125	5.98	6.07	5.95	6.04	4631803	28232240.00
20130128	6.04	6.23	6.01	6.19	7488734	46607680.00
20130129	6.15	6.24	6.14	6.16	6606752	41401552.00
20130130	6.18	6.19	6.04	6.13	6843646	42533804.00
20130131	6.09	6.14	5.94	5.99	6433988	39349516.00
20130201	5.99	6.10	5.96	6.07	5833659	35801432.00
20130204	6.06	6.35	6.02	6.23	10959717	68890888.00
20130205	6.19	6.23	6.04	6.15	7360424	45870488.00
20130206	6.14	6.31	6.11	6.21	6771075	42895512.00
20130207	6.18	6.24	6.13	6.17	4528550	28331270.00
20130208	6.15	6.30	6.14	6.25	5432510	34284812.00
20130218	6.33	6.36	6.23	6.26	6290823	40034864.00
20130219	6.26	6.30	5.86	5.94	8720779	53487560.00
20130220	5.95	6.02	5.89	6.02	4734963	28616434.00
20130221	5.96	5.99	5.78	5.81	6242331	37188792.00
20130222	5.83	5.90	5.77	5.80	3980006	23567892.00
20130225	5.82	6.02	5.81	5.94	4802338	28915490.00
20130226	5.92	5.96	5.79	5.81	3629395	21713688.00
20130227	5.80	6.00	5.80	5.95	4730349	28417860.00
20130228	5.95	6.16	5.92	6.13	8682133	53470836.00
20130301	6.15	6.16	6.03	6.09	5415134	33356978.00
20130304	5.81	5.88	5.47	5.47	10681590	60621220.00
20130305	5.41	5.56	5.41	5.52	4557136	25467726.00
20130306	5.52	5.60	5.43	5.57	4858891	27341864.00
20130307	5.57	5.74	5.50	5.71	8288849	47479032.00
20130308	5.67	5.68	5.49	5.51	5650889	31993056.00
20130311	5.53	5.68	5.49	5.55	3616394	20595678.00
20130312	5.54	5.66	5.36	5.46	4692930	26356930.00
20130313	5.49	5.55	5.37	5.50	2989528	16565104.00
20130314	5.55	5.63	5.50	5.54	2676088	15105030.00
20130315	5.55	5.59	5.39	5.45	3715400	20688298.00
20130318	5.41	5.48	5.33	5.35	3193978	17604296.00
20130319	5.35	5.67	5.34	5.57	9297368	52328288.00
20130320	5.53	5.73	5.48	5.72	9320805	53098624.00
20130321	5.67	5.74	5.57	5.66	7383926	42436744.00
20130322	5.64	5.70	5.57	5.68	5158737	29576384.00
20130325	5.71	5.76	5.56	5.65	5469626	31472876.00
20130326	5.66	5.77	5.61	5.69	8239775	47654404.00
20130327	5.68	5.76	5.62	5.68	4940604	28571502.00
20130328	5.62	5.66	5.33	5.33	6186825	34019012.00
20130329	5.35	5.50	5.33	5.41	3808245	20954358.00
20130401	5.41	5.86	5.41	5.62	10257978	59451428.00
20130402	5.58	6.02	5.51	5.87	15275558	89954048.00
20130403	5.81	5.85	5.64	5.68	7747574	45110188.00
20130408	5.56	5.58	5.31	5.55	4979671	27679916.00
20130409	5.49	5.67	5.49	5.66	4698870	26742736.00
20130410	5.66	5.74	5.52	5.57	4290086	24488234.00
20130411	5.57	5.64	5.43	5.44	3223684	18130628.00
20130412	5.42	5.48	5.39	5.44	2539163	14026365.00
20130415	5.45	5.55	5.37	5.41	3047659	16908524.00
20130416	5.39	5.69	5.29	5.67	8141320	46211740.00
20130417	5.65	5.77	5.58	5.67	5805557	33400760.00
20130418	5.61	5.72	5.57	5.62	4387392	25174656.00
20130419	5.61	5.78	5.60	5.71	7443204	43170924.00
20130422	5.65	5.71	5.59	5.64	5271005	30184068.00
20130423	5.66	5.76	5.47	5.60	6492218	37177920.00
20130424	5.61	5.64	5.46	5.53	5013963	28272936.00
20130425	5.53	5.56	5.38	5.41	4319215	24036028.00
20130426	5.40	5.48	5.34	5.38	2604403	14340431.00
20130502	5.41	5.48	5.37	5.44	1648306	9079439.00
20130503	5.42	5.58	5.42	5.53	3749740	21055616.00
20130506	5.53	5.65	5.47	5.62	4031477	22809236.00
20130507	5.61	5.68	5.57	5.66	4450847	25421432.00
20130508	5.63	5.70	5.58	5.65	3764938	21565416.00
20130509	5.63	5.63	5.45	5.51	3516891	19763894.00
20130510	5.49	5.68	5.44	5.67	5035890	28561752.00
20130513	5.70	5.80	5.67	5.79	8730566	50867592.00
20130514	5.79	5.79	5.58	5.63	5407032	31070468.00
20130515	5.65	5.71	5.60	5.67	2985545	17108488.00
20130516	5.67	6.08	5.61	6.02	18502035	111576848.00
20130517	6.01	6.29	5.94	6.12	19992113	124664864.00
20130520	6.12	6.18	6.02	6.08	10944286	67560800.00
20130521	6.11	6.20	6.04	6.18	8882966	55236856.00
20130522	6.18	6.30	6.11	6.12	9043764	56874416.00
20130523	6.13	6.27	5.96	6.00	9806721	60953896.00
20130524	6.00	6.11	5.96	6.07	5807968	35561156.00
20130527	6.07	6.08	5.97	6.02	5581158	34067616.00
20130528	6.02	6.17	5.99	6.17	7509863	46414260.00
20130529	6.16	6.22	6.04	6.07	7021967	43662548.00
20130530	6.04	6.15	5.97	6.12	6983899	42992288.00
20130531	6.11	6.14	6.01	6.02	4563763	28021704.00
20130603	5.98	6.07	5.97	6.01	4470072	27330360.00
20130604	6.02	6.06	5.72	5.78	6195623	36978904.00
20130605	5.80	5.83	5.72	5.82	2639330	15481426.00
20130606	5.81	5.81	5.70	5.70	3019829	17607184.00
20130607	5.69	5.72	5.51	5.52	3904105	22210252.00
20130613	5.50	5.50	5.27	5.44	3291650	17977010.00
20130614	5.45	5.50	5.41	5.47	1411061	7834459.00
20130617	5.47	5.61	5.32	5.52	2998903	16641392.00
20130618	5.48	5.58	5.37	5.42	4034700	22287002.00
20130619	5.42	5.42	5.17	5.29	3235494	17397652.00
20130620	5.29	5.33	5.12	5.14	2890537	15402715.00
20130621	5.14	5.14	4.99	5.09	1909390	9877850.00
20130624	5.10	5.34	4.87	4.90	7453624	39022044.00
20130625	4.90	5.06	4.40	5.00	6043714	29747172.00
20130626	4.96	5.05	4.84	4.99	4757306	24018662.00
20130627	5.06	5.20	4.96	4.97	4894664	25252174.00
20130628	4.88	5.21	4.81	5.04	5970315	30880770.00
20130701	5.01	5.14	4.96	5.10	2761404	14252845.00
20130702	5.07	5.10	4.99	5.06	3234474	16618607.00
20130703	5.06	5.06	4.89	4.99	2861446	14470215.00
20130704	4.99	5.07	4.85	5.00	2995683	15239365.00
20130705	5.04	5.18	5.03	5.05	4795709	24986992.00
20130708	4.92	5.00	4.81	4.83	3652709	18170552.00
20130709	4.79	4.89	4.77	4.79	1988871	9763304.00
20130710	4.80	4.99	4.78	4.95	2583677	12891814.00
20130711	5.02	5.30	4.98	5.14	5663621	29854880.00
20130712	5.14	5.20	5.09	5.14	3410105	17856356.00
20130715	5.12	5.26	5.08	5.18	2552523	13456609.00
20130716	5.18	5.21	5.06	5.18	2727786	14247934.00
20130717	5.20	5.49	5.11	5.38	7422167	39925236.00
20130718	5.33	5.40	5.14	5.17	4389763	23315184.00
20130719	5.18	5.21	4.79	4.84	4764874	24325558.00
20130722	4.80	4.89	4.71	4.88	2400018	11779333.00
20130723	4.93	5.05	4.88	4.99	3774301	19131234.00
20130724	5.00	5.04	4.94	5.04	2971403	15100876.00
20130725	5.03	5.14	4.97	5.03	2901245	14989897.00
20130726	5.02	5.02	4.89	4.99	2719812	13751558.00
20130729	4.99	4.99	4.85	4.89	2103317	10532011.00
20130730	4.88	5.00	4.83	4.94	2160619	10826703.00
20130731	5.35	5.44	5.35	5.44	6193893	34225276.00
20130801	5.44	5.61	5.36	5.54	14551632	81110752.00
20130802	5.58	5.76	5.49	5.51	12291717	70153544.00
20130805	5.44	5.48	5.29	5.42	6747093	36850324.00
20130806	5.41	5.45	5.27	5.43	5925359	32284748.00
20130807	5.49	5.56	5.34	5.38	6655276	37051416.00
20130808	5.34	5.41	5.30	5.32	3676887	19984972.00
20130809	5.32	5.40	5.28	5.39	3344998	18211784.00
20130812	5.39	5.54	5.38	5.53	5629354	31342598.00
20130813	5.52	5.56	5.44	5.49	3459580	19316454.00
20130814	5.53	5.60	5.49	5.55	5054437	28443824.00
20130815	5.58	5.59	5.43	5.45	3679852	20485668.00
20130826	5.46	5.79	5.13	5.64	10735737	59891036.00
20130827	5.59	5.89	5.55	5.79	12558031	73677184.00
20130828	5.71	5.95	5.54	5.83	13812131	81414928.00
20130829	5.79	5.86	5.64	5.69	6455792	37478428.00
20130830	5.68	5.94	5.64	5.78	11060823	65157084.00
20130902	5.72	5.87	5.42	5.74	8042117	46150076.00
20130903	5.81	6.31	5.81	6.18	26910454	166866384.00
20130904	6.10	6.10	5.92	6.07	15575497	94962504.00
20130905	6.06	6.06	5.85	5.93	9895296	59724572.00
20130906	5.88	6.08	5.88	5.97	10851970	65790484.00
20130909	5.98	6.05	5.93	5.98	9990739	60794588.00
20130910	5.99	6.15	5.91	6.07	13255867	81394880.00
20130911	6.05	6.16	5.80	5.87	13211045	80040976.00
20130912	5.85	5.98	5.83	5.86	6911903	41246056.00
20130913	5.84	5.87	5.76	5.77	6155526	36264316.00
20130916	5.76	5.86	5.72	5.74	3976205	23392116.00
20130917	5.74	5.82	5.49	5.50	5908946	33564456.00
20130918	5.50	5.55	5.48	5.48	2844466	15914068.00
20130923	5.51	5.62	5.51	5.59	3827327	21647128.00
20130924	5.59	5.68	5.49	5.65	5538941	31457548.00
20130925	5.65	5.66	5.54	5.55	4664434	26533188.00
20130926	5.59	5.59	5.41	5.45	4005412	22154226.00
20130927	5.45	5.46	5.33	5.34	3118034	17121496.00
20130930	5.35	5.47	5.33	5.39	2275726	12469151.00
20131008	5.39	5.59	5.37	5.54	4398705	24675872.00
20131009	5.52	5.63	5.51	5.60	4428828	25092350.00
20131010	5.60	5.63	5.50	5.51	4498939	25429684.00
20131011	5.54	5.63	5.54	5.62	4342188	24688528.00
20131014	5.62	5.75	5.51	5.72	7995945	45571168.00
20131015	5.70	5.80	5.66	5.74	8130671	47316776.00
20131016	5.78	5.79	5.63	5.76	8263575	47943456.00
20131017	5.74	5.74	5.66	5.67	4100988	23738674.00
20131018	5.66	5.72	5.59	5.66	2429513	13935445.00
20131021	5.70	5.73	5.56	5.72	3993769	22992932.00
20131022	5.72	5.73	5.61	5.68	4667008	26794810.00
20131023	5.70	5.72	5.59	5.62	3665424	21056888.00
20131024	5.60	5.67	5.50	5.63	3222516	18316484.00
20131025	5.63	5.64	5.37	5.51	3717522	20828484.00
20131028	5.51	5.51	5.28	5.29	2535353	13939428.00
20131029	5.35	5.39	5.06	5.32	6356118	33872492.00
20131030	5.31	5.34	5.19	5.30	4611951	24692136.00
20131031	5.30	5.41	5.23	5.32	3140488	17087432.00
20131101	5.41	5.41	5.24	5.35	2878563	15635111.00
20131104	5.35	5.37	5.27	5.30	1081072	5827493.00
20131105	5.31	5.32	5.20	5.29	2414859	12936785.00
20131106	5.28	5.36	5.21	5.27	2800800	15075022.00
20131107	5.21	5.31	5.21	5.22	1845855	9838622.00
20131108	5.26	5.26	5.09	5.16	2932037	15378010.00
20131111	5.10	5.20	5.08	5.12	1087614	5681355.00
20131112	5.09	5.27	5.09	5.25	2081639	11000545.00
20131113	5.24	5.27	5.14	5.15	2405198	12742325.00
20131114	5.19	5.19	5.08	5.13	2615091	13647074.00
20131115	5.13	5.21	5.12	5.20	3750514	19784448.00
20131118	5.26	5.30	5.20	5.29	3551674	18994656.00
20131119	5.30	5.33	5.21	5.28	3685432	19734400.00
20131120	5.26	5.34	5.24	5.28	2867555	15393038.00
20131121	5.29	5.30	5.22	5.24	3241232	17298872.00
20131122	5.25	5.27	5.12	5.23	5504573	29055696.00
20131125	5.22	5.22	5.14	5.17	2738104	14416247.00
20131126	5.17	5.21	5.14	5.17	2103881	11069115.00
20131127	5.18	5.25	5.15	5.24	4407938	23335780.00
20131128	5.21	5.33	5.20	5.29	5677623	30501768.00
20131129	5.27	5.29	5.21	5.27	3192093	17005464.00
20131202	5.23	5.24	5.05	5.05	3580217	18674790.00
20131203	5.05	5.15	5.03	5.12	4898531	25451012.00
20131204	5.13	5.64	5.11	5.64	23962520	134801600.00
20131205	5.61	5.71	5.50	5.68	21267934	121492784.00
20131206	5.61	5.73	5.52	5.55	11383041	65016664.00
20131209	5.62	5.86	5.55	5.72	14254568	82878376.00
20131210	5.69	5.78	5.63	5.76	11250116	65398484.00
20131211	5.74	5.74	5.51	5.60	6356248	36147612.00
20131212	5.61	5.65	5.53	5.64	4509452	25639964.00
20131213	5.62	5.67	5.48	5.49	5945048	33580684.00
20131216	5.52	5.56	5.42	5.43	4335545	24181144.00
20131217	5.45	5.47	5.20	5.24	6187460	33155146.00
20131218	5.29	5.29	5.15	5.21	4606679	24398688.00
20131219	5.23	5.25	5.14	5.22	2732654	14453690.00
20131220	5.21	5.23	5.04	5.04	2697268	14049484.00
20131223	5.04	5.10	4.96	5.06	2429551	12463869.00
20131224	5.07	5.13	4.97	5.01	2568131	13208331.00
20131225	5.02	5.05	4.96	5.03	2784921	14187469.00
20131226	5.03	5.05	4.83	4.85	3377126	16914432.00
20131227	4.86	4.99	4.86	4.92	4395632	22078860.00
20131230	4.92	5.01	4.92	4.96	2999022	15113187.00
20131231	4.98	4.99	4.91	4.96	4249668	21364436.00
20140102	4.93	4.96	4.90	4.95	2166704	10872347.00
20140103	4.91	4.94	4.86	4.93	2564240	12786775.00
20140106	4.91	4.92	4.82	4.86	2792431	13848925.00
20140107	4.86	4.93	4.82	4.90	1609774	8015911.00
20140108	4.92	4.92	4.84	4.85	1380570	6865921.00
20140109	4.83	4.93	4.83	4.92	1825221	9105872.00
20140110	4.93	4.95	4.86	4.86	1247939	6209431.00
20140113	4.84	4.92	4.81	4.83	1266374	6265590.00
20140114	4.86	4.90	4.80	4.89	1797427	8889486.00
20140115	4.89	4.98	4.85	4.97	1480167	7388583.00
20140116	4.95	4.98	4.93	4.97	1230996	6207208.00
20140117	4.97	5.02	4.91	4.91	1210902	6103171.00
20140120	4.91	4.95	4.86	4.91	861630	4288970.00
20140121	4.91	5.00	4.91	5.00	1255744	6338067.00
20140122	5.00	5.14	4.99	5.09	3090889	15971855.00
20140123	5.09	5.13	5.03	5.03	2199618	11347851.00
20140124	5.02	5.17	5.01	5.11	3359662	17518316.00
20140127	5.09	5.16	5.07	5.09	1660280	8611410.00
20140128	5.09	5.15	4.99	5.02	1812497	9321596.00
20140129	5.01	5.05	4.97	4.98	1800205	9179258.00
20140130	4.97	5.02	4.96	4.96	1080593	5472049.00
20140207	4.98	5.01	4.92	5.00	1577573	7964824.00
20140210	5.00	5.12	4.97	5.11	3813747	19730332.00
20140211	5.13	5.16	5.08	5.12	2496640	13003636.00
20140212	5.12	5.21	5.10	5.20	2680771	14060496.00
20140213	5.19	5.20	5.10	5.12	2644648	13866406.00
20140214	5.12	5.25	5.09	5.22	3806964	20083024.00
20140217	5.27	5.27	5.17	5.21	2954450	15630374.00
20140218	5.19	5.23	5.12	5.16	3178630	16738083.00
20140219	5.14	5.26	5.14	5.21	3107797	16464356.00
20140220	5.20	5.31	5.11	5.12	4195723	22225940.00
20140221	5.11	5.16	5.01	5.04	2690749	13876994.00
20140224	5.01	5.06	4.71	4.76	6008507	29426932.00
20140225	4.76	4.79	4.54	4.57	4498441	21536870.00
20140226	4.59	4.75	4.53	4.70	2453683	11585148.00
20140227	4.71	4.73	4.54	4.58	2319547	10942976.00
20140228	4.60	4.74	4.55	4.64	3181319	14928664.00
20140303	4.64	4.69	4.56	4.67	3636533	17144796.00
20140304	4.65	4.73	4.62	4.67	2743069	13049056.00
20140305	4.67	4.70	4.61	4.64	2638921	12525649.00
20140306	4.61	4.81	4.59	4.76	5110183	24627474.00
20140307	4.79	4.79	4.70	4.78	3589299	17351168.00
20140310	4.75	4.75	4.56	4.58	3519996	16586491.00
20140311	4.53	5.05	4.53	5.05	11960617	59440976.00
20140312	5.09	5.37	4.95	5.11	15662484	82599112.00
20140313	5.20	5.24	5.02	5.08	6965799	36083316.00
20140314	5.02	5.20	5.01	5.14	6331798	33084176.00
20140317	5.19	5.22	5.13	5.15	4961665	26107154.00
20140318	5.12	5.14	4.95	4.99	4450253	22710688.00
20140319	4.99	4.99	4.85	4.95	4333165	21685184.00
20140320	4.97	5.09	4.94	4.95	4113716	21045718.00
20140321	4.96	5.08	4.86	5.05	4931727	25209792.00
20140324	5.09	5.56	5.07	5.33	12265781	66022200.00
20140325	5.58	5.78	5.36	5.40	18749659	105901008.00
20140326	5.36	5.42	5.21	5.29	8858649	47818452.00
20140327	5.25	5.83	5.25	5.75	49101923	288087264.00
20140328	5.69	5.78	5.26	5.31	33614536	186283152.00
20140331	5.39	5.49	5.21	5.31	14067438	76402080.00
20140401	5.25	5.46	5.14	5.42	11215262	60613568.00
20140402	5.40	5.70	5.34	5.64	19577109	110949456.00
20140403	5.67	5.68	5.28	5.37	13193623	73125896.00
20140404	5.36	5.54	5.31	5.41	8183399	45174424.00
20140408	5.39	5.50	5.32	5.45	6612561	36453612.00
20140409	5.45	5.46	5.30	5.36	7030078	38452184.00
20140410	5.39	5.41	5.28	5.29	8883222	48043080.00
20140411	5.24	5.33	5.22	5.30	5286626	28465464.00
20140414	5.31	5.53	5.27	5.41	7541052	41551956.00
20140415	5.42	5.75	5.42	5.61	22803829	130143648.00
20140416	5.58	5.94	5.55	5.91	22627296	132793816.00
20140417	5.91	6.50	5.91	6.24	30308014	193542320.00
20140418	6.32	6.32	6.07	6.20	13647741	85377464.00
20140421	6.12	6.25	6.06	6.19	8272669	51701164.00
20140422	6.13	6.45	6.11	6.38	12527930	79910048.00
20140423	6.38	6.50	6.21	6.31	6648807	42776332.00
20140424	6.30	6.30	6.10	6.11	5520434	34453248.00
20140425	6.13	6.29	6.08	6.13	3825179	23971606.00
20140428	6.09	6.09	5.71	5.89	4053225	24358540.00
20140429	5.91	6.12	5.87	6.05	2908198	17600528.00
20140430	6.08	6.13	6.01	6.06	1791013	11043859.00
20140505	6.06	6.40	6.06	6.39	5068553	32333470.00
20140506	6.38	6.47	6.25	6.38	6423203	41428368.00
20140507	6.30	6.36	6.25	6.32	3351021	21399000.00
20140508	6.31	6.54	6.27	6.42	8542036	55474000.00
20140509	6.41	6.42	6.26	6.29	2671912	17115920.00
20140512	6.24	6.41	6.11	6.34	3823999	24229088.00
20140513	6.31	6.35	6.23	6.25	1746244	11091676.00
20140514	6.25	6.42	6.21	6.40	4648494	29763504.00
20140515	6.38	6.38	6.02	6.08	3194755	20101508.00
20140516	6.02	6.12	5.94	6.11	2006274	12351517.00
20140519	6.07	6.14	5.84	5.99	5368622	32510600.00
20140520	5.95	6.11	5.78	5.90	3640311	21709768.00
20140521	5.90	5.95	5.72	5.93	1337187	7912868.00
20140522	5.93	6.05	5.84	5.96	1136334	6876266.00
20140523	5.90	6.01	5.90	5.96	810928	4923373.00
20140526	5.95	6.01	5.85	6.00	1800806	10864084.00
20140527	6.00	6.02	5.97	6.01	1155925	7030069.00
20140528	6.01	6.01	5.91	5.94	1359928	8193894.00
20140529	5.99	5.99	5.79	5.81	1668231	9916450.00
20140530	5.77	5.91	5.76	5.83	779564	4604505.00
20140603	5.84	5.93	5.82	5.87	1059115	6325347.00
20140604	5.90	5.93	5.80	5.82	851894	5038372.00
20140605	5.85	5.90	5.80	5.87	638357	3795429.00
20140606	5.93	5.93	5.84	5.88	425873	2542978.00
20140609	5.88	5.98	5.77	5.88	690561	4130903.00
20140610	5.80	5.90	5.80	5.87	736546	4389297.00
20140611	5.83	5.87	5.75	5.85	1591523	9370586.00
20140612	5.83	5.85	5.79	5.80	753794	4439722.00
20140613	5.77	5.99	5.77	5.98	2045793	12289766.00
20140616	5.98	6.07	5.91	5.96	1532923	9288172.00
20140617	5.95	6.04	5.95	6.02	1879909	11455413.00
20140618	5.99	6.26	5.99	6.13	4291477	26673616.00
20140619	6.16	6.45	6.10	6.23	3886220	24703216.00
20140620	6.21	6.34	6.02	6.12	2170821	13607558.00
20140624	6.11	6.37	5.83	6.30	6257691	39204728.00
20140625	6.30	6.34	6.16	6.29	2010320	12763628.00
20140626	6.28	6.33	6.11	6.26	8478741	53557112.00
20140627	6.22	6.22	6.11	6.12	2201315	13766671.00
20140630	6.08	6.18	6.07	6.13	2244940	13971383.00
20140701	6.14	6.29	6.10	6.28	3513438	22033544.00
20140702	6.26	6.29	6.17	6.22	2967316	18747532.00
20140703	6.24	6.29	6.17	6.23	2087167	13179335.00
20140704	6.20	6.26	6.11	6.16	2063457	12950854.00
20140707	6.17	6.46	6.17	6.43	7843649	50655608.00
20140708	6.42	6.62	6.41	6.58	8743278	57602756.00
20140709	6.59	6.59	6.42	6.47	3619565	23789428.00
20140710	6.43	6.59	6.39	6.41	3163311	20768696.00
20140711	6.45	6.55	6.33	6.40	2425565	15848484.00
20140714	6.41	6.55	6.39	6.50	2689913	17655612.00
20140715	6.56	6.65	6.45	6.54	2918311	19331536.00
20140716	6.60	6.67	6.52	6.53	3155306	21097412.00
20140717	6.48	7.19	6.47	6.90	8878935	62392548.00
20140718	6.98	7.30	6.83	7.17	10136438	72917056.00
20140721	7.11	7.36	7.03	7.04	5631442	40882444.00
20140722	7.04	7.19	6.94	7.11	4210886	29994400.00
20140723	7.07	7.25	7.04	7.18	2925673	21106206.00
20140724	7.18	7.36	7.14	7.21	3873198	28334352.00
20140725	7.17	7.22	7.08	7.17	2598498	18801832.00
20140728	7.19	7.34	7.13	7.19	3418933	24951728.00
20140729	7.19	7.30	7.19	7.28	2815477	20634638.00
20140730	7.29	7.46	7.22	7.31	3474760	25881048.00
20140731	7.31	7.31	7.13	7.21	3648436	26659384.00
20140801	7.21	7.34	7.16	7.20	2622482	19200032.00
20140804	7.12	7.22	7.12	7.21	1531116	11108143.00
20140805	7.23	7.30	7.15	7.17	1716369	12512666.00
20140806	7.18	7.26	7.14	7.23	2363323	17220214.00
20140807	7.19	7.23	7.14	7.16	1568185	11372240.00
20140808	7.19	7.21	7.11	7.19	1793233	13000502.00
20140811	7.19	7.26	7.12	7.24	1196418	8737967.00
20140812	7.24	7.55	7.21	7.50	3993977	29950992.00
20140813	7.51	7.68	7.43	7.55	3278639	25047644.00
20140814	7.56	7.61	7.49	7.58	1837612	14020606.00
20140815	7.58	7.79	7.58	7.78	4019242	31322102.00
20140818	7.82	7.86	7.60	7.73	4121379	32102332.00
20140819	7.76	7.86	7.52	7.56	3866223	29935114.00
20140820	7.55	7.76	7.53	7.62	3779221	29353292.00
20140821	7.59	7.67	7.46	7.57	3102948	23673442.00
20140822	7.57	7.62	7.48	7.51	3206827	24371108.00
20140825	7.56	7.65	7.40	7.43	3254087	24766676.00
20140826	7.43	7.54	7.32	7.33	2412581	18130876.00
20140827	7.33	7.39	7.04	7.21	3782250	27435436.00
20140828	7.19	7.23	7.11	7.22	1771182	12905697.00
20140829	7.22	7.27	7.12	7.26	1450792	10617640.00
20140901	7.26	7.32	7.22	7.28	2341438	17275862.00
20140902	7.25	7.36	7.25	7.32	2242599	16569577.00
20140903	7.36	7.41	7.28	7.34	1892039	14086015.00
20140904	7.41	7.49	7.34	7.49	3101008	23284852.00
20140905	7.47	7.62	7.46	7.56	4601997	35243592.00
20140909	7.60	7.75	7.56	7.73	3627285	28190908.00
20140910	7.73	7.73	7.61	7.63	3581298	27734212.00
20140911	7.65	7.73	7.55	7.73	3541760	27349180.00
20140912	7.74	8.46	7.71	8.13	10432839	85915704.00
20140915	8.13	8.31	8.03	8.14	6903321	56707416.00
20140916	8.11	8.19	7.82	7.87	4844824	39374932.00
20140917	7.88	7.91	7.59	7.70	3427914	26637548.00
20140918	7.70	7.86	7.55	7.80	6291465	49116200.00
20140919	7.73	8.18	7.62	8.01	8910240	71860208.00
20140922	7.90	8.13	7.89	7.91	5204161	42058864.00
20140923	7.91	8.13	7.87	8.10	5766601	46737836.00
20140924	8.08	8.16	8.01	8.11	5672890	46381172.00
20140925	8.14	8.36	8.10	8.29	9163051	76194400.00
20140926	8.28	8.30	8.11	8.20	4702432	38986200.00
20140929	8.27	8.32	8.17	8.20	6544162	54476956.00
20140930	8.22	8.31	8.18	8.28	6243562	52130728.00
20141008	8.46	8.50	8.12	8.16	9786190	81332952.00
20141009	8.12	8.19	7.71	7.88	13737759	110243712.00
20141010	7.86	7.95	7.62	7.73	14755310	115662200.00
20141013	7.71	7.91	7.58	7.87	11042417	86849120.00
20141014	7.83	7.95	7.78	7.85	8522208	67870128.00
20141015	7.86	8.11	7.85	8.08	9903636	80380024.00
20141016	8.06	8.16	7.92	7.98	8040522	65576504.00
20141017	7.87	8.17	7.71	8.08	7824382	62912468.00
20141020	8.07	8.23	8.03	8.20	8318769	68588048.00
20141021	8.22	8.34	8.14	8.28	9804088	81594648.00
20141022	8.26	8.31	8.09	8.11	4526762	37563816.00
20141023	8.11	8.22	7.96	8.02	4430635	36368960.00
20141024	8.02	8.06	7.91	8.04	3456142	28042064.00
20141027	8.03	8.12	7.94	8.11	2452887	20003968.00
20141028	8.16	8.22	8.02	8.18	4130744	33894336.00
20141029	8.19	8.45	8.12	8.40	8373363	70284176.00
20141030	8.39	8.39	8.17	8.17	6681723	55861012.00
20141031	8.14	8.31	8.11	8.27	3997641	33190416.00
20141103	8.33	8.34	8.10	8.13	4405010	36347720.00
20141104	8.15	8.19	7.91	8.00	5467214	44437336.00
20141105	8.00	8.11	7.91	7.98	2441624	19750560.00
20141106	8.11	8.11	7.78	7.95	3789090	30311218.00
20141107	8.00	8.08	7.90	8.05	3571940	28852506.00
20141110	8.06	8.09	7.67	7.92	8190581	65070616.00
20141111	7.88	8.00	7.66	7.71	3795936	29795038.00
20141112	7.71	7.86	7.62	7.76	4278545	33343548.00
20141113	7.76	7.76	7.63	7.69	2230877	17310852.00
20141114	7.67	7.73	7.50	7.58	3169592	24307580.00
20141117	7.63	7.83	7.60	7.81	2957900	23257220.00
20141118	7.87	7.88	7.71	7.75	1981882	15539408.00
20141119	7.76	7.82	7.71	7.78	1488201	11709071.00
20141120	7.70	7.80	7.67	7.78	1966909	15377385.00
20141121	7.82	7.82	7.61	7.69	2744850	21348574.00
20141124	7.92	8.05	7.81	7.89	6034597	48169692.00
20141125	7.79	7.89	7.71	7.79	4044837	31807730.00
20141126	7.79	7.85	7.74	7.78	3803516	29957384.00
20141127	7.75	7.78	7.60	7.71	5977312	46564816.00
20141128	7.66	7.81	7.56	7.80	6429371	49806324.00
20141201	7.78	7.78	7.47	7.57	6935886	53381432.00
20141202	7.51	7.69	7.51	7.65	4982908	38553856.00
20141203	7.66	8.01	7.66	7.70	6875832	54347724.00
20141204	7.79	7.80	7.65	7.75	6101861	47792152.00
20141205	7.75	7.79	7.49	7.54	6498625	49990192.00
20141208	7.54	7.75	7.49	7.61	7165042	55346688.00
20141209	7.61	7.65	7.44	7.44	7173137	54650424.00
20141210	7.45	7.76	7.33	7.63	7312354	56356288.00
20141211	7.63	7.75	7.60	7.74	3994641	31029276.00
20141212	7.76	7.87	7.73	7.87	7641746	60326252.00
20141215	7.88	8.12	7.88	8.07	8512301	69317496.00
20141216	8.07	8.15	7.99	8.14	6859158	55985644.00
20141217	8.15	8.63	8.07	8.40	12775783	107593016.00
20141218	8.41	8.56	8.17	8.21	7922928	66341840.00
20141219	8.17	8.51	8.01	8.27	5824171	48965988.00
20141222	8.27	8.44	7.78	8.04	5517143	44554184.00
20141223	7.95	8.35	7.95	8.19	4948672	41056264.00
20141224	8.14	8.56	8.14	8.31	8541913	71908888.00
20141225	8.23	8.40	8.00	8.11	5446268	44585392.00
20141226	8.11	8.31	8.00	8.09	2985280	24432756.00
20141229	8.10	8.20	7.99	8.08	3569343	29153830.00
20141230	8.11	8.11	7.59	7.62	3560313	28159000.00
20141231	7.58	7.90	7.52	7.90	3505370	27444980.00
20150105	7.90	8.09	7.90	7.93	3468024	27975816.00
20150106	7.94	8.00	7.79	7.85	2027519	16214538.00
20150107	7.84	8.64	7.77	8.64	9062738	75924336.00
20150108	8.64	9.33	8.51	8.91	15882732	142491312.00
20150109	9.00	9.00	8.69	8.83	5802698	51587008.00
20150112	8.73	8.83	8.54	8.67	3329398	29105406.00
20150113	8.59	9.01	8.57	8.82	5041022	44909144.00
20150114	8.83	8.87	8.57	8.86	3929030	34734352.00
20150115	8.84	9.55	8.71	9.54	17160900	161078896.00
20150116	9.55	9.71	9.35	9.42	6270400	59959764.00
20150119	9.16	9.25	8.47	8.90	8957729	81238936.00
20150120	8.81	9.32	8.81	9.26	7454969	68821776.00
20150121	9.21	9.73	9.17	9.72	10757919	103141160.00
20150122	9.69	9.90	9.60	9.73	5239800	51389776.00
20150123	9.66	9.77	9.56	9.66	6041263	58917852.00
20150126	9.66	9.84	9.56	9.69	2655274	25911638.00
20150127	9.75	9.77	9.51	9.55	3292939	31987372.00
20150128	9.50	9.72	9.11	9.71	8682387	83090400.00
20150129	9.69	9.69	9.30	9.58	6128551	58397672.00
20150130	9.51	9.61	9.26	9.31	4002686	38314516.00
20150202	9.31	9.31	9.01	9.12	2282305	21103416.00
20150203	9.07	9.39	8.91	9.35	3710867	34292932.00
20150204	9.36	9.36	9.17	9.18	1546584	14442615.00
20150205	9.23	9.45	9.09	9.20	4795929	44962824.00
20150206	9.20	9.29	8.94	8.96	1787805	16492943.00
20150209	8.94	9.08	8.76	9.05	5610559	50345808.00
20150210	9.06	9.12	8.86	9.10	2471947	22530120.00
20150211	9.10	9.21	8.79	8.80	5131428	46371592.00
20150212	8.77	9.13	8.77	9.07	3593939	32730096.00
20150213	9.11	9.76	9.11	9.47	7311012	70211816.00
20150216	9.47	10.22	9.47	9.86	25796243	257319296.00
20150217	9.84	10.51	9.81	10.45	11000274	113276336.00
20150225	10.45	11.50	10.32	11.50	13286004	149126688.00
20150226	11.61	12.46	11.27	11.82	15405394	185712560.00
20150227	11.91	12.66	11.66	12.49	7479542	90065744.00
20150302	12.81	12.82	11.84	12.31	11381163	140034192.00
20150303	12.21	12.48	11.85	12.06	9934389	120888608.00
20150304	11.91	12.16	11.91	12.12	5132861	62307752.00
20150305	12.01	12.29	12.01	12.24	3642135	44628816.00
20150306	12.26	12.26	11.76	11.89	6128351	73966280.00
20150309	11.87	12.19	11.72	11.91	6263274	75644464.00
20150310	11.85	12.17	11.85	11.91	5778616	69864984.00
20150311	11.90	12.09	11.79	11.84	4356493	52242632.00
20150312	11.84	11.99	11.76	11.91	4493597	53745828.00
20150313	11.94	12.05	11.81	12.03	4938474	59366668.00
20150316	12.07	12.37	12.06	12.33	9170593	112946760.00
20150317	12.39	12.46	12.07	12.30	10247685	125965664.00
20150318	12.29	12.36	12.15	12.28	6768605	83336592.00
20150319	12.21	12.21	12.04	12.12	5860342	71483592.00
20150320	12.12	12.54	12.07	12.35	7879227	97617400.00
20150323	12.39	12.98	12.37	12.96	10641147	135379568.00
20150324	12.96	14.27	12.82	14.27	12400897	175068848.00
20150325	15.40	15.40	14.02	14.63	28179095	410453056.00
20150326	14.16	14.39	13.71	13.99	10436921	148280352.00
20150327	13.99	14.31	13.89	14.15	5346751	75992384.00
20150330	14.15	14.71	13.96	14.41	10496003	151711488.00
20150331	14.41	14.82	14.07	14.09	8057041	116312320.00
20150401	14.09	14.30	13.86	14.19	4377070	62339016.00
20150402	14.19	14.41	14.01	14.33	5992537	86104944.00
20150403	14.12	15.77	14.11	15.77	19452546	298617888.00
20150407	15.81	16.16	15.41	16.07	12532973	200557056.00
20150408	15.96	17.51	14.77	16.72	21984019	352085984.00
20150409	16.70	17.11	16.39	17.02	11385171	192471456.00
20150410	16.91	18.06	16.57	17.90	8483975	149558096.00
20150413	17.91	18.54	17.47	17.69	7903354	141300944.00
20150414	17.31	18.08	16.78	17.66	7761086	135870848.00
20150415	17.61	17.61	16.16	16.96	13555075	227695408.00
20150416	16.71	16.72	15.70	16.24	17925715	291204672.00
20150417	16.41	16.58	16.08	16.54	13970272	229797696.00
20150420	16.67	16.80	15.76	15.88	10945588	177568576.00
20150421	16.09	16.49	15.74	16.35	9978465	161452560.00
20150422	16.71	17.96	16.46	17.53	24992322	435124672.00
20150423	18.11	18.27	16.91	17.53	21257189	375381280.00
20150424	17.09	17.46	16.51	16.99	18103675	307926944.00
20150427	16.80	17.21	16.76	17.11	22678568	386284832.00
20150428	17.11	17.89	16.64	16.78	14128242	243741168.00
20150429	16.54	17.09	16.32	16.86	12468909	210348912.00
20150430	17.01	17.26	16.76	16.83	8695062	147863328.00
20150504	16.88	18.52	16.88	17.91	26830131	481855648.00
20150505	17.96	17.96	16.66	16.72	11225152	194216784.00
20150506	16.81	17.28	16.41	16.95	11161748	189875360.00
20150507	16.74	17.23	15.98	17.08	9779948	163609904.00
20150508	17.08	18.21	16.92	17.89	17343303	303683360.00
20150511	18.27	19.11	17.71	18.89	31248807	580008704.00
20150512	18.73	19.79	18.47	18.87	39498658	755616256.00
20150513	18.91	20.72	18.81	20.27	29873825	591807808.00
20150514	20.41	21.30	19.22	19.97	26927752	551277632.00
20150515	19.71	20.26	19.31	20.04	15451899	306031040.00
20150518	19.99	20.59	19.63	20.15	17365188	351279424.00
20150519	19.96	20.71	19.91	20.53	14636443	298842208.00
20150520	20.64	20.71	19.91	20.01	20549618	420028736.00
20150521	19.91	20.61	19.41	20.60	22291126	451363648.00
20150522	20.73	22.67	20.73	22.51	37083143	824980736.00
20150525	22.91	24.77	22.72	24.68	58786729	1421212288.00
20150526	24.51	25.01	23.41	24.84	30655745	752515648.00
20150527	24.84	24.93	23.51	24.21	26449945	638499264.00
20150528	23.81	23.83	21.90	22.32	29996259	689092352.00
20150529	21.77	24.56	20.08	22.82	36777680	816446464.00
20150601	22.90	24.69	22.58	22.96	39554468	915456896.00
20150602	22.97	23.59	22.72	23.43	37553602	865763520.00
20150603	23.72	25.78	22.83	25.78	57509532	1397471744.00
20150604	25.85	25.92	23.25	25.30	37151039	934067072.00
20150605	25.75	26.85	24.57	26.60	53042217	1373898112.00
20150608	26.84	27.51	25.73	27.05	44498638	1178488064.00
20150609	27.05	27.90	26.45	27.08	41505766	1132454272.00
20150610	27.03	27.03	24.95	26.44	47759047	1262063488.00
20150611	26.37	26.83	25.92	26.13	43285238	1135911552.00
20150612	26.28	28.13	25.87	26.83	51392986	1377896448.00
20150615	27.05	27.26	25.61	25.64	43906151	1167153024.00
20150616	25.25	25.25	23.07	23.88	25252005	610608448.00
20150617	24.05	24.45	21.95	24.31	28396002	662397824.00
20150618	23.95	24.35	22.97	23.09	19532756	464050944.00
20150619	23.35	23.35	20.90	22.00	17064070	374040864.00
20150623	21.95	21.95	19.80	20.70	22122789	454153440.00
20150624	20.20	21.14	19.45	20.80	31193980	634269376.00
20150625	21.00	21.00	19.23	20.20	26282315	534851552.00
20150805	18.18	18.18	18.18	18.18	2768000	50460640.00
20150806	16.36	16.36	16.36	16.36	1355000	22235550.00
20150807	14.72	16.64	14.72	15.90	189409369	2887562496.00
20150810	14.95	16.90	14.84	16.53	172533184	2690909184.00
20150811	16.09	16.37	15.66	15.87	107084728	1722469888.00
20150812	15.65	16.29	15.36	15.97	69280023	1111957248.00
20150813	15.94	16.23	15.46	16.10	69453953	1109406208.00
20150814	16.25	16.64	16.02	16.38	84880755	1386419840.00
20150817	16.75	17.94	16.55	17.56	89326080	1549862272.00
20150818	17.60	17.75	15.80	15.80	71707599	1195153408.00
20150819	14.93	16.09	14.22	15.53	65143754	975226816.00
20150820	15.25	15.26	14.23	14.65	39068733	579934720.00
20150821	14.45	14.45	13.18	13.18	43171716	588445952.00
20150824	11.90	12.50	11.86	11.86	14671080	176080848.00
20150825	10.67	10.67	10.67	10.67	2840800	30453376.00
20150826	10.01	10.60	9.60	9.60	99534389	985639808.00
20150827	9.50	9.90	8.64	9.61	81742602	758063232.00
20150828	9.80	10.51	9.47	10.49	84543087	838043584.00
20150831	10.49	10.49	9.44	9.44	57850793	575078400.00
20150901	9.25	9.25	8.49	8.49	50890303	442877856.00
20150902	7.84	8.63	7.64	7.92	68476339	545422656.00
20150907	7.99	8.59	7.97	8.13	56145010	467864512.00
20150908	8.11	8.95	7.97	8.95	47247410	399113600.00
20150909	9.03	9.62	8.88	9.52	98536521	917545152.00
20150910	9.18	9.38	8.86	8.97	59093076	544563072.00
20150911	8.97	9.40	8.97	9.31	50602462	465328736.00
20150914	9.45	9.55	8.37	8.37	66329030	592008000.00
20150915	7.92	8.10	7.53	7.73	53802393	418420768.00
20150916	7.81	8.51	7.63	8.51	56786322	457637024.00
20150917	8.25	8.83	8.09	8.14	65864407	558074944.00
20150918	8.20	8.30	7.89	8.18	39857557	324594560.00
20150921	7.97	8.67	7.91	8.53	51246973	429078432.00
20150922	8.55	9.00	8.36	8.71	70917775	615866176.00
20150923	8.43	8.52	8.17	8.28	45843035	385764416.00
20150924	8.32	9.04	8.32	8.80	62576574	552259456.00
20150925	8.65	8.79	7.96	8.28	44274375	375284928.00
20150928	8.24	8.48	8.00	8.46	28699249	238290224.00
20150929	8.20	8.27	7.82	8.00	34969187	283633824.00
20150930	8.06	8.09	7.80	7.89	44210568	352701216.00
20151008	8.20	8.42	7.96	8.22	65702788	543130624.00
20151009	8.22	8.60	8.14	8.53	99948674	838510592.00
20151012	8.55	9.30	8.51	9.09	123738922	1109563136.00
20151013	9.05	9.57	8.98	9.42	112713765	1057128000.00
20151014	9.30	9.38	9.04	9.24	102715576	951599168.00
20151015	9.22	9.75	9.22	9.72	108447083	1040173056.00
20151016	9.80	9.92	9.46	9.91	124156124	1208224768.00
20151019	9.95	10.30	9.59	9.76	115688352	1159429504.00
20151020	9.73	10.11	9.65	10.07	86950620	866271552.00
20151021	10.08	10.14	9.06	9.06	127728474	1228952192.00
20151022	9.16	9.65	9.06	9.55	98932007	925897344.00
20151023	9.59	10.51	9.59	10.51	128382864	1328550016.00
20151026	10.90	11.01	10.32	10.70	138018773	1484842112.00
20151027	10.55	10.70	9.83	10.50	77261787	800569728.00
20151028	10.43	10.81	10.15	10.23	71691327	755418176.00
20151029	10.35	10.45	9.98	10.22	68496977	705350848.00
20151030	10.19	10.49	9.98	10.22	60011953	619991872.00
20151102	9.93	10.14	9.65	9.68	56064920	556491264.00
20151103	9.74	9.84	9.52	9.69	34320207	334728192.00
20151104	9.79	10.38	9.77	10.37	63157563	644077504.00
20151105	10.49	10.81	10.31	10.46	93018621	988013952.00
20151106	10.36	10.93	10.36	10.91	84027832	901820992.00
20151109	11.15	12.01	10.91	11.67	128135757	1476629632.00
20151110	11.50	11.80	11.28	11.62	84880884	980955328.00
20151111	11.55	12.13	11.50	11.95	68249386	815434304.00
20151112	12.05	12.15	11.46	11.56	66187558	776283264.00
20151113	11.40	11.40	11.00	11.11	57775172	649553344.00
20151116	10.83	11.64	10.78	11.62	58593275	657724992.00
20151117	11.76	11.90	11.30	11.33	58534363	682269248.00
20151118	11.28	12.05	11.21	11.37	69963434	813872832.00
20151119	11.35	11.64	11.21	11.63	43662918	499878528.00
20151120	11.65	11.93	11.56	11.73	50803716	599016000.00
20151123	11.73	11.80	11.34	11.36	46023069	534869920.00
20151124	11.32	11.37	11.08	11.33	35835683	404162560.00
20151125	11.40	11.55	11.30	11.50	39140842	449146016.00
20151126	11.95	12.66	11.78	12.66	45343633	568360640.00
20151127	12.66	13.18	11.39	11.57	154956554	1947830912.00
20151130	11.44	11.71	10.50	11.39	84719792	946492224.00
20151203	12.53	12.53	11.71	12.06	102979036	1251721088.00
20151204	11.79	12.53	11.70	12.32	97647727	1188818816.00
20151207	12.20	12.30	11.88	12.01	60692003	733129408.00
20151208	11.85	11.95	11.34	11.57	58940049	684109632.00
20151209	11.50	11.73	11.38	11.65	36938188	428654976.00
20151210	11.57	11.68	11.35	11.62	42545669	491916320.00
20151211	11.60	11.60	10.86	10.88	49017656	548657920.00
20151214	10.63	11.05	10.45	10.96	36215118	390255168.00
20151215	10.98	11.21	10.93	10.98	29540077	328038784.00
20151216	11.01	11.05	10.78	10.85	28631309	313960352.00
20151217	10.90	11.92	10.88	11.43	63221952	723374848.00
20151218	11.42	11.61	11.21	11.27	38113068	435611136.00
20151221	11.22	11.50	11.16	11.36	30985885	353219264.00
20151222	11.44	11.52	11.21	11.47	34596472	395227776.00
20151223	11.47	11.54	11.15	11.18	36311347	414804992.00
20151224	11.18	11.19	10.81	10.96	30091869	330886848.00
20151225	10.94	11.18	10.92	11.09	22806501	253030432.00
20151228	11.11	11.15	10.63	10.64	32863384	360866560.00
20151229	10.58	10.80	10.51	10.76	17007730	182364192.00
20151230	10.78	10.84	10.54	10.69	22156332	237601312.00
20151231	10.65	10.83	10.55	10.57	18866791	202414912.00
20160104	10.70	10.70	9.55	9.60	27001341	274546944.00
20160105	9.05	10.14	8.83	9.97	46501378	441136608.00
20160106	9.95	10.17	9.72	10.14	33642964	336253376.00
20160107	9.92	9.92	9.12	9.12	7182800	68493008.00
20160108	9.40	9.57	8.55	9.33	37771367	349420160.00
20160111	9.09	9.20	8.39	8.39	36719416	321788256.00
20160112	8.39	8.50	8.00	8.23	25225294	210533456.00
20160113	8.35	8.43	7.60	7.68	27812053	225658224.00
20160114	7.21	7.92	7.15	7.83	38292701	290499136.00
20160115	7.75	7.78	7.04	7.38	35319243	263006384.00
20160118	7.20	7.57	7.15	7.49	32416483	241846960.00
20160119	7.40	7.99	7.33	7.96	44217899	342137280.00
20160120	7.81	7.87	7.60	7.69	34264786	267145648.00
20160121	7.50	7.71	7.25	7.38	30833546	233167920.00
20160122	7.47	7.52	7.14	7.40	29249057	215605008.00
20160125	7.44	7.51	7.30	7.42	22790462	170061616.00
20160126	7.26	7.30	6.67	6.72	35781438	252515088.00
20160127	6.73	6.76	6.11	6.44	35074649	226579856.00
20160128	6.33	6.56	6.16	6.23	28347126	181861920.00
20160129	6.18	6.63	6.18	6.54	31321221	203402480.00
20160201	6.45	6.60	6.23	6.58	28509255	184966432.00
20160202	6.55	7.02	6.48	6.95	33691417	232208016.00
20160203	6.99	7.18	6.81	6.97	47017666	331990176.00
20160204	6.92	7.09	6.85	6.96	34934361	245411936.00
20160205	6.98	7.01	6.78	6.82	19737297	136670208.00
20160215	6.47	6.77	6.44	6.67	19660519	130321240.00
20160216	6.69	7.05	6.65	7.00	37272929	260817232.00
20160217	6.95	7.38	6.95	7.30	43239764	312080448.00
20160218	7.31	7.75	7.18	7.39	50236729	373833792.00
20160219	7.31	7.60	7.31	7.40	32778553	245719456.00
20160222	7.59	7.83	7.43	7.66	48054453	367977184.00
20160223	7.66	7.66	7.30	7.46	30802429	231128320.00
20160224	7.40	7.58	7.20	7.57	31510481	235112400.00
20160225	7.49	7.54	6.81	6.81	36094393	257976368.00
20160226	6.83	6.94	6.57	6.78	23396245	160021920.00
20160229	6.82	7.06	6.23	6.47	28292164	186476944.00
20160301	6.56	6.80	6.38	6.63	52289908	346296960.00
20160302	6.53	7.30	6.53	7.30	85545854	596911616.00
20160303	7.51	7.89	7.33	7.44	171523379	1316353280.00
20160304	7.37	7.57	7.10	7.24	87429163	647218368.00
20160307	7.33	7.48	7.21	7.34	61461810	453724096.00
20160308	7.36	7.39	6.72	7.18	71518622	505102848.00
20160309	6.95	6.95	6.67	6.81	49851224	342612544.00
20160310	6.78	6.90	6.60	6.68	35762918	242194112.00
20160311	6.81	6.91	6.67	6.82	41378542	283003936.00
20160314	6.90	7.15	6.84	7.04	56684935	401266656.00
20160315	6.99	7.05	6.78	6.94	41845129	290872192.00
20160316	6.93	6.97	6.72	6.76	41690265	286044448.00
20160317	6.84	7.09	6.78	7.06	56629215	396457792.00
20160318	7.14	7.33	7.03	7.28	95170061	690356480.00
20160321	7.37	7.57	7.31	7.49	74088140	554058240.00
20160322	7.40	7.48	7.31	7.40	55625388	413892160.00
20160323	7.39	7.59	7.35	7.48	47801986	359031936.00
20160324	7.41	7.65	7.30	7.31	51381688	384560768.00
20160325	7.25	7.42	7.25	7.37	34362410	253677248.00
20160328	7.35	7.49	7.17	7.21	46897994	347344832.00
20160329	7.19	7.27	6.99	7.06	36301227	260770816.00
20160330	7.12	7.33	7.10	7.31	30878700	224657296.00
20160331	7.43	7.63	7.33	7.48	68413787	515947936.00
20160401	7.43	7.68	7.42	7.56	59988622	455245728.00
20160405	7.57	8.05	7.49	8.00	76774540	599843904.00
20160406	7.89	8.75	7.88	8.45	126677785	1070732672.00
20160407	8.39	8.44	8.07	8.11	61075572	506939552.00
20160408	8.05	8.25	7.91	8.14	45345262	368049024.00
20160411	8.17	8.83	8.17	8.64	75562214	652830912.00
20160412	8.64	9.01	8.60	8.66	62403210	551145600.00
20160413	8.72	8.84	8.56	8.75	51187354	449327552.00
20160414	8.74	9.03	8.70	8.91	36797696	328392704.00
20160415	8.85	8.92	8.55	8.88	46761286	409612800.00
20160418	8.73	8.76	8.58	8.63	27671803	241178224.00
20160419	8.68	8.80	8.58	8.71	22868228	200162992.00
20160420	8.79	8.84	7.91	8.36	51490122	429631072.00
20160421	8.27	8.32	7.97	8.13	30727137	252779136.00
20160426	8.39	8.95	8.24	8.95	44320247	388255520.00
20160427	9.36	9.85	9.17	9.59	203205130	1945963136.00
20160428	9.55	9.61	9.08	9.25	84290396	791872384.00
20160429	9.54	9.54	9.20	9.21	65059030	609535552.00
20160503	9.05	9.35	9.02	9.33	50704640	471532128.00
20160504	9.35	10.02	9.34	9.87	92888774	905704896.00
20160505	9.85	10.55	9.85	10.48	112563728	1160826880.00
20160506	10.67	10.67	10.01	10.54	125533785	1318367360.00
20160509	10.27	10.84	9.88	10.35	122799652	1292454400.00
20160510	10.48	10.65	9.95	10.23	67503330	693967552.00
20160511	10.16	10.30	9.93	9.98	40849524	413361504.00
20160512	9.85	10.11	9.47	10.07	38304160	377949920.00
20160513	10.20	10.35	9.81	9.90	36878226	373344864.00
20160516	9.80	10.03	9.75	9.98	27034186	268541280.00
20160517	9.99	10.53	9.90	10.36	52634590	540976960.00
20160518	10.21	10.35	9.91	10.01	41262851	419966944.00
20160519	10.01	10.11	9.90	10.01	32262271	323392576.00
20160520	9.87	10.10	9.71	10.07	28929699	287149088.00
20160523	10.12	10.13	9.93	10.02	23874438	240203392.00
20160524	10.01	10.02	9.62	9.67	26924541	265060608.00
20160525	9.75	9.77	9.20	9.46	43138395	411772864.00
20160526	9.35	9.56	9.03	9.53	38589401	356414080.00
20160527	9.43	9.43	9.18	9.37	25540345	239343152.00
20160530	9.29	9.30	9.01	9.11	16817500	154965616.00
20160531	9.13	9.47	9.11	9.44	47986809	449630400.00
20160601	9.51	9.51	9.32	9.42	29524521	278829280.00
20160602	9.41	9.55	9.26	9.54	28418020	268848768.00
20160603	9.55	9.55	9.39	9.44	20143908	191376016.00
20160606	9.49	9.96	9.41	9.94	46038602	451357920.00
20160607	9.94	10.02	9.77	9.89	27147483	269225472.00
20160608	9.87	9.87	9.61	9.74	20025580	195496880.00
20160613	9.58	9.58	9.12	9.17	24664722	231469920.00
20160614	9.01	9.29	9.00	9.28	16988220	156226496.00
20160615	9.06	9.53	9.05	9.40	20194819	190443536.00
20160616	9.41	9.42	9.19	9.26	15920155	148740784.00
20160617	9.32	9.35	9.15	9.25	14090971	131155472.00
20160620	9.28	9.29	9.07	9.19	9559756	87944336.00
20160621	9.23	9.70	9.23	9.54	38710936	369999296.00
20160622	9.54	9.89	9.54	9.88	40974447	400679648.00
20160623	9.88	10.08	9.68	9.76	27999680	277326336.00
20160624	9.68	9.86	9.04	9.56	26877546	258013616.00
20160627	9.50	9.67	9.30	9.65	27140129	259472160.00
20160628	9.62	9.66	9.45	9.65	23540556	225754128.00
20160629	9.65	9.71	9.47	9.56	19658845	188913584.00
20160630	9.55	9.60	9.37	9.45	18568198	176273856.00
20160701	9.44	9.63	9.38	9.52	15580708	149194752.00
20160704	9.38	9.67	9.38	9.62	18616935	179010336.00
20160705	9.62	9.69	9.49	9.67	18715046	180043984.00
20160706	9.72	9.92	9.67	9.79	27834200	273581856.00
20160707	9.79	9.79	9.52	9.66	20400900	197654432.00
20160708	9.68	9.68	9.54	9.63	13152700	126701784.00
20160711	9.65	9.74	9.55	9.64	17969300	174094624.00
20160712	9.62	9.68	9.46	9.64	18591300	179292896.00
20160713	9.67	9.80	9.60	9.74	26590900	258948752.00
20160714	9.75	10.08	9.74	9.93	36458800	364789984.00
20160715	10.02	10.05	9.82	9.97	18790300	187180016.00
20160718	10.04	10.06	9.89	9.98	20404600	204527984.00
20160719	10.03	10.55	10.03	10.39	50844300	526262272.00
20160720	10.45	10.46	10.27	10.41	23604200	245935680.00
20160721	10.50	10.70	10.30	10.58	57762300	610023232.00
20160722	10.46	10.56	10.05	10.20	38992300	402972096.00
20160725	10.18	10.19	9.88	10.10	30871300	310099840.00
20160726	10.10	10.16	9.93	10.10	28940000	291990784.00
20160727	10.09	10.17	9.44	9.95	40480386	398980160.00
20160728	9.82	9.91	9.66	9.81	21431222	210551056.00
20160729	9.70	10.00	9.64	9.85	17619748	173682336.00
20160801	9.81	9.83	9.54	9.66	13559622	131455392.00
20160802	9.61	9.80	9.55	9.77	15884890	155221632.00
20160803	9.75	10.00	9.68	9.98	32457440	322886784.00
20160804	10.02	10.07	9.87	10.06	24117331	242150768.00
20160805	10.09	10.24	10.02	10.18	39804258	405161152.00
20160808	10.33	10.96	10.30	10.93	98464595	1049661696.00
20160809	10.92	11.09	10.56	11.03	85488900	927964032.00
20160810	10.78	10.85	10.63	10.74	44905600	483991840.00
20160811	10.66	10.71	10.45	10.65	31075016	330988672.00
20160812	10.61	11.00	10.51	10.79	50472941	546848448.00
20160815	10.77	11.03	10.66	10.82	69093762	754878592.00
20160816	10.80	10.98	10.75	10.89	53984753	589538816.00
20160817	10.88	10.88	10.47	10.63	44969835	479124480.00
20160818	10.60	10.90	10.56	10.88	62408012	674753216.00
20160819	10.86	10.86	10.54	10.64	31049511	332306336.00
20160822	10.65	10.73	10.48	10.60	21350800	227407472.00
20160823	10.60	10.70	10.49	10.63	17077400	182118224.00
20160824	10.66	10.82	10.54	10.67	31218700	335235232.00
20160825	10.63	10.65	10.32	10.61	25445200	267489488.00
20160826	10.59	10.64	10.52	10.57	12940500	137453280.00
20160829	10.49	10.64	10.46	10.56	10802172	114256920.00
20160830	10.56	10.61	10.41	10.51	14640725	154124960.00
20160831	10.47	10.67	10.42	10.57	21228773	224784912.00
20160901	10.54	10.57	10.35	10.52	24031758	252753056.00
20160902	10.50	10.90	10.43	10.88	58140478	626521664.00
20160905	11.00	11.02	10.72	10.83	17749641	193224928.00
20160906	10.87	10.98	10.70	10.95	22820038	248763552.00
20160907	10.94	11.00	10.81	10.85	16634832	181548400.00
20160908	10.74	10.92	10.71	10.78	18392100	199785984.00
20160909	10.73	10.79	10.40	10.46	23014874	243255344.00
20160912	10.35	10.57	10.25	10.52	24649891	259125776.00
20160913	10.45	10.53	9.97	10.35	39879355	408455616.00
20160914	10.16	10.32	10.08	10.30	16786889	172181936.00
20160919	10.27	10.29	9.86	9.87	37374515	375126432.00
20160920	9.91	9.93	9.64	9.67	22399129	218918752.00
20160921	9.70	9.83	9.58	9.69	20787740	202808736.00
20160922	9.76	10.10	9.74	9.98	46421774	463644256.00
20160923	9.95	10.07	9.85	9.98	22866875	228665184.00
20160926	9.95	10.02	9.63	9.64	22441965	220893824.00
20160927	9.55	9.87	9.50	9.72	17622988	171793200.00
20160928	9.75	9.75	9.50	9.52	11911723	115312040.00
20160929	9.53	9.62	9.51	9.52	10745007	103156648.00
20160930	9.52	9.67	9.47	9.61	8890168	85975024.00
20161010	9.62	9.64	8.88	9.12	43718057	397784544.00
20161011	9.05	9.18	9.00	9.13	17593446	161274944.00
20161012	9.12	9.17	9.02	9.11	18745933	171041168.00
20161013	9.14	9.18	9.06	9.12	13534511	123958696.00
20161014	9.13	9.13	9.02	9.05	9702691	88362392.00
20161017	9.06	9.09	8.90	8.99	12828917	116393288.00
20161018	8.99	9.10	8.99	9.10	12987784	118344048.00
20161019	9.11	9.16	9.04	9.10	14475585	132513272.00
20161020	9.11	9.15	9.02	9.14	14881828	136115360.00
20161021	9.14	9.25	9.11	9.20	15800551	145850976.00
20161024	9.20	9.38	9.19	9.34	18901451	177240768.00
20161025	9.31	9.35	9.22	9.24	12892568	120035920.00
20161026	9.25	9.25	9.08	9.13	12025913	110389232.00
20161027	9.13	9.15	9.03	9.05	9924528	90461544.00
20161028	9.05	9.08	9.01	9.03	9542428	86715120.00
20161031	9.04	9.06	8.95	9.02	10599760	96101192.00
20161101	9.02	9.07	8.98	9.05	14908900	135309952.00
20161102	9.02	9.05	8.95	8.98	12974000	117257016.00
20161103	8.96	9.06	8.93	9.01	12358582	111890192.00
20161104	9.03	9.03	8.91	8.98	10790300	97199376.00
20161107	8.98	8.98	8.89	8.95	13121540	117766896.00
20161108	8.96	8.97	8.90	8.93	7851461	70426920.00
20161109	8.93	8.97	8.78	8.96	15974849	143200704.00
20161110	8.97	9.14	8.97	9.09	24416473	222771680.00
20161111	9.09	9.12	9.00	9.10	14792829	134891456.00
20161114	9.15	9.26	9.07	9.15	19358138	178247888.00
20161115	9.09	9.15	9.06	9.14	11376332	104044256.00
20161116	9.14	9.17	9.07	9.12	10379200	95135136.00
20161117	9.13	9.13	9.04	9.09	8857200	80766752.00
20161118	9.09	9.13	9.06	9.09	9337100	85381280.00
20161121	9.10	9.11	9.03	9.08	8998600	82077952.00
20161122	9.06	9.07	9.01	9.05	11527780	104789936.00
20161123	9.05	9.25	9.02	9.21	31941969	294062272.00
20161124	9.18	9.18	9.08	9.10	15996400	146795920.00
20161125	9.11	9.18	9.06	9.17	16809700	154410752.00
20161128	9.17	9.23	9.14	9.18	12601700	116278512.00
20161129	9.17	9.22	9.09	9.10	16680600	153501184.00
20161130	9.10	9.16	9.01	9.10	13679500	124950768.00
20161201	9.10	9.21	9.03	9.20	22741672	209159824.00
20161202	9.18	9.19	9.07	9.10	15010958	137522368.00
20161205	9.03	9.11	8.83	9.07	15867400	143643088.00
20161206	9.05	9.11	9.00	9.01	7021000	63811304.00
20161207	9.00	9.06	8.96	9.03	6829600	61868804.00
20161208	9.03	9.04	8.87	8.96	10313800	92920496.00
20161209	8.95	8.98	8.86	8.91	7663600	68637824.00
20161212	8.90	8.90	8.46	8.69	19326317	167942784.00
20161213	8.65	8.86	8.54	8.83	9722091	84931840.00
20161214	8.95	9.03	8.82	9.00	12403838	111240840.00
20161215	8.90	9.03	8.89	8.98	10412750	93957464.00
20161216	8.90	8.96	8.83	8.95	10367867	92635728.00
20161219	8.88	8.89	8.80	8.81	5128185	45573216.00
20161220	8.81	8.88	8.71	8.82	6066474	53591944.00
20161221	8.82	8.82	8.70	8.79	8886883	78264728.00
20161222	8.75	8.80	8.66	8.80	5282972	46505568.00
20161223	8.77	8.84	8.65	8.82	10155578	89348096.00
20161226	8.75	8.83	8.74	8.80	4262812	37683060.00
20161227	8.82	8.84	8.76	8.76	3110005	27462870.00
20161228	8.78	8.79	8.64	8.73	7252112	63355956.00
20161229	8.70	8.70	8.59	8.66	7150000	62185180.00
20161230	8.65	8.88	8.61	8.85	13310500	117209832.00
20170103	8.81	8.81	8.68	8.72	9399158	82560856.00
20170104	8.70	8.75	8.65	8.68	7877053	68813432.00
20170105	8.68	8.71	8.64	8.67	5891010	51439224.00
20170106	8.66	8.70	8.63	8.64	5417753	47194008.00
20170109	8.65	8.65	8.55	8.62	5643549	48830752.00
20170110	8.63	8.64	8.05	8.21	39438776	328736544.00
20170111	8.17	8.35	8.13	8.25	21260162	176331856.00
20170112	8.25	8.27	8.10	8.27	14679469	121049272.00
20170113	8.26	8.29	8.14	8.28	15621875	129272104.00
20170116	8.24	8.35	8.08	8.29	22843603	188914992.00
20170117	8.22	8.24	8.16	8.21	6629884	54686360.00
20170118	8.19	8.23	8.12	8.20	7105162	58340456.00
20170119	8.16	8.18	8.12	8.17	3611468	29603392.00
20170120	8.15	8.27	8.13	8.21	4973088	41073644.00
20170123	8.20	8.26	8.19	8.21	4755140	39338708.00
20170124	8.21	8.23	8.11	8.15	7218773	59114984.00
20170125	8.13	8.16	8.10	8.14	3628500	29699508.00
20170126	8.15	8.18	8.12	8.16	4733188	38812384.00
20170203	8.18	8.18	8.07	8.15	3686422	30183580.00
20170206	8.15	8.19	8.13	8.17	6158311	50614140.00
20170207	8.17	8.17	8.12	8.15	6885375	56422720.00
20170208	8.14	8.18	8.12	8.17	7810559	64043860.00
20170209	8.16	8.33	8.15	8.31	15676809	130474784.00
20170210	8.33	8.37	8.27	8.29	6366944	53259320.00
20170213	8.29	8.33	8.25	8.30	4633518	38708240.00
20170214	8.31	8.32	8.20	8.25	8053250	66905788.00
20170215	8.26	8.27	8.19	8.23	5846429	48332656.00
20170216	8.21	8.26	8.18	8.24	6385497	52858896.00
20170217	8.25	8.29	8.18	8.20	5499702	45547540.00
20170220	8.19	8.23	8.14	8.22	6899500	56779656.00
20170221	8.22	8.29	8.19	8.28	7725916	64108256.00
20170222	8.27	8.37	8.21	8.30	9385434	78295312.00
20170223	8.30	8.30	8.22	8.25	5336711	44276560.00
20170224	8.26	8.29	8.22	8.29	5037700	41822076.00
20170227	8.28	8.29	8.20	8.21	5758600	47647776.00
20170228	8.19	8.23	8.19	8.22	4740410	39151092.00
20170301	8.22	8.26	8.18	8.23	6326214	52299452.00
20170302	8.24	8.24	8.19	8.20	5934123	49014796.00
20170303	8.23	8.40	8.19	8.32	18064144	151143072.00
20170306	8.31	8.42	8.30	8.35	9547360	80187336.00
20170307	8.34	8.35	8.28	8.33	5586300	46733592.00
20170308	8.33	8.35	8.29	8.31	4774231	39937524.00
20170309	8.32	8.33	8.22	8.31	7635907	63498360.00
20170310	8.29	8.36	8.26	8.35	7593661	63515592.00
20170313	8.35	8.36	8.29	8.36	7681801	64455036.00
20170314	8.36	8.41	8.34	8.39	11409937	96176168.00
20170315	8.36	8.37	8.30	8.37	5170157	43365768.00
20170316	8.36	8.41	8.35	8.40	10602159	89428768.00
20170317	8.40	8.40	8.30	8.31	8874616	74463656.00
20170320	8.30	8.41	8.28	8.40	10336700	86926264.00
20170321	8.40	8.43	8.37	8.39	9903100	83694048.00
20170322	8.35	8.40	8.30	8.34	6584784	55221308.00
20170323	8.37	8.38	8.28	8.32	7284570	61021792.00
20170324	8.30	8.33	8.24	8.32	7552200	62941444.00
20170327	8.31	8.31	8.23	8.29	7113010	59065956.00
20170328	8.28	8.30	8.21	8.30	6645294	55170944.00
20170329	8.28	8.28	8.20	8.20	4972171	41181848.00
20170330	8.20	8.20	8.05	8.08	11875541	96559952.00
20170331	8.08	8.09	8.05	8.05	5625845	45647424.00
20170405	8.05	8.21	8.04	8.20	13930396	113822952.00
20170406	8.17	8.45	8.09	8.26	15254958	126226160.00
20170407	8.20	8.23	8.11	8.18	8293977	68167296.00
20170410	8.15	8.18	8.09	8.15	6749754	55222664.00
20170411	8.12	8.19	8.09	8.18	6660600	54512648.00
20170412	8.17	8.22	8.12	8.21	10534000	86584976.00
20170413	8.21	8.25	8.14	8.21	6667492	54995484.00
20170414	8.18	8.20	8.09	8.16	7171870	58773608.00
20170417	8.14	8.18	8.05	8.16	7979784	65158416.00
20170418	8.15	8.15	8.05	8.08	4742988	38642676.00
20170419	8.05	8.09	8.04	8.09	10808204	87632656.00
20170420	8.07	8.08	8.03	8.06	11361410	92052240.00
20170421	8.05	8.12	8.02	8.09	9750645	79045904.00
20170424	8.07	8.13	8.02	8.11	13470100	109234904.00
20170425	8.06	8.08	8.01	8.02	7016700	56681896.00
20170426	8.02	8.04	8.01	8.03	4218900	34068840.00
20170427	8.02	8.04	8.01	8.04	7927600	64017660.00
20170428	8.04	8.04	8.00	8.03	7882509	63573416.00
20170502	8.02	8.02	7.74	7.75	15760100	125147944.00
20170503	7.75	7.78	7.35	7.77	20288484	155520576.00
20170504	7.75	7.79	7.50	7.78	14966100	115246912.00
20170505	7.67	7.82	7.62	7.80	10364500	80880768.00
20170508	7.77	7.91	7.65	7.89	15945100	125255576.00
20170509	7.83	7.84	7.72	7.77	6097500	47735236.00
20170510	7.76	7.79	7.62	7.73	6359300	49345156.00
20170511	7.67	7.85	7.58	7.79	14714500	114663128.00
20170512	7.75	7.79	7.69	7.76	3115200	24232840.00
20170515	7.73	7.81	7.70	7.77	5159417	40293916.00
20170516	7.75	7.78	7.60	7.72	9297392	71677976.00
20170517	7.73	7.73	7.65	7.72	6167301	47743472.00
20170518	7.68	7.70	7.57	7.69	10606000	81519872.00
20170519	7.61	7.70	7.61	7.69	4879740	37647656.00
20170522	7.66	7.66	7.60	7.65	3308824	25412148.00
20170523	7.60	7.62	7.47	7.55	6177500	46814276.00
20170524	7.55	7.57	7.45	7.55	5612500	42386012.00
20170525	7.50	7.66	7.50	7.65	7814800	59864852.00
20170526	7.63	7.67	7.58	7.67	5113400	39319820.00
20170531	7.73	7.87	7.71	7.77	7125028	55746008.00
20170601	7.74	7.74	7.65	7.68	3884259	30029160.00
20170602	7.67	7.72	7.60	7.71	5801460	44773216.00
20170605	7.70	7.74	7.66	7.72	4378119	33929000.00
20170606	7.70	7.72	7.67	7.71	5580545	43195424.00
20170607	7.69	7.74	7.67	7.72	9890294	76750928.00
20170608	7.71	7.72	7.67	7.68	4916566	38087208.00
20170609	7.69	7.70	7.60	7.67	5182379	39914856.00
20170612	7.65	7.67	7.57	7.61	5368600	41141264.00
20170613	7.58	7.69	7.57	7.68	5989680	46059632.00
20170614	7.66	7.70	7.58	7.59	7552315	57867648.00
20170615	7.58	7.61	7.54	7.60	4780821	36464536.00
20170616	7.60	7.61	7.56	7.58	2982900	22769890.00
20170619	7.57	7.61	7.55	7.58	2329800	17777828.00
20170620	7.59	7.61	7.56	7.59	3214185	24548290.00
20170621	7.59	7.61	7.56	7.60	3041871	23225102.00
20170622	7.60	7.60	7.54	7.59	5374201	40971364.00
20170623	7.59	7.65	7.56	7.65	7590608	58159684.00
20170626	7.63	7.70	7.62	7.68	9023820	69559264.00
20170627	7.68	7.68	7.60	7.62	5860410	44986648.00
20170628	7.62	7.70	7.60	7.63	3912997	30031212.00
20170629	7.61	7.64	7.60	7.61	3257600	24982132.00
20170630	7.60	7.63	7.54	7.62	8294370	63241696.00
20170703	7.62	7.62	7.57	7.59	6923203	52572792.00
20170704	7.59	7.62	7.59	7.60	3212400	24414130.00
20170705	7.61	7.68	7.58	7.66	8020973	61318348.00
20170706	7.66	7.70	7.61	7.64	6189464	47279844.00
20170707	7.64	7.65	7.60	7.62	3108893	23687494.00
20170710	7.62	7.64	7.58	7.63	8084700	61495948.00
20170711	7.61	7.63	7.59	7.61	7103387	54037288.00
数据来源:通达信
