600052 浙江广厦 日线 前复权
      日期	    开盘	    最高	    最低	    收盘	    成交量	    成交额
20111010	3.55	3.56	3.49	3.51	1455181	5322198.00
20111011	3.57	3.61	3.50	3.51	1885596	6949328.00
20111012	3.51	3.66	3.49	3.64	3620497	13564571.00
20111013	3.64	3.70	3.61	3.68	3259432	12410044.00
20111017	3.68	3.70	3.63	3.66	2270524	8619160.00
20111018	3.63	3.64	3.52	3.53	2114952	7853229.00
20111019	3.55	3.58	3.49	3.53	2111921	7765581.00
20111020	3.51	3.51	3.36	3.38	3598613	12745363.00
20111021	3.38	3.44	3.35	3.38	2859978	10102276.00
20111024	3.39	3.47	3.33	3.46	2700039	9582168.00
20111025	3.46	3.55	3.41	3.54	3342348	12145885.00
20111026	3.48	3.64	3.48	3.58	4813165	17929924.00
20111027	3.56	3.63	3.55	3.58	3609551	13463284.00
20111028	3.62	3.81	3.60	3.70	8490095	32660392.00
20111031	3.66	3.70	3.65	3.67	3388666	12911699.00
20111101	3.64	3.68	3.61	3.62	3162522	11969365.00
20111102	3.58	3.68	3.53	3.65	3905187	14561288.00
20111103	3.65	3.73	3.64	3.68	4633589	17791664.00
20111104	3.69	3.73	3.68	3.72	3674384	14126913.00
20111107	3.71	3.74	3.68	3.70	3348807	12875465.00
20111108	3.68	3.70	3.60	3.61	2855954	10793154.00
20111109	3.62	3.71	3.62	3.70	3666050	13930441.00
20111110	3.66	3.69	3.59	3.60	2725294	10306657.00
20111111	3.61	3.64	3.55	3.56	1928202	7208423.00
20111114	3.60	3.68	3.58	3.66	3657567	13833388.00
20111115	3.66	3.72	3.66	3.71	3486063	13337095.00
20111116	3.71	3.71	3.60	3.60	3450556	13005888.00
20111117	3.60	3.62	3.53	3.55	2980875	11069359.00
20111118	3.56	3.66	3.53	3.60	7048923	26232096.00
20111121	3.61	3.68	3.54	3.66	5231359	19566484.00
20111122	3.64	3.80	3.63	3.74	11583293	44970472.00
20111123	3.71	4.13	3.67	3.88	21918753	89107792.00
20111124	3.84	3.93	3.75	3.80	12204940	48431876.00
20111125	3.78	3.78	3.70	3.73	6103356	23663100.00
20111128	3.73	3.75	3.60	3.66	5300999	20142412.00
20111129	3.68	3.70	3.63	3.69	4310400	16409995.00
20111130	3.67	3.67	3.45	3.47	5485740	20227490.00
20111201	3.61	3.67	3.55	3.56	6524627	24471112.00
20111202	3.54	3.55	3.45	3.47	3019325	10967868.00
20111205	3.46	3.49	3.41	3.43	1852258	6643012.00
20111206	3.42	3.52	3.42	3.46	2200896	7957379.00
20111207	3.46	3.52	3.44	3.49	1587625	5761260.00
20111208	3.49	3.50	3.37	3.46	3873240	13917763.00
20111209	3.46	3.56	3.46	3.53	4230000	15494338.00
20111212	3.53	3.54	3.49	3.50	2026911	7382461.00
20111213	3.46	3.51	3.39	3.41	2232946	7967949.00
20111214	3.41	3.44	3.38	3.41	1889993	6722408.00
20111215	3.40	3.48	3.38	3.43	4644314	16614262.00
20111216	3.46	3.55	3.42	3.55	3914576	14260620.00
20111219	3.60	3.60	3.48	3.58	5343674	19724006.00
20111220	3.57	3.66	3.55	3.61	4796459	18033902.00
20111221	3.61	3.64	3.40	3.41	3501420	12869514.00
20111222	3.40	3.43	3.27	3.36	2731835	9560820.00
20111223	3.36	3.48	3.32	3.39	2050130	7268641.00
20111227	3.38	3.42	3.28	3.29	1830447	6371212.00
20111228	3.29	3.31	3.21	3.28	1735389	5879345.00
20111230	3.31	3.32	3.24	3.28	3883604	13250988.00
20120104	3.29	3.32	3.12	3.12	3819071	12757217.00
20120105	3.11	3.11	3.00	3.01	3377684	10816833.00
20120106	3.01	3.04	2.89	3.03	2811690	8765492.00
20120109	3.01	3.15	2.99	3.15	4148633	13375834.00
20120110	3.14	3.28	3.11	3.26	5997962	20075084.00
20120111	3.26	3.27	3.20	3.23	2996279	10105289.00
20120112	3.22	3.32	3.19	3.23	3924167	13330528.00
20120113	3.21	3.24	3.08	3.08	2630609	8631125.00
20120116	3.06	3.09	3.02	3.02	1825100	5833789.00
20120117	3.03	3.18	3.01	3.17	2784319	9069126.00
20120118	3.18	3.22	3.12	3.16	3630669	12050641.00
20120119	3.16	3.22	3.14	3.20	2424881	8070722.00
20120120	3.20	3.25	3.17	3.25	2503018	8421010.00
20120130	3.24	3.27	3.19	3.20	1702000	5740932.00
20120131	3.19	3.21	3.10	3.17	2324590	7616707.00
20120201	3.14	3.19	3.10	3.11	1547430	5087676.00
20120202	3.12	3.17	3.10	3.16	1953189	6386730.00
20120203	3.16	3.25	3.14	3.22	2889825	9674765.00
20120206	3.22	3.25	3.20	3.24	2188665	7371988.00
20120207	3.24	3.24	3.15	3.17	2142806	7118209.00
20120208	3.17	3.25	3.17	3.25	2706125	9084517.00
20120209	3.24	3.38	3.22	3.32	6567447	22683824.00
20120210	3.31	3.44	3.29	3.37	7798812	27507536.00
20120213	3.31	3.34	3.22	3.32	4826001	16544297.00
20120214	3.31	3.39	3.27	3.37	4493209	15617706.00
20120215	3.36	3.43	3.33	3.42	4235510	14916388.00
20120216	3.42	3.46	3.37	3.41	4087057	14529141.00
20120217	3.43	3.44	3.36	3.39	3019682	10672471.00
20120220	3.43	3.54	3.42	3.52	11328649	41205248.00
20120221	3.51	3.56	3.45	3.54	6181567	22519034.00
20120222	3.52	3.67	3.49	3.62	9318308	35056260.00
20120223	3.61	3.65	3.56	3.60	4077980	15291377.00
20120224	3.61	3.97	3.57	3.97	32225216	129880840.00
20120227	3.98	4.13	3.93	4.10	39639017	165733696.00
20120228	4.05	4.09	3.92	4.02	11522183	47656532.00
20120229	3.94	3.96	3.79	3.82	10471234	42061344.00
20120301	3.78	4.21	3.78	4.06	23811384	99544656.00
20120302	4.04	4.48	4.00	4.48	25076354	111689912.00
20120305	4.62	4.90	4.61	4.75	44229022	216842192.00
20120306	4.69	4.81	4.58	4.78	24844965	120796104.00
20120307	4.65	4.83	4.58	4.71	25151200	122555248.00
20120308	4.75	4.76	4.61	4.72	17992992	86899400.00
20120309	4.71	4.82	4.64	4.72	17613077	85751416.00
20120312	4.72	4.73	4.50	4.70	18456028	88251312.00
20120313	4.66	4.77	4.58	4.72	11591124	56066724.00
20120314	4.72	4.90	4.23	4.32	31080507	148498864.00
20120315	4.25	4.29	3.87	4.01	23513290	99101568.00
20120316	4.01	4.11	3.91	4.07	17950021	74519784.00
20120319	4.04	4.22	3.95	4.18	16732336	70707120.00
20120320	4.14	4.22	4.02	4.08	15050173	64115588.00
20120322	4.07	4.50	4.02	4.38	32015200	142804752.00
20120323	4.34	4.34	4.15	4.19	15625429	68383968.00
20120326	4.17	4.19	4.03	4.12	8220826	34723236.00
20120327	4.11	4.15	4.04	4.05	6188785	26163230.00
20120328	4.02	4.36	3.96	4.00	15991415	68077632.00
20120329	3.94	4.14	3.84	4.00	10399804	43035476.00
20120330	3.97	4.07	3.84	3.89	9213975	37503304.00
20120405	3.88	4.16	3.86	4.05	9829441	40752480.00
20120406	4.04	4.23	4.03	4.14	9941473	42459124.00
20120409	4.12	4.13	4.01	4.02	4769258	20004936.00
20120410	3.96	4.11	3.85	4.10	8106244	33340464.00
20120411	4.03	4.52	3.99	4.52	27639011	126343776.00
20120412	4.69	4.99	4.56	4.99	78085701	386806848.00
20120413	4.99	5.08	4.79	4.85	59173229	298600256.00
20120416	4.77	5.14	4.68	4.93	56150832	283069248.00
20120417	4.85	4.86	4.42	4.51	41102149	195761472.00
20120418	4.51	4.75	4.44	4.67	29213288	139671888.00
20120419	4.61	4.67	4.46	4.59	20964788	98581984.00
20120420	4.57	4.94	4.50	4.75	36538712	179444224.00
20120423	4.68	4.89	4.56	4.76	22045080	106920936.00
20120424	4.67	5.25	4.60	5.25	75155013	398561280.00
20120425	5.41	5.79	5.32	5.79	59116772	340429248.00
20120426	6.36	6.38	5.46	5.52	107945967	661472384.00
20120427	5.27	5.65	5.11	5.21	57194345	312219840.00
20120502	5.25	5.34	4.99	5.15	42480268	224093952.00
20120503	5.12	5.24	5.00	5.14	28461118	149233472.00
20120504	5.08	5.16	4.98	5.07	23606284	122820288.00
20120507	5.02	5.08	4.96	5.04	19271271	99332584.00
20120508	5.01	5.14	4.92	4.99	27946470	143751616.00
20120509	4.95	5.14	4.89	5.11	35837673	185708608.00
20120510	5.06	5.12	4.91	4.92	24914718	127642384.00
20120511	4.90	5.00	4.77	4.78	20381454	102046072.00
20120514	4.88	5.27	4.83	5.07	53999898	284240448.00
20120516	4.96	5.07	4.84	4.99	29253344	148998400.00
20120517	4.96	5.23	4.93	5.11	34289830	179783088.00
20120518	5.03	5.11	4.84	4.89	25540102	129642240.00
20120521	4.86	4.89	4.71	4.73	15055172	74061680.00
20120522	4.77	4.86	4.73	4.82	10254012	50645980.00
20120523	4.82	4.96	4.77	4.87	15589967	78474048.00
20120524	4.84	4.87	4.72	4.73	13436109	66022496.00
20120525	4.73	4.83	4.71	4.73	9337578	45830624.00
20120528	4.71	4.90	4.62	4.85	14756261	72644088.00
20120529	4.86	4.91	4.79	4.86	15417529	76981200.00
20120530	4.86	5.04	4.82	4.91	17851564	90925784.00
20120531	4.87	4.90	4.81	4.84	9368545	46780016.00
20120601	4.84	4.89	4.81	4.85	6414828	32062662.00
20120604	4.76	4.76	4.37	4.44	18217546	86406720.00
20120605	4.42	4.54	4.31	4.46	10188234	46385064.00
20120606	4.44	4.47	4.27	4.34	8583633	38728932.00
20120607	4.41	4.44	4.32	4.34	7159920	32393660.00
20120608	4.44	4.48	4.26	4.28	9480959	42858396.00
20120611	4.29	4.48	4.26	4.41	9101830	41031904.00
20120612	4.36	4.65	4.35	4.51	13132518	60982028.00
20120613	4.51	4.60	4.43	4.57	10001017	46704904.00
20120614	4.56	4.56	4.42	4.44	8146948	37622608.00
20120615	4.45	4.48	4.34	4.39	5893460	26818812.00
20120618	4.43	4.44	4.39	4.41	4441301	20227592.00
20120619	4.41	4.50	4.32	4.36	8049138	36447348.00
20120620	4.36	4.39	4.31	4.32	5046767	22624340.00
20120621	4.26	4.39	4.21	4.27	7387687	32731106.00
20120625	4.27	4.27	4.01	4.04	7377324	31534296.00
20120626	4.01	4.14	3.94	4.09	5542103	23336132.00
20120627	4.09	4.14	4.03	4.04	4738752	19982250.00
20120628	4.01	4.17	4.01	4.02	4741930	20027880.00
20120629	3.98	4.01	3.85	4.00	5464237	22320620.00
20120702	4.03	4.05	3.95	3.97	5075495	20979120.00
20120703	3.97	4.08	3.96	4.01	5985938	24933144.00
20120704	4.01	4.07	3.96	4.01	4262375	17660662.00
20120705	3.97	3.99	3.87	3.87	4834045	19538512.00
20120706	3.93	4.01	3.90	4.00	7463895	30685128.00
20120709	3.96	3.98	3.84	3.85	5978472	24224306.00
20120710	3.86	3.89	3.76	3.78	4397583	17403252.00
20120711	3.78	3.81	3.75	3.80	3318174	13018555.00
20120712	3.81	3.84	3.70	3.80	7553305	29597170.00
20120713	3.78	3.81	3.74	3.78	3445153	13481837.00
20120716	3.76	3.79	3.49	3.50	5684443	21399102.00
20120717	3.43	3.65	3.43	3.59	6438785	23876952.00
20120718	3.64	3.64	3.46	3.58	5724505	20942826.00
20120719	3.57	3.75	3.52	3.68	9977319	38004216.00
20120720	3.66	4.01	3.60	3.76	13061967	51517520.00
20120723	3.71	3.72	3.56	3.62	7616246	28554120.00
20120724	3.59	3.80	3.56	3.71	8205212	31447482.00
20120725	3.66	3.71	3.58	3.63	5193329	19638464.00
20120726	3.62	3.63	3.56	3.56	4710039	17517912.00
20120727	3.59	3.60	3.50	3.52	3639186	13359914.00
20120730	3.52	3.55	3.36	3.38	4268934	15152622.00
20120731	3.37	3.43	3.25	3.38	4132591	14428586.00
20120801	3.38	3.44	3.35	3.43	3930137	13915640.00
20120802	3.42	3.42	3.28	3.30	3338377	11607289.00
20120803	3.32	3.40	3.30	3.39	2980278	10401753.00
20120806	3.38	3.49	3.36	3.48	4007319	14357203.00
20120807	3.49	3.73	3.45	3.60	9559068	35947784.00
20120808	3.57	3.63	3.52	3.59	5197868	19341008.00
20120809	3.57	3.81	3.57	3.74	13879187	53775552.00
20120810	3.71	3.75	3.62	3.69	7444579	28393412.00
20120813	3.67	3.67	3.49	3.53	5518326	20467660.00
20120814	3.49	3.54	3.43	3.53	4431435	16059018.00
20120815	3.49	3.55	3.48	3.48	2961014	10788264.00
20120816	3.46	3.50	3.41	3.44	2658301	9541414.00
20120817	3.42	3.51	3.42	3.49	2728500	9853522.00
20120820	3.47	3.48	3.36	3.46	3058395	10870024.00
20120821	3.45	3.51	3.42	3.48	2867446	10378762.00
20120822	3.48	3.54	3.44	3.52	5014083	18208130.00
20120823	3.49	3.55	3.46	3.51	3292500	11984433.00
20120824	3.48	3.50	3.39	3.39	3444102	12315826.00
20120827	3.35	3.36	3.26	3.26	2871024	9867540.00
20120828	3.24	3.31	3.23	3.30	2536902	8673875.00
20120829	3.29	3.29	3.21	3.23	3035103	10254942.00
20120830	3.24	3.25	3.16	3.19	2950643	9861954.00
20120831	3.20	3.21	3.15	3.20	1949430	6480307.00
20120903	3.20	3.33	3.16	3.28	3782222	12922786.00
20120904	3.28	3.28	3.20	3.21	2890376	9768505.00
20120905	3.21	3.25	3.18	3.23	2368244	7950990.00
20120906	3.24	3.26	3.22	3.26	2562299	8671767.00
20120907	3.27	3.42	3.27	3.38	7070910	24794580.00
20120910	3.42	3.44	3.36	3.42	4784593	16937620.00
20120911	3.38	3.41	3.36	3.39	3022956	10653489.00
20120912	3.39	3.50	3.39	3.45	5302222	19001440.00
20120913	3.44	3.48	3.36	3.37	3683230	13071491.00
20120914	3.39	3.45	3.32	3.42	4518927	15965863.00
20120917	3.40	3.54	3.32	3.32	5630906	20141862.00
20120918	3.29	3.31	3.22	3.28	2874131	9793141.00
20120919	3.28	3.31	3.24	3.28	2422365	8267773.00
20120920	3.28	3.28	3.18	3.19	3109610	10455041.00
20120921	3.19	3.22	3.16	3.18	2431273	8096394.00
20120924	3.18	3.20	3.09	3.17	2989475	9836255.00
20120925	3.16	3.20	3.13	3.17	2809500	9260936.00
20120926	3.17	3.17	3.08	3.09	2017656	6561772.00
20120927	3.07	3.17	3.07	3.16	2467255	8068062.00
20120928	3.16	3.24	3.13	3.23	3051932	10156962.00
20121008	3.23	3.24	3.18	3.20	1914897	6401306.00
20121009	3.23	3.28	3.19	3.25	3643449	12347505.00
20121010	3.27	3.35	3.23	3.32	4155043	14283035.00
20121011	3.32	3.33	3.26	3.26	2920322	10035659.00
20121012	3.29	3.32	3.23	3.30	3062721	10472433.00
20121015	3.27	3.28	3.19	3.23	1828021	6167133.00
20121016	3.25	3.29	3.20	3.27	2116205	7191053.00
20121017	3.26	3.37	3.23	3.31	4398953	15115098.00
20121018	3.32	3.48	3.29	3.42	12203986	43331980.00
20121019	3.40	3.47	3.38	3.40	5029097	17917576.00
20121022	3.36	3.49	3.33	3.49	5878766	20921848.00
20121023	3.56	3.85	3.55	3.85	13861752	54470644.00
20121024	3.87	3.88	3.64	3.74	27891214	108629208.00
20121025	3.66	3.72	3.52	3.58	16899697	63498364.00
20121026	3.54	3.61	3.46	3.52	7866179	28791604.00
20121029	3.47	3.59	3.44	3.58	5703923	20885434.00
20121030	3.55	3.65	3.49	3.49	9912023	36901700.00
20121031	3.46	3.50	3.41	3.45	5111596	18383926.00
20121101	3.46	3.81	3.46	3.65	15998828	60979420.00
20121102	3.62	3.79	3.56	3.75	15905868	60995712.00
20121105	3.71	3.81	3.68	3.68	8876294	34281176.00
20121106	3.63	3.66	3.52	3.58	8180944	30329140.00
20121107	3.58	3.60	3.51	3.54	4578929	16882526.00
20121108	3.50	3.61	3.44	3.45	5558467	20376996.00
20121109	3.42	3.53	3.41	3.45	3830203	13816250.00
20121112	3.47	3.56	3.45	3.55	4456121	16243889.00
20121113	3.53	3.54	3.31	3.32	6482083	23053544.00
20121114	3.31	3.34	3.26	3.32	3135907	10797126.00
20121115	3.30	3.37	3.25	3.28	2908601	10040346.00
20121116	3.29	3.30	3.22	3.26	2215071	7525347.00
20121119	3.27	3.29	3.22	3.28	1801924	6117084.00
20121120	3.30	3.35	3.27	3.28	1843041	6340360.00
20121121	3.29	3.37	3.22	3.36	3521996	12111013.00
20121122	3.32	3.42	3.29	3.39	4772390	16712168.00
20121123	3.36	3.44	3.34	3.37	3637107	12861451.00
20121126	3.34	3.34	3.23	3.28	3466499	11843053.00
20121127	3.28	3.28	3.13	3.13	3462931	11521464.00
20121128	3.10	3.13	3.04	3.07	2312999	7454738.00
20121129	3.07	3.15	3.04	3.06	2119926	6860983.00
20121130	3.08	3.19	3.06	3.17	3509828	11534276.00
20121203	3.18	3.25	3.08	3.09	3387590	11265073.00
20121204	3.08	3.16	3.04	3.13	2844716	9199086.00
20121205	3.11	3.32	3.09	3.26	5447499	18463524.00
20121206	3.24	3.33	3.24	3.27	4300393	14747734.00
20121207	3.28	3.40	3.24	3.39	7347466	25470904.00
20121210	3.38	3.44	3.34	3.41	5526896	19564942.00
20121211	3.38	3.52	3.35	3.39	7402136	26295784.00
20121212	3.34	3.41	3.30	3.39	5695187	19884244.00
20121213	3.36	3.46	3.32	3.38	5057184	17900220.00
20121214	3.34	3.61	3.34	3.55	13898761	50732508.00
20121217	3.60	3.62	3.49	3.51	9498125	34972284.00
20121218	3.48	3.58	3.45	3.46	8210877	29925384.00
20121219	3.45	3.51	3.40	3.46	5777863	20716472.00
20121220	3.46	3.48	3.38	3.42	6082443	21678880.00
20121221	3.43	3.52	3.41	3.43	8475095	30576774.00
20121224	3.40	3.44	3.39	3.43	3805782	13520008.00
20121225	3.40	3.58	3.40	3.54	12229908	44871864.00
20121226	3.53	3.62	3.50	3.55	10486872	38768480.00
20121227	3.55	3.59	3.50	3.58	10810590	39879748.00
20121228	3.60	3.95	3.60	3.95	31296720	126828784.00
20121231	4.30	4.30	3.97	4.09	49773118	212492832.00
20130104	4.05	4.15	3.92	4.01	25002427	103943464.00
20130107	3.96	4.06	3.93	3.99	14864230	61352968.00
20130108	3.96	4.00	3.84	3.94	14640771	59223284.00
20130109	3.89	3.99	3.86	3.93	11208176	45541296.00
20130110	3.92	4.01	3.87	3.97	12425294	50852544.00
20130111	3.97	3.97	3.74	3.75	13907858	55270596.00
20130114	3.70	3.87	3.68	3.86	10743098	42311952.00
20130115	3.86	3.91	3.76	3.87	12341805	49127240.00
20130116	3.87	3.87	3.73	3.82	9833358	38750380.00
20130117	3.77	3.88	3.76	3.84	9965298	39669640.00
20130118	3.83	3.97	3.80	3.93	13870616	56112784.00
20130121	3.94	3.99	3.90	3.94	10001370	40761804.00
20130122	3.96	3.96	3.80	3.81	9265199	37182668.00
20130123	3.81	3.93	3.77	3.91	9238519	36980388.00
20130124	3.89	3.98	3.74	3.78	12040293	48294928.00
20130125	3.78	3.79	3.61	3.67	6239347	23901664.00
20130128	3.69	3.79	3.67	3.76	5984252	23215028.00
20130129	3.77	3.84	3.75	3.79	6355241	24968758.00
20130130	3.76	3.81	3.72	3.80	6385051	24958968.00
20130131	3.79	3.79	3.71	3.72	4834683	18723956.00
20130201	3.71	3.74	3.67	3.72	5187800	19957328.00
20130204	3.70	3.84	3.69	3.74	6996549	27336944.00
20130205	3.71	3.91	3.68	3.85	8731284	34500620.00
20130206	3.84	3.87	3.79	3.81	4049973	16037870.00
20130207	3.80	3.83	3.75	3.77	4225743	16565767.00
20130208	3.79	3.84	3.77	3.80	4469459	17633232.00
20130218	3.82	3.84	3.78	3.83	5509460	21770056.00
20130219	3.83	3.84	3.73	3.74	5283362	20633886.00
20130220	3.74	3.76	3.67	3.75	4659372	17966396.00
20130221	3.69	3.72	3.59	3.62	5832488	22175920.00
20130222	3.61	3.69	3.61	3.63	2993057	11312189.00
20130225	3.63	3.68	3.61	3.64	2567925	9695176.00
20130226	3.63	3.63	3.55	3.56	3566395	13312941.00
20130227	3.56	3.62	3.56	3.59	2975438	11066096.00
20130228	3.61	3.69	3.57	3.66	5258238	19890520.00
20130301	3.66	3.67	3.57	3.66	4801732	18083478.00
20130304	3.56	3.56	3.33	3.37	8838860	31478754.00
20130305	3.37	3.41	3.32	3.38	5882167	20548444.00
20130306	3.38	3.40	3.36	3.39	5299846	18677068.00
20130307	3.39	3.49	3.35	3.43	7034370	25114964.00
20130308	3.41	3.44	3.36	3.38	4063515	14331578.00
20130311	3.38	3.42	3.35	3.40	2410563	8511842.00
20130312	3.40	3.46	3.31	3.34	4218884	14826346.00
20130313	3.35	3.35	3.21	3.29	5270629	17920532.00
20130314	3.26	3.34	3.25	3.29	5121440	17550076.00
20130315	3.28	3.34	3.25	3.28	3824317	13131672.00
20130318	3.27	3.29	3.18	3.19	5437125	18278080.00
20130319	3.20	3.25	3.18	3.24	3839978	12914300.00
20130320	3.24	3.33	3.22	3.33	5620137	19319854.00
20130321	3.33	3.37	3.30	3.33	3850684	13353612.00
20130322	3.31	3.35	3.30	3.35	3433595	11921208.00
20130325	3.34	3.36	3.30	3.35	3538825	12281757.00
20130326	3.34	3.39	3.30	3.37	5716745	19973656.00
20130327	3.35	3.37	3.30	3.33	3644976	12667530.00
20130328	3.32	3.32	3.19	3.19	3621640	12195394.00
20130329	3.17	3.24	3.17	3.22	1679728	5639075.00
20130401	3.22	3.30	3.22	3.28	2154870	7358647.00
20130402	3.26	3.32	3.25	3.28	2730870	9345010.00
20130403	3.30	3.31	3.23	3.24	1859092	6308612.00
20130408	3.19	3.21	3.12	3.21	2378869	7862138.00
20130409	3.21	3.26	3.20	3.23	2017756	6809701.00
20130410	3.23	3.29	3.22	3.27	2651047	9007462.00
20130411	3.26	3.29	3.24	3.25	1707364	5807427.00
20130412	3.25	3.26	3.22	3.24	1476704	4993321.00
20130415	3.24	3.28	3.20	3.22	2439606	8220296.00
20130416	3.20	3.29	3.19	3.29	3378769	11478249.00
20130417	3.29	3.34	3.26	3.33	3895758	13435001.00
20130418	3.30	3.36	3.29	3.32	3042276	10542427.00
20130419	3.35	3.37	3.32	3.35	4181585	14588422.00
20130422	3.33	3.35	3.24	3.30	3396272	11655533.00
20130423	3.30	3.30	3.21	3.22	3142579	10601987.00
20130424	3.21	3.27	3.21	3.25	2316174	7808113.00
20130425	3.25	3.25	3.20	3.20	2773916	9327135.00
20130426	3.20	3.24	3.18	3.20	2251014	7526775.00
20130502	3.18	3.25	3.18	3.24	2437441	8195030.00
20130503	3.31	3.46	3.31	3.36	11950021	42166912.00
20130506	3.31	3.40	3.29	3.40	7722336	26855862.00
20130507	3.38	3.40	3.34	3.36	3447578	12083756.00
20130508	3.38	3.41	3.33	3.36	4520925	15821742.00
20130509	3.36	3.36	3.30	3.32	3588811	12404470.00
20130510	3.32	3.36	3.29	3.34	2799827	9736487.00
20130513	3.34	3.37	3.32	3.33	3107317	10829648.00
20130514	3.34	3.34	3.26	3.29	3036505	10395594.00
20130515	3.29	3.31	3.26	3.28	2649862	9065460.00
20130516	3.28	3.38	3.26	3.36	6264748	21795140.00
20130517	3.37	3.45	3.35	3.43	9576789	34020488.00
20130520	3.44	3.46	3.40	3.42	7737447	27573756.00
20130521	3.41	3.43	3.38	3.43	5644404	20045298.00
20130522	3.44	3.55	3.38	3.49	12759850	46256672.00
20130523	3.47	3.51	3.40	3.42	7188536	25766792.00
20130524	3.42	3.53	3.40	3.52	8107743	29250292.00
20130527	3.50	3.57	3.48	3.57	7951083	29129342.00
20130528	3.57	3.70	3.52	3.64	12239196	45974500.00
20130529	3.64	3.67	3.59	3.64	9073061	34120824.00
20130530	3.63	3.64	3.58	3.59	5668620	21228372.00
20130531	3.59	3.61	3.53	3.54	5350489	19823328.00
20130603	3.54	3.57	3.49	3.50	3554288	13045656.00
20130604	3.51	3.64	3.48	3.63	10343484	38364812.00
20130605	3.61	3.63	3.53	3.59	6011266	22346934.00
20130606	3.57	3.59	3.49	3.51	3828070	14073710.00
20130607	3.51	3.55	3.39	3.39	3980899	14341103.00
20130613	3.37	3.37	3.23	3.26	3711961	12645905.00
20130614	3.27	3.29	3.22	3.26	2833955	9621141.00
20130617	3.27	3.29	3.20	3.25	4602407	15600638.00
20130618	3.25	3.28	3.22	3.26	2829340	9596011.00
20130619	3.23	3.40	3.19	3.34	4458785	15244120.00
20130620	3.35	3.43	3.28	3.30	7563680	26521060.00
20130621	3.25	3.38	3.20	3.27	5698841	19460912.00
20130624	3.24	3.26	2.93	2.93	8911500	28703016.00
20130625	2.90	2.93	2.62	2.86	13742273	39826616.00
20130626	2.80	2.88	2.76	2.79	6368568	18722304.00
20130627	2.81	2.87	2.76	2.77	5393087	15940219.00
20130628	2.77	2.90	2.73	2.83	6446312	19163576.00
20130701	2.81	2.82	2.75	2.82	3388628	9924594.00
20130702	2.84	2.85	2.79	2.84	2311838	6775439.00
20130703	2.84	2.84	2.77	2.81	2450380	7116683.00
20130704	2.81	2.88	2.78	2.85	4468811	13139178.00
20130705	2.86	2.95	2.85	2.92	5594396	16880964.00
20130708	2.88	2.89	2.81	2.82	3283047	9671201.00
20130709	2.79	2.83	2.78	2.82	1601055	4669219.00
20130710	2.83	3.04	2.81	2.93	6926239	21068448.00
20130711	2.91	3.04	2.89	3.02	8744352	26968298.00
20130712	2.99	3.00	2.92	2.94	4825233	14820569.00
20130715	2.91	2.99	2.91	2.96	2769159	8488886.00
20130716	2.93	3.01	2.91	3.00	4093519	12565861.00
20130717	2.97	3.10	2.95	3.02	6813649	21372228.00
20130718	3.02	3.03	2.94	2.98	3949072	12159828.00
20130719	2.98	2.99	2.85	2.87	3352990	10213059.00
20130722	2.84	2.89	2.80	2.87	2319026	6869605.00
20130723	2.87	2.96	2.86	2.94	3594548	10913058.00
20130724	2.92	2.95	2.88	2.91	2436276	7347159.00
20130725	2.92	2.92	2.87	2.87	2041770	6134190.00
20130726	2.87	2.90	2.84	2.88	1736911	5176793.00
20130729	2.87	2.87	2.80	2.80	2157256	6340581.00
20130730	2.79	2.85	2.78	2.84	1677674	4908038.00
20130731	2.88	2.97	2.88	2.89	4793406	14570877.00
20130801	2.91	2.94	2.87	2.93	2966863	8965129.00
20130802	2.94	2.99	2.93	2.94	4135315	12690270.00
20130805	2.93	3.06	2.91	3.05	5892190	18276514.00
20130806	3.01	3.24	3.00	3.14	11010614	35554920.00
20130807	3.11	3.22	3.08	3.08	5384388	17591654.00
20130808	3.08	3.12	3.05	3.06	2591974	8249471.00
20130809	3.06	3.10	3.02	3.06	2449881	7753072.00
20130812	3.07	3.17	3.05	3.16	4916124	15864377.00
20130813	3.16	3.31	3.13	3.29	10006592	33743788.00
20130814	3.31	3.48	3.28	3.35	10822419	37913424.00
20130815	3.31	3.35	3.24	3.26	3997516	13610969.00
20130816	3.22	3.32	3.19	3.22	4693505	15722513.00
20130819	3.21	3.27	3.18	3.27	2180166	7297291.00
20130820	3.27	3.29	3.18	3.18	2571594	8554444.00
20130821	3.19	3.22	3.17	3.20	1798916	5947229.00
20130822	3.19	3.25	3.18	3.22	2350287	7830769.00
20130823	3.24	3.24	3.14	3.18	2256079	7446694.00
20130826	3.19	3.29	3.16	3.29	4910017	16438967.00
20130827	3.29	3.31	3.24	3.31	2432560	8229292.00
20130828	3.28	3.34	3.24	3.30	4336024	14714874.00
20130829	3.32	3.34	3.26	3.31	3202374	10932202.00
20130830	3.31	3.54	3.27	3.37	9843785	34599708.00
20130902	3.37	3.41	3.22	3.31	5471230	18549250.00
20130903	3.29	3.35	3.27	3.32	3422121	11731166.00
20130904	3.33	3.39	3.32	3.38	4880590	16937932.00
20130905	3.36	3.37	3.30	3.32	2928622	10097718.00
20130906	3.31	3.42	3.30	3.38	4693442	16382235.00
20130909	3.41	3.51	3.39	3.48	4637930	16551757.00
20130910	3.46	3.52	3.43	3.47	5807866	20747980.00
20130911	3.49	3.51	3.43	3.48	4011050	14336968.00
20130912	3.47	3.64	3.43	3.59	10526196	38323192.00
20130913	3.67	3.86	3.66	3.68	25714928	99637312.00
20130916	3.65	3.85	3.58	3.80	20896267	80026680.00
20130917	3.76	3.79	3.58	3.60	13343984	50225488.00
20130918	3.61	3.67	3.53	3.62	4868457	18022420.00
20130923	3.60	3.76	3.54	3.75	8587935	32284384.00
20130924	3.74	3.74	3.64	3.69	6594842	25025872.00
20130925	3.66	3.73	3.64	3.64	5375148	20402346.00
20130926	3.65	3.65	3.49	3.52	6311558	23062452.00
20130927	3.51	3.54	3.47	3.47	2659199	9603079.00
20130930	3.47	3.51	3.40	3.49	2775796	9932836.00
20131008	3.49	3.59	3.44	3.57	3718192	13551295.00
20131009	3.58	3.59	3.52	3.57	3744384	13736220.00
20131010	3.56	3.65	3.55	3.63	4570626	16941294.00
20131011	3.64	3.72	3.64	3.68	5995893	22765616.00
20131014	3.72	3.72	3.62	3.68	3748930	14144143.00
20131015	3.67	3.67	3.57	3.61	4381617	16271348.00
20131016	3.61	3.63	3.48	3.51	5143650	18709512.00
20131017	3.55	3.59	3.51	3.53	2637938	9680052.00
20131018	3.55	3.55	3.44	3.49	6189534	22203448.00
20131021	3.51	3.58	3.40	3.55	4661753	16837580.00
20131022	3.54	3.54	3.47	3.49	3043105	10995344.00
20131023	3.49	3.52	3.39	3.41	2720473	9634547.00
20131024	3.41	3.41	3.34	3.37	1810550	6308995.00
20131025	3.37	3.44	3.34	3.36	2461777	8555477.00
20131028	3.39	3.41	3.30	3.35	2306205	7959805.00
20131029	3.35	3.39	3.14	3.18	4302763	14344282.00
20131030	3.19	3.46	3.17	3.39	7126845	24645658.00
20131031	3.41	3.59	3.36	3.47	6413170	23001288.00
20131101	3.44	3.52	3.41	3.47	3466108	12454950.00
20131104	3.46	3.50	3.39	3.45	1590878	5634581.00
20131105	3.46	3.48	3.40	3.46	1760472	6259329.00
20131106	3.45	3.72	3.35	3.59	11900162	43179672.00
20131107	3.54	3.54	3.36	3.38	8056804	28432508.00
20131108	3.33	3.40	3.29	3.32	3294678	11329284.00
20131111	3.31	3.35	3.24	3.32	2404549	8151708.00
20131112	3.31	3.37	3.30	3.34	1528169	5262768.00
20131113	3.33	3.33	3.26	3.27	2103125	7130671.00
20131114	3.26	3.31	3.24	3.29	1241543	4202650.00
20131115	3.29	3.35	3.27	3.32	2557596	8775880.00
20131118	3.33	3.57	3.33	3.54	7940731	28434096.00
20131119	3.54	3.54	3.48	3.49	2274953	8207921.00
20131120	3.47	3.58	3.47	3.53	2845354	10372840.00
20131121	3.51	3.51	3.42	3.46	2496274	8889718.00
20131122	3.44	3.51	3.43	3.50	3214322	11554568.00
20131125	3.49	3.65	3.46	3.58	6327399	23522876.00
20131126	3.58	3.73	3.55	3.64	5763085	21754186.00
20131127	3.63	3.63	3.54	3.59	3318629	12262790.00
20131128	3.59	3.64	3.59	3.60	2061294	7663490.00
20131129	3.63	3.63	3.54	3.54	2385501	8789806.00
20131202	3.49	3.57	3.45	3.47	3047559	11008643.00
20131203	3.47	3.54	3.45	3.54	1527091	5511138.00
20131204	3.57	3.60	3.53	3.54	2758260	10130110.00
20131205	3.56	3.58	3.53	3.57	1336786	4909162.00
20131206	3.57	3.58	3.53	3.57	1494996	5483607.00
20131209	3.55	3.65	3.54	3.58	1998848	7427164.00
20131210	3.57	3.62	3.51	3.55	4646554	17006460.00
20131211	3.56	3.56	3.45	3.47	2904607	10438188.00
20131212	3.47	3.48	3.43	3.46	1298688	4629914.00
20131213	3.46	3.50	3.44	3.46	1103360	3942609.00
20131216	3.44	3.53	3.43	3.44	1453119	5182042.00
20131217	3.44	3.48	3.41	3.45	1258570	4460458.00
20131218	3.46	3.46	3.38	3.43	1052223	3711387.00
20131219	3.43	3.44	3.35	3.35	1531404	5360479.00
20131220	3.35	3.38	3.29	3.32	880511	3023209.00
20131223	3.34	3.34	3.25	3.28	1216042	4127932.00
20131224	3.29	3.33	3.26	3.32	1060991	3610821.00
20131225	3.32	3.32	3.27	3.32	653175	2226848.00
20131226	3.32	3.32	3.23	3.24	1251057	4215575.00
20131227	3.24	3.30	3.24	3.27	688119	2326799.00
20131230	3.31	3.32	3.27	3.30	937115	3192999.00
20131231	3.29	3.34	3.28	3.33	831971	2851428.00
20140102	3.33	3.35	3.30	3.33	1416300	4879596.00
20140103	3.33	3.33	3.29	3.29	675519	2303502.00
20140106	3.28	3.28	3.11	3.13	2555545	8356052.00
20140107	3.11	3.14	3.10	3.14	1027014	3323617.00
20140108	3.16	3.16	3.06	3.06	1601254	5160011.00
20140109	3.09	3.09	2.92	3.00	1775945	5541819.00
20140110	3.00	3.00	2.93	2.97	1022784	3139043.00
20140113	2.94	3.00	2.93	2.99	1515096	4662374.00
20140114	2.99	3.04	2.96	3.03	1165594	3644322.00
20140115	3.02	3.05	3.01	3.03	610601	1916912.00
20140116	3.02	3.05	3.00	3.03	609257	1915814.00
20140117	3.04	3.04	2.95	2.96	1109180	3427733.00
20140120	2.99	3.01	2.92	3.01	1321921	4081044.00
20140121	3.01	3.32	3.00	3.12	2299172	7436790.00
20140122	3.14	3.22	3.06	3.19	2353553	7698939.00
20140123	3.16	3.22	3.14	3.14	1112785	3649176.00
20140124	3.15	3.27	3.12	3.22	2041761	6800896.00
20140127	3.22	3.36	3.20	3.32	3415453	11684221.00
20140128	3.32	3.49	3.29	3.34	2841497	9954665.00
20140129	3.31	3.42	3.31	3.33	1718200	5993314.00
20140130	3.33	3.48	3.29	3.46	2664980	9329847.00
20140207	3.46	3.47	3.35	3.44	2298497	8096527.00
20140210	3.41	3.52	3.39	3.49	3348417	11950214.00
20140211	3.49	3.49	3.41	3.45	2057195	7342678.00
20140212	3.44	3.54	3.37	3.53	4035021	14387287.00
20140213	3.51	3.51	3.44	3.46	1581000	5670258.00
20140214	3.46	3.48	3.44	3.45	1508553	5374313.00
20140217	3.45	3.47	3.39	3.46	2897446	10278314.00
20140218	3.47	3.47	3.34	3.38	2567653	9014023.00
20140219	3.38	3.46	3.35	3.41	2303654	8109540.00
20140220	3.41	3.65	3.41	3.60	9228442	33813272.00
20140221	3.59	3.59	3.41	3.43	4551117	16411327.00
20140224	3.43	3.45	3.27	3.29	4217697	14436342.00
20140225	3.27	3.33	3.21	3.24	2837280	9545909.00
20140226	3.23	3.32	3.19	3.29	2121797	7081261.00
20140227	3.27	3.32	3.22	3.23	1606213	5423153.00
20140228	3.22	3.24	3.18	3.24	1434683	4754355.00
20140303	3.24	3.29	3.20	3.28	2170894	7269762.00
20140304	3.27	3.37	3.25	3.35	2990359	10289054.00
20140305	3.35	3.35	3.28	3.29	1041600	3563391.00
20140306	3.29	3.37	3.24	3.35	1887609	6463318.00
20140307	3.36	3.36	3.26	3.28	1000451	3413390.00
20140310	3.26	3.30	3.17	3.17	1759628	5869325.00
20140311	3.19	3.21	3.12	3.13	2276894	7432385.00
20140312	3.15	3.24	3.14	3.16	1791454	5906915.00
20140313	3.16	3.25	3.15	3.23	2242494	7464418.00
20140314	3.23	3.24	3.14	3.17	1682491	5548744.00
20140317	3.19	3.24	3.16	3.22	1578458	5243852.00
20140318	3.22	3.24	3.20	3.21	1033485	3436705.00
20140319	3.18	3.21	3.15	3.21	1622013	5323609.00
20140320	3.22	3.28	3.16	3.17	2037816	6808182.00
20140321	3.19	3.29	3.16	3.27	4048340	13625302.00
20140324	3.31	3.46	3.28	3.41	6935290	24190808.00
20140325	3.44	3.44	3.33	3.36	3764966	13127742.00
20140326	3.39	3.39	3.30	3.33	2325455	7989888.00
20140327	3.33	3.43	3.32	3.36	4564196	15899559.00
20140328	3.35	3.37	3.26	3.27	3718127	12716888.00
20140331	3.26	3.31	3.23	3.27	2261683	7633436.00
20140401	3.29	3.32	3.22	3.31	1797670	6089541.00
20140402	3.31	3.49	3.31	3.42	9025389	31997314.00
20140403	3.41	3.42	3.33	3.34	4063265	14067943.00
20140404	3.32	3.35	3.26	3.35	2394934	8198725.00
20140408	3.34	3.38	3.32	3.36	2414565	8356932.00
20140409	3.36	3.39	3.34	3.37	1822925	6331450.00
20140410	3.37	3.37	3.31	3.34	2230858	7696509.00
20140411	3.33	3.34	3.30	3.32	1561113	5345773.00
20140414	3.32	3.41	3.30	3.39	3325336	11565137.00
20140415	3.39	3.49	3.37	3.44	5185659	18379902.00
20140416	3.39	3.43	3.36	3.39	2717036	9506109.00
20140417	3.40	3.45	3.38	3.44	3115871	11024152.00
20140418	3.44	3.46	3.40	3.42	2270651	8019761.00
20140421	3.39	3.42	3.31	3.33	2429291	8437371.00
20140422	3.32	3.38	3.30	3.37	1956074	6759479.00
20140423	3.36	3.38	3.32	3.34	1234993	4271554.00
20140424	3.34	3.43	3.30	3.42	3669905	12845622.00
20140425	3.42	3.43	3.32	3.36	3154330	11019998.00
20140428	3.30	3.35	3.26	3.26	3349869	11410174.00
20140429	3.26	3.27	3.15	3.22	1494529	4982529.00
20140430	3.22	3.23	3.19	3.20	1637421	5421928.00
20140505	3.19	3.27	3.19	3.27	1407217	4696193.00
20140506	3.28	3.28	3.24	3.26	817230	2750426.00
20140507	3.25	3.26	3.15	3.18	1375896	4548804.00
20140508	3.16	3.25	3.16	3.20	924544	3080861.00
20140509	3.20	3.23	3.18	3.22	990106	3273009.00
20140512	3.21	3.28	3.20	3.28	1872254	6269641.00
20140513	3.28	3.29	3.24	3.27	2011168	6789946.00
20140514	3.26	3.30	3.24	3.27	984309	3327338.00
20140515	3.26	3.27	3.21	3.22	895614	3004352.00
20140516	3.22	3.26	3.21	3.24	341878	1142975.00
20140519	3.25	3.25	3.16	3.22	825298	2728528.00
20140520	3.20	3.25	3.19	3.20	527747	1754232.00
20140521	3.19	3.22	3.18	3.22	377787	1251548.00
20140522	3.22	3.29	3.19	3.22	1874100	6283399.00
20140523	3.22	3.33	3.22	3.31	1869640	6357641.00
20140526	3.31	3.33	3.29	3.31	665887	2250277.00
20140527	3.31	3.34	3.29	3.32	1221992	4142311.00
20140528	3.31	3.36	3.29	3.35	1028933	3499954.00
20140529	3.36	3.45	3.31	3.32	1315210	4524859.00
20140530	3.31	3.33	3.29	3.32	597453	2021677.00
20140603	3.31	3.44	3.30	3.40	4749914	16475687.00
20140604	3.37	3.43	3.35	3.42	2334848	8101679.00
20140605	3.42	3.46	3.39	3.45	1858879	6504248.00
20140606	3.45	3.47	3.41	3.44	1788786	6285778.00
20140609	3.43	3.47	3.38	3.39	1771155	6177678.00
20140610	3.39	3.48	3.38	3.45	1992905	6993519.00
20140611	3.46	3.49	3.42	3.49	1844638	6503574.00
20140612	3.49	3.50	3.45	3.48	1022427	3623342.00
20140613	3.46	3.54	3.44	3.52	3438840	12296741.00
20140616	3.52	3.58	3.51	3.54	2040468	7373050.00
20140619	3.90	3.90	3.90	3.90	2185578	8676745.00
20140620	4.30	4.30	4.30	4.30	24748455	108150752.00
20140623	4.32	4.73	4.18	4.69	63459478	289841152.00
20140624	4.51	4.69	4.41	4.62	36606276	168841744.00
20140625	4.54	5.04	4.54	4.82	43723500	214728976.00
20140626	4.68	5.31	4.67	5.31	30984128	159992944.00
20140627	5.54	5.85	5.54	5.85	34555828	201010720.00
20140630	6.33	6.33	5.79	6.01	70357445	428364864.00
20140701	5.90	5.98	5.65	5.93	48176975	282640896.00
20140702	5.90	6.48	5.85	6.00	61885188	384994752.00
20140703	5.71	5.85	5.59	5.76	38432451	222643952.00
20140704	5.71	5.74	5.51	5.61	33090303	187846400.00
20140707	5.56	5.64	5.38	5.63	26883842	149929296.00
20140708	5.59	5.86	5.47	5.85	35434568	203511872.00
20140709	5.83	5.97	5.42	5.42	36581117	210451632.00
20140710	5.36	5.57	5.31	5.42	20374368	112027896.00
20140711	5.33	5.53	5.33	5.43	14632772	80594656.00
20140714	5.43	5.91	5.39	5.74	28677695	166534432.00
20140715	5.71	5.71	5.47	5.59	16812935	94736064.00
20140716	5.50	5.81	5.43	5.79	15403487	87165048.00
20140717	5.70	6.02	5.62	5.90	29883369	176565008.00
20140718	5.80	5.87	5.63	5.64	17397179	100954984.00
20140721	5.53	5.53	5.07	5.08	28651379	151614464.00
20140722	5.07	5.17	5.06	5.13	10165568	52800000.00
20140723	5.13	5.14	4.90	4.94	17515812	88441784.00
20140724	4.89	5.02	4.88	4.89	10427247	52239816.00
20140725	4.93	5.00	4.84	4.95	9268008	46358836.00
20140728	4.93	5.02	4.92	4.99	11089441	55953076.00
20140729	5.00	5.15	4.98	5.14	12919165	66416556.00
20140730	5.10	5.15	5.03	5.10	8958215	46223680.00
20140731	5.08	5.18	5.07	5.17	9277770	48208240.00
20140801	5.13	5.14	4.96	5.01	12174903	62417268.00
20140804	4.99	5.10	4.96	5.09	8053902	41224344.00
20140805	5.09	5.13	5.00	5.11	8328148	42757048.00
20140806	5.09	5.10	5.02	5.08	5222620	26840116.00
20140807	5.06	5.18	5.04	5.07	9658782	50109504.00
20140808	5.08	5.13	5.04	5.09	6962827	35932728.00
20140811	5.10	5.61	5.06	5.61	31139478	172960688.00
20140812	5.68	6.03	5.63	5.82	46520693	274683808.00
20140813	5.80	5.80	5.53	5.66	21641415	123847256.00
20140814	5.63	5.71	5.51	5.67	16844920	95746448.00
20140815	5.62	5.67	5.48	5.55	11183842	62797028.00
20140818	5.58	5.63	5.52	5.58	11851135	66876580.00
20140819	5.58	5.91	5.57	5.66	20872312	121396808.00
20140820	5.64	5.64	5.41	5.50	12926566	71961872.00
20140821	5.48	5.66	5.41	5.64	12765264	71660264.00
20140822	5.63	5.67	5.53	5.58	8200336	46343440.00
20140825	5.59	5.66	5.44	5.62	9908789	55864356.00
20140826	5.55	5.58	5.17	5.33	13245991	72467568.00
20140827	5.29	5.37	5.25	5.29	5534967	29754928.00
20140828	5.27	5.51	5.17	5.33	8290013	44771240.00
20140829	5.33	5.38	5.29	5.34	4358900	23510276.00
20140901	5.35	5.38	5.25	5.32	10489698	56363452.00
20140902	5.34	5.68	5.31	5.55	26069690	146211424.00
20140903	5.53	5.68	5.50	5.66	17653604	99937072.00
20140904	5.64	5.71	5.58	5.65	14278011	81527392.00
20140905	5.67	5.75	5.57	5.70	10613717	60614564.00
20140909	5.73	5.75	5.57	5.62	13681200	77915704.00
20140910	5.57	5.63	5.43	5.63	12147592	68232448.00
20140911	5.61	5.74	5.56	5.73	18989990	109023040.00
20140912	5.73	6.05	5.66	5.99	43932649	261918544.00
20140915	5.99	6.44	5.95	6.00	30291224	186683024.00
20140916	6.01	6.01	5.58	5.65	21142632	124386576.00
20140917	5.67	5.86	5.58	5.78	18052178	104011464.00
20140918	5.74	6.13	5.72	6.10	29486983	179012048.00
20140919	6.10	6.37	6.04	6.26	23770822	149695408.00
20140922	6.25	6.42	6.08	6.28	18292645	115788768.00
20140923	6.28	6.60	6.24	6.41	17786623	116038896.00
20140924	6.46	7.06	6.38	6.88	51314885	357597280.00
20140925	6.79	6.90	6.64	6.86	27957931	191054240.00
20140926	6.83	7.10	6.71	7.09	18138773	126818944.00
20140929	7.07	7.13	6.88	6.98	22035835	155492320.00
20140930	6.99	7.07	6.77	6.82	18035837	125309768.00
20141008	6.82	6.92	6.68	6.84	12033729	82702568.00
20141009	6.84	7.08	6.71	7.07	15846741	110169040.00
20141010	7.09	7.20	6.96	7.11	15633448	112141216.00
20141013	7.11	7.11	6.83	6.99	12170100	85616176.00
20141014	6.96	7.01	6.73	6.81	13848646	96257472.00
20141015	6.75	6.88	6.72	6.81	11192050	76981384.00
20141016	6.76	6.98	6.75	6.80	11260075	78102368.00
20141017	6.76	7.34	6.76	7.23	28901565	206358096.00
20141020	7.11	7.25	6.98	7.20	15563746	111735680.00
20141021	7.20	7.51	7.12	7.33	20178241	149939872.00
20141022	7.28	7.43	7.10	7.13	13153985	96558448.00
20141023	7.13	7.21	6.83	6.99	14474775	102217752.00
20141024	6.98	7.08	6.91	6.98	5473534	38665368.00
20141027	6.96	7.09	6.86	6.99	5593798	39558052.00
20141028	7.02	7.31	7.00	7.26	11374380	82802936.00
20141029	7.26	7.46	7.14	7.36	15303029	112895264.00
20141030	7.51	7.86	7.45	7.61	23119829	178978416.00
20141031	7.66	7.92	7.55	7.61	23116287	180317056.00
20141103	7.61	7.75	7.32	7.74	16340740	125445792.00
20141104	7.68	8.11	7.63	8.02	18942534	152178736.00
20141105	7.98	8.08	7.83	7.97	10777319	86665584.00
20141106	7.94	8.19	7.90	7.97	9382466	75789344.00
20141107	7.99	8.04	7.63	7.64	17761436	139093504.00
20141110	7.62	7.68	7.28	7.42	17748072	132817840.00
20141111	7.50	7.50	6.87	7.09	18181375	130831120.00
20141112	7.12	7.25	7.02	7.24	7367711	53287260.00
20141113	7.24	7.27	6.99	7.02	7176074	51126552.00
20141114	6.94	7.07	6.89	7.05	7831268	55039460.00
20141117	7.06	7.14	6.92	7.08	6686884	47521840.00
20141118	7.08	7.19	6.98	7.13	6329540	45373536.00
20141119	7.11	7.63	7.08	7.56	14946594	112499344.00
20141120	7.52	7.73	7.45	7.52	10587829	80932040.00
20141121	7.50	7.62	7.44	7.54	7643806	57974660.00
20141124	7.74	7.83	7.61	7.65	16737198	130452480.00
20141125	7.65	7.66	7.41	7.54	14833855	112481792.00
20141126	7.54	7.54	7.41	7.49	10237457	76987280.00
20141127	7.48	7.70	7.47	7.58	13023969	99742776.00
20141128	7.61	7.66	7.30	7.50	14023617	105780720.00
20141201	7.45	7.45	7.09	7.14	16963245	123366472.00
20141202	7.13	7.25	7.09	7.21	10660497	77391616.00
20141203	7.21	7.48	7.12	7.30	12764210	94238032.00
20141204	7.28	7.50	7.15	7.47	17660883	130935936.00
20141205	7.46	7.46	7.01	7.12	16850699	122042408.00
20141208	7.08	7.20	6.93	7.09	18396727	131067576.00
20141209	7.03	7.05	6.48	6.49	32594739	223911696.00
20141210	6.46	6.78	6.32	6.65	14740714	97282552.00
20141211	6.63	6.94	6.53	6.93	14566116	99136848.00
20141212	6.98	7.08	6.94	7.00	11927244	84436224.00
20141215	6.95	7.05	6.83	7.00	9279288	65155288.00
20141216	6.98	7.02	6.83	6.92	8327829	58248104.00
20141217	6.86	7.07	6.84	7.00	10843644	76373296.00
20141218	6.97	7.01	6.83	6.85	8516711	59307460.00
20141219	6.84	6.92	6.63	6.68	10049872	68073168.00
20141222	6.61	6.68	6.26	6.27	11554131	74708720.00
20141223	6.27	6.27	5.86	5.96	17064609	103364144.00
20141224	5.94	6.09	5.93	6.07	8938909	54322456.00
20141225	6.07	6.19	6.03	6.08	9289453	57231468.00
20141226	6.09	6.41	6.05	6.37	10765859	67528936.00
20141229	6.33	6.60	6.20	6.39	15930836	102748208.00
20141230	6.42	6.43	6.09	6.12	10822730	67939040.00
20141231	6.19	6.37	6.04	6.33	11915024	74328440.00
20150120	5.69	6.22	5.69	6.03	43458059	259352160.00
20150121	5.82	6.12	5.82	6.11	33871185	204912704.00
20150122	6.10	6.12	5.98	6.08	21578500	132280456.00
20150123	6.08	6.30	6.07	6.28	28667429	179518192.00
20150126	6.31	6.35	6.17	6.29	21337444	134927488.00
20150127	6.28	6.33	6.16	6.27	21438725	135537648.00
20150128	6.22	6.25	6.17	6.21	10818981	67906920.00
20150129	6.20	6.28	6.14	6.23	13114139	82541360.00
20150130	6.19	6.22	5.95	6.08	25699909	157580896.00
20150202	5.92	5.99	5.84	5.89	12747928	76376344.00
20150203	5.86	5.99	5.85	5.97	7450556	44702688.00
20150204	5.99	6.03	5.92	5.95	8296158	50102612.00
20150205	6.10	6.10	5.90	5.91	9702701	58875784.00
20150206	5.91	5.92	5.58	5.63	11588751	67496552.00
20150209	5.63	5.81	5.60	5.71	9221570	53469432.00
20150210	5.71	5.76	5.65	5.68	7389605	42491600.00
20150211	5.71	5.71	5.63	5.69	5432505	31250576.00
20150212	5.69	5.88	5.66	5.87	10546295	61837140.00
20150213	5.85	5.96	5.82	5.91	12564430	75000880.00
20150216	5.88	5.99	5.87	5.97	11759963	70526096.00
20150217	5.93	5.98	5.91	5.97	9318136	55978168.00
20150225	5.97	6.08	5.89	5.98	12167452	73593032.00
20150226	5.97	6.08	5.96	6.05	12522089	76247360.00
20150227	6.06	6.12	6.02	6.08	13671719	83931480.00
20150302	6.18	6.21	6.10	6.16	19095236	118508712.00
20150303	6.16	6.16	6.05	6.14	20375875	125640008.00
20150304	6.20	6.76	6.20	6.76	60246727	395627456.00
20150305	6.84	6.84	6.53	6.59	38903253	260983344.00
20150306	6.57	6.69	6.37	6.42	25751748	168936000.00
20150309	6.39	6.58	6.30	6.53	16743428	109619576.00
20150310	6.51	6.60	6.46	6.47	16276232	107233456.00
20150311	6.47	6.72	6.41	6.66	23852176	158360688.00
20150312	6.68	7.03	6.57	6.86	39855048	273401024.00
20150313	6.85	6.95	6.75	6.80	18354768	126318920.00
20150316	6.79	6.91	6.79	6.87	23400230	161616416.00
20150317	6.88	7.15	6.84	7.06	34701180	245369984.00
20150318	7.06	7.29	7.00	7.21	26402262	191532544.00
20150319	7.16	7.35	7.00	7.22	25353675	183951504.00
20150320	7.15	7.25	7.07	7.18	22162458	159892288.00
20150323	7.18	7.34	7.18	7.26	24863528	182018240.00
20150324	7.31	7.31	6.88	7.07	29616165	212114464.00
20150325	7.07	7.09	6.84	6.94	22294170	156667888.00
20150326	6.92	7.31	6.84	7.22	34332826	246378160.00
20150327	7.21	7.37	7.18	7.32	30607210	225421632.00
20150330	7.38	7.72	7.22	7.52	43615891	327584000.00
20150331	7.71	7.81	7.23	7.31	46897865	356570400.00
20150401	7.29	7.36	7.24	7.33	20418447	150590208.00
20150402	7.34	7.47	7.27	7.43	25698802	191232240.00
20150403	7.44	7.72	7.44	7.61	38898014	298428544.00
20150407	7.61	7.88	7.58	7.86	37693599	294682816.00
20150408	7.83	7.84	7.53	7.72	30230834	234330608.00
20150409	7.69	7.69	7.27	7.63	30786149	233152672.00
20150410	7.61	7.89	7.43	7.80	36574130	283689792.00
20150413	7.79	8.59	7.73	8.59	78104523	653006528.00
20150414	8.43	8.48	8.22	8.26	45111278	379742944.00
20150415	8.31	8.39	7.73	7.81	28767331	234142560.00
20150416	7.74	8.04	7.55	7.95	23781756	188080112.00
20150417	7.98	8.35	7.95	7.97	32105427	261308800.00
20150420	7.96	8.04	7.68	7.70	31590480	250877376.00
20150421	7.70	7.96	7.68	7.96	22871602	180607200.00
20150422	8.03	8.31	7.98	8.24	35703335	294955040.00
20150423	8.26	8.91	8.13	8.52	53507060	458515392.00
20150424	8.34	8.65	8.25	8.55	30912667	264317584.00
20150427	8.55	8.74	8.40	8.46	32671802	281953024.00
20150428	8.47	8.57	8.01	8.12	28538516	238508672.00
20150429	8.11	8.33	7.94	8.25	23384543	192589712.00
20150430	8.16	8.77	8.14	8.51	50578240	436971360.00
20150504	8.39	8.51	8.20	8.40	21712805	183124320.00
20150505	8.42	8.45	7.83	7.92	22097783	180989824.00
20150506	7.92	8.06	7.44	7.61	21840156	171988896.00
20150507	7.61	7.71	7.31	7.43	14630449	109925240.00
20150508	7.46	7.79	7.40	7.77	15089561	114793808.00
20150511	7.78	7.98	7.76	7.89	36047067	284530016.00
20150512	7.85	8.03	7.75	8.00	28849042	229649968.00
20150513	7.98	8.14	7.85	7.98	22636609	182000928.00
20150514	7.98	8.20	7.78	8.12	32080971	258699184.00
20150515	8.08	8.08	7.74	7.81	18535061	147288784.00
20150518	7.82	7.88	7.68	7.74	15223935	119137584.00
20150519	7.75	8.05	7.75	7.97	21077366	168589456.00
20150520	7.98	8.21	7.91	7.97	28368016	230480944.00
20150521	7.98	8.46	7.84	8.35	35093365	288950272.00
20150522	8.43	8.91	8.20	8.76	53526086	460776288.00
20150525	8.76	9.64	8.61	9.64	94948606	889574784.00
20150526	9.63	10.47	9.48	10.00	59957108	598288512.00
20150527	10.03	10.08	9.58	9.69	46331612	455279936.00
20150528	9.78	10.03	8.75	8.78	49048184	468217984.00
20150529	8.85	9.17	8.39	9.00	33374741	297374464.00
20150601	9.08	9.67	9.03	9.52	27906280	260657792.00
20150602	9.53	9.98	9.53	9.96	35999792	352027840.00
20150603	10.02	10.40	9.75	10.36	45357188	459840640.00
20150604	10.37	10.48	9.52	10.28	34467378	345747488.00
20150605	10.40	11.31	10.30	11.29	114721751	1267648256.00
20150608	11.13	11.23	10.50	10.79	73564606	799767296.00
20150609	10.68	10.99	10.50	10.92	36118221	389623328.00
20150610	10.84	12.01	10.61	12.01	99087931	1165628160.00
20150611	11.88	12.29	11.75	11.93	70943411	848995904.00
20150612	11.94	13.12	11.94	13.12	34668805	443339584.00
20150615	13.95	14.40	13.10	13.33	65570817	906851072.00
20150616	13.30	13.30	12.38	12.56	37816361	483004256.00
20150617	12.40	13.82	11.90	13.82	43454154	556061760.00
20150618	14.20	14.98	13.75	14.29	55882684	801927168.00
20150619	13.63	14.20	12.86	12.86	35420948	483108480.00
20150623	12.59	12.97	11.57	12.25	38067042	460452128.00
20150624	12.38	13.30	12.15	12.55	35313764	445342464.00
20150625	12.45	13.10	11.76	12.04	43681282	538615744.00
20150626	11.46	11.75	10.84	10.84	27030428	300536096.00
20150629	11.20	11.30	9.76	9.76	38182352	389067584.00
20150630	9.01	10.74	8.78	10.74	56056846	543808960.00
20150701	10.60	11.81	9.78	11.42	81371825	903536896.00
20150702	11.08	11.31	10.28	10.28	51013006	541106624.00
20150703	9.44	10.58	9.25	9.25	46596848	444456896.00
20150706	10.05	10.13	8.33	8.33	41644840	374754048.00
20150707	7.50	7.50	7.50	7.50	4239300	31794750.00
20150713	8.25	8.25	8.25	8.25	1905638	15721514.00
20150714	9.08	9.08	8.50	9.08	65857187	588924224.00
20150715	8.85	8.85	8.17	8.17	32170916	268319104.00
20150716	7.35	8.46	7.35	7.72	46242789	359773888.00
20150717	7.73	8.36	7.65	8.14	42077042	335441024.00
20150720	8.00	8.38	7.89	8.08	40542246	329650784.00
20150721	7.98	8.89	7.76	8.89	63717254	544752832.00
20150722	8.70	9.78	8.58	9.78	93349675	856740224.00
20150723	9.60	10.76	9.54	10.76	113209367	1169044608.00
20150724	10.50	10.95	10.27	10.69	110288071	1175716480.00
20150727	10.55	11.05	9.77	10.12	110599891	1179638144.00
20150728	9.50	10.30	9.11	9.11	103413104	985028992.00
20150729	9.01	10.02	8.74	10.01	101034424	951878720.00
20150730	9.80	10.80	9.75	10.16	114478059	1174258048.00
20150731	9.82	10.78	9.75	10.29	94687472	971619456.00
20150803	10.20	10.91	9.81	10.85	102871147	1061700352.00
20150804	10.67	11.47	10.53	11.10	118364972	1285620224.00
20150805	10.85	10.96	10.13	10.18	69994491	744732800.00
20150806	9.63	10.05	9.31	9.42	62608042	606251520.00
20150807	9.50	10.00	9.50	9.88	40935671	399405248.00
20150810	9.99	10.45	9.81	10.20	55887406	566939584.00
20150811	10.13	10.65	9.81	10.28	65828079	671587008.00
20150812	10.08	10.25	9.89	9.90	36023783	363406400.00
20150813	9.70	10.85	9.61	10.80	68098287	704209152.00
20150814	10.78	10.80	10.32	10.43	61819754	654679168.00
20150817	10.34	10.94	10.07	10.74	61022214	643163776.00
20150818	11.16	11.68	10.21	10.27	105023178	1168492672.00
20150819	9.80	11.00	9.30	10.93	62634065	637231680.00
20150820	10.68	10.89	9.90	9.97	42946619	450884256.00
20150821	9.80	9.88	9.00	9.02	38091675	359664576.00
20150824	8.37	8.60	8.12	8.12	17097796	140056496.00
20150825	7.31	7.45	7.31	7.31	17381152	127289552.00
20150826	6.90	7.49	6.58	6.58	40341665	279310976.00
20150827	6.80	6.96	5.92	6.47	35712500	228278784.00
20150828	6.62	7.10	6.41	7.08	38530623	257987984.00
20150831	7.00	7.00	6.54	6.55	27405577	185596352.00
20150901	6.32	6.54	5.90	5.90	25375614	153393808.00
20150902	5.57	6.16	5.31	5.34	30858632	171425376.00
20150907	5.30	5.75	5.30	5.47	20679389	114831368.00
20150908	5.50	6.02	5.39	5.96	21445973	122357736.00
20150909	6.02	6.56	5.91	6.56	23376553	148779120.00
20150910	6.70	6.70	6.41	6.44	42238082	278169184.00
20150911	6.32	6.65	6.18	6.57	26776956	170943920.00
20150914	6.57	6.65	5.91	5.91	22325342	138153696.00
20150915	5.65	5.90	5.32	5.32	22218212	122476464.00
20150916	5.40	5.85	5.33	5.85	23630950	132295480.00
20150917	5.70	6.06	5.62	5.66	24701549	144806992.00
20150918	5.72	5.82	5.54	5.67	14255450	80919104.00
20150921	5.54	6.04	5.48	5.99	19481152	113312360.00
20150922	6.01	6.09	5.82	5.99	24298355	145302640.00
20150923	5.80	5.95	5.74	5.79	15481291	90408272.00
20150924	5.83	5.97	5.80	5.92	13791662	81313976.00
20150925	5.85	5.95	5.42	5.51	17047566	97258160.00
20150928	5.60	5.71	5.46	5.69	10626820	59619552.00
20150929	5.52	5.63	5.45	5.50	11231679	62208336.00
20150930	5.54	5.64	5.40	5.53	9766513	53745376.00
20151008	5.67	5.85	5.60	5.79	15351703	88327968.00
20151009	5.79	5.96	5.73	5.86	16080918	93902816.00
20151012	5.89	6.42	5.86	6.26	30427399	186932448.00
20151013	6.17	6.34	6.13	6.27	20045991	125347488.00
20151014	6.22	6.50	6.21	6.25	23825026	151250144.00
20151015	6.22	6.48	6.18	6.47	22489786	143553392.00
20151016	6.48	6.77	6.39	6.59	26732119	175378432.00
20151019	6.60	7.25	6.60	7.25	53968101	388082816.00
20151020	7.30	7.98	7.19	7.98	63699242	483201440.00
20151021	8.30	8.78	8.26	8.78	115462918	998489984.00
20151022	8.78	9.66	8.41	9.47	101504764	915255744.00
20151023	9.10	9.48	8.82	9.01	113903261	1036119744.00
20151026	8.98	8.98	8.21	8.52	69861097	593809408.00
20151027	8.48	8.96	8.31	8.76	62004812	536754944.00
20151028	8.60	8.64	8.05	8.16	53289904	443864000.00
20151029	8.20	8.48	8.10	8.27	34777469	288754208.00
20151030	8.21	8.49	7.97	8.27	33983768	279153824.00
20151102	8.00	8.23	7.45	7.62	32135982	254171104.00
20151103	7.75	7.82	7.50	7.77	23433419	179423504.00
20151104	7.87	8.25	7.70	8.16	36911276	296182592.00
20151105	7.98	8.10	7.86	7.97	39809796	317681728.00
20151116	7.80	8.34	7.58	8.18	39320360	320600928.00
20151117	8.29	8.60	8.10	8.58	45532347	376305344.00
20151118	8.45	8.99	8.37	8.68	61813759	541771136.00
20151119	8.55	8.66	8.18	8.48	39960566	333354112.00
20151120	8.39	8.41	8.20	8.28	30182562	250294160.00
20151123	8.28	8.28	7.95	7.97	31147052	251878400.00
20151124	7.98	8.10	7.90	8.09	18859351	151338192.00
20151125	8.07	8.14	7.92	8.06	22118866	177341408.00
20151126	8.12	8.27	8.00	8.05	24502107	199824592.00
20151127	8.05	8.07	7.25	7.25	33788091	257490944.00
20151130	7.20	7.31	6.69	7.11	24893339	174982320.00
20151201	7.13	7.82	7.13	7.82	14805099	113045376.00
20151202	8.53	8.53	7.88	8.01	50504611	413482368.00
20151203	7.80	8.36	7.64	8.12	41523000	332573440.00
20151204	8.02	8.45	7.98	8.11	33443586	273747456.00
20151207	8.13	8.36	7.94	8.24	29566324	242660352.00
20151208	8.13	8.17	7.68	7.77	26557880	210745328.00
20151209	7.76	7.88	7.52	7.66	14736231	113760160.00
20151210	7.60	7.85	7.60	7.65	11946169	92089200.00
20151211	7.63	7.68	7.45	7.59	10955891	82836704.00
20151214	7.49	7.77	7.40	7.76	12818860	97568056.00
20151215	7.73	7.93	7.72	7.82	11146102	87476536.00
20151216	7.93	8.50	7.83	8.19	33587969	275736416.00
20151217	8.18	8.70	8.18	8.52	38468408	323518560.00
20151218	8.31	8.56	8.21	8.34	24750346	206909952.00
20151221	8.31	9.17	8.31	9.17	42242793	376440160.00
20151222	9.49	9.76	9.21	9.38	63368492	598408576.00
20151223	9.39	10.00	9.25	9.71	54882678	527661504.00
20151224	9.51	9.56	9.21	9.26	30289225	283207008.00
20151225	9.30	9.47	9.13	9.35	16897368	157354720.00
20151228	9.35	9.37	8.82	8.86	25244750	229431200.00
20151229	8.88	9.12	8.85	8.98	13843530	124023856.00
20151230	8.97	9.07	8.74	8.88	18119760	161056640.00
20151231	8.88	8.99	8.77	8.83	10753838	95589824.00
20160104	8.81	8.81	7.95	7.95	17926745	149223312.00
20160105	7.55	7.97	7.31	7.69	20713492	159551648.00
20160106	7.71	7.93	7.60	7.92	15303135	118990696.00
20160107	7.75	7.79	7.13	7.13	3254300	24030128.00
20160108	7.30	7.40	6.72	7.15	17513738	125597808.00
20160111	7.02	7.07	6.44	6.44	14592466	99167240.00
20160112	6.46	6.92	6.30	6.78	14204652	95148848.00
20160113	6.78	6.86	6.55	6.59	10642129	71586440.00
20160114	6.35	7.25	6.35	7.16	14494350	99362064.00
20160115	7.03	7.14	6.75	6.86	11865835	82389544.00
20160118	6.71	7.19	6.67	7.00	10969219	77128672.00
20160119	6.96	7.30	6.91	7.18	14671711	104627600.00
20160120	7.16	7.29	7.05	7.17	10932111	78383032.00
20160121	6.98	7.16	6.73	6.76	11354865	79262384.00
20160122	6.85	6.97	6.71	6.92	8502388	58133732.00
20160125	6.96	7.07	6.87	7.00	6709385	47000304.00
20160126	6.95	6.95	6.30	6.37	10028933	66402480.00
20160127	6.08	6.28	5.73	6.00	18481386	110052712.00
20160128	5.87	5.99	5.40	5.40	12706289	71958496.00
20160323	5.94	5.94	5.94	5.94	69211	411113.00
20160324	6.53	6.53	6.53	6.53	247400	1615522.00
20160325	7.18	7.18	6.96	7.18	24784175	177371072.00
20160328	7.38	7.60	7.01	7.07	41761384	305117440.00
20160329	7.01	7.08	6.70	6.76	17804225	121668256.00
20160330	6.89	7.09	6.76	7.03	17898277	123803792.00
20160331	7.02	7.09	6.89	6.91	14188122	98774968.00
20160401	6.90	6.91	6.75	6.82	8736693	59419488.00
20160405	6.85	7.03	6.77	7.02	20202598	140119680.00
20160406	7.00	7.02	6.87	6.95	13370455	92927744.00
20160407	6.96	7.16	6.89	6.97	20064011	140697664.00
20160408	6.86	6.91	6.76	6.86	10906939	74449536.00
20160411	6.92	7.08	6.89	6.97	11788215	82441008.00
20160412	7.00	7.01	6.84	6.94	7274238	50311228.00
20160413	6.95	7.15	6.94	7.03	17107244	120733088.00
20160414	7.06	7.56	7.04	7.45	29453860	216950608.00
20160415	7.38	7.78	7.31	7.55	23734428	179838688.00
20160418	7.47	7.47	7.28	7.36	15546704	114472184.00
20160419	7.56	7.65	7.33	7.45	12738447	95089520.00
20160420	7.40	7.49	6.75	7.00	20645821	146825760.00
20160421	6.96	7.08	6.85	6.87	10903910	76038808.00
20160422	6.85	6.97	6.77	6.95	8565377	58574880.00
20160425	6.90	6.97	6.81	6.87	6012705	41398816.00
20160426	6.85	6.94	6.82	6.93	4093145	28229768.00
20160427	6.91	7.02	6.88	6.94	5631038	39167344.00
20160428	6.95	7.00	6.80	6.89	5830451	40195184.00
20160429	6.88	7.36	6.81	7.18	13936791	99696456.00
20160503	7.21	7.54	7.21	7.44	13097581	97014544.00
20160504	7.41	7.48	7.28	7.39	10628050	78185528.00
20160505	7.40	7.43	7.25	7.39	8493566	62452704.00
20160506	7.42	7.42	6.96	6.99	12375878	88321096.00
20160509	6.93	6.93	6.60	6.65	10415276	70553064.00
20160510	6.66	6.75	6.60	6.66	3936015	26190608.00
20160511	6.66	6.73	6.48	6.49	7540516	49576864.00
20160512	6.37	6.37	5.97	6.25	9348494	57351072.00
20160513	6.17	6.31	6.06	6.10	8588388	52995864.00
20160516	6.12	6.25	6.12	6.24	6399686	39642124.00
20160517	6.28	6.37	6.19	6.30	6412277	40319344.00
20160518	6.35	6.35	6.02	6.11	6127206	37679584.00
20160519	6.11	6.26	6.05	6.23	6592632	40939144.00
20160520	6.19	6.26	6.08	6.26	4215890	26169476.00
20160523	6.24	6.35	6.24	6.33	4868436	30658520.00
20160524	6.29	6.65	6.20	6.43	8464830	54210316.00
20160525	6.43	6.52	6.24	6.34	5858952	37297572.00
20160526	6.37	6.40	6.16	6.34	5255911	32960236.00
20160527	6.30	6.36	6.25	6.31	4023622	25370028.00
20160530	6.28	6.28	6.16	6.20	4053275	25166844.00
20160531	6.20	6.43	6.20	6.43	8548941	54390580.00
20160601	6.40	6.60	6.40	6.47	9728717	63380892.00
20160602	6.45	6.60	6.43	6.52	5530514	36000992.00
20160603	6.55	6.57	6.47	6.52	5125822	33372908.00
20160606	6.52	6.64	6.47	6.54	5992884	39204832.00
20160607	6.53	6.57	6.42	6.51	4053296	26289428.00
20160608	6.51	6.51	6.40	6.47	4018973	25863344.00
20160613	6.35	6.36	6.01	6.01	6179178	38378920.00
20160614	6.01	6.19	6.00	6.14	4777436	28992580.00
20160615	6.06	6.30	6.06	6.20	6998553	43548004.00
20160616	6.20	6.24	6.09	6.20	5675919	34992016.00
20160617	6.20	6.28	6.17	6.21	3976134	24813720.00
20160620	6.14	6.44	6.10	6.38	8393814	52913416.00
20160621	6.40	6.44	6.24	6.27	5708985	36303160.00
20160622	6.24	6.34	6.19	6.33	4771395	29833964.00
20160623	6.29	6.34	6.20	6.27	3752616	23492196.00
20160624	6.27	6.45	5.98	6.33	7774902	48788744.00
20160627	6.31	6.70	6.22	6.63	11719147	75852208.00
20160628	6.58	6.68	6.52	6.58	7434422	49027716.00
20160629	6.58	7.00	6.53	6.88	18889371	127680672.00
20160630	6.88	6.92	6.70	6.88	14864964	101029208.00
20160701	6.88	6.90	6.58	6.64	20510743	136861872.00
20160704	6.63	6.73	6.55	6.67	9684152	64519460.00
20160705	6.64	6.72	6.59	6.71	14427436	95981152.00
20160706	6.68	6.94	6.67	6.90	22740500	155674480.00
20160707	6.83	6.83	6.75	6.78	15571300	105701616.00
20160708	6.78	7.30	6.73	7.10	29127200	204654224.00
20160711	7.05	7.36	7.05	7.16	17795800	128323072.00
20160712	7.16	7.26	7.02	7.12	13369700	95105664.00
20160713	7.18	7.41	7.17	7.23	18793000	136950784.00
20160714	7.30	7.32	7.19	7.23	10558000	76454776.00
20160715	7.23	7.24	6.75	6.81	28578200	198778992.00
20160718	6.70	6.89	6.60	6.68	17314900	115848648.00
20160719	6.68	6.72	6.61	6.68	11620300	77395688.00
20160720	6.68	6.73	6.64	6.69	8027300	53613940.00
20160721	6.67	6.74	6.62	6.68	8827700	59011888.00
20160722	6.69	6.70	6.63	6.66	5998100	39951664.00
20160725	6.66	6.70	6.63	6.64	5136000	34203484.00
20160726	6.65	6.78	6.65	6.77	7463200	50060764.00
20160727	6.75	6.81	6.29	6.73	16637040	109840576.00
20160728	6.67	6.69	6.53	6.59	6987655	46175468.00
20160729	6.59	6.68	6.50	6.65	6754388	44564544.00
20160801	6.62	6.62	6.40	6.49	4752426	30872700.00
20160802	6.46	6.55	6.45	6.51	2884049	18723352.00
20160803	6.54	6.55	6.45	6.50	3460960	22480256.00
20160804	6.50	6.53	6.38	6.52	7899857	50897104.00
20160805	6.50	6.52	6.43	6.46	3957419	25609274.00
20160808	6.47	6.68	6.40	6.60	9236988	60837636.00
20160809	6.60	6.67	6.48	6.61	6249200	40988984.00
20160810	6.58	6.63	6.55	6.55	4488700	29567302.00
20160811	6.52	6.60	6.45	6.45	3410235	22154024.00
20160812	6.45	6.61	6.42	6.58	6715336	43776120.00
20160815	6.60	6.94	6.58	6.82	20639325	139515008.00
20160816	7.15	7.50	7.15	7.50	36346577	271093408.00
20160817	7.51	8.05	7.48	7.55	75957669	586252544.00
20160818	7.31	7.98	7.23	7.51	78111305	589649216.00
20160819	7.43	7.53	7.30	7.44	34887475	258281136.00
20160822	7.41	7.76	7.33	7.63	48718300	370549952.00
20160823	7.50	7.63	7.36	7.50	26936600	202225376.00
20160824	7.50	7.69	7.45	7.53	23640900	178754224.00
20160825	7.48	7.48	7.26	7.35	23895800	175622000.00
20160826	7.39	7.47	7.27	7.36	18380100	134907296.00
20160829	7.35	7.44	7.31	7.32	14283813	105110072.00
20160830	7.36	7.46	7.32	7.40	12376896	91349800.00
20160831	7.40	7.57	7.32	7.47	23171416	173009184.00
20160901	7.44	7.44	7.09	7.10	24992631	181088032.00
20160902	7.09	7.15	6.90	6.98	17491069	122799208.00
20160905	7.00	7.05	6.97	7.01	9489423	66470816.00
20160906	7.03	7.08	6.87	7.05	11312056	78961704.00
20160907	7.05	7.10	6.98	7.00	12891397	90806840.00
20160908	6.97	7.06	6.97	7.03	8077300	56715316.00
20160909	7.02	7.03	6.96	6.97	7733089	54063636.00
20160912	6.83	6.87	6.70	6.72	9910121	67198136.00
20160913	6.76	6.82	6.72	6.81	8872875	60148024.00
20160914	6.75	6.96	6.74	6.86	8336968	57383556.00
20160919	6.92	6.97	6.88	6.91	7094120	49063660.00
20160920	6.91	7.04	6.86	6.98	8622292	60033096.00
20160921	6.96	7.02	6.93	6.99	6025327	42083036.00
20160922	7.03	7.17	7.01	7.10	16501506	117408632.00
20160923	7.10	7.10	6.92	6.95	12673864	88651504.00
20160926	6.88	7.05	6.88	6.90	12459016	86832760.00
20160929	7.13	7.49	7.09	7.31	35099748	255419808.00
20160930	7.19	7.33	7.15	7.25	17898635	129832376.00
20161010	7.12	7.16	6.95	7.12	18609390	131428192.00
20161011	7.09	7.45	7.05	7.37	26430555	192792000.00
20161012	7.33	7.52	7.28	7.45	29314418	217386592.00
20161013	7.44	7.48	7.32	7.38	14998274	110812712.00
20161014	7.37	7.72	7.35	7.43	25793890	194291392.00
20161017	7.47	7.62	7.25	7.29	20271945	150567456.00
20161018	7.32	7.44	7.32	7.43	15552365	114885824.00
20161019	7.42	7.58	7.39	7.46	20224128	151256512.00
20161020	7.45	7.50	7.30	7.39	16756838	123710816.00
20161021	7.35	7.38	7.18	7.31	12690208	92352368.00
20161024	7.38	7.45	7.30	7.39	13409405	98899464.00
20161025	7.38	7.38	7.23	7.25	20570889	149619152.00
20161026	7.23	7.30	7.19	7.21	10635538	76984560.00
20161027	7.22	7.29	7.19	7.22	9608395	69611120.00
20161028	7.22	7.28	7.17	7.20	7849195	56743848.00
20161031	7.20	7.20	7.12	7.14	7634548	54657592.00
20161101	7.14	7.25	7.13	7.25	7748200	55904976.00
20161102	7.23	7.29	7.18	7.21	8946200	64735996.00
20161103	7.18	7.35	7.15	7.35	13882412	101300584.00
20161104	7.34	7.44	7.31	7.37	14463000	106643032.00
20161107	7.36	7.40	7.28	7.32	9087077	66722464.00
20161108	7.35	7.46	7.27	7.44	15096783	110989312.00
20161109	7.44	7.85	7.39	7.71	52773712	405311648.00
20161110	8.00	8.05	7.58	7.79	45000699	350163552.00
20161111	7.68	7.90	7.62	7.67	24749480	190669184.00
20161114	7.64	7.67	7.48	7.57	23091691	174824544.00
20161115	7.58	7.74	7.52	7.67	20075160	153443568.00
20161116	7.63	7.66	7.54	7.57	12320500	93621864.00
20161117	7.57	7.61	7.53	7.56	10197600	77288416.00
20161118	7.57	7.57	7.45	7.49	12771100	95754464.00
20161121	7.50	7.55	7.46	7.49	7208700	54118096.00
20161122	7.47	7.65	7.47	7.63	14293299	108048456.00
20161123	7.61	7.66	7.47	7.51	12859580	97430144.00
20161124	7.46	7.51	7.35	7.38	9801500	72893648.00
20161125	7.39	7.43	7.23	7.42	11003100	80690864.00
20161128	7.42	7.47	7.38	7.43	6408300	47496536.00
20161129	7.42	7.42	7.22	7.24	11818600	86359208.00
20161130	7.22	7.26	7.19	7.24	5759800	41680624.00
20161201	7.23	7.34	7.21	7.32	7147754	52043808.00
20161202	7.30	7.31	7.14	7.17	9057656	65228008.00
20161205	7.17	7.21	7.10	7.13	3934300	28177132.00
20161206	7.13	7.21	7.12	7.16	3183800	22839984.00
20161207	7.18	7.22	7.12	7.19	5685000	40841680.00
20161208	7.22	7.23	7.12	7.13	6039900	43323076.00
20161209	7.15	7.17	7.08	7.11	6577500	46830688.00
20161212	7.14	7.14	6.70	6.74	11772600	80880944.00
20161213	6.70	6.78	6.66	6.77	7663464	51389140.00
20161214	6.76	6.81	6.62	6.72	6969303	46878824.00
20161215	6.69	6.85	6.65	6.76	7376683	49740184.00
20161216	6.72	6.82	6.72	6.80	5905639	40029960.00
20161219	6.79	6.88	6.77	6.82	4830228	32977092.00
20161220	6.82	6.88	6.77	6.87	5338857	36510648.00
20161221	6.85	6.95	6.85	6.92	5667285	39119760.00
20161222	6.93	6.93	6.83	6.86	3747907	25724044.00
20161223	6.84	6.87	6.75	6.76	4826278	32903256.00
20161226	6.70	6.97	6.62	6.95	8202348	56082116.00
20161227	6.92	6.98	6.92	6.95	4087468	28419620.00
20161228	6.95	6.96	6.88	6.95	3738607	25877352.00
20161229	6.93	6.99	6.89	6.96	3400200	23601052.00
20161230	6.95	7.04	6.91	7.04	4069600	28359942.00
20170103	7.01	7.06	6.99	7.04	5136632	36060860.00
20170104	7.01	7.03	6.94	7.02	5320285	37188320.00
20170105	7.03	7.03	6.95	6.97	4401938	30758010.00
20170106	6.93	6.97	6.89	6.91	5504564	38063548.00
20170109	6.90	6.91	6.83	6.89	4160301	28595708.00
20170110	6.90	6.94	6.80	6.82	4260874	29312992.00
20170111	6.82	6.86	6.81	6.83	3532369	24147722.00
20170112	6.84	6.84	6.71	6.74	3649534	24682984.00
20170113	6.71	6.74	6.64	6.68	3765600	25189706.00
20170116	6.65	6.70	6.03	6.33	8612350	55082176.00
20170117	6.31	6.39	6.25	6.37	4508166	28498506.00
20170118	6.37	6.43	6.33	6.34	3264225	20816200.00
20170119	6.32	6.34	6.20	6.22	3572446	22422972.00
20170120	6.22	6.42	6.21	6.35	5310229	33731908.00
20170123	6.35	6.45	6.34	6.42	4095362	26286492.00
20170124	6.44	6.46	6.38	6.41	2764291	17742662.00
20170125	6.42	6.43	6.37	6.39	3089138	19765268.00
20170126	6.41	6.45	6.37	6.38	4582713	29340146.00
20170203	6.42	6.53	6.37	6.51	6129823	39584704.00
20170206	6.50	6.55	6.44	6.54	6169425	40105272.00
20170207	6.53	6.55	6.46	6.47	6283534	40839956.00
20170208	6.47	6.49	6.39	6.47	5257367	33894080.00
20170209	6.47	6.55	6.46	6.50	6018270	39173820.00
20170210	6.50	6.62	6.48	6.57	7042836	46105228.00
20170213	6.58	6.59	6.53	6.58	5081947	33330496.00
20170214	6.56	6.58	6.49	6.53	4262432	27844228.00
20170215	6.53	6.55	6.42	6.42	8266892	53718412.00
20170216	6.42	6.50	6.41	6.50	5412453	35006912.00
20170217	6.50	6.53	6.44	6.45	5239807	34005780.00
20170220	6.45	6.57	6.45	6.53	8520000	55462856.00
20170221	6.76	6.79	6.57	6.60	15706198	104535440.00
20170222	6.58	6.63	6.53	6.58	11748490	77163264.00
20170223	6.58	6.78	6.49	6.70	19783686	130979168.00
20170224	6.69	6.70	6.58	6.63	12122100	80337536.00
20170227	6.60	6.62	6.51	6.51	8750200	57407168.00
20170228	6.51	6.53	6.48	6.51	6660644	43336204.00
20170301	6.53	6.58	6.50	6.52	10503918	68607320.00
20170302	6.52	6.54	6.42	6.43	8306732	53829772.00
20170303	6.42	6.47	6.36	6.45	5596022	35902968.00
20170306	6.44	6.50	6.41	6.49	6159049	39799976.00
20170307	6.48	6.73	6.47	6.70	24556600	163283408.00
20170308	6.67	6.72	6.59	6.65	11673795	77598736.00
20170309	6.65	6.68	6.54	6.58	7750965	50975488.00
20170310	6.56	6.67	6.54	6.58	7841474	51883524.00
20170313	6.60	6.66	6.53	6.64	8879254	58632128.00
20170314	6.65	6.73	6.58	6.65	10297486	68493528.00
20170315	6.64	6.64	6.58	6.61	6757846	44652988.00
20170316	6.60	6.71	6.60	6.69	8479803	56590432.00
20170317	6.68	6.77	6.64	6.67	8961859	60147012.00
20170320	6.67	6.77	6.62	6.75	8920100	59765876.00
20170321	6.72	6.74	6.63	6.73	9383000	62584832.00
20170322	6.68	6.89	6.64	6.78	17369935	117995040.00
20170323	6.76	6.82	6.70	6.77	11354080	76876080.00
20170324	6.75	6.77	6.60	6.74	8653900	58005056.00
20170327	6.74	6.74	6.64	6.66	5778834	38560292.00
20170328	6.67	6.67	6.54	6.55	6083596	40225176.00
20170329	6.58	6.62	6.54	6.56	4985938	32797462.00
20170330	6.57	6.58	6.33	6.35	8440362	54026556.00
20170331	6.35	6.39	6.28	6.36	4945602	31337312.00
20170405	6.39	6.47	6.34	6.45	8487273	54399600.00
20170406	6.45	6.48	6.41	6.45	5536725	35648424.00
20170407	6.46	6.47	6.42	6.45	3813922	24587688.00
20170410	6.47	6.48	6.40	6.41	4643729	29847200.00
20170411	6.40	6.59	6.38	6.58	9501500	61603204.00
20170412	6.56	6.71	6.53	6.63	10598000	70627584.00
20170413	6.65	6.65	6.53	6.61	6490431	42783488.00
20170414	6.59	6.69	6.50	6.50	5812062	38266776.00
20170417	6.51	6.54	6.32	6.37	4624506	29555212.00
20170418	6.37	6.42	6.27	6.28	4127139	26123624.00
20170419	6.25	6.25	5.95	6.09	7729731	46883784.00
20170420	6.05	6.10	6.00	6.08	4615933	27883372.00
20170421	6.07	6.07	5.76	5.80	11416566	67338616.00
20170424	5.72	5.79	5.50	5.58	7411600	41388292.00
20170425	5.58	5.65	5.45	5.50	6904900	38580244.00
20170426	5.49	5.56	5.35	5.49	9093800	49634412.00
20170427	5.43	5.52	5.12	5.51	11199600	59485268.00
20170428	5.44	5.64	5.39	5.59	5623954	31128686.00
20170502	5.57	5.68	5.55	5.57	4278433	23965224.00
20170503	5.57	5.61	5.43	5.53	5872971	32388600.00
20170504	5.49	5.55	5.44	5.51	3903200	21484792.00
20170505	5.49	5.57	5.48	5.50	4087200	22556436.00
20170508	5.47	5.53	5.00	5.43	5662500	30435272.00
20170509	5.39	5.41	5.23	5.39	4260600	22665932.00
20170510	5.39	5.43	5.22	5.25	3380700	18044410.00
20170511	5.21	5.25	5.03	5.24	5215100	26849274.00
20170512	5.23	5.25	5.10	5.24	4697584	24340124.00
20170515	5.25	5.29	5.21	5.24	2211759	11585335.00
20170516	5.24	5.34	5.07	5.31	3546846	18622564.00
20170517	5.29	5.43	5.28	5.38	4128010	22213382.00
20170518	5.35	5.37	5.27	5.29	3445600	18287096.00
20170519	5.30	5.35	5.23	5.27	1623387	8572752.00
20170522	5.28	5.29	5.11	5.20	3849006	19921994.00
20170523	5.19	5.20	4.90	4.92	4802800	24369268.00
20170524	4.86	4.97	4.78	4.93	4088900	19951884.00
20170525	4.93	5.04	4.84	5.00	3745900	18522888.00
20170526	5.00	5.03	4.96	4.98	2608200	13029056.00
20170531	5.02	5.12	4.98	4.99	3218590	16220322.00
20170601	4.95	4.98	4.80	4.86	4733337	23038884.00
20170602	4.80	4.98	4.74	4.97	4183986	20373188.00
20170605	4.97	5.06	4.93	5.01	3816426	19146552.00
20170606	5.04	5.09	4.98	5.05	2505200	12648622.00
20170607	5.05	5.14	5.04	5.13	3417482	17477320.00
20170608	5.11	5.19	5.08	5.12	2732164	14038450.00
20170609	5.11	5.13	5.01	5.09	3147137	15912786.00
20170612	5.06	5.06	4.87	4.90	4403600	21817256.00
20170613	4.94	4.99	4.90	4.98	3069009	15193458.00
20170614	4.98	5.02	4.95	4.99	3413313	17038470.00
20170615	5.00	5.13	4.95	5.11	4673052	23761532.00
20170616	5.11	5.20	5.08	5.18	4301718	22151624.00
20170619	5.17	5.25	5.14	5.19	3745399	19462256.00
20170620	5.20	5.26	5.18	5.19	2677195	13972572.00
20170621	5.19	5.23	5.14	5.17	3443094	17841836.00
20170622	5.17	5.17	5.05	5.05	4107210	20953498.00
20170623	5.02	5.08	4.93	5.03	4197776	20998800.00
20170626	5.03	5.13	4.96	5.10	4099772	20780748.00
20170627	5.12	5.13	5.05	5.10	3078305	15662388.00
20170628	5.08	5.09	5.01	5.03	3216123	16219903.00
20170629	5.03	5.08	5.01	5.06	2649435	13361919.00
20170630	5.04	5.06	4.99	5.05	2723654	13667753.00
20170703	5.05	5.07	5.01	5.06	2899999	14615856.00
20170704	5.06	5.08	5.00	5.07	3582633	18055374.00
20170705	5.07	5.09	5.02	5.09	3643703	18427452.00
20170706	5.07	5.14	5.06	5.11	4602279	23461888.00
20170707	5.10	5.12	5.07	5.10	3223180	16415423.00
20170710	5.10	5.17	5.07	5.08	5708782	29294660.00
20170711	5.06	5.09	4.99	5.01	3792081	19165202.00
数据来源:通达信
