600067 冠城大通 日线 前复权
      日期	    开盘	    最高	    最低	    收盘	    成交量	    成交额
20111010	3.61	3.63	3.47	3.51	4117546	27745080.00
20111011	3.59	3.61	3.23	3.31	14152055	92961944.00
20111012	3.29	3.52	3.25	3.48	9483396	62266792.00
20111013	3.51	3.62	3.50	3.54	9231519	62731568.00
20111014	3.55	3.58	3.51	3.57	5277350	35760380.00
20111017	3.57	3.61	3.54	3.54	4774275	32540952.00
20111018	3.51	3.51	3.36	3.38	6348437	41842884.00
20111019	3.40	3.43	3.33	3.34	3628176	23548244.00
20111020	3.33	3.34	3.15	3.21	4925992	30921412.00
20111021	3.21	3.28	3.19	3.20	3840504	24085668.00
20111024	3.21	3.34	3.18	3.33	5092043	32272496.00
20111025	3.33	3.48	3.27	3.45	7051695	45972216.00
20111026	3.40	3.64	3.40	3.63	13762050	93659056.00
20111027	3.73	3.84	3.67	3.74	24337226	173628656.00
20111028	3.84	4.14	3.81	3.91	24200801	180207344.00
20111031	3.88	4.03	3.83	3.96	12920109	95573424.00
20111101	3.91	4.01	3.87	3.91	7090372	52564812.00
20111102	3.84	4.09	3.77	4.07	12024325	89021864.00
20111103	4.06	4.14	3.98	4.01	10281901	78252992.00
20111104	4.03	4.08	3.96	4.08	9704722	73344488.00
20111107	4.06	4.07	3.96	3.96	4051524	30478118.00
20111108	3.96	3.98	3.85	3.86	6207252	45393548.00
20111109	3.89	3.94	3.77	3.93	4880834	35568036.00
20111110	3.89	3.93	3.78	3.80	5379090	38917556.00
20111111	3.81	3.83	3.73	3.80	5137049	36733976.00
20111114	3.84	3.91	3.81	3.91	4147305	30342416.00
20111115	3.89	3.91	3.81	3.88	4169479	30312620.00
20111116	3.87	3.87	3.72	3.74	5741264	41046516.00
20111117	3.74	3.77	3.71	3.72	2639814	18698394.00
20111118	3.66	3.70	3.49	3.54	6692482	45626408.00
20111121	3.48	3.61	3.48	3.61	2818916	19080340.00
20111122	3.55	3.62	3.53	3.60	2180524	14896147.00
20111123	3.61	3.62	3.50	3.53	1651008	11224875.00
20111124	3.52	3.68	3.46	3.63	4247810	29108912.00
20111125	3.61	3.63	3.54	3.55	3648309	24962988.00
20111128	3.55	3.58	3.36	3.39	8822776	58071104.00
20111129	3.42	3.46	3.38	3.45	4423015	29093960.00
20111130	3.43	3.44	3.23	3.28	5789997	37245368.00
20111201	3.41	3.54	3.38	3.41	15759409	104403568.00
20111202	3.43	3.47	3.34	3.44	7007055	45918448.00
20111205	3.45	3.49	3.34	3.39	5669354	37303536.00
20111206	3.37	3.46	3.36	3.44	5945524	39201400.00
20111207	3.44	3.49	3.38	3.43	6725952	44428360.00
20111208	3.43	3.49	3.34	3.45	5784266	38155092.00
20111209	3.41	3.53	3.41	3.48	6442013	43076384.00
20111212	3.43	3.46	3.29	3.32	4484165	29009144.00
20111213	3.29	3.29	3.17	3.18	4798292	29996652.00
20111214	3.17	3.24	3.13	3.17	2202961	13667420.00
20111215	3.16	3.26	3.13	3.21	5823591	36315668.00
20111216	3.18	3.33	3.18	3.33	4043579	25573540.00
20111219	3.31	3.41	3.21	3.39	4755570	30306496.00
20111220	3.36	3.46	3.35	3.38	3942111	25843400.00
20111221	3.40	3.42	3.21	3.23	2944940	18911556.00
20111222	3.19	3.29	3.09	3.21	3425931	21214848.00
20111223	3.23	3.33	3.19	3.24	3479104	22035942.00
20111226	3.23	3.30	3.19	3.23	2621241	16495166.00
20111227	3.22	3.24	3.09	3.13	3369486	20795864.00
20111228	3.11	3.14	3.03	3.13	3539504	21356740.00
20111229	3.10	3.13	3.05	3.07	5524999	33315116.00
20111230	3.09	3.16	3.07	3.11	6727026	40935560.00
20120104	3.17	3.18	3.04	3.04	4852647	29572044.00
20120105	3.03	3.08	2.98	3.01	3664174	21853948.00
20120106	3.01	3.02	2.88	3.00	4232256	24703604.00
20120109	3.00	3.15	2.96	3.14	6565293	39575476.00
20120110	3.14	3.32	3.11	3.31	15153758	94974888.00
20120111	3.29	3.36	3.22	3.24	8281958	52455248.00
20120112	3.23	3.38	3.20	3.29	8831492	56624856.00
20120113	3.28	3.33	3.17	3.27	8377197	53028352.00
20120116	3.24	3.34	3.21	3.28	6293016	40338192.00
20120117	3.27	3.44	3.23	3.44	7920759	51336992.00
20120118	3.44	3.47	3.32	3.33	5638579	36896368.00
20120119	3.33	3.43	3.31	3.39	3516531	22964100.00
20120120	3.38	3.51	3.38	3.50	9457183	63060160.00
20120130	3.59	3.62	3.44	3.45	9489460	64215144.00
20120131	3.62	3.68	3.49	3.56	22039657	150424288.00
20120201	3.56	3.63	3.49	3.51	11546139	78760776.00
20120202	3.53	3.63	3.49	3.63	10638961	72342904.00
20120203	3.62	3.67	3.57	3.65	10704146	73936744.00
20120206	3.64	3.66	3.57	3.61	9834899	67728384.00
20120207	3.59	3.60	3.44	3.49	10306766	69452560.00
20120208	3.49	3.64	3.48	3.64	12155025	82860320.00
20120209	3.63	3.78	3.60	3.73	17482117	123260544.00
20120210	3.73	3.94	3.71	3.81	22622890	164479536.00
20120213	3.71	3.79	3.65	3.77	13819214	97817040.00
20120214	3.76	3.97	3.74	3.95	17633727	128593624.00
20120215	3.96	4.06	3.93	3.96	19975546	149933616.00
20120216	3.96	4.01	3.87	3.96	10301924	76300440.00
20120217	3.98	4.04	3.91	4.03	10211896	76439552.00
20120220	4.12	4.13	4.03	4.06	18636302	142292624.00
20120221	4.06	4.15	4.03	4.15	11735343	89932376.00
20120222	4.18	4.28	4.15	4.27	18929173	149205824.00
20120223	4.24	4.31	4.21	4.24	11066787	87628056.00
20120224	4.24	4.50	4.23	4.45	28872171	234899632.00
20120227	4.56	4.71	4.44	4.46	29925641	252651248.00
20120228	4.46	4.84	4.46	4.83	27738388	236205216.00
20120229	4.71	4.86	4.64	4.68	23492564	203912240.00
20120301	4.66	5.08	4.65	4.97	31501945	282333440.00
20120302	4.94	5.19	4.89	5.17	34669359	318827456.00
20120305	5.19	5.47	5.13	5.44	35283145	338072352.00
20120306	5.41	5.54	5.29	5.44	29616054	290040608.00
20120307	5.33	5.41	5.06	5.15	32985310	313189760.00
20120308	5.17	5.26	5.11	5.23	28985899	272617600.00
20120309	5.21	5.53	5.16	5.48	32030022	310691200.00
20120312	5.48	5.57	4.94	5.13	49059863	464021216.00
20120313	5.14	5.28	5.05	5.25	30793815	287655104.00
20120314	5.24	5.52	4.99	5.21	55630973	536642080.00
20120315	5.12	5.12	4.63	4.67	54832573	481966816.00
20120316	4.68	4.83	4.53	4.79	33999417	293934848.00
20120319	4.74	4.78	4.63	4.75	19801130	171093968.00
20120320	4.71	4.86	4.68	4.69	26096756	228031568.00
20120321	4.76	4.81	4.56	4.64	21169052	181649472.00
20120322	4.64	4.77	4.61	4.73	19183004	165915280.00
20120323	4.70	4.75	4.61	4.70	20310930	175097520.00
20120326	4.68	4.75	4.59	4.66	14359974	123678768.00
20120327	4.68	4.71	4.59	4.61	10306293	88111880.00
20120328	4.57	4.67	4.40	4.43	14567691	121887568.00
20120329	4.40	4.60	4.34	4.47	15368555	127121456.00
20120330	4.46	4.54	4.41	4.54	11468033	95031056.00
20120406	4.70	4.84	4.66	4.76	19218959	167552992.00
20120409	4.71	4.78	4.64	4.66	11977936	103614096.00
20120410	4.62	4.80	4.53	4.78	12110126	103698864.00
20120411	4.71	5.03	4.66	4.88	27901682	249330240.00
20120412	4.87	4.95	4.78	4.92	18579247	165349344.00
20120413	5.06	5.13	4.95	4.97	25582242	234669712.00
20120416	4.92	5.07	4.88	5.03	14404884	131438112.00
20120417	5.02	5.06	4.81	4.86	14886555	133800384.00
20120418	4.90	5.11	4.86	5.08	18008944	164263712.00
20120419	5.08	5.12	4.89	4.90	21506909	195020144.00
20120420	4.93	4.98	4.85	4.97	18149222	100571256.00
20120423	5.02	5.15	4.93	4.99	34802732	195882064.00
20120424	4.97	5.13	4.84	5.02	36534537	204375648.00
20120425	4.98	5.29	4.91	5.25	58221939	336191648.00
20120426	5.28	5.34	5.12	5.18	31076275	180640288.00
20120427	5.20	5.23	5.12	5.16	19613779	113388144.00
20120502	5.22	5.31	5.15	5.23	29566980	172506960.00
20120503	5.21	5.22	5.08	5.11	28579381	164118736.00
20120504	5.12	5.13	4.94	5.09	30444331	171995104.00
20120507	5.04	5.09	4.97	5.04	19655624	110639840.00
20120508	5.03	5.09	4.99	5.06	17861478	100970688.00
20120509	5.00	5.18	4.97	5.16	35922917	204694096.00
20120510	5.11	5.17	5.04	5.07	23460013	134011856.00
20120511	5.06	5.08	4.97	4.97	14093890	79219376.00
20120514	5.06	5.08	4.94	4.96	16030616	90145808.00
20120515	4.89	4.99	4.87	4.98	18419592	101700016.00
20120516	4.95	4.97	4.86	4.87	9771815	54010712.00
20120517	4.89	4.94	4.84	4.92	13540282	74465824.00
20120518	4.87	4.90	4.71	4.73	15659976	84904408.00
20120521	4.74	4.77	4.55	4.59	14173519	74386080.00
20120522	4.59	5.06	4.59	4.99	39066056	213369552.00
20120523	4.93	5.11	4.91	4.98	31540040	177313056.00
20120524	4.99	5.13	4.93	4.95	19413295	109582448.00
20120525	5.00	5.03	4.77	4.81	15532811	85635704.00
20120529	5.00	5.08	4.94	5.01	27874142	156787808.00
20120530	5.03	5.57	5.01	5.30	61813471	368703104.00
20120531	5.20	5.47	5.17	5.26	29449869	173520432.00
20120601	5.26	5.31	5.22	5.29	22553917	132624520.00
20120604	5.18	5.24	5.05	5.09	20473078	117777240.00
20120605	5.11	5.22	5.04	5.18	22181404	127390800.00
20120606	5.16	5.18	4.97	5.03	16486069	93455104.00
20120607	5.10	5.24	4.94	5.03	18550857	105855632.00
20120608	5.14	5.18	5.01	5.03	18776054	107023856.00
20120611	5.02	5.34	4.97	5.28	40466346	235749504.00
20120612	5.22	5.83	5.19	5.61	84112628	517902112.00
20120613	5.56	5.74	5.53	5.73	48319595	302529184.00
20120614	5.69	5.86	5.60	5.65	29204278	184634160.00
20120615	5.68	5.72	5.31	5.40	38394534	233867392.00
20120618	5.47	5.67	5.41	5.60	25330129	155958320.00
20120619	5.60	5.60	5.44	5.46	15875406	96827840.00
20120620	5.47	5.53	5.36	5.40	13910676	84006440.00
20120621	5.40	5.51	5.31	5.40	17503053	105523696.00
20120625	5.35	5.41	5.06	5.08	27473208	160508832.00
20120626	5.03	5.23	4.97	5.15	17317855	98687240.00
20120627	5.11	5.16	4.97	4.99	21033775	119481392.00
20120629	4.84	5.02	4.77	4.96	22007558	121430296.00
20120702	5.03	5.15	4.95	5.03	16839686	95614912.00
20120703	5.05	5.48	5.00	5.31	33708506	198770912.00
20120704	5.32	5.36	5.21	5.28	15085600	88689176.00
20120705	5.30	5.44	5.24	5.28	23660431	140220640.00
20120706	5.41	5.54	5.33	5.50	36629174	221516848.00
20120709	5.39	5.46	5.17	5.20	26829828	159786528.00
20120710	5.19	5.24	4.95	5.09	23163227	131391240.00
20120711	5.04	5.12	4.97	4.99	18886555	106292600.00
20120712	5.00	5.35	4.98	5.29	24709033	142725088.00
20120713	5.24	5.29	5.15	5.18	13174800	76598160.00
20120716	5.19	5.25	4.99	5.01	14401122	81818000.00
20120717	5.00	5.13	5.00	5.09	11466331	65015136.00
20120718	5.09	5.09	4.64	4.83	40985778	221486448.00
20120719	4.77	4.89	4.71	4.82	17955239	97636696.00
20120720	4.79	4.84	4.73	4.74	10724027	57600196.00
20120723	4.72	4.72	4.60	4.68	8572590	45043036.00
20120724	4.64	4.78	4.63	4.73	7505492	40031152.00
20120725	4.68	4.68	4.58	4.64	11101261	58009436.00
20120726	4.61	4.65	4.53	4.55	11724407	60864608.00
20120727	4.57	4.59	4.42	4.47	11223307	57181760.00
20120730	4.48	4.53	4.41	4.45	5555277	28191652.00
20120731	4.45	4.58	4.37	4.56	11752532	60181076.00
20120801	4.53	4.70	4.51	4.62	13683221	71705480.00
20120802	4.59	4.63	4.29	4.37	17826133	89716720.00
20120803	4.44	4.44	4.32	4.41	15852317	78976912.00
20120806	4.38	4.53	4.34	4.52	16880027	84847656.00
20120807	4.51	4.59	4.49	4.55	11936989	61419196.00
20120808	4.53	4.58	4.50	4.56	12179415	62696864.00
20120809	4.56	4.66	4.55	4.65	16717182	87182032.00
20120810	4.63	4.64	4.54	4.56	12515250	64908488.00
20120813	4.56	4.56	4.29	4.29	21742906	108556656.00
20120814	4.30	4.41	4.19	4.39	13472395	65986592.00
20120815	4.37	4.40	4.30	4.38	8367237	41573320.00
20120816	4.37	4.40	4.33	4.39	5241690	26132578.00
20120817	4.39	4.42	4.32	4.39	7029436	34934744.00
20120820	4.35	4.37	4.29	4.36	4885971	24081002.00
20120821	4.35	4.44	4.33	4.38	8550536	42773080.00
20120822	4.39	4.41	4.24	4.26	10141303	49704116.00
20120823	4.27	4.32	4.21	4.28	5051737	24609026.00
20120824	4.25	4.26	4.19	4.21	7035066	33955824.00
20120827	4.20	4.20	4.07	4.08	9425312	44523728.00
20120828	4.06	4.09	3.96	4.03	9112388	42151832.00
20120829	4.00	4.04	3.93	3.94	7590081	34793140.00
20120830	3.92	3.97	3.75	3.82	9342364	41718360.00
20120831	3.79	3.88	3.77	3.84	6040237	26842448.00
20120903	3.85	4.08	3.82	4.03	12857249	59350980.00
20120904	4.03	4.03	3.86	3.90	7125741	32473836.00
20120905	3.90	4.02	3.86	3.97	7514284	34268144.00
20120906	3.98	4.03	3.95	3.99	3580202	16443673.00
20120907	4.02	4.25	4.02	4.18	15304080	72812000.00
20120910	4.17	4.33	4.13	4.25	14607987	71118752.00
20120911	4.21	4.23	4.15	4.22	8128767	39099536.00
20120912	4.24	4.31	4.18	4.28	9360899	45501528.00
20120913	4.30	4.33	4.17	4.18	8952205	43639412.00
20120914	4.21	4.27	4.09	4.23	11381737	54681648.00
20120917	4.20	4.22	4.07	4.08	8875344	41965560.00
20120918	4.07	4.09	3.99	4.04	6065027	28209296.00
20120919	4.03	4.07	4.02	4.07	2934221	13671517.00
20120920	4.07	4.07	3.94	4.00	7303717	33617876.00
20120921	4.00	4.02	3.94	4.00	4134822	18980764.00
20120924	3.92	4.03	3.90	4.02	3949158	18059960.00
20120925	3.99	4.04	3.95	4.01	3118570	14341377.00
20120926	3.97	4.21	3.96	4.19	16198051	76349328.00
20120927	4.14	4.30	4.12	4.24	14589648	70336704.00
20120928	4.17	4.28	4.17	4.26	9871414	47878392.00
20121008	4.24	4.32	4.21	4.28	8895769	43493964.00
20121009	4.27	4.36	4.25	4.33	9954304	49087556.00
20121010	4.31	4.36	4.28	4.33	7197427	35497384.00
20121011	4.34	4.34	4.19	4.21	6052019	29433324.00
20121012	4.23	4.30	4.12	4.25	10328461	50033920.00
20121015	4.23	4.25	4.18	4.23	3864296	18622952.00
20121016	4.24	4.33	4.22	4.32	8842492	43331664.00
20121017	4.33	4.34	4.23	4.28	5244285	25631464.00
20121018	4.27	4.52	4.27	4.50	22814613	115141088.00
20121019	4.50	4.56	4.46	4.52	14898384	76427184.00
20121022	4.46	4.68	4.38	4.61	20736648	106482032.00
20121023	4.58	4.75	4.46	4.50	20170461	105723744.00
20121024	4.45	4.55	4.43	4.48	7881804	40186868.00
20121025	4.48	4.49	4.36	4.37	9482442	47762060.00
20121026	4.32	4.35	4.10	4.20	14141307	68310624.00
20121029	4.18	4.20	4.13	4.19	5104917	24376652.00
20121030	4.19	4.34	4.18	4.24	9879888	48211080.00
20121031	4.25	4.29	4.14	4.24	6750471	32537178.00
20121101	4.24	4.64	4.24	4.55	44786749	228203856.00
20121102	4.53	4.81	4.50	4.77	56399927	298103552.00
20121105	4.76	4.82	4.61	4.71	27809756	147733136.00
20121106	4.67	4.67	4.45	4.61	30778076	158712064.00
20121107	4.56	4.58	4.47	4.51	13457160	69067072.00
20121108	4.44	4.64	4.41	4.42	21904548	112395792.00
20121109	4.39	4.48	4.37	4.43	11074482	55668908.00
20121112	4.45	4.53	4.40	4.52	12431590	63204768.00
20121113	4.50	4.50	4.27	4.29	20337613	100789800.00
20121114	4.28	4.31	4.18	4.24	8982237	43462968.00
20121115	4.19	4.32	4.14	4.20	8795745	42802256.00
20121116	4.17	4.25	4.11	4.17	9990151	47901336.00
20121119	4.14	4.23	4.12	4.22	5395646	25765252.00
20121120	4.24	4.30	4.21	4.23	7669218	37331676.00
20121121	4.23	4.36	4.19	4.36	10506187	51444448.00
20121122	4.29	4.41	4.27	4.34	7728336	38247864.00
20121123	4.36	4.40	4.32	4.35	6706366	33378120.00
20121126	4.36	4.36	4.25	4.27	4708118	23072000.00
20121127	4.24	4.24	4.07	4.07	7971823	37707968.00
20121128	4.01	4.10	3.91	3.97	6927930	31923140.00
20121129	4.04	4.10	3.95	3.97	5839224	27147020.00
20121130	4.06	4.43	4.04	4.28	22475571	110033344.00
20121203	4.24	4.41	4.22	4.24	16611969	82016272.00
20121204	4.21	4.30	4.10	4.28	12107819	58094620.00
20121205	4.25	4.56	4.23	4.44	27806257	140513824.00
20121206	4.42	4.60	4.41	4.55	24969687	128123184.00
20121207	4.52	4.78	4.48	4.68	37517208	196718928.00
20121210	4.70	4.74	4.62	4.71	25082720	132853600.00
20121211	4.67	4.72	4.63	4.66	16723744	88395728.00
20121212	4.65	4.97	4.63	4.94	29576544	158684816.00
20121213	4.86	4.96	4.76	4.79	21086210	115304024.00
20121214	4.78	5.16	4.76	5.13	38694724	216385872.00
20121217	5.09	5.33	5.07	5.22	36321035	211152256.00
20121218	5.17	5.31	4.99	5.05	28075829	162283104.00
20121219	5.04	5.17	4.92	5.13	20585089	116380576.00
20121220	5.09	5.16	4.97	5.13	14376049	81858240.00
20121221	5.12	5.28	5.01	5.17	17597773	100992152.00
20121224	5.11	5.26	5.09	5.23	15026462	87338112.00
20121225	5.19	5.66	5.15	5.57	40812028	247627024.00
20121226	5.54	5.69	5.53	5.61	29864864	185703200.00
20121227	5.62	5.69	5.37	5.51	23842229	146170336.00
20121228	5.44	5.69	5.44	5.66	28186395	175252384.00
20121231	5.67	6.09	5.67	5.95	41538904	271013184.00
20130104	6.08	6.28	5.91	6.18	62120338	417227168.00
20130107	6.14	6.14	5.92	6.06	45209414	299237408.00
20130108	6.03	6.12	5.87	6.08	23939464	158254000.00
20130109	6.04	6.15	5.94	6.09	19448323	129623088.00
20130110	6.09	6.66	6.04	6.47	45919508	323129440.00
20130111	6.45	6.74	6.25	6.28	41967095	297329952.00
20130114	6.24	6.71	6.24	6.65	33322862	238597952.00
20130115	6.70	6.78	6.38	6.56	33776518	241389968.00
20130116	6.53	6.56	6.19	6.35	31837639	220875904.00
20130117	6.26	6.40	6.16	6.34	21610728	149253056.00
20130118	6.41	6.64	6.36	6.55	42321689	301797216.00
20130121	6.64	6.68	6.39	6.47	30766996	218362240.00
20130122	6.40	6.41	6.12	6.17	41884395	285609312.00
20130123	6.14	6.30	6.09	6.25	21134897	144025248.00
20130124	6.22	6.33	5.79	6.01	47457063	314500352.00
20130125	5.91	6.01	5.85	5.94	19297721	125924056.00
20130128	5.92	6.21	5.92	6.20	30252571	202320608.00
20130129	6.22	6.31	6.09	6.16	25407646	173125664.00
20130130	6.18	6.31	6.07	6.24	25323141	172994752.00
20130131	6.21	6.21	5.73	5.80	54094576	353064512.00
20130201	5.75	5.91	5.68	5.89	36057558	229951840.00
20130204	5.91	5.96	5.69	5.81	27901525	179743584.00
20130205	5.76	6.11	5.74	6.06	34962238	229791296.00
20130206	6.02	6.17	5.92	6.13	27145096	180393280.00
20130207	6.09	6.23	6.04	6.22	26218657	176986416.00
20130208	6.20	6.29	6.17	6.28	20817757	142678496.00
20130218	6.28	6.30	6.13	6.17	15301038	104276632.00
20130219	6.13	6.13	5.78	5.92	31321737	204436304.00
20130220	5.85	5.92	5.79	5.91	17285826	111965720.00
20130221	5.82	5.97	5.74	5.84	17962889	115817832.00
20130222	5.82	5.99	5.79	5.93	17255944	112433080.00
20130225	5.90	5.94	5.71	5.78	16251131	104217936.00
20130226	5.73	5.76	5.57	5.65	23181999	145676992.00
20130227	5.65	5.86	5.61	5.85	21469012	136862752.00
20130228	5.85	6.02	5.84	5.98	24087374	158113184.00
20130301	5.98	6.04	5.83	5.93	17927626	116698248.00
20130304	5.54	5.54	5.28	5.28	34483450	205022816.00
20130305	5.15	5.26	4.94	5.25	40404264	230902432.00
20130306	5.23	5.33	5.17	5.24	17534383	102721288.00
20130307	5.22	5.34	5.09	5.27	17605990	102886824.00
20130308	5.24	5.35	5.23	5.28	10378849	61170724.00
20130311	5.28	5.62	5.25	5.57	29913665	181853856.00
20130312	5.53	5.76	5.52	5.63	24935725	155917520.00
20130313	5.62	5.74	5.52	5.72	21521544	134500096.00
20130314	5.69	5.74	5.57	5.62	15814485	99207600.00
20130315	5.63	5.63	5.30	5.52	17585976	106962352.00
20130318	5.50	5.87	5.50	5.77	39675116	252346176.00
20130319	5.79	5.97	5.75	5.85	29639443	192120128.00
20130320	5.85	6.05	5.79	5.97	50862871	332255232.00
20130321	5.95	6.05	5.88	5.95	28892473	190507056.00
20130322	5.91	5.98	5.84	5.94	12982100	84671784.00
20130325	5.96	6.07	5.91	6.06	26100119	172068608.00
20130326	6.02	6.26	5.99	6.02	35192399	236836032.00
20130327	6.01	6.15	5.97	6.04	17177605	114307992.00
20130328	5.94	5.94	5.75	5.85	19649939	126928688.00
20130329	5.95	5.98	5.56	5.59	29336229	186976816.00
20130401	5.70	5.84	5.67	5.71	19079068	121256432.00
20130402	5.73	5.90	5.65	5.69	25327868	162084800.00
20130403	5.69	5.74	5.47	5.54	19955036	123864848.00
20130408	5.39	5.54	5.35	5.52	12815050	77628288.00
20130409	5.55	5.68	5.55	5.61	12822540	79880200.00
20130410	5.62	5.67	5.53	5.60	10998347	68149744.00
20130411	5.65	5.69	5.55	5.56	11955615	74282768.00
20130412	5.54	5.57	5.45	5.48	13031079	79684536.00
20130415	5.44	5.71	5.44	5.60	13264067	82478224.00
20130416	5.53	6.07	5.50	6.05	42341219	273964640.00
20130417	6.04	6.12	5.93	6.06	29594261	196840352.00
20130418	6.00	6.15	5.99	6.04	17953321	119907408.00
20130419	6.08	6.26	6.07	6.20	38804944	263513616.00
20130422	6.30	6.35	6.00	6.15	38337923	259582832.00
20130423	6.15	6.22	5.87	5.92	28766069	190375776.00
20130424	5.93	6.16	5.86	6.14	25545572	170306416.00
20130425	6.11	6.21	5.96	6.06	31546824	211557296.00
20130426	6.08	6.44	6.08	6.30	58091410	401503392.00
20130502	6.26	6.44	6.24	6.39	30668991	213860512.00
20130503	6.43	6.64	6.36	6.37	42831975	304801312.00
20130506	6.37	6.46	6.33	6.42	29528421	206610352.00
20130507	6.42	6.49	6.27	6.29	33700576	235384064.00
20130508	6.35	6.45	6.28	6.33	21475061	149454160.00
20130509	6.31	6.34	6.10	6.17	29851885	202674080.00
20130510	6.13	6.35	6.12	6.27	20319459	139764864.00
20130513	6.28	6.32	6.20	6.27	13270273	91116136.00
20130514	6.26	6.31	6.15	6.20	12807459	87427360.00
20130515	6.20	6.23	6.13	6.22	12028700	81729584.00
20130516	6.23	6.63	6.17	6.59	50396394	356611456.00
20130517	6.63	6.83	6.55	6.69	63332207	463936192.00
20130520	6.80	7.29	6.79	6.94	74329802	568288576.00
20130521	6.94	7.13	6.84	7.04	33440829	254255424.00
20130522	7.04	7.36	6.99	7.20	40799992	318821248.00
20130523	7.14	7.57	7.09	7.38	62198979	498556096.00
20130524	7.35	7.49	7.19	7.38	29572079	233890272.00
20130527	7.37	7.53	7.14	7.30	30162861	239182800.00
20130528	7.27	8.06	7.19	8.04	66425416	550061312.00
20130529	8.04	8.45	7.97	8.13	68289985	604875712.00
20130530	8.19	8.34	8.07	8.29	31973728	282008608.00
20130531	8.31	8.38	7.89	7.90	37065896	322508704.00
20130603	7.90	8.64	7.90	8.39	43523297	389796544.00
20130604	8.39	8.45	8.12	8.32	31707818	280683744.00
20130605	8.30	8.31	7.89	8.10	34955790	303311584.00
20130606	8.01	8.24	7.64	7.70	37151556	316176000.00
20130607	7.73	7.79	7.44	7.46	33735982	276608928.00
20130613	7.28	7.28	6.65	6.94	45789709	345391968.00
20130614	6.97	7.23	6.91	7.16	27554826	211732464.00
20130617	7.16	7.51	7.09	7.18	36926290	292164448.00
20130618	7.23	7.53	7.22	7.53	36639570	293831520.00
20130619	7.47	7.56	7.30	7.54	21577166	173765312.00
20130620	7.59	7.82	7.31	7.60	35363106	289109024.00
20130621	7.41	7.83	7.20	7.80	29787463	237025792.00
20130624	7.79	7.79	6.98	6.98	43182991	328188640.00
20130625	6.76	7.16	6.24	6.98	51493718	361718816.00
20130626	6.98	7.23	6.90	7.06	33607342	250857008.00
20130627	7.08	7.44	7.08	7.24	38842099	298729696.00
20130628	7.25	7.80	7.25	7.59	54299586	434485120.00
20130701	7.47	7.66	7.25	7.59	24958543	196807664.00
20130702	7.50	7.56	7.29	7.51	26651854	209031888.00
20130703	7.50	7.75	7.40	7.66	36921751	295282176.00
20130704	7.61	8.00	7.51	7.89	35199979	290052768.00
20130705	7.98	8.61	7.98	8.07	52387727	456840608.00
20130708	7.99	8.35	7.86	7.97	32642508	278856832.00
20130709	8.30	8.31	7.67	7.90	32620095	273167840.00
20130710	7.85	8.49	7.82	8.47	43054232	370474912.00
20130711	8.56	8.85	8.42	8.73	66199894	598546304.00
20130712	8.68	8.68	8.35	8.39	34194658	304665696.00
20130715	8.39	8.62	8.21	8.40	30337691	267212560.00
20130716	8.40	8.40	8.08	8.14	47235626	405638816.00
20130717	8.06	8.44	7.88	8.24	42797499	367348352.00
20130718	8.18	8.27	7.90	7.94	23054080	195382800.00
20130719	7.96	8.14	7.62	7.64	28675554	236585856.00
20130722	7.57	7.85	7.45	7.81	17448646	141817184.00
20130723	7.82	8.16	7.82	8.03	25240247	213309200.00
20130724	7.99	7.99	7.68	7.78	30801284	252585792.00
20130725	7.82	7.95	7.77	7.78	16419996	135466400.00
20130726	7.78	7.97	7.72	7.86	16152189	133769456.00
20130729	7.83	7.83	7.39	7.50	24384609	193878736.00
20130730	7.46	7.80	7.38	7.62	14879548	119308680.00
20130731	8.00	8.40	7.78	7.94	32257055	272933632.00
20130801	7.90	8.20	7.90	8.10	24738371	210585056.00
20130802	8.40	8.58	8.21	8.28	37769930	331127040.00
20130805	8.18	8.25	8.06	8.21	19665107	168018080.00
20130806	8.29	8.41	8.13	8.35	28294671	245147184.00
20130807	8.51	8.70	8.32	8.39	37207936	332192256.00
20130808	8.37	8.39	8.15	8.21	16443625	142127232.00
20130809	8.23	8.33	7.99	8.22	17140453	146731728.00
20130812	8.21	8.46	8.17	8.45	24212042	212193856.00
20130813	8.42	8.63	8.40	8.47	22947049	204750992.00
20130814	8.52	8.66	8.28	8.32	25839305	228689840.00
20130815	8.27	8.34	8.08	8.10	15933821	136963792.00
20130816	8.08	8.66	7.95	8.08	31039533	266332896.00
20130819	7.99	8.18	7.97	8.14	10628601	90302224.00
20130820	8.12	8.22	7.95	8.00	18290134	154551888.00
20130821	7.98	8.03	7.91	8.02	14873877	124475480.00
20130822	8.01	8.18	8.01	8.15	13185904	112229048.00
20130823	8.17	8.17	7.88	8.00	14016650	117949512.00
20130826	8.03	8.13	7.94	8.12	18047752	152570560.00
20130827	8.12	8.15	8.04	8.12	13805459	117403856.00
20130828	8.08	8.08	7.81	7.84	26020796	216055104.00
20130829	7.86	7.91	7.72	7.80	15707384	128652792.00
20130830	7.83	7.93	7.72	7.80	19062403	156860544.00
20130902	7.77	7.78	7.41	7.55	22921348	182258336.00
20130903	7.53	7.91	7.53	7.90	23962818	195668960.00
20130904	7.90	7.94	7.68	7.74	16942577	138415296.00
20130905	7.70	7.79	7.56	7.61	18463359	148902096.00
20130906	7.65	7.70	7.41	7.49	27523568	217078720.00
20130909	7.59	7.84	7.51	7.72	32323062	261846592.00
20130910	7.71	7.78	7.65	7.76	22905366	186118432.00
20130911	7.79	7.85	7.67	7.74	22836670	185819408.00
20130912	7.70	7.71	7.56	7.62	23635807	189528160.00
20130913	7.65	7.68	7.50	7.53	18069727	143912288.00
20130916	7.59	7.59	7.40	7.42	18470858	145066880.00
20130917	7.44	7.52	7.35	7.38	16214520	126738456.00
20130918	7.32	7.40	7.26	7.31	17719277	136629648.00
20130923	7.32	7.42	7.31	7.39	20152340	156235216.00
20130924	7.39	7.39	7.21	7.26	16061572	123439896.00
20130925	7.24	7.29	7.08	7.10	19821956	150279056.00
20130926	7.08	7.09	6.83	6.85	19288006	141350848.00
20130927	6.89	6.92	6.85	6.86	9203474	66970984.00
20130930	6.85	7.07	6.85	7.06	11721692	86547816.00
20131008	7.08	7.37	7.00	7.35	23961129	183755968.00
20131009	7.34	7.39	7.22	7.34	15269782	117722920.00
20131010	7.30	7.37	7.23	7.26	15918619	122304560.00
20131011	7.30	7.36	7.25	7.33	12227707	94308600.00
20131014	7.43	7.57	7.38	7.43	25942973	204178368.00
20131015	7.41	7.47	7.33	7.38	13061665	101710456.00
20131016	7.38	7.38	6.98	7.01	16745430	125931344.00
20131017	7.10	7.14	6.99	7.02	10071806	74968872.00
20131018	7.05	7.07	6.99	7.03	9033932	67097564.00
20131021	7.06	7.13	6.94	7.10	14312571	106716944.00
20131022	7.10	7.17	7.05	7.08	9947446	74563904.00
20131023	7.07	7.17	6.88	6.91	18428308	136549952.00
20131024	6.92	7.00	6.83	6.86	11440681	83510688.00
20131025	6.88	6.91	6.67	6.70	18741404	133707792.00
20131028	6.72	6.75	6.62	6.70	10856821	76775720.00
20131029	6.74	6.84	6.53	6.69	17211248	121742576.00
20131030	6.71	6.80	6.65	6.79	11927526	85032480.00
20131031	6.86	7.04	6.79	6.80	21042897	153803184.00
20131101	6.75	6.85	6.69	6.78	8905623	63853908.00
20131104	6.79	6.83	6.71	6.72	7616680	54501628.00
20131105	6.69	6.69	6.58	6.68	10442114	73525976.00
20131106	6.62	6.69	6.59	6.61	9280711	65349832.00
20131107	6.61	6.64	6.53	6.54	6315398	44120764.00
20131108	6.53	6.59	6.40	6.42	6756396	46652556.00
20131111	6.39	6.52	6.37	6.49	6800284	46509896.00
20131112	6.49	6.65	6.48	6.65	8660304	60458804.00
20131113	6.65	6.66	6.48	6.49	7156740	49950868.00
20131114	6.49	6.63	6.49	6.57	6354818	44314764.00
20131115	6.59	6.72	6.57	6.68	10632539	75295608.00
20131118	6.68	6.88	6.68	6.86	16077488	115428408.00
20131119	6.87	6.88	6.75	6.82	10282961	73879328.00
20131120	6.82	6.87	6.75	6.80	7806606	56125072.00
20131121	6.77	6.78	6.60	6.62	16109273	113686088.00
20131122	6.63	6.64	6.47	6.47	13304892	92250440.00
20131125	6.49	6.59	6.45	6.52	7718868	53507216.00
20131126	6.52	6.56	6.49	6.52	5915351	40913056.00
20131127	6.51	6.59	6.46	6.56	7988219	55361952.00
20131128	6.60	6.73	6.57	6.69	15155758	107133288.00
20131129	6.72	6.73	6.63	6.67	7819208	55326796.00
20131202	6.61	6.62	6.39	6.41	15149523	104211528.00
20131203	6.38	6.65	6.38	6.63	11119238	77017448.00
20131204	6.70	6.82	6.63	6.71	18820498	134271728.00
20131205	6.70	6.76	6.67	6.70	9232547	65570288.00
20131206	6.68	6.78	6.66	6.71	9437302	67144608.00
20131209	6.80	6.85	6.70	6.70	10329814	73863656.00
20131210	6.74	6.85	6.70	6.82	15581698	111955608.00
20131211	6.82	6.82	6.68	6.71	9477320	67574840.00
20131212	6.69	6.78	6.69	6.71	5743149	40885832.00
20131213	6.69	6.72	6.66	6.68	6060837	42953868.00
20131216	6.69	6.71	6.52	6.54	7598649	53507608.00
20131217	6.53	6.58	6.46	6.47	7184490	49568380.00
20131218	6.48	6.50	6.42	6.48	4333670	29756520.00
20131219	6.50	6.52	6.38	6.39	7094073	48552384.00
20131220	6.40	6.42	6.00	6.15	17770501	116710680.00
20131223	6.16	6.18	6.01	6.09	5622114	36579264.00
20131224	6.10	6.19	6.06	6.11	4908695	32099326.00
20131225	6.09	6.14	6.05	6.13	4786187	31093440.00
20131226	6.14	6.14	5.97	5.99	7838753	50359692.00
20131227	5.98	6.11	5.98	6.09	7272127	47020148.00
20131230	6.12	6.12	6.02	6.05	10149971	65458836.00
20131231	6.04	6.09	5.97	6.07	11944271	77049184.00
20140102	6.04	6.05	5.99	6.03	7308617	46898240.00
20140103	6.01	6.02	5.88	5.91	10094049	63929456.00
20140106	5.88	5.89	5.60	5.62	13042885	79524536.00
20140107	5.60	5.64	5.50	5.59	8025437	47915144.00
20140108	5.60	5.65	5.48	5.49	6863505	40806648.00
20140109	5.48	5.60	5.42	5.50	8323314	49204360.00
20140110	5.46	5.47	5.26	5.28	13658275	78455200.00
20140113	5.26	5.34	5.17	5.21	8627193	48563888.00
20140114	5.26	5.46	5.21	5.43	14988317	86272944.00
20140115	5.42	5.46	5.36	5.41	8206484	47642032.00
20140116	5.45	5.47	5.37	5.41	9803840	57036652.00
20140117	5.39	5.40	5.25	5.26	7583470	43396600.00
20140120	5.21	5.27	5.19	5.24	6192389	34861596.00
20140121	5.25	5.37	5.24	5.34	8193440	46959324.00
20140122	5.39	5.91	5.38	5.91	21062339	129555096.00
20140123	6.07	6.19	5.97	6.02	45304209	293280480.00
20140124	5.98	6.49	5.92	6.30	42317527	282507104.00
20140127	6.20	6.22	6.08	6.12	23836629	155945072.00
20140128	6.08	6.20	6.08	6.12	9252938	60368564.00
20140129	6.17	6.20	5.98	6.03	13570855	87522896.00
20140130	6.03	6.05	5.94	6.00	8492466	54243544.00
20140207	5.96	6.02	5.92	5.98	10004517	63806272.00
20140210	6.03	6.35	6.02	6.24	18554708	123363704.00
20140211	6.25	6.38	6.15	6.30	20821047	138719120.00
20140212	6.29	6.40	6.26	6.30	14742731	98880176.00
20140213	6.30	6.45	6.28	6.28	18157163	122919440.00
20140214	6.28	6.40	6.26	6.39	14970119	100905104.00
20140217	6.42	6.44	6.30	6.37	14106416	95234640.00
20140218	6.35	6.35	6.20	6.23	18435530	122955960.00
20140219	6.23	6.36	6.20	6.31	18993413	127149240.00
20140220	6.30	6.34	6.14	6.14	14954585	99207784.00
20140221	6.15	6.16	5.88	5.94	16946487	108578984.00
20140224	5.89	5.89	5.57	5.59	18455604	111535488.00
20140225	5.62	5.72	5.53	5.56	13465207	81002824.00
20140226	5.59	5.72	5.55	5.71	11545890	69657456.00
20140227	5.60	5.60	5.32	5.34	32625266	189953392.00
20140228	5.32	5.43	5.26	5.40	13351099	76753304.00
20140303	5.39	5.44	5.34	5.43	10747740	62326852.00
20140304	5.38	5.47	5.36	5.43	12229579	71229952.00
20140305	5.41	5.45	5.32	5.34	9166266	53045356.00
20140306	5.35	5.85	5.25	5.67	32807328	195802672.00
20140307	5.67	5.69	5.43	5.46	21572813	128046624.00
20140310	5.41	5.41	5.21	5.23	10833608	61717408.00
20140311	5.20	5.41	5.20	5.32	12799215	73247056.00
20140312	5.31	5.55	5.21	5.44	19034334	110652160.00
20140313	5.43	5.49	5.35	5.45	13205750	76956520.00
20140314	5.40	5.44	5.20	5.29	18691851	106621480.00
20140317	5.29	5.44	5.29	5.39	11054511	63730888.00
20140318	5.38	5.38	5.30	5.36	10164984	58262044.00
20140319	5.31	5.33	5.20	5.26	13130471	74083624.00
20140320	5.33	5.47	5.29	5.30	21098001	122281320.00
20140321	5.24	5.61	5.22	5.59	38607347	227248432.00
20140324	5.60	5.96	5.49	5.80	49244405	302077696.00
20140325	5.74	5.84	5.64	5.69	27859875	171290800.00
20140326	5.71	5.72	5.58	5.62	15433133	92980000.00
20140327	5.58	5.77	5.51	5.64	24261553	147274176.00
20140328	5.62	5.85	5.62	5.73	30133907	185438240.00
20140331	5.72	5.76	5.48	5.53	19324584	115634584.00
20140401	5.54	5.66	5.49	5.66	13700576	81979648.00
20140402	5.65	5.94	5.63	5.87	42474673	265195744.00
20140403	5.88	5.91	5.72	5.77	21505319	132887024.00
20140404	5.76	5.82	5.70	5.75	18096017	111453352.00
20140408	5.73	5.85	5.69	5.81	22200512	137316736.00
20140409	5.80	5.82	5.70	5.75	17689816	108798344.00
20140410	5.76	5.77	5.62	5.72	21126591	128601408.00
20140411	5.70	5.70	5.64	5.66	10520137	63803204.00
20140414	5.75	5.77	5.68	5.75	13527536	82816064.00
20140415	5.73	5.73	5.59	5.60	15429217	93250696.00
20140416	5.57	5.67	5.54	5.63	10673836	64234764.00
20140417	5.63	5.64	5.56	5.58	9474873	56795188.00
20140418	5.57	5.57	5.50	5.51	10185859	60349564.00
20140421	5.44	5.53	5.39	5.40	10272101	60109736.00
20140422	5.39	5.47	5.36	5.47	7878844	45765808.00
20140423	5.45	5.50	5.39	5.43	5187619	30274866.00
20140424	5.43	5.53	5.40	5.41	9342923	54801712.00
20140425	5.42	5.47	5.26	5.28	12270942	70738968.00
20140428	5.10	5.10	4.71	4.71	24567873	126826312.00
20140429	4.59	4.68	4.45	4.65	18453886	92049608.00
20140430	4.64	4.64	4.56	4.62	8286851	41503164.00
20140505	4.60	4.60	4.43	4.52	14310516	69888488.00
20140506	4.52	4.58	4.48	4.55	8308174	41113200.00
20140507	4.54	4.54	4.45	4.46	7302544	35731868.00
20140508	4.44	4.56	4.42	4.49	9068606	44342716.00
20140509	4.49	4.49	4.33	4.34	9667624	46593224.00
20140512	4.40	4.48	4.33	4.47	10559148	50907088.00
20140513	4.49	4.64	4.46	4.57	14715740	73277552.00
20140514	4.61	4.70	4.58	4.58	11707371	58933416.00
20140515	4.56	4.57	4.32	4.43	9025873	43790324.00
20140516	4.42	4.46	4.36	4.45	5533818	26607354.00
20140519	4.44	4.44	4.37	4.44	4751663	22840688.00
20140520	4.44	4.57	4.42	4.56	10409283	51038464.00
20140521	4.53	4.59	4.40	4.56	5987138	29380196.00
20140522	4.55	4.67	4.51	4.59	12284709	61713460.00
20140523	4.60	4.89	4.59	4.83	33954301	177160208.00
20140526	4.84	5.06	4.80	5.00	29895033	161152224.00
20140527	4.95	5.15	4.95	5.00	19975764	109312064.00
20140528	5.14	5.14	4.98	5.02	21272327	115797784.00
20140529	5.00	5.27	5.00	5.07	18961805	105499896.00
20140530	5.07	5.12	4.86	4.88	11361917	60567652.00
20140603	4.92	4.94	4.72	4.73	13501977	70160240.00
20140604	4.75	4.76	4.66	4.72	6384611	32577596.00
20140605	4.72	4.93	4.69	4.88	12749564	67037456.00
20140606	4.88	4.98	4.85	4.88	8577217	45397328.00
20140609	4.88	5.10	4.83	4.96	13146119	71219424.00
20140610	5.00	5.07	4.96	5.00	9029375	48892416.00
20140611	5.01	5.06	4.95	4.99	6763747	36504900.00
20140612	4.98	5.01	4.78	4.80	11264468	59034248.00
20140613	4.80	4.90	4.80	4.87	6656060	35082524.00
20140616	4.86	4.98	4.85	4.97	8698612	46500380.00
20140617	4.99	5.03	4.90	4.91	6338691	33982768.00
20140618	4.90	5.01	4.90	4.93	6986964	37415600.00
20140619	4.93	5.01	4.80	4.81	8539630	45600968.00
20140620	4.81	4.89	4.81	4.88	4812588	25302612.00
20140623	4.88	4.96	4.82	4.86	5700634	30169776.00
20140624	4.85	4.91	4.81	4.87	4289429	22544056.00
20140625	4.87	4.87	4.69	4.71	8709692	44822224.00
20140626	4.73	4.76	4.66	4.70	12269042	62481948.00
20140627	4.69	4.70	4.65	4.66	8799611	44587556.00
20140630	4.67	4.70	4.58	4.61	14568047	73412128.00
20140701	4.63	4.78	4.60	4.76	22742258	116042168.00
20140702	4.78	4.78	4.70	4.76	13356149	68763064.00
20140703	4.77	4.83	4.76	4.79	9869393	51311916.00
20140704	4.80	4.82	4.73	4.79	7445382	38619972.00
20140707	4.81	5.17	4.80	5.09	30603896	165190912.00
20140708	5.19	5.64	5.19	5.41	59942305	352324160.00
20140709	5.40	5.78	5.36	5.70	63352956	382634560.00
20140710	5.63	5.69	5.47	5.55	24427591	145136816.00
20140711	5.51	5.90	5.51	5.68	46666228	287628896.00
20140714	5.74	5.77	5.62	5.73	23426826	142956896.00
20140715	5.72	5.90	5.63	5.87	41138501	254258064.00
20140716	5.85	5.85	5.53	5.75	41385734	252139248.00
20140717	5.74	5.75	5.55	5.65	30651472	184970432.00
20140718	5.54	5.92	5.50	5.84	48677392	302949408.00
20140721	5.78	5.85	5.71	5.74	12412577	76670176.00
20140722	5.69	6.33	5.68	6.17	42541642	273375872.00
20140723	6.12	6.26	5.98	5.99	24765019	161729296.00
20140724	5.98	6.31	5.98	6.05	28154812	184354224.00
20140725	6.13	6.14	6.00	6.09	11957320	77451424.00
20140728	6.14	6.30	6.08	6.24	17207983	113758928.00
20140729	6.75	6.75	6.25	6.47	79465810	547173504.00
20140730	6.41	6.49	6.26	6.30	43157478	292061760.00
20140731	6.35	6.56	6.31	6.34	26016987	176833984.00
20140801	6.35	6.37	5.98	5.99	38568794	252313344.00
20140804	6.00	6.15	6.00	6.12	21882625	141863376.00
20140805	6.14	6.14	6.02	6.09	13986945	90322952.00
20140806	6.04	6.10	5.99	6.06	10832390	69800576.00
20140807	6.07	6.25	6.05	6.17	18609900	122422248.00
20140808	6.20	6.22	6.02	6.08	16312866	105750568.00
20140811	6.08	6.16	6.05	6.10	15077202	98061136.00
20140812	6.10	6.15	6.04	6.08	10075986	65254492.00
20140813	6.07	6.08	5.81	5.89	26648016	168014160.00
20140814	5.92	6.04	5.92	5.96	17374725	111028696.00
20140815	5.94	6.00	5.90	5.97	9543740	60685668.00
20140818	5.97	6.01	5.92	5.95	18588414	118194000.00
20140819	5.95	5.98	5.86	5.92	17189057	108395384.00
20140820	5.89	5.90	5.84	5.87	13297106	83277440.00
20140821	5.87	5.91	5.79	5.85	14094473	88038920.00
20140822	5.84	5.88	5.78	5.83	16581392	103322112.00
20140825	5.83	5.85	5.71	5.74	12768134	78608432.00
20140826	5.72	5.75	5.56	5.58	17020860	102916600.00
20140827	5.60	5.66	5.55	5.58	11053164	66361632.00
20140828	5.58	5.63	5.56	5.57	7552546	45222768.00
20140829	5.59	5.68	5.59	5.67	12170931	73550960.00
20140901	5.69	5.75	5.66	5.75	9113838	55681456.00
20140902	5.77	5.86	5.73	5.84	18816675	116302272.00
20140903	5.86	5.90	5.82	5.87	15937652	99806400.00
20140904	5.86	5.90	5.84	5.88	14964741	93876840.00
20140905	5.87	5.90	5.82	5.86	14171701	88559488.00
20140909	5.89	5.90	5.82	5.88	14976396	93569824.00
20140910	5.85	5.86	5.80	5.82	13196466	82079640.00
20140911	5.83	5.94	5.80	5.89	22572473	141494800.00
20140912	5.88	5.92	5.83	5.91	18924086	118704312.00
20140915	5.93	6.15	5.90	6.15	37036150	239602208.00
20140916	6.16	6.24	5.90	5.94	27529590	178268816.00
20140917	5.94	5.99	5.83	5.94	19233447	121080432.00
20140918	5.93	5.99	5.85	5.90	19308811	121545904.00
20140919	5.89	5.95	5.83	5.91	13937440	87695824.00
20140922	5.93	5.93	5.65	5.69	22634677	139590144.00
20140923	5.70	5.79	5.69	5.73	18436993	112890984.00
20140924	5.71	5.82	5.69	5.82	16848071	104090976.00
20140925	5.85	5.90	5.79	5.82	17852775	111476952.00
20140926	5.79	5.86	5.78	5.82	9160529	56998900.00
20140929	5.87	5.99	5.85	5.94	21950893	138787328.00
20140930	5.96	6.15	5.89	6.11	37266763	239967296.00
20141008	6.26	6.42	6.21	6.31	55232437	371842624.00
20141009	6.29	6.34	6.17	6.22	28961969	192257824.00
20141010	6.22	6.38	6.16	6.29	28116948	187645856.00
20141013	6.29	6.55	6.28	6.44	42109754	287680256.00
20141014	6.45	6.68	6.32	6.44	34318536	237050400.00
20141015	6.45	6.45	6.24	6.32	18255808	122624744.00
20141016	6.28	6.31	6.19	6.20	17253745	114731232.00
20141017	6.19	6.23	5.98	6.07	18671393	121320576.00
20141020	6.10	6.35	6.10	6.31	19653599	130856184.00
20141021	6.30	6.35	6.12	6.13	14439070	95554352.00
20141022	6.14	6.22	5.96	5.99	13627932	88352584.00
20141023	5.97	6.00	5.79	5.86	16074459	100784656.00
20141024	5.89	6.04	5.86	5.91	15066854	95794592.00
20141027	5.91	6.02	5.85	5.96	10179055	64469124.00
20141028	6.00	6.16	5.97	6.16	13710547	89177848.00
20141029	6.16	6.33	6.13	6.26	31357269	208996144.00
20141030	6.26	6.32	6.14	6.17	27066456	179563568.00
20141031	6.20	6.31	6.17	6.29	26874342	178669584.00
20141103	6.38	6.57	6.30	6.32	42567853	290947840.00
20141104	6.30	6.39	6.20	6.34	30331407	202714704.00
20141105	6.33	6.39	6.24	6.27	16069685	107987088.00
20141106	6.28	6.37	6.25	6.32	13846832	93083920.00
20141107	6.35	6.42	6.23	6.25	21951859	148061280.00
20141110	6.29	6.32	6.22	6.28	15563501	103742432.00
20141111	6.29	6.39	6.08	6.20	23862396	158881088.00
20141112	6.15	6.36	6.13	6.35	16882943	112489136.00
20141113	6.38	6.59	6.36	6.48	37418023	257210480.00
20141114	6.47	6.47	6.30	6.39	15760437	106705280.00
20141117	6.35	6.45	6.27	6.38	14998124	101463440.00
20141118	6.38	6.41	6.20	6.23	20179921	134451136.00
20141119	6.23	6.30	6.13	6.26	12853806	85106496.00
20141120	6.21	6.24	6.09	6.14	18865444	123298424.00
20141121	6.17	6.32	6.13	6.30	17170195	114150464.00
20141124	6.70	6.97	6.60	6.63	95731748	688846912.00
20141125	6.69	6.69	6.50	6.65	31009331	216676512.00
20141126	6.67	6.96	6.56	6.87	42365051	304923520.00
20141127	6.90	7.01	6.79	6.92	36402633	266094368.00
20141128	6.93	7.64	6.88	7.52	78383870	601760832.00
20141201	7.47	7.66	7.23	7.44	58503892	458775520.00
20141202	7.40	7.61	7.28	7.49	34717078	273164928.00
20141203	7.51	7.92	7.27	7.36	71032588	569546816.00
20141204	7.31	7.49	7.14	7.44	53688372	413619584.00
20141205	7.39	7.49	6.91	6.98	46178953	350239904.00
20141208	6.98	7.60	6.88	7.59	50857731	392537792.00
20141209	7.56	8.10	6.79	6.83	93828508	740520576.00
20141210	6.69	7.22	6.56	7.14	40470381	294212256.00
20141211	7.00	7.33	6.95	7.21	29651879	223923600.00
20141212	7.15	7.26	6.80	7.04	29722019	220747984.00
20141215	7.15	7.18	6.85	7.02	27448015	202524192.00
20141216	7.01	7.09	6.87	7.07	44328710	326134656.00
20141217	7.07	7.46	6.98	7.45	63743956	487328032.00
20141218	7.48	7.76	7.37	7.46	50086590	397454624.00
20141219	7.41	7.41	7.01	7.24	24958459	190250784.00
20141222	7.32	7.38	6.68	6.94	36808351	273625600.00
20141223	6.89	7.22	6.71	6.85	25369195	187534592.00
20141224	6.85	6.98	6.79	6.89	12437685	90377752.00
20141225	6.90	7.22	6.87	7.14	22256496	166551936.00
20141226	7.10	7.24	7.09	7.23	17110644	129677264.00
20141229	7.42	7.72	7.30	7.45	49562384	393061696.00
20141230	7.50	7.69	7.24	7.38	33465449	264568736.00
20141231	7.39	7.74	7.26	7.70	49969371	395056768.00
20150105	7.81	8.18	7.76	7.87	68560604	573586496.00
20150106	7.80	7.80	7.41	7.53	36332595	289693088.00
20150107	7.44	7.56	7.31	7.47	23130109	181766320.00
20150108	7.47	7.49	7.01	7.05	38633779	291824864.00
20150109	7.03	7.23	7.00	7.05	27862882	209471088.00
20150112	7.00	7.02	6.69	6.79	26926623	194424528.00
20150113	6.81	6.98	6.75	6.85	17586099	127715848.00
20150114	6.87	7.04	6.81	6.97	14346919	105539544.00
20150115	6.97	7.25	6.88	7.18	32872900	246634160.00
20150116	7.22	7.53	7.20	7.47	45283900	354579936.00
20150119	7.20	7.43	6.76	6.79	36104680	270577632.00
20150120	6.86	7.08	6.84	7.07	20443684	150684512.00
20150121	7.07	7.47	7.01	7.38	32035531	245836816.00
20150122	7.31	7.58	7.31	7.52	35586600	279546176.00
20150123	7.50	7.53	7.31	7.35	20050071	156343760.00
20150126	7.36	7.54	7.28	7.52	22507196	175782944.00
20150127	7.55	7.55	7.12	7.28	31013272	238999632.00
20150128	7.20	7.31	7.16	7.20	17140684	130796424.00
20150129	7.16	7.28	7.02	7.24	18664903	141185504.00
20150130	7.22	7.28	7.00	7.04	18751180	141380592.00
20150202	6.98	7.02	6.89	6.94	18001628	132526752.00
20150203	6.97	7.06	6.81	7.00	21735082	158873104.00
20150204	6.98	7.04	6.85	6.87	17945314	131671616.00
20150205	7.09	7.12	6.88	6.89	22700103	168123456.00
20150206	6.93	6.93	6.66	6.73	13884859	99814432.00
20150209	6.76	6.77	6.66	6.73	8054749	57333276.00
20150210	6.73	6.87	6.70	6.86	9811908	70736072.00
20150211	6.86	6.89	6.79	6.82	7644050	55278648.00
20150212	6.83	6.87	6.74	6.77	11744448	84496088.00
20150213	6.81	6.97	6.80	6.94	19355058	141517840.00
20150216	6.94	7.02	6.90	6.98	13572162	99837680.00
20150217	6.98	7.10	6.97	7.07	15356317	114209752.00
20150225	7.08	7.09	6.93	6.95	15255127	112563048.00
20150226	6.95	7.13	6.93	7.11	17829309	132816016.00
20150227	7.13	7.15	7.05	7.08	13932205	104335672.00
20150302	7.18	7.21	7.03	7.11	32787250	246330368.00
20150303	7.11	7.11	6.89	6.90	32197808	238072800.00
20150304	6.93	6.98	6.88	6.93	23623305	172836512.00
20150305	6.94	7.28	6.92	7.26	59216201	446400288.00
20150306	7.26	7.33	7.12	7.28	38880255	296703104.00
20150309	7.29	7.38	7.21	7.34	34929900	268911392.00
20150310	7.34	7.44	7.25	7.27	34391678	266187360.00
20150311	7.27	7.43	7.27	7.37	32302135	249680912.00
20150312	7.37	7.53	7.35	7.46	38792554	305100096.00
20150313	7.47	7.50	7.30	7.36	29336795	228462368.00
20150316	7.42	7.69	7.37	7.65	53778523	426790912.00
20150317	7.65	7.84	7.57	7.75	45877307	371315424.00
20150318	7.74	7.99	7.70	7.92	49631231	409742464.00
20150319	7.91	8.07	7.75	7.89	41908738	348300672.00
20150320	7.91	8.25	7.87	8.14	43631048	369076064.00
20150323	8.90	8.93	8.55	8.65	86217594	785088960.00
20150324	8.69	9.56	8.37	9.56	116368690	1093597056.00
20150325	9.80	10.15	9.51	9.62	112302073	1143561344.00
20150326	9.58	9.58	9.13	9.18	69449171	673228160.00
20150327	9.20	9.43	9.16	9.32	57139437	553189888.00
20150330	9.37	9.95	9.19	9.76	85445716	847648384.00
20150331	9.97	10.05	9.29	9.38	73134973	731225216.00
20150401	9.29	9.48	9.13	9.38	59016969	572685760.00
20150402	9.41	9.43	9.19	9.31	53265887	516134880.00
20150403	9.21	9.29	9.10	9.28	52412117	503540352.00
20150407	9.35	9.72	9.31	9.56	69245705	686235904.00
20150408	9.68	9.74	9.20	9.45	68513404	672360064.00
20150409	9.39	9.46	8.93	9.34	57517496	553207744.00
20150410	9.29	9.87	9.20	9.69	98950829	994835648.00
20150413	9.86	10.29	9.73	10.07	95282251	995152384.00
20150414	10.01	10.17	9.69	9.85	68169124	702505728.00
20150415	9.88	9.99	9.31	9.45	54257381	544987840.00
20150416	9.31	9.66	9.20	9.65	62412940	617640192.00
20150417	9.95	10.13	9.69	9.82	86124516	883404736.00
20150420	9.85	10.59	9.71	10.17	130564580	1376136576.00
20150421	10.16	10.90	9.98	10.77	115259612	1257559168.00
20150422	10.77	11.10	10.61	10.85	104908340	1179812992.00
20150423	10.92	11.10	10.62	10.77	79632480	895809344.00
20150424	10.60	10.81	10.36	10.50	70367154	772643520.00
20150427	10.62	10.70	10.23	10.42	80020501	867735040.00
20150428	10.40	10.45	9.61	9.79	91760974	951056896.00
20150429	9.66	10.11	9.61	9.97	58877864	608468416.00
20150430	10.02	10.83	9.97	10.44	78055435	844828096.00
20150504	10.60	11.19	10.53	11.10	99947112	1129487616.00
20150505	11.20	11.33	10.48	10.56	84361124	949824704.00
20150506	10.92	11.07	9.89	10.00	68766586	749671488.00
20150507	9.89	10.36	9.81	10.12	49949258	524313760.00
20150508	10.22	10.38	9.91	10.34	45381179	478374720.00
20150511	10.59	11.10	10.33	10.98	91018538	1004214528.00
20150512	10.97	10.97	10.55	10.71	70760249	789623872.00
20150513	10.70	11.55	10.55	11.46	113689356	1305373440.00
20150514	11.35	11.43	10.96	11.14	72659325	839662528.00
20150515	11.13	11.50	10.70	10.99	67824379	779922624.00
20150518	10.87	11.01	10.56	10.88	59148503	660556864.00
20150519	10.86	11.78	10.83	11.58	94049737	1107934208.00
20150520	11.50	11.75	11.39	11.51	79767279	953021888.00
20150521	11.58	12.46	11.40	12.17	89569566	1108540544.00
20150522	12.28	12.34	11.86	12.19	81827983	1023382528.00
20150525	12.25	12.76	12.06	12.63	87180348	1117355392.00
20150526	12.65	13.03	12.51	12.76	81360904	1074036736.00
20150527	12.80	12.80	12.27	12.50	83560140	1074558976.00
20150528	12.61	13.19	11.51	11.64	105867525	1376642688.00
20150529	11.80	12.17	11.26	11.90	74777124	909230720.00
20150601	11.95	12.57	11.75	12.44	80073180	1013432576.00
20150602	13.10	13.39	12.60	13.13	107091556	1434675712.00
20150603	13.09	13.17	12.60	12.92	83521357	1110535552.00
20150604	13.05	13.45	11.93	13.35	95740243	1280747648.00
20150605	13.60	13.97	13.20	13.70	107006254	1500866560.00
20150608	13.80	13.95	13.31	13.50	85878912	1200571264.00
20150609	13.38	13.38	12.91	13.23	67861687	917667712.00
20150610	13.11	13.70	12.98	13.58	73725527	1023779520.00
20150611	13.58	13.68	13.31	13.58	54621057	758106240.00
20150612	13.65	14.67	13.65	14.49	106741139	1565714176.00
20150615	14.65	14.77	13.95	14.08	75362992	1107857408.00
20150616	13.91	14.04	12.92	13.29	72069134	1004073920.00
20150617	13.28	13.68	12.87	13.62	61389772	844396864.00
20150618	13.68	13.70	12.76	12.80	55918283	754451968.00
20150619	12.43	12.74	11.50	11.62	69820839	849890368.00
20150623	11.62	11.79	10.58	11.49	53528050	614225600.00
20150624	11.65	11.88	11.37	11.79	60676032	720770240.00
20150625	11.98	12.25	11.21	11.32	63897144	771977344.00
20150626	10.95	11.04	10.17	10.17	57400399	613462784.00
20150629	10.42	10.50	9.13	9.13	89795983	882415104.00
20150630	9.00	9.78	8.20	9.72	99126224	912218624.00
20150701	9.45	9.93	8.85	8.88	70192306	680679360.00
20150702	8.99	9.03	7.97	8.03	71046350	613204160.00
20150703	7.75	8.21	7.21	7.21	88031750	680674432.00
20150706	7.95	7.95	6.65	7.85	160200676	1234727424.00
20150707	7.50	7.83	7.05	7.05	72707697	542211200.00
20150710	7.78	7.78	7.46	7.78	26358256	209943840.00
20150713	8.49	8.58	8.30	8.58	76473778	665586304.00
20150714	8.77	9.27	8.46	8.72	152314883	1379572992.00
20150715	8.41	8.69	7.83	7.83	94318020	788942784.00
20150716	7.83	8.28	7.36	8.01	62971495	510086912.00
20150717	8.05	8.69	8.05	8.60	64668832	555972800.00
20150720	8.67	8.90	8.41	8.72	78601710	700411200.00
20150721	8.57	8.88	8.42	8.72	52462893	466524096.00
20150722	8.61	8.75	8.42	8.64	56169486	494915712.00
20150723	8.70	9.05	8.63	9.00	76863280	700564480.00
20150724	8.96	9.33	8.81	8.95	117170509	1087590272.00
20150727	8.75	8.95	8.04	8.04	64280631	563141440.00
20150728	7.75	7.94	7.22	7.49	95879505	739718592.00
20150729	7.65	8.02	7.26	7.98	52191213	407279744.00
20150730	7.90	8.05	7.54	7.60	50871050	412697440.00
20150731	7.49	7.72	7.45	7.62	32998059	256488912.00
20150803	7.55	7.85	7.31	7.84	45932403	354292064.00
20150804	7.83	8.19	7.73	8.18	48694606	399035424.00
20150805	8.15	8.26	7.80	7.91	43476558	359190560.00
20150806	7.67	8.25	7.60	8.09	50333062	414109248.00
20150807	8.10	8.38	8.05	8.28	58404975	491564480.00
20150810	8.35	9.01	8.25	8.78	74153419	649657408.00
20150811	8.70	8.85	8.53	8.66	66353836	590940928.00
20150812	9.55	9.55	9.55	9.55	20417170	199067408.00
20150813	10.03	10.53	9.80	10.53	218362131	2285795328.00
20150814	11.59	11.60	11.31	11.60	55147347	649413824.00
20150817	12.78	12.78	12.40	12.78	209928263	2718262272.00
20150818	13.30	13.75	11.48	11.48	264923639	3274439168.00
20150819	10.33	12.08	10.31	11.47	226552129	2492280832.00
20150820	10.88	10.99	10.30	10.30	133829666	1441992320.00
20150821	9.68	10.00	9.25	9.25	105326069	1026169792.00
20150824	8.50	8.75	8.31	8.31	58317830	500345152.00
20150825	7.46	7.76	7.46	7.46	79704485	614766080.00
20150826	7.45	7.95	6.93	6.98	125005474	953747904.00
20150827	7.30	7.60	6.68	7.58	100330154	741277696.00
20150828	7.75	8.30	7.52	8.27	122116346	989470720.00
20150831	8.00	8.22	7.64	7.67	102969258	830132160.00
20150901	7.55	7.55	6.88	6.88	89944088	656908352.00
20150902	6.42	7.17	6.41	6.78	85402587	594043136.00
20150907	6.89	7.27	6.77	6.87	53668756	388087232.00
20150908	6.90	7.30	6.68	7.22	49778184	357923136.00
20150909	7.30	7.73	7.21	7.64	84020771	649990720.00
20150910	7.46	7.65	7.25	7.34	59293776	456275872.00
20150911	7.32	7.55	7.28	7.52	47302564	360485024.00
20150914	7.51	7.58	6.75	6.77	71148615	513603552.00
20150915	6.63	6.77	6.22	6.29	49815977	332622784.00
20150916	6.35	6.94	6.35	6.94	42389263	288359488.00
20150917	6.90	7.17	6.62	6.65	59186025	421446016.00
20150918	6.78	6.85	6.59	6.73	30240162	209238560.00
20150921	6.62	6.99	6.58	6.98	35345936	248881168.00
20150922	6.98	7.18	6.93	7.06	44876021	326690592.00
20150923	6.94	7.23	6.85	7.00	46805527	338993344.00
20150924	7.05	7.25	6.91	7.16	42835086	313386240.00
20150925	7.13	7.48	6.93	7.00	56707470	419630432.00
20150928	7.05	7.05	6.68	7.02	38107707	269002112.00
20150929	6.82	6.89	6.73	6.78	25411864	177984912.00
20150930	6.82	6.91	6.78	6.81	20744472	146314448.00
20151008	7.10	7.22	7.01	7.11	38086617	279013472.00
20151009	7.10	7.25	7.00	7.17	42326888	310705376.00
20151012	7.25	7.67	7.21	7.59	68213599	524572800.00
20151013	7.49	7.86	7.45	7.73	56503417	442876192.00
20151014	8.03	8.27	7.72	7.74	84939855	694727424.00
20151015	7.76	8.07	7.69	8.02	58637721	478121952.00
20151016	8.15	8.47	7.95	8.22	78024458	656559104.00
20151019	8.43	9.06	8.24	9.06	109277424	958845056.00
20151020	9.18	9.59	9.06	9.11	123922117	1183293312.00
20151021	8.95	8.99	8.18	8.18	114060140	1004328192.00
20151022	8.17	8.85	8.10	8.76	83424714	721692672.00
20151023	8.85	8.99	8.56	8.86	88950135	799834816.00
20151026	8.98	9.26	8.70	8.80	79637155	730265024.00
20151027	8.74	8.76	8.11	8.68	66446787	576976576.00
20151028	8.65	8.89	8.46	8.54	49288441	436671424.00
20151029	8.29	8.78	8.29	8.53	60865836	530642816.00
20151030	8.53	8.67	8.25	8.39	43748916	379075712.00
20151102	8.20	8.47	8.12	8.18	34438173	292115744.00
20151103	8.21	8.28	8.01	8.13	28807651	241131072.00
20151104	8.19	8.72	8.19	8.72	70715887	619213440.00
20151105	8.77	8.86	8.61	8.65	80604807	718886656.00
20151106	8.62	8.80	8.59	8.74	61240753	546099264.00
20151109	8.66	8.93	8.60	8.76	100523202	903246464.00
20151110	8.74	9.14	8.66	8.94	99701839	907450368.00
20151111	8.96	9.27	8.89	9.11	81903991	761722304.00
20151112	9.12	9.15	8.75	8.87	73750105	672192960.00
20151113	8.76	9.68	8.71	9.35	120638411	1135024896.00
20151116	9.10	9.42	9.05	9.40	69582922	658445824.00
20151117	9.52	9.60	9.01	9.04	93108778	886083008.00
20151118	9.05	9.46	8.89	8.95	75032868	702225536.00
20151119	8.91	9.20	8.78	9.11	62458773	570844544.00
20151120	9.15	9.29	8.98	9.08	72051415	674129344.00
20151123	9.13	9.23	8.90	8.93	56012652	520591168.00
20151124	8.90	9.02	8.68	8.94	46049082	415997568.00
20151125	8.91	9.07	8.82	9.00	40803715	373025536.00
20151126	9.03	9.37	9.02	9.09	65813488	618522304.00
20151127	9.03	9.16	8.21	8.27	70641977	628816192.00
20151130	8.27	8.43	7.76	8.30	43980679	369077280.00
20151201	8.27	8.85	8.21	8.60	47720891	416821824.00
20151202	8.53	8.76	8.41	8.69	44100116	388505696.00
20151203	8.70	8.90	8.59	8.81	34089999	305276768.00
20151204	8.73	8.80	8.54	8.62	33548171	297086240.00
20151207	8.62	8.74	8.52	8.71	26489693	234407504.00
20151208	8.65	8.65	8.20	8.27	30728218	264677984.00
20151209	8.28	8.66	8.22	8.50	37647915	326432960.00
20151210	8.43	8.47	8.25	8.25	24060162	205679296.00
20151211	8.20	8.24	7.95	8.04	23654093	195198528.00
20151214	7.95	8.25	7.91	8.25	19838162	164677440.00
20151215	8.55	8.88	8.48	8.50	43541409	384943584.00
20151216	8.44	8.55	8.33	8.36	27861463	240989056.00
20151217	8.40	8.77	8.38	8.75	58427912	516601792.00
20151218	8.80	8.87	8.61	8.77	46958831	420837824.00
20151221	8.99	9.14	8.80	9.05	58104877	532824000.00
20151222	8.96	9.15	8.87	9.03	39369015	362832928.00
20151223	8.99	9.14	8.85	8.88	33289368	306107200.00
20151224	8.89	8.99	8.60	8.73	26564686	237271824.00
20151225	8.72	8.90	8.69	8.79	20798627	186818368.00
20151228	8.80	8.95	8.50	8.52	36666890	328513664.00
20151229	8.43	8.68	8.43	8.68	22841869	199660864.00
20151230	8.70	8.84	8.65	8.75	20902627	187134256.00
20151231	8.83	8.83	8.52	8.54	20892971	184700576.00
20160104	8.57	8.78	7.70	7.90	33935357	293263136.00
20160105	7.60	8.19	7.49	8.05	39297658	318858368.00
20160106	8.09	8.15	7.87	8.14	26448021	217862784.00
20160107	7.98	7.98	7.31	7.33	8733400	68410976.00
20160108	7.57	7.60	7.01	7.38	31385013	239322832.00
20160111	7.20	7.30	6.62	6.62	34929307	249806432.00
20160112	6.62	6.82	6.48	6.71	21933471	150799040.00
20160113	6.80	6.91	6.50	6.51	23626125	163115776.00
20160114	6.36	6.75	6.31	6.71	22158204	148741344.00
20160115	6.67	6.76	6.35	6.42	19166735	129891512.00
20160118	6.24	6.64	6.21	6.52	17827661	118876808.00
20160119	6.52	6.82	6.48	6.79	18395479	127090208.00
20160120	6.88	7.23	6.87	6.90	30381360	219112032.00
20160121	6.71	7.03	6.63	6.66	20576332	145258096.00
20160122	6.77	6.95	6.61	6.84	13318843	92973712.00
20160125	6.92	7.04	6.84	6.92	13293522	94929680.00
20160126	6.88	6.88	6.21	6.26	23638233	158954864.00
20160127	6.32	6.34	5.73	6.05	26446014	164345152.00
20160128	5.97	6.06	5.74	5.84	21041883	128350840.00
20160129	5.82	6.14	5.77	6.04	18493111	114513248.00
20160201	5.99	6.00	5.82	5.91	17556639	107245680.00
20160202	5.92	6.14	5.90	6.08	14537927	90879552.00
20160203	6.11	6.23	6.04	6.14	17948180	113946104.00
20160204	6.11	6.24	6.06	6.20	20645952	131986480.00
20160205	6.21	6.23	6.01	6.02	12817943	81043352.00
20160215	5.83	5.99	5.75	5.96	11392537	69291504.00
20160216	5.99	6.22	5.98	6.20	16817812	106656872.00
20160217	6.20	6.33	6.15	6.26	19154332	123381088.00
20160218	6.32	6.51	6.26	6.33	25471437	167733456.00
20160219	6.29	6.48	6.29	6.40	19531942	128930432.00
20160222	6.51	6.67	6.46	6.65	22492224	151963152.00
20160223	6.60	6.61	6.40	6.46	20684789	138314992.00
20160224	6.44	6.57	6.35	6.53	20003849	133617488.00
20160225	6.54	6.56	5.86	5.92	25066836	160091232.00
20160226	5.97	6.05	5.86	6.00	14297927	88329920.00
20160229	6.02	6.11	5.40	5.81	22218972	132649536.00
20160301	5.91	6.07	5.76	5.90	28299496	173058544.00
20160302	5.94	6.51	5.91	6.51	54066495	351969504.00
20160303	6.59	6.77	6.37	6.45	56415506	381357824.00
20160304	6.37	6.55	6.16	6.29	44305924	291315168.00
20160307	6.37	6.45	6.26	6.35	19564565	128359856.00
20160308	6.34	6.38	6.01	6.29	20632587	131211792.00
20160309	6.11	6.17	6.00	6.15	15561107	97838184.00
20160310	6.15	6.19	5.92	5.95	12612677	78990800.00
20160311	5.90	6.00	5.85	5.98	11495027	70524912.00
20160314	6.02	6.20	6.02	6.14	19877169	125888656.00
20160315	6.12	6.13	5.98	6.06	13367074	83686248.00
20160316	6.07	6.12	6.00	6.05	14976051	93748232.00
20160317	6.08	6.22	6.03	6.19	17045757	108039856.00
20160318	6.19	6.41	6.17	6.30	38790606	252655760.00
20160321	6.40	6.59	6.40	6.47	42417182	283522848.00
20160322	6.44	6.57	6.38	6.42	30385946	202704352.00
20160323	6.40	6.60	6.34	6.55	33550452	224458784.00
20160324	6.46	6.67	6.39	6.45	29919398	200560576.00
20160325	6.40	6.56	6.38	6.48	16193457	108095928.00
20160328	6.49	6.57	6.32	6.37	24026822	160182064.00
20160329	6.38	6.38	6.12	6.17	17017052	109482688.00
20160330	6.22	6.37	6.22	6.36	17754893	115125720.00
20160331	6.38	6.48	6.35	6.41	20762666	137566592.00
20160401	6.37	6.50	6.35	6.50	20823354	138175952.00
20160405	6.60	6.69	6.52	6.64	37704168	256807424.00
20160406	6.59	6.72	6.56	6.71	31350550	215219744.00
20160407	6.72	6.76	6.52	6.53	25572632	174072896.00
20160408	6.48	6.52	6.39	6.49	16756167	111262376.00
20160411	6.52	6.65	6.52	6.57	22619760	153735952.00
20160412	6.57	6.82	6.53	6.78	39689878	273068704.00
20160413	6.80	6.91	6.72	6.79	47340653	332309632.00
20160414	6.82	7.01	6.76	6.98	39949399	283048896.00
20160415	6.94	6.99	6.86	6.91	23223041	165273168.00
20160418	6.86	6.95	6.71	6.76	21799283	153214688.00
20160419	6.80	6.95	6.76	6.94	25590287	180159360.00
20160420	6.90	6.95	6.30	6.58	35558985	241938416.00
20160421	6.50	6.62	6.41	6.48	19669505	132445960.00
20160422	6.46	6.54	6.38	6.49	11739132	78146016.00
20160425	6.50	6.59	6.47	6.53	15153333	101996384.00
20160426	6.54	6.65	6.45	6.63	14372343	97075776.00
20160427	6.60	6.91	6.59	6.82	28759302	201105296.00
20160428	6.73	6.75	6.51	6.62	20855499	142247056.00
20160429	6.60	6.64	6.52	6.54	9240284	62539316.00
20160503	6.51	6.73	6.51	6.70	15007453	102665584.00
20160504	6.68	6.73	6.60	6.62	13204542	90458600.00
20160505	6.64	6.68	6.56	6.64	9972704	67998448.00
20160506	6.64	6.77	6.35	6.38	19877245	135054112.00
20160509	6.35	6.35	6.08	6.10	13669868	87180256.00
20160510	6.10	6.18	6.05	6.16	9158210	57887840.00
20160511	6.16	6.26	6.08	6.18	12120841	77264464.00
20160512	6.12	6.27	5.93	6.20	10515790	66562584.00
20160513	6.11	6.24	6.11	6.16	5699702	36398728.00
20160516	6.13	6.31	6.07	6.30	11549857	73987160.00
20160517	6.30	6.33	6.17	6.19	10054482	64685072.00
20160518	6.08	6.18	5.96	6.16	15179626	94948488.00
20160519	6.10	6.24	6.10	6.18	8632507	55062728.00
20160520	6.13	6.23	6.10	6.21	6280706	40050440.00
20160523	6.20	6.30	6.19	6.26	8257248	53270664.00
20160524	6.39	6.60	6.33	6.37	19713287	131335888.00
20160525	6.36	6.45	6.23	6.30	10053773	65711244.00
20160526	6.30	6.32	6.09	6.28	10791907	68900536.00
20160527	6.26	6.34	6.20	6.30	6912375	44903472.00
20160530	6.30	6.32	6.21	6.24	6854127	43612976.00
20160531	6.24	6.54	6.24	6.48	15278187	99764016.00
20160601	6.48	6.56	6.43	6.51	14010486	92501888.00
20160602	6.51	6.54	6.45	6.53	11143435	73512232.00
20160603	6.58	6.66	6.54	6.57	13452628	89903864.00
20160606	6.60	6.62	6.47	6.60	13208303	87528112.00
20160607	6.57	6.87	6.57	6.74	29064346	199740512.00
20160608	6.71	7.00	6.55	6.93	31852672	219236304.00
20160613	6.81	6.88	6.52	6.55	19594930	134402992.00
20160614	6.49	6.63	6.45	6.57	11083931	73696440.00
20160615	6.47	7.24	6.44	7.24	56805358	408291040.00
20160616	7.58	7.65	7.30	7.35	112783141	854696384.00
20160617	7.36	7.40	7.13	7.20	41427721	304644640.00
20160620	7.25	7.37	7.11	7.31	30854872	226652144.00
20160621	7.35	7.37	6.97	7.05	43962327	319387744.00
20160622	6.98	7.12	6.98	7.11	22521721	161150144.00
20160623	7.08	7.11	6.95	7.00	17290357	123015968.00
20160624	6.99	7.06	6.70	6.96	30706385	215242288.00
20160627	6.94	7.23	6.90	7.19	26288178	188772272.00
20160628	7.16	7.18	7.04	7.16	18728090	135129120.00
20160629	7.17	7.25	7.09	7.14	22578289	163937200.00
20160630	7.10	7.16	7.03	7.11	18503933	132908928.00
20160701	7.09	7.28	7.06	7.18	22373482	162479536.00
20160704	7.10	7.24	7.07	7.18	20487622	149207296.00
20160705	7.23	7.34	7.20	7.26	24131988	178223360.00
20160706	7.23	7.35	7.18	7.23	17148900	126182752.00
20160707	7.23	7.24	7.10	7.18	14527800	105654136.00
20160708	7.16	7.19	7.00	7.02	17178600	122866488.00
20160711	7.05	7.11	6.96	7.01	14478000	103506984.00
20160712	6.99	7.11	6.95	7.09	14238700	101685160.00
20160713	7.10	7.18	7.09	7.16	14928400	108210160.00
20160714	7.17	7.21	7.11	7.16	9183900	66653648.00
20160715	7.17	7.29	7.12	7.23	14524300	106308456.00
20160718	7.18	7.35	7.17	7.20	7694700	56284084.00
20160719	7.15	7.23	7.04	7.15	9828300	70922152.00
20160720	7.12	7.18	7.09	7.10	6160900	44557672.00
20160721	7.12	7.16	7.07	7.12	9153700	66096284.00
20160722	7.12	7.14	6.99	7.01	7847300	56147624.00
20160725	7.02	7.09	6.95	7.06	7491700	53362476.00
20160726	7.06	7.12	7.02	7.10	6647500	47776204.00
20160727	7.09	7.15	6.73	6.79	17464979	122524936.00
20160728	6.79	6.89	6.75	6.84	8167960	56548164.00
20160729	6.88	6.88	6.73	6.74	5465258	37581376.00
20160801	6.72	6.72	6.55	6.61	7547575	50685448.00
20160802	6.67	6.75	6.59	6.72	7067713	47962112.00
20160803	6.68	6.84	6.67	6.79	6474873	44661212.00
20160804	6.77	6.84	6.71	6.82	5008352	34486880.00
20160805	6.83	6.88	6.75	6.81	6168637	42601880.00
20160808	6.78	6.92	6.75	6.89	8088145	56303132.00
20160809	6.85	6.99	6.84	6.95	8123900	57038188.00
20160810	6.93	6.95	6.83	6.85	6285600	43926288.00
20160811	6.82	6.87	6.80	6.80	5986142	41499884.00
20160812	6.78	6.97	6.75	6.95	13365399	93163568.00
20160815	6.93	7.13	6.93	7.10	29148247	208629248.00
20160816	7.09	7.13	7.03	7.07	12985470	93119904.00
20160817	7.07	7.07	6.98	7.01	10343413	73619048.00
20160818	7.02	7.29	7.01	7.14	24080657	174748464.00
20160819	7.10	7.13	6.98	7.01	12791687	91350928.00
20160822	7.08	7.12	7.02	7.04	9618900	69041080.00
20160823	7.06	7.10	6.98	7.03	7013500	50017088.00
20160824	7.05	7.08	6.98	7.01	9580700	68291160.00
20160825	6.97	6.98	6.83	6.88	10389100	72537016.00
20160826	6.89	7.00	6.88	6.89	8077200	56752796.00
20160829	6.90	7.01	6.84	6.91	7803476	54832416.00
20160830	6.92	6.97	6.89	6.94	5001163	35169924.00
20160831	6.91	7.00	6.91	6.97	6218307	43900356.00
20160901	6.99	6.99	6.82	6.83	7611459	53331428.00
20160902	6.83	6.90	6.82	6.88	6471838	45068456.00
20160905	6.88	6.93	6.87	6.91	4269277	29887080.00
20160906	6.91	7.06	6.82	7.06	12484948	88364656.00
20160907	7.03	7.05	6.93	6.98	8765867	62243064.00
20160908	7.00	7.10	7.00	7.01	9249600	66128796.00
20160909	7.04	7.06	6.97	6.98	6514500	46320900.00
20160912	6.86	6.91	6.78	6.88	12109273	84154136.00
20160913	6.90	6.93	6.86	6.90	5975635	41807980.00
20160914	6.86	7.13	6.86	7.06	17250392	123234808.00
20160919	7.06	7.14	7.06	7.08	11042642	79433000.00
20160920	7.10	7.13	7.02	7.11	11193675	80357376.00
20160921	7.13	7.23	7.07	7.11	12701171	92143864.00
20160922	7.14	7.28	7.14	7.24	24240314	177728480.00
20160923	7.25	7.27	7.10	7.11	12841025	93409288.00
20160926	7.11	7.32	7.07	7.22	25595578	187155856.00
20160927	7.18	7.40	7.08	7.30	26198997	192753120.00
20160928	7.38	7.38	7.16	7.18	15378332	113185928.00
20160929	7.24	7.24	7.12	7.17	11694268	85077432.00
20160930	7.17	7.25	7.13	7.16	11756457	85690856.00
20161010	7.08	7.12	6.91	6.99	26876561	190148368.00
20161011	6.99	7.08	6.99	7.06	12514957	89581872.00
20161012	7.01	7.11	7.01	7.10	9051132	64891528.00
20161013	7.10	7.10	7.04	7.07	7020081	50352616.00
20161014	7.11	7.11	7.02	7.09	6239031	44765944.00
20161017	7.11	7.11	6.95	6.98	9071798	64776456.00
20161018	6.98	7.08	6.96	7.07	8140206	58087408.00
20161019	7.09	7.12	7.04	7.06	7461553	53536488.00
20161020	7.06	7.10	6.99	7.07	8019997	57261296.00
20161021	7.09	7.11	7.01	7.10	9305681	66758312.00
20161024	7.13	7.37	7.11	7.23	24392821	179527248.00
20161025	7.20	7.37	7.19	7.25	15760561	116079008.00
20161026	7.25	7.30	7.21	7.27	9557005	70332096.00
20161027	7.29	7.30	7.17	7.20	8079548	59075280.00
20161028	7.21	7.28	7.15	7.18	9114119	66799936.00
20161031	7.19	7.33	7.15	7.32	11656637	85715696.00
20161101	7.32	7.35	7.26	7.33	8994900	66698396.00
20161102	7.30	8.07	7.30	7.57	60105100	470232960.00
20161103	7.51	7.78	7.50	7.63	31461264	242623776.00
20161104	7.60	7.68	7.48	7.52	14241800	109209144.00
20161107	7.53	7.56	7.31	7.39	22069807	165376816.00
20161108	7.42	7.51	7.35	7.46	12686471	95411560.00
20161109	7.44	7.48	7.23	7.28	29823339	221310192.00
20161110	7.34	7.63	7.33	7.48	30804392	234492112.00
20161111	7.48	7.56	7.39	7.54	18262583	138017472.00
20161114	7.52	7.55	7.46	7.52	13544713	102909600.00
20161115	7.48	7.55	7.46	7.50	14235465	108160904.00
20161116	7.49	7.55	7.42	7.44	13433300	101695760.00
20161117	7.43	7.46	7.38	7.45	10788200	81068312.00
20161118	7.46	7.47	7.38	7.45	15380800	115679512.00
20161121	7.43	7.52	7.40	7.49	16968800	128284816.00
20161122	7.50	7.57	7.47	7.55	16873416	128485664.00
20161123	7.56	7.64	7.51	7.54	15619578	119787040.00
20161124	7.53	7.62	7.45	7.46	13685000	104426552.00
20161125	7.47	7.51	7.35	7.47	13445200	101273136.00
20161128	7.47	7.58	7.45	7.53	15991200	121997000.00
20161129	7.53	7.58	7.44	7.45	12635200	95872776.00
20161130	7.44	7.48	7.30	7.39	9217400	69182568.00
20161201	7.42	7.46	7.38	7.42	6711220	50495112.00
20161202	7.42	7.47	7.28	7.30	11817281	88096224.00
20161205	7.20	7.41	7.20	7.39	12194100	90400320.00
20161206	7.40	7.49	7.37	7.48	8373500	63065560.00
20161207	7.43	7.55	7.38	7.52	9912600	75127840.00
20161208	7.51	7.56	7.43	7.47	7925400	60140656.00
20161209	7.52	7.55	7.44	7.48	8084000	61389852.00
20161212	7.42	7.47	7.14	7.15	18178597	133652424.00
20161213	7.15	7.29	7.06	7.16	9123697	66170872.00
20161214	7.15	7.17	7.02	7.05	9465881	68017432.00
20161215	7.02	7.19	6.96	7.09	7885243	56729684.00
20161216	7.08	7.20	7.03	7.10	12908053	92920608.00
20161219	7.10	7.14	7.01	7.12	5459495	39258944.00
20161220	7.14	7.14	7.05	7.10	4805127	34538736.00
20161221	7.08	7.14	7.08	7.13	7766495	55945568.00
20161222	7.10	7.12	7.06	7.07	7491809	53819704.00
20161223	7.18	7.18	6.99	7.01	10902285	78028296.00
20161226	6.96	7.07	6.94	7.06	6319489	44882932.00
20161227	7.11	7.11	7.03	7.05	3837172	27461164.00
20161228	7.08	7.08	6.97	6.98	6312342	44890680.00
20161229	7.02	7.04	6.93	6.98	4009600	28440508.00
20161230	7.00	7.10	6.99	7.06	8386300	60080904.00
20170103	7.06	7.12	7.05	7.10	6707246	48285132.00
20170104	7.12	7.17	7.06	7.17	10489377	75663280.00
20170105	7.12	7.17	7.11	7.13	5514934	39947528.00
20170106	7.13	7.16	7.09	7.10	4267076	30783634.00
20170109	7.10	7.13	7.08	7.13	5165110	37231720.00
20170110	7.17	7.31	7.15	7.18	12063355	88312744.00
20170111	7.13	7.20	7.03	7.06	7234648	52150288.00
20170112	7.04	7.10	6.99	7.00	4666841	33315766.00
20170113	7.01	7.07	6.97	6.99	5494233	39057028.00
20170116	6.97	7.13	6.55	6.75	12354733	85381504.00
20170117	6.76	6.81	6.68	6.78	5128529	35111188.00
20170118	6.77	6.81	6.73	6.77	4273143	29349116.00
20170119	6.79	6.79	6.66	6.67	9454001	64370248.00
20170120	6.67	6.75	6.56	6.72	7438690	50491236.00
20170123	6.75	6.86	6.71	6.79	7963977	55048328.00
20170124	6.65	6.83	6.65	6.77	5328842	36699000.00
20170125	6.81	6.99	6.80	6.94	6873343	48255148.00
20170126	6.99	7.03	6.93	6.99	5584349	39611320.00
20170203	7.00	7.02	6.92	6.93	4316100	30448668.00
20170206	6.94	7.00	6.91	6.98	4803407	33919280.00
20170207	6.99	6.99	6.93	6.96	6089835	42987536.00
20170208	6.97	7.07	6.95	7.05	7665434	54626216.00
20170209	7.05	7.11	7.02	7.05	9094382	65202220.00
20170210	7.07	7.09	7.02	7.05	5536647	39601560.00
20170213	7.05	7.12	7.03	7.10	6030438	43351608.00
20170214	7.10	7.12	7.05	7.09	3945386	28364100.00
20170215	7.08	7.13	7.00	7.01	7267532	52077740.00
20170216	7.02	7.08	6.99	7.06	7111752	50783084.00
20170217	7.07	7.09	6.97	7.01	5940919	42419164.00
20170220	7.04	7.10	7.00	7.09	5906600	42266176.00
20170221	7.09	7.20	7.07	7.18	9975873	72402840.00
20170222	7.14	7.28	7.14	7.24	10444524	76664232.00
20170223	7.25	7.25	7.13	7.17	8399546	61068344.00
20170224	7.16	7.19	7.10	7.16	6648000	48073932.00
20170227	7.16	7.18	7.04	7.05	6775200	48670880.00
20170228	7.06	7.09	7.04	7.07	5564042	39885064.00
20170301	7.06	7.20	7.04	7.12	9394047	67999880.00
20170302	7.12	7.16	7.07	7.07	8602952	62095180.00
20170303	7.08	7.32	7.03	7.15	12697784	92373936.00
20170306	7.13	7.26	7.13	7.23	12444088	91146944.00
20170307	7.26	7.29	7.18	7.23	10597500	77545832.00
20170308	7.23	7.25	7.13	7.17	7609773	55284512.00
20170309	7.15	7.15	7.07	7.12	8182450	58949696.00
20170310	7.11	7.15	7.09	7.10	5058811	36566412.00
20170313	7.09	7.18	7.03	7.18	7894806	57101516.00
20170314	7.18	7.25	7.15	7.18	8943033	65305232.00
20170315	7.15	7.18	7.05	7.06	10163443	73094008.00
20170316	7.07	7.15	7.07	7.12	9105709	65736088.00
20170317	7.12	7.17	7.04	7.05	14155042	102114624.00
20170320	7.06	7.06	6.92	6.96	14584400	103107616.00
20170321	6.96	6.98	6.92	6.94	6844800	48261236.00
20170322	6.92	6.95	6.86	6.90	8347633	58427408.00
20170323	6.89	6.94	6.81	6.88	8010376	55971828.00
20170324	6.89	7.00	6.84	6.98	9803000	69077984.00
20170327	6.98	7.01	6.88	6.91	8915848	62710096.00
20170328	6.92	6.94	6.89	6.89	5972523	41855604.00
20170329	6.91	6.93	6.85	6.85	6282934	43889080.00
20170330	6.85	6.88	6.68	6.70	8902861	61163532.00
20170331	6.86	6.88	6.71	6.79	9336740	64460816.00
20170405	6.91	7.02	6.91	6.97	20534166	145064336.00
20170406	6.98	7.05	6.96	7.01	20595435	146390976.00
20170407	7.04	7.06	7.00	7.01	10592726	75436056.00
20170410	7.03	7.11	7.00	7.00	12013686	85914768.00
20170411	7.02	7.15	6.99	7.12	16663900	119700064.00
20170412	7.14	7.18	7.06	7.07	15844900	114405328.00
20170413	7.10	7.29	7.06	7.21	24855142	181072800.00
20170414	7.23	7.28	7.11	7.12	16838636	122455640.00
20170417	7.11	7.16	7.03	7.07	10439673	74983080.00
20170418	7.07	7.10	7.00	7.01	9766483	69840448.00
20170419	7.00	7.00	6.79	6.85	14073207	98081920.00
20170420	6.85	6.89	6.78	6.83	9140825	63368936.00
20170421	6.83	6.87	6.73	6.75	11736779	80832480.00
20170424	6.77	6.80	6.50	6.54	12014200	80633776.00
20170425	6.57	6.63	6.51	6.60	9650300	64415484.00
20170426	6.67	6.85	6.66	6.72	14934400	102145136.00
20170427	6.70	6.76	6.59	6.74	12029800	81515128.00
20170428	6.70	6.84	6.61	6.80	8521825	58472072.00
20170502	6.80	6.93	6.77	6.84	13478107	93821400.00
20170503	6.82	6.86	6.75	6.80	11247406	77763352.00
20170504	6.81	6.86	6.78	6.81	10220700	70830080.00
20170505	6.79	6.85	6.65	6.69	10511600	71867760.00
20170508	6.67	6.76	6.61	6.62	8021900	54447344.00
20170509	6.60	6.77	6.52	6.68	8915600	60113888.00
20170510	6.68	6.75	6.54	6.55	7018000	47384384.00
20170511	6.51	6.58	6.27	6.49	13362300	87278208.00
20170512	6.47	6.51	6.36	6.45	10497941	68671448.00
20170515	6.45	6.53	6.41	6.48	6887149	45242080.00
20170516	6.47	6.64	6.31	6.62	9914061	65564836.00
20170517	6.60	6.65	6.57	6.59	6537258	43866928.00
20170518	6.47	6.60	6.47	6.54	5727000	38096188.00
20170519	6.54	6.64	6.52	6.60	6527633	43653816.00
20170522	6.59	6.60	6.34	6.36	11006769	72032624.00
20170523	6.37	6.42	6.23	6.25	8272400	53268672.00
20170524	6.27	6.33	6.17	6.25	9444800	59902968.00
20170525	6.25	6.39	6.15	6.38	12513000	79691792.00
20170526	6.41	6.42	6.36	6.37	6042000	38580776.00
20170531	6.45	6.52	6.38	6.39	8479668	54633700.00
20170601	6.39	6.41	6.22	6.23	7270950	46019736.00
20170602	6.24	6.57	6.20	6.44	13055882	82924864.00
20170605	6.45	6.51	6.40	6.49	9555173	61575756.00
20170606	6.46	6.51	6.43	6.51	9385344	60781320.00
20170607	6.50	6.61	6.46	6.60	12983822	85144104.00
20170608	6.58	6.60	6.52	6.54	8322725	54596096.00
20170609	6.54	6.55	6.45	6.51	8608714	55870388.00
20170612	6.50	6.50	6.39	6.41	9304900	59989312.00
20170613	6.41	6.62	6.37	6.54	12302276	80279168.00
20170614	6.54	6.58	6.47	6.50	8548389	55907896.00
20170615	6.50	6.70	6.50	6.58	12066902	79761504.00
20170616	6.62	6.64	6.52	6.59	8473435	55722380.00
20170619	6.58	6.63	6.55	6.61	7214668	47568820.00
20170620	6.63	6.67	6.60	6.62	7776155	51608216.00
20170621	6.62	6.64	6.55	6.60	7539232	49711656.00
20170622	6.59	6.62	6.48	6.50	11029659	72515696.00
20170623	6.51	6.52	6.00	6.45	12302480	78882976.00
20170626	6.46	6.59	6.41	6.58	13206047	85808200.00
20170627	6.60	6.61	6.53	6.59	9503415	62422736.00
20170628	6.55	6.59	6.49	6.52	8793364	57564292.00
20170629	6.53	6.59	6.53	6.56	6300507	41335072.00
20170630	6.80	7.17	6.75	6.87	43357636	299753056.00
20170703	6.89	6.93	6.78	6.86	24349710	167009344.00
20170704	6.91	6.93	6.83	6.88	17230982	118491288.00
20170705	6.87	6.89	6.80	6.88	15752202	107904152.00
20170706	6.86	7.08	6.85	7.02	30486479	213698944.00
20170707	6.98	7.07	6.98	7.03	15814741	111013840.00
20170710	7.02	7.14	6.98	7.07	17025671	120322744.00
20170711	7.06	7.06	6.87	6.88	14099335	98423456.00
数据来源:通达信
