600075 新疆天业 日线 前复权
      日期	    开盘	    最高	    最低	    收盘	    成交量	    成交额
20111010	7.52	7.67	7.49	7.56	2004035	21565050.00
20111011	7.70	7.81	7.45	7.57	2734613	29675436.00
20111012	7.47	7.82	7.44	7.81	4167651	45601420.00
20111013	7.88	8.04	7.84	7.96	5490017	62048432.00
20111014	7.91	8.02	7.88	7.96	3583344	40487924.00
20111017	8.00	8.07	7.89	7.93	2542879	28653400.00
20111018	7.86	8.00	7.56	7.59	3118245	34314796.00
20111019	7.60	7.69	7.39	7.44	2865730	30763672.00
20111020	7.44	7.44	7.01	7.12	4556105	46186916.00
20111021	7.15	7.15	6.95	6.96	2511931	25130972.00
20111024	6.98	7.16	6.89	7.13	2493898	24966496.00
20111025	7.09	7.34	7.07	7.31	3699173	38029532.00
20111026	7.25	7.46	7.22	7.31	5297206	55333392.00
20111027	7.31	7.52	7.28	7.35	4057523	42694728.00
20111028	7.46	7.57	7.39	7.53	4630880	49144888.00
20111031	7.55	7.61	7.44	7.58	3726501	39837684.00
20111101	7.46	7.69	7.45	7.62	5007556	53890288.00
20111102	7.48	7.68	7.42	7.67	5106751	54775428.00
20111103	8.18	8.38	7.82	7.84	12806367	146964000.00
20111104	7.91	8.29	7.77	8.12	8529214	97101152.00
20111107	8.11	8.46	8.04	8.16	6367930	74144544.00
20111108	8.28	8.28	7.84	7.90	5537279	63029196.00
20111109	7.91	8.20	7.79	8.18	6016885	68480024.00
20111110	8.18	8.30	7.99	8.09	8290309	95970184.00
20111111	8.11	8.38	7.96	8.04	4570782	52702580.00
20111114	8.14	8.22	8.11	8.21	5180194	60173076.00
20111115	8.21	8.29	8.12	8.19	4861483	56495024.00
20111116	8.12	8.19	7.75	8.04	6237891	70410512.00
20111117	7.96	8.01	7.88	7.90	2577726	29056002.00
20111118	7.86	7.98	7.66	7.69	4072929	45165524.00
20111121	7.69	7.88	7.60	7.85	3138638	34474664.00
20111122	7.69	7.82	7.56	7.73	2960642	32247920.00
20111123	7.64	7.92	7.64	7.71	2454662	27116456.00
20111124	7.64	7.78	7.61	7.66	2472041	26933672.00
20111125	7.59	7.73	7.54	7.64	2388063	25889164.00
20111128	7.86	8.25	7.86	8.06	13183257	150501184.00
20111129	8.09	8.12	7.97	8.10	6723477	76813072.00
20111130	8.09	8.21	7.72	7.86	7905827	89521568.00
20111201	8.12	8.24	8.01	8.11	10080844	116410064.00
20111202	8.11	8.23	7.89	7.97	6275374	71906560.00
20111205	7.90	7.91	7.36	7.38	7159737	76583800.00
20111206	7.46	7.50	7.14	7.37	4910559	50930240.00
20111207	7.39	7.41	7.19	7.27	3269215	33871712.00
20111208	7.21	7.74	7.19	7.39	5651092	59441360.00
20111209	7.39	7.44	7.29	7.39	2799870	29279908.00
20111212	7.44	7.59	7.39	7.48	4329487	46016224.00
20111213	7.56	7.56	7.32	7.32	4980809	52556024.00
20111214	7.33	7.33	6.99	7.09	3773479	38445744.00
20111216	6.82	7.19	6.78	7.18	4485819	44322448.00
20111219	7.16	7.16	6.81	7.03	3728309	36857940.00
20111220	6.97	7.09	6.82	6.83	3659831	36130216.00
20111221	6.91	6.99	6.62	6.64	3710640	35933384.00
20111222	6.61	6.65	6.10	6.44	3719912	33833104.00
20111223	6.37	6.53	6.29	6.46	3626119	33126484.00
20111226	6.42	6.57	6.34	6.46	2896672	26622484.00
20111227	6.45	6.49	6.24	6.26	2378490	21461424.00
20111228	6.18	6.18	5.81	6.05	2911231	24966408.00
20111229	5.97	6.13	5.93	6.03	2137370	18417896.00
20111230	6.11	6.14	6.04	6.13	2458778	21354840.00
20120104	6.24	6.25	5.82	5.84	2244786	19403276.00
20120105	5.81	5.88	5.38	5.41	4180653	33140790.00
20120106	5.37	5.44	5.18	5.39	3012508	22815336.00
20120109	5.43	5.64	5.33	5.63	3719583	29342884.00
20120110	5.64	6.07	5.64	5.99	8792406	74199240.00
20120111	5.96	6.16	5.89	6.06	6667830	57146472.00
20120112	6.09	6.14	5.96	6.02	4241132	36615956.00
20120113	6.04	6.04	5.71	5.74	4954783	41010296.00
20120116	5.71	5.75	5.52	5.56	2468357	19832666.00
20120117	5.54	5.90	5.54	5.89	3910468	32222326.00
20120118	5.89	6.02	5.74	5.78	4057033	34089312.00
20120119	5.77	5.88	5.74	5.85	2254899	18728776.00
20120120	5.90	6.07	5.88	6.06	4524673	38790532.00
20120130	6.08	6.12	5.94	6.00	3122594	26846976.00
20120131	5.99	6.11	5.88	6.10	2751772	23477494.00
20120201	6.09	6.21	6.00	6.06	4930907	42816764.00
20120202	6.12	6.20	6.09	6.17	4641371	40636524.00
20120203	6.18	6.24	6.11	6.21	5025116	44278644.00
20120206	6.20	6.25	6.15	6.21	4096766	36138928.00
20120207	6.20	6.20	5.96	5.98	4025583	34580832.00
20120208	5.97	6.14	5.94	6.12	3904254	33683236.00
20120209	6.15	6.38	6.13	6.32	8921646	79877984.00
20120210	6.31	6.49	6.25	6.42	8333295	75753144.00
20120213	6.51	6.73	6.43	6.46	11299003	105374192.00
20120214	6.44	6.51	6.36	6.40	5921718	54103624.00
20120215	6.38	6.62	6.37	6.57	6711068	62338948.00
20120216	6.54	6.59	6.46	6.56	5272742	48981360.00
20120217	6.64	6.69	6.49	6.51	4786412	44749796.00
20120220	6.61	6.64	6.46	6.54	4548056	42287036.00
20120221	6.58	6.59	6.44	6.59	5120329	47675120.00
20120222	6.57	6.71	6.54	6.68	7716705	72878624.00
20120223	6.68	6.83	6.61	6.81	8793744	84090864.00
20120224	6.79	6.85	6.71	6.82	6768329	65255976.00
20120227	6.84	6.90	6.75	6.76	7828019	76139264.00
20120228	6.77	7.11	6.69	7.00	15183007	149432688.00
20120229	6.96	6.96	6.77	6.79	7511421	73264368.00
20120301	6.76	6.86	6.74	6.82	4834809	46688856.00
20120302	6.89	6.99	6.85	6.94	7002199	68852384.00
20120305	6.96	7.06	6.94	6.97	6650045	66130548.00
20120306	6.97	7.01	6.72	6.77	6004996	58140160.00
20120307	6.68	6.80	6.64	6.66	4367995	41635052.00
20120308	6.71	6.80	6.68	6.74	4644836	44574872.00
20120309	6.76	6.92	6.71	6.91	5848819	56843552.00
20120312	6.94	6.95	6.81	6.90	5025344	49136016.00
20120313	6.90	7.02	6.86	7.01	7355625	72561328.00
20120314	7.04	7.06	6.48	6.53	10935413	106186496.00
20120315	6.54	6.61	6.31	6.39	6075238	55600104.00
20120316	6.41	6.53	6.36	6.52	4699024	43168276.00
20120319	6.52	6.76	6.49	6.69	7245835	68412024.00
20120320	6.67	6.67	6.43	6.46	5062450	46918088.00
20120321	6.50	6.60	6.38	6.54	4175679	38539204.00
20120322	6.52	6.65	6.46	6.57	5789760	54172024.00
20120323	6.55	6.55	6.37	6.39	4310020	39510632.00
20120326	6.39	6.58	6.37	6.47	4640668	42702376.00
20120327	6.57	6.75	6.52	6.70	13401972	126582760.00
20120328	6.61	6.64	6.39	6.43	7255116	67161520.00
20120329	6.41	6.41	5.85	5.95	6300000	54754724.00
20120330	5.99	6.07	5.86	6.01	3349366	28406696.00
20120405	6.04	6.30	5.98	6.26	4780788	41698600.00
20120406	6.25	6.27	6.16	6.24	3931538	34857344.00
20120409	6.24	6.25	5.96	5.97	3316867	28812268.00
20120410	5.96	6.08	5.77	6.06	3755436	31746960.00
20120411	5.95	6.09	5.92	6.04	2936146	25180014.00
20120412	6.07	6.21	6.03	6.19	4253462	37111156.00
20120413	6.14	6.34	6.14	6.31	5564582	49644896.00
20120416	6.26	6.59	6.22	6.44	8366565	76723216.00
20120417	6.39	6.42	6.23	6.24	5144866	46253652.00
20120418	6.26	6.39	6.24	6.38	4433877	40021664.00
20120419	6.36	6.48	6.35	6.39	4834312	44194536.00
20120420	6.39	6.47	6.36	6.44	4528969	41393376.00
20120423	6.45	6.49	6.34	6.38	4744533	43417592.00
20120424	6.37	6.37	5.96	6.14	6354645	55471600.00
20120425	6.14	6.24	6.04	6.21	4347748	38094696.00
20120427	5.61	5.82	5.61	5.72	10081277	82478416.00
20120502	5.74	5.77	5.40	5.54	9578992	76079456.00
20120503	5.49	5.59	5.47	5.59	4667055	37003024.00
20120504	5.59	5.73	5.54	5.70	4954955	39890192.00
20120507	5.67	5.95	5.55	5.94	9320917	75445584.00
20120508	5.80	5.91	5.76	5.80	9448816	78293960.00
20120509	5.76	5.76	5.64	5.65	4523647	36643024.00
20120510	5.63	5.67	5.58	5.63	3123444	25064624.00
20120511	5.63	5.66	5.56	5.58	2787083	22289692.00
20120514	5.65	5.66	5.59	5.61	2800198	22500888.00
20120515	5.55	5.60	5.51	5.56	2454701	19432956.00
20120516	5.54	5.56	5.47	5.47	2446700	19259284.00
20120517	5.47	5.61	5.47	5.61	2505831	19900800.00
20120518	5.58	5.71	5.54	5.66	2896544	23104520.00
20120521	5.61	5.67	5.56	5.61	2054452	16383203.00
20120522	5.62	5.74	5.62	5.72	3495729	28193008.00
20120523	5.70	5.90	5.57	5.71	5306693	43024308.00
20120524	5.68	5.81	5.65	5.79	6797854	55211500.00
20120525	5.79	5.82	5.64	5.77	6768801	55118760.00
20120528	5.76	5.93	5.71	5.91	11542939	95753032.00
20120529	5.91	6.02	5.84	6.01	10209293	85772448.00
20120530	6.00	6.00	5.86	5.94	7153307	60122952.00
20120531	5.93	5.93	5.75	5.81	8564460	70595536.00
20120601	5.80	5.95	5.78	5.84	6831970	56710592.00
20120604	5.64	5.70	5.54	5.55	6189153	49326856.00
20120605	5.56	5.59	5.54	5.56	2385598	18801222.00
20120606	5.57	5.59	5.49	5.49	2239383	17545128.00
20120607	5.56	5.56	5.44	5.44	1849519	14441348.00
20120608	5.47	5.52	5.36	5.39	2050870	15785193.00
20120611	5.40	5.51	5.37	5.51	2452826	19003248.00
20120612	5.48	5.48	5.40	5.42	1710500	13187784.00
20120613	5.47	5.54	5.44	5.50	2591114	20160350.00
20120614	5.44	5.51	5.44	5.44	2351381	18236760.00
20120615	5.50	5.51	5.38	5.49	2041678	15786561.00
20120618	5.49	5.58	5.48	5.50	2521153	19751828.00
20120619	5.50	5.50	5.41	5.42	1972425	15226661.00
20120620	5.44	5.46	5.39	5.41	2013742	15449023.00
20120621	5.39	5.43	5.30	5.31	1707692	12942448.00
20120625	5.39	5.43	5.14	5.20	2723018	20596974.00
20120626	5.14	5.22	4.99	5.07	2230380	16033386.00
20120627	5.06	5.14	5.02	5.04	1688902	12220147.00
20120628	5.04	5.11	4.94	4.95	1489468	10600935.00
20120629	4.94	5.00	4.90	4.99	1492853	10509857.00
20120702	5.29	5.29	5.06	5.07	2705594	19815712.00
20120703	5.04	5.16	5.04	5.11	1787284	12941004.00
20120704	5.11	5.12	5.04	5.05	1305843	9397912.00
20120705	5.04	5.04	4.88	4.88	1565952	10956978.00
20120706	4.89	4.92	4.68	4.83	3137034	21409184.00
20120709	4.79	4.79	4.57	4.59	3613297	23944458.00
20120710	4.58	4.61	4.42	4.47	2265612	14489224.00
20120711	4.48	4.56	4.46	4.54	1650079	10595854.00
20120712	4.54	4.60	4.44	4.58	2116547	13656510.00
20120713	4.54	4.60	4.51	4.54	1369559	8876384.00
20120716	4.54	4.55	4.27	4.29	2140071	13317899.00
20120717	4.27	4.33	4.26	4.32	1172646	7180604.00
20120718	4.32	4.37	4.27	4.37	1663498	10218483.00
20120719	4.36	4.51	4.35	4.46	2711270	17165676.00
20120720	4.44	4.53	4.39	4.41	1489979	9463589.00
20120723	4.38	4.61	4.37	4.54	4027489	25894372.00
20120724	4.50	4.59	4.44	4.53	2355630	15147670.00
20120725	4.56	4.60	4.46	4.49	1925354	12417989.00
20120726	4.49	4.59	4.46	4.47	1947659	12519313.00
20120727	4.49	4.53	4.29	4.35	1811088	11381632.00
20120730	4.41	4.41	4.25	4.29	1804770	11035852.00
20120731	4.30	4.30	4.06	4.14	2079550	12298646.00
20120801	4.13	4.23	4.09	4.21	1199797	7175206.00
20120802	4.21	4.23	4.11	4.13	992229	5870441.00
20120803	4.14	4.22	4.11	4.21	1090895	6486490.00
20120806	4.21	4.30	4.15	4.30	1657548	10027535.00
20120807	4.30	4.43	4.27	4.39	2853179	17671644.00
20120808	4.39	4.44	4.35	4.39	1946810	12174261.00
20120809	4.39	4.54	4.32	4.46	2339845	14760238.00
20120810	4.44	4.62	4.39	4.58	4606752	29573912.00
20120813	4.50	4.54	4.36	4.38	2865207	18171300.00
20120814	4.37	4.41	4.27	4.39	1786580	11047356.00
20120815	4.35	4.39	4.28	4.29	1721169	10599231.00
20120816	4.21	4.33	4.19	4.25	1259367	7643590.00
20120817	4.25	4.30	4.21	4.29	1011398	6140690.00
20120820	4.27	4.34	4.22	4.31	1214786	7380695.00
20120821	4.31	4.46	4.28	4.44	3146794	19732510.00
20120822	4.44	4.49	4.37	4.43	1751083	11031190.00
20120823	4.40	4.48	4.39	4.48	1897128	11998533.00
20120824	4.46	4.51	4.31	4.31	2250660	14067263.00
20120827	4.31	4.31	4.15	4.17	1697176	10186918.00
20120828	4.21	4.26	4.16	4.19	1043246	6255183.00
20120829	4.19	4.29	4.19	4.26	1645277	9945847.00
20120830	4.26	4.30	4.12	4.20	1713137	10281893.00
20120831	4.21	4.25	4.16	4.16	866894	5172998.00
20120903	4.16	4.34	4.16	4.29	1921477	11664616.00
20120904	4.39	4.73	4.39	4.73	19283444	127877952.00
20120905	4.74	5.21	4.73	5.21	28937405	207559840.00
20120906	5.42	5.71	5.26	5.42	41551927	321025248.00
20120907	5.43	5.59	5.33	5.49	36627810	282386560.00
20120910	5.42	5.61	5.32	5.56	30190117	234226336.00
20120911	5.49	5.49	5.30	5.34	18704002	142731920.00
20120912	5.37	5.46	5.30	5.45	15763395	120390776.00
20120913	5.41	5.41	5.07	5.15	13861476	104373960.00
20120914	5.21	5.24	5.00	5.10	14585878	106250640.00
20120917	5.06	5.20	5.05	5.10	9299754	67548352.00
20120918	5.07	5.26	5.02	5.22	11527688	84390736.00
20120919	5.23	5.25	4.97	5.05	9723421	70154024.00
20120920	5.02	5.16	4.91	5.01	10136883	72526824.00
20120921	4.99	5.01	4.79	4.80	8534429	58989724.00
20120924	4.71	4.89	4.67	4.86	7786391	52924276.00
20120925	4.82	4.89	4.73	4.76	5496956	37497408.00
20120926	4.71	4.78	4.60	4.67	6199673	41171808.00
20120927	4.67	4.88	4.64	4.86	9467787	64323288.00
20120928	4.79	4.93	4.76	4.91	8293170	57004632.00
20121008	4.91	4.92	4.76	4.81	5546028	38034496.00
20121009	4.80	5.03	4.80	4.96	9328023	65264104.00
20121010	4.94	5.10	4.86	5.09	11411628	80971616.00
20121011	5.03	5.13	4.93	4.93	9142541	65204324.00
20121012	4.92	4.98	4.79	4.86	6036451	41783456.00
20121015	4.87	4.89	4.73	4.81	3485824	23671752.00
20121016	4.80	4.91	4.75	4.79	3538328	24330344.00
20121017	4.75	4.91	4.75	4.88	3795784	26104708.00
20121018	4.88	5.01	4.85	4.95	5702885	40096396.00
20121019	4.99	4.99	4.84	4.85	5357201	37221152.00
20121022	4.76	4.86	4.76	4.84	2791161	19064104.00
20121023	4.83	4.91	4.76	4.81	3594986	24629432.00
20121024	4.77	4.86	4.75	4.81	3283636	22426412.00
20121025	4.79	4.81	4.64	4.65	4335820	29148176.00
20121026	4.66	4.67	4.40	4.41	5233516	33273488.00
20121029	4.41	4.50	4.36	4.49	2493224	15731065.00
20121030	4.49	4.51	4.43	4.44	2308769	14674723.00
20121031	4.36	4.48	4.33	4.47	2755397	17252008.00
20121101	4.51	4.71	4.51	4.65	7393905	48770920.00
20121102	4.61	4.70	4.59	4.66	5014716	33089098.00
20121105	4.65	4.71	4.61	4.66	2763110	18269934.00
20121106	4.63	4.66	4.46	4.55	3517063	22667828.00
20121107	4.56	4.60	4.45	4.54	1963297	12644760.00
20121108	4.56	4.84	4.55	4.60	9058865	60654952.00
20121109	4.43	4.75	4.34	4.72	9928572	64838000.00
20121112	4.68	4.99	4.63	4.85	11888294	81744400.00
20121113	4.79	4.84	4.68	4.69	5817553	39287972.00
20121114	4.68	4.99	4.68	4.79	9270116	63676760.00
20121115	4.76	4.76	4.39	4.47	6945612	45022416.00
20121116	4.46	4.51	4.30	4.35	4603270	28682648.00
20121119	4.37	4.49	4.33	4.46	3821307	23971148.00
20121120	4.50	4.59	4.39	4.40	4659925	29851728.00
20121121	4.40	4.56	4.33	4.54	4972417	31370280.00
20121122	4.50	4.64	4.44	4.50	6239550	40300432.00
20121123	4.49	4.64	4.44	4.59	5154894	33353848.00
20121126	4.54	4.59	4.47	4.52	3662618	23632492.00
20121127	4.51	4.51	4.29	4.30	3969777	24599668.00
20121128	4.26	4.41	4.25	4.31	3355087	20702564.00
20121129	4.31	4.46	4.16	4.20	3300059	20123340.00
20121130	4.20	4.30	4.14	4.24	2474408	14882681.00
20121203	4.27	4.31	4.11	4.12	2454225	14588661.00
20121204	4.11	4.12	3.89	4.06	3366273	19190880.00
20121205	4.04	4.28	3.99	4.24	5280972	31375828.00
20121206	4.24	4.29	4.18	4.26	3256395	19662160.00
20121207	4.24	4.39	4.21	4.36	5641269	34858640.00
20121210	4.36	4.69	4.30	4.59	11380252	73080120.00
20121211	4.50	4.57	4.46	4.48	5360259	34379304.00
20121212	4.51	4.67	4.48	4.55	7230152	46907936.00
20121213	4.56	4.56	4.33	4.37	7262795	45487804.00
20121214	4.50	4.69	4.50	4.60	12706638	83223064.00
20121217	4.58	4.85	4.55	4.66	10931421	72934696.00
20121218	4.66	4.77	4.57	4.66	8563189	57063872.00
20121219	4.64	4.69	4.58	4.62	5496963	36083536.00
20121220	4.61	4.61	4.49	4.59	5113706	33068812.00
20121221	4.58	4.66	4.54	4.62	4558419	29792700.00
20121224	4.64	4.66	4.56	4.60	3126551	20419488.00
20121225	4.57	4.71	4.51	4.69	7673675	50672032.00
20121226	4.70	4.82	4.66	4.78	8854026	59722168.00
20121227	4.78	4.82	4.64	4.67	6236267	41673828.00
20121228	4.63	4.72	4.61	4.71	4650688	30870804.00
20121231	4.71	4.76	4.66	4.71	4839470	32366320.00
20130104	4.75	4.81	4.67	4.79	7110579	47968832.00
20130107	4.80	4.81	4.71	4.79	5301331	35804996.00
20130108	4.79	4.89	4.73	4.87	10099160	69202504.00
20130109	4.87	4.98	4.83	4.90	8830524	61606116.00
20130110	4.87	4.96	4.79	4.87	5897887	40724068.00
20130111	4.86	4.88	4.70	4.73	5013266	34017732.00
20130114	4.71	4.88	4.69	4.86	6187474	42224324.00
20130115	4.86	4.98	4.84	4.94	8927473	62612580.00
20130116	4.96	5.05	4.85	4.96	7312064	51534584.00
20130117	4.96	5.00	4.86	4.89	4818662	33649992.00
20130118	4.90	5.07	4.88	5.05	7586853	53722820.00
20130121	5.04	5.11	4.97	5.08	6237303	44647372.00
20130122	5.06	5.06	4.86	4.93	6192414	43630984.00
20130123	4.86	4.94	4.79	4.89	3876831	26793268.00
20130124	4.99	5.18	4.89	4.91	11846157	84541024.00
20130125	4.86	4.94	4.77	4.79	4678756	32099852.00
20130128	4.80	4.91	4.80	4.90	3855453	26682176.00
20130129	4.91	5.00	4.89	5.00	5597926	39274064.00
20130130	5.00	5.09	4.91	5.04	6352887	45153468.00
20130131	4.96	4.99	4.84	4.92	7182367	49904768.00
20130201	4.89	4.92	4.79	4.84	6052593	41650032.00
20130204	4.83	4.85	4.73	4.75	5076296	34394340.00
20130205	4.72	4.81	4.71	4.80	2896395	19617748.00
20130206	4.82	4.82	4.71	4.74	3998752	27026824.00
20130207	4.74	4.81	4.72	4.76	3147085	21326470.00
20130208	4.76	4.82	4.76	4.81	3425488	23353896.00
20130218	5.04	5.10	4.89	4.91	10726835	75628704.00
20130219	4.88	4.95	4.84	4.88	4686333	32557496.00
20130220	4.87	4.99	4.87	4.96	5662381	39716840.00
20130221	4.93	4.93	4.77	4.78	5233686	35916796.00
20130222	4.78	4.83	4.77	4.81	3723929	25365260.00
20130225	4.81	4.95	4.81	4.91	4745754	32884128.00
20130226	4.91	4.91	4.76	4.78	4123328	28273616.00
20130227	4.79	4.84	4.73	4.82	3778630	25696344.00
20130228	4.83	4.93	4.76	4.92	5829083	40241808.00
20130301	4.95	5.04	4.89	5.01	10582043	74749264.00
20130304	5.06	5.51	5.01	5.51	34436390	265855536.00
20130305	5.64	5.69	5.40	5.60	45505481	358982784.00
20130306	5.47	5.54	5.41	5.46	23810125	183875456.00
20130307	5.43	5.44	5.15	5.20	17784875	133125216.00
20130308	5.19	5.27	5.14	5.24	8283970	61241216.00
20130311	5.24	5.24	5.09	5.12	8154344	59656632.00
20130312	5.17	5.26	4.99	5.06	11133365	81258528.00
20130313	5.09	5.16	5.03	5.15	9261282	67151936.00
20130314	5.11	5.24	5.06	5.11	6901080	50449124.00
20130315	5.16	5.16	4.92	4.96	8950806	63542604.00
20130318	4.96	4.96	4.79	4.80	6110193	42102672.00
20130319	4.83	4.99	4.82	4.87	6215430	43189028.00
20130320	4.87	4.98	4.82	4.96	6541218	45645324.00
20130321	4.96	5.11	4.93	5.03	8257330	59010060.00
20130322	5.00	5.01	4.94	4.97	5028138	35488952.00
20130325	4.97	5.01	4.94	4.96	4194738	29587688.00
20130326	4.96	4.99	4.81	4.83	6048145	41686668.00
20130327	4.83	4.88	4.77	4.82	4315501	29583172.00
20130328	4.77	4.79	4.56	4.57	6507436	42875748.00
20130329	4.62	4.64	4.57	4.60	3375397	22093348.00
20130401	4.60	4.67	4.59	4.63	2538912	16764431.00
20130402	4.72	4.91	4.72	4.75	6750265	46086324.00
20130403	4.69	4.71	4.61	4.66	3503218	23187456.00
20130408	4.63	4.63	4.46	4.57	3694024	23758576.00
20130409	4.57	4.67	4.57	4.64	2044579	13453547.00
20130410	4.63	4.64	4.54	4.59	2418163	15765544.00
20130411	4.61	4.68	4.58	4.63	3063518	20178386.00
20130412	4.71	4.74	4.61	4.63	2771404	18394108.00
20130415	4.49	4.60	4.49	4.54	2672605	17237132.00
20130416	4.46	4.56	4.44	4.54	2157866	13796152.00
20130417	4.54	4.56	4.50	4.54	1680380	10851702.00
20130418	4.51	4.71	4.50	4.69	4640718	30603620.00
20130419	4.69	4.84	4.69	4.80	8448949	57238280.00
20130422	4.81	4.83	4.73	4.79	5545675	37665464.00
20130423	4.77	4.82	4.68	4.71	3729331	25070736.00
20130424	4.71	4.90	4.71	4.86	8301363	56996604.00
20130425	4.86	4.96	4.81	4.85	12673509	88058392.00
20130426	4.82	5.11	4.79	5.08	17353778	123444016.00
20130502	5.08	5.24	4.94	5.05	14252584	103198448.00
20130503	5.01	5.26	4.98	5.21	17789375	129376464.00
20130506	5.21	5.32	5.13	5.24	13979767	103790688.00
20130507	5.23	5.29	5.18	5.25	7293609	54114480.00
20130508	5.25	5.48	5.21	5.38	13882193	105107240.00
20130509	5.46	5.46	5.23	5.37	15660272	118567664.00
20130510	5.37	5.41	5.06	5.09	14387859	105561440.00
20130513	5.09	5.28	4.96	5.20	15220069	110442784.00
20130514	5.14	5.35	5.11	5.29	8590242	63861112.00
20130515	5.26	5.35	5.21	5.31	6347564	47580068.00
20130516	5.34	5.38	5.29	5.32	7287603	55197328.00
20130517	5.29	5.39	5.25	5.37	6904379	52276040.00
20130520	5.36	5.60	5.33	5.36	13156486	101523152.00
20130521	5.29	5.38	5.17	5.34	7240490	54379284.00
20130522	5.31	5.33	5.25	5.29	4622891	34647504.00
20130523	5.29	5.35	5.22	5.24	4634311	34853288.00
20130524	5.21	5.36	5.20	5.32	5182493	38909672.00
20130527	5.34	5.53	5.33	5.46	9245474	71361064.00
20130528	5.49	6.01	5.43	5.99	42440278	347764096.00
20130529	5.87	6.13	5.81	6.06	35571121	299187392.00
20130530	5.96	6.00	5.74	5.80	28713982	236435520.00
20130531	5.74	5.75	5.61	5.69	13638161	109821192.00
20130603	5.69	5.84	5.64	5.77	10382949	84520328.00
20130604	5.76	5.81	5.33	5.43	11643589	92057704.00
20130605	5.41	5.49	5.36	5.44	5496880	42304664.00
20130606	5.44	5.44	5.15	5.19	8321672	62563296.00
20130607	5.20	5.34	5.07	5.24	6250223	46202424.00
20130613	5.14	5.18	4.79	5.07	5984651	42854376.00
20130614	5.11	5.29	5.07	5.23	5338896	39436740.00
20130617	5.23	5.29	5.15	5.26	3554941	26395476.00
20130618	5.19	5.26	5.07	5.16	4265931	31243894.00
20130619	5.08	5.19	5.03	5.09	3366206	24360368.00
20130620	5.09	5.14	4.89	4.91	5369132	37976424.00
20130621	4.82	4.96	4.79	4.89	3392419	23472352.00
20130624	4.90	4.90	4.39	4.49	6917165	45014668.00
20130625	4.51	4.51	4.03	4.48	6407643	39425960.00
20130626	4.43	4.48	4.21	4.36	6798787	42103936.00
20130627	4.36	4.43	4.19	4.21	4966635	30515728.00
20130628	4.19	4.34	4.14	4.31	5538520	33348192.00
20130701	4.26	4.39	4.19	4.30	6139447	37288056.00
20130702	4.29	4.31	4.21	4.29	4908507	29732738.00
20130703	4.29	4.32	4.20	4.25	3794604	22976558.00
20130704	4.21	4.43	4.18	4.41	8405113	52055024.00
20130705	4.39	4.43	4.31	4.32	3650064	22652212.00
20130708	4.29	4.29	4.06	4.07	6001561	35112400.00
20130709	4.06	4.12	4.04	4.07	2790578	16159688.00
20130710	4.06	4.19	4.03	4.19	5232601	30717168.00
20130711	4.18	4.52	4.18	4.34	9169578	56600828.00
20130712	4.34	4.44	4.28	4.31	5538870	34256576.00
20130715	4.29	4.38	4.29	4.36	4390019	27125464.00
20130716	4.36	4.43	4.31	4.42	3496227	21752258.00
20130717	4.42	4.43	4.31	4.32	3027963	18812844.00
20130718	4.32	4.38	4.29	4.34	2500205	15457780.00
20130719	4.34	4.38	4.21	4.24	3193938	19666304.00
20130722	4.21	4.32	4.19	4.29	2228062	13521569.00
20130723	4.30	4.46	4.28	4.40	3631557	22690338.00
20130724	4.40	4.45	4.33	4.43	3586124	22393564.00
20130725	4.43	4.45	4.37	4.39	3490940	21933448.00
20130726	4.38	4.45	4.31	4.43	3396893	21256372.00
20130729	4.39	4.41	4.29	4.33	2723300	16878292.00
20130730	4.32	4.46	4.21	4.42	4544674	28120086.00
20130731	4.54	4.63	4.43	4.46	7655879	49115032.00
20130801	4.50	4.56	4.44	4.55	5590579	35706360.00
20130802	4.55	4.61	4.50	4.51	4644264	30028964.00
20130805	4.51	4.56	4.50	4.55	3401059	21925782.00
20130806	4.57	4.59	4.50	4.59	3921570	25406864.00
20130807	4.56	4.80	4.52	4.71	7893980	52394184.00
20130808	4.71	4.71	4.62	4.66	3512002	23252280.00
20130809	4.66	4.69	4.54	4.63	3053427	20060988.00
20130812	4.63	4.76	4.59	4.71	4163394	27704764.00
20130813	4.75	4.89	4.71	4.72	6324101	42953784.00
20130814	4.76	4.79	4.66	4.72	6235521	41935520.00
20130815	4.71	4.84	4.70	4.81	9009915	61339664.00
20130816	4.71	4.81	4.59	4.60	8744947	57919376.00
20130819	4.60	4.69	4.50	4.67	3600278	23522906.00
20130820	4.66	4.82	4.63	4.78	5333124	35919512.00
20130821	4.76	4.89	4.73	4.79	4432907	30378766.00
20130822	4.79	4.83	4.72	4.73	2255052	15331785.00
20130823	4.73	4.79	4.61	4.78	3299400	22146454.00
20130826	4.79	4.81	4.73	4.81	3031854	20623414.00
20130827	4.81	4.84	4.75	4.81	3096482	21096372.00
20130828	4.79	5.12	4.74	5.01	11322217	80111480.00
20130829	4.99	5.11	4.94	5.01	5897664	42194260.00
20130830	5.08	5.26	5.00	5.13	8510180	62039284.00
20130902	5.15	5.41	5.14	5.19	9949904	74206520.00
20130903	5.26	5.26	5.10	5.18	4554686	33269920.00
20130904	5.15	5.70	5.06	5.59	12886722	99273184.00
20130905	5.64	5.69	5.34	5.41	13197298	103198312.00
20130906	5.29	5.42	5.14	5.29	6418778	48112464.00
20130909	5.29	5.37	5.24	5.30	4357017	32664040.00
20130910	5.30	5.38	5.16	5.31	7301261	54550724.00
20130911	5.26	5.27	5.11	5.14	6416574	47249828.00
20130912	5.14	5.14	4.95	4.99	8728238	62166044.00
20130913	4.99	5.09	4.98	5.03	4733490	33799264.00
20130916	5.02	5.04	4.96	5.03	2932186	20856386.00
20130917	5.01	5.28	5.01	5.09	9033440	66004484.00
20130918	5.02	5.20	4.99	5.14	5601905	40614896.00
20130923	5.14	5.36	5.14	5.31	10800559	81082584.00
20130924	5.29	5.30	5.13	5.26	7723461	57034856.00
20130925	5.26	5.27	5.11	5.12	6408730	47226304.00
20130926	5.04	5.11	4.86	4.90	6617731	46651192.00
20130927	4.90	4.94	4.81	4.81	3029697	20931450.00
20130930	4.81	4.96	4.81	4.89	2115220	14679942.00
20131008	4.89	4.98	4.86	4.94	2280137	15959204.00
20131009	4.94	5.02	4.89	5.00	3842231	27077912.00
20131010	4.99	5.03	4.86	4.88	3546586	24721024.00
20131011	4.89	4.97	4.86	4.96	3183404	22237988.00
20131014	4.99	5.00	4.91	4.98	4857913	34134948.00
20131015	4.99	4.99	4.89	4.91	3072048	21480760.00
20131016	4.91	4.91	4.63	4.71	4170758	28224782.00
20131017	4.69	4.86	4.69	4.76	2986943	20309404.00
20131018	4.73	4.86	4.66	4.86	3793332	25725864.00
20131021	4.86	4.93	4.80	4.91	5451061	37908736.00
20131022	4.89	5.06	4.85	5.04	9846715	69339400.00
20131023	4.98	4.99	4.81	4.83	6276438	43749632.00
20131024	4.75	4.76	4.58	4.64	4830189	32078164.00
20131025	4.64	4.68	4.49	4.51	3891914	25142488.00
20131028	4.51	4.55	4.49	4.54	1918139	12347346.00
20131029	4.58	4.58	4.24	4.34	3110873	19462192.00
20131030	4.36	4.40	4.32	4.37	2418477	15005403.00
20131031	4.38	4.38	4.32	4.36	1562479	9657755.00
20131101	4.36	4.36	4.30	4.36	1602665	9878638.00
20131104	4.36	4.40	4.33	4.38	1383884	8599803.00
20131105	4.38	4.43	4.29	4.42	1857169	11554329.00
20131106	4.42	4.60	4.39	4.46	3527835	22612636.00
20131107	4.43	4.54	4.42	4.45	1740412	11042370.00
20131108	4.45	4.45	4.30	4.32	1546255	9588276.00
20131111	4.32	4.39	4.31	4.37	929790	5751839.00
20131112	4.37	4.45	4.35	4.44	1207759	7570546.00
20131113	4.43	4.44	4.32	4.34	1344442	8343413.00
20131114	4.31	4.39	4.31	4.38	1244656	7721304.00
20131115	4.39	4.53	4.35	4.46	2999911	19012370.00
20131118	4.46	4.56	4.46	4.55	2727942	17563178.00
20131119	4.56	4.74	4.56	4.66	6176489	41096488.00
20131120	4.64	4.71	4.56	4.66	3071505	20180536.00
20131121	4.66	4.68	4.58	4.63	2092277	13717193.00
20131122	4.93	5.10	4.93	5.10	9792745	70857336.00
20131125	5.10	5.13	4.94	4.98	15348278	109442976.00
20131126	4.93	5.00	4.88	4.94	6234901	43741640.00
20131127	4.91	4.96	4.77	4.89	7317139	50505184.00
20131128	4.89	5.04	4.85	4.90	9225205	64995596.00
20131129	4.86	4.97	4.86	4.90	4853913	33847192.00
20131202	4.69	4.88	4.51	4.86	9387711	62865728.00
20131203	5.09	5.25	4.96	5.03	16900725	121250168.00
20131204	5.00	5.25	4.99	5.11	17115445	125215480.00
20131205	5.01	5.12	4.96	4.99	6990019	49926244.00
20131206	4.99	5.06	4.88	4.98	5144773	36205264.00
20131209	5.01	5.07	4.96	5.06	6271794	44570660.00
20131210	5.06	5.08	4.96	4.99	5008547	35561272.00
20131211	4.99	4.99	4.86	4.89	4480005	31138640.00
20131212	4.86	4.95	4.86	4.87	2562880	17829524.00
20131213	4.87	5.12	4.83	4.99	6399398	45029496.00
20131216	4.97	5.04	4.89	4.95	4663815	32812428.00
20131217	4.98	4.98	4.77	4.80	3828763	26307712.00
20131218	4.79	4.84	4.73	4.74	2386134	16234135.00
20131219	4.76	4.86	4.68	4.69	2773082	18727664.00
20131220	4.69	4.74	4.62	4.67	2437576	16164979.00
20131223	4.63	4.73	4.63	4.67	1807961	12035535.00
20131224	4.65	4.78	4.65	4.77	3548200	23764636.00
20131225	4.74	4.77	4.67	4.73	2564653	17175720.00
20131226	4.70	4.73	4.47	4.49	4568576	29722162.00
20131227	4.47	4.56	4.47	4.53	2107060	13543171.00
20131230	4.52	4.59	4.47	4.48	2537582	16289145.00
20131231	4.48	4.53	4.43	4.51	1607236	10241260.00
20140102	4.51	4.59	4.43	4.58	2804356	17972702.00
20140103	4.54	4.65	4.54	4.64	4093385	26746328.00
20140106	4.59	4.61	4.46	4.47	3290756	21215568.00
20140107	4.48	4.48	4.41	4.44	2792098	17622596.00
20140108	4.44	4.47	4.36	4.38	2246399	14056269.00
20140109	4.36	4.41	4.22	4.24	2344834	14464992.00
20140110	4.24	4.29	4.21	4.24	1988825	11993318.00
20140113	4.24	4.33	4.24	4.30	1662679	10171059.00
20140114	4.29	4.35	4.28	4.34	1808362	11114972.00
20140115	4.34	4.41	4.31	4.41	1904172	11819919.00
20140116	4.43	4.46	4.40	4.40	1919172	12095255.00
20140117	4.39	4.39	4.29	4.34	1322745	8162294.00
20140120	4.38	4.41	4.29	4.32	1798783	11134825.00
20140121	4.31	4.39	4.30	4.36	874982	5422488.00
20140122	4.36	4.46	4.36	4.46	2059902	12961678.00
20140123	4.46	4.54	4.46	4.47	2070729	13224741.00
20140124	4.44	4.93	4.44	4.93	16666384	115125360.00
20140127	4.66	4.89	4.66	4.87	12105310	82452904.00
20140513	4.62	4.62	4.62	4.62	284100	1866537.00
20140514	4.39	4.39	4.39	4.39	51200	319488.00
20140515	4.16	4.16	4.16	4.16	183200	1086376.00
20140516	3.95	3.95	3.95	3.95	1074000	6046620.00
20140519	3.76	3.81	3.75	3.75	7898456	42311568.00
20140520	3.61	3.67	3.56	3.56	11212630	57490944.00
20140521	3.55	3.62	3.53	3.58	4321295	22050832.00
20140522	3.59	3.59	3.44	3.45	7850415	39539692.00
20140523	3.44	3.46	3.39	3.43	5005188	24415988.00
20140526	3.44	3.57	3.42	3.55	7154159	35879432.00
20140527	3.54	3.64	3.52	3.61	5589563	28673870.00
20140528	3.59	3.59	3.54	3.56	3168867	16091273.00
20140529	3.54	3.64	3.54	3.56	4756247	24391810.00
20140530	3.61	3.74	3.61	3.71	6014795	31575288.00
20140603	3.69	3.69	3.56	3.61	3580348	18512570.00
20140604	3.60	3.61	3.48	3.54	4928316	24837848.00
20140605	3.54	3.56	3.43	3.54	3348524	16826910.00
20140606	3.54	3.55	3.49	3.50	2354427	11849354.00
20140609	3.50	3.51	3.47	3.48	1550307	7748507.00
20140610	3.48	3.54	3.48	3.53	1761543	8840862.00
20140611	3.53	3.54	3.49	3.51	1532072	7682454.00
20140612	3.51	3.55	3.48	3.52	2764789	13868005.00
20140613	3.51	3.54	3.49	3.52	2613190	13146359.00
20140616	3.53	3.54	3.52	3.54	2103018	10609394.00
20140617	3.54	3.58	3.52	3.54	2834879	14372300.00
20140618	3.54	3.54	3.46	3.48	3012449	15045816.00
20140619	3.48	3.51	3.34	3.35	3396421	16556278.00
20140620	3.35	3.38	3.31	3.34	1980569	9464361.00
20140623	3.36	3.37	3.34	3.34	2031358	9733465.00
20140624	3.35	3.45	3.34	3.42	2182002	10644924.00
20140625	3.42	3.46	3.39	3.40	1945014	9530908.00
20140626	3.41	3.46	3.39	3.43	2166964	10631556.00
20140627	3.44	3.44	3.36	3.43	5186927	25186660.00
20140630	3.43	3.46	3.41	3.44	3101356	15223463.00
20140701	3.45	3.54	3.43	3.53	4417578	22012988.00
20140702	3.50	3.59	3.50	3.54	3288307	16609702.00
20140703	3.54	3.59	3.53	3.54	3513558	17839024.00
20140704	3.55	3.55	3.50	3.52	3646914	18340324.00
20140707	3.51	3.56	3.49	3.51	3131867	15783691.00
20140708	3.51	3.54	3.48	3.51	2896925	14504763.00
20140709	3.51	3.52	3.46	3.46	3081474	15383364.00
20140710	3.46	3.52	3.45	3.51	2891381	14410867.00
20140711	3.49	3.53	3.49	3.52	2158799	10838303.00
20140714	3.51	3.60	3.51	3.59	3149122	16049992.00
20140715	3.59	3.60	3.54	3.57	2590248	13206174.00
20140716	3.57	3.59	3.56	3.59	2933035	14987813.00
20140717	3.60	3.61	3.56	3.58	1804845	9218171.00
20140718	3.58	3.59	3.55	3.58	2536982	12972428.00
20140721	3.59	3.68	3.58	3.59	3453261	17843512.00
20140722	3.59	3.64	3.59	3.62	2957949	15252824.00
20140723	3.62	3.65	3.59	3.61	4392480	22672060.00
20140724	3.60	3.62	3.59	3.61	2918698	15009724.00
20140725	3.60	3.66	3.60	3.64	2731104	14167453.00
20140728	3.64	3.79	3.64	3.76	5438062	28773208.00
20140729	3.77	3.83	3.74	3.81	4311557	23346720.00
20140730	3.78	3.83	3.77	3.80	3762081	20341748.00
20140731	3.81	3.94	3.76	3.91	5313684	29329632.00
20140801	3.91	3.96	3.88	3.91	4972398	27759412.00
20140804	3.91	3.99	3.91	3.94	3305745	18528662.00
20140805	3.93	4.04	3.93	3.97	3180962	17978918.00
20140806	3.98	4.01	3.93	4.00	4283826	24256894.00
20140807	4.00	4.04	3.94	3.95	3691693	20978052.00
20140808	3.99	4.04	3.87	3.90	7026979	39353556.00
20140811	3.92	3.96	3.91	3.96	4022716	22570588.00
20140812	3.96	4.00	3.92	3.99	3685776	20793212.00
20140813	3.99	4.17	3.99	4.10	6527140	38064764.00
20140814	4.10	4.16	4.05	4.07	4032586	23548216.00
20140815	4.07	4.12	4.06	4.12	3113184	18190924.00
20140818	4.10	4.25	4.10	4.24	4837181	28956276.00
20140819	4.24	4.29	4.21	4.24	3603575	21743948.00
20140820	4.25	4.29	4.23	4.27	3360731	20388520.00
20140821	4.26	4.39	4.26	4.33	6272046	38641204.00
20140822	4.34	4.40	4.31	4.33	3122699	19295148.00
20140825	4.33	4.34	4.20	4.23	6111234	37006292.00
20140826	4.21	4.26	4.05	4.09	5864783	34612144.00
20140827	4.09	4.14	4.08	4.10	3077482	17998584.00
20140828	4.11	4.14	4.00	4.04	3567817	20656964.00
20140829	4.01	4.09	4.01	4.09	1910740	11072486.00
20140901	4.09	4.16	4.06	4.16	2456806	14444374.00
20140902	4.18	4.27	4.16	4.26	4375173	26384360.00
20140903	4.27	4.31	4.24	4.28	3757836	22845272.00
20140904	4.29	4.31	4.24	4.29	4108244	24989740.00
20140905	4.29	4.34	4.26	4.34	5350086	32706804.00
20140909	4.34	4.38	4.30	4.36	3893720	24072922.00
20140910	4.35	4.46	4.32	4.41	4998670	31320232.00
20140911	4.41	4.63	4.39	4.48	8026694	51336204.00
20140912	4.48	4.69	4.46	4.64	7672296	50305564.00
20140915	4.64	4.76	4.59	4.62	6394128	42447528.00
20140916	4.59	4.69	4.39	4.41	8792554	57207000.00
20140917	4.39	4.50	4.37	4.45	6535656	41254272.00
20140918	4.46	4.53	4.43	4.49	3578213	22841134.00
20140919	4.48	4.64	4.48	4.62	3929156	25500668.00
20140922	4.60	4.68	4.54	4.56	4484746	29313720.00
20140923	4.56	4.66	4.54	4.64	3341962	21919388.00
20140924	4.61	4.70	4.59	4.69	5010916	33184754.00
20140925	4.71	4.78	4.66	4.71	5594057	37562500.00
20140926	4.69	4.83	4.66	4.82	7429544	50411580.00
20140929	4.88	4.94	4.84	4.94	8110135	56445168.00
20140930	4.96	4.97	4.86	4.91	6737932	46891280.00
20141008	4.93	5.06	4.86	5.05	5909249	41767512.00
20141009	5.06	5.18	5.02	5.16	7976338	57783256.00
20141010	5.13	5.21	5.08	5.11	5063341	36977704.00
20141013	5.03	5.07	4.94	5.05	4377290	31089588.00
20141014	5.02	5.09	4.93	5.00	5209125	37050688.00
20141015	4.99	5.02	4.90	4.98	5029643	35338032.00
20141016	4.92	5.01	4.84	4.84	5243772	36775692.00
20141017	4.84	4.91	4.73	4.74	6018802	40944960.00
20141020	4.73	4.92	4.72	4.82	4048433	27753654.00
20141021	4.82	4.93	4.82	4.89	3720063	25798804.00
20141022	4.87	4.92	4.80	4.81	2786574	19250556.00
20141023	4.79	4.80	4.56	4.56	6867422	45199072.00
20141024	4.54	4.61	4.53	4.57	2572521	16734138.00
20141027	4.57	4.66	4.54	4.64	3562524	23403136.00
20141028	4.64	4.87	4.64	4.87	3914427	26635644.00
20141029	4.90	4.99	4.89	4.92	4348027	30502646.00
20141030	5.00	5.01	4.87	4.90	4498331	31455148.00
20141031	4.91	4.95	4.81	4.93	4062605	28130442.00
20141103	4.93	4.96	4.86	4.90	3185289	22234436.00
20141104	4.89	4.94	4.87	4.93	4108654	28602996.00
20141105	4.91	4.95	4.89	4.91	3775514	26405264.00
20141106	4.90	5.01	4.89	5.00	5418334	38049776.00
20141107	5.03	5.09	4.91	4.94	6779509	48274052.00
20141110	4.94	5.01	4.91	4.99	4236894	29901032.00
20141111	5.01	5.16	4.82	4.91	9125279	65144344.00
20141112	4.91	5.02	4.90	5.02	3483516	24558142.00
20141113	5.01	5.05	4.95	4.99	2936851	20826648.00
20141114	4.97	4.98	4.87	4.91	2667850	18638888.00
20141117	4.91	4.91	4.84	4.89	2500946	17318256.00
20141118	4.91	4.92	4.85	4.92	2699812	18777496.00
20141119	4.93	4.96	4.89	4.93	2437497	17043932.00
20141120	4.92	4.94	4.84	4.89	3990293	27690624.00
20141121	4.89	4.90	4.82	4.84	4697602	32397312.00
20141124	4.87	4.88	4.78	4.81	4997367	34150964.00
20141125	4.80	4.86	4.80	4.82	3477440	23835498.00
20141126	4.85	4.90	4.83	4.89	4158445	28762094.00
20141127	4.91	5.10	4.90	4.98	6581569	46710620.00
20141128	4.99	5.01	4.91	4.95	4942881	34697080.00
20141201	4.95	4.96	4.83	4.84	5480475	37914028.00
20141202	4.84	4.89	4.84	4.88	3387503	23452464.00
20141203	4.89	4.89	4.82	4.88	4911958	33851312.00
20141204	4.88	4.98	4.85	4.94	6696482	46882904.00
20141205	4.95	4.95	4.74	4.77	7951890	54608040.00
20141208	4.77	4.81	4.72	4.74	5568120	37619588.00
20141209	4.71	4.72	4.49	4.49	9406891	61817152.00
20141210	4.49	4.67	4.46	4.62	4761440	30947064.00
20141211	4.61	4.74	4.60	4.68	4446622	29576556.00
20141212	4.70	4.79	4.69	4.79	4454424	29943040.00
20141215	4.76	4.81	4.75	4.79	3471880	23593304.00
20141216	4.79	4.82	4.69	4.78	4699914	31779916.00
20141217	4.79	4.82	4.61	4.66	5308090	35570368.00
20141218	4.66	4.66	4.59	4.61	2913903	19172308.00
20141219	4.59	4.69	4.51	4.59	3232442	21098214.00
20141222	4.59	4.63	4.35	4.36	5895489	37018032.00
20141223	4.36	4.48	4.36	4.40	2809842	17709888.00
20141224	4.41	4.62	4.41	4.62	4743546	30785096.00
20141225	4.63	4.70	4.61	4.66	3252368	21537140.00
20141226	4.65	4.70	4.61	4.64	3548732	23490956.00
20141229	4.63	4.66	4.56	4.65	3673776	24086860.00
20141230	4.63	4.77	4.61	4.61	4885212	32570340.00
20141231	4.62	4.66	4.54	4.58	2986491	19517582.00
20150105	4.59	4.71	4.58	4.67	3923452	25950180.00
20150106	4.66	4.84	4.63	4.82	5926706	39942784.00
20150107	4.81	4.84	4.75	4.78	3419784	23255684.00
20150108	4.79	4.88	4.76	4.87	4574347	31426142.00
20150109	4.87	4.87	4.80	4.82	3190361	21940260.00
20150112	4.82	4.82	4.59	4.66	4703140	31342346.00
20150113	4.64	4.71	4.64	4.68	2281661	15189424.00
20150114	4.67	4.70	4.64	4.66	2007194	13320659.00
20150115	4.65	4.74	4.64	4.71	2087900	13926340.00
20150116	4.71	4.75	4.69	4.73	2332800	15645919.00
20150119	4.69	4.74	4.56	4.58	4969501	32878296.00
20150120	4.59	4.70	4.59	4.69	3020267	20003548.00
20150121	4.69	4.81	4.68	4.81	5595054	37802192.00
20150122	4.79	4.89	4.79	4.86	4981200	34337396.00
20150123	4.89	4.96	4.82	4.85	4073742	28255632.00
20150126	4.85	4.94	4.84	4.94	3739237	26079244.00
20150127	4.96	4.97	4.86	4.94	5270665	36874076.00
20150128	4.92	4.99	4.89	4.94	4762830	33392044.00
20150129	4.94	4.99	4.86	4.97	4156071	29211918.00
20150130	5.04	5.10	4.91	4.91	7754861	55018952.00
20150202	4.89	4.96	4.86	4.88	4248804	29608664.00
20150203	4.88	4.90	4.83	4.88	4724283	32607918.00
20150204	4.88	4.91	4.86	4.89	2827287	19630316.00
20150205	4.91	4.91	4.82	4.85	3661009	25284996.00
20150206	4.84	4.86	4.69	4.71	4602435	31271368.00
20150209	4.69	4.80	4.69	4.76	2445526	16556123.00
20150210	4.75	4.78	4.69	4.74	3150439	21137720.00
20150211	4.73	4.79	4.71	4.77	2114944	14250613.00
20150212	4.76	4.83	4.75	4.83	2911414	19812784.00
20150213	4.84	4.95	4.84	4.91	4811413	33537574.00
20150216	4.93	5.00	4.92	5.00	5102432	35911120.00
20150217	5.01	5.03	4.95	5.01	5376553	38157472.00
20150225	5.07	5.12	5.01	5.04	5771219	41538868.00
20150226	5.04	5.12	5.02	5.09	5097427	36699728.00
20150227	5.09	5.15	5.07	5.10	6427453	46611128.00
20150302	5.14	5.15	5.07	5.14	6063694	44103280.00
20150303	5.14	5.31	5.11	5.26	8611631	63986960.00
20150304	5.26	5.37	5.25	5.33	5722304	43166356.00
20150305	5.33	5.56	5.29	5.56	8233464	63586796.00
20150306	5.57	5.62	5.39	5.46	12720415	98797240.00
20150309	5.46	5.54	5.41	5.51	7377578	57341008.00
20150310	5.50	5.55	5.45	5.52	5052504	39514352.00
20150311	5.52	5.54	5.39	5.41	6702783	51667492.00
20150312	5.41	5.49	5.34	5.38	5148968	39506816.00
20150313	5.37	5.51	5.36	5.49	4079695	31582704.00
20150316	5.54	5.77	5.54	5.77	9102500	73758496.00
20150317	5.83	6.00	5.78	5.85	9729806	80742024.00
20150318	5.87	5.92	5.81	5.91	6406897	53334892.00
20150319	5.90	6.21	5.90	6.21	11003739	95610840.00
20150320	6.27	6.52	6.18	6.50	12705536	114072856.00
20150323	6.60	6.67	6.37	6.49	15287037	141560240.00
20150324	6.49	6.62	6.21	6.44	17722647	161283184.00
20150325	6.44	6.49	6.29	6.42	10392682	94076592.00
20150326	6.42	6.56	6.36	6.54	11821037	108551592.00
20150327	6.54	6.57	6.44	6.47	13787602	126986648.00
20150330	6.54	6.71	6.51	6.56	12846588	119880456.00
20150331	6.62	6.64	6.54	6.62	10525677	98162272.00
20150401	6.64	6.96	6.63	6.96	11586600	112533056.00
20150403	7.07	7.28	6.97	7.12	49790859	499865504.00
20150407	7.19	7.24	6.98	7.11	27141448	271441984.00
20150408	7.11	7.11	6.75	6.91	24543159	241608016.00
20150409	6.89	6.90	6.45	6.63	18715555	176306240.00
20150410	6.57	6.93	6.54	6.86	17340222	165636928.00
20150413	6.85	7.06	6.81	7.00	17148692	168708816.00
20150414	6.98	7.43	6.88	7.09	23673880	238209728.00
20150415	7.09	7.09	6.74	6.75	15831585	154494928.00
20150416	6.66	7.34	6.54	7.14	25976761	257309504.00
20150417	7.14	7.25	6.97	7.04	21617109	216392416.00
20150420	7.01	7.21	6.90	7.03	26365965	263650560.00
20150421	7.00	7.21	6.96	7.20	21817112	219462784.00
20150422	7.21	7.63	7.17	7.55	36845728	382590688.00
20150423	7.46	7.53	7.24	7.37	26324259	274857376.00
20150424	7.22	7.32	7.02	7.17	18531415	188038512.00
20150427	7.30	7.43	7.19	7.33	19765373	204394976.00
20150428	7.34	7.39	7.03	7.12	16253825	164926288.00
20150429	7.07	7.26	7.02	7.24	13530711	137322768.00
20150430	7.26	7.46	7.14	7.24	17362050	179741296.00
20150504	7.23	7.26	7.06	7.26	11254564	114215616.00
20150505	7.24	7.30	6.94	7.10	14355091	144755968.00
20150506	7.07	7.16	6.76	6.86	14162272	140362048.00
20150507	6.84	6.84	6.46	6.50	13074569	121942104.00
20150508	6.54	6.74	6.50	6.74	12551994	117467448.00
20150511	6.77	6.96	6.74	6.94	12791266	123991184.00
20150512	6.99	7.18	6.86	7.16	15460691	153597648.00
20150513	7.25	7.51	7.18	7.39	23794232	245608880.00
20150514	7.29	7.40	7.23	7.27	12857254	132700808.00
20150515	7.29	7.63	7.22	7.49	25605668	268898048.00
20150518	7.51	8.21	7.46	8.11	30560200	342980576.00
20150519	8.11	8.25	7.91	8.18	21143375	241226656.00
20150520	8.19	8.50	8.04	8.09	21082830	244652848.00
20150521	8.09	8.24	8.02	8.18	15960032	183182000.00
20150522	8.26	9.01	8.26	9.01	23421881	289205664.00
20150525	9.64	9.91	9.46	9.91	26204412	361028160.00
20150526	10.29	10.63	9.84	10.00	60413338	865124608.00
20150527	10.00	10.14	9.49	10.04	38850162	538917632.00
20150528	10.06	10.61	9.57	9.64	38284772	549271360.00
20150529	9.64	10.00	8.81	9.92	24035690	326086880.00
20150601	9.92	10.89	9.71	10.68	34691757	510765280.00
20150602	10.63	11.55	10.36	11.31	32247394	487602016.00
20150603	11.21	11.70	10.91	11.36	27703823	441194336.00
20150923	10.21	10.21	10.21	10.21	311800	4489920.00
20150924	9.19	9.19	9.19	9.19	285500	3700080.00
20150925	8.26	8.26	8.26	8.26	255800	2982628.00
20150928	7.42	7.42	7.42	7.42	735000	7710150.00
20150929	6.67	6.67	6.67	6.67	2479300	23404592.00
20150930	6.08	6.56	6.00	6.37	54998195	480893600.00
20151008	6.26	6.66	6.13	6.41	40111054	361498528.00
20151009	6.29	6.39	6.23	6.29	22468035	199822704.00
20151012	6.29	6.82	6.29	6.69	35469926	325879840.00
20151013	6.60	6.81	6.50	6.68	27240641	255621904.00
20151014	6.64	6.77	6.46	6.49	20740612	193722336.00
20151015	6.43	6.66	6.40	6.65	20967791	194327568.00
20151016	6.66	6.74	6.51	6.66	22959263	215182240.00
20151019	6.69	7.33	6.59	7.21	43323425	425054592.00
20151020	7.06	7.23	6.90	7.12	29966986	299230880.00
20151021	7.14	7.47	6.43	6.63	35747806	357953184.00
20151022	6.57	6.84	6.40	6.79	21780884	204994720.00
20151023	6.79	6.89	6.64	6.85	19999474	191498816.00
20151026	6.94	7.19	6.82	7.10	26547304	264153264.00
20151027	7.00	7.09	6.61	7.04	23673918	230806896.00
20151028	6.95	7.21	6.89	7.00	24808273	248574384.00
20151029	7.01	7.21	6.94	7.10	19923328	199526016.00
20151030	7.14	7.18	6.85	7.01	15483808	153851072.00
20151102	6.90	6.99	6.66	6.70	12139450	117722144.00
20151103	6.71	6.89	6.64	6.76	10624019	101782648.00
20151104	6.76	7.09	6.76	7.08	20073491	196685616.00
20151105	7.07	7.14	6.92	7.04	21582337	214686624.00
20151106	7.04	7.26	7.02	7.16	24527114	248160496.00
20151109	7.04	7.25	6.92	7.16	24011680	240678752.00
20151110	7.09	7.41	7.04	7.36	27836492	285005280.00
20151111	7.34	7.63	7.24	7.59	28728979	302151296.00
20151112	7.89	8.07	7.58	7.61	30928876	337540960.00
20151113	7.48	7.52	7.20	7.26	20101342	208618272.00
20151116	7.09	7.46	7.06	7.44	13527480	139466016.00
20151117	7.48	7.52	7.29	7.31	16378573	171439584.00
20151118	7.29	7.36	7.09	7.11	11005196	112302248.00
20151119	7.13	7.24	7.10	7.24	9641068	97680400.00
20151120	7.33	7.96	7.21	7.96	32174180	343215264.00
20151123	7.96	8.29	7.80	8.15	50651721	579750016.00
20151124	8.13	8.13	7.79	7.95	22334678	249199760.00
20151125	7.91	8.29	7.86	8.22	23234904	265045952.00
20151126	8.32	8.34	7.87	7.90	21279148	242638656.00
20151127	7.92	8.00	7.16	7.18	21087861	226828384.00
20151130	7.20	7.25	6.55	7.04	19062147	187438928.00
20151201	6.99	7.13	6.86	7.06	11310616	111783872.00
20151202	7.13	7.24	6.86	7.23	13160855	132164976.00
20151203	7.26	7.34	7.14	7.33	11553521	118680688.00
20151204	7.26	7.31	7.11	7.18	12112616	123352736.00
20151207	7.26	7.39	7.16	7.29	11409669	117579656.00
20151208	7.33	7.34	7.09	7.11	11086276	112762440.00
20151209	7.06	7.14	6.91	7.00	9739414	96222280.00
20151210	6.98	7.29	6.91	7.23	13128994	132103144.00
20151211	7.29	7.54	7.29	7.49	19274458	202140448.00
20151214	7.51	8.24	7.40	8.24	28456145	317914080.00
20151215	8.24	8.76	8.09	8.47	57871095	685372288.00
20151216	8.39	8.50	8.18	8.23	39802584	469774144.00
20151224	8.21	8.32	7.72	7.93	27084749	306474048.00
20151225	7.93	8.03	7.79	7.91	16193109	180034080.00
20151228	7.94	8.14	7.71	7.79	19094994	214191920.00
20151229	7.79	7.91	7.64	7.90	11993786	131668288.00
20151230	7.91	7.96	7.72	7.81	11948336	131675488.00
20151231	7.77	7.84	7.57	7.58	9620472	104972400.00
20160104	7.54	7.65	6.81	6.82	11019324	111745640.00
20160105	6.46	6.77	6.20	6.51	16487737	152432464.00
20160106	6.51	6.71	6.50	6.68	9733128	91199296.00
20160107	6.59	6.59	6.01	6.01	3381976	29829896.00
20160108	6.18	6.28	5.64	6.05	12682325	108697832.00
20160111	5.94	5.96	5.44	5.44	12282575	99129832.00
20160112	5.44	5.57	5.29	5.51	7846591	60772468.00
20160113	5.56	5.61	5.18	5.23	7396382	56887788.00
20160114	5.03	5.40	4.95	5.38	8767685	64542824.00
20160115	5.36	5.36	4.96	5.01	7002575	51478752.00
20160118	4.84	5.19	4.81	5.17	7713289	55342300.00
20160119	5.09	5.41	5.07	5.37	9392786	70366656.00
20160120	5.30	5.56	5.29	5.43	10229633	78729472.00
20160121	5.31	5.96	5.29	5.56	14274234	112583976.00
20160122	5.54	5.75	5.39	5.64	10405558	82141360.00
20160125	5.63	5.71	5.54	5.64	6805029	54469368.00
20160126	5.56	5.74	5.07	5.11	11069010	85674840.00
20160127	5.18	5.18	4.64	4.96	8970318	62481504.00
20160128	4.86	5.01	4.50	4.57	6818750	46431384.00
20160129	4.57	4.85	4.51	4.78	6131842	41021148.00
20160201	4.84	4.92	4.66	4.83	6768421	46173816.00
20160202	4.79	5.04	4.79	5.00	5734578	40341104.00
20160203	4.94	5.07	4.85	5.06	6662159	46618920.00
20160204	5.04	5.34	5.03	5.16	7999996	58979292.00
20160205	5.29	5.42	5.14	5.17	5541433	41421060.00
20160215	4.86	5.10	4.86	5.04	5093407	36184548.00
20160216	5.06	5.29	5.04	5.27	6257831	46314828.00
20160217	5.24	5.46	5.23	5.40	12012397	91705696.00
20160218	5.47	5.68	5.42	5.46	14514778	113921528.00
20160219	5.39	5.69	5.39	5.64	11011302	87182488.00
20160222	5.71	5.82	5.55	5.75	12157764	97951696.00
20160223	5.75	5.91	5.67	5.80	11693263	96145560.00
20160224	5.74	5.86	5.54	5.81	10914257	88380208.00
20160225	5.78	5.78	5.22	5.22	9749477	75574224.00
20160226	5.28	5.34	5.09	5.27	7525325	55990600.00
20160229	5.27	5.29	4.78	4.88	6406334	44854380.00
20160301	4.95	5.06	4.81	5.05	5280885	37292144.00
20160302	5.06	5.46	5.02	5.45	10155737	76007432.00
20160303	5.46	5.67	5.43	5.51	9534706	74758240.00
20160304	5.48	5.54	5.14	5.28	7308476	55485952.00
20160307	5.38	5.81	5.38	5.81	9524901	77068264.00
20160308	6.00	6.16	5.69	5.98	36138556	302254144.00
20160309	5.64	5.76	5.44	5.48	19031052	151019712.00
20160310	5.52	5.57	5.31	5.34	8433681	65212372.00
20160311	5.29	5.53	5.20	5.47	7475951	56865064.00
20160314	5.54	5.81	5.53	5.68	13213011	106556848.00
20160315	5.68	5.81	5.54	5.64	9310498	74930552.00
20160316	5.71	5.72	5.46	5.49	7604059	59822788.00
20160317	5.48	5.70	5.47	5.64	9553988	75909008.00
20160318	5.66	6.21	5.65	6.21	37074934	319960704.00
20160321	6.43	6.84	6.36	6.84	42199369	396980384.00
20160322	6.83	6.89	6.66	6.84	22133672	212239504.00
20160323	7.07	7.34	6.79	7.01	28117224	277846464.00
20160324	6.86	7.34	6.75	6.91	18936766	188202144.00
20160325	6.87	6.99	6.75	6.89	10716912	104057208.00
20160328	6.95	7.39	6.95	7.03	15445474	156673248.00
20160329	6.91	7.34	6.72	7.00	17985817	179717728.00
20160330	7.04	7.32	6.87	7.26	20236324	204744224.00
20160331	7.27	7.61	7.23	7.51	23356211	245484880.00
20160401	7.49	7.70	7.36	7.59	16881390	180683504.00
20160405	7.72	7.74	7.44	7.61	12587634	135053200.00
20160406	7.54	7.61	7.27	7.51	15338921	161056640.00
20160407	7.62	7.76	7.48	7.50	13426330	144364000.00
20160408	7.36	7.41	7.09	7.24	11922544	121974368.00
20160411	7.36	7.97	7.36	7.97	31104391	343540096.00
20160412	8.14	8.31	7.94	7.98	22930612	263862784.00
20160413	8.14	8.34	7.94	7.99	18914756	217541744.00
20160414	7.97	8.29	7.96	8.21	12743031	146862896.00
20160415	8.20	8.29	7.99	8.16	10232983	117357632.00
20160418	8.07	8.28	8.00	8.19	8981606	103648408.00
20160419	8.21	8.34	8.09	8.19	6977631	80747088.00
20160420	8.27	8.28	7.37	7.49	15103435	164900192.00
20160421	7.49	7.53	7.07	7.15	12462779	129293976.00
20160422	7.14	7.60	7.04	7.54	12021419	124647752.00
20160425	7.43	7.50	7.21	7.40	5807442	60458716.00
20160426	7.37	7.46	7.13	7.34	8417262	86582200.00
20160427	7.36	7.66	7.33	7.43	8463038	90010840.00
20160428	7.52	7.61	7.22	7.44	7377238	77419216.00
20160429	7.70	7.74	7.45	7.64	11988952	129194904.00
20160503	7.71	7.84	7.47	7.83	8652534	94087728.00
20160504	7.78	8.04	7.71	7.83	10170083	113624320.00
20160505	7.86	7.91	7.71	7.84	5360467	59121128.00
20160506	7.79	7.91	7.38	7.39	10121469	108241336.00
20160509	7.36	7.37	6.97	7.07	10788004	108513248.00
20160510	7.10	7.28	7.04	7.21	6884325	69841496.00
20160511	7.18	7.27	7.01	7.12	5386861	54415080.00
20160512	7.07	7.15	6.86	7.14	4350211	43222208.00
20160513	7.09	7.22	6.98	7.02	6222096	62396060.00
20160516	7.02	7.34	7.02	7.33	9005877	92125288.00
20160517	7.39	7.58	7.29	7.34	9943201	104515840.00
20160518	7.21	7.44	7.11	7.42	7903569	81509008.00
20160519	7.39	7.51	7.28	7.36	7858480	82279328.00
20160520	7.29	7.29	7.09	7.23	8455786	85874416.00
20160523	7.32	7.36	7.20	7.36	5577883	57476952.00
20160524	7.36	7.37	7.18	7.19	3680241	37676280.00
20160525	7.25	7.34	7.06	7.19	6029201	61434988.00
20160526	7.20	7.26	7.04	7.25	4478074	45314380.00
20160527	7.27	7.71	7.16	7.66	13760614	146564352.00
20160530	7.68	7.86	7.61	7.66	13934530	152823248.00
20160531	7.64	7.94	7.58	7.85	13933215	153894576.00
20160601	7.85	8.29	7.81	8.01	21022717	241051456.00
20160602	8.07	8.34	8.00	8.09	10947373	125468808.00
20160603	8.11	8.14	7.86	7.95	8719804	97823480.00
20160606	7.89	8.04	7.82	7.90	8802435	98292360.00
20160607	7.86	8.04	7.86	7.99	5895192	66130128.00
20160608	7.99	7.99	7.86	7.94	4648771	52076644.00
20160613	7.86	7.86	7.27	7.29	11407511	122439648.00
20160614	7.16	7.36	7.13	7.30	5920236	60751492.00
20160615	7.25	7.53	7.17	7.46	7350723	77307248.00
20160616	7.46	7.64	7.21	7.24	10609932	111444528.00
20160617	7.28	7.60	7.25	7.55	12026494	126957224.00
20160620	7.61	7.90	7.49	7.83	11859522	129680200.00
20160621	7.89	7.95	7.71	7.83	8852618	97804752.00
20160622	7.82	8.14	7.79	8.00	12113807	136694352.00
20160623	8.00	8.04	7.74	7.81	8915287	99068952.00
20160624	7.91	8.14	7.71	8.04	20150842	228275264.00
20160627	8.27	8.46	8.13	8.20	31299120	365075168.00
20160628	8.16	8.33	8.03	8.24	17406246	201662400.00
20160629	8.26	8.33	8.07	8.12	13378707	153827264.00
20160630	8.14	8.19	8.02	8.15	11461331	130940016.00
20160701	8.19	8.21	7.99	8.02	11084183	126709600.00
20160704	7.98	8.21	7.92	8.13	14942433	171056032.00
20160705	8.18	8.44	8.10	8.42	20349817	237380592.00
20160706	8.50	8.50	8.25	8.32	15266300	179541856.00
20160707	8.32	8.41	8.11	8.19	12604200	146656320.00
20160708	8.18	8.18	8.04	8.10	8329600	95341880.00
20160711	8.10	8.24	8.04	8.11	8448400	97220952.00
20160712	8.21	8.41	8.14	8.25	17108500	199681504.00
20160713	8.37	8.48	8.25	8.37	15524200	183275552.00
20160714	8.44	8.83	8.41	8.71	27870100	340276512.00
20160715	8.71	9.01	8.59	8.93	21021100	261344336.00
20160718	8.90	9.21	8.59	8.73	20751700	259671200.00
20160719	8.76	8.79	8.53	8.65	12176000	148096624.00
20160720	8.64	8.91	8.61	8.68	11925900	147673056.00
20160721	8.69	8.80	8.60	8.65	10177500	124836424.00
20160722	8.68	8.82	8.58	8.71	9290900	114115504.00
20160725	8.75	9.04	8.63	9.03	12686700	158338144.00
20160726	8.99	9.10	8.87	9.09	12930000	163976128.00
20160727	9.09	9.14	8.25	8.34	21439641	263151200.00
20160728	8.39	9.18	8.32	9.18	29079161	362226016.00
20160729	9.31	9.54	8.97	9.04	32677735	429369856.00
20160801	8.95	8.95	8.29	8.45	23026424	278950496.00
20160802	8.45	8.54	8.32	8.51	11203420	133692248.00
20160803	8.55	9.36	8.50	9.36	35817991	461099040.00
20160804	9.39	9.42	9.06	9.19	29163535	378397664.00
20160805	9.21	9.41	9.07	9.21	26724800	349590720.00
20160808	9.21	9.79	9.00	9.62	32514345	434815232.00
20160809	9.50	9.70	9.41	9.66	21410300	288384640.00
20160810	9.57	9.61	9.37	9.43	15481100	206354800.00
20160811	9.35	9.68	9.22	9.42	17122985	227878752.00
20160812	9.36	9.55	9.23	9.48	14051153	185878576.00
20160815	9.46	9.66	9.29	9.53	16468878	220412672.00
20160816	9.51	10.01	9.37	9.83	25866311	354986816.00
20160817	9.79	9.79	9.55	9.66	16291444	221550864.00
20160818	9.77	9.96	9.66	9.70	16255112	224505232.00
20160819	9.62	9.76	9.36	9.50	15407383	206334352.00
20160822	9.54	9.54	9.30	9.34	9173300	121581640.00
20160823	9.36	9.69	9.36	9.48	11655000	156916448.00
20160824	9.46	9.63	9.39	9.60	8778800	117867040.00
20160825	9.53	9.59	9.26	9.39	9700600	128578568.00
20160826	9.54	9.73	9.29	9.30	14288300	192132400.00
20160829	9.34	9.53	9.14	9.48	10870899	143532784.00
20160830	9.47	9.48	9.04	9.10	17844213	232999584.00
20160831	9.07	9.18	9.03	9.11	8424442	107940528.00
20160901	9.13	9.13	8.81	8.88	14450163	182181904.00
20160902	8.84	8.98	8.77	8.84	7103251	89063424.00
20160905	8.89	8.94	8.79	8.80	6326171	79147640.00
20160906	8.84	9.12	8.81	9.11	9665450	122986696.00
20160907	9.04	9.31	9.01	9.19	10886313	141519184.00
20160908	9.11	9.18	8.99	9.06	8376600	107120040.00
20160909	9.04	9.11	8.88	8.96	8512064	107981520.00
20160912	8.79	8.85	8.71	8.78	7629465	94563912.00
20160913	8.79	8.93	8.61	8.85	6811949	84330248.00
20160914	8.79	8.94	8.75	8.85	4253952	53230488.00
20160919	8.89	9.14	8.86	9.10	7571442	96576056.00
20160920	9.11	9.25	9.01	9.14	10349865	133696656.00
20160921	9.14	9.29	9.11	9.15	9537452	123851640.00
20160922	9.24	9.26	9.09	9.13	5220440	67498664.00
20160923	9.14	9.18	8.96	8.99	5539939	70505864.00
20160926	9.04	9.22	9.00	9.00	8675022	111550064.00
20160927	8.99	9.11	8.94	9.10	4587113	58488200.00
20160928	9.11	9.35	9.10	9.27	12297802	160813792.00
20160929	9.26	9.32	9.21	9.28	6845815	89441432.00
20160930	9.31	9.44	9.28	9.39	8299137	109749424.00
20161010	9.46	9.72	9.33	9.59	11910888	160830080.00
20161011	9.60	9.66	9.49	9.59	7151936	96425168.00
20161012	9.55	9.74	9.50	9.56	8386520	113763960.00
20161013	9.54	9.64	9.36	9.41	8426148	112300704.00
20161014	9.44	9.56	9.44	9.53	7479011	100339168.00
20161017	9.55	9.55	9.24	9.31	7420754	97934896.00
20161018	9.28	9.37	9.27	9.34	4854576	63946872.00
20161019	9.41	9.49	9.25	9.29	6135903	80925176.00
20161020	9.26	9.34	9.00	9.09	10900015	140313152.00
20161021	9.09	9.13	8.90	9.02	7868406	99974232.00
20161024	9.02	9.19	8.97	9.14	6811048	87794160.00
20161025	9.14	9.23	9.11	9.19	4312059	55918968.00
20161026	9.17	9.34	9.15	9.20	4620571	60192608.00
20161027	9.20	9.25	9.06	9.15	3668550	47236560.00
20161028	9.29	9.36	9.11	9.12	6511950	84846376.00
20161031	9.07	9.11	8.92	8.94	7718313	97932752.00
20161101	8.96	9.16	8.95	9.10	5081200	64989136.00
20161102	9.09	9.25	9.04	9.07	7281300	93857720.00
20161103	9.07	9.12	8.97	9.07	7793022	99597760.00
20161104	9.06	9.16	8.96	8.99	6121500	78079120.00
20161107	8.94	9.03	8.91	8.98	4288534	54245812.00
20161108	9.00	9.04	8.94	8.99	4288625	54313348.00
20161109	9.01	9.01	8.79	8.92	5736604	72117472.00
20161110	8.97	9.31	8.97	9.29	12043256	155631280.00
20161111	9.33	9.36	9.18	9.29	12266508	160621472.00
20161114	9.29	9.29	9.12	9.19	9237007	119756736.00
20161115	9.23	9.26	9.11	9.21	5589930	72318624.00
20161116	9.21	9.33	9.17	9.29	7648600	99974384.00
20161117	9.29	9.29	9.06	9.15	6069100	78429968.00
20161118	9.15	9.39	9.12	9.35	10757200	140563664.00
20161121	9.29	9.40	9.22	9.35	9095800	119620272.00
20161122	9.36	9.77	9.34	9.63	21085278	285645568.00
20161123	9.62	9.67	9.46	9.62	11440035	154426944.00
20161124	9.56	9.72	9.45	9.50	7314900	98725816.00
20161125	9.51	9.56	9.27	9.48	7550300	100209952.00
20161128	9.50	9.66	9.43	9.48	8586900	115634136.00
20161129	9.46	9.48	9.20	9.26	11162600	146768880.00
20161130	9.22	9.32	9.11	9.17	8668200	112936016.00
20161201	9.21	9.26	9.14	9.20	4899235	63551184.00
20161202	9.21	9.24	8.91	8.97	7676252	97899504.00
20161205	8.96	9.05	8.87	9.01	3940600	50053236.00
20161206	9.05	9.14	9.00	9.09	4641700	59437596.00
20161207	9.12	9.12	8.95	9.09	5865500	74545040.00
20161208	9.09	9.09	8.96	8.98	3884200	49409120.00
20161209	8.96	9.03	8.90	8.91	5097100	64516152.00
20161212	8.91	8.98	8.43	8.46	8469026	104288448.00
20161213	8.42	8.51	8.29	8.44	4159561	49403896.00
20161214	8.43	8.56	8.38	8.42	5424952	64829480.00
20161215	8.45	8.52	8.38	8.49	4034544	48223844.00
20161216	8.43	8.58	8.43	8.53	4867490	58398696.00
20161219	8.50	8.64	8.45	8.63	5552191	67159616.00
20161220	8.60	8.63	8.49	8.56	5046003	60915208.00
20161221	8.70	8.88	8.66	8.71	6829529	84397216.00
20161222	8.65	8.74	8.57	8.71	5049647	61696600.00
20161223	8.69	8.81	8.66	8.72	4121451	50778776.00
20161226	8.71	8.79	8.59	8.74	4180649	51328112.00
20161227	8.73	8.80	8.66	8.74	3815846	46948616.00
20161228	8.74	8.77	8.69	8.71	2869036	35360148.00
20161229	8.71	8.76	8.68	8.71	2835900	34910372.00
20161230	8.73	8.88	8.70	8.81	4595900	57183344.00
20170103	8.93	8.94	8.82	8.86	3865863	48466816.00
20170104	8.86	8.95	8.79	8.93	4669089	58560232.00
20170105	8.96	9.01	8.84	8.86	4544205	57224552.00
20170106	8.89	9.07	8.84	9.04	7096578	89847664.00
20170109	9.01	9.16	8.96	9.16	6321060	80786120.00
20170110	9.17	9.33	9.10	9.11	11904086	155058400.00
20170111	9.07	9.10	8.90	8.97	5923366	75179208.00
20170112	8.94	9.04	8.80	8.82	4354515	54772048.00
20170113	8.82	8.86	8.59	8.60	5231898	64208912.00
20170116	8.59	8.59	8.01	8.31	8070110	94733536.00
20170117	8.25	8.40	8.16	8.33	4332339	50587992.00
20170118	8.34	8.39	8.24	8.31	3155015	37072932.00
20170119	8.30	8.37	8.24	8.29	2650845	31114440.00
20170120	8.28	8.59	8.27	8.59	6065758	72623240.00
20170123	8.53	8.67	8.52	8.63	4155662	50490816.00
20170124	8.57	8.67	8.54	8.56	3428766	41567700.00
20170125	8.56	8.59	8.51	8.57	2584157	31231074.00
20170126	8.71	8.74	8.56	8.61	8127686	99134144.00
20170203	8.56	8.64	8.45	8.47	4653259	55811484.00
20170206	8.47	8.58	8.45	8.54	8996929	107807384.00
20170207	8.54	8.79	8.54	8.73	12118455	148667168.00
20170208	8.67	8.76	8.61	8.74	6432895	78799840.00
20170209	8.74	8.96	8.71	8.92	14922831	187162736.00
20170210	8.96	9.74	8.89	9.25	33175636	435179872.00
20170213	9.32	9.34	9.06	9.14	21216101	273069792.00
20170214	9.10	9.55	9.06	9.40	26081200	341336416.00
20170215	9.31	9.37	9.09	9.13	19635799	256267632.00
20170216	9.08	9.36	9.08	9.25	15916173	207438768.00
20170217	9.21	9.27	9.11	9.22	12113334	156888512.00
20170220	9.22	10.15	9.21	10.15	41487900	577440448.00
20170221	10.50	10.86	10.29	10.60	66433917	990087680.00
20170222	10.50	10.59	10.31	10.44	34017081	500521536.00
20170223	10.35	10.36	10.01	10.11	29710829	425253728.00
20170224	10.04	10.25	9.96	10.10	17543300	250485472.00
20170227	10.01	10.47	9.99	10.21	22271500	323208992.00
20170228	10.17	10.34	10.04	10.25	13767795	197738272.00
20170301	10.18	10.53	10.11	10.29	21440358	313210112.00
20170302	10.29	10.36	9.87	9.88	21029032	298324256.00
20170303	9.82	9.99	9.76	9.91	9237202	128671344.00
20170306	9.91	10.01	9.82	9.93	8423110	117708832.00
20170307	9.94	9.97	9.80	9.88	7850300	109098944.00
20170308	9.89	9.99	9.82	9.94	8178791	114306968.00
20170309	9.96	9.96	9.77	9.79	9793891	135740736.00
20170310	9.80	9.84	9.59	9.61	11566312	157607968.00
20170313	9.59	9.67	9.43	9.65	8710273	117377840.00
20170314	9.66	9.71	9.48	9.51	10033133	135416880.00
20170315	9.45	9.61	9.45	9.59	6653589	89670552.00
20170316	9.59	9.89	9.59	9.84	12398700	171383552.00
20170317	9.81	10.04	9.77	9.86	16389036	229273040.00
20170320	9.83	10.21	9.75	10.21	17515000	246538288.00
20170321	10.14	10.14	9.99	10.10	13521600	191766800.00
20170322	10.04	10.41	9.96	10.15	20093866	289759552.00
20170323	10.14	10.56	10.10	10.47	30362985	443187808.00
20170324	10.43	10.61	10.31	10.38	23507400	345856512.00
20170327	10.39	10.46	10.08	10.14	16045435	230621744.00
20170328	10.07	10.62	10.07	10.59	27003158	397184000.00
20170329	10.54	10.61	10.33	10.35	20858013	307513888.00
20170330	10.29	10.84	10.22	10.47	36709393	549413248.00
20170331	10.51	10.79	9.65	9.76	30912957	439310048.00
20170405	9.58	9.97	9.58	9.92	13125486	182349360.00
20170406	9.86	10.09	9.79	9.89	11267093	157968448.00
20170407	9.84	9.92	9.64	9.81	11680246	160656992.00
20170410	9.76	10.20	9.66	10.13	17568069	244953104.00
20170411	10.01	10.41	9.96	10.31	18437700	265123088.00
20170412	10.26	10.40	9.93	9.94	12113100	173964736.00
20170413	9.84	10.02	9.84	9.95	6854436	95826688.00
20170414	9.94	10.11	9.84	9.87	7429942	104414248.00
20170417	9.99	10.12	9.80	10.08	8980445	126577200.00
20170418	10.11	10.26	9.94	10.06	11121173	158445184.00
20170419	9.97	10.13	9.58	9.70	13577463	188491696.00
20170420	9.65	9.78	9.26	9.44	13324441	178700384.00
20170421	9.45	9.55	9.21	9.29	9180061	121039176.00
20170424	9.39	9.52	9.21	9.23	10134100	133932800.00
20170425	9.15	9.36	9.07	9.28	5789400	75681456.00
20170426	9.31	9.41	9.24	9.32	4840500	63767300.00
20170427	9.29	9.54	9.11	9.48	8979800	118584224.00
20170428	9.41	9.52	9.41	9.51	5364273	71581360.00
20170502	9.50	9.87	9.47	9.81	10574276	145070736.00
20170503	9.84	10.56	9.73	10.06	20773086	298473888.00
20170504	10.04	10.21	9.87	10.06	13546500	191492144.00
20170505	9.94	10.02	9.59	9.61	12619800	174475616.00
20170508	9.63	9.84	9.35	9.39	10604100	143390784.00
20170509	9.29	9.51	9.20	9.49	6694500	88559328.00
20170510	9.48	9.57	9.14	9.22	7017700	92727928.00
20170511	9.16	9.29	8.88	9.14	10964000	140406176.00
20170512	9.14	9.20	8.97	9.19	5785227	74412704.00
20170515	9.24	9.36	9.08	9.10	5356716	69498056.00
20170516	9.06	9.26	8.88	9.25	8011837	102328160.00
20170517	9.25	9.35	9.20	9.30	6286192	82473136.00
20170518	9.19	9.25	8.91	9.10	5707800	73609008.00
20170519	9.14	9.25	9.10	9.19	4048036	52407692.00
20170522	9.11	9.19	8.84	8.86	5984465	75893600.00
20170523	8.85	8.90	8.29	8.31	7856700	95223208.00
20170524	8.32	8.48	8.21	8.44	4234200	49986724.00
20170525	8.43	8.56	8.31	8.48	5169000	61605168.00
20170526	8.52	8.56	8.40	8.44	5344200	63910024.00
20170531	8.54	8.60	8.36	8.40	6586800	78808768.00
20170601	8.46	8.46	8.15	8.16	5820406	68200144.00
20170602	8.06	8.21	7.86	8.17	6131013	69677144.00
20170605	8.22	8.57	8.22	8.50	6932362	82671936.00
20170606	8.50	8.55	8.43	8.54	3076325	36895040.00
20170607	8.52	8.74	8.51	8.71	6442730	78522696.00
20170608	8.71	8.76	8.63	8.70	6805610	83523088.00
20170609	8.70	8.84	8.57	8.60	5822705	50561236.00
20170612	8.51	8.54	8.34	8.36	6475600	54485056.00
20170613	8.31	8.46	8.31	8.43	6376112	53642452.00
20170614	8.43	8.75	8.36	8.60	10528889	90406256.00
20170615	8.62	8.88	8.57	8.87	10713421	93594688.00
20170616	8.83	8.85	8.67	8.69	8920776	77829776.00
20170619	8.67	8.76	8.60	8.71	6648142	57721060.00
20170620	8.70	8.73	8.60	8.62	6938457	60041816.00
20170621	8.66	8.89	8.63	8.79	12897143	113217528.00
20170622	8.72	8.77	8.38	8.39	12405469	106871176.00
20170623	8.40	8.47	8.22	8.37	8453644	70552016.00
20170626	8.46	8.59	8.42	8.56	6602739	56201028.00
20170627	8.58	8.68	8.52	8.58	6911280	59467716.00
20170628	8.58	8.85	8.58	8.83	17749732	155693728.00
20170629	8.77	8.92	8.73	8.77	11450949	100734280.00
20170630	8.71	8.77	8.62	8.72	8933347	77630504.00
20170703	8.83	8.92	8.71	8.84	9466528	83515920.00
20170704	8.84	8.99	8.80	8.85	11099383	98576088.00
20170705	8.83	8.85	8.75	8.85	8685093	76422368.00
20170706	8.87	8.92	8.72	8.81	6776553	59605884.00
20170707	8.77	8.90	8.75	8.87	8601429	76009360.00
20170710	8.82	9.44	8.82	9.19	25296563	233609792.00
20170711	9.14	9.66	9.13	9.32	28595266	269962752.00
数据来源:通达信
