600007 中国国贸 日线 前复权
      日期	    开盘	    最高	    最低	    收盘	    成交量	    成交额
20111010	7.83	7.94	7.69	7.85	3503042	31513286.00
20111011	7.89	8.00	7.81	7.90	2442660	22044700.00
20111012	7.85	8.11	7.82	8.09	2552076	23432452.00
20111013	8.08	8.09	7.92	8.08	2181512	20001022.00
20111014	7.99	8.17	7.91	8.11	1487662	13716770.00
20111017	8.10	8.17	8.06	8.13	1310372	12163767.00
20111018	8.08	8.09	7.82	7.83	2267971	20621100.00
20111019	7.83	8.12	7.83	8.11	1288089	11796839.00
20111020	8.14	8.16	7.84	8.01	1003311	9136301.00
20111021	8.02	8.12	7.89	8.00	1087938	9980202.00
20111024	8.01	8.69	7.90	8.51	4046900	38464880.00
20111025	8.45	8.84	8.30	8.68	4086992	39966052.00
20111026	8.54	9.04	8.48	8.64	4841488	48098032.00
20111027	8.66	8.76	8.54	8.65	1942452	19021886.00
20111028	8.69	8.88	8.66	8.74	2213944	21982808.00
20111031	8.74	9.05	8.54	8.95	4151366	41499904.00
20111101	8.75	8.94	8.74	8.85	1336056	13381914.00
20111102	8.83	8.96	8.57	8.85	2388393	23792056.00
20111103	8.85	8.94	8.67	8.68	2759586	27562614.00
20111104	8.71	8.81	8.65	8.78	2109476	20887992.00
20111107	8.86	9.08	8.72	8.91	3395534	34228124.00
20111108	8.92	8.92	8.62	8.64	1689336	16739291.00
20111109	8.62	8.71	8.42	8.64	2750970	26717106.00
20111110	8.54	8.70	8.42	8.58	1280199	12431485.00
20111111	8.57	8.68	8.48	8.59	643244	6270253.00
20111114	8.59	8.84	8.59	8.75	927620	9197287.00
20111115	8.66	8.79	8.63	8.72	1009110	9967908.00
20111116	8.72	9.02	8.55	9.01	2891597	28811116.00
20111117	8.85	9.00	8.79	8.83	2109143	21187682.00
20111118	8.74	8.89	8.52	8.83	1901930	18678712.00
20111121	8.66	8.82	8.64	8.80	865054	8574661.00
20111122	8.68	8.79	8.57	8.75	727400	7165808.00
20111123	8.74	8.81	8.57	8.60	928407	9123069.00
20111124	8.56	8.70	8.46	8.58	634914	6177671.00
20111125	8.64	8.74	8.44	8.50	562367	5455567.00
20111128	8.50	8.59	8.47	8.55	890515	8630639.00
20111129	8.64	8.68	8.44	8.59	807521	7847398.00
20111130	8.59	8.76	8.20	8.70	2530422	24544530.00
20111201	8.77	8.99	8.64	8.81	2403334	24129676.00
20111202	8.70	8.90	8.69	8.82	1216940	12127150.00
20111205	8.75	8.88	8.55	8.56	1276039	12577404.00
20111206	8.54	8.59	8.36	8.54	1599849	15418731.00
20111207	8.42	8.61	8.42	8.54	624494	6059742.00
20111208	8.49	8.70	8.39	8.61	759618	7425053.00
20111209	8.54	8.69	8.47	8.54	430553	4188630.00
20111212	8.52	8.63	8.45	8.54	529782	5130208.00
20111213	8.54	8.54	8.20	8.26	664870	6317694.00
20111214	8.15	8.24	8.03	8.05	607341	5631600.00
20111215	8.02	8.08	7.76	7.99	867559	7879982.00
20111216	7.99	8.14	7.84	8.09	535475	4910824.00
20111219	7.95	8.09	7.85	8.05	298440	2725670.00
20111220	8.05	8.08	7.94	8.04	493451	4519410.00
20111221	8.04	8.08	7.92	7.94	514834	4724070.00
20111222	7.94	8.05	7.61	8.02	1335241	11949112.00
20111223	7.89	8.05	7.89	7.96	356786	3257781.00
20111226	7.95	7.96	7.83	7.93	619631	5610349.00
20111227	7.93	7.94	7.65	7.93	823447	7382183.00
20111228	7.92	7.92	7.64	7.70	706992	6270639.00
20111229	7.65	7.84	7.65	7.81	740252	6609844.00
20111230	7.79	7.97	7.72	7.96	714051	6427520.00
20120104	7.99	7.99	7.78	7.79	544980	4901425.00
20120105	7.88	7.88	7.59	7.59	973800	8637084.00
20120106	7.53	7.68	7.53	7.65	364403	3194139.00
20120109	7.60	7.91	7.60	7.91	260347	2338118.00
20120110	7.90	8.13	7.82	8.04	675643	6194726.00
20120111	8.09	8.15	7.99	8.11	455771	4203367.00
20120112	8.05	8.16	8.00	8.02	350765	3235040.00
20120113	8.03	8.07	7.75	8.02	570726	5194349.00
20120116	7.94	8.07	7.85	7.89	139192	1274268.00
20120117	8.02	8.33	7.88	8.23	805952	7483613.00
20120118	8.23	8.23	8.02	8.09	366960	3405646.00
20120119	8.02	8.18	8.01	8.07	326225	3027113.00
20120120	8.04	8.17	8.00	8.10	189904	1762496.00
20120130	8.14	8.14	8.02	8.04	280794	2586253.00
20120131	8.02	8.11	7.94	7.99	241382	2207843.00
20120201	7.99	8.12	7.93	8.00	360105	3293794.00
20120202	7.96	8.06	7.93	8.05	353231	3234625.00
20120203	8.05	8.23	7.98	8.21	820928	7629804.00
20120206	8.26	8.26	8.08	8.16	473340	4408378.00
20120207	8.16	8.16	8.04	8.11	224119	2071585.00
20120208	8.11	8.30	8.07	8.30	808303	7565579.00
20120209	8.29	8.34	8.20	8.23	395772	3734315.00
20120210	8.23	8.59	8.20	8.48	2411302	23346276.00
20120213	8.42	8.55	8.29	8.54	1169366	11204944.00
20120214	8.53	8.55	8.34	8.49	550996	5305567.00
20120215	8.44	8.60	8.43	8.59	398867	3868495.00
20120216	8.56	8.62	8.49	8.59	466422	4529018.00
20120217	8.54	8.59	8.44	8.55	287453	2779335.00
20120220	8.59	8.69	8.51	8.67	1004808	9814490.00
20120221	8.64	8.72	8.54	8.71	606171	5933920.00
20120222	8.69	8.77	8.59	8.72	578402	5716750.00
20120223	8.76	8.76	8.64	8.69	403324	3982138.00
20120224	8.75	8.99	8.66	8.85	1185628	11894675.00
20120227	8.84	9.11	8.79	8.92	1484181	15072168.00
20120228	8.84	9.05	8.79	8.94	710750	7165731.00
20120229	9.02	9.02	8.80	8.88	554416	5551074.00
20120301	8.84	8.88	8.75	8.77	360845	3602902.00
20120302	8.76	9.10	8.76	9.02	743545	7546315.00
20120305	8.99	9.14	8.94	9.12	846779	8636490.00
20120306	9.12	9.20	8.90	9.05	981649	9999328.00
20120307	8.87	9.03	8.87	8.93	302071	3056350.00
20120308	8.94	9.13	8.94	9.09	604986	6206265.00
20120309	9.09	9.19	8.97	9.13	708552	7292069.00
20120312	9.17	9.17	9.02	9.09	630558	6478827.00
20120313	9.08	9.14	9.08	9.13	716105	7359506.00
20120314	9.09	9.20	8.75	8.78	1206266	12233382.00
20120315	8.74	8.82	8.59	8.63	601169	5933844.00
20120316	8.69	8.84	8.68	8.84	394621	3913149.00
20120319	8.92	9.83	8.92	9.56	4021855	43320772.00
20120320	9.62	9.62	9.22	9.26	1627313	17073468.00
20120321	9.27	9.62	9.27	9.44	1701506	18112606.00
20120322	9.37	9.59	9.31	9.43	731195	7768010.00
20120323	9.39	9.40	9.19	9.26	537819	5605648.00
20120326	9.21	9.51	9.21	9.37	622776	6546725.00
20120327	9.40	9.49	9.24	9.30	643679	6805716.00
20120328	9.30	9.34	8.93	9.00	533933	5456967.00
20120329	8.84	9.17	8.84	9.14	537775	5465913.00
20120330	9.14	9.24	9.01	9.05	457744	4708088.00
20120405	9.04	9.38	8.87	9.37	714745	7435391.00
20120406	9.26	9.46	9.26	9.40	688617	7253651.00
20120409	9.42	9.42	9.25	9.28	521612	5485026.00
20120410	9.21	9.38	9.04	9.37	366307	3803925.00
20120411	9.16	9.53	9.14	9.37	420633	4436488.00
20120412	9.28	9.45	9.27	9.44	436087	4593841.00
20120416	9.44	9.44	9.26	9.36	473536	4968473.00
20120417	9.34	9.36	9.22	9.25	270202	2818140.00
20120418	9.31	9.45	9.17	9.41	624901	6582224.00
20120419	9.40	9.44	9.20	9.33	373818	3918620.00
20120420	9.38	9.49	9.25	9.46	993988	10464568.00
20120423	9.45	10.09	9.40	9.84	3687141	40553712.00
20120424	9.72	9.85	9.25	9.65	2286915	24646802.00
20120425	9.56	9.90	9.54	9.82	2264131	24818398.00
20120426	9.89	9.98	9.72	9.86	1004800	11032111.00
20120427	9.96	10.21	9.79	9.81	1695779	18972168.00
20120502	9.92	9.99	9.67	9.79	872710	9588362.00
20120503	9.70	9.86	9.57	9.84	1058493	11508646.00
20120504	9.81	9.90	9.72	9.76	705028	7730608.00
20120507	9.73	9.96	9.62	9.94	941913	10349859.00
20120508	9.94	9.94	9.75	9.82	753686	8280452.00
20120509	9.83	9.90	9.67	9.75	686242	7503603.00
20120510	9.75	9.97	9.70	9.93	782689	8628999.00
20120511	9.97	10.10	9.84	10.03	1729379	19324840.00
20120514	10.15	10.24	9.94	9.95	1590651	17948748.00
20120515	9.83	9.93	9.72	9.78	941307	10321851.00
20120516	9.79	9.87	9.64	9.70	490005	5325087.00
20120517	9.70	9.84	9.64	9.80	458569	4997547.00
20120518	9.69	9.82	9.65	9.66	388493	4213723.00
20120521	9.65	9.67	9.41	9.63	479966	5134828.00
20120522	9.57	9.72	9.57	9.68	234827	2544432.00
20120523	9.69	9.72	9.49	9.56	436547	4686036.00
20120524	9.50	9.60	9.45	9.51	291500	3114498.00
20120525	9.55	9.56	9.42	9.50	329299	3502375.00
20120528	9.46	9.61	9.24	9.57	398437	4218125.00
20120529	9.60	9.79	9.53	9.68	640234	6942663.00
20120530	9.79	9.87	9.69	9.77	314509	3402859.00
20120531	9.67	9.80	9.67	9.74	221463	2383283.00
20120601	9.77	9.84	9.70	9.73	233442	2518081.00
20120604	9.57	9.71	9.27	9.31	362100	3806063.00
20120605	9.18	9.52	9.17	9.36	174017	1805824.00
20120606	9.29	9.37	9.25	9.32	136220	1409285.00
20120607	9.46	9.47	9.24	9.40	220186	2275575.00
20120608	9.38	9.55	9.32	9.46	216452	2264518.00
20120611	9.44	9.63	9.39	9.61	227907	2408449.00
20120612	9.60	9.72	9.35	9.64	231769	2452288.00
20120613	9.55	9.75	9.55	9.71	314927	3374256.00
20120614	9.71	9.75	9.63	9.70	226082	2423991.00
20120615	9.67	9.76	9.54	9.71	221088	2358961.00
20120618	9.80	9.95	9.67	9.72	785879	8503924.00
20120619	9.75	9.75	9.48	9.56	374631	3992313.00
20120620	9.57	9.72	9.38	9.52	192830	2039576.00
20120621	9.52	9.67	9.30	9.40	399116	4184239.00
20120625	9.39	9.39	9.27	9.30	266980	2759175.00
20120626	9.32	9.33	9.24	9.30	301835	3121159.00
20120627	9.30	9.39	9.27	9.32	278312	2883890.00
20120628	9.32	9.45	9.32	9.38	243716	2539975.00
20120629	9.46	9.47	9.22	9.37	433597	4497922.00
20120702	9.38	9.68	9.27	9.55	398094	4217982.00
20120703	9.55	9.66	9.49	9.61	326480	3468364.00
20120704	9.57	9.58	9.40	9.47	202523	2129975.00
20120705	9.38	9.48	9.28	9.46	308064	3198659.00
20120706	9.47	9.70	9.39	9.69	619804	6596748.00
20120709	9.57	9.81	9.47	9.51	383628	4105479.00
20120710	9.57	9.63	9.29	9.42	206927	2166882.00
20120711	9.44	9.47	9.33	9.37	190779	1985299.00
20120712	9.37	9.47	9.27	9.35	428624	4456308.00
20120713	9.34	9.43	9.27	9.37	203830	2118504.00
20120716	9.36	9.43	9.00	9.12	637285	6498126.00
20120717	9.12	9.40	9.09	9.21	217600	2225803.00
20120718	9.14	9.14	8.92	8.94	447247	4477122.00
20120719	8.94	9.07	8.93	9.01	458000	4601676.00
20120720	8.98	9.03	8.96	8.99	184779	1854126.00
20120723	8.99	8.99	8.78	8.84	180827	1790752.00
20120724	8.78	9.06	8.78	9.02	345487	3462848.00
20120725	8.97	9.02	8.89	8.92	157150	1565931.00
20120726	9.06	9.32	8.87	8.94	323699	3250638.00
20120727	8.94	9.03	8.87	8.88	87837	876723.00
20120730	8.97	8.97	8.78	8.88	230214	2282958.00
20120731	8.95	9.21	8.67	8.89	169781	1684014.00
20120801	8.94	9.15	8.88	9.06	268739	2703034.00
20120802	9.06	9.22	8.98	9.08	325028	3289089.00
20120803	9.08	9.16	8.97	9.14	283508	2874840.00
20120806	9.15	9.29	9.15	9.27	249153	2555011.00
20120807	9.16	9.27	9.07	9.24	328370	3353597.00
20120808	9.24	9.24	9.03	9.17	232721	2365504.00
20120809	9.19	9.21	9.07	9.19	159773	1626078.00
20120810	9.17	9.24	9.13	9.17	112194	1144668.00
20120813	9.08	9.21	9.03	9.18	359045	3661548.00
20120814	9.09	9.19	9.05	9.15	368774	3732063.00
20120815	9.14	9.14	8.98	9.05	116381	1171332.00
20120816	8.97	9.07	8.93	8.99	68132	683597.00
20120817	8.97	9.16	8.94	9.13	262292	2654549.00
20120820	9.22	9.24	9.06	9.12	199239	2029838.00
20120821	9.12	9.32	9.12	9.23	155609	1599848.00
20120822	9.18	9.27	9.08	9.09	121510	1239654.00
20120823	9.03	9.17	9.03	9.09	170250	1718834.00
20120824	9.01	9.04	8.92	8.97	252892	2529956.00
20120827	8.97	9.02	8.78	8.80	181900	1797080.00
20120828	8.73	8.96	8.73	8.89	114701	1137275.00
20120829	8.95	8.95	8.74	8.85	142091	1400951.00
20120830	8.91	9.14	8.77	9.12	218419	2171453.00
20120831	9.15	9.27	9.12	9.17	335036	3425862.00
20120903	9.19	9.31	9.10	9.21	371299	3810833.00
20120904	9.14	9.25	8.94	8.95	289677	2912732.00
20120905	9.02	9.02	8.87	8.90	125282	1248550.00
20120906	9.01	9.06	8.94	9.05	146424	1467421.00
20120907	9.05	9.38	9.05	9.32	570873	5876701.00
20120910	9.30	9.30	9.14	9.24	406203	4165891.00
20120911	9.15	9.32	9.15	9.28	229509	2357925.00
20120912	9.22	9.31	9.17	9.27	370774	3812638.00
20120913	9.28	9.34	9.21	9.21	297572	3066410.00
20120914	9.21	9.25	9.12	9.20	200899	2051451.00
20120917	9.12	9.14	8.98	9.03	271930	2739355.00
20120918	9.08	9.08	8.92	8.99	192153	1923832.00
20120919	9.00	9.04	8.95	9.00	172123	1723095.00
20120920	8.97	9.01	8.92	8.95	223984	2240220.00
20120921	9.02	9.02	8.90	8.95	178790	1788928.00
20120924	8.90	9.02	8.78	9.01	92015	919183.00
20120925	8.87	9.02	8.82	8.90	91701	911372.00
20120926	8.94	8.98	8.83	8.90	300311	2968832.00
20120927	8.82	9.05	8.82	9.00	143445	1433209.00
20120928	8.90	9.52	8.90	9.46	1072790	11135525.00
20121008	9.46	9.47	9.29	9.30	429251	4458302.00
20121009	9.33	9.49	9.27	9.48	426787	4468871.00
20121010	9.50	9.51	9.38	9.49	264707	2779821.00
20121011	9.47	9.48	9.32	9.43	210518	2195815.00
20121012	9.38	9.50	9.37	9.40	326986	3421165.00
20121015	9.32	9.40	9.29	9.39	164050	1700788.00
20121016	9.47	9.52	9.34	9.47	265488	2780862.00
20121017	9.47	9.55	9.43	9.47	244566	2571513.00
20121018	9.54	9.56	9.41	9.54	349906	3687774.00
20121019	9.54	9.69	9.46	9.66	563530	5987510.00
20121022	9.66	9.74	9.56	9.64	409504	4369438.00
20121023	9.63	9.80	9.52	9.53	566054	6044683.00
20121024	9.51	9.67	9.45	9.49	313660	3326748.00
20121025	9.50	9.74	9.45	9.49	305007	3237165.00
20121026	9.48	9.48	9.12	9.18	371143	3828338.00
20121029	9.20	9.27	9.06	9.18	258472	2626872.00
20121030	9.22	9.30	9.17	9.29	184764	1896703.00
20121031	9.25	9.29	9.17	9.23	205295	2104151.00
20121101	9.21	9.42	9.15	9.35	890500	9185966.00
20121102	9.36	9.57	9.33	9.42	647614	6748560.00
20121105	9.50	9.51	9.34	9.49	373782	3914371.00
20121106	9.47	9.52	9.32	9.46	372478	3879058.00
20121107	9.51	9.51	9.35	9.36	168800	1761440.00
20121108	9.32	9.42	9.24	9.28	283113	2926564.00
20121109	9.15	9.31	9.15	9.31	156354	1607287.00
20121112	9.33	9.41	9.29	9.38	157961	1640523.00
20121113	9.41	9.47	9.28	9.31	256710	2677441.00
20121114	9.29	9.34	9.26	9.33	135920	1402062.00
20121115	9.24	9.36	9.15	9.18	377132	3865396.00
20121116	9.22	9.22	9.07	9.22	275543	2800645.00
20121119	9.22	9.32	9.14	9.32	156710	1612223.00
20121120	9.27	9.35	9.18	9.29	131100	1352518.00
20121121	9.34	9.42	9.25	9.42	463267	4815371.00
20121122	9.42	9.43	9.32	9.41	270556	2820784.00
20121123	9.45	9.47	9.37	9.45	326440	3420087.00
20121126	9.47	9.79	9.15	9.22	894873	9355434.00
20121127	9.11	9.20	8.79	9.11	616179	6203285.00
20121128	9.03	9.10	8.87	8.95	252219	2522575.00
20121129	8.87	9.06	8.87	9.04	423566	4232401.00
20121130	8.89	9.16	8.89	9.16	322823	3247333.00
20121203	9.12	9.12	8.92	9.03	275159	2768138.00
20121204	9.00	9.02	8.82	8.96	172160	1715643.00
20121205	8.97	9.25	8.97	9.23	512493	5215707.00
20121206	9.13	9.27	9.13	9.23	216133	2213697.00
20121207	9.24	9.35	9.14	9.32	393475	4039766.00
20121210	9.39	9.39	9.18	9.27	613450	6317748.00
20121211	9.21	9.39	9.20	9.29	550397	5687947.00
20121212	9.32	9.46	9.08	9.31	531310	5443666.00
20121213	9.24	9.29	9.12	9.15	385088	3935080.00
20121214	9.13	9.52	9.13	9.51	1353561	14104681.00
20121217	9.48	10.05	9.43	9.87	3432874	37433808.00
20121218	9.88	9.99	9.78	9.84	1650166	17992334.00
20121219	9.85	9.94	9.79	9.82	1186529	12934031.00
20121220	9.82	9.85	9.68	9.84	542578	5857582.00
20121221	9.88	9.93	9.72	9.75	454101	4925783.00
20121224	9.75	9.88	9.68	9.76	538037	5828861.00
20121225	9.79	10.01	9.68	9.97	1293031	14159968.00
20121226	9.94	10.47	9.88	10.37	3258766	37018980.00
20121227	10.45	10.47	10.13	10.19	1233693	13915874.00
20121228	10.25	10.30	10.07	10.27	1252718	14059027.00
20121231	10.36	10.75	10.27	10.46	2347931	27192000.00
20130104	10.51	10.62	10.26	10.34	1328007	15178420.00
20130107	10.30	10.85	10.22	10.63	1493519	17297086.00
20130108	10.63	10.92	10.51	10.66	886695	10369120.00
20130109	10.57	10.69	10.43	10.52	970808	11235901.00
20130110	10.47	10.65	10.42	10.46	997915	11489741.00
20130111	10.46	10.54	10.13	10.19	934090	10581769.00
20130114	10.18	10.47	10.16	10.38	1484585	16891160.00
20130115	10.36	10.67	10.35	10.60	1124681	12978517.00
20130116	10.58	10.64	10.42	10.52	1068147	12369365.00
20130117	10.48	10.51	10.27	10.42	720934	8229560.00
20130118	10.37	10.55	10.37	10.52	1018383	11724616.00
20130121	10.53	10.92	10.53	10.86	2267593	26818866.00
20130122	10.79	10.90	10.46	10.47	1709242	19947988.00
20130123	10.45	10.57	10.30	10.43	1120343	12847399.00
20130124	10.41	10.53	10.17	10.23	1169044	13286283.00
20130125	10.22	10.33	10.05	10.14	1024540	11501537.00
20130128	10.12	10.42	10.11	10.36	728086	8262253.00
20130129	10.37	10.62	10.34	10.49	960976	11074550.00
20130130	10.50	10.59	10.37	10.51	671755	7747109.00
20130131	10.61	10.61	10.17	10.33	881491	10038758.00
20130201	10.27	10.41	10.19	10.31	778883	8855934.00
20130204	10.31	10.42	10.19	10.38	932739	10579377.00
20130205	10.29	10.64	10.28	10.59	1292387	14907545.00
20130206	10.56	10.59	10.28	10.32	1179750	13478848.00
20130207	10.32	10.32	10.19	10.30	535358	6048201.00
20130208	10.30	10.47	10.30	10.47	822580	9382627.00
20130218	10.45	10.82	10.37	10.77	1937074	22619020.00
20130219	10.77	10.95	10.51	10.86	2832940	33419760.00
20130220	10.85	10.92	10.69	10.89	1526359	18135860.00
20130221	10.85	11.22	10.77	10.93	2418872	29119222.00
20130222	11.03	11.33	10.87	11.15	2696051	32764580.00
20130225	11.17	11.17	10.77	10.87	2366829	28405292.00
20130226	10.85	10.92	10.52	10.55	1421050	16640206.00
20130227	10.55	10.65	10.32	10.45	1687085	19375782.00
20130228	10.52	10.65	10.32	10.64	1233568	14215390.00
20130301	10.64	11.22	10.60	10.98	2635483	31658412.00
20130304	10.95	10.95	10.40	10.47	1436791	16748975.00
20130305	10.42	10.72	10.25	10.52	1805804	20732372.00
20130306	10.61	10.77	10.45	10.57	1661131	19327532.00
20130307	10.52	10.56	10.26	10.27	3451277	39225584.00
20130308	10.26	10.44	10.25	10.32	816005	9269524.00
20130311	10.32	10.55	10.32	10.47	914372	10490199.00
20130312	10.42	10.55	10.24	10.30	1186488	13499746.00
20130313	10.30	10.35	10.24	10.31	377415	4276449.00
20130314	10.35	10.45	10.19	10.45	618033	7060090.00
20130315	10.37	10.59	10.37	10.42	788623	9074473.00
20130318	10.42	10.55	10.15	10.27	869296	9834862.00
20130319	10.15	10.36	10.15	10.35	451452	5098841.00
20130320	10.44	10.64	10.32	10.57	1165499	13487002.00
20130321	10.57	10.81	10.55	10.56	928289	10856173.00
20130322	10.56	10.72	10.52	10.62	774531	9018699.00
20130325	10.82	10.85	10.53	10.69	1008429	11789300.00
20130326	10.67	10.67	10.48	10.62	580410	6728249.00
20130327	10.59	10.82	10.52	10.69	1217620	14292825.00
20130328	10.67	10.76	10.32	10.34	758156	8664444.00
20130329	10.47	10.47	10.27	10.34	244143	2774472.00
20130401	10.34	10.43	10.18	10.31	266087	3015690.00
20130402	10.31	10.43	9.97	10.00	1084998	12133463.00
20130403	10.03	10.14	10.01	10.08	415726	4610565.00
20130408	10.02	10.19	9.83	10.11	478843	5308595.00
20130409	10.21	10.29	10.06	10.19	187810	2101675.00
20130410	10.20	10.23	9.87	10.19	472028	5234490.00
20130411	10.19	10.19	10.07	10.08	184103	2048671.00
20130412	10.15	10.15	9.99	10.04	116000	1286504.00
20130415	9.98	10.07	9.57	9.82	335501	3631361.00
20130416	9.75	9.86	9.60	9.84	237111	2555493.00
20130417	9.84	9.87	9.36	9.49	1565293	16439948.00
20130418	9.42	9.58	9.40	9.48	427758	4494340.00
20130419	9.48	9.73	9.45	9.71	753736	8032043.00
20130422	9.60	9.70	9.38	9.64	420563	4444151.00
20130423	9.60	9.61	9.40	9.44	409415	4312943.00
20130424	9.47	9.61	9.44	9.60	338158	3575055.00
20130425	9.60	9.66	9.48	9.55	308316	3272834.00
20130426	9.50	9.61	9.35	9.38	250151	2626483.00
20130502	9.42	9.50	9.36	9.46	230232	2401428.00
20130503	9.43	9.74	9.43	9.66	383002	4094378.00
20130506	9.66	9.78	9.66	9.71	501992	5386104.00
20130507	9.73	9.73	9.47	9.70	365896	3897767.00
20130508	9.70	9.84	9.70	9.81	330282	3569129.00
20130509	9.81	9.82	9.67	9.73	281223	3020778.00
20130510	9.73	9.84	9.72	9.78	311886	3371391.00
20130513	9.68	9.83	9.53	9.60	416568	4449625.00
20130514	9.60	9.65	9.47	9.51	242628	2558482.00
20130515	9.41	9.62	9.41	9.57	199927	2115741.00
20130516	9.58	9.81	9.47	9.78	492853	5257071.00
20130517	9.85	9.95	9.73	9.89	813190	8879107.00
20130520	9.89	10.14	9.79	10.04	658319	7267171.00
20130521	10.04	10.12	9.87	10.01	613264	6732429.00
20130522	10.01	10.12	9.86	9.97	561401	6184403.00
20130523	9.93	9.99	9.82	9.87	360665	3936950.00
20130524	9.86	9.93	9.81	9.92	378728	4125571.00
20130527	9.92	9.97	9.86	9.91	434965	4763473.00
20130528	9.88	10.07	9.78	10.06	1098953	12040332.00
20130529	10.07	10.15	10.04	10.10	561073	6247051.00
20130530	10.10	10.10	10.00	10.05	318253	3525338.00
20130531	10.06	10.34	10.05	10.18	946196	10691752.00
20130603	10.20	10.51	10.20	10.36	920095	10528028.00
20130604	10.47	10.47	10.18	10.31	576502	6433842.00
20130605	10.33	10.33	10.05	10.28	345704	3845527.00
20130606	10.33	10.48	10.18	10.33	384674	4321233.00
20130607	10.33	10.45	10.09	10.13	528863	5870391.00
20130613	10.04	10.04	9.30	9.52	619643	6428851.00
20130614	9.48	9.67	9.44	9.64	307362	3214146.00
20130617	9.78	9.79	9.52	9.67	236426	2472472.00
20130618	9.67	9.73	9.43	9.53	192004	2003320.00
20130619	9.55	9.75	9.43	9.50	272246	2826462.00
20130620	9.43	9.56	9.13	9.15	575298	5800385.00
20130621	9.12	9.29	8.97	9.17	247983	2480138.00
20130624	9.15	9.15	8.41	8.55	570115	5520817.00
20130625	8.63	8.64	7.73	8.22	791177	7152980.00
20130626	8.22	8.33	8.01	8.21	581203	5225028.00
20130627	8.22	8.33	8.13	8.30	584357	5315292.00
20130628	8.23	8.55	8.14	8.36	557013	5148421.00
20130701	8.36	8.37	8.24	8.33	239516	2192651.00
20130702	8.28	8.58	8.23	8.53	494831	4579689.00
20130703	8.45	8.50	8.27	8.36	228908	2105168.00
20130704	8.26	8.53	8.26	8.37	360076	3339058.00
20130705	8.37	8.58	8.34	8.45	324108	3031538.00
20130708	8.33	8.39	7.95	8.05	591553	5306143.00
20130709	8.03	8.21	7.99	8.14	158290	1422598.00
20130710	8.18	8.37	8.11	8.30	234600	2135519.00
20130711	8.31	8.69	8.31	8.56	571433	5373525.00
20130712	8.53	8.71	8.42	8.51	550179	5184939.00
20130715	8.55	8.62	8.45	8.60	296554	2797291.00
20130716	8.54	8.62	8.47	8.62	290314	2734630.00
20130717	8.62	8.68	8.51	8.58	346563	3279587.00
20130718	8.54	8.56	8.36	8.49	329166	3060187.00
20130719	8.48	9.01	8.37	8.41	309942	2912358.00
20130722	8.16	8.43	8.16	8.35	238675	2196083.00
20130723	8.36	8.57	8.36	8.52	337649	3158057.00
20130724	8.46	8.55	8.37	8.46	220245	2048746.00
20130725	8.52	8.52	8.35	8.39	210387	1951617.00
20130726	8.33	8.38	8.23	8.34	222526	2037961.00
20130729	8.23	8.34	8.04	8.09	479229	4301005.00
20130730	8.16	8.27	8.05	8.14	259075	2336671.00
20130731	8.30	8.44	8.17	8.19	234000	2149285.00
20130801	8.25	8.32	8.15	8.30	351173	3198523.00
20130802	8.30	8.53	8.30	8.41	514480	4772217.00
20130805	8.29	8.41	8.27	8.40	341304	3141290.00
20130806	8.43	8.44	8.31	8.42	399902	3697525.00
20130807	8.42	8.51	8.36	8.38	563520	5241874.00
20130808	8.38	8.47	8.33	8.39	308533	2853433.00
20130809	8.48	8.50	8.33	8.47	598255	5551859.00
20130812	8.75	9.40	8.75	9.40	4104362	41655712.00
20130813	9.38	9.53	9.16	9.33	3408372	34675816.00
20130814	9.30	9.30	9.13	9.18	1960940	19711628.00
20130815	9.18	9.19	8.99	9.13	1270374	12626253.00
20130816	9.08	9.25	8.83	9.07	1453648	14348314.00
20130819	9.03	9.09	8.88	9.07	786713	7776780.00
20130820	9.09	9.23	8.98	9.22	1184412	11825047.00
20130821	9.23	9.25	8.90	9.05	1050447	10384389.00
20130822	9.05	9.07	8.94	8.96	536800	5300261.00
20130823	8.98	9.02	8.55	8.92	649161	6314895.00
20130826	8.93	9.03	8.83	9.00	693716	6816477.00
20130827	9.00	9.18	8.85	9.17	1027943	10215038.00
20130828	9.28	9.28	8.99	9.12	1032054	10282761.00
20130829	9.08	9.16	8.93	9.12	823861	8169845.00
20130830	9.11	10.12	8.93	10.12	5934904	64139328.00
20130902	10.43	10.67	9.71	9.83	6375523	70445480.00
20130903	9.44	9.72	9.44	9.64	2757802	28740720.00
20130904	9.65	10.69	9.65	10.69	2982848	34137704.00
20130905	11.63	11.63	10.83	10.89	9413501	112354616.00
20130906	10.89	12.07	10.44	12.07	11509098	145723376.00
20130909	12.29	13.08	11.98	12.25	15389279	204530064.00
20130910	11.94	12.37	11.72	12.35	10256839	132334152.00
20130911	12.18	12.32	11.50	11.54	6679245	84751880.00
20130912	11.43	11.86	11.31	11.58	4262099	53253136.00
20130913	11.62	11.70	11.23	11.39	3157898	38793236.00
20130916	11.40	11.52	11.14	11.24	4087366	49568928.00
20130917	11.25	11.28	10.69	10.71	4088967	48170924.00
20130918	10.63	11.02	10.63	10.93	3642668	42887948.00
20130923	10.98	11.50	10.86	11.40	4797136	57642512.00
20130924	11.31	11.31	10.83	11.07	4056189	48207204.00
20130925	11.02	11.41	10.86	10.89	4144732	49868024.00
20130926	10.90	10.97	10.13	10.21	4203251	47419360.00
20130927	10.22	10.39	10.17	10.24	1452369	16185007.00
20130930	10.27	10.41	10.04	10.40	2140205	23759190.00
20131008	10.61	10.81	10.48	10.80	3243726	37475788.00
20131009	10.78	10.83	10.48	10.82	2579009	29808482.00
20131010	10.81	10.89	10.59	10.65	2905571	33674696.00
20131011	10.65	10.89	10.56	10.86	2700848	31347994.00
20131014	10.91	11.30	10.88	11.22	4503165	53991308.00
20131015	11.24	11.27	10.96	11.08	4207872	50318264.00
20131016	11.08	11.12	10.13	10.54	2606815	30099918.00
20131017	10.41	10.73	10.41	10.54	1402662	16068422.00
20131018	10.56	10.59	10.26	10.37	1275344	14309595.00
20131021	10.34	10.61	10.29	10.54	1401593	15889908.00
20131022	10.53	10.53	10.21	10.26	1506695	16919078.00
20131023	10.27	10.45	9.95	10.05	1416078	15636575.00
20131024	9.99	10.14	9.93	10.04	1047091	11417234.00
20131025	10.03	10.14	9.88	9.93	824881	8971295.00
20131028	9.95	10.57	9.83	10.39	2345659	26122736.00
20131029	10.33	10.33	9.26	9.69	2003798	21464596.00
20131030	9.68	9.80	9.48	9.78	955167	10065187.00
20131031	9.78	10.01	9.64	9.67	937065	9976582.00
20131101	9.60	9.63	9.39	9.50	829940	8592268.00
20131104	9.53	9.70	9.43	9.45	675589	7020927.00
20131105	9.53	9.75	9.33	9.73	853614	8900857.00
20131106	9.68	9.79	9.60	9.61	725008	7662749.00
20131107	9.61	9.61	9.15	9.22	1118699	11440839.00
20131108	9.25	9.38	9.09	9.24	1065560	10750735.00
20131111	9.23	9.32	9.10	9.16	557402	5594786.00
20131112	9.16	9.29	9.13	9.28	543278	5493685.00
20131113	9.28	9.30	9.08	9.09	623731	6259842.00
20131114	9.09	9.28	9.04	9.28	573977	5758063.00
20131115	9.19	9.68	9.19	9.49	1164823	12071725.00
20131118	9.51	9.91	9.42	9.82	1315678	13919421.00
20131119	9.83	9.83	9.62	9.73	810101	8562080.00
20131120	9.74	9.83	9.65	9.82	856771	9102174.00
20131121	9.79	9.98	9.69	9.96	1353364	14511631.00
20131122	9.96	9.96	9.68	9.85	1128433	12044711.00
20131125	9.74	9.85	9.63	9.76	659113	7001246.00
20131126	9.82	9.82	9.70	9.76	390712	4149955.00
20131127	9.69	9.90	9.63	9.82	742067	7895991.00
20131128	9.83	10.04	9.75	9.95	1206922	13052011.00
20131129	9.95	10.03	9.83	10.00	1063559	11493249.00
20131202	9.92	9.92	9.43	9.63	1245698	13109747.00
20131203	9.61	9.68	9.43	9.65	592308	6175733.00
20131204	9.62	10.70	9.59	10.51	4578816	51380044.00
20131205	10.46	10.46	10.14	10.23	2560175	28483536.00
20131206	10.22	10.38	10.13	10.18	1725411	19145768.00
20131209	10.23	10.34	10.16	10.21	842216	9336858.00
20131210	10.28	10.46	10.15	10.18	1804751	20093168.00
20131211	10.13	10.22	9.91	10.21	1270227	13848481.00
20131212	10.16	10.31	10.06	10.29	1112191	12340295.00
20131213	10.30	10.63	10.16	10.58	2403106	27239352.00
20131216	10.53	10.61	10.18	10.30	1205725	13550908.00
20131217	10.30	10.35	10.08	10.28	556703	6181378.00
20131218	10.27	10.27	10.11	10.18	760693	8407339.00
20131219	10.18	10.22	9.79	9.84	981788	10675750.00
20131220	9.81	9.89	9.38	9.48	1226061	12778424.00
20131223	9.51	9.69	9.44	9.55	406325	4233416.00
20131224	9.63	9.75	9.50	9.60	734498	7700541.00
20131225	9.68	9.72	9.53	9.69	456117	4788896.00
20131226	9.68	9.90	9.48	9.57	607830	6460596.00
20131227	9.56	9.83	9.56	9.71	560468	5940813.00
20131230	9.71	9.78	9.59	9.61	431670	4553094.00
20131231	9.61	9.77	9.53	9.74	484866	5089969.00
20140102	9.72	9.72	9.59	9.67	424650	4463806.00
20140103	9.60	9.60	9.28	9.40	766737	7882618.00
20140106	9.38	9.42	9.03	9.13	1265225	12718756.00
20140107	9.11	9.29	9.11	9.21	553730	5579718.00
20140108	9.23	9.34	9.13	9.15	839386	8434104.00
20140109	9.15	9.22	8.95	9.07	391980	3911787.00
20140110	8.99	9.08	8.79	8.86	473092	4641987.00
20140113	8.85	9.01	8.58	8.64	658440	6336793.00
20140114	8.64	8.78	8.62	8.76	376483	3604872.00
20140115	8.72	8.82	8.70	8.77	404839	3900838.00
20140116	8.77	8.88	8.73	8.82	343336	3325862.00
20140117	8.79	8.86	8.68	8.68	364864	3496576.00
20140120	8.63	8.82	8.56	8.58	390380	3717469.00
20140121	8.63	8.81	8.63	8.73	354991	3409921.00
20140122	8.72	9.41	8.71	9.30	2037862	20675088.00
20140123	9.28	9.40	9.08	9.13	706041	7094213.00
20140124	9.11	9.33	9.09	9.25	603315	6088697.00
20140127	9.16	9.25	9.10	9.13	544810	5459125.00
20140128	9.28	9.28	9.08	9.13	350591	3500436.00
20140129	9.11	9.19	9.09	9.12	285214	2851053.00
20140130	9.07	9.16	9.04	9.11	296098	2946255.00
20140207	9.09	9.14	8.99	9.12	339764	3373001.00
20140210	9.12	9.38	9.11	9.36	1013863	10318454.00
20140211	9.42	9.51	9.28	9.38	817152	8377960.00
20140212	9.42	9.46	9.29	9.38	623471	6384270.00
20140213	9.37	9.63	9.28	9.48	1575131	16251775.00
20140214	9.48	9.54	9.38	9.48	990344	10230807.00
20140217	9.49	9.57	9.44	9.54	736868	7635773.00
20140218	9.52	9.56	9.25	9.29	826327	8452933.00
20140219	9.31	9.51	9.29	9.50	1305737	13424294.00
20140220	9.51	9.52	9.25	9.26	1213832	12408075.00
20140221	9.26	9.35	9.08	9.12	1013947	10171074.00
20140224	9.12	9.12	8.80	8.95	1249476	12203560.00
20140225	8.93	9.01	8.58	8.64	907039	8770753.00
20140226	8.64	8.76	8.54	8.74	550783	5246019.00
20140227	8.75	9.10	8.03	8.89	1391906	13306290.00
20140228	8.85	8.90	8.53	8.90	748617	7159439.00
20140303	8.91	8.91	8.63	8.88	746135	7258008.00
20140304	8.89	9.03	8.74	8.93	826412	8057671.00
20140305	8.93	9.12	8.93	8.95	561720	5564906.00
20140306	8.96	9.10	8.61	8.98	1333575	12944317.00
20140307	9.03	9.08	8.95	8.97	1082938	10701692.00
20140310	8.97	8.97	8.62	8.63	669644	6428104.00
20140311	8.63	8.70	8.51	8.60	540937	5112904.00
20140312	8.61	8.66	8.43	8.60	332211	3139281.00
20140313	8.62	8.69	8.55	8.65	814421	7720879.00
20140314	8.63	8.68	8.43	8.59	613841	5807563.00
20140317	8.59	8.63	8.44	8.62	462076	4358795.00
20140318	8.62	8.73	8.53	8.69	939522	8932755.00
20140319	8.70	8.70	8.56	8.65	267173	2535713.00
20140320	8.65	8.81	8.33	8.33	988406	9295095.00
20140321	8.28	8.62	8.23	8.58	780530	7246618.00
20140324	8.58	9.13	8.55	9.01	1710164	16681457.00
20140325	9.18	9.39	8.98	9.03	2049435	20627028.00
20140326	9.10	9.11	8.77	8.84	818404	7965307.00
20140327	8.86	9.03	8.74	8.95	819985	8038295.00
20140328	8.95	9.01	8.64	8.68	781551	7572684.00
20140331	8.63	8.88	8.55	8.67	632193	6055500.00
20140401	8.66	8.86	8.53	8.85	575094	5528093.00
20140402	8.85	9.08	8.78	8.94	913263	9006599.00
20140403	9.06	9.06	8.78	8.81	770858	7482996.00
20140404	8.79	8.86	8.65	8.81	1134946	10867224.00
20140408	8.73	8.87	8.63	8.83	782361	7532438.00
20140409	8.73	8.94	8.73	8.94	790414	7704656.00
20140410	9.01	9.03	8.85	8.92	916674	8976905.00
20140411	8.93	9.02	8.92	8.96	936137	9216336.00
20140414	8.93	8.98	8.86	8.97	823438	8066244.00
20140415	8.98	8.98	8.89	8.91	518390	5080944.00
20140416	8.91	8.96	8.89	8.93	390066	3818932.00
20140417	8.94	8.97	8.89	8.96	431342	4227830.00
20140418	8.91	8.98	8.79	8.80	564395	5485338.00
20140421	8.73	8.79	8.58	8.59	673412	6432237.00
20140422	8.58	8.61	8.32	8.41	926100	8611638.00
20140423	8.42	8.54	8.36	8.41	726110	6761572.00
20140424	8.41	8.51	8.41	8.46	360734	3369143.00
20140425	8.47	9.39	8.41	9.12	6234979	63052576.00
20140428	9.09	9.85	9.01	9.64	8341697	86778664.00
20140429	9.62	9.62	9.05	9.26	5483060	55123228.00
20140430	9.23	9.40	9.00	9.38	4328893	43410672.00
20140505	9.25	9.25	8.84	9.01	5434463	53549696.00
20140506	9.00	9.08	8.85	8.94	3376137	33280656.00
20140507	8.94	9.58	8.88	9.43	6978776	71129448.00
20140508	9.43	9.98	9.29	9.57	7034548	73963216.00
20140509	9.43	9.60	9.28	9.40	4110591	42351660.00
20140512	9.48	9.55	9.24	9.44	3639106	37438756.00
20140513	9.37	9.87	9.25	9.80	4912891	51346840.00
20140514	9.79	9.79	9.41	9.42	3254922	34072876.00
20140515	9.32	9.43	9.19	9.20	2112577	21441696.00
20140516	9.13	9.35	9.13	9.31	1303259	13190861.00
20140519	9.23	9.28	9.03	9.11	1458701	14564889.00
20140520	9.07	9.21	8.94	9.05	1194583	11833159.00
20140521	9.09	9.31	8.96	9.25	1690729	16994126.00
20140522	9.21	9.31	9.11	9.12	1214948	12245665.00
20140523	9.16	9.34	8.96	9.26	1404012	14084263.00
20140526	9.24	9.42	9.19	9.42	1626175	16572561.00
20140527	9.45	9.45	9.19	9.22	1470833	14932483.00
20140528	9.19	9.31	9.17	9.30	799424	8071683.00
20140529	9.30	9.31	9.08	9.09	782400	7859596.00
20140530	9.09	9.18	9.01	9.11	752179	7484657.00
20140603	9.11	9.13	8.97	9.00	660037	6522191.00
20140604	8.98	9.01	8.78	8.81	1078355	10510538.00
20140605	8.81	8.93	8.64	8.91	834674	8116061.00
20140606	8.94	8.96	8.72	8.73	1030556	9965182.00
20140609	8.73	8.83	8.65	8.73	550724	5291565.00
20140610	8.74	8.85	8.71	8.84	556676	5386383.00
20140611	8.82	8.93	8.82	8.88	1356041	13213940.00
20140612	8.88	8.94	8.80	8.88	892391	8687713.00
20140613	8.86	8.96	8.83	8.93	558004	5460157.00
20140616	8.93	8.99	8.80	8.85	1011308	9879722.00
20140617	8.90	8.92	8.80	8.91	670922	6540728.00
20140618	8.91	8.91	8.73	8.75	523411	5059065.00
20140619	8.78	8.78	8.56	8.57	595480	5665508.00
20140620	8.57	8.67	8.55	8.65	349835	3310934.00
20140623	8.65	8.73	8.65	8.67	433518	4136896.00
20140624	8.74	8.74	8.65	8.72	388781	3719511.00
20140625	8.74	8.74	8.69	8.73	341493	3274682.00
20140626	8.85	8.86	8.74	8.84	397495	3780337.00
20140627	8.83	8.88	8.80	8.85	353336	3377011.00
20140630	8.85	9.08	8.82	8.96	617195	5949332.00
20140701	8.92	9.09	8.91	8.98	767269	7436213.00
20140702	9.04	9.04	8.95	9.00	782871	7595554.00
20140703	8.98	9.05	8.93	9.05	733477	7124592.00
20140704	9.05	9.13	8.90	8.99	861341	8363400.00
20140707	8.98	9.28	8.97	9.24	1961219	19422098.00
20140708	9.42	9.45	9.11	9.21	1477800	14715534.00
20140709	9.21	9.21	8.95	9.04	1341928	13081286.00
20140710	9.05	9.06	8.91	9.03	563590	5468932.00
20140711	9.02	9.20	8.94	9.18	1174385	11518851.00
20140714	9.17	9.29	9.10	9.25	1261311	12501151.00
20140715	9.25	9.31	9.13	9.19	996005	9854458.00
20140716	9.23	9.26	9.06	9.09	674700	6661920.00
20140717	9.05	9.16	9.02	9.15	1087028	10647530.00
20140718	9.10	9.23	9.08	9.13	1120054	11056890.00
20140721	9.05	9.15	9.04	9.05	665958	6514187.00
20140722	8.97	9.12	8.97	9.12	1112578	10877739.00
20140723	9.11	9.63	9.08	9.57	4008226	40168248.00
20140724	9.35	9.53	9.30	9.35	3931524	39620904.00
20140725	9.36	9.49	9.24	9.47	2610450	26247300.00
20140728	9.57	10.17	9.57	9.79	5972710	63355584.00
20140729	9.78	10.06	9.71	9.93	4122291	43646080.00
20140730	9.95	10.10	9.88	9.94	3836517	41120004.00
20140731	9.91	9.95	9.83	9.89	1390418	14719720.00
20140801	9.88	9.89	9.56	9.59	2595847	26980542.00
20140804	9.59	9.88	9.59	9.80	2851034	29763892.00
20140805	9.95	9.96	9.70	9.78	2008458	21072184.00
20140806	9.78	9.91	9.65	9.71	1712378	17816408.00
20140807	9.71	9.75	9.61	9.65	1093223	11341575.00
20140808	9.68	9.75	9.63	9.67	1180630	12275594.00
20140811	9.69	9.86	9.67	9.83	1405142	14730888.00
20140812	9.81	9.98	9.70	9.98	2803508	29528996.00
20140813	9.97	11.05	9.94	10.45	6174042	68404528.00
20140814	10.40	10.55	10.08	10.17	3088212	33954684.00
20140815	10.19	10.73	10.01	10.52	4183837	46524852.00
20140818	10.60	10.60	10.31	10.48	2551872	28296264.00
20140819	10.42	10.47	10.22	10.29	2460238	27074648.00
20140820	10.28	10.35	10.20	10.30	1952212	21407636.00
20140821	10.29	10.45	10.25	10.41	2483980	27523860.00
20140822	10.41	10.46	10.33	10.42	1861323	20666060.00
20140825	10.40	10.44	10.12	10.35	2225117	24532984.00
20140826	10.38	10.38	10.05	10.08	2014178	21827968.00
20140827	10.02	10.31	9.92	10.29	2068954	22412328.00
20140828	10.50	10.50	10.10	10.31	2613179	28652996.00
20140829	10.25	10.43	10.15	10.32	1645814	18140740.00
20140901	10.32	10.41	10.25	10.35	2239123	24687208.00
20140902	10.37	10.47	10.31	10.42	2459165	27269776.00
20140903	10.47	10.56	10.40	10.55	3876107	43462036.00
20140904	10.60	10.60	10.46	10.53	2641731	29603188.00
20140905	10.51	10.53	10.40	10.45	3586390	39991912.00
20140909	10.48	10.58	10.40	10.57	2128076	23792342.00
20140910	10.53	10.59	10.36	10.41	3152677	35040388.00
20140911	10.42	10.69	10.38	10.61	5795726	65048428.00
20140912	10.52	10.66	10.46	10.65	2892990	32565812.00
20140915	10.64	10.77	10.50	10.70	3088302	35039256.00
20140916	10.68	10.69	10.23	10.38	2711697	30392536.00
20140917	10.37	10.54	10.18	10.38	1468786	16243748.00
20140918	10.38	10.42	10.26	10.41	1416449	15617260.00
20140919	10.42	10.64	10.37	10.56	2140742	23951986.00
20140922	10.56	10.59	10.30	10.39	1757431	19586196.00
20140923	10.39	10.42	10.19	10.33	2072262	22776968.00
20140924	10.30	10.50	10.21	10.48	2096683	23204164.00
20140925	10.47	10.59	10.33	10.38	2246540	25095752.00
20140926	10.33	10.47	10.26	10.47	1706379	18875064.00
20140929	10.45	10.62	10.45	10.53	2888875	32432678.00
20140930	10.55	10.83	10.47	10.73	3931316	44749396.00
20141008	10.80	10.98	10.63	10.87	4298823	49368612.00
20141009	10.81	10.87	10.66	10.83	2699170	31025836.00
20141010	10.77	10.82	10.60	10.65	2017821	23020910.00
20141013	10.62	11.05	10.62	11.04	4273487	49308936.00
20141014	11.00	11.30	10.90	11.07	5357512	63337376.00
20141015	11.11	11.15	10.83	10.98	4033658	47105456.00
20141016	10.90	11.17	10.79	10.80	2892166	33761208.00
20141017	10.84	11.03	10.51	10.95	2948141	33876020.00
20141020	10.95	10.97	10.80	10.92	1794012	20765908.00
20141021	10.88	10.94	10.72	10.75	1318928	15200510.00
20141022	10.70	10.79	10.36	10.38	2312220	26032358.00
20141023	10.38	10.38	10.16	10.20	2057131	22523888.00
20141024	10.21	10.29	10.10	10.20	1247777	13597661.00
20141027	10.20	10.26	10.05	10.20	797679	8688789.00
20141028	10.23	10.46	10.20	10.43	1745406	19303540.00
20141029	10.48	10.57	10.42	10.56	2212469	24803742.00
20141030	10.56	10.66	10.46	10.56	2057353	23201816.00
20141031	10.76	11.69	10.64	11.69	6741739	81904752.00
20141103	12.64	12.93	12.14	12.93	24127183	322714944.00
20141104	12.70	12.87	12.32	12.59	14565382	192824832.00
20141105	12.54	12.54	12.18	12.27	9792953	127265240.00
20141106	12.30	12.46	12.18	12.32	7593055	98637496.00
20141107	12.40	12.40	11.88	11.99	10961402	140092832.00
20141110	12.10	12.21	11.93	12.18	8072788	103040960.00
20141111	12.20	12.21	11.70	11.76	7091177	89422096.00
20141112	11.72	11.98	11.65	11.94	6074129	75985208.00
20141113	11.94	12.35	11.84	12.04	9059944	116287408.00
20141114	12.06	12.06	11.61	11.79	4693212	58520644.00
20141117	11.95	12.06	11.72	11.81	4659658	58719508.00
20141118	11.87	12.13	11.70	12.09	4616547	58184932.00
20141119	11.94	12.08	11.81	11.87	4030712	51014272.00
20141120	11.80	12.40	11.80	12.33	7864022	101431760.00
20141121	12.26	12.38	12.14	12.28	6004551	77954048.00
20141124	12.55	12.74	12.27	12.29	8810015	116043392.00
20141125	12.32	13.59	12.10	13.59	20597537	285913536.00
20141126	13.30	13.98	13.12	13.52	12710933	180034800.00
20141127	13.52	13.66	13.21	13.47	7935710	112315616.00
20141128	13.47	13.47	12.92	13.32	7798447	108483392.00
20141201	13.28	13.31	12.94	13.25	7442745	102461392.00
20141202	13.13	13.78	13.09	13.49	9236230	130733232.00
20141203	13.40	14.18	13.35	13.62	11133639	161472784.00
20141204	13.67	14.03	13.45	13.75	7704476	111555304.00
20141205	13.84	13.85	12.59	12.98	9938157	137218384.00
20141208	12.90	13.35	12.51	13.19	8445402	114726512.00
20141209	13.10	13.97	12.69	13.25	11374721	160315968.00
20141210	13.15	13.76	12.80	13.69	6418954	90431752.00
20141211	13.60	15.07	13.56	14.93	12938472	198251984.00
20141212	14.84	14.85	14.35	14.51	7259256	110651320.00
20141215	14.38	14.58	13.99	14.42	5170653	77285352.00
20141216	14.41	14.41	13.99	14.22	3591610	53439492.00
20141217	14.23	14.25	13.68	13.91	5675583	83071128.00
20141218	13.97	14.18	13.90	14.01	3791177	55789000.00
20141219	14.03	14.71	14.03	14.67	9363242	142018448.00
20141222	14.68	14.98	13.48	13.67	9217493	136118656.00
20141223	13.65	14.37	12.50	13.52	7046640	101586544.00
20141224	13.30	13.71	13.12	13.28	2764583	38786728.00
20141225	13.40	13.74	13.38	13.65	2472286	35247400.00
20141226	13.74	13.99	13.57	13.97	3780757	54821412.00
20141229	14.01	14.48	13.92	14.25	5498512	82351504.00
20141230	14.23	14.23	13.58	13.76	3118728	45439704.00
20141231	13.77	14.87	13.55	14.59	6749899	101349760.00
20150105	14.58	15.58	14.50	15.06	10905429	172805536.00
20150106	15.00	15.00	14.30	14.50	5222153	79647248.00
20150107	14.33	14.66	14.18	14.49	4382139	66168492.00
20150108	14.48	14.59	14.10	14.12	2554311	38203080.00
20150109	14.05	14.45	13.91	13.97	3045328	45284856.00
20150112	13.88	13.88	13.28	13.40	3789537	53609984.00
20150113	13.40	13.80	13.40	13.78	2312578	33074730.00
20150114	13.75	13.90	13.46	13.64	1435005	20583084.00
20150115	13.65	13.95	13.53	13.90	2095700	30298744.00
20150116	13.86	14.19	13.80	13.90	2133100	31345932.00
20150119	13.30	13.74	12.44	12.96	3001179	41899432.00
20150120	13.18	13.70	13.11	13.57	2155494	30634506.00
20150121	13.59	14.45	13.43	14.24	4916425	72420208.00
20150122	14.20	14.65	14.07	14.51	4738000	71716696.00
20150123	14.45	14.62	14.30	14.58	3289748	49808596.00
20150126	14.50	14.73	14.48	14.69	2729163	41782908.00
20150127	14.79	14.95	14.30	14.55	3479559	52993068.00
20150128	14.49	15.15	14.16	15.10	8497338	131182512.00
20150129	14.80	15.16	14.55	14.94	6931826	108245192.00
20150130	14.95	15.25	14.48	14.84	8745728	137549424.00
20150202	14.58	14.75	14.31	14.42	4537762	69113944.00
20150203	14.49	14.64	14.15	14.56	5041814	75975408.00
20150204	14.56	14.75	14.40	14.63	4644206	70830480.00
20150205	14.82	14.90	14.51	14.70	6204989	95477504.00
20150206	14.59	14.69	14.20	14.52	4949352	74816160.00
20150209	14.41	14.59	14.23	14.32	4066430	61384364.00
20150210	14.35	14.35	14.06	14.22	2017801	30012788.00
20150211	14.25	14.33	14.14	14.26	1607478	23999886.00
20150212	14.25	14.42	13.92	14.28	2230070	33254088.00
20150213	14.28	14.62	14.24	14.40	3485177	52690452.00
20150216	14.36	14.50	14.18	14.44	2574257	38769480.00
20150217	14.49	14.85	14.41	14.68	3290711	50475696.00
20150225	14.75	15.05	14.49	15.04	4310072	66793528.00
20150226	15.03	15.18	14.81	15.06	3297790	51860116.00
20150227	15.06	15.48	14.93	15.12	4644026	74092400.00
20150302	15.29	15.45	15.05	15.24	2938818	46595660.00
20150303	15.25	15.47	14.80	14.98	3983580	62515448.00
20150304	14.92	14.98	14.66	14.90	3398894	52600532.00
20150305	15.23	15.80	14.70	14.78	13700623	217228128.00
20150306	14.70	15.03	14.14	14.48	6468349	97756064.00
20150309	14.43	14.55	14.01	14.49	3182148	47596896.00
20150310	14.48	14.55	14.22	14.53	2981315	45132320.00
20150311	14.50	14.56	14.21	14.46	3218494	48649792.00
20150312	14.46	14.70	14.40	14.69	3337489	50999120.00
20150313	14.69	15.07	14.60	14.71	3144132	48795376.00
20150316	14.90	15.06	14.68	14.99	4344437	67701784.00
20150317	14.99	15.50	14.95	15.35	8094815	129127088.00
20150318	15.38	15.63	15.19	15.56	5969706	95970120.00
20150319	15.60	15.60	15.15	15.35	5937165	95031088.00
20150320	15.30	15.83	15.23	15.81	7520599	122278080.00
20150323	15.92	16.25	15.66	15.95	7965956	132322640.00
20150324	15.95	16.03	15.09	15.61	6822837	111064784.00
20150325	15.64	15.70	15.16	15.37	5447063	87496216.00
20150326	15.41	16.69	15.19	16.65	13060025	218517872.00
20150327	16.58	16.64	16.10	16.37	7397030	126007024.00
20150330	16.37	16.97	16.12	16.82	7995304	138373440.00
20150331	17.16	17.17	16.21	16.33	8714719	150935408.00
20150401	16.20	16.42	16.12	16.34	6335493	107517280.00
20150402	16.31	16.41	16.13	16.36	5400762	91749680.00
20150403	16.25	16.59	16.23	16.46	5994643	102737952.00
20150407	16.52	16.78	16.48	16.73	6458591	112063944.00
20150408	16.72	17.43	16.69	17.14	9230409	163975376.00
20150409	17.14	17.20	15.91	16.62	6872302	117882312.00
20150410	16.53	16.88	16.23	16.85	5298100	91707080.00
20150413	16.86	17.65	16.70	17.60	9313598	166094112.00
20150414	17.49	17.60	17.04	17.25	6496332	116819440.00
20150415	17.23	17.23	16.36	16.57	5195419	90598240.00
20150416	16.31	16.80	16.18	16.68	3683579	63583308.00
20150417	16.81	17.17	16.76	17.04	6785165	119615272.00
20150420	17.03	17.39	16.38	16.59	7446459	131344088.00
20150421	16.51	16.83	16.31	16.68	8859120	152787744.00
20150422	16.73	17.57	16.67	17.26	16672159	298140288.00
20150423	17.20	17.76	17.19	17.63	17395831	316541856.00
20150424	17.45	17.57	16.81	17.09	10441390	186562624.00
20150427	17.20	18.18	16.95	17.95	17565105	322610240.00
20150428	17.95	17.95	16.90	17.13	15008270	270687936.00
20150429	16.94	17.28	16.61	17.21	8368539	148181360.00
20150430	17.09	17.47	17.01	17.37	11114311	199880928.00
20150504	17.36	17.98	17.35	17.85	16635193	305451264.00
20150505	17.83	17.83	16.20	16.52	13183941	233412208.00
20150506	16.48	16.56	15.78	15.85	9016801	152417056.00
20150507	15.81	15.81	15.01	15.05	7535998	121415440.00
20150508	15.24	15.50	15.15	15.45	6515073	104615784.00
20150511	15.70	15.89	15.51	15.87	7776073	127548504.00
20150512	15.88	16.23	15.86	15.99	7093193	118513848.00
20150513	15.99	16.24	15.74	16.12	7950484	132495376.00
20150514	16.15	16.21	15.52	15.73	6507355	107093832.00
20150515	15.72	15.72	15.07	15.24	7847770	125641216.00
20150518	15.15	15.50	14.99	15.20	5552511	88600312.00
20150519	15.30	15.74	15.25	15.68	8197692	133629800.00
20150520	15.70	16.00	15.65	15.78	10516980	174055712.00
20150521	15.78	16.30	15.51	16.28	11043848	184190688.00
20150522	16.35	16.78	16.10	16.67	14164643	242492960.00
20150525	16.60	17.16	16.50	17.15	14345772	252841136.00
20150526	17.27	17.56	16.82	17.44	16376758	293625728.00
20150527	17.46	17.46	16.98	17.39	12180042	218086512.00
20150528	17.35	18.05	16.00	16.32	17596243	317731360.00
20150529	16.36	16.65	15.81	16.29	9548840	162168912.00
20150601	16.37	17.40	16.15	17.30	11557141	203166064.00
20150602	17.36	18.13	17.11	18.04	19728214	360285856.00
20150603	18.10	18.28	17.13	17.66	15991637	294847552.00
20150604	17.66	17.77	16.21	17.26	14078282	249318288.00
20150605	17.45	19.06	17.35	19.06	30600352	576733376.00
20150608	19.26	19.85	18.72	19.25	29197493	584782592.00
20150609	19.28	19.34	18.48	18.81	15853340	308819360.00
20150610	18.71	19.90	18.44	19.35	20538792	411100960.00
20150611	19.36	19.39	18.67	19.19	15369416	302652672.00
20150612	19.50	20.08	19.30	19.48	18032648	366570304.00
20150615	19.45	20.46	19.16	19.94	21647174	442014944.00
20150616	19.80	20.33	18.90	19.19	18886996	381229920.00
20150617	19.12	19.20	18.05	18.90	13641681	263513792.00
20150618	19.00	19.40	18.17	18.40	11884173	233334896.00
20150619	18.30	18.30	16.51	16.51	10366555	185178720.00
20150623	16.28	16.58	15.21	16.53	14586194	241326224.00
20150624	16.60	16.99	16.41	16.93	12740509	219295376.00
20150625	16.90	17.10	16.00	16.01	12065616	207175776.00
20150626	15.50	15.69	14.36	14.38	14442977	223900832.00
20150629	14.85	15.00	13.20	13.71	15224290	224565616.00
20150630	13.51	14.84	13.03	14.73	12190698	177764720.00
20150701	14.60	14.97	13.90	13.97	11945787	179692608.00
20150702	13.83	14.08	12.70	12.85	9611805	133945064.00
20150703	12.62	12.94	11.60	11.62	11654278	147182768.00
20150706	12.82	12.82	10.48	11.35	14121744	171735120.00
20150707	11.01	11.90	10.66	11.48	17680369	212315264.00
20150708	10.28	10.70	10.28	10.28	17371385	188504144.00
20150709	10.17	11.36	10.17	11.36	10565592	120497048.00
20150710	11.74	12.55	11.52	12.55	14388488	184889440.00
20150713	12.90	13.86	12.70	13.86	24050712	333591104.00
20150714	13.49	14.34	13.00	13.22	19616689	276225088.00
20150715	13.00	13.04	12.00	12.01	12870896	168057392.00
20150716	11.81	12.80	11.65	12.52	10323407	132617832.00
20150717	12.63	13.39	12.51	13.24	9479987	127452352.00
20150720	13.17	13.44	12.81	13.25	12230856	167161168.00
20150721	12.92	13.35	12.83	13.20	9128808	124811536.00
20150722	13.16	13.44	12.74	13.18	10932360	148774880.00
20150723	13.13	13.73	13.10	13.63	12917622	180068464.00
20150724	13.70	13.79	13.22	13.31	12761762	178976512.00
20150727	12.90	13.27	11.93	11.93	10040559	133126200.00
20150728	11.38	12.15	10.95	11.86	11956469	144407680.00
20150729	11.95	12.65	11.55	12.57	7293084	91440392.00
20150730	12.61	12.94	12.23	12.33	6993730	92254136.00
20150731	12.22	12.68	12.20	12.44	5030754	65085076.00
20150803	12.11	12.70	12.11	12.46	4893512	63364288.00
20150804	12.45	13.76	12.45	13.71	9265615	126220912.00
20150805	13.40	13.87	13.27	13.30	8701563	122328344.00
20150806	13.10	13.65	13.10	13.37	3607392	50105704.00
20150807	13.41	13.74	13.37	13.49	7607066	106795424.00
20150810	13.80	14.20	13.49	14.11	11406463	163409904.00
20150811	14.00	14.60	13.70	14.41	13817220	202356240.00
20150812	14.11	14.32	13.61	13.65	9221420	133957552.00
20150813	13.51	14.05	13.39	14.00	6569328	93569848.00
20150814	14.06	14.32	13.93	14.16	6995519	102367016.00
20150817	14.08	14.65	13.69	14.60	10248179	150596160.00
20150818	14.53	16.11	14.45	15.54	33133345	533264192.00
20150819	15.08	17.14	14.01	17.14	28333277	472392288.00
20150820	17.30	18.90	16.94	18.90	32513898	600901504.00
20150821	18.32	19.23	17.35	17.91	33403529	618618752.00
20150824	17.10	17.37	16.07	16.08	31892739	536614208.00
20150825	15.23	16.97	14.42	14.50	19340576	313937792.00
20150826	14.50	15.60	13.25	13.36	20373472	304607840.00
20150827	13.77	14.03	12.30	13.73	21624181	293210336.00
20150828	13.70	15.15	13.10	15.15	22950607	338876128.00
20150831	14.65	15.85	14.56	15.21	18780874	295956800.00
20150901	15.10	15.13	13.64	13.64	13789704	198568672.00
20150902	12.23	13.89	12.23	12.23	10484532	137561120.00
20150907	12.50	12.98	12.00	12.35	5774711	75349672.00
20150908	12.35	13.05	12.04	13.00	6013407	78991488.00
20150909	13.10	13.62	13.00	13.42	7871523	108800016.00
20150910	13.30	13.70	12.90	13.25	5330166	74042480.00
20150911	13.11	13.37	12.80	13.17	3906750	53157032.00
20150914	13.41	13.45	11.90	12.12	5887791	76956360.00
20150915	11.95	12.52	11.80	11.97	5125880	65182084.00
20150916	12.22	13.21	12.00	13.06	4436391	58039812.00
20150917	12.80	13.21	12.63	12.64	5783386	77652824.00
20150918	12.66	12.81	12.42	12.62	3146218	41177568.00
20150921	12.60	12.97	12.38	12.93	4380199	58217868.00
20150922	12.92	13.15	12.77	12.90	4102220	55068268.00
20150923	12.65	12.72	12.35	12.47	4597695	59811548.00
20150924	12.44	12.75	12.43	12.73	3177465	41599688.00
20150925	12.62	12.74	12.40	12.66	3545094	46430524.00
20150928	12.71	13.47	12.40	13.45	5680787	77293656.00
20150929	13.20	13.77	13.06	13.23	5141936	71524592.00
20150930	13.19	13.39	13.05	13.20	2400846	32999828.00
20151008	13.58	13.70	13.40	13.55	3986452	56022656.00
20151009	13.53	13.63	13.36	13.57	3262810	45736220.00
20151012	13.69	14.29	13.52	14.11	6147705	89387656.00
20151013	14.05	14.55	13.95	14.35	3026476	44872532.00
20151014	14.30	14.33	13.90	13.93	2626486	38273388.00
20151015	13.90	14.33	13.79	14.31	3149178	46087324.00
20151016	14.89	15.42	14.78	15.09	7526749	116595448.00
20151019	15.00	15.30	14.55	14.81	3932093	60660448.00
20151020	14.55	14.85	14.41	14.83	4666301	70624120.00
20151021	14.90	14.98	13.40	13.53	5582130	82932656.00
20151022	13.51	14.05	13.50	14.02	2747014	39172980.00
20151023	14.07	14.33	13.90	14.31	3086577	45204464.00
20151026	14.53	14.70	14.26	14.56	3903961	58410828.00
20151027	14.49	14.49	13.72	14.37	2281648	33552028.00
20151028	14.30	14.45	13.88	13.95	2994398	43915728.00
20151029	14.05	14.38	13.97	14.12	1859311	27216972.00
20151030	14.08	14.60	14.01	14.45	3093902	46090012.00
20151102	14.20	15.95	14.16	15.19	9687561	154776976.00
20151103	15.70	16.68	15.27	16.45	10451586	172638576.00
20151104	16.27	16.98	15.94	16.66	12659148	214071552.00
20151105	16.27	16.68	16.14	16.26	8767863	148172832.00
20151106	16.35	16.49	16.16	16.36	6470570	108718888.00
20151109	16.28	16.36	15.90	16.14	6745114	112168832.00
20151110	15.91	17.00	15.91	16.35	8474903	143818000.00
20151111	16.18	16.35	16.01	16.21	4390739	73281880.00
20151112	16.23	16.67	15.93	16.14	5233071	87709776.00
20151113	16.12	16.12	15.48	15.55	4780595	77298424.00
20151116	15.40	15.84	15.35	15.80	2726779	44205000.00
20151117	15.90	15.98	15.53	15.66	3717273	60586460.00
20151118	15.67	16.45	15.58	16.31	7947189	132200104.00
20151119	16.15	16.24	15.77	16.15	4771783	78664976.00
20151120	16.10	16.30	15.93	16.07	3355353	55853948.00
20151123	15.95	16.55	15.95	16.07	4426325	74393760.00
20151124	15.99	16.05	15.50	15.76	3582061	57971228.00
20151125	15.69	15.89	15.63	15.80	2952176	47881632.00
20151126	15.83	15.95	15.63	15.79	3773436	61502732.00
20151127	15.73	15.78	14.68	14.71	3726941	58727260.00
20151130	14.69	15.10	14.30	15.04	2628461	40051096.00
20151201	15.40	16.10	14.75	16.04	5124738	82673440.00
20151202	15.92	16.40	15.60	16.11	5762273	95422136.00
20151203	16.22	16.75	15.90	16.33	6237351	105264400.00
20151204	16.11	16.70	16.05	16.15	4897346	82369160.00
20151207	16.08	16.44	15.95	16.10	2955082	49398360.00
20151208	16.18	16.50	16.06	16.21	4055668	68075312.00
20151209	16.49	17.86	15.95	17.47	13717592	241542368.00
20151210	17.20	17.20	16.65	17.05	8253077	143293296.00
20151211	16.75	16.90	16.18	16.52	4916677	83406376.00
20151214	16.12	16.60	16.09	16.53	5035136	84480136.00
20151215	16.52	16.75	16.43	16.66	4154581	71081720.00
20151216	16.66	16.98	16.39	16.53	3843833	65757152.00
20151217	16.45	17.20	16.45	17.09	5872216	102616520.00
20151218	17.06	17.91	16.77	17.67	8041924	144575744.00
20151221	17.68	18.67	17.40	18.61	8994934	168329840.00
20151222	18.65	20.52	18.19	20.52	15417151	311359072.00
20151223	20.52	20.71	19.32	19.60	12393558	254483024.00
20151224	19.40	19.50	18.70	19.45	7305516	142391440.00
20151225	19.22	20.33	18.98	19.96	7770278	156548880.00
20151228	19.82	20.08	18.10	18.23	8935424	175615936.00
20151229	18.48	18.83	17.51	18.55	6836267	127885048.00
20151230	18.38	19.08	18.19	18.79	6723789	128795952.00
20151231	18.79	18.80	18.03	18.28	2835868	53427728.00
20160104	18.28	18.33	16.50	16.78	3612075	64709940.00
20160105	16.25	16.98	15.70	16.39	6826995	115223536.00
20160106	16.40	16.63	16.08	16.55	6567484	110692928.00
20160107	16.48	16.48	14.85	14.85	1473500	23751478.00
20160108	14.91	15.30	14.30	14.86	8866536	135698560.00
20160111	14.53	14.64	13.32	13.33	7254479	105810664.00
20160112	13.42	13.70	13.02	13.53	4017847	56038208.00
20160113	13.64	13.80	12.96	13.31	5902872	81416936.00
20160114	12.80	13.80	12.55	13.61	5219808	72003856.00
20160115	13.60	14.09	13.20	13.56	5011146	70873848.00
20160118	13.40	13.76	13.20	13.56	3967215	55596824.00
20160119	13.55	14.03	13.32	13.89	5443339	77482720.00
20160120	13.77	14.02	13.43	13.61	4561038	64774976.00
20160121	13.36	13.70	12.63	12.69	3318660	45871512.00
20160122	12.94	13.26	12.68	13.13	2203491	29532472.00
20160125	13.25	13.85	13.06	13.69	4807892	67693984.00
20160126	13.49	13.65	12.81	12.84	3508369	48589520.00
20160127	12.95	13.97	12.61	13.89	4352868	59951132.00
20160128	13.68	13.88	13.35	13.81	3451906	48813524.00
20160129	13.60	14.48	13.60	14.37	4161522	61132868.00
20160201	14.35	14.81	13.71	14.11	2853554	41935556.00
20160202	14.06	14.60	13.85	14.55	2883466	42748052.00
20160203	14.29	14.46	13.96	14.29	2090488	30835928.00
20160204	14.25	14.47	14.21	14.34	1767683	26228328.00
20160205	14.44	14.44	13.70	13.73	2155684	31286442.00
20160215	13.16	13.73	13.16	13.56	1946656	27282856.00
20160216	13.55	14.10	13.55	13.99	2835658	40955680.00
20160217	14.01	14.24	13.90	14.17	2378591	34707092.00
20160218	14.24	14.36	14.10	14.16	2660146	39139120.00
20160219	14.11	14.75	14.03	14.59	4129184	61859016.00
20160222	14.91	14.96	14.46	14.71	3452380	52317236.00
20160223	14.71	14.71	14.28	14.45	2173190	32567008.00
20160224	14.53	14.78	14.28	14.70	2774950	41885640.00
20160225	14.71	14.71	13.48	13.48	3556366	51439488.00
20160226	13.63	13.73	13.31	13.56	1885541	26465568.00
20160229	13.57	13.75	12.94	13.18	3408933	46718416.00
20160301	13.30	14.38	13.20	14.29	4375200	62251264.00
20160302	14.19	15.07	14.02	14.96	7928328	120321024.00
20160303	14.79	14.95	14.37	14.54	5869006	88790528.00
20160304	14.42	14.72	14.00	14.25	3645421	54260684.00
20160307	14.49	14.59	14.26	14.42	2932312	43685160.00
20160308	14.42	14.58	13.73	14.49	4277697	62815080.00
20160309	14.30	14.30	14.00	14.10	3064647	44857068.00
20160310	14.08	14.24	13.73	13.83	2089900	30078672.00
20160311	13.75	13.90	13.56	13.72	1110928	15812019.00
20160314	13.85	14.35	13.82	14.09	2279550	33433832.00
20160315	14.09	14.29	13.95	13.99	1655270	24193602.00
20160316	14.15	14.15	13.83	13.89	1338601	19356340.00
20160317	13.92	14.30	13.92	14.19	2022172	29608328.00
20160318	14.28	14.63	14.20	14.60	3749273	56155424.00
20160321	14.68	14.85	14.54	14.81	4009119	61085604.00
20160322	14.75	14.75	14.46	14.59	3174511	47887568.00
20160323	14.50	14.76	14.44	14.75	2313243	34957932.00
20160324	14.69	14.70	14.42	14.46	3394901	51119968.00
20160325	14.41	14.62	14.40	14.54	1672660	25080428.00
20160328	14.62	14.85	14.58	14.71	5559178	84694928.00
20160329	14.71	14.74	14.25	14.45	2634673	39398032.00
20160330	14.47	14.85	14.47	14.84	2939732	44712128.00
20160331	14.92	14.92	14.60	14.68	2506163	38122088.00
20160401	14.61	14.79	14.45	14.75	2213936	33399108.00
20160405	14.75	15.41	14.66	15.19	5789455	90272416.00
20160406	15.17	15.25	14.90	15.06	2965225	46185368.00
20160407	15.16	15.20	14.65	14.72	3629226	55678424.00
20160408	14.58	14.93	14.58	14.84	1785579	27175056.00
20160411	14.79	15.40	14.79	15.32	4265983	66767064.00
20160412	15.32	15.38	15.05	15.15	2214956	34692336.00
20160413	15.29	15.60	15.22	15.28	3275650	52154044.00
20160414	15.38	15.47	15.20	15.45	2069377	32749954.00
20160415	15.46	15.85	15.34	15.83	3932420	63250440.00
20160418	15.82	15.96	15.59	15.66	3898335	63396848.00
20160419	15.70	15.80	15.30	15.47	2651677	42426808.00
20160420	15.52	15.68	14.80	14.99	4259463	66567760.00
20160421	14.91	15.11	14.84	14.96	2224590	34497784.00
20160422	14.88	15.04	14.71	14.96	1794829	27596040.00
20160425	14.82	14.93	14.48	14.60	2458571	37217856.00
20160426	14.58	14.74	14.38	14.68	2505535	37696808.00
20160427	14.70	15.02	14.59	14.83	2483780	38251952.00
20160428	14.85	14.93	14.70	14.83	1469566	22513880.00
20160429	14.78	15.20	14.71	15.08	2686862	41843948.00
20160503	15.21	15.50	15.01	15.49	3450053	54530284.00
20160504	15.41	15.98	15.34	15.86	4864334	78799392.00
20160505	15.81	16.66	15.76	16.47	4828916	81167496.00
20160506	16.49	17.01	16.02	16.25	6518422	109887784.00
20160509	16.20	16.29	15.82	15.95	4332776	71590856.00
20160510	15.95	16.84	15.75	16.69	4252349	72188664.00
20160511	16.69	16.70	16.22	16.39	3426470	58104780.00
20160512	16.10	17.50	16.08	17.49	6102946	106607200.00
20160513	17.25	17.60	17.06	17.20	3291044	58480072.00
20160516	17.00	17.49	16.88	17.30	2760525	49078048.00
20160517	17.15	17.95	16.98	17.06	4093681	73899440.00
20160518	16.91	17.27	16.30	16.70	3056716	52924392.00
20160519	16.70	18.30	16.58	17.92	6959538	126268928.00
20160520	17.90	18.29	17.67	17.86	3016923	55661576.00
20160523	17.70	18.50	17.70	18.06	2336961	43471256.00
20160524	17.94	17.94	17.31	17.45	2743510	49441456.00
20160525	17.45	17.74	17.31	17.50	1493910	26882664.00
20160526	17.46	17.75	17.10	17.64	2216309	39729432.00
20160527	17.68	17.79	17.10	17.18	2436400	43492532.00
20160530	17.15	17.19	16.49	16.63	2661471	46055952.00
20160531	16.68	17.42	16.68	17.36	5215324	92372576.00
20160601	17.25	17.47	17.25	17.32	2289193	40869076.00
20160602	17.40	17.68	17.27	17.37	2574204	46213980.00
20160603	17.30	17.95	17.01	17.89	3941741	70399448.00
20160606	17.85	18.07	17.51	17.82	2851322	52009576.00
20160607	17.62	17.82	17.53	17.70	1473232	26761424.00
20160608	17.70	17.70	17.25	17.40	1205007	21362192.00
20160613	17.19	17.34	16.80	16.80	1454537	25283736.00
20160614	17.04	17.09	16.84	17.08	926442	15995682.00
20160615	16.86	17.68	16.86	17.65	2179127	38634644.00
20160616	17.55	18.08	17.36	18.04	2493611	45340808.00
20160617	18.04	18.40	17.69	17.82	2659998	48635364.00
20160620	17.95	18.80	17.83	18.76	4010007	74827032.00
20160621	18.79	19.08	18.26	18.48	3814595	72465584.00
20160622	18.35	18.82	18.33	18.62	1868245	35300040.00
20160623	18.69	18.77	18.12	18.30	2469651	46136888.00
20160624	18.31	18.58	18.02	18.39	1720987	32087580.00
20160627	18.20	19.85	18.20	19.68	4654924	91532048.00
20160628	19.68	19.95	19.25	19.65	2610960	51833144.00
20160629	19.65	20.20	19.50	20.18	2750275	55537008.00
20160630	19.91	20.12	19.63	19.90	1940267	39177496.00
20160701	19.87	20.07	19.41	19.90	1214717	24317284.00
20160704	19.83	20.53	19.61	20.51	3262915	66952284.00
20160705	20.51	20.80	20.14	20.23	1880055	39046324.00
20160706	20.23	20.45	20.00	20.35	1456800	29925674.00
20160707	20.36	20.40	19.88	20.22	1723100	35139640.00
20160708	20.18	20.18	19.80	19.86	1910800	38768844.00
20160711	20.06	20.06	19.60	19.85	1187200	23979908.00
20160712	19.86	20.15	19.61	20.08	2091500	42304300.00
20160713	19.98	20.60	19.98	20.19	3031700	62601144.00
20160714	20.19	20.43	19.72	20.00	1771700	36270556.00
20160715	20.00	20.34	19.81	20.16	1154200	23598630.00
20160718	20.20	20.45	19.93	20.25	1354800	27751884.00
20160719	20.25	20.38	20.00	20.11	1808500	37004224.00
20160720	20.06	20.20	19.81	19.91	1522400	30973436.00
20160721	19.71	19.99	19.65	19.69	1012400	20350366.00
20160722	19.68	19.92	19.51	19.70	1534300	30806162.00
20160725	19.70	19.84	19.65	19.72	731900	14667227.00
20160726	19.75	20.58	19.48	20.50	3381500	69505672.00
20160727	20.45	20.89	19.38	19.90	3166530	64821792.00
20160728	19.73	21.65	19.53	21.63	5791349	123199912.00
20160729	21.63	21.70	21.21	21.49	2728513	59365024.00
20160801	21.40	21.69	20.81	21.52	2703090	58407840.00
20160802	21.46	21.51	20.81	21.14	1903154	40680836.00
20160803	21.11	21.38	20.63	21.34	1957020	41678464.00
20160804	21.19	21.54	20.90	21.09	1525266	32712924.00
20160805	20.94	21.86	20.92	21.10	2440132	52862116.00
20160808	20.78	21.10	20.56	21.00	1538465	32531640.00
20160809	20.81	21.69	20.80	21.51	1601200	34439452.00
20160810	21.50	21.70	21.10	21.32	1816000	39298876.00
20160811	21.11	21.48	21.00	21.11	878988	18869050.00
20160812	20.92	21.80	20.92	21.69	1785727	38961904.00
20160815	21.85	23.66	21.85	23.44	5474568	126365288.00
20160816	23.24	23.62	22.82	23.45	4448160	104642016.00
20160817	23.43	23.44	22.60	22.69	2996459	69571488.00
20160818	22.84	22.90	22.47	22.69	2282273	52418012.00
20160819	22.60	22.70	22.10	22.25	2955254	66666576.00
20160822	22.16	22.60	22.15	22.19	1407300	31800812.00
20160823	22.19	22.50	22.09	22.18	1285700	28998982.00
20160824	22.18	22.34	21.35	21.38	5576200	122647528.00
20160825	21.20	21.50	20.70	21.39	3463800	74152344.00
20160826	21.30	21.69	21.22	21.66	1959100	42751520.00
20160829	21.50	21.98	21.50	21.80	1647570	36410320.00
20160830	21.80	22.17	21.61	22.10	1664822	37132384.00
20160831	22.15	22.20	21.77	22.07	1168602	26002316.00
20160901	22.14	22.14	21.90	21.98	893519	19942576.00
20160902	22.04	22.04	21.40	21.79	1807207	39784216.00
20160905	21.73	21.99	21.50	21.53	849979	18635566.00
20160906	21.31	21.78	21.21	21.68	1128220	24629242.00
20160907	21.59	22.14	21.59	21.92	2148599	47446428.00
20160908	21.98	22.99	21.95	22.62	2490700	57017984.00
20160909	22.50	22.60	22.06	22.22	1219712	27590540.00
20160912	21.85	22.02	20.72	20.99	2819541	61489184.00
20160913	21.20	21.60	20.52	21.01	2243853	47346204.00
20160914	20.80	21.17	20.73	21.12	1115569	23791504.00
20160919	21.12	21.51	20.92	21.40	868190	18795744.00
20160920	21.40	21.53	20.98	21.06	1137015	24482728.00
20160921	21.06	21.64	20.77	21.61	1502782	32543638.00
20160922	21.90	22.03	21.40	21.61	1367058	30203906.00
20160923	21.98	22.00	21.48	21.52	891257	19530654.00
20160926	21.65	21.65	21.03	21.17	1367771	29513184.00
20160927	21.07	21.63	20.92	21.56	1546690	33364408.00
20160928	21.75	21.75	21.38	21.64	977564	21370108.00
20160929	21.64	22.08	21.53	21.60	1081183	23932416.00
20160930	21.50	21.88	21.48	21.83	689901	15157318.00
20161010	21.65	22.12	21.36	21.75	1907585	42030244.00
20161011	21.72	22.41	21.52	22.28	2847928	63540768.00
20161012	22.28	22.50	22.01	22.37	1314413	29617484.00
20161013	22.30	22.37	21.69	21.82	3281958	73127344.00
20161014	21.82	21.88	21.11	21.31	2081233	45056784.00
20161017	21.29	21.47	21.13	21.34	2798695	60558304.00
20161018	21.18	21.59	21.18	21.56	2884642	62561248.00
20161019	21.57	21.66	21.31	21.38	1015275	22107146.00
20161020	21.28	21.58	20.93	21.01	1943326	41662880.00
20161021	20.90	21.00	20.02	20.31	3237802	67067484.00
20161024	20.10	20.10	19.30	19.90	7822699	156034864.00
20161025	19.74	20.03	19.64	19.85	4385617	88214888.00
20161026	19.88	19.88	19.15	19.31	8007829	157484544.00
20161027	19.27	19.37	19.23	19.29	3602608	70645824.00
20161028	19.30	19.66	19.18	19.63	6291080	124290840.00
20161031	19.50	19.50	19.28	19.35	2752190	54150720.00
20161101	19.41	19.44	18.96	19.20	5737300	111816848.00
20161102	19.20	19.21	19.00	19.03	2832300	54886688.00
20161103	19.03	19.20	18.94	19.03	3833330	74111472.00
20161104	18.98	19.07	18.45	18.72	5673300	107878456.00
20161107	18.69	18.69	18.20	18.53	3075680	57786384.00
20161108	18.64	18.67	18.43	18.61	3059294	57677768.00
20161109	18.62	18.80	18.48	18.73	3970799	75294432.00
20161110	18.89	18.89	18.71	18.78	2252377	42999424.00
20161111	18.77	18.90	18.55	18.86	3045766	57819748.00
20161114	18.83	18.97	18.71	18.81	3149349	60231540.00
20161115	18.89	19.19	18.70	19.17	3432722	66059168.00
20161116	19.21	19.46	19.00	19.44	4466592	87388112.00
20161117	19.26	20.13	19.26	19.63	5844300	116958960.00
20161118	19.60	19.71	19.26	19.35	2153600	42532032.00
20161121	19.35	19.56	19.13	19.55	2099300	41238832.00
20161122	19.58	19.58	19.21	19.41	1675765	33044042.00
20161123	19.51	19.66	19.30	19.53	2207960	43663364.00
20161124	19.50	19.67	19.25	19.66	3213300	63489416.00
20161125	19.62	19.62	19.30	19.52	1529400	30256832.00
20161128	19.39	19.96	19.39	19.76	3632200	72995576.00
20161129	19.76	20.98	19.70	20.44	5888200	122591520.00
20161130	20.25	20.36	19.13	19.29	7298800	144549264.00
20161201	19.29	19.50	19.01	19.45	4030349	78880936.00
20161202	19.40	19.40	19.05	19.07	2020957	39441576.00
20161205	18.97	18.97	18.40	18.63	2626500	49647704.00
20161206	18.69	18.83	18.57	18.65	1065500	20213476.00
20161207	18.63	18.90	18.60	18.88	951800	18181348.00
20161208	18.85	19.05	18.70	18.88	1784700	34261308.00
20161209	18.88	19.00	18.76	18.86	1009200	19368730.00
20161212	18.86	19.00	17.76	17.77	2258178	41969096.00
20161213	17.70	18.25	17.51	18.06	1363161	24916836.00
20161214	18.06	18.38	17.90	17.97	1742182	31905860.00
20161215	17.95	18.16	17.86	18.07	1172859	21463736.00
20161216	18.06	18.06	17.50	17.59	3021482	54530480.00
20161219	17.50	17.50	16.54	16.66	10678430	182212928.00
20161220	16.66	16.89	16.54	16.65	4254610	72427760.00
20161221	16.66	17.30	16.11	16.99	15224729	256973600.00
20161222	16.80	16.82	16.23	16.34	9970661	166912160.00
20161223	16.30	16.81	16.20	16.59	10006372	168138656.00
20161226	16.60	16.66	16.32	16.57	5174661	86773744.00
20161227	16.56	16.86	16.49	16.73	4782926	81322832.00
20161228	16.74	17.27	16.74	17.16	6266255	108542936.00
20161229	17.04	17.08	16.84	17.03	2672600	46161420.00
20161230	16.99	17.14	16.79	16.97	2076800	35828540.00
20170103	16.99	17.17	16.99	17.13	2445700	42517680.00
20170104	17.13	17.45	16.98	17.37	3403982	59829364.00
20170105	17.28	17.28	16.98	17.12	3278832	57080836.00
20170106	17.08	17.55	16.95	17.41	3721131	65421456.00
20170109	17.41	17.60	17.26	17.42	2020402	35868540.00
20170110	17.40	17.90	17.19	17.62	4050763	72929208.00
20170111	17.52	17.79	17.38	17.55	2311722	41203948.00
20170112	17.55	17.58	17.32	17.39	1285600	22773794.00
20170113	17.23	17.80	16.95	17.76	2485889	43742304.00
20170116	17.60	18.21	17.43	18.03	7391746	134403312.00
20170117	18.03	18.03	17.65	17.91	1614800	29266742.00
20170118	17.87	18.24	17.77	17.92	1573154	28857606.00
20170119	17.91	18.10	17.64	17.64	1502305	27149412.00
20170120	17.65	17.85	17.60	17.74	1967387	35500084.00
20170123	17.74	18.06	17.74	17.83	710339	12914347.00
20170124	17.96	17.96	17.70	17.84	865834	15708710.00
20170125	17.84	17.92	17.75	17.87	811964	14717851.00
20170126	17.86	17.94	17.81	17.89	839270	15250965.00
20170203	17.89	17.95	17.80	17.90	617323	11218421.00
20170206	17.90	18.06	17.88	17.98	1215203	22169946.00
20170207	17.95	18.00	17.80	17.83	967478	17585132.00
20170208	17.79	17.83	17.63	17.81	1343405	24186440.00
20170209	17.86	18.05	17.77	17.99	1007800	18390484.00
20170210	17.99	18.03	17.80	17.86	1186773	21587248.00
20170213	17.86	18.30	17.76	18.21	1877625	34405188.00
20170214	18.30	18.30	17.96	18.15	1295797	23824994.00
20170215	18.18	18.58	18.08	18.19	2545508	47397376.00
20170216	18.23	18.25	17.96	18.11	1226874	22504252.00
20170217	17.98	18.11	17.85	17.93	1757180	32137200.00
20170220	18.07	18.27	17.93	18.27	1842600	33964224.00
20170221	18.30	18.38	18.16	18.32	1543611	28657572.00
20170222	18.33	18.50	18.25	18.49	1546437	28923940.00
20170223	18.40	18.64	18.20	18.63	2517260	46964616.00
20170224	18.63	19.84	18.60	19.34	6070400	119117120.00
20170227	19.27	19.28	18.85	19.06	2431500	47039060.00
20170228	18.90	19.84	18.90	19.83	3711748	73672408.00
20170301	19.80	20.15	19.36	19.57	4587195	91313776.00
20170302	19.44	19.75	19.30	19.38	1931710	38292768.00
20170303	19.35	19.80	19.20	19.59	2287098	45490736.00
20170306	19.59	19.77	19.27	19.36	4271048	84302280.00
20170307	19.36	19.85	19.23	19.72	2617300	52257240.00
20170308	19.74	19.86	19.56	19.76	1119738	22395160.00
20170309	19.77	19.90	19.61	19.78	1395315	27960688.00
20170310	19.78	19.81	19.49	19.50	1421241	28349520.00
20170313	19.45	19.82	19.13	19.71	1547458	30805400.00
20170314	19.71	20.11	19.61	19.80	1488602	29994092.00
20170315	19.80	19.84	19.59	19.80	1444661	28896848.00
20170316	19.80	20.27	19.76	20.19	2466576	50204768.00
20170317	20.26	20.69	19.85	19.91	2188059	45140188.00
20170320	19.91	20.49	19.61	20.39	2382100	48421576.00
20170321	20.87	20.87	20.19	20.32	1955200	40483148.00
20170322	20.27	20.51	20.03	20.14	990115	20341574.00
20170323	20.09	20.34	20.03	20.18	1378475	28174296.00
20170324	20.07	20.63	19.97	20.57	1529500	31638884.00
20170327	20.58	20.84	20.41	20.61	1726988	36069712.00
20170328	20.61	20.78	20.46	20.68	983299	20574952.00
20170329	20.76	20.84	20.04	20.06	1506822	31156348.00
20170330	19.85	20.03	19.08	19.51	2599929	51415424.00
20170331	19.52	19.79	19.43	19.71	1092660	21834604.00
20170405	19.70	20.90	19.68	20.26	1420981	29321484.00
20170406	20.30	20.46	20.09	20.33	761120	15667474.00
20170407	20.31	20.52	20.21	20.46	984200	20390328.00
20170410	20.48	20.86	20.08	20.82	2409714	50451792.00
20170411	20.89	21.10	20.61	20.78	1866900	39475712.00
20170412	20.62	20.96	20.34	20.38	1908100	40028064.00
20170413	20.48	20.87	20.30	20.67	853948	17907082.00
20170414	21.01	21.01	20.50	20.58	1311250	27625398.00
20170417	20.50	20.59	19.76	20.58	1073999	22028660.00
20170418	20.50	20.69	20.12	20.52	1674512	34633844.00
20170419	20.34	20.34	19.87	20.18	1376797	27975948.00
20170420	20.17	20.17	19.91	20.00	1234600	25073052.00
20170421	20.00	20.21	19.70	20.20	604001	12271765.00
20170424	20.16	20.16	19.61	19.81	1285800	25869492.00
20170425	19.65	19.97	19.52	19.71	807700	16220953.00
20170426	19.71	20.01	19.64	19.89	719000	14511422.00
20170427	19.89	19.98	19.56	19.82	827200	16558737.00
20170428	19.77	19.83	19.63	19.70	1013008	20239508.00
20170502	19.60	20.58	19.60	20.47	1773709	36183464.00
20170503	20.28	20.47	19.93	19.98	1035366	21149112.00
20170504	20.10	20.10	19.61	19.67	900400	18111160.00
20170505	19.65	19.86	19.47	19.71	1781100	35582800.00
20170508	19.59	19.69	18.90	19.10	1546500	30317524.00
20170509	19.26	19.49	18.55	19.28	1052000	20327400.00
20170510	19.10	19.31	18.59	18.60	624200	12004786.00
20170511	18.78	18.98	18.42	18.85	1523800	28997208.00
20170512	18.89	19.06	18.73	19.00	772051	14837690.00
20170515	19.00	19.42	18.71	19.35	1655833	32218220.00
20170516	19.16	19.68	19.13	19.67	989646	19566526.00
20170517	19.67	20.14	19.58	19.61	862242	17361132.00
20170518	19.59	19.80	19.51	19.66	425700	8479615.00
20170519	19.72	20.36	19.72	20.36	1907187	39140580.00
20170522	20.30	20.69	20.10	20.32	1077264	22287688.00
20170523	20.32	20.32	19.60	20.09	1485200	30025480.00
20170524	19.90	20.20	19.67	20.06	644100	13010251.00
20170525	20.05	20.48	20.05	20.40	954100	19685224.00
20170526	20.40	20.47	20.11	20.19	461100	9490002.00
20170531	20.50	20.59	20.10	20.25	808128	16646670.00
20170601	20.10	20.29	19.97	20.25	831443	17001848.00
20170602	20.12	20.24	19.85	20.10	689849	13986504.00
20170605	20.01	20.13	19.81	20.01	590360	11944730.00
20170606	20.00	20.18	19.82	20.16	487710	9896143.00
20170607	20.15	20.68	20.08	20.63	1048542	21787518.00
20170608	20.60	20.75	20.50	20.51	708879	14836280.00
20170609	20.53	20.70	20.31	20.51	467208	9695666.00
20170612	20.48	20.82	20.45	20.53	687900	14431648.00
20170613	20.50	20.75	20.34	20.62	482760	10049343.00
20170614	20.61	20.69	20.41	20.45	317601	6616392.00
20170615	20.50	20.99	20.40	20.80	738098	15546368.00
20170616	20.95	20.95	20.19	20.44	758783	15795799.00
20170619	20.52	20.61	20.30	20.50	629995	12903179.00
20170620	20.57	20.69	20.37	20.51	698337	14300959.00
20170621	20.43	20.59	20.30	20.59	534805	10936624.00
20170622	20.59	20.67	20.00	20.07	778585	15890051.00
20170623	19.71	20.25	19.71	20.24	635076	12766791.00
20170626	20.24	20.76	20.19	20.69	842019	17284800.00
20170627	20.69	20.88	20.54	20.84	770217	15966687.00
20170628	20.64	20.82	20.51	20.55	317550	6554749.00
20170629	20.55	20.69	20.39	20.58	480931	9854394.00
20170630	20.56	20.84	20.48	20.81	590374	12242960.00
20170703	20.80	20.97	20.53	20.67	506450	10479232.00
20170704	20.65	20.90	20.30	20.32	406525	8315603.00
20170705	20.32	20.60	20.23	20.57	381106	7776348.00
20170706	20.39	20.56	20.26	20.27	308201	6293723.00
20170707	20.45	20.49	20.00	20.12	671527	13545967.00
20170710	20.12	20.33	19.95	20.19	361275	7272188.00
20170711	20.15	20.47	20.00	20.04	665634	13391934.00
数据来源:通达信
