600010 包钢股份 日线 前复权
      日期	    开盘	    最高	    最低	    收盘	    成交量	    成交额
20111010	1.98	2.00	1.91	1.92	21409663	118122160.00
20111011	1.98	2.00	1.86	1.92	35591502	194942992.00
20111012	1.90	2.00	1.86	1.98	53706477	297799008.00
20111013	1.97	2.05	1.96	2.01	66491835	377522304.00
20111014	1.98	2.00	1.96	1.97	34263231	191809664.00
20111017	1.98	2.00	1.93	1.95	30975838	171845776.00
20111018	1.92	1.94	1.83	1.83	42698094	226875296.00
20111019	1.83	1.86	1.79	1.81	30095178	155180640.00
20111020	1.81	1.83	1.75	1.78	38399615	194933712.00
20111021	1.78	1.78	1.69	1.71	38883214	190149456.00
20111024	1.71	1.73	1.63	1.72	43636439	209162112.00
20111025	1.71	1.82	1.67	1.77	72931495	362623904.00
20111026	1.76	1.85	1.75	1.80	80330603	411322144.00
20111027	1.81	1.83	1.78	1.80	51142426	261314256.00
20111028	1.82	1.87	1.81	1.84	73997485	385601600.00
20111031	1.83	1.84	1.80	1.81	47114465	241986928.00
20111101	1.79	1.82	1.78	1.79	36620790	186689408.00
20111102	1.76	1.79	1.72	1.79	50123424	248747456.00
20111103	1.79	1.88	1.79	1.82	100363128	522947520.00
20111104	1.83	1.87	1.82	1.84	63409868	330506944.00
20111107	1.85	1.93	1.85	1.90	94083260	503289760.00
20111108	1.91	1.92	1.84	1.85	57279478	303040960.00
20111109	1.85	1.87	1.81	1.85	48396160	251636016.00
20111110	1.83	1.92	1.81	1.84	81387472	432098656.00
20111111	1.86	1.87	1.81	1.83	42472237	220476768.00
20111114	1.85	1.87	1.82	1.85	45812827	239959600.00
20111115	1.85	1.92	1.83	1.90	92409714	494302464.00
20111116	1.88	1.89	1.81	1.82	61176973	320135648.00
20111117	1.82	1.84	1.80	1.81	28146087	144972560.00
20111118	1.80	1.80	1.72	1.73	49903160	247555904.00
20111121	1.73	1.74	1.70	1.72	25131628	122352592.00
20111122	1.70	1.72	1.68	1.71	22804331	110286464.00
20111123	1.72	1.73	1.69	1.69	16556262	80062832.00
20111124	1.68	1.70	1.65	1.70	22569295	107608432.00
20111125	1.69	1.72	1.67	1.68	15991826	76543248.00
20111128	1.68	1.70	1.65	1.66	19308666	91263712.00
20111129	1.67	1.68	1.66	1.68	23906304	113246872.00
20111130	1.67	1.67	1.52	1.56	44358741	200777728.00
20111202	1.58	1.60	1.55	1.55	32612338	145499088.00
20111205	1.55	1.55	1.50	1.50	21611447	93056992.00
20111206	1.50	1.52	1.48	1.51	21671574	91979816.00
20111207	1.51	1.52	1.50	1.50	18238912	78135520.00
20111208	1.51	1.64	1.51	1.57	78790830	351619168.00
20111209	1.53	1.55	1.51	1.52	34622888	150197616.00
20111212	1.52	1.52	1.48	1.51	19704932	83845784.00
20111213	1.49	1.50	1.41	1.43	33429309	137792576.00
20111214	1.41	1.44	1.39	1.40	25591749	102761960.00
20111215	1.38	1.38	1.32	1.33	32539897	124537872.00
20111216	1.34	1.37	1.32	1.36	26916383	102726360.00
20111219	1.36	1.36	1.30	1.36	28138936	106562280.00
20111220	1.35	1.38	1.34	1.36	33554539	130440976.00
20111221	1.37	1.37	1.30	1.30	31254687	118996480.00
20111222	1.29	1.34	1.24	1.31	42371971	154382624.00
20111223	1.29	1.34	1.28	1.31	25137730	94114720.00
20111226	1.30	1.45	1.29	1.45	73308433	297684864.00
20111227	1.46	1.47	1.43	1.43	104011848	428071680.00
20111228	1.43	1.47	1.39	1.46	73692047	301209984.00
20111229	1.44	1.46	1.41	1.42	50925019	207822544.00
20111230	1.42	1.47	1.41	1.45	44608120	183238224.00
20120104	1.46	1.51	1.44	1.46	67255953	281269376.00
20120105	1.44	1.50	1.41	1.44	52652482	217733808.00
20120106	1.44	1.56	1.43	1.53	78109216	330535936.00
20120109	1.52	1.58	1.49	1.58	78740646	345722976.00
20120110	1.57	1.63	1.56	1.60	86590815	390380064.00
20120111	1.60	1.76	1.57	1.69	135094519	644093376.00
20120112	1.65	1.73	1.64	1.68	88075879	418826368.00
20120113	1.68	1.72	1.62	1.65	67798897	320906912.00
20120116	1.65	1.65	1.52	1.52	47893536	215000032.00
20120117	1.52	1.67	1.52	1.67	88839599	410674560.00
20120118	1.74	1.80	1.65	1.67	107557455	525013856.00
20120119	1.66	1.72	1.65	1.68	50339072	240272336.00
20120120	1.68	1.71	1.64	1.68	37270776	177205232.00
20120130	1.68	1.72	1.65	1.67	34805857	166299488.00
20120131	1.67	1.72	1.66	1.72	50176643	242252576.00
20120201	1.71	1.72	1.66	1.67	44889620	214526240.00
20120202	1.66	1.71	1.66	1.70	39608414	188610816.00
20120203	1.70	1.71	1.66	1.70	44379840	213249904.00
20120206	1.70	1.72	1.67	1.70	38063649	183745616.00
20120207	1.70	1.70	1.63	1.65	42076412	198050416.00
20120208	1.65	1.74	1.64	1.73	88088154	427292320.00
20120209	1.72	1.75	1.70	1.72	79224880	387559424.00
20120210	1.72	1.89	1.71	1.79	123971668	632003008.00
20120213	1.76	1.80	1.74	1.78	59015691	296212736.00
20120214	1.78	1.79	1.75	1.77	34194478	171384480.00
20120215	1.76	1.81	1.76	1.80	55851792	283982976.00
20120216	1.78	1.81	1.76	1.78	47511864	239944528.00
20120217	1.79	1.80	1.76	1.76	35171509	176178784.00
20120220	1.79	1.81	1.75	1.75	38612251	193701760.00
20120221	1.75	1.76	1.70	1.76	41216320	202836160.00
20120222	1.76	1.78	1.74	1.77	45804934	229128320.00
20120223	1.77	1.83	1.77	1.80	86567601	442619168.00
20120224	1.80	1.81	1.77	1.80	66559746	338114656.00
20120227	1.82	1.88	1.80	1.82	127972457	666565760.00
20120228	1.81	1.86	1.80	1.85	88340800	456791680.00
20120229	1.83	1.91	1.81	1.86	117606369	621876160.00
20120301	1.84	1.87	1.82	1.83	59099142	308348864.00
20120302	1.83	1.86	1.82	1.85	61277064	319151040.00
20120305	1.85	1.86	1.82	1.83	54814243	284575008.00
20120306	1.82	1.82	1.77	1.78	58737131	298115072.00
20120307	1.76	1.80	1.73	1.76	48773043	243665664.00
20120308	1.76	1.85	1.76	1.81	90539022	463521152.00
20120309	1.81	1.83	1.79	1.82	55220109	282878176.00
20120312	1.81	1.86	1.81	1.84	77055225	400370112.00
20120313	1.83	1.84	1.81	1.83	45918728	236689840.00
20120314	1.83	2.02	1.83	2.02	423901606	2383247872.00
20120315	2.00	2.06	1.92	1.95	281515068	1592300416.00
20120316	1.94	2.03	1.91	2.02	176597527	993126336.00
20120319	2.00	2.22	1.99	2.22	309455647	1871849088.00
20120320	2.23	2.45	2.21	2.42	450355931	3014702080.00
20120321	2.45	2.50	2.30	2.39	262999923	1786242048.00
20120322	2.36	2.40	2.31	2.37	153175399	1017936512.00
20120323	2.33	2.53	2.32	2.40	257675381	1768143488.00
20120326	2.37	2.40	2.21	2.33	175614431	1141945344.00
20120327	2.32	2.38	2.30	2.30	138153732	913809856.00
20120328	2.27	2.27	2.12	2.14	162691597	1006717760.00
20120329	2.11	2.26	2.09	2.20	193195545	1186628992.00
20120330	2.20	2.21	2.01	2.10	134498148	809530368.00
20120405	2.08	2.22	2.05	2.22	141114340	860119936.00
20120406	2.23	2.39	2.21	2.26	186235885	1208212992.00
20120409	2.23	2.35	2.22	2.29	131890138	858136512.00
20120410	2.26	2.30	2.15	2.30	123982505	780960384.00
20120411	2.24	2.29	2.21	2.27	79579286	507239936.00
20120412	2.27	2.30	2.21	2.27	102272996	653110912.00
20120416	2.24	2.28	2.18	2.20	99613171	623570624.00
20120417	2.18	2.21	2.14	2.15	89532014	548035584.00
20120418	2.15	2.27	2.15	2.23	118928290	744409152.00
20120419	2.22	2.23	2.16	2.17	92090370	569777600.00
20120420	2.17	2.19	2.16	2.18	62267675	383129344.00
20120423	2.16	2.21	2.15	2.16	66596641	409149376.00
20120424	2.14	2.15	2.05	2.09	98828719	585763648.00
20120425	2.06	2.21	2.04	2.18	116712358	703230784.00
20120426	2.17	2.18	2.12	2.13	76443052	463238560.00
20120427	2.12	2.17	2.11	2.13	54763868	331979680.00
20120502	2.15	2.27	2.14	2.21	165008504	1031113024.00
20120503	2.21	2.25	2.19	2.21	89389186	560581888.00
20120504	2.21	2.32	2.20	2.30	178111586	1144284416.00
20120507	2.28	2.33	2.25	2.30	116141787	747784320.00
20120508	2.29	2.41	2.22	2.33	132552218	859969280.00
20120509	2.29	2.32	2.23	2.23	99838825	642060736.00
20120510	2.22	2.46	2.21	2.46	334058050	2283766784.00
20120511	2.48	2.55	2.37	2.43	250268384	1751275648.00
20120514	2.42	2.45	2.30	2.33	221257306	1465144704.00
20120515	2.29	2.29	2.23	2.28	92502106	591010368.00
20120516	2.27	2.35	2.25	2.28	111769134	729179136.00
20120517	2.28	2.34	2.16	2.27	115475489	728076480.00
20120518	2.24	2.31	2.21	2.22	69232691	439354112.00
20120521	2.23	2.31	2.21	2.26	74687876	475691648.00
20120522	2.28	2.29	2.24	2.27	50742370	322955488.00
20120523	2.27	2.28	2.18	2.22	79137083	495511136.00
20120524	2.21	2.23	2.18	2.20	50722191	313904096.00
20120525	2.19	2.25	2.18	2.19	69150844	430882976.00
20120528	2.20	2.22	2.14	2.20	68204850	418749568.00
20120529	2.22	2.33	2.20	2.29	162094358	1045283264.00
20120530	2.27	2.30	2.25	2.26	76806104	489154880.00
20120531	2.24	2.28	2.22	2.25	48980211	310315904.00
20120601	2.27	2.33	2.26	2.29	99346640	643860672.00
20120604	2.26	2.31	2.23	2.23	73341575	467072544.00
20120605	2.23	2.25	2.19	2.21	60891741	379658432.00
20120606	2.22	2.24	2.17	2.20	48601484	301035360.00
20120607	2.23	2.26	2.18	2.20	47270126	295094336.00
20120608	2.23	2.23	2.18	2.18	35564579	220033920.00
20120611	2.17	2.21	2.15	2.20	41368405	254106864.00
20120612	2.19	2.20	2.16	2.17	31070188	190773952.00
20120613	2.20	2.20	2.16	2.20	37962539	233005392.00
20120614	2.20	2.23	2.18	2.18	45322888	281467584.00
20120615	2.18	2.20	2.10	2.14	65572055	395461120.00
20120618	2.15	2.17	2.12	2.13	50595520	305197984.00
20120619	2.14	2.15	2.06	2.06	63352054	370551872.00
20120620	2.07	2.10	2.01	2.02	59719542	345661408.00
20120621	2.02	2.04	1.95	1.97	57030729	316582528.00
20120625	1.95	1.95	1.77	1.81	100861450	523685408.00
20120626	1.79	1.82	1.76	1.82	70183838	353969024.00
20120627	1.81	1.83	1.76	1.78	45928094	232390672.00
20120628	1.78	1.80	1.70	1.70	64930795	317400192.00
20120629	1.69	1.74	1.65	1.73	61194190	292987712.00
20120702	1.74	1.78	1.73	1.76	51981071	258126672.00
20120703	1.77	1.77	1.71	1.73	44246649	217262224.00
20120704	1.73	1.74	1.69	1.71	31696735	153001936.00
20120705	1.70	1.70	1.64	1.64	35181234	164077744.00
20120706	1.68	1.75	1.64	1.74	52892963	252696656.00
20120709	1.73	1.75	1.69	1.71	40869073	198723888.00
20120710	1.70	1.72	1.68	1.71	29812102	143755632.00
20120711	1.70	1.84	1.70	1.80	62223692	310974400.00
20120712	1.77	1.83	1.77	1.81	56963918	289534496.00
20120713	1.81	1.90	1.80	1.83	63303076	330351232.00
20120716	1.82	1.84	1.75	1.76	40631874	204598336.00
20120717	1.75	1.78	1.74	1.78	25203398	125404408.00
20120718	1.78	1.81	1.74	1.79	34240053	171425584.00
20120719	1.79	1.82	1.77	1.80	37941776	192414672.00
20120720	1.80	1.81	1.75	1.75	32934438	164600880.00
20120723	1.73	1.74	1.68	1.71	25959120	125218296.00
20120724	1.69	1.77	1.69	1.73	19389594	94757264.00
20120725	1.72	1.73	1.71	1.71	14816831	71720960.00
20120726	1.72	1.88	1.72	1.82	103007830	524441312.00
20120727	1.81	1.84	1.78	1.81	47265853	241551056.00
20120730	1.81	1.83	1.72	1.74	50088774	250071168.00
20120731	1.73	1.80	1.69	1.77	41240387	203061872.00
20120801	1.76	1.83	1.75	1.80	41080574	208180032.00
20120802	1.80	1.86	1.78	1.81	42501767	217748480.00
20120803	1.88	1.95	1.83	1.85	66836092	351446112.00
20120806	1.85	2.03	1.83	2.03	173729356	975389952.00
20120807	2.07	2.13	2.05	2.12	182087593	1070429056.00
20120808	2.13	2.13	2.05	2.06	93277012	546383936.00
20120809	2.05	2.18	2.04	2.15	143966835	858069376.00
20120810	2.17	2.37	2.12	2.25	251878378	1610183168.00
20120813	2.22	2.25	2.13	2.15	134810053	831175168.00
20120814	2.19	2.21	2.06	2.15	114424161	683120448.00
20120815	2.12	2.25	2.10	2.16	138300062	853755072.00
20120816	2.14	2.17	2.06	2.07	86944862	514259392.00
20120817	2.06	2.17	2.06	2.15	93426817	560689344.00
20120820	2.14	2.16	2.08	2.15	72224556	432395008.00
20120821	2.15	2.17	2.08	2.13	95948038	572896256.00
20120822	2.11	2.12	2.05	2.07	79436110	464204768.00
20120823	2.09	2.15	2.07	2.11	89953807	536607104.00
20120824	2.10	2.12	2.04	2.05	75028097	436094208.00
20120827	2.01	2.02	1.85	1.88	108186456	590896320.00
20120828	1.87	1.95	1.87	1.90	61691916	331120480.00
20120829	1.91	1.91	1.80	1.86	81521689	422949088.00
20120830	1.89	1.90	1.79	1.82	64289808	333699712.00
20120831	1.83	1.83	1.80	1.81	35922627	183886880.00
20120903	1.81	1.83	1.77	1.82	48678487	248292128.00
20120904	1.83	1.83	1.76	1.77	63028617	320041952.00
20120905	1.76	1.77	1.70	1.72	81821441	398581984.00
20120906	1.72	1.75	1.71	1.73	42236680	205811200.00
20120907	1.76	1.88	1.75	1.86	133878837	689095744.00
20120910	1.86	1.90	1.83	1.88	95631998	502634784.00
20120911	1.87	1.94	1.86	1.92	82592634	440767744.00
20120912	1.93	1.95	1.88	1.91	80762795	435652224.00
20120913	1.91	1.92	1.86	1.86	51102002	272246720.00
20120914	1.92	1.93	1.88	1.90	62359986	335412768.00
20120917	1.90	1.90	1.81	1.82	49371610	256500400.00
20120918	1.80	1.82	1.78	1.81	34548375	175184832.00
20120919	1.81	1.83	1.79	1.82	26794550	136481776.00
20120920	1.81	1.81	1.74	1.75	35652091	178077888.00
20120921	1.75	1.78	1.73	1.75	26193911	129820200.00
20120924	1.74	1.77	1.70	1.75	33877430	166049168.00
20120925	1.74	1.80	1.73	1.76	37455398	186851040.00
20120926	1.76	1.77	1.72	1.74	24029758	118170408.00
20120927	1.74	1.79	1.72	1.77	42058927	209304096.00
20120928	1.76	1.82	1.76	1.81	50009085	252835296.00
20121008	1.81	1.83	1.77	1.79	34427957	173865488.00
20121009	1.78	1.85	1.77	1.84	58118294	299335520.00
20121010	1.84	1.88	1.81	1.85	56507457	293569696.00
20121011	1.83	1.87	1.81	1.82	38978657	201588208.00
20121012	1.82	1.84	1.78	1.80	31592422	160521952.00
20121015	1.80	1.81	1.75	1.77	29585395	147318512.00
20121016	1.77	1.79	1.76	1.77	19788366	99029856.00
20121017	1.78	1.79	1.75	1.78	29094111	145195920.00
20121018	1.78	1.87	1.77	1.85	92717370	478294208.00
20121019	1.84	1.88	1.83	1.86	62072512	325526176.00
20121022	1.85	1.88	1.83	1.88	51673360	271272960.00
20121023	1.87	2.07	1.87	2.07	207588450	1155352448.00
20121024	2.05	2.10	2.01	2.06	236589283	1366123648.00
20121025	2.05	2.10	1.93	2.02	200205155	1142770688.00
20121026	2.01	2.04	1.95	1.96	128186594	716140480.00
20121029	1.96	2.01	1.92	1.99	132117709	736173824.00
20121030	1.98	2.14	1.95	2.13	235704124	1354146816.00
20121031	2.09	2.13	2.04	2.10	208327082	1216167424.00
20121101	2.07	2.12	2.02	2.04	178586353	1039302272.00
20121102	2.04	2.07	1.95	1.97	137738423	775176256.00
20121105	1.97	1.99	1.93	1.97	61438292	340249664.00
20121106	1.97	1.97	1.92	1.94	57409392	313369344.00
20121107	1.94	2.01	1.94	1.96	75197106	419379680.00
20121108	1.93	1.94	1.83	1.85	76749738	407910272.00
20121109	1.83	1.86	1.82	1.84	36919137	191918384.00
20121112	1.85	1.87	1.82	1.85	37173818	193215408.00
20121113	1.85	1.91	1.84	1.87	64160609	339201440.00
20121114	1.87	1.87	1.82	1.87	40251874	210009312.00
20121115	1.86	1.90	1.83	1.83	42178101	221773968.00
20121116	1.82	1.84	1.80	1.83	30514570	156214048.00
20121119	1.82	1.85	1.82	1.85	24346355	126049488.00
20121120	1.86	1.87	1.83	1.83	30222583	157636272.00
20121121	1.83	1.86	1.79	1.86	38806480	200193472.00
20121122	1.85	1.86	1.82	1.83	21046391	109001472.00
20121123	1.84	1.87	1.83	1.85	30704348	160506704.00
20121126	1.89	1.89	1.85	1.86	33158732	174284304.00
20121127	1.85	1.86	1.80	1.80	36443587	187964352.00
20121128	1.80	1.80	1.64	1.70	72354705	347151296.00
20121129	1.68	1.73	1.67	1.69	39215414	187597680.00
20121130	1.70	1.73	1.68	1.71	29287032	141370640.00
20121203	1.71	1.72	1.61	1.61	46045473	214714112.00
20121204	1.61	1.64	1.55	1.63	52282734	235142368.00
20121205	1.63	1.74	1.61	1.71	68562924	326355840.00
20121206	1.71	1.74	1.68	1.70	36318752	174692848.00
20121207	1.70	1.75	1.68	1.74	56299766	274300992.00
20121210	1.75	1.79	1.73	1.77	57492515	286148544.00
20121211	1.77	1.79	1.75	1.76	45967640	228230688.00
20121212	1.76	1.78	1.73	1.75	39150944	193249824.00
20121213	1.75	1.75	1.70	1.70	39698421	192335440.00
20121214	1.70	1.80	1.69	1.78	80431232	401706240.00
20121217	1.80	1.90	1.79	1.84	106613576	553900288.00
20121218	1.83	1.93	1.80	1.87	115690923	610593600.00
20121219	1.88	1.90	1.85	1.86	69099772	363292768.00
20121220	1.84	2.01	1.83	1.97	172167643	932324544.00
20121221	1.95	1.96	1.87	1.88	129895935	701217536.00
20121224	1.87	1.90	1.85	1.88	57619147	304651744.00
20121225	1.87	1.92	1.85	1.91	81445284	436261600.00
20121226	1.90	1.96	1.89	1.91	69949490	377496224.00
20121227	1.91	1.96	1.88	1.90	96510739	521610656.00
20121228	1.90	1.92	1.88	1.90	58084540	311051264.00
20121231	1.91	1.93	1.90	1.92	55419449	298711360.00
20130104	1.96	1.97	1.92	1.93	76571721	418976928.00
20130107	1.95	1.95	1.87	1.90	70273155	375593824.00
20130108	1.89	1.92	1.86	1.91	66075774	352493184.00
20130109	1.90	1.91	1.87	1.88	58597313	311521568.00
20130110	1.88	2.02	1.88	1.95	153048724	842489472.00
20130111	1.93	1.95	1.87	1.88	97921129	523951968.00
20130114	1.87	1.93	1.86	1.92	74824051	400055680.00
20130115	1.92	1.98	1.90	1.95	121163552	664385600.00
20130116	1.94	2.00	1.92	1.96	112581012	621292480.00
20130117	1.96	2.05	1.95	1.97	118757432	667236992.00
20130118	1.98	2.00	1.94	1.97	72116971	399144064.00
20130121	1.96	1.97	1.93	1.96	68988257	378327456.00
20130122	1.96	1.96	1.89	1.90	66757614	360757632.00
20130123	1.90	1.94	1.88	1.92	44890617	242273040.00
20130124	1.92	1.96	1.87	1.88	67364763	364140736.00
20130125	1.89	1.90	1.86	1.86	35111031	185598912.00
20130128	1.87	1.92	1.86	1.91	49956733	265704272.00
20130129	1.91	1.92	1.88	1.91	60982325	325515936.00
20130130	1.90	1.91	1.86	1.86	68395734	362587552.00
20130131	1.87	1.92	1.87	1.89	55531261	296799520.00
20130201	1.90	1.91	1.81	1.83	126246458	651963712.00
20130204	1.82	1.87	1.78	1.85	93971709	482794528.00
20130205	1.84	1.87	1.82	1.86	46917175	244899200.00
20130206	1.86	1.89	1.85	1.86	49474713	260208192.00
20130207	1.86	1.87	1.83	1.84	42347659	219727280.00
20130208	1.84	1.86	1.83	1.85	30579946	159565728.00
20130218	1.86	1.86	1.83	1.84	40893666	211911152.00
20130219	1.84	1.85	1.80	1.81	35651373	182447184.00
20130220	1.82	1.83	1.81	1.83	28329717	145591232.00
20130221	1.82	1.82	1.77	1.78	52667841	265688560.00
20130222	1.78	1.83	1.76	1.80	43505391	219606432.00
20130225	1.79	1.81	1.78	1.79	26228345	132432200.00
20130226	1.78	1.79	1.75	1.75	35212290	175402240.00
20130227	1.76	1.77	1.74	1.75	29965390	147724800.00
20130228	1.76	1.79	1.74	1.78	37304165	185884096.00
20130301	1.78	1.80	1.75	1.77	31948171	159575344.00
20130304	1.77	1.77	1.70	1.70	48919489	237346608.00
20130305	1.70	1.73	1.70	1.71	31193375	150654256.00
20130306	1.72	1.73	1.71	1.72	35114002	169688448.00
20130307	1.71	1.75	1.70	1.73	40357514	195684832.00
20130308	1.73	1.89	1.71	1.81	109166525	558897856.00
20130311	1.79	1.82	1.78	1.79	47818626	242788736.00
20130312	1.79	1.85	1.76	1.82	84921396	433198688.00
20130313	1.82	1.84	1.80	1.81	51219132	262098288.00
20130314	1.81	1.81	1.76	1.76	38674925	193856432.00
20130315	1.76	1.81	1.76	1.76	34568405	173547232.00
20130318	1.75	1.75	1.70	1.71	40853225	198082624.00
20130319	1.71	1.72	1.65	1.70	34054509	162237904.00
20130320	1.70	1.75	1.70	1.73	37937747	184216816.00
20130321	1.73	1.75	1.72	1.73	29812105	145896352.00
20130322	1.73	1.74	1.71	1.72	26259728	127306056.00
20130325	1.72	1.89	1.72	1.89	253487607	1324200320.00
20130326	1.87	1.91	1.86	1.89	230390004	1221977088.00
20130327	1.89	1.92	1.85	1.90	221575395	1179644800.00
20130328	1.87	1.91	1.86	1.90	207668974	1102043392.00
20130329	1.90	1.96	1.81	1.82	258753596	1384721792.00
20130401	1.77	1.87	1.74	1.86	114967105	584194816.00
20130402	1.84	1.88	1.81	1.86	148062627	771220800.00
20130403	1.85	1.88	1.81	1.84	142233487	739349184.00
20130408	1.81	1.84	1.78	1.83	73700983	376298912.00
20130409	1.83	1.86	1.82	1.84	87920499	454875424.00
20130410	1.83	1.84	1.78	1.80	84578490	430736128.00
20130411	1.81	1.81	1.74	1.75	69996188	348003168.00
20130412	1.74	1.76	1.72	1.73	34688851	169967968.00
20130415	1.71	1.72	1.68	1.70	42827455	205761776.00
20130416	1.68	1.72	1.67	1.72	31068124	149326416.00
20130417	1.72	1.75	1.71	1.73	26605792	129820536.00
20130418	1.73	1.75	1.70	1.71	27807104	135397952.00
20130419	1.71	1.76	1.71	1.74	37991811	186413952.00
20130422	1.73	1.77	1.73	1.75	35120713	173542272.00
20130423	1.75	1.76	1.69	1.70	40492570	195206736.00
20130424	1.70	1.73	1.69	1.72	27018112	130274064.00
20130425	1.72	1.72	1.68	1.68	29811424	142723920.00
20130426	1.70	1.71	1.67	1.67	23635522	112258344.00
20130502	1.67	1.68	1.65	1.66	21120644	99144896.00
20130503	1.66	1.70	1.66	1.67	21389076	101560936.00
20130506	1.68	1.72	1.68	1.71	33299316	160301536.00
20130507	1.71	1.77	1.71	1.73	47921336	235230016.00
20130508	1.74	1.75	1.71	1.73	31907540	155078528.00
20130509	1.73	1.73	1.69	1.70	34859911	167587776.00
20130510	1.70	1.71	1.69	1.70	23726454	113668952.00
20130513	1.70	1.72	1.69	1.70	20826746	99907512.00
20130514	1.70	1.70	1.67	1.68	24114835	114232344.00
20130515	1.68	1.69	1.67	1.68	13156537	62380312.00
20130516	1.68	1.70	1.67	1.70	29761704	141661744.00
20130517	1.70	1.73	1.69	1.72	42337083	204587744.00
20130520	1.72	1.76	1.71	1.73	47587311	232909408.00
20130521	1.73	1.75	1.72	1.73	40961685	199440288.00
20130522	1.73	1.76	1.71	1.74	47227515	230889504.00
20130523	1.73	1.73	1.71	1.71	37307079	180711200.00
20130524	1.71	1.73	1.70	1.72	35470790	171464192.00
20130527	1.72	1.72	1.69	1.70	34472555	165414912.00
20130528	1.70	1.72	1.68	1.72	46639984	223519648.00
20130529	1.72	1.78	1.71	1.75	102066259	501884480.00
20130530	1.74	1.76	1.72	1.72	54891014	269092960.00
20130531	1.73	1.73	1.70	1.71	34819475	168394496.00
20130603	1.71	1.72	1.70	1.70	25873194	124229728.00
20130604	1.70	1.70	1.67	1.68	30724462	145690688.00
20130605	1.68	1.70	1.67	1.69	20019410	95248048.00
20130606	1.69	1.69	1.67	1.67	21974451	103657968.00
20130607	1.67	1.67	1.61	1.62	33555104	155242624.00
20130613	1.61	1.61	1.51	1.52	43947666	190809408.00
20130614	1.53	1.61	1.52	1.60	39388387	173446432.00
20130617	1.60	1.65	1.55	1.64	47027326	214325680.00
20130618	1.62	1.67	1.60	1.63	43663560	200928448.00
20130619	1.62	1.65	1.59	1.62	49691663	226999792.00
20130620	1.60	1.60	1.53	1.54	24411121	107922368.00
20130621	1.52	1.57	1.52	1.55	28036718	122517192.00
20130624	1.55	1.55	1.39	1.44	38077277	158547280.00
20130625	1.41	1.44	1.30	1.40	46596267	181456960.00
20130626	1.41	1.43	1.36	1.39	31520550	123710760.00
20130627	1.39	1.52	1.38	1.50	94792691	388605792.00
20130628	1.46	1.49	1.44	1.45	86323191	356351392.00
20130701	1.45	1.45	1.38	1.43	37977700	151866512.00
20130702	1.42	1.43	1.39	1.41	30951018	123089816.00
20130703	1.41	1.43	1.39	1.40	46082248	182514432.00
20130704	1.39	1.43	1.35	1.41	73948701	291964288.00
20130705	1.40	1.51	1.39	1.43	94329261	385273920.00
20130708	1.41	1.41	1.37	1.37	48519957	189595488.00
20130709	1.36	1.39	1.36	1.37	22715023	88218576.00
20130710	1.37	1.44	1.36	1.43	70022877	279005088.00
20130711	1.45	1.54	1.42	1.49	134926013	566958656.00
20130712	1.47	1.49	1.42	1.43	89066296	366096672.00
20130715	1.43	1.46	1.42	1.45	48551545	197461696.00
20130716	1.45	1.46	1.42	1.45	36078412	146765200.00
20130717	1.44	1.46	1.43	1.44	42542452	173372800.00
20130718	1.43	1.44	1.40	1.40	37763640	151086768.00
20130719	1.40	1.41	1.35	1.35	45575680	177545920.00
20130722	1.35	1.38	1.33	1.37	25513204	98106584.00
20130723	1.38	1.43	1.37	1.40	38193389	151598160.00
20130724	1.40	1.40	1.37	1.39	29882393	116578520.00
20130725	1.40	1.45	1.39	1.40	47152681	188484096.00
20130726	1.38	1.38	1.36	1.37	32212363	124631144.00
20130729	1.37	1.37	1.34	1.35	26839568	102227296.00
20130730	1.35	1.38	1.35	1.36	22639362	87377544.00
20130731	1.37	1.39	1.36	1.36	18195866	70458456.00
20130801	1.38	1.39	1.36	1.38	34003272	131882240.00
20130802	1.39	1.39	1.37	1.38	23287078	90587120.00
20130805	1.38	1.39	1.37	1.39	20211298	78723312.00
20130806	1.38	1.41	1.38	1.40	35103289	137776320.00
20130807	1.40	1.42	1.39	1.40	36607587	144608032.00
20130808	1.41	1.43	1.40	1.40	34091030	135555648.00
20130809	1.41	1.48	1.41	1.45	104933314	428534432.00
20130812	1.45	1.48	1.44	1.47	81605049	336116704.00
20130813	1.47	1.51	1.46	1.48	59806830	249992208.00
20130814	1.47	1.48	1.44	1.45	48201610	198101056.00
20130815	1.45	1.47	1.44	1.44	29474338	120468784.00
20130816	1.43	1.59	1.41	1.42	75356053	309285120.00
20130819	1.41	1.44	1.40	1.43	37355637	149449632.00
20130820	1.43	1.43	1.40	1.41	27605655	110217120.00
20130821	1.43	1.43	1.40	1.42	17604252	70202096.00
20130822	1.41	1.42	1.40	1.40	23209010	92140856.00
20130823	1.41	1.41	1.37	1.38	24470644	95795712.00
20130826	1.39	1.41	1.38	1.40	21875620	86037936.00
20130827	1.40	1.43	1.40	1.42	28437297	113435352.00
20130828	1.41	1.43	1.39	1.41	45210126	179919136.00
20130829	1.42	1.42	1.39	1.40	29349251	116089440.00
20130830	1.40	1.40	1.38	1.38	40229956	157495456.00
20130902	1.38	1.40	1.37	1.39	29112569	113379440.00
20130903	1.39	1.40	1.38	1.40	27027377	105907232.00
20130904	1.40	1.46	1.39	1.43	91322152	366740608.00
20130905	1.42	1.42	1.39	1.40	43858134	173320544.00
20130906	1.39	1.41	1.38	1.40	30548121	119995032.00
20130909	1.40	1.42	1.40	1.41	47167374	187315200.00
20130910	1.42	1.47	1.40	1.45	103599702	420801088.00
20130911	1.45	1.55	1.45	1.48	150178238	633476480.00
20130912	1.47	1.47	1.44	1.46	71511051	293103360.00
20130913	1.46	1.48	1.44	1.45	56292473	231477840.00
20130916	1.46	1.46	1.43	1.43	39823155	161446880.00
20130917	1.42	1.44	1.41	1.41	33208168	133321664.00
20130918	1.41	1.42	1.41	1.42	16883334	67270568.00
20130923	1.42	1.43	1.42	1.43	26075067	104544872.00
20130924	1.42	1.43	1.39	1.40	39455999	155860928.00
20130925	1.40	1.40	1.38	1.39	33896050	132849256.00
20130926	1.38	1.41	1.38	1.38	33876015	132469368.00
20130927	1.38	1.39	1.37	1.38	20633334	80336832.00
20130930	1.39	1.41	1.38	1.40	25993206	102396376.00
20131008	1.39	1.45	1.39	1.45	85268331	344882752.00
20131009	1.44	1.45	1.42	1.44	38183993	154153984.00
20131010	1.43	1.45	1.42	1.43	35684565	144099648.00
20131011	1.44	1.47	1.43	1.45	60905134	249141872.00
20131014	1.46	1.48	1.45	1.46	51807075	214024832.00
20131015	1.46	1.47	1.44	1.44	28748115	117248776.00
20131016	1.44	1.46	1.42	1.43	35330367	142910640.00
20131017	1.43	1.46	1.42	1.45	39235430	159329056.00
20131018	1.45	1.46	1.43	1.45	35403501	144637904.00
20131021	1.45	1.45	1.43	1.44	41985305	170199840.00
20131022	1.44	1.44	1.41	1.42	43579674	174422384.00
20131023	1.42	1.44	1.41	1.41	37214552	148789664.00
20131024	1.40	1.41	1.39	1.40	21775849	85606584.00
20131025	1.40	1.40	1.37	1.37	31308474	121813736.00
20131028	1.37	1.38	1.37	1.38	18384638	71286512.00
20131029	1.39	1.39	1.33	1.35	29816545	114181272.00
20131030	1.35	1.37	1.34	1.36	33736028	128615360.00
20131031	1.36	1.40	1.35	1.39	46548951	179885936.00
20131231	1.53	1.53	1.53	1.53	16771001	72283016.00
20140102	1.68	1.68	1.68	1.68	24833249	117709600.00
20140103	1.85	1.85	1.78	1.85	429567934	2207682048.00
20140106	1.90	1.90	1.73	1.74	241165015	1220565504.00
20140107	1.73	1.76	1.65	1.70	155801934	742832192.00
20140108	1.68	1.72	1.62	1.64	112977465	529849376.00
20140109	1.62	1.67	1.58	1.59	94424131	430561280.00
20140110	1.58	1.60	1.52	1.53	98972115	432097120.00
20140113	1.53	1.57	1.52	1.54	70920463	307805824.00
20140114	1.53	1.56	1.48	1.55	94398461	402110976.00
20140115	1.53	1.54	1.50	1.51	52577272	223664592.00
20140116	1.53	1.60	1.51	1.56	111857353	492740384.00
20140117	1.53	1.63	1.53	1.58	99921438	448457664.00
20140120	1.57	1.59	1.55	1.57	42802911	188410064.00
20140121	1.56	1.58	1.54	1.55	48080380	211185536.00
20140122	1.54	1.58	1.53	1.58	58102913	256082864.00
20140123	1.58	1.58	1.53	1.54	57633498	251854640.00
20140124	1.53	1.54	1.51	1.52	56265470	241418000.00
20140127	1.49	1.51	1.48	1.48	47845181	200849136.00
20140128	1.49	1.50	1.48	1.49	24147932	101101032.00
20140129	1.49	1.50	1.47	1.47	28157506	117123672.00
20140130	1.42	1.47	1.38	1.42	92619015	369807616.00
20140207	1.41	1.43	1.40	1.42	44059847	176201936.00
20140210	1.42	1.48	1.42	1.47	77312397	318511264.00
20140211	1.47	1.48	1.45	1.47	60178334	247471008.00
20140212	1.46	1.49	1.46	1.48	48526342	201957136.00
20140213	1.47	1.49	1.45	1.45	49096786	203276576.00
20140214	1.45	1.51	1.45	1.49	78627471	329660032.00
20140217	1.50	1.51	1.48	1.50	55784214	234705168.00
20140218	1.50	1.50	1.47	1.47	46984004	195773312.00
20140219	1.47	1.54	1.44	1.53	141920454	599431040.00
20140220	1.54	1.61	1.52	1.52	222938625	982933504.00
20140221	1.51	1.53	1.49	1.49	58996689	249384432.00
20140224	1.49	1.58	1.46	1.54	114075868	491673248.00
20140225	1.54	1.56	1.49	1.51	89650161	386460928.00
20140226	1.50	1.56	1.49	1.55	71411503	307689312.00
20140227	1.55	1.59	1.53	1.55	106511808	467097792.00
20140228	1.54	1.56	1.52	1.55	59703513	259411760.00
20140303	1.55	1.56	1.52	1.54	57125493	247579504.00
20140304	1.52	1.55	1.50	1.51	60930169	261060736.00
20140305	1.52	1.55	1.50	1.52	66882000	286855104.00
20140306	1.51	1.53	1.50	1.52	59554992	253285120.00
20140307	1.51	1.55	1.51	1.52	54221796	232870800.00
20140310	1.51	1.51	1.44	1.45	66119625	276362592.00
20140311	1.44	1.47	1.42	1.43	55338091	224542160.00
20140312	1.42	1.45	1.42	1.44	37449331	150975088.00
20140313	1.44	1.48	1.43	1.48	70732254	290372320.00
20140314	1.47	1.48	1.45	1.46	41529501	171352512.00
20140317	1.47	1.47	1.43	1.46	40827326	166443024.00
20140318	1.46	1.46	1.44	1.44	37437057	152237792.00
20140319	1.44	1.44	1.42	1.43	47569205	191287424.00
20140320	1.43	1.44	1.41	1.41	37145496	148708544.00
20140321	1.41	1.45	1.38	1.44	47602251	189796432.00
20140324	1.44	1.47	1.43	1.45	68823834	280899520.00
20140325	1.44	1.46	1.44	1.45	32934802	134182384.00
20140326	1.45	1.49	1.45	1.46	62406460	257062112.00
20140327	1.46	1.47	1.45	1.45	44665539	183461072.00
20140328	1.45	1.47	1.44	1.45	33896088	138928224.00
20140331	1.46	1.46	1.42	1.43	34670627	139868272.00
20140401	1.43	1.45	1.42	1.43	21911235	88502984.00
20140402	1.43	1.46	1.42	1.44	38851785	158060368.00
20140403	1.45	1.45	1.41	1.42	50166927	201767040.00
20140404	1.42	1.46	1.41	1.45	57013579	231992512.00
20140408	1.44	1.46	1.43	1.45	39961916	162943824.00
20140409	1.45	1.46	1.45	1.46	36876047	151083408.00
20140410	1.46	1.47	1.44	1.46	79122363	324320256.00
20140411	1.46	1.46	1.45	1.45	45053292	184570432.00
20140414	1.45	1.45	1.43	1.44	50961948	206556720.00
20140415	1.44	1.44	1.42	1.43	44359472	178210976.00
20140416	1.43	1.43	1.42	1.43	34997786	140085200.00
20140417	1.43	1.43	1.41	1.42	23744224	94963152.00
20140418	1.42	1.43	1.41	1.43	28482640	113882496.00
20140421	1.42	1.43	1.40	1.40	24342905	96748816.00
20140422	1.38	1.40	1.38	1.39	27164937	106016288.00
20140423	1.39	1.40	1.38	1.38	20239870	79010760.00
20140424	1.38	1.39	1.37	1.37	20582150	80067208.00
20140425	1.37	1.38	1.34	1.34	32516707	124079496.00
20140428	1.35	1.36	1.30	1.31	31246327	117221744.00
20140429	1.31	1.32	1.29	1.31	30851364	113135088.00
20140430	1.31	1.31	1.28	1.30	40237774	145869376.00
20140505	1.28	1.30	1.28	1.29	31954154	116025296.00
20140506	1.30	1.42	1.30	1.38	262332926	1026813184.00
20140507	1.35	1.36	1.31	1.32	116846348	439631776.00
20140508	1.32	1.33	1.30	1.31	53314004	197472752.00
20140509	1.31	1.33	1.30	1.32	48953536	182044368.00
20140512	1.32	1.41	1.31	1.38	132542859	511909728.00
20140513	1.37	1.38	1.35	1.35	68528611	262674976.00
20140514	1.36	1.38	1.35	1.37	50788698	195871120.00
20140515	1.36	1.37	1.33	1.36	47025750	179207008.00
20140516	1.35	1.36	1.33	1.33	31147905	117365920.00
20140519	1.33	1.33	1.31	1.32	21212565	78708880.00
20140520	1.33	1.33	1.31	1.31	18028793	66782612.00
20140521	1.31	1.35	1.30	1.33	32460691	120626912.00
20140522	1.33	1.35	1.31	1.32	33634612	125250584.00
20140523	1.31	1.32	1.31	1.32	20451378	75581096.00
20140526	1.33	1.33	1.32	1.33	28767871	106984360.00
20140527	1.33	1.33	1.32	1.32	17604063	65342440.00
20140528	1.32	1.33	1.31	1.32	36530338	135336016.00
20140529	1.32	1.33	1.30	1.31	24193990	89293728.00
20140530	1.31	1.32	1.30	1.32	26046281	96110760.00
20140603	1.31	1.32	1.31	1.31	14993495	55449428.00
20140604	1.32	1.32	1.30	1.30	17030354	62358912.00
20140605	1.31	1.33	1.30	1.32	32321115	119841040.00
20140606	1.32	1.32	1.30	1.31	30917257	113376688.00
20140609	1.31	1.33	1.30	1.31	25755768	95187824.00
20140610	1.31	1.32	1.29	1.31	34635140	126813568.00
20140611	1.31	1.32	1.30	1.31	28195723	103677920.00
20140612	1.31	1.32	1.30	1.32	48736249	179486928.00
20140613	1.31	1.32	1.31	1.32	43311397	160015376.00
20140616	1.32	1.32	1.31	1.31	35068625	129353096.00
20140617	1.31	1.31	1.30	1.30	38691663	141799104.00
20140618	1.30	1.31	1.29	1.30	46664974	170143376.00
20140619	1.29	1.30	1.24	1.25	61978544	222122688.00
20140620	1.25	1.28	1.23	1.24	49074186	171812768.00
20140623	1.24	1.25	1.21	1.24	37161288	128798128.00
20140624	1.24	1.28	1.23	1.28	59584409	212062112.00
20140625	1.26	1.27	1.25	1.26	34363692	120992592.00
20140626	1.26	1.27	1.25	1.26	27080055	95879288.00
20140627	1.25	1.31	1.25	1.29	79863089	289072768.00
20140630	1.28	1.30	1.28	1.29	40972497	148669040.00
20140701	1.29	1.30	1.28	1.28	34936476	126156400.00
20140702	1.28	1.28	1.27	1.28	34562573	124111016.00
20140703	1.28	1.29	1.27	1.28	41594105	149513360.00
20140704	1.28	1.29	1.27	1.28	45303823	162833648.00
20140707	1.27	1.28	1.26	1.26	29634385	105497992.00
20140708	1.27	1.27	1.25	1.26	21580422	76135376.00
20140709	1.26	1.28	1.25	1.26	49077635	174922416.00
20140710	1.25	1.28	1.25	1.26	45696791	162240736.00
20140711	1.27	1.28	1.26	1.27	42903315	153219632.00
20140714	1.28	1.28	1.26	1.28	46845751	167913056.00
20140715	1.28	1.41	1.27	1.35	217497712	829606400.00
20140716	1.31	1.35	1.30	1.32	112696350	419032512.00
20140717	1.32	1.32	1.30	1.31	57995731	213466304.00
20140718	1.31	1.32	1.30	1.30	36748291	135120416.00
20140721	1.31	1.32	1.30	1.31	44872052	165576960.00
20140722	1.31	1.35	1.31	1.33	75562125	282010400.00
20140723	1.32	1.37	1.32	1.35	92260168	349123968.00
20140724	1.34	1.38	1.34	1.37	105528958	403936928.00
20140725	1.37	1.43	1.37	1.40	190924107	753571200.00
20140728	1.39	1.44	1.39	1.42	154964475	616541440.00
20140729	1.41	1.42	1.38	1.40	116848650	458237056.00
20140730	1.39	1.41	1.38	1.40	74593178	292280128.00
20140731	1.39	1.42	1.39	1.42	103212073	408748288.00
20140801	1.41	1.51	1.41	1.46	234447928	969782912.00
20140804	1.48	1.53	1.47	1.52	178399935	748179328.00
20140805	1.53	1.58	1.49	1.52	167102814	721055680.00
20140806	1.51	1.67	1.49	1.63	274844089	1230668800.00
20140807	1.76	1.80	1.71	1.80	596896086	2981782016.00
20140808	1.75	1.77	1.71	1.74	383774636	1869968000.00
20140811	1.74	1.76	1.70	1.74	273558569	1335004032.00
20140812	1.75	1.84	1.73	1.77	306816525	1536771968.00
20140813	1.75	1.88	1.71	1.87	370613788	1864876416.00
20140814	1.85	1.90	1.78	1.80	324962018	1689512448.00
20140815	1.82	1.88	1.79	1.82	234028070	1207360000.00
20140818	1.84	1.88	1.81	1.86	208857231	1082183296.00
20140819	1.85	1.88	1.83	1.87	195029715	1013688512.00
20140820	1.86	1.87	1.81	1.86	206117043	1068608128.00
20140821	1.86	1.88	1.80	1.82	271206722	1399876480.00
20140822	1.80	1.83	1.73	1.83	276696549	1391750912.00
20140825	1.80	1.83	1.76	1.76	292533463	1474710400.00
20140826	1.77	1.79	1.75	1.77	191153262	952296320.00
20140827	1.78	1.78	1.76	1.78	111016393	553308288.00
20140828	1.76	1.77	1.72	1.75	109904601	538795712.00
20140829	1.74	1.76	1.70	1.71	223590814	1084339328.00
20140901	1.70	1.73	1.69	1.71	110886009	531817504.00
20140902	1.73	1.76	1.71	1.76	153908994	749170560.00
20140903	1.76	1.78	1.74	1.78	155463766	768373824.00
20140904	1.77	1.80	1.76	1.79	121677526	607728064.00
20140905	1.79	1.81	1.78	1.80	150766249	758109184.00
20140909	1.79	1.85	1.79	1.81	192783322	984711744.00
20140910	1.81	1.83	1.80	1.81	154434926	787182272.00
20140911	1.81	1.82	1.77	1.78	146465916	738030912.00
20140912	1.77	1.83	1.76	1.83	210183113	1068754624.00
20140915	1.82	1.97	1.81	1.93	330790418	1759257344.00
20140916	1.92	2.00	1.90	1.90	286167814	1563205504.00
20140917	1.91	1.97	1.89	1.95	156328106	849014528.00
20140918	1.95	1.96	1.84	1.85	220877733	1170646784.00
20140919	1.86	1.88	1.81	1.84	134203411	693521536.00
20140922	1.82	1.85	1.81	1.82	94332625	483728128.00
20140923	1.88	1.90	1.83	1.85	137241036	715389056.00
20140924	1.85	2.04	1.83	1.98	356985884	1966169216.00
20140925	1.99	2.08	1.97	2.01	278738854	1580813184.00
20140926	2.02	2.05	1.97	2.03	254032191	1436068864.00
20140929	2.06	2.08	2.02	2.06	381998831	1094514304.00
20140930	2.01	2.02	1.96	1.99	438030748	1222888960.00
20141008	2.01	2.04	1.98	2.02	320707511	900907264.00
20141009	2.01	2.11	1.99	2.09	606469136	1738167040.00
20141010	2.07	2.08	2.02	2.06	399505367	1148305664.00
20141013	2.06	2.08	2.03	2.05	274038458	786093696.00
20141014	2.06	2.07	2.02	2.04	288221705	826725632.00
20141015	2.04	2.09	2.00	2.06	383833016	1097851776.00
20141016	2.02	2.06	1.99	1.99	355512979	1007327488.00
20141017	1.99	2.02	1.96	2.00	282688533	786359872.00
20141020	2.00	2.01	1.97	1.99	205614149	572813440.00
20141021	1.99	1.99	1.93	1.94	268017727	736230848.00
20141022	1.94	1.95	1.86	1.87	278165456	737501248.00
20141023	1.86	1.86	1.80	1.81	221886555	567865600.00
20141024	1.81	1.87	1.81	1.84	178608926	462194656.00
20141027	1.83	1.84	1.81	1.83	102829040	261931040.00
20141028	1.83	1.89	1.82	1.89	189453533	494836192.00
20141029	1.88	1.96	1.86	1.94	309942085	831652352.00
20141030	1.92	1.99	1.91	1.98	388072135	1066943808.00
20141031	1.98	2.06	1.98	2.01	539406821	1524439168.00
20141103	2.01	2.04	1.98	2.03	464785589	1315412992.00
20141104	2.01	2.03	1.99	2.00	343086293	961719552.00
20141105	1.99	2.03	1.96	1.98	302335499	844881024.00
20141106	1.99	1.99	1.92	1.96	268937472	733567744.00
20141107	1.95	1.96	1.91	1.93	204964484	556102656.00
20141110	1.93	2.01	1.92	2.01	394885540	1096320000.00
20141111	2.01	2.04	1.94	1.96	356886029	993139072.00
20141112	1.96	2.01	1.94	2.00	220140665	609016064.00
20141113	2.00	2.20	1.95	2.20	987669279	2924814336.00
20141114	2.20	2.32	2.17	2.19	1216549642	3804880128.00
20141117	2.21	2.21	2.09	2.09	574985268	1706053120.00
20141118	2.08	2.13	2.04	2.11	423865659	1239968896.00
20141119	2.09	2.19	2.07	2.14	379243980	1128769664.00
20141120	2.11	2.17	2.09	2.11	296137734	880653952.00
20141121	2.10	2.14	2.09	2.13	274014787	809416192.00
20141124	2.16	2.25	2.12	2.20	600542166	1837077120.00
20141125	2.19	2.26	2.17	2.21	511428015	1588481408.00
20141126	2.21	2.22	2.16	2.20	421630694	1291000448.00
20141127	2.20	2.28	2.16	2.24	534904217	1661305984.00
20141128	2.25	2.29	2.20	2.26	587602375	1842051456.00
20141201	2.24	2.36	2.24	2.33	791421961	2540765952.00
20141202	2.31	2.39	2.30	2.35	564684783	1851945344.00
20141203	2.35	2.59	2.34	2.51	1188165436	4144587264.00
20141204	2.53	2.70	2.49	2.67	1014170460	3661627904.00
20141205	2.66	2.76	2.49	2.56	974591052	3555984896.00
20141208	2.54	2.82	2.45	2.82	1141111482	4305300480.00
20141209	2.84	3.11	2.71	2.77	1414379284	5804557824.00
20141210	2.79	3.05	2.65	3.00	1009046751	4060672000.00
20141211	2.99	3.21	2.94	3.18	1102226101	4747116032.00
20141212	3.20	3.24	3.08	3.11	691485081	3028491520.00
20141215	3.07	3.10	2.94	3.01	705705828	2967715328.00
20141216	2.99	3.14	2.96	3.07	601470127	2562236416.00
20141217	3.04	3.07	2.94	3.00	472834661	1990937088.00
20141218	3.01	3.24	2.99	3.14	909706023	3996069120.00
20141219	3.12	3.29	3.08	3.24	807420832	3617811968.00
20141222	3.27	3.45	3.13	3.15	797903697	3645832448.00
20141223	3.10	3.14	2.87	2.96	511883468	2160652288.00
20141224	2.96	3.02	2.82	2.89	485138991	1967003776.00
20141225	2.88	3.00	2.88	3.00	340793590	1407163520.00
20141226	3.07	3.12	3.00	3.04	442378263	1888919552.00
20141229	3.04	3.11	2.96	3.00	452169270	1926089728.00
20141230	2.99	3.00	2.86	2.89	434186455	1764381952.00
20141231	2.90	2.93	2.89	2.91	276183948	1124220032.00
20150105	2.92	3.10	2.89	3.09	630493203	2671583488.00
20150106	3.07	3.09	2.94	3.01	378271403	1598859136.00
20150107	3.00	3.14	2.97	3.06	421052247	1810982912.00
20150108	3.06	3.09	2.99	3.01	286052806	1209181056.00
20150109	3.00	3.06	2.96	2.99	315758918	1329508480.00
20150112	2.96	3.04	2.95	2.98	254052074	1064213184.00
20150113	2.97	3.00	2.93	2.95	192847098	799099200.00
20150114	2.94	2.94	2.83	2.86	289213568	1167702272.00
20150115	2.89	2.95	2.86	2.95	212967600	863461952.00
20150116	2.96	3.06	2.94	3.05	394081000	1662371968.00
20150119	2.90	3.01	2.74	2.78	458245643	1846179072.00
20150120	2.81	2.91	2.81	2.89	260865298	1049516672.00
20150121	2.90	2.98	2.89	2.97	297738746	1225430784.00
20150122	2.97	3.24	2.95	3.15	650032300	2850181632.00
20150123	3.25	3.44	3.22	3.30	823649395	3803941120.00
20150126	3.36	3.63	3.31	3.63	1109592829	5505352704.00
20150127	3.71	3.74	3.51	3.62	999605188	5063196160.00
20150128	3.56	3.70	3.50	3.63	579024862	2933598976.00
20150129	3.64	3.69	3.54	3.59	469044030	2373588480.00
20150130	3.60	3.66	3.56	3.57	382721028	1926336384.00
20150202	3.49	3.91	3.47	3.81	778374617	4059310080.00
20150203	3.80	3.89	3.75	3.79	400091125	2134483712.00
20150204	3.81	3.96	3.80	3.81	485601633	2633744640.00
20150205	3.84	3.86	3.50	3.56	521587058	2712807680.00
20150206	3.53	3.60	3.28	3.39	614978567	2910769664.00
20150209	3.36	3.42	3.29	3.37	275520079	1296077568.00
20150210	3.36	3.49	3.35	3.46	243654379	1172203264.00
20150211	3.46	3.60	3.45	3.59	276425570	1374077568.00
20150212	3.58	3.58	3.41	3.48	299828770	1466243328.00
20150213	3.48	3.57	3.48	3.49	277977871	1373040512.00
20150216	3.51	3.54	3.41	3.50	273848670	1332870528.00
20150217	3.51	3.53	3.47	3.49	191658501	938946432.00
20150225	3.50	3.54	3.46	3.50	175581797	858587392.00
20150226	3.51	3.65	3.46	3.64	340706182	1702648064.00
20150227	3.64	3.74	3.61	3.67	376790703	1945163904.00
20150302	3.71	3.80	3.67	3.72	372693635	1945481856.00
20150303	3.71	3.71	3.58	3.61	350732960	1789820928.00
20150304	3.61	3.64	3.54	3.60	220343852	1107396480.00
20150305	3.57	3.57	3.51	3.53	231524516	1141979648.00
20150306	3.52	3.78	3.49	3.69	519731496	2666054912.00
20150309	3.66	3.70	3.58	3.68	251961668	1287489536.00
20150310	3.70	3.83	3.68	3.71	273585234	1430501248.00
20150311	3.74	3.77	3.65	3.70	215406724	1116657792.00
20150312	3.71	3.81	3.67	3.79	365124187	1917532416.00
20150313	3.83	4.17	3.79	4.16	688623870	3804807680.00
20150316	4.23	4.40	4.07	4.31	658167474	3908857856.00
20150317	4.31	4.40	4.24	4.28	519275433	3134780672.00
20150318	4.27	4.53	4.25	4.39	542628944	3341837312.00
20150319	4.39	4.50	4.30	4.47	536001435	3301132544.00
20150320	4.47	4.58	4.36	4.41	486166417	3022917888.00
20150323	4.35	4.46	4.29	4.39	499853453	3055819520.00
20150324	4.41	4.61	4.34	4.48	715178711	4467332096.00
20150325	4.43	4.47	4.34	4.36	413327085	2536514560.00
20150326	4.35	4.48	4.23	4.43	482610219	2958612224.00
20150327	4.41	4.59	4.39	4.49	476898967	2999892224.00
20150330	4.71	4.76	4.31	4.38	1042959770	6530056192.00
20150331	4.33	4.34	4.20	4.23	781779340	4662593024.00
20150401	4.21	4.33	4.19	4.26	512277590	3048800256.00
20150402	4.28	4.30	4.17	4.21	465933404	2756610304.00
20150403	4.19	4.29	4.16	4.26	456712382	2708545024.00
20150407	4.25	4.33	4.24	4.29	557928518	3346736896.00
20150408	4.31	4.35	4.21	4.34	656535918	3948546560.00
20150409	4.38	4.41	4.22	4.29	534139467	3214454016.00
20150410	4.29	4.35	4.24	4.31	484329322	2920539136.00
20150413	4.35	4.37	4.29	4.36	602913531	3655137024.00
20150414	4.37	4.78	4.32	4.64	1027919470	6513583616.00
20150415	4.59	4.60	4.36	4.37	568901191	3559173632.00
20150416	4.36	4.40	4.24	4.36	442760598	2683665920.00
20150417	4.39	4.61	4.36	4.49	780596888	4883555840.00
20150420	4.44	4.70	4.36	4.54	975273510	6224620032.00
20150421	4.54	4.99	4.51	4.99	1305893280	8861692928.00
20150422	5.00	5.19	4.93	5.05	1222792424	8624585728.00
20150423	5.05	5.36	4.94	5.20	1067823751	7704919040.00
20150424	5.13	5.31	5.06	5.11	768767938	5549664256.00
20150427	5.15	5.21	5.00	5.11	697453440	4967845888.00
20150428	5.07	5.07	4.74	4.81	738714993	5081203712.00
20150429	4.89	5.13	4.89	4.96	589513665	4131996672.00
20150430	4.96	5.04	4.81	4.84	436539257	2979707648.00
20150504	4.84	5.02	4.79	4.94	459954606	3165453312.00
20150505	4.91	4.99	4.57	4.65	504069333	3369864960.00
20150506	4.82	4.89	4.55	4.65	455078973	3026117632.00
20150507	4.61	4.61	4.22	4.26	495012356	3018782976.00
20150508	4.29	4.36	4.13	4.32	503842266	2999399424.00
20150511	4.36	4.39	4.24	4.39	519406210	3146347008.00
20150512	4.38	4.39	4.31	4.36	470655640	2863144192.00
20150513	4.34	4.51	4.29	4.39	569803415	3517678848.00
20150514	4.36	4.84	4.28	4.84	973842320	6194892288.00
20150515	5.11	5.31	4.93	4.96	1539722205	11052937216.00
20150518	4.79	4.85	4.67	4.70	647312105	4317604864.00
20150519	4.69	4.91	4.64	4.79	519935784	3493128960.00
20150520	4.78	4.92	4.72	4.81	582357650	3926271744.00
20150521	4.81	4.81	4.71	4.79	418709054	2788444672.00
20150522	4.81	4.99	4.79	4.91	631420500	4335981568.00
20150525	4.93	5.16	4.88	5.06	736182104	5174807552.00
20150526	5.06	5.14	4.93	5.08	805194606	5688178688.00
20150527	5.08	5.14	4.96	5.10	847916062	6000058368.00
20150528	5.11	5.31	4.59	4.64	1041767671	7375430656.00
20150529	4.62	4.75	4.29	4.54	668286704	4247703808.00
20150601	4.56	4.74	4.48	4.72	540366002	3502422528.00
20150602	4.71	4.79	4.64	4.75	551752260	3638350080.00
20150603	4.75	4.75	4.54	4.64	552438687	3594119424.00
20150604	4.63	4.68	4.29	4.63	545056828	3468332032.00
20150605	4.69	4.89	4.63	4.83	862863289	5776569344.00
20150608	4.84	5.00	4.80	4.99	887999493	6105480192.00
20150609	5.04	5.09	4.86	5.01	812499989	5678251008.00
20150610	4.96	5.03	4.88	4.96	607992293	4225448960.00
20150611	4.96	5.24	4.96	5.11	950957084	6822504960.00
20150612	5.12	5.12	4.94	5.05	826829538	5822964224.00
20150615	5.08	5.24	4.92	5.10	931680357	6618033152.00
20150616	4.99	5.03	4.69	4.74	588614797	4021986304.00
20150617	4.73	4.83	4.50	4.81	508903960	3342722560.00
20150618	4.77	4.92	4.66	4.69	475657649	3192484608.00
20150619	4.54	4.64	4.27	4.29	467079228	2914272768.00
20150623	4.29	4.34	3.89	4.32	442113823	2600859392.00
20150624	4.34	4.50	4.31	4.46	497825615	3075293184.00
20150625	4.47	4.47	4.15	4.22	458870457	2794628352.00
20150626	4.12	4.12	3.80	3.80	514374396	2845104384.00
20150629	3.89	3.90	3.42	3.43	647911964	3280491520.00
20150630	3.47	3.71	3.09	3.71	704929043	3382533376.00
20150701	3.66	3.75	3.43	3.45	546438487	2777896960.00
20150702	3.48	3.55	3.14	3.19	511812858	2392961536.00
20150703	3.19	3.28	2.87	2.89	612642026	2582638336.00
20150706	3.17	3.17	2.99	3.11	902642951	3875675136.00
20150707	2.99	3.34	2.80	3.27	1049145408	4547906560.00
20150708	2.97	3.46	2.94	3.25	1025291120	4633997824.00
20150709	3.25	3.58	3.16	3.58	639604150	3077774848.00
20150710	3.63	3.94	3.53	3.94	843721270	4559870976.00
20150713	3.92	4.18	3.79	4.00	896931867	5022297600.00
20150714	3.89	3.93	3.61	3.67	665175579	3535483136.00
20150715	3.63	3.71	3.34	3.69	459373003	2289996800.00
20150716	3.69	3.78	3.56	3.69	311697927	1612671360.00
20150717	3.69	3.84	3.64	3.79	399005983	2094393216.00
20150720	3.74	3.79	3.66	3.70	356525586	1854320640.00
20150721	3.65	3.75	3.59	3.66	277711675	1422548224.00
20150722	3.64	3.70	3.54	3.61	277426866	1405882496.00
20150723	3.63	3.82	3.59	3.74	434952542	2262438912.00
20150724	3.71	3.81	3.64	3.65	447136388	2325752576.00
20150727	3.60	3.68	3.29	3.29	378100260	1854423168.00
20150728	3.20	3.26	2.97	3.10	348417233	1512429568.00
20150729	3.14	3.29	3.07	3.27	252904306	1122170368.00
20150730	3.27	3.33	3.11	3.12	251179640	1140756224.00
20150731	3.07	3.16	3.06	3.13	184457246	799952832.00
20150803	3.06	3.21	2.98	3.19	235577898	1018313152.00
20150804	3.16	3.30	3.12	3.29	190821689	861710400.00
20150805	3.26	3.32	3.20	3.21	165125580	752204800.00
20150806	3.16	3.26	3.13	3.17	138017776	619684288.00
20150807	3.24	3.31	3.18	3.25	205903859	934411968.00
20150810	3.28	3.56	3.25	3.48	389419848	1861971584.00
20150811	3.49	3.60	3.43	3.47	390429128	1908785280.00
20150812	3.40	3.52	3.36	3.39	228889874	1103264000.00
20150813	3.41	3.59	3.38	3.59	338958760	1654731008.00
20150814	3.59	3.59	3.49	3.50	311142811	1540360704.00
20150817	3.54	3.68	3.49	3.62	361177150	1814369024.00
20150818	3.59	3.62	3.26	3.26	362265686	1747350912.00
20150819	3.17	3.44	3.11	3.38	299389302	1366217472.00
20150820	3.33	3.39	3.22	3.24	201378716	933197312.00
20150821	3.20	3.28	3.07	3.13	188879126	840601280.00
20150824	3.00	3.01	2.81	2.81	248862295	993726720.00
20150825	2.56	2.64	2.54	2.54	215438882	771264576.00
20150826	2.46	2.60	2.29	2.30	346695479	1183177856.00
20150827	2.38	2.43	2.26	2.42	259991106	858584960.00
20150828	2.46	2.60	2.41	2.59	296481052	1032900544.00
20150831	2.54	2.84	2.41	2.83	315223865	1126713728.00
20150901	2.71	3.01	2.61	2.95	540953254	2153902080.00
20150902	2.79	3.11	2.76	3.08	582169844	2451656960.00
20150907	3.04	3.16	2.89	2.90	203722764	865601088.00
20150908	2.89	2.96	2.74	2.92	151110468	606603712.00
20150909	2.93	3.04	2.89	2.96	163695836	677904448.00
20150910	2.90	2.96	2.86	2.89	93292348	380065760.00
20150911	2.90	2.99	2.87	2.94	101825967	418498976.00
20150914	2.94	2.94	2.68	2.69	127292420	500347328.00
20150915	2.59	2.68	2.43	2.45	117305643	420011712.00
20150916	2.50	2.69	2.46	2.68	127811257	460276416.00
20150917	2.63	2.81	2.63	2.66	148625132	567753856.00
20150918	2.67	2.80	2.66	2.73	164611226	630591936.00
20150921	2.68	2.78	2.66	2.76	89861957	345515616.00
20150922	2.78	2.81	2.74	2.77	104681315	406761888.00
20150923	2.71	2.74	2.64	2.66	95305302	358952800.00
20150924	2.64	2.70	2.64	2.68	55137573	206567904.00
20150925	2.66	2.70	2.58	2.60	60486857	223005776.00
20150928	2.62	2.64	2.56	2.61	34519799	125944416.00
20150929	2.56	2.57	2.50	2.52	66740494	236192896.00
20150930	2.54	2.56	2.51	2.54	53250282	188991264.00
20151008	2.62	2.64	2.56	2.60	77545248	282068128.00
20151009	2.61	2.69	2.58	2.64	100250234	370310944.00
20151012	2.64	2.80	2.64	2.76	154241409	589713600.00
20151013	2.76	2.81	2.73	2.76	121441531	468495456.00
20151014	2.79	3.04	2.74	3.00	484662872	2040155264.00
20151015	2.93	3.00	2.90	2.99	291762863	1204507136.00
20151016	3.00	3.01	2.94	2.97	217774509	906098368.00
20151019	2.96	2.96	2.85	2.89	186361719	760024512.00
20151020	2.89	2.96	2.84	2.94	155318486	633205632.00
20151021	2.94	3.06	2.73	2.79	277154838	1132897280.00
20151022	2.81	2.98	2.79	2.94	263097721	1068562688.00
20151023	2.94	2.99	2.89	2.96	205498182	845563264.00
20151026	2.99	2.99	2.87	2.92	186570631	765606144.00
20151027	2.90	2.91	2.81	2.89	133621071	533976960.00
20151028	2.88	2.95	2.85	2.86	129192897	524169504.00
20151029	2.85	2.89	2.83	2.84	91765264	366463328.00
20151030	2.83	2.84	2.79	2.81	83204702	327705536.00
20151102	2.79	2.84	2.74	2.75	108841437	423647200.00
20151103	2.76	2.78	2.72	2.74	85953214	330456320.00
20151104	2.74	2.85	2.74	2.84	147497500	579749376.00
20151105	2.84	3.00	2.83	2.93	336866951	1378337792.00
20151106	2.92	3.00	2.90	2.97	271223342	1125183872.00
20151109	2.96	3.11	2.91	3.00	323279131	1352533376.00
20151110	2.96	3.07	2.96	3.04	287550737	1214810496.00
20151111	3.03	3.17	3.02	3.04	318564908	1373218176.00
20151112	3.06	3.25	3.06	3.11	339820965	1500087424.00
20151113	3.06	3.07	2.91	2.94	259157617	1083112192.00
20151116	2.88	2.98	2.87	2.96	105298126	432232160.00
20151117	2.96	3.04	2.94	2.96	159875413	667732736.00
20151118	2.95	2.96	2.87	2.89	119959762	490443552.00
20151119	2.90	2.93	2.88	2.92	86549219	352009696.00
20151120	2.93	2.96	2.91	2.94	122388356	503726656.00
20151123	2.94	2.94	2.86	2.89	114921138	467319136.00
20151124	2.89	2.89	2.82	2.88	89633034	357775296.00
20151125	2.88	2.90	2.86	2.90	93534015	377026720.00
20151126	2.90	2.97	2.89	2.90	157643529	645256192.00
20151127	2.90	2.91	2.65	2.70	167024067	654271744.00
20151130	2.71	2.74	2.59	2.68	105828128	397153856.00
20151201	2.71	2.71	2.66	2.68	72182739	271385600.00
20151202	2.67	2.77	2.65	2.77	115489918	438321888.00
20151203	2.74	2.79	2.73	2.77	90055963	347508640.00
20151204	2.74	2.76	2.70	2.73	85806943	327176704.00
20151207	2.72	2.74	2.68	2.71	59334079	224329056.00
20151208	2.69	2.70	2.62	2.64	75051920	278374048.00
20151209	2.61	2.66	2.61	2.62	48547325	179131264.00
20151210	2.64	2.64	2.57	2.57	65526837	238538464.00
20151211	2.57	2.64	2.53	2.59	81476820	294673664.00
20151214	2.56	2.68	2.55	2.67	88242967	323968576.00
20151215	2.66	2.66	2.61	2.61	59646189	219836128.00
20151216	2.64	2.66	2.61	2.63	49687719	183263280.00
20151217	2.63	2.72	2.63	2.69	115683868	435123744.00
20151218	2.69	2.69	2.64	2.65	68704547	255898784.00
20151221	2.65	2.75	2.64	2.72	125071081	474345792.00
20151222	2.74	2.79	2.72	2.76	143284201	552236672.00
20151223	2.73	2.74	2.68	2.69	100015930	379401760.00
20151224	2.69	2.71	2.65	2.66	72595213	271875744.00
20151225	2.66	2.67	2.63	2.65	48459106	179632528.00
20151228	2.65	2.66	2.58	2.59	75072602	274743680.00
20151229	2.57	2.61	2.56	2.61	54666622	198172640.00
20151230	2.61	2.63	2.57	2.60	57027438	207363936.00
20151231	2.59	2.62	2.58	2.58	50614472	184064928.00
20160104	2.59	2.59	2.32	2.33	69437299	242332016.00
20160105	2.28	2.44	2.23	2.39	114924349	378947392.00
20160106	2.41	2.61	2.37	2.59	183924166	648683968.00
20160107	2.51	2.54	2.33	2.34	51144318	173416800.00
20160108	2.41	2.57	2.34	2.54	269896420	947258112.00
20160111	2.49	2.49	2.34	2.36	196359568	661641856.00
20160112	2.36	2.39	2.24	2.31	98270625	317175040.00
20160113	2.34	2.46	2.29	2.31	125690384	417415520.00
20160114	2.23	2.39	2.21	2.35	98322435	316861952.00
20160115	2.32	2.33	2.23	2.24	93528953	297474688.00
20160118	2.23	2.27	2.20	2.24	64590691	202761376.00
20160119	2.26	2.31	2.24	2.29	96680129	307322496.00
20160120	2.26	2.34	2.24	2.26	101959509	324735296.00
20160121	2.22	2.27	2.18	2.19	87420957	272307136.00
20160122	2.22	2.26	2.16	2.24	80863272	251230112.00
20160125	2.26	2.28	2.23	2.24	63713723	201200224.00
20160126	2.22	2.24	2.02	2.09	113888133	344049088.00
20160127	2.11	2.13	2.03	2.11	103701991	302859872.00
20160128	2.08	2.09	1.90	1.92	97593135	272647840.00
20160129	1.94	2.11	1.91	2.11	197683573	572679168.00
20160201	2.09	2.10	1.96	2.01	131984720	375889728.00
20160202	1.99	2.17	1.99	2.06	108175246	315234688.00
20160203	2.04	2.06	1.99	2.02	91365909	258485040.00
20160204	2.04	2.09	2.02	2.06	83281507	240504288.00
20160205	2.08	2.09	2.02	2.03	52837897	151741472.00
20160215	1.96	2.06	1.94	2.04	58809771	164621280.00
20160216	2.03	2.10	2.01	2.09	93010401	271062496.00
20160217	2.09	2.16	2.07	2.11	115949211	342859232.00
20160218	2.13	2.15	2.09	2.11	99191116	294640896.00
20160219	2.09	2.12	2.08	2.10	58237732	170913536.00
20160222	2.11	2.27	2.11	2.19	186481355	572852864.00
20160223	2.19	2.21	2.14	2.17	114485057	347516864.00
20160224	2.15	2.18	2.13	2.16	67447851	203344640.00
20160225	2.16	2.16	1.95	1.99	130598424	375016608.00
20160226	2.01	2.06	1.99	2.04	80994004	229196192.00
20160229	2.01	2.02	1.90	1.96	82231582	225195488.00
20160301	1.99	2.02	1.95	2.01	67118379	188177536.00
20160302	2.02	2.20	2.01	2.15	178038642	527912384.00
20160303	2.14	2.21	2.12	2.13	177775431	539857472.00
20160304	2.14	2.20	2.08	2.14	152764194	458233984.00
20160307	2.21	2.27	2.15	2.24	226917220	701399488.00
20160308	2.30	2.32	2.19	2.22	200763841	628524928.00
20160309	2.14	2.15	2.07	2.09	129988118	384384928.00
20160310	2.11	2.12	2.06	2.06	64329881	188570272.00
20160311	2.04	2.09	2.03	2.07	46210569	133944424.00
20160314	2.10	2.14	2.09	2.11	76267728	226257808.00
20160315	2.11	2.11	2.07	2.09	55143336	161174192.00
20160316	2.09	2.10	2.05	2.06	59189762	171650368.00
20160317	2.09	2.11	2.06	2.10	67735966	198384688.00
20160318	2.11	2.17	2.11	2.15	140288725	420932288.00
20160321	2.16	2.20	2.15	2.19	122543744	373490944.00
20160322	2.18	2.18	2.14	2.16	84601698	255857952.00
20160323	2.16	2.23	2.15	2.20	146207609	448699328.00
20160324	2.16	2.17	2.11	2.13	122548741	367187712.00
20160325	2.14	2.14	2.10	2.12	64821896	192122064.00
20160328	2.12	2.14	2.10	2.11	56431714	167843248.00
20160329	2.11	2.14	2.08	2.09	56761596	166827872.00
20160330	2.11	2.14	2.09	2.13	64089331	189868144.00
20160331	2.13	2.14	2.10	2.11	52593910	156186896.00
20160401	2.11	2.16	2.10	2.16	101388996	302954464.00
20160405	2.14	2.19	2.12	2.18	111586856	337288640.00
20160406	2.16	2.18	2.14	2.16	71049150	214783488.00
20160407	2.17	2.22	2.14	2.16	129281830	393688064.00
20160408	2.14	2.16	2.12	2.14	80761315	241811712.00
20160411	2.15	2.23	2.15	2.20	196046426	604544000.00
20160412	2.19	2.22	2.17	2.19	115876948	355317344.00
20160413	2.21	2.40	2.21	2.30	454851641	1472491648.00
20160414	2.29	2.31	2.24	2.27	212660251	672551040.00
20160415	2.24	2.27	2.23	2.24	102509193	322830752.00
20160418	2.23	2.24	2.20	2.23	84399118	261174112.00
20160419	2.26	2.31	2.24	2.26	141727882	451339840.00
20160420	2.29	2.31	2.16	2.26	233389222	734549312.00
20160421	2.24	2.45	2.21	2.34	386043068	1267731072.00
20160422	2.27	2.30	2.21	2.25	221880739	697524608.00
20160425	2.24	2.24	2.19	2.22	84057679	261229392.00
20160426	2.22	2.24	2.20	2.23	63041554	195739568.00
20160427	2.24	2.24	2.17	2.19	79148715	243586656.00
20160428	2.18	2.19	2.13	2.16	82391368	248661072.00
20160429	2.15	2.19	2.14	2.17	52182575	158557536.00
20160503	2.18	2.22	2.16	2.21	73033764	224576752.00
20160504	2.19	2.20	2.16	2.18	63825400	194937664.00
20160505	2.18	2.21	2.16	2.19	54572241	167008144.00
20160506	2.19	2.22	2.13	2.14	104624525	318468832.00
20160509	2.12	2.12	1.98	2.01	115921815	331433632.00
20160510	2.01	2.03	2.00	2.03	38411499	108558576.00
20160511	2.04	2.04	2.01	2.01	36192432	102407360.00
20160512	2.00	2.06	1.96	2.04	66958705	188822464.00
20160513	2.03	2.04	1.99	2.01	58943796	166637568.00
20160516	1.99	2.05	1.97	2.04	86523288	244500352.00
20160517	2.04	2.13	2.03	2.06	147160879	429420384.00
20160518	2.02	2.03	1.99	2.01	83749568	235228032.00
20160519	2.01	2.19	2.00	2.09	157308248	457909568.00
20160520	2.06	2.09	2.04	2.06	108839249	313784032.00
20160523	2.06	2.08	2.03	2.05	69670090	200114960.00
20160524	2.03	2.04	2.00	2.02	51851108	146644192.00
20160525	2.03	2.04	2.01	2.01	42553332	120510144.00
20160526	2.01	2.05	1.98	2.05	79466402	224349376.00
20160527	2.04	2.05	2.01	2.04	52271697	148621056.00
20160530	2.01	2.10	1.99	2.04	111225171	316711936.00
20160531	2.03	2.20	2.02	2.18	285426384	846712640.00
20160601	2.15	2.20	2.13	2.14	205314226	619236992.00
20160602	2.12	2.16	2.10	2.14	113559043	337769312.00
20160603	2.14	2.16	2.11	2.13	91965817	274580928.00
20160606	2.13	2.14	2.10	2.11	64593745	191543136.00
20160607	2.11	2.14	2.10	2.13	82230318	243994096.00
20160608	2.11	2.11	2.07	2.09	81836213	239231984.00
20160613	2.06	2.07	2.01	2.01	81186293	232294880.00
20160614	2.01	2.04	2.00	2.02	37368636	105622784.00
20160615	2.00	2.07	1.99	2.06	58234690	166475760.00
20160616	2.04	2.07	2.01	2.02	64390803	183899712.00
20160617	2.02	2.07	2.02	2.04	76337160	219116800.00
20160620	2.04	2.05	2.01	2.04	42557357	120714600.00
20160621	2.04	2.05	2.00	2.01	49049474	139044640.00
20160622	2.01	2.04	2.01	2.03	31969688	90637064.00
20160623	2.03	2.03	2.00	2.01	39834129	112200840.00
20160624	2.00	2.02	1.96	1.99	65234745	182012656.00
20160627	1.99	2.03	1.98	2.03	62725436	177044352.00
20160628	2.02	2.03	2.00	2.02	56758095	159869056.00
20160629	2.03	2.11	2.01	2.06	126937270	365045408.00
20160630	2.04	2.06	2.03	2.04	55589903	158973520.00
20160701	2.04	2.05	2.02	2.03	46665896	132951848.00
20160704	2.02	2.08	2.01	2.06	104258312	300786432.00
20160705	2.06	2.09	2.05	2.07	93091711	269896704.00
20160706	2.06	2.09	2.04	2.07	70542300	203624400.00
20160707	2.07	2.15	2.06	2.11	217527600	643228160.00
20160708	2.09	2.09	2.05	2.07	123565000	358393920.00
20160711	2.09	2.19	2.07	2.11	244171700	730041600.00
20160712	2.10	2.16	2.10	2.16	233329800	699698560.00
20160713	2.16	2.19	2.14	2.15	138719100	417779968.00
20160714	2.15	2.15	2.11	2.13	91687800	273210080.00
20160715	2.12	2.18	2.12	2.15	144370400	434701088.00
20160718	2.14	2.16	2.11	2.12	90778800	271371488.00
20160719	2.12	2.14	2.09	2.12	75159700	221890256.00
20160720	2.11	2.14	2.09	2.11	59742500	176780704.00
20160721	2.11	2.12	2.09	2.10	64536400	190329280.00
20160722	2.11	2.11	2.09	2.09	54009000	158428256.00
20160725	2.09	2.10	2.08	2.09	35674400	104413736.00
20160726	2.09	2.11	2.09	2.11	43832000	128632096.00
20160727	2.10	2.12	2.01	2.04	131393608	378565024.00
20160728	2.03	2.06	2.02	2.04	74959469	213632384.00
20160729	2.03	2.04	2.01	2.01	36075897	102235216.00
20160801	2.01	2.02	1.99	2.01	52019295	145891040.00
20160802	2.01	2.02	2.00	2.02	28774171	81170328.00
20160803	2.01	2.03	2.01	2.02	29694295	84021488.00
20160804	2.02	2.03	2.01	2.02	30930708	87371008.00
20160805	2.02	2.03	2.01	2.02	39029655	110518152.00
20160808	2.02	2.06	2.01	2.04	57581968	164448672.00
20160809	2.04	2.06	2.04	2.05	42587300	122239784.00
20160810	2.05	2.10	2.05	2.06	88000000	255706416.00
20160811	2.06	2.06	2.04	2.04	50470440	145095760.00
20160812	2.05	2.07	2.04	2.06	39982030	115156720.00
20160815	2.06	2.10	2.06	2.09	121937919	355274560.00
20160816	2.09	2.11	2.08	2.10	85492813	250618896.00
20160817	2.10	2.14	2.09	2.12	139154412	412916672.00
20160818	2.11	2.11	2.09	2.09	73917225	217508528.00
20160819	2.09	2.10	2.07	2.10	64392248	188216720.00
20160822	2.09	2.10	2.06	2.06	60409600	175379248.00
20160823	2.06	2.08	2.06	2.06	41306100	119514808.00
20160824	2.07	2.09	2.06	2.06	37792100	109667016.00
20160825	2.06	2.09	2.05	2.08	69850400	202786448.00
20160826	2.08	2.09	2.06	2.08	46148600	134029648.00
20160829	2.07	2.09	2.06	2.08	37751399	109667064.00
20160830	2.09	2.10	2.08	2.09	69268411	202599296.00
20160831	2.09	2.09	2.08	2.09	34218189	99959304.00
20160901	2.09	2.09	2.05	2.06	53423600	154849024.00
20160902	2.05	2.06	2.04	2.06	39172963	112758640.00
20160905	2.06	2.09	2.06	2.07	49792324	144840160.00
20160906	2.08	2.09	2.07	2.09	54444215	158669456.00
20160907	2.08	2.09	2.07	2.09	53268909	155394960.00
20160908	2.08	2.09	2.06	2.09	49327100	143612400.00
20160909	2.09	2.09	2.06	2.06	69533402	201595920.00
20160912	2.05	2.05	2.00	2.00	94923081	268481632.00
20160913	2.01	2.01	1.99	1.99	82809951	231771488.00
20160914	1.99	1.99	1.96	1.97	144558383	399105728.00
20160919	1.97	1.99	1.97	1.99	48396904	134618224.00
20160920	1.99	1.99	1.98	1.99	35454142	98412600.00
20160921	1.99	2.05	1.99	2.01	72659784	205484336.00
20160922	2.01	2.02	1.99	2.00	48685880	136620800.00
20160923	2.01	2.01	1.99	2.00	36763605	103114968.00
20160926	2.00	2.00	1.96	1.96	51996112	143621824.00
20160927	1.96	1.98	1.96	1.98	28891081	79411600.00
20160928	1.98	1.98	1.96	1.96	20774923	57182844.00
20160929	1.96	2.00	1.96	1.99	51179245	141992272.00
20160930	1.99	1.99	1.98	1.99	24738944	68712752.00
20161010	2.00	2.01	1.99	2.01	39265798	110264248.00
20161011	2.01	2.01	2.00	2.01	36872038	103583048.00
20161012	2.01	2.01	1.99	2.00	22558832	63108596.00
20161013	2.00	2.01	1.99	2.01	27784284	77841096.00
20161014	2.00	2.01	1.99	2.00	23289423	65039864.00
20161017	2.00	2.01	1.99	1.99	31839854	89084864.00
20161018	1.99	2.01	1.98	2.01	58678503	164433216.00
20161019	2.02	2.03	2.01	2.01	75380539	213130624.00
20161020	2.02	2.02	2.00	2.01	50609782	142449408.00
20161021	2.01	2.02	1.99	2.01	55249926	155333248.00
20161024	2.01	2.05	2.01	2.04	112971324	321340512.00
20161025	2.04	2.05	2.02	2.04	79445809	226411152.00
20161026	2.04	2.04	2.01	2.02	53106400	150730368.00
20161027	2.02	2.05	2.01	2.04	67327099	191226832.00
20161028	2.03	2.04	2.01	2.01	50158029	141925280.00
20161031	2.01	2.01	2.00	2.01	29535044	83023520.00
20161101	2.01	2.03	2.01	2.02	41253300	116399648.00
20161102	2.01	2.02	1.99	2.00	53622900	150351840.00
20161103	1.99	2.01	1.99	2.01	57364533	160647232.00
20161104	2.00	2.04	2.00	2.01	98936000	279208192.00
20161107	2.01	2.06	2.00	2.05	143604693	407763904.00
20161108	2.04	2.05	2.02	2.04	84196726	239327456.00
20161109	2.03	2.04	2.00	2.02	94759388	267876048.00
20161110	2.04	2.06	2.04	2.04	134513916	385101024.00
20161111	2.04	2.12	2.04	2.11	352646661	1029576704.00
20161114	2.09	2.11	2.07	2.11	213135688	625032960.00
20161115	2.10	2.14	2.08	2.09	148732684	437437888.00
20161116	2.07	2.16	2.06	2.14	406777100	1209374592.00
20161117	2.13	2.13	2.11	2.12	161270800	477916832.00
20161118	2.11	2.14	2.10	2.11	108666400	322200128.00
20161121	2.11	2.14	2.10	2.11	114557700	339795872.00
20161122	2.11	2.15	2.11	2.14	167943832	502591456.00
20161123	2.14	2.16	2.11	2.12	101154491	301503008.00
20161124	2.11	2.14	2.11	2.12	91680200	272503712.00
20161125	2.14	2.14	2.09	2.14	172758900	512616640.00
20161128	2.14	2.16	2.12	2.14	149050000	446304576.00
20161129	2.14	2.19	2.13	2.16	285636000	869041792.00
20161130	2.15	2.16	2.11	2.13	118658200	354947136.00
20161201	2.13	2.19	2.12	2.19	187748293	569961344.00
20161202	2.19	2.21	2.16	2.16	152353477	464076128.00
20161205	2.13	2.16	2.11	2.11	117903800	351497440.00
20161206	2.12	2.13	2.10	2.11	58917200	174115600.00
20161207	2.11	2.16	2.11	2.16	156476300	469002592.00
20161208	2.16	2.16	2.11	2.11	117791900	351791904.00
20161209	2.11	2.15	2.11	2.12	115871800	343863520.00
20161212	2.14	2.16	2.05	2.06	206053246	609641472.00
20161213	2.05	2.08	2.04	2.07	83568115	241203232.00
20161214	2.07	2.07	2.01	2.03	101446171	290766752.00
20161215	2.01	2.04	2.01	2.04	55941526	158843456.00
20161216	2.03	2.04	2.01	2.04	53356473	151462496.00
20161219	2.04	2.05	2.02	2.02	55753284	158820544.00
20161220	2.03	2.03	2.00	2.01	60642763	170695488.00
20161221	2.01	2.03	2.01	2.03	70177026	198392800.00
20161222	2.02	2.03	2.01	2.01	52148443	146992352.00
20161223	2.01	2.01	1.99	2.01	51380195	144042032.00
20161226	2.00	2.01	1.98	2.01	54378359	151634800.00
20161227	2.00	2.01	1.99	2.00	29679659	83301048.00
20161228	2.01	2.01	1.99	1.99	31189281	87149696.00
20161229	1.99	2.01	1.98	1.99	31461700	87826416.00
20161230	1.99	2.00	1.98	1.99	36529600	101796632.00
20170103	2.02	2.05	2.02	2.03	101009822	287190432.00
20170104	2.01	2.03	2.01	2.03	57528469	162697744.00
20170105	2.02	2.04	2.01	2.04	52459066	148706928.00
20170106	2.03	2.04	2.03	2.04	54541414	155376320.00
20170109	2.04	2.04	2.02	2.04	51974093	148002672.00
20170110	2.04	2.06	2.03	2.05	78606814	225589296.00
20170111	2.04	2.09	2.04	2.05	103783628	300131136.00
20170112	2.04	2.06	2.02	2.03	53950727	154003792.00
20170113	2.03	2.04	2.01	2.04	42122030	119447224.00
20170116	2.03	2.07	2.00	2.06	167749123	478670720.00
20170117	2.04	2.05	2.03	2.04	41411005	118228552.00
20170118	2.05	2.07	2.04	2.06	62704515	180659648.00
20170119	2.06	2.06	2.04	2.04	41130154	118145488.00
20170120	2.04	2.06	2.04	2.06	44485402	128055856.00
20170123	2.06	2.09	2.05	2.07	65875000	190709072.00
20170124	2.06	2.11	2.06	2.08	94716885	276372224.00
20170125	2.07	2.08	2.06	2.07	57293082	165919872.00
20170126	2.08	2.11	2.06	2.10	100979619	295891520.00
20170203	2.09	2.10	2.07	2.09	41265319	120343928.00
20170206	2.08	2.09	2.06	2.08	44108354	128082544.00
20170207	2.08	2.09	2.06	2.08	40684391	118065512.00
20170208	2.08	2.08	2.06	2.08	48842347	141444848.00
20170209	2.08	2.12	2.07	2.11	127348864	374546080.00
20170210	2.10	2.17	2.09	2.15	289839344	867956608.00
20170213	2.16	2.17	2.13	2.14	177041567	530285728.00
20170214	2.14	2.19	2.12	2.16	188919998	570953472.00
20170215	2.16	2.16	2.14	2.14	138038059	415589920.00
20170216	2.14	2.36	2.13	2.24	493083458	1555822848.00
20170217	2.21	2.23	2.18	2.19	262611332	809140416.00
20170220	2.19	2.23	2.19	2.21	157942500	488721152.00
20170221	2.22	2.25	2.21	2.23	126758629	395256832.00
20170222	2.22	2.27	2.21	2.26	170995289	537886912.00
20170223	2.25	2.27	2.21	2.24	139092888	437301344.00
20170224	2.23	2.25	2.21	2.24	99899100	311263328.00
20170227	2.24	2.26	2.23	2.24	123520900	388632640.00
20170228	2.23	2.25	2.22	2.22	85203154	266059632.00
20170301	2.22	2.24	2.19	2.22	74256614	230123872.00
20170302	2.22	2.26	2.21	2.21	89494971	279701952.00
20170303	2.20	2.24	2.19	2.21	85424341	264339584.00
20170306	2.21	2.25	2.21	2.25	85533627	268307232.00
20170307	2.25	2.26	2.23	2.24	56653100	177700240.00
20170308	2.24	2.26	2.24	2.25	82783197	260245168.00
20170309	2.24	2.25	2.21	2.23	63068689	196659216.00
20170310	2.22	2.24	2.21	2.22	36568904	113840000.00
20170313	2.22	2.23	2.20	2.21	67710926	209445120.00
20170314	2.21	2.23	2.21	2.21	51088028	158482016.00
20170315	2.21	2.24	2.20	2.23	68637952	213422800.00
20170316	2.23	2.24	2.22	2.24	59005553	184223632.00
20170317	2.24	2.24	2.19	2.19	88060883	272474752.00
20170320	2.19	2.20	2.16	2.17	66103000	201502720.00
20170321	2.17	2.18	2.15	2.16	45206900	136591936.00
20170322	2.14	2.16	2.14	2.14	51234804	153783936.00
20170323	2.14	2.19	2.14	2.16	62578898	189466496.00
20170324	2.16	2.23	2.15	2.20	156432900	480752000.00
20170327	2.19	2.20	2.17	2.18	46044745	140723664.00
20170328	2.18	2.21	2.17	2.19	67487472	206787808.00
20170329	2.19	2.22	2.19	2.20	68642196	211806944.00
20170330	2.19	2.20	2.14	2.15	88658320	267911680.00
20170331	2.15	2.17	2.15	2.16	42477492	128516944.00
20170405	2.16	2.21	2.16	2.21	74156277	227986304.00
20170406	2.20	2.22	2.19	2.21	70707105	218573936.00
20170407	2.21	2.22	2.19	2.21	74315858	229935984.00
20170410	2.21	2.25	2.21	2.22	101237919	315828128.00
20170411	2.21	2.24	2.18	2.23	121562800	375590336.00
20170412	2.21	2.36	2.19	2.26	266830700	844771776.00
20170413	2.26	2.26	2.24	2.25	112709098	354513184.00
20170414	2.25	2.37	2.24	2.31	314050326	1022567680.00
20170417	2.29	2.31	2.26	2.31	145675451	465504416.00
20170418	2.29	2.30	2.24	2.24	125616865	397192512.00
20170419	2.22	2.23	2.16	2.18	117571821	360411168.00
20170420	2.18	2.19	2.14	2.19	109231669	331612896.00
20170421	2.21	2.23	2.19	2.19	75762242	233816048.00
20170424	2.19	2.19	2.14	2.14	74069000	223577536.00
20170425	2.15	2.18	2.14	2.16	44964900	135871408.00
20170426	2.16	2.16	2.12	2.14	51824000	155421536.00
20170427	2.14	2.14	2.10	2.14	69806900	206996096.00
20170428	2.14	2.16	2.13	2.16	68515116	205874176.00
20170502	2.15	2.16	2.14	2.14	38211202	114870008.00
20170503	2.14	2.14	2.07	2.09	100974577	297620512.00
20170504	2.08	2.11	2.07	2.09	48689100	142708080.00
20170505	2.09	2.10	2.03	2.09	76285700	220929088.00
20170508	2.08	2.12	2.06	2.11	50758900	148208480.00
20170509	2.09	2.13	2.05	2.11	69597000	203549728.00
20170510	2.09	2.13	2.08	2.08	37571300	110714416.00
20170511	2.06	2.09	2.04	2.08	53461000	154257168.00
20170512	2.07	2.09	2.06	2.08	34309028	99822312.00
20170515	2.08	2.09	2.07	2.08	28590981	83362840.00
20170516	2.08	2.10	2.06	2.10	40470590	117777720.00
20170517	2.09	2.11	2.09	2.09	30034917	88289824.00
20170518	2.09	2.11	2.08	2.10	38921500	114115616.00
20170519	2.09	2.11	2.09	2.09	26779031	78525296.00
20170522	2.10	2.11	2.07	2.09	54586713	160426624.00
20170523	2.09	2.11	2.06	2.11	66594200	194759920.00
20170524	2.11	2.11	2.09	2.11	30720000	90400928.00
20170525	2.11	2.14	2.10	2.14	57066000	169926032.00
20170526	2.14	2.15	2.13	2.14	35948700	107487240.00
20170531	2.16	2.22	2.16	2.19	82623921	181280192.00
20170601	2.17	2.18	2.12	2.15	101315142	216763312.00
20170602	2.14	2.15	2.11	2.14	42297609	90258000.00
20170605	2.14	2.16	2.14	2.15	48944181	105160240.00
20170606	2.15	2.18	2.14	2.16	56530896	122556248.00
20170607	2.17	2.20	2.16	2.19	84841601	185047744.00
20170608	2.19	2.19	2.17	2.19	53808464	117306056.00
20170609	2.18	2.19	2.17	2.17	47175831	102603400.00
20170612	2.16	2.17	2.14	2.15	47234600	101625792.00
20170613	2.14	2.18	2.14	2.18	39786831	85975616.00
20170614	2.18	2.20	2.16	2.17	47975762	104584400.00
20170615	2.17	2.19	2.16	2.18	47919687	104177704.00
20170616	2.17	2.19	2.17	2.18	52347471	114206448.00
20170619	2.18	2.19	2.17	2.19	35908483	78292656.00
20170620	2.19	2.21	2.18	2.20	78708005	172658688.00
20170621	2.20	2.21	2.18	2.19	61763843	135623056.00
20170622	2.19	2.20	2.17	2.17	54450657	119230864.00
20170623	2.17	2.18	2.14	2.17	66163996	142740640.00
20170626	2.17	2.19	2.15	2.19	57901135	125856232.00
20170627	2.18	2.19	2.17	2.18	47573899	103789264.00
20170628	2.18	2.22	2.17	2.20	115869828	255058800.00
20170629	2.20	2.21	2.19	2.21	61733655	135805280.00
20170630	2.20	2.20	2.18	2.19	40091769	87888960.00
20170703	2.19	2.24	2.19	2.24	149219997	331830944.00
20170704	2.24	2.24	2.20	2.22	90476073	201027072.00
20170705	2.21	2.24	2.21	2.23	72155745	160600160.00
20170706	2.23	2.29	2.22	2.29	182321411	411662336.00
20170707	2.27	2.44	2.25	2.38	358895756	839066816.00
20170710	2.36	2.42	2.34	2.38	267217770	635957760.00
20170711	2.36	2.38	2.32	2.33	166991392	392306624.00
数据来源:通达信
