600095 哈高科 日线 前复权
      日期	    开盘	    最高	    最低	    收盘	    成交量	    成交额
20111010	6.93	7.13	6.86	6.92	3201329	22477908.00
20111011	7.16	7.16	6.78	6.87	3763660	26557352.00
20111012	6.78	7.29	6.75	7.24	7081169	50662192.00
20111013	7.20	7.33	7.18	7.32	8004793	58832880.00
20111014	7.27	7.38	7.20	7.31	5182916	38187416.00
20111017	7.28	7.88	7.28	7.73	17448640	132894240.00
20111018	7.62	7.80	7.49	7.74	21616986	166014816.00
20111019	7.69	7.78	7.43	7.77	19976244	154247872.00
20111020	7.72	7.88	7.56	7.85	22567509	175773568.00
20111021	7.80	8.60	7.63	7.84	32518656	262914112.00
20111024	7.77	7.83	7.25	7.79	18622349	142809808.00
20111025	7.68	8.01	7.48	7.83	20111833	156625712.00
20111026	7.73	7.76	7.56	7.65	15101855	116916752.00
20111027	7.65	8.11	7.54	8.05	23377667	186575472.00
20111028	8.13	8.28	7.95	8.12	21084725	172683968.00
20111031	8.06	8.15	7.93	8.13	12589047	102005656.00
20111101	8.04	8.27	7.99	8.07	11678024	95728992.00
20111102	7.93	8.12	7.78	8.08	11458363	91791432.00
20111103	8.13	8.28	8.03	8.08	15263665	125259648.00
20111104	8.08	8.13	7.93	8.06	11406614	92441808.00
20111107	8.05	8.11	7.85	7.86	9032174	72625824.00
20111108	7.86	7.97	7.73	7.75	8200116	64954312.00
20111109	7.76	7.91	7.72	7.84	6506481	51263888.00
20111110	7.75	7.78	7.56	7.56	9787393	75526224.00
20111111	7.56	7.68	7.45	7.60	7033461	53627776.00
20111114	7.63	7.78	7.63	7.77	7159040	55735244.00
20111115	7.77	7.83	7.71	7.82	5589298	43825564.00
20111116	7.81	8.00	7.72	7.74	13942846	110556600.00
20111117	7.87	8.19	7.87	7.90	19198402	155112944.00
20111118	7.73	7.78	7.28	7.33	12401523	93966960.00
20111121	7.29	7.36	7.22	7.31	4327252	31788102.00
20111122	7.27	7.29	7.11	7.23	4121932	29933882.00
20111123	7.23	7.29	7.15	7.17	3526071	25697852.00
20111124	7.13	7.13	6.91	7.03	5755794	40762584.00
20111125	7.03	7.14	6.97	7.13	4223332	30015204.00
20111128	7.09	7.18	7.00	7.00	3777807	26994290.00
20111129	7.03	7.16	7.03	7.12	4078178	29227464.00
20111130	7.12	7.12	6.63	6.72	6550677	45275288.00
20111201	6.90	6.98	6.76	6.82	5699650	39834412.00
20111202	6.75	6.90	6.75	6.83	3637726	25117072.00
20111206	6.59	6.77	6.39	6.57	4659044	30775292.00
20111207	6.57	6.66	6.45	6.48	2856195	18859888.00
20111208	6.48	6.57	6.42	6.49	2726937	17880808.00
20111209	6.41	6.52	6.37	6.39	2047474	13315978.00
20111212	6.38	6.48	6.00	6.04	6623875	41112272.00
20111213	6.00	6.02	5.55	5.57	6269902	36311616.00
20111214	5.55	5.70	5.43	5.47	5501047	30999460.00
20111215	5.47	5.47	5.14	5.20	5982892	31915752.00
20111216	5.20	5.35	5.16	5.35	4779632	25424880.00
20111219	5.33	5.36	5.17	5.31	4497857	24003644.00
20111220	5.29	5.42	5.28	5.30	4959665	26854792.00
20111221	5.36	5.38	5.11	5.12	4588618	24537072.00
20111222	5.04	5.08	4.71	4.93	8072502	39801420.00
20111223	4.93	5.06	4.88	4.97	4363970	21989032.00
20111226	4.94	5.03	4.90	4.96	5015215	25352040.00
20111227	4.95	4.96	4.84	4.90	3831232	19051908.00
20111228	5.05	5.13	4.76	4.97	8596217	43401196.00
20111229	4.82	4.95	4.74	4.87	4670969	23080052.00
20111230	4.86	5.07	4.86	5.01	3717637	18639276.00
20120104	5.07	5.08	4.78	4.80	4098351	20576350.00
20120105	4.78	4.79	4.48	4.53	4726183	22138980.00
20120106	4.51	4.62	4.39	4.60	3425543	15605950.00
20120109	4.58	4.85	4.53	4.84	4679912	22454568.00
20120110	4.84	5.09	4.80	5.07	9180214	46380616.00
20120111	5.08	5.27	5.01	5.16	10114032	52639860.00
20120112	5.11	5.26	5.09	5.13	7293417	38248168.00
20120113	5.19	5.19	4.83	4.84	7492146	37597912.00
20120116	4.79	4.89	4.70	4.71	3013545	14663586.00
20120117	4.71	5.02	4.69	5.00	5310425	26294680.00
20120118	5.04	5.08	4.89	4.91	5473599	27774812.00
20120119	4.91	5.02	4.85	4.98	3808049	19162368.00
20120120	4.94	5.07	4.94	5.02	3394335	17307144.00
20120130	5.05	5.13	4.99	5.04	5354129	27486572.00
20120131	5.04	5.05	4.95	5.03	2740688	13874267.00
20120201	5.03	5.11	5.00	5.06	3595590	18438292.00
20120202	5.09	5.16	5.06	5.16	6050073	31449268.00
20120206	5.35	5.61	5.26	5.37	16063939	88340992.00
20120207	5.32	5.33	5.19	5.23	6260826	33185732.00
20120208	5.21	5.36	5.16	5.36	6468204	34683908.00
20120209	5.35	5.44	5.29	5.40	7323741	39935460.00
20120210	5.40	5.45	5.34	5.42	6229221	34078140.00
20120213	5.36	5.59	5.31	5.55	10366175	57917992.00
20120214	5.56	5.57	5.43	5.51	7427385	41298156.00
20120215	5.49	5.73	5.44	5.66	12442377	70549288.00
20120216	5.63	6.11	5.61	5.84	19931563	118144576.00
20120217	5.79	5.87	5.65	5.75	9159576	53168008.00
20120220	5.81	5.82	5.67	5.70	7863398	45669324.00
20120221	5.71	5.75	5.53	5.73	7468433	42586552.00
20120222	5.73	5.81	5.66	5.80	7593493	44150568.00
20120223	5.78	5.87	5.73	5.84	8089894	47596516.00
20120224	5.82	5.89	5.77	5.86	8128106	47955524.00
20120227	5.86	6.01	5.86	5.87	10991674	66128360.00
20120228	5.82	5.86	5.68	5.77	8796935	51436864.00
20120229	5.75	5.76	5.63	5.64	5234420	30102776.00
20120301	5.62	5.73	5.60	5.68	4844043	27842600.00
20120302	5.71	5.81	5.69	5.80	5464648	31834834.00
20120305	5.85	5.87	5.76	5.80	6058730	35602264.00
20120306	5.79	5.79	5.64	5.66	5808188	33464216.00
20120307	5.60	5.79	5.58	5.70	7088764	41056808.00
20120308	5.71	5.90	5.68	5.90	9633585	56762296.00
20120309	5.93	5.98	5.84	5.91	10073319	60232492.00
20120312	5.91	6.11	5.90	6.01	12528836	76199000.00
20120313	6.03	6.12	5.93	6.06	10853549	66118952.00
20120314	6.10	6.11	5.58	5.65	13987874	83108304.00
20120315	5.63	5.69	5.38	5.48	8255116	46236824.00
20120316	5.53	5.98	5.51	5.92	11917940	69149128.00
20120319	5.92	6.33	5.85	6.22	28137811	175213040.00
20120320	6.17	6.22	5.98	6.12	12925691	79836888.00
20120321	6.13	6.43	6.01	6.42	20623007	130500072.00
20120322	6.40	6.52	6.20	6.25	13692107	87377344.00
20120323	6.21	6.21	5.93	6.05	10424453	63685560.00
20120326	6.02	6.06	5.87	6.01	5961193	35914984.00
20120327	6.04	6.07	5.92	5.93	5443415	33057150.00
20120328	5.89	5.89	5.66	5.67	8784294	51184252.00
20120329	5.57	5.89	5.57	5.59	11167224	64923048.00
20120330	5.59	6.16	5.58	6.16	17710047	108496312.00
20120405	6.38	6.51	6.10	6.41	39755694	254253888.00
20120406	6.33	6.77	6.26	6.54	37805749	250033232.00
20120409	6.43	6.67	6.35	6.61	27502716	181924832.00
20120410	6.51	7.11	6.21	6.98	33118465	222111936.00
20120411	6.77	7.31	6.70	7.07	44009965	313119744.00
20120412	6.93	7.12	6.83	6.99	31644002	222192528.00
20120413	6.99	7.03	6.79	6.86	26102065	181542656.00
20120416	6.77	7.55	6.69	7.55	31280995	234195968.00
20120417	7.93	8.21	7.20	7.22	69706946	544321024.00
20120418	7.03	7.91	6.78	7.58	53678707	399445856.00
20120419	7.45	7.65	7.01	7.26	37617038	276969760.00
20120420	7.13	7.64	7.08	7.32	33842514	252925696.00
20120423	7.21	7.64	7.14	7.39	29450454	221689360.00
20120424	7.23	8.14	7.13	8.14	43617097	337488800.00
20120425	8.96	8.96	8.56	8.96	30930608	277491968.00
20120426	9.86	9.86	8.71	8.74	90583572	854984192.00
20120427	8.40	8.51	7.94	7.96	49928187	413978368.00
20120502	7.97	8.28	7.67	8.09	40148025	323589824.00
20120503	7.94	8.23	7.91	7.99	28272417	229029856.00
20120504	7.84	8.11	7.73	7.77	28896094	230563296.00
20120507	7.63	7.89	7.57	7.74	19069095	148749632.00
20120508	7.72	8.00	7.68	7.80	21131421	166492592.00
20120509	7.66	8.07	7.62	7.96	25457617	201258192.00
20120510	8.03	8.26	7.74	7.78	22472294	180247040.00
20120511	7.76	7.98	7.65	7.71	17023872	134122296.00
20120514	7.76	7.90	7.64	7.71	10555482	82814320.00
20120515	7.65	7.81	7.15	7.42	19905570	149892592.00
20120516	7.44	7.53	7.23	7.26	11460265	85064832.00
20120518	7.36	7.63	6.86	7.01	20787511	151860960.00
20120521	6.88	7.08	6.81	7.02	10383150	72905472.00
20120522	7.03	7.12	6.98	7.05	7112827	50531620.00
20120523	7.00	7.26	6.98	7.13	14666831	105378776.00
20120524	7.13	7.13	6.93	6.96	9224821	65360752.00
20120525	6.92	7.04	6.88	6.93	7364397	51839816.00
20120528	6.92	7.21	6.88	7.17	13093401	93774704.00
20120529	7.13	7.17	6.99	7.12	12147159	86849520.00
20120530	7.11	7.14	7.04	7.07	7667258	54756520.00
20120531	7.01	7.04	6.88	6.96	9922412	69664776.00
20120601	6.95	7.10	6.82	6.82	21911702	153234688.00
20120604	6.53	6.61	6.33	6.34	15953138	103817568.00
20120605	6.38	6.40	6.26	6.32	6123220	39188916.00
20120606	6.37	6.37	6.14	6.21	6410904	40528720.00
20120607	6.28	6.32	6.16	6.29	7613860	48162372.00
20120608	6.30	6.36	6.19	6.20	5861112	37242048.00
20120611	6.21	6.34	6.07	6.26	8148232	51198312.00
20120612	6.22	6.29	6.17	6.19	5155629	32410568.00
20120613	6.19	6.34	6.19	6.32	6974252	44314360.00
20120614	6.28	6.31	6.11	6.16	6706785	42197064.00
20120615	6.12	6.20	6.01	6.08	6502000	40120240.00
20120618	6.12	6.14	6.03	6.08	5836800	35948036.00
20120619	6.07	6.21	6.01	6.15	7731574	47830344.00
20120620	6.12	6.22	6.06	6.07	6862559	42525392.00
20120621	6.05	6.20	5.96	6.08	8603630	52975768.00
20120625	6.00	6.05	5.73	5.75	7406075	44044876.00
20120626	5.74	5.91	5.69	5.86	5913927	34849756.00
20120627	5.89	5.99	5.81	5.83	4771874	28464936.00
20120628	5.82	5.98	5.74	5.76	6779752	40415204.00
20120629	5.69	5.71	5.43	5.69	5580937	31554424.00
20120702	5.66	5.80	5.66	5.76	3471954	20123440.00
20120703	5.74	5.83	5.70	5.73	3589241	20960650.00
20120704	5.73	5.78	5.63	5.68	3328033	19207340.00
20120705	5.69	5.69	5.46	5.50	3352212	18809408.00
20120706	5.52	5.55	5.34	5.51	4411839	24410652.00
20120709	5.46	6.07	5.38	6.00	23369165	138428688.00
20120710	6.00	6.00	5.78	5.81	10388488	61554984.00
20120711	6.06	6.07	5.54	5.65	14253253	82328008.00
20120712	5.54	5.72	5.41	5.66	7403628	41963204.00
20120713	5.63	5.66	5.51	5.53	5627341	31705820.00
20120716	5.53	5.57	5.07	5.11	8897975	47217388.00
20120717	5.05	5.33	5.04	5.27	4802271	25231144.00
20120718	5.23	5.33	5.14	5.33	4429256	23541194.00
20120719	5.30	5.64	5.27	5.59	11269694	62821796.00
20120720	5.53	5.80	5.35	5.43	12738116	71693368.00
20120723	5.38	5.39	5.15	5.26	6922050	37132020.00
20120724	5.22	5.50	5.11	5.43	8684785	47535144.00
20120725	5.36	5.55	5.34	5.55	10427351	57859276.00
20120726	5.56	5.62	5.48	5.56	6315504	35376168.00
20120727	5.56	5.90	5.49	5.61	22969138	131583632.00
20120730	5.61	5.61	5.13	5.18	11983396	64390460.00
20120731	5.13	5.22	5.03	5.06	6792435	35310736.00
20120801	5.06	5.22	5.04	5.17	4536742	23720244.00
20120802	5.17	5.19	5.04	5.09	4139650	21445888.00
20120803	5.08	5.15	5.04	5.15	3941553	20357660.00
20120806	5.12	5.29	5.09	5.26	5343693	28214656.00
20120807	5.25	5.45	5.21	5.41	8220396	44614360.00
20120808	5.36	5.41	5.32	5.38	7175910	38964896.00
20120809	5.36	5.46	5.31	5.44	8948804	48957900.00
20120810	5.43	5.70	5.39	5.49	12996524	72790288.00
20120813	5.43	5.47	5.22	5.23	8075566	43735144.00
20120814	5.19	5.48	5.11	5.37	7086889	38083160.00
20120815	5.34	5.34	5.22	5.24	4851627	25880914.00
20120816	5.23	5.26	5.17	5.22	2578458	13640873.00
20120817	5.22	5.28	5.18	5.28	2263085	12000385.00
20120820	5.27	5.33	5.17	5.31	2614973	13950733.00
20120821	5.31	5.40	5.25	5.37	4253105	23038272.00
20120822	5.38	5.42	5.27	5.35	4860880	26310948.00
20120823	5.33	5.40	5.25	5.36	4878586	26396044.00
20120824	5.36	5.47	5.30	5.39	8563101	46839160.00
20120827	5.38	5.38	5.07	5.10	5921825	31041158.00
20120828	5.06	5.18	5.05	5.13	3015384	15651222.00
20120829	5.11	5.15	5.07	5.09	2406534	12456179.00
20120830	5.09	5.13	4.84	4.93	4598011	23194820.00
20120831	4.89	4.97	4.88	4.90	2183082	10894898.00
20120903	4.90	4.99	4.81	4.97	2580925	12936617.00
20120904	4.97	5.00	4.87	4.88	2349249	11762914.00
20120905	4.87	4.95	4.83	4.90	2080529	10332186.00
20120906	4.92	5.08	4.90	5.01	3761338	19023474.00
20120907	5.02	5.23	5.01	5.18	7206921	37555244.00
20120910	5.18	5.30	5.13	5.25	6716422	35504868.00
20120911	5.21	5.21	5.13	5.19	4456402	23349908.00
20120912	5.19	5.30	5.15	5.26	6422699	34090580.00
20120913	5.26	5.37	5.19	5.20	11427531	61447756.00
20120914	5.23	5.34	5.20	5.29	8110753	43334992.00
20120917	5.31	5.46	5.02	5.03	11959219	63462108.00
20120918	4.97	5.03	4.93	4.95	4256799	21470916.00
20120919	4.95	5.04	4.95	5.00	2587828	13114734.00
20120920	5.01	5.07	4.91	4.93	4600585	23263774.00
20120921	4.91	4.98	4.86	4.87	3754828	18691438.00
20120924	4.93	5.04	4.91	4.97	4898941	24718596.00
20120925	4.93	4.97	4.86	4.87	3619809	17956544.00
20120926	4.87	4.90	4.68	4.70	3368617	16276373.00
20120927	4.73	4.82	4.64	4.76	3727069	17969860.00
20120928	4.72	4.92	4.70	4.86	4053404	19802694.00
20121008	4.87	4.88	4.77	4.84	2662692	13014807.00
20121009	4.86	5.18	4.83	5.11	11596722	59387032.00
20121010	5.08	5.10	5.03	5.10	6186556	31755060.00
20121011	5.06	5.15	5.00	5.00	4497926	23102706.00
20121012	5.00	5.49	5.00	5.24	26522208	141763840.00
20121015	5.18	5.24	4.99	5.23	11288695	58308960.00
20121016	5.13	5.31	5.12	5.24	7414117	39331948.00
20121017	5.23	5.26	5.12	5.21	4788023	25143956.00
20121018	5.20	5.37	5.17	5.28	18474640	98952200.00
20121019	5.21	5.23	5.14	5.17	8027138	42122924.00
20121022	5.15	5.16	5.08	5.14	4127280	21412130.00
20121023	5.17	5.24	5.09	5.10	4966135	26015708.00
20121024	5.07	5.19	5.07	5.13	3811784	19800728.00
20121025	5.13	5.18	5.06	5.06	3719000	19281496.00
20121026	5.05	5.07	4.83	4.85	5071399	25368396.00
20121029	4.85	4.90	4.81	4.83	1997896	9836644.00
20121030	4.84	4.88	4.81	4.85	2033887	9985834.00
20121031	4.85	4.86	4.76	4.81	2740036	13310916.00
20121101	4.81	4.96	4.81	4.94	3498150	17387788.00
20121102	4.94	5.01	4.91	5.00	3647816	18374612.00
20121105	5.03	5.06	4.96	4.99	2424939	12285550.00
20121106	5.00	5.01	4.85	4.93	2590346	12896975.00
20121107	4.93	4.99	4.92	4.94	2589497	13003487.00
20121108	4.90	5.11	4.85	4.86	4931125	24821846.00
20121109	4.81	4.89	4.77	4.79	3113670	15240731.00
20121112	4.80	4.89	4.80	4.89	2041470	10041974.00
20121113	4.89	4.91	4.79	4.80	2096700	10270511.00
20121114	4.85	4.91	4.78	4.87	2697402	13273877.00
20121115	4.83	4.95	4.73	4.74	2875575	14182483.00
20121116	4.76	4.79	4.64	4.70	2258724	10783746.00
20121119	4.69	4.79	4.67	4.79	2389557	11478834.00
20121120	4.81	4.81	4.73	4.77	1502362	7277302.00
20121121	4.73	4.80	4.67	4.79	2115002	10175316.00
20121122	4.76	4.98	4.73	4.92	8379387	41660004.00
20121123	4.92	5.00	4.86	4.88	5352683	26728920.00
20121126	4.86	4.90	4.81	4.86	2309822	11344751.00
20121127	4.86	4.87	4.67	4.70	2729425	13128741.00
20121128	4.69	4.73	4.57	4.69	3608198	17031152.00
20121129	4.74	4.77	4.65	4.71	2224649	10644214.00
20121130	4.68	4.78	4.65	4.75	4676742	22340812.00
20121203	4.70	4.75	4.53	4.67	4686815	22052958.00
20121204	4.62	4.70	4.53	4.66	4016920	18829488.00
20121205	4.63	4.98	4.62	4.91	10575192	52009252.00
20121206	4.89	4.89	4.79	4.83	5713876	28076966.00
20121207	4.83	5.11	4.80	5.05	17700163	89772096.00
20121210	5.07	5.52	4.99	5.42	33686286	180544736.00
20121211	5.28	5.38	5.25	5.32	28900370	155699376.00
20121212	5.28	5.73	5.19	5.59	29916557	164170144.00
20121213	5.44	5.58	5.39	5.51	27578270	152774656.00
20121214	5.47	6.02	5.36	5.66	33116806	189225856.00
20121217	5.59	5.86	5.46	5.53	20881641	117669600.00
20121218	5.55	5.71	5.38	5.44	16751152	94072024.00
20121219	5.48	5.52	5.29	5.34	12143525	65989512.00
20121220	5.37	5.44	5.31	5.37	8394501	45745444.00
20121221	5.36	5.45	5.28	5.31	8382770	45451224.00
20121224	5.29	5.38	5.28	5.37	5376623	29021532.00
20121225	5.40	5.56	5.35	5.49	11632728	64390836.00
20121226	5.49	5.54	5.40	5.48	8666840	47873432.00
20121227	5.48	5.51	5.32	5.32	8994347	49209176.00
20121228	5.28	5.41	5.28	5.35	7160914	38956296.00
20121231	5.35	5.50	5.34	5.46	7828069	43082256.00
20130104	5.51	5.55	5.25	5.33	8864436	48421708.00
20130107	5.28	5.38	5.26	5.36	4812555	25968496.00
20130108	5.36	5.46	5.28	5.44	8229772	44941288.00
20130109	5.42	5.54	5.38	5.48	11114313	61624388.00
20130110	5.51	5.56	5.42	5.46	8083196	44919020.00
20130111	5.46	5.48	5.21	5.22	9483517	51179052.00
20130114	5.16	5.33	5.16	5.32	7320811	39147256.00
20130115	5.30	5.42	5.30	5.40	8022537	43704692.00
20130116	5.42	5.43	5.25	5.32	6746756	36468008.00
20130117	5.32	5.35	5.26	5.28	4795691	25727178.00
20130118	5.31	5.38	5.29	5.37	5946229	32225692.00
20130121	5.38	5.43	5.34	5.43	7364520	40279008.00
20130122	5.43	5.44	5.29	5.32	5747714	31253792.00
20130123	5.32	5.67	5.20	5.58	18204761	100090328.00
20130124	5.52	5.62	5.40	5.45	14725663	82172608.00
20130125	5.43	5.47	5.22	5.27	6723615	36061060.00
20130128	5.23	5.35	5.23	5.34	4886215	26308794.00
20130129	5.34	5.38	5.29	5.36	5563301	30071308.00
20130130	5.35	5.42	5.26	5.41	6677396	36125340.00
20130131	5.43	5.45	5.33	5.34	3963571	21550142.00
20130201	5.36	5.44	5.29	5.42	6683657	36569380.00
20130204	5.42	5.63	5.42	5.53	13449869	75367120.00
20130205	5.51	5.67	5.47	5.64	13307498	75432400.00
20130206	5.63	5.64	5.50	5.54	7819460	44030948.00
20130207	5.55	5.55	5.43	5.49	5041160	27934556.00
20130208	5.49	5.54	5.47	5.53	3941774	22000688.00
20130218	5.53	5.58	5.48	5.53	5361841	29958984.00
20130219	5.54	5.55	5.36	5.36	6520876	35805012.00
20130220	5.35	5.45	5.32	5.44	4153700	22698662.00
20130221	5.38	5.42	5.28	5.31	5193662	28137672.00
20130222	5.32	5.38	5.29	5.34	3791833	20535040.00
20130225	5.34	5.43	5.33	5.43	4154299	22700496.00
20130226	5.39	5.51	5.38	5.40	5640311	31180788.00
20130227	5.40	5.44	5.34	5.36	2985405	16268932.00
20130228	5.37	5.49	5.37	5.48	5561178	30723284.00
20130301	5.51	5.55	5.44	5.54	8528998	47553848.00
20130304	5.52	5.52	5.30	5.32	6496681	35633096.00
20130305	5.29	5.40	5.26	5.38	4759967	25837006.00
20130306	5.38	5.62	5.36	5.55	9058957	50717728.00
20130307	5.51	5.92	5.49	5.80	20520270	118704432.00
20130308	5.73	5.79	5.60	5.61	11194887	64660056.00
20130311	5.60	5.69	5.56	5.61	5662782	32212748.00
20130312	5.73	6.18	5.72	6.06	48735091	299068512.00
20130313	5.88	6.33	5.81	6.04	40733920	252165760.00
20130314	5.93	6.00	5.73	5.85	18817547	111370776.00
20130315	5.86	5.86	5.60	5.65	14312599	82868336.00
20130318	5.63	5.81	5.59	5.71	10211477	59052076.00
20130319	5.70	5.74	5.35	5.50	12473656	69497704.00
20130320	5.44	5.62	5.44	5.59	9274475	51927944.00
20130321	5.54	5.67	5.54	5.59	7926621	44928032.00
20130322	5.59	5.72	5.48	5.71	11173371	63599728.00
20130325	5.68	5.77	5.64	5.76	8790083	50750992.00
20130326	5.73	5.96	5.57	5.80	13546699	79018048.00
20130327	5.80	5.98	5.74	5.93	14741859	87803256.00
20130328	5.88	5.90	5.61	5.62	11027034	64308140.00
20130329	5.63	5.69	5.50	5.52	7018001	39714772.00
20130401	5.47	5.60	5.47	5.51	4604604	25780004.00
20130402	5.52	5.59	5.37	5.40	5767872	31920644.00
20130403	5.42	5.48	5.34	5.46	3892797	21315544.00
20130408	5.41	5.41	5.08	5.38	6356085	33919776.00
20130409	5.38	5.52	5.34	5.44	5164823	28453542.00
20130410	5.42	5.46	5.23	5.29	4976753	26827230.00
20130411	5.31	5.35	5.20	5.20	5003485	26691532.00
20130412	5.19	5.23	5.13	5.18	3075370	16146765.00
20130415	5.16	5.21	5.08	5.13	2887888	15057161.00
20130416	5.08	5.15	5.00	5.14	3859958	19825744.00
20130417	5.13	5.17	5.06	5.11	2803811	14499745.00
20130418	5.03	5.12	5.03	5.09	2763699	14250637.00
20130419	5.09	5.24	5.09	5.22	4816809	25372276.00
20130422	5.21	5.29	5.14	5.22	4909053	25867676.00
20130423	5.22	5.22	5.06	5.07	3467800	18019000.00
20130424	5.03	5.13	5.03	5.11	2912110	15042401.00
20130425	5.10	5.15	4.88	4.91	5885538	29787000.00
20130426	4.93	4.95	4.79	4.79	4038392	19840692.00
20130502	4.81	4.86	4.76	4.80	1978513	9620884.00
20130503	4.81	4.92	4.81	4.88	2805987	13897126.00
20130506	4.89	4.96	4.88	4.95	3038460	15159838.00
20130507	4.98	5.01	4.91	4.94	3272707	16407020.00
20130508	4.93	5.02	4.93	4.98	3557215	17943176.00
20130509	4.99	5.00	4.88	4.92	3444229	17240754.00
20130510	4.92	5.00	4.84	5.00	3095377	15505003.00
20130513	5.00	5.10	5.00	5.04	4573122	23442358.00
20130514	5.01	5.19	4.96	5.10	7294906	37740280.00
20130515	5.06	5.09	5.00	5.08	4247944	21723796.00
20130516	5.07	5.10	5.01	5.09	4338990	22298656.00
20130517	5.09	5.18	5.03	5.14	6134593	31795716.00
20130520	5.14	5.21	5.11	5.18	7299886	38251088.00
20130521	5.21	5.33	5.17	5.29	9786510	52183480.00
20130522	5.27	5.30	5.14	5.16	6987450	36873296.00
20130523	5.14	5.24	5.12	5.14	5294060	27841778.00
20130524	5.17	5.19	5.11	5.17	4221542	22020116.00
20130527	5.16	5.56	5.14	5.48	14090030	75920592.00
20130528	5.41	5.64	5.38	5.53	18129145	101159136.00
20130529	5.47	5.63	5.41	5.44	8562485	47373708.00
20130530	5.44	5.44	5.30	5.39	4729090	25736470.00
20130531	5.39	5.49	5.37	5.39	5091161	28046552.00
20130603	5.38	5.45	5.35	5.40	3960491	21654840.00
20130604	5.41	5.42	5.16	5.22	5870325	31192560.00
20130605	5.22	5.23	5.16	5.20	2799435	14724941.00
20130606	5.20	5.20	5.04	5.05	3668355	19046452.00
20130607	5.04	5.10	4.93	4.94	3705232	18757496.00
20130613	4.93	4.93	4.77	4.82	3607083	17642122.00
20130614	4.85	4.89	4.82	4.88	2163146	10668787.00
20130617	4.88	4.94	4.85	4.90	2385383	11884069.00
20130618	4.93	4.98	4.87	4.90	2269971	11296934.00
20130619	4.89	4.89	4.78	4.88	2284466	11194633.00
20130620	4.84	4.87	4.69	4.73	2582957	12518453.00
20130621	4.68	4.78	4.60	4.75	2335102	11124902.00
20130624	4.78	4.78	4.28	4.38	3111700	14278943.00
20130625	4.33	4.54	4.03	4.46	4691247	20733984.00
20130626	4.44	4.48	4.34	4.42	3015036	13482325.00
20130627	4.43	4.45	4.27	4.29	3346220	14909669.00
20130628	4.29	4.37	4.20	4.26	2361640	10302541.00
20130701	4.24	4.34	4.22	4.32	2080180	9076588.00
20130702	4.31	4.36	4.29	4.35	2413366	10606230.00
20130703	4.35	4.35	4.21	4.27	2472089	10703598.00
20130704	4.27	4.36	4.20	4.33	2754214	12051461.00
20130705	4.34	4.58	4.32	4.48	5729187	25883368.00
20130708	4.49	4.75	4.34	4.57	9822133	45947416.00
20130709	4.51	4.64	4.45	4.52	4287530	19700158.00
20130710	4.50	4.78	4.45	4.72	6931276	32942370.00
20130711	4.66	4.79	4.62	4.73	7255123	34725880.00
20130712	4.69	4.75	4.59	4.59	4445423	21019868.00
20130715	4.60	4.66	4.58	4.61	3427691	16054204.00
20130716	4.69	4.70	4.62	4.65	3056508	14439030.00
20130717	4.61	4.64	4.51	4.51	3889095	18048888.00
20130718	4.49	4.49	4.33	4.37	3673536	16434397.00
20130719	4.39	4.42	4.26	4.27	2549418	11252520.00
20130722	4.25	4.32	4.18	4.32	1852890	8026742.00
20130723	4.32	4.42	4.27	4.42	2654940	11812173.00
20130724	4.41	4.42	4.30	4.39	3344337	14786517.00
20130725	4.39	4.44	4.33	4.34	3483970	15454372.00
20130726	4.37	4.42	4.29	4.33	2716860	11993041.00
20130729	4.29	4.37	4.21	4.22	2502063	10841458.00
20130730	4.24	4.29	4.15	4.23	2246437	9647654.00
20130731	4.24	4.29	4.22	4.26	1747880	7563143.00
20130801	4.26	4.38	4.26	4.36	3442316	15155092.00
20130802	4.39	4.40	4.33	4.36	2540318	11254761.00
20130805	4.39	4.43	4.33	4.42	2609654	11658961.00
20130806	4.42	4.50	4.41	4.45	2931541	13271157.00
20130807	4.44	4.57	4.43	4.45	3762258	17182918.00
20130808	4.46	4.50	4.40	4.47	3307875	14957724.00
20130809	4.47	4.55	4.43	4.50	3409806	15532566.00
20130812	4.50	4.73	4.48	4.65	10308977	48676936.00
20130813	4.66	4.68	4.56	4.66	6020723	28193994.00
20130814	4.66	4.67	4.57	4.60	4347539	20372572.00
20130815	4.55	4.72	4.55	4.63	6758491	31944286.00
20130816	4.63	4.65	4.45	4.48	5922961	27433048.00
20130819	4.48	4.53	4.42	4.52	3789177	17223214.00
20130820	4.50	4.62	4.47	4.62	5426927	25124008.00
20130821	4.77	4.98	4.76	4.78	23713795	116709136.00
20130822	4.65	4.88	4.63	4.85	12982290	62537224.00
20130823	4.79	4.85	4.72	4.77	7781661	37667824.00
20130826	4.79	4.86	4.75	4.84	6717948	32782028.00
20130827	4.84	4.85	4.77	4.81	4596656	22415332.00
20130828	4.80	4.80	4.68	4.69	5552520	26641834.00
20130829	4.68	4.82	4.65	4.74	4164039	19964482.00
20130830	4.73	4.80	4.68	4.69	4360721	20966024.00
20130902	4.67	4.70	4.58	4.69	3365056	15892452.00
20130903	4.68	4.86	4.68	4.85	7089365	34460304.00
20130904	5.01	5.10	4.89	4.92	14700395	74307256.00
20130905	4.94	4.98	4.81	4.83	6025415	29659232.00
20130906	4.78	4.87	4.77	4.81	4301612	20987242.00
20130909	4.82	4.97	4.80	4.88	7040754	34982000.00
20130910	4.90	4.91	4.80	4.87	6463063	31756856.00
20130911	4.88	4.92	4.78	4.88	7400068	36444768.00
20130912	4.88	5.28	4.83	5.20	25454631	131631600.00
20130913	5.16	5.43	5.10	5.27	25662319	136704560.00
20130916	5.23	5.37	5.14	5.37	14032075	74500152.00
20130917	5.29	5.49	5.12	5.16	13090385	70361032.00
20130918	5.15	5.20	5.05	5.10	5785905	29936224.00
20130923	5.10	5.37	5.07	5.25	8393622	44214120.00
20130924	5.26	5.59	5.24	5.51	25044844	138831952.00
20130925	5.46	5.46	5.25	5.29	15560090	84165152.00
20130926	5.28	5.29	5.06	5.08	9690471	50418864.00
20130927	5.08	5.18	5.04	5.13	5055459	26198828.00
20130930	5.18	5.20	5.12	5.18	4839097	25308168.00
20131008	5.18	5.30	5.08	5.20	6825905	35978824.00
20131009	5.20	5.21	5.11	5.20	6207592	32414592.00
20131010	5.21	5.35	5.19	5.26	11384858	60696124.00
20131011	5.25	5.32	5.21	5.32	9026702	48281368.00
20131014	5.31	5.36	5.27	5.32	8022500	43185056.00
20131015	5.32	5.33	5.14	5.21	9142375	48205396.00
20131016	5.20	5.20	4.94	4.98	7701802	39379336.00
20131017	4.98	5.07	4.95	4.97	4301911	21813770.00
20131018	4.96	5.04	4.91	4.99	3130289	15784214.00
20131021	4.99	5.12	4.99	5.10	4204666	21642836.00
20131022	5.08	5.11	5.01	5.03	3962531	20276448.00
20131023	5.04	5.07	4.89	4.90	4119374	20731524.00
20131024	4.91	4.98	4.87	4.95	2275953	11379320.00
20131025	4.97	4.97	4.85	4.86	2854939	14148710.00
20131028	4.89	4.90	4.80	4.82	2143915	10557178.00
20131029	4.82	4.86	4.41	4.60	5669798	26748288.00
20131030	4.60	4.66	4.50	4.66	2205205	10286519.00
20131031	4.65	4.67	4.60	4.61	1660262	7800873.00
20131101	4.60	4.69	4.60	4.66	1607065	7583801.00
20131104	4.69	4.72	4.63	4.68	1713816	8116082.00
20131105	4.66	4.72	4.62	4.71	2116855	10030840.00
20131106	4.69	4.77	4.66	4.71	2900835	13878452.00
20131107	4.71	4.88	4.68	4.83	5610113	27213948.00
20131108	4.82	4.84	4.75	4.77	2627210	12767883.00
20131111	4.76	4.77	4.68	4.74	1967274	9427028.00
20131112	4.78	4.81	4.71	4.81	1790668	8660981.00
20131113	4.80	4.81	4.68	4.74	2015797	9700158.00
20131114	4.71	4.81	4.71	4.78	2384877	11535155.00
20131115	4.78	4.99	4.74	4.98	7683923	38351320.00
20131118	4.97	5.26	4.94	5.05	11552668	59232764.00
20131119	5.02	5.17	4.98	5.01	6228068	31750926.00
20131120	5.01	5.02	4.93	5.02	3817497	19271892.00
20131121	5.01	5.05	4.87	4.98	3710111	18632764.00
20131122	4.97	5.02	4.89	4.94	3151382	15796585.00
20131125	4.94	4.97	4.87	4.87	2996254	14971188.00
20131126	4.87	4.93	4.87	4.89	2134519	10591728.00
20131127	4.87	4.94	4.86	4.93	2899619	14432125.00
20131128	4.93	5.00	4.91	4.92	4158749	20898248.00
20131129	4.94	4.97	4.91	4.97	2754716	13806860.00
20131202	4.88	4.98	4.68	4.73	4922728	24044100.00
20131203	4.71	4.80	4.68	4.79	1963664	9467727.00
20131204	4.79	4.89	4.75	4.83	2391426	11739703.00
20131205	4.83	4.87	4.81	4.82	2203044	10818466.00
20131206	4.83	4.83	4.77	4.79	2695834	13119538.00
20131209	4.79	4.89	4.78	4.88	2899148	14274782.00
20131210	4.89	4.89	4.82	4.88	2391470	11758661.00
20131211	4.85	4.85	4.74	4.78	2117840	10267331.00
20131212	4.75	4.81	4.74	4.77	1273311	6172130.00
20131213	4.76	4.83	4.76	4.81	1610414	7847261.00
20131216	4.92	5.04	4.84	4.85	7223616	36176584.00
20131217	4.85	4.91	4.75	4.78	2678207	13085248.00
20131218	4.92	5.25	4.91	4.99	13201729	67630544.00
20131219	4.93	5.07	4.87	4.98	6753102	33866936.00
20131220	4.93	5.20	4.90	5.15	14443192	74105432.00
20131223	5.11	5.15	4.98	5.10	9000389	46039492.00
20131224	5.06	5.13	4.94	4.98	5967166	30318122.00
20131225	4.93	5.01	4.90	4.97	3868471	19417944.00
20131226	4.93	4.95	4.76	4.76	5346989	26235928.00
20131227	4.77	4.77	4.66	4.73	5182518	24805632.00
20131230	4.74	4.76	4.68	4.70	3497647	16759552.00
20131231	4.68	4.75	4.64	4.73	3124868	14880520.00
20140102	4.74	4.76	4.69	4.75	2711620	13025751.00
20140103	4.73	4.77	4.66	4.67	2472396	11788494.00
20140106	4.67	4.67	4.48	4.49	2893350	13345849.00
20140107	4.43	4.56	4.43	4.51	1847039	8454646.00
20140108	4.53	4.55	4.48	4.49	1558086	7136503.00
20140109	4.50	4.53	4.44	4.44	1735754	7895366.00
20140110	4.44	4.44	4.31	4.33	2449542	10850848.00
20140113	4.35	4.50	4.34	4.41	3212000	14448701.00
20140114	4.43	4.48	4.37	4.47	2450498	11021083.00
20140115	4.47	4.47	4.39	4.43	1131559	5088012.00
20140116	4.42	4.46	4.39	4.42	1845940	8295959.00
20140117	4.41	4.43	4.31	4.32	1788920	7891905.00
20140120	4.32	4.37	4.31	4.32	1120652	4933305.00
20140121	4.31	4.37	4.31	4.36	1346123	5949981.00
20140122	4.38	4.48	4.38	4.47	2393985	10790870.00
20140123	4.48	4.48	4.42	4.44	2344064	10575702.00
20140124	4.43	4.51	4.40	4.49	2314118	10513802.00
20140127	4.48	4.48	4.42	4.46	1721958	7792813.00
20140128	4.44	4.46	4.39	4.43	1939570	8700851.00
20140129	4.43	4.46	4.40	4.45	2533882	11378407.00
20140130	4.44	4.45	4.40	4.41	1253599	5626907.00
20140207	4.38	4.44	4.36	4.44	1571946	7037159.00
20140210	4.45	4.59	4.45	4.57	4334871	19972604.00
20140211	4.57	4.64	4.54	4.61	3255245	15182783.00
20140212	4.63	4.68	4.56	4.67	3119848	14688084.00
20140213	4.67	4.67	4.57	4.58	3133966	14695466.00
20140214	4.59	4.69	4.57	4.66	2986494	14078913.00
20140217	4.67	4.72	4.64	4.71	4672300	22205090.00
20140218	4.71	4.72	4.64	4.67	3576946	16959416.00
20140219	4.67	4.75	4.65	4.73	4450792	21299256.00
20140220	4.72	4.77	4.65	4.67	4128635	19692726.00
20140221	4.68	4.80	4.57	4.63	3877035	18377540.00
20140224	4.63	4.63	4.47	4.54	3901346	17926200.00
20140225	4.53	4.57	4.39	4.44	3467887	15887900.00
20140226	4.44	4.53	4.40	4.46	2622415	11875980.00
20140227	4.44	4.53	4.41	4.42	2977988	13495021.00
20140228	4.40	4.47	4.38	4.46	2421230	10892487.00
20140303	4.53	4.56	4.48	4.53	3370457	15433422.00
20140304	4.50	4.58	4.48	4.56	2924819	13467132.00
20140305	4.58	4.61	4.53	4.57	3036382	14119931.00
20140306	4.57	4.57	4.47	4.53	2607262	11959030.00
20140307	4.51	4.56	4.47	4.49	2195100	10069861.00
20140310	4.50	4.50	4.34	4.36	2996886	13396947.00
20140311	4.39	4.45	4.33	4.38	2564792	11428532.00
20140312	4.37	4.42	4.30	4.41	2757474	12209652.00
20140313	4.44	4.76	4.44	4.63	10469804	49241632.00
20140314	4.53	4.58	4.48	4.55	5144904	23664188.00
20140317	4.57	4.69	4.56	4.64	4188496	19667448.00
20140318	4.65	4.67	4.59	4.60	3362613	15795649.00
20140319	4.61	4.77	4.55	4.75	7589879	36166224.00
20140320	4.68	4.80	4.56	4.59	6357407	30180792.00
20140321	5.06	5.06	5.01	5.06	16455766	84395424.00
20140324	5.06	5.37	4.99	5.21	38804504	204416928.00
20140325	5.12	5.35	5.04	5.27	23074659	121756840.00
20140326	5.20	5.25	5.09	5.16	12102163	63158928.00
20140327	5.11	5.22	4.96	5.07	14971129	76974232.00
20140328	5.03	5.15	4.92	4.94	9819892	49975972.00
20140331	4.93	4.96	4.78	4.83	6786033	33411096.00
20140401	4.83	4.89	4.80	4.88	5697746	28059080.00
20140402	4.87	4.94	4.84	4.87	5302614	26289072.00
20140403	4.85	4.89	4.79	4.87	6482971	31810244.00
20140404	4.85	4.97	4.81	4.93	6804099	33813844.00
20140408	4.90	4.93	4.84	4.92	6135743	30440268.00
20140409	4.94	5.02	4.88	5.01	7008611	35109472.00
20140410	4.98	5.00	4.90	4.92	6406736	32230946.00
20140411	4.88	4.90	4.81	4.84	5763306	28384864.00
20140414	4.85	4.92	4.82	4.92	3518675	17393948.00
20140415	4.88	5.02	4.88	4.93	5832196	29296552.00
20140416	4.90	4.96	4.85	4.95	3667136	18226762.00
20140417	4.94	4.98	4.91	4.94	4495284	22580342.00
20140418	4.94	4.94	4.86	4.89	3257375	16131722.00
20140421	4.84	4.90	4.78	4.79	3649321	17928574.00
20140422	4.79	4.85	4.74	4.81	2937537	14268403.00
20140423	4.81	4.85	4.78	4.85	1670876	8177299.00
20140424	4.84	4.86	4.75	4.76	2139529	10407554.00
20140425	4.77	4.79	4.61	4.64	3680747	17578098.00
20140428	4.61	4.63	4.43	4.44	3732472	17056088.00
20140429	4.46	4.56	4.44	4.54	2204228	10068020.00
20140430	4.48	4.60	4.48	4.59	2380995	10942360.00
20140505	4.56	4.58	4.48	4.55	3225491	14845828.00
20140506	4.55	4.58	4.54	4.56	1762026	8150202.00
20140507	4.55	4.55	4.48	4.49	2052490	9411903.00
20140508	4.46	4.57	4.46	4.49	1564808	7163220.00
20140509	4.50	4.54	4.44	4.47	1421154	6460788.00
20140512	4.50	4.60	4.49	4.59	2527539	11692382.00
20140513	4.61	4.65	4.55	4.62	2141057	9939693.00
20140514	4.61	4.70	4.60	4.62	1945899	9122735.00
20140515	4.64	4.64	4.51	4.55	1569155	7217447.00
20140516	4.55	4.59	4.48	4.59	1712365	7818866.00
20140519	4.58	4.60	4.52	4.59	1584362	7303962.00
20140520	4.62	4.65	4.55	4.59	1332887	6173379.00
20140521	4.61	4.61	4.47	4.57	1649207	7551607.00
20140522	4.57	4.61	4.53	4.54	2034204	9349001.00
20140523	4.54	4.57	4.52	4.56	1605061	7357390.00
20140526	4.56	4.85	4.55	4.73	6837376	32509228.00
20140527	4.68	4.77	4.65	4.69	3769891	17841448.00
20140528	4.71	4.74	4.66	4.71	2610192	12376291.00
20140529	4.71	4.78	4.67	4.68	2640685	12577323.00
20140530	4.67	4.71	4.63	4.66	2460001	11571104.00
20140603	4.64	4.69	4.63	4.65	1527801	7174913.00
20140604	4.65	4.68	4.53	4.58	2476930	11438829.00
20140605	4.55	4.61	4.55	4.60	1740230	8053678.00
20140606	4.60	4.66	4.58	4.60	1210125	5626366.00
20140609	4.60	4.66	4.58	4.63	1863269	8671313.00
20140610	4.62	4.69	4.60	4.66	1440938	6757594.00
20140611	4.67	4.84	4.61	4.77	7331185	35148688.00
20140612	4.73	4.78	4.69	4.74	3849099	18361630.00
20140613	4.71	4.79	4.68	4.75	2923778	13969395.00
20140616	4.77	4.81	4.74	4.76	2527256	12148669.00
20140617	4.76	4.76	4.68	4.69	1823966	8667043.00
20140618	4.68	4.79	4.67	4.71	2401661	11432748.00
20140619	4.73	4.73	4.46	4.57	3500228	16216591.00
20140620	4.56	4.63	4.51	4.60	1900928	8735862.00
20140623	4.60	4.65	4.57	4.63	1746639	8111266.00
20140624	4.72	4.83	4.70	4.76	6450924	31000120.00
20140625	4.74	4.81	4.69	4.74	3005198	14362371.00
20140626	4.73	4.81	4.73	4.77	4324687	20842446.00
20140627	4.78	4.87	4.76	4.82	4944234	24013548.00
20140630	4.84	4.92	4.78	4.86	5092631	24787076.00
20140701	4.84	4.90	4.80	4.86	4402507	21548248.00
20140702	4.83	4.91	4.81	4.89	4472281	21948132.00
20140703	4.87	5.07	4.87	4.96	10027947	50452576.00
20140704	4.92	5.02	4.92	4.98	4768697	23889654.00
20140707	4.97	5.00	4.86	4.90	4789111	23756322.00
20140708	4.86	4.92	4.85	4.90	3182381	15725087.00
20140709	4.88	4.90	4.79	4.79	5290418	25818096.00
20140710	4.79	4.93	4.77	4.88	4221724	20685536.00
20140711	4.85	4.98	4.85	4.95	4077817	20301512.00
20140714	4.96	5.00	4.90	4.97	4300796	21462436.00
20140715	4.97	4.97	4.87	4.94	4142622	20597954.00
20140716	4.94	5.14	4.94	5.03	10539465	53572096.00
20140717	5.03	5.06	4.89	4.95	3915342	19611344.00
20140718	4.97	5.01	4.91	4.96	4010085	20071028.00
20140721	4.99	5.04	4.95	4.98	3604863	18140532.00
20140722	4.98	5.02	4.95	5.00	4570718	22961448.00
20140723	4.97	4.99	4.88	4.90	4411458	21939876.00
20140724	4.89	4.96	4.87	4.90	4120331	20363704.00
20140725	4.89	4.96	4.89	4.96	4693642	23283100.00
20140728	4.99	5.03	4.96	5.02	7024858	35394600.00
20140729	5.03	5.13	5.00	5.09	8992235	46079900.00
20140730	5.08	5.26	5.04	5.21	14173169	73832504.00
20140731	5.19	5.23	5.09	5.22	9062504	47147336.00
20140801	5.23	5.31	5.09	5.11	10177882	53243116.00
20140804	5.09	5.24	5.08	5.23	8412407	43838028.00
20140805	5.23	5.41	5.20	5.34	16743697	89693552.00
20140806	5.31	5.35	5.24	5.30	6741477	35976648.00
20140807	5.27	5.33	5.18	5.18	6427216	33959752.00
20140808	5.16	5.36	5.16	5.29	12907346	68809472.00
20140811	5.30	5.41	5.24	5.36	10118770	54309416.00
20140812	5.36	5.37	5.28	5.34	5758590	30935976.00
20140813	5.39	5.42	5.22	5.37	9144446	48960684.00
20140814	5.34	5.38	5.25	5.31	5561280	29887408.00
20140815	5.31	5.58	5.25	5.45	12199606	67008512.00
20140818	5.48	5.61	5.41	5.55	10546602	58467844.00
20140819	5.52	5.64	5.48	5.62	10402700	58229196.00
20140820	5.64	5.80	5.53	5.58	15569334	88819872.00
20140821	5.61	5.76	5.50	5.75	14407983	81673160.00
20140822	5.73	5.86	5.69	5.82	13524384	78798016.00
20140825	5.79	5.83	5.70	5.79	8230380	47824124.00
20140826	5.79	5.79	5.53	5.56	8776399	49943712.00
20140827	5.55	5.71	5.51	5.64	6356659	36086680.00
20140828	5.65	5.75	5.55	5.63	7524622	42936988.00
20140829	5.66	5.81	5.65	5.79	8726014	50518696.00
20140901	5.80	5.96	5.72	5.93	12030054	70917976.00
20140902	5.96	6.05	5.80	6.00	12506373	74960968.00
20140903	5.99	6.08	5.94	6.01	7551363	45648936.00
20140904	6.02	6.05	5.96	5.98	8611302	51945232.00
20140905	5.96	6.00	5.88	5.99	7994479	47767900.00
20140909	6.02	6.16	6.02	6.12	10489511	64337924.00
20140910	6.06	6.20	6.01	6.11	8193606	50473048.00
20140911	6.12	6.24	6.08	6.10	10135067	62858248.00
20140912	6.10	6.29	6.06	6.26	11628311	72673184.00
20140915	6.24	6.45	6.24	6.37	10264387	65552316.00
20140916	6.40	6.50	6.12	6.14	14601202	92746264.00
20140917	6.11	6.35	6.10	6.34	10643642	66461432.00
20140918	6.31	6.54	6.30	6.42	11925363	77041936.00
20140919	6.37	6.52	6.37	6.52	7879448	51213948.00
20140922	6.52	6.62	6.44	6.59	10024318	65870000.00
20140923	6.56	7.25	6.53	7.11	34532876	246246384.00
20140924	6.96	7.07	6.89	7.01	17810046	125405704.00
20140925	7.01	7.21	6.94	7.07	14164823	100715896.00
20140926	7.01	7.16	6.99	7.06	10831592	76913560.00
20140929	7.11	7.46	7.08	7.32	17337372	127628920.00
20140930	7.33	7.36	7.20	7.31	8249286	60327612.00
20141008	7.31	7.34	7.06	7.30	11261335	81624816.00
20141009	7.30	7.32	7.08	7.17	11254295	81502208.00
20141010	7.14	7.16	6.91	6.99	13584952	95955728.00
20141013	6.99	6.99	6.78	6.99	9254113	64024588.00
20141014	6.94	7.10	6.90	7.02	8352032	58944860.00
20141015	6.98	7.51	6.98	7.45	23304156	171003888.00
20141016	7.30	7.65	7.22	7.24	20017710	149516432.00
20141017	7.20	7.38	6.98	7.09	10703568	76381904.00
20141020	7.15	7.15	7.01	7.14	6329804	45211592.00
20141021	7.13	7.31	7.08	7.12	6458925	46835036.00
20141022	7.08	7.27	6.84	6.91	8754450	62619616.00
20141023	6.88	7.06	6.66	6.71	9962890	68515760.00
20141024	6.71	6.82	6.57	6.59	6927825	46455176.00
20141027	6.55	6.72	6.45	6.70	4671196	30994836.00
20141028	6.66	6.88	6.66	6.87	6220747	42485780.00
20141029	6.87	6.99	6.85	6.90	7365444	51344756.00
20141030	6.90	6.97	6.84	6.86	6433980	44750912.00
20141031	6.88	6.94	6.81	6.87	5299836	36591120.00
20141103	6.86	6.95	6.82	6.91	7098503	49178060.00
20141104	6.90	7.17	6.87	7.10	11501706	81588128.00
20141105	7.10	7.13	6.98	7.04	5511889	39091668.00
20141106	7.04	7.32	6.91	7.16	11514841	82432880.00
20141107	7.10	7.25	7.02	7.04	11131844	79908224.00
20141110	7.03	7.10	6.90	6.98	7991965	56120360.00
20141111	6.98	7.01	6.59	6.66	8311265	56787396.00
20141112	6.66	6.84	6.63	6.83	4214135	28681906.00
20141113	6.91	6.91	6.66	6.66	6267852	42856520.00
20141114	6.66	6.70	6.56	6.68	4223146	28136372.00
20141117	6.70	6.73	6.50	6.71	4427126	29527648.00
20141118	6.70	6.81	6.63	6.81	5006199	33890772.00
20141119	6.81	6.85	6.77	6.84	3637032	24930708.00
20141120	6.80	6.82	6.66	6.74	4124013	28008592.00
20141121	6.76	6.83	6.67	6.82	3920158	26695354.00
20141124	6.86	7.02	6.84	6.90	7731706	53955304.00
20141125	6.91	7.00	6.84	6.99	6100645	42560904.00
20141126	6.96	6.96	6.87	6.94	7081137	49289048.00
20141127	6.95	7.37	6.91	7.20	18347768	131805440.00
20141128	7.17	7.20	6.97	7.03	10294477	73123504.00
20141201	7.03	7.06	6.76	6.84	11010235	76302112.00
20141202	6.83	6.94	6.80	6.88	7077426	49032712.00
20141203	6.90	7.01	6.79	7.01	14022000	97087792.00
20141204	7.03	7.11	6.95	7.08	14433947	101908696.00
20141205	7.08	7.08	6.57	6.76	14384049	98655104.00
20141208	6.71	6.81	6.59	6.81	12564484	84922560.00
20141209	6.66	6.92	6.59	6.64	14449413	98187792.00
20141210	6.64	6.84	6.59	6.78	6434377	43657848.00
20141211	6.75	6.93	6.72	6.92	7594250	52173472.00
20141212	6.94	7.16	6.94	7.10	16053177	113975160.00
20141215	7.08	7.31	7.00	7.25	13216023	95519208.00
20141216	7.19	7.26	7.07	7.16	9727293	69846864.00
20141217	7.14	7.14	6.80	6.88	11325374	79224768.00
20141218	6.92	7.01	6.85	6.97	7028044	48958048.00
20141219	6.96	6.96	6.62	6.82	10263183	69781328.00
20141222	6.75	6.75	6.26	6.48	10845923	71184576.00
20141223	6.43	6.43	6.11	6.20	8485079	53592072.00
20141224	6.21	6.36	6.20	6.35	6736441	42568532.00
20141225	6.35	6.76	6.31	6.67	9599787	63415820.00
20141226	6.63	6.69	6.54	6.55	6252297	41558188.00
20141229	6.55	6.61	6.34	6.41	6279765	40599848.00
20141230	6.46	6.51	6.13	6.16	9395823	59312460.00
20141231	6.17	6.25	6.09	6.23	5202433	32329060.00
20150105	6.26	6.39	6.23	6.32	5053171	32058212.00
20150106	6.32	6.38	6.18	6.37	7009627	44194108.00
20150107	6.34	6.39	6.24	6.32	5500768	34937696.00
20150108	6.32	6.42	6.29	6.38	5758169	36855808.00
20150109	6.37	6.41	6.24	6.24	5228538	33368300.00
20150112	6.25	6.28	6.04	6.05	4565695	28030846.00
20150113	6.04	6.21	6.03	6.18	2988446	18421290.00
20150114	6.17	6.21	6.10	6.13	2695310	16661556.00
20150115	6.16	6.22	6.11	6.17	4382600	27240938.00
20150116	6.20	6.25	6.13	6.25	5532100	34557404.00
20150119	6.23	6.42	6.11	6.18	12854529	81822184.00
20150120	6.26	6.47	6.26	6.45	9503925	61152888.00
20150121	6.45	6.65	6.43	6.55	11651589	76904640.00
20150122	6.55	6.62	6.47	6.60	10495700	69017072.00
20150123	6.51	6.66	6.49	6.56	7281877	48140616.00
20150126	6.56	6.81	6.54	6.70	13113916	87852648.00
20150127	6.70	6.93	6.63	6.90	21208624	145211808.00
20150128	6.85	6.95	6.75	6.78	12752512	87792728.00
20150129	6.72	6.81	6.68	6.71	6255628	42395632.00
20150130	6.66	6.71	6.46	6.54	7625245	50403724.00
20150202	6.52	6.71	6.44	6.63	7442905	49555292.00
20150203	6.63	6.74	6.59	6.72	4857424	32581960.00
20150204	6.70	6.82	6.65	6.71	7395769	50274364.00
20150205	6.76	6.80	6.65	6.65	4534400	30618648.00
20150206	6.67	6.71	6.47	6.52	4522730	29776756.00
20150209	6.54	6.54	6.34	6.42	4219348	27225946.00
20150210	6.41	6.44	6.36	6.43	2912949	18770852.00
20150211	6.46	6.65	6.40	6.60	4883742	31978152.00
20150212	6.59	6.66	6.51	6.65	4499128	29875690.00
20150213	6.64	6.91	6.64	6.76	10366222	70625776.00
20150216	6.76	6.86	6.74	6.79	7883954	53990976.00
20150217	6.80	6.87	6.75	6.86	10788278	73731624.00
20150225	6.85	7.08	6.82	7.03	13058182	91662824.00
20150226	6.96	7.08	6.96	7.04	6342167	44746824.00
20150227	7.06	7.08	6.95	6.98	8076037	56803528.00
20150302	6.99	7.22	6.99	7.22	13053814	93692776.00
20150303	7.17	7.40	7.13	7.22	14495123	106233848.00
20150304	7.19	7.95	7.16	7.78	26488604	203511280.00
20150305	7.91	8.56	7.91	8.56	39718616	331031936.00
20150309	8.96	9.36	7.96	8.93	67590235	599254848.00
20150310	8.87	9.83	8.77	9.83	42614843	404721792.00
20150311	10.36	10.82	10.23	10.82	32728198	350406784.00
20150316	10.81	11.91	10.16	11.91	75403803	874596480.00
20150317	12.36	13.11	12.31	13.11	39774538	517319456.00
20150318	14.06	14.43	12.97	13.73	102602312	1406574720.00
20150319	13.21	13.44	12.80	13.26	60981897	804251904.00
20150320	13.10	13.23	12.66	12.99	57767099	750284800.00
20150323	13.30	13.64	13.05	13.09	53681244	712639616.00
20150324	12.71	13.86	12.55	13.50	72242094	957315456.00
20150325	13.30	13.56	12.96	13.32	46637998	620081792.00
20150326	13.11	13.81	12.81	12.88	45137548	601195328.00
20150327	12.61	12.80	12.29	12.45	36143949	451382784.00
20150330	12.41	12.64	12.19	12.54	33249179	413607456.00
20150331	12.58	13.18	12.39	12.76	58641744	754781568.00
20150401	12.54	13.06	12.40	12.96	39376115	500884800.00
20150402	13.11	13.26	12.64	12.89	33037674	428525856.00
20150403	12.76	12.79	12.36	12.69	34523119	435954048.00
20150407	12.86	13.48	12.79	13.10	58555203	771994432.00
20150408	12.96	13.83	12.67	13.58	66283493	884315392.00
20150409	13.63	13.64	12.22	12.55	46630240	598021376.00
20150410	12.28	12.64	12.04	12.53	27996013	348370496.00
20150413	12.53	12.88	12.46	12.64	27396405	347162080.00
20150414	12.63	12.63	12.23	12.39	25952346	322198720.00
20150415	12.34	12.52	11.56	11.58	28660946	343245248.00
20150416	11.36	11.74	11.19	11.57	20064546	230787808.00
20150417	11.60	11.81	11.53	11.57	19871881	231754688.00
20150420	11.46	11.51	10.91	11.01	28585572	322988928.00
20150421	11.13	11.70	11.02	11.66	26635286	304766880.00
20150422	11.74	12.05	11.57	11.96	27505454	327054976.00
20150423	12.03	13.01	11.76	12.50	47078595	586759168.00
20150424	12.26	12.92	12.16	12.27	28241906	353523872.00
20150427	12.14	12.32	11.90	11.97	26938180	325305536.00
20150428	11.87	12.45	11.87	12.40	32035571	391859776.00
20150429	12.31	12.54	11.96	12.33	23096236	284505728.00
20150430	12.29	13.15	12.16	12.72	49374624	630833664.00
20150504	12.56	12.77	12.32	12.37	24896532	310968960.00
20150505	12.32	12.32	11.26	11.33	31651233	369920896.00
20150506	11.39	11.66	10.96	11.15	15632993	178545536.00
20150507	11.10	11.36	10.98	11.13	10922624	122719584.00
20150508	11.16	11.73	11.16	11.70	15369882	177314912.00
20150511	11.88	12.18	11.56	12.16	21655895	259595904.00
20150512	12.12	13.36	11.99	12.77	52000829	663482112.00
20150513	12.49	13.04	12.36	12.98	42472706	543532416.00
20150514	13.19	13.42	12.62	12.73	32802686	425997888.00
20150515	12.55	13.27	12.48	12.54	26533238	341377024.00
20150518	12.35	13.65	12.04	13.27	46791941	607023296.00
20150519	13.27	13.96	12.98	13.72	48675611	657595584.00
20150520	13.62	14.26	12.90	13.01	82114223	1114685568.00
20150521	12.87	13.19	12.66	13.15	44920109	582829248.00
20150522	13.17	13.62	12.91	13.48	42241366	560163392.00
20150525	13.35	14.83	13.23	14.83	40180060	575789888.00
20150526	15.46	16.32	15.16	16.00	80599062	1279743616.00
20150527	15.56	15.96	15.16	15.93	52565616	822397888.00
20150528	15.96	16.95	14.33	14.34	46782911	740564992.00
20150529	14.02	14.37	13.15	13.81	36068193	496771008.00
20150601	13.77	15.19	13.73	15.19	33436555	482617696.00
20150602	15.07	15.96	14.97	15.56	33945120	525918528.00
20150603	15.57	15.82	14.57	14.97	28958753	440853408.00
20150604	15.05	15.20	13.57	14.64	27838645	401521408.00
20150605	15.31	16.11	14.82	16.11	49906193	787831552.00
20150608	17.42	17.47	16.16	16.47	65880760	1107008128.00
20150609	16.77	18.12	15.97	18.12	63860592	1099373568.00
20150610	17.52	18.85	16.77	17.85	54354091	973529088.00
20150611	17.42	19.35	17.39	18.74	46048975	859783680.00
20150612	18.56	18.97	17.97	18.46	37927666	701937792.00
20150615	18.46	18.46	16.61	17.31	34792873	610828480.00
20150616	16.97	16.97	16.18	16.56	25181917	418164416.00
20150617	16.56	18.22	15.87	18.09	39833143	687600832.00
20150618	17.79	18.36	16.98	17.12	25600860	457442240.00
20150619	16.73	17.89	15.93	16.34	25402539	424965120.00
20150623	16.51	17.28	15.17	16.47	23784548	390498528.00
20150624	16.77	16.95	16.03	16.86	24866262	413612832.00
20150625	16.77	16.77	15.47	15.65	24871542	404277120.00
20150626	14.83	15.26	14.08	14.08	17993782	260539696.00
20150629	14.46	14.46	12.67	12.67	26899625	357070528.00
20150630	12.62	13.33	11.40	13.23	28039435	346815392.00
20150701	12.97	13.47	11.90	11.90	22461918	285972352.00
20150702	11.47	11.71	10.71	10.71	17582707	192794800.00
20150703	9.64	10.24	9.64	9.64	17016602	166055952.00
20150706	10.34	10.34	8.67	8.67	23450380	220146912.00
20150707	7.80	7.92	7.80	7.80	3404600	26676876.00
20150708	7.02	7.02	7.02	7.02	632600	4459830.00
20150709	6.32	7.73	6.32	7.73	43136023	305053888.00
20150710	7.87	8.51	7.72	8.51	37460984	314381440.00
20150713	8.96	9.36	8.62	9.36	37751177	343948384.00
20150714	9.37	10.15	8.87	9.27	51705863	493344000.00
20150715	8.93	9.04	8.34	8.34	22425956	193626816.00
20150716	7.55	8.69	7.50	8.11	26430678	213563120.00
20150717	8.13	8.92	8.13	8.72	24071218	206280432.00
20150720	8.85	9.27	8.48	9.02	27931197	250666720.00
20150721	8.95	9.84	8.57	9.60	36274270	340685344.00
20150722	9.47	9.67	8.98	9.43	27376355	257743184.00
20150723	9.27	10.09	9.24	10.00	38859869	381599968.00
20150724	10.05	10.31	9.65	9.75	39360154	395170912.00
20150727	9.47	9.82	8.77	8.77	27889586	260786256.00
20150728	8.01	8.66	7.89	8.02	29147024	237792960.00
20150729	8.30	8.67	7.85	8.63	18923840	155672240.00
20150730	8.56	8.86	8.20	8.28	18518023	160095776.00
20150731	8.06	8.47	7.87	8.10	12336774	100452432.00
20150803	8.12	8.20	7.29	7.46	14462530	111481120.00
20150804	7.53	8.21	7.47	8.21	24896975	198177200.00
20150805	8.25	8.44	7.92	8.11	20548309	169586256.00
20150806	7.90	8.67	7.80	8.42	25385844	213218864.00
20150807	8.37	8.87	8.37	8.84	26675665	232604848.00
20150810	8.87	9.73	8.80	9.73	33300166	311180512.00
20150811	9.72	9.92	9.45	9.65	33501975	325912992.00
20150812	9.41	9.70	9.23	9.30	24880643	235300880.00
20150813	9.21	9.69	8.89	9.67	26663288	250654352.00
20150814	9.72	10.31	9.63	9.84	38775810	386459392.00
20150817	9.83	10.52	9.69	10.37	40700792	412039680.00
20150818	10.29	10.47	9.33	9.33	34322274	338184672.00
20150819	8.95	9.57	8.42	9.44	27539112	248513248.00
20150820	9.25	10.39	9.16	10.09	79209858	806737024.00
20150821	9.67	9.73	9.08	9.24	62363760	578580608.00
20150824	8.35	9.28	8.31	8.54	56621845	491337728.00
20150825	7.98	8.47	7.68	7.68	31215262	246207216.00
20150826	7.68	8.45	6.97	8.43	67632646	544824960.00
20150902	7.58	8.32	7.58	7.77	54575989	425067552.00
20150907	7.67	8.52	7.47	8.32	73892438	594378112.00
20150908	8.27	9.16	8.00	9.16	78346347	668993024.00
20150909	9.27	10.08	9.17	10.08	94904565	922421312.00
20150910	9.77	9.97	9.25	9.41	67724150	657745408.00
20150911	9.22	9.93	9.15	9.67	50442177	486905568.00
20150914	9.70	9.79	8.70	8.70	38683823	353628192.00
20150915	7.85	8.22	7.83	7.83	38678223	306647392.00
20150916	7.87	8.62	7.62	8.59	39693543	323627936.00
20150917	8.37	9.33	8.05	8.64	54028337	473246784.00
20150918	8.64	9.51	8.49	9.51	62082604	563466432.00
20150921	9.51	10.46	9.21	10.39	90320679	894612480.00
20150922	9.97	10.33	9.85	10.05	69614322	703210048.00
20150923	9.67	11.06	9.60	10.98	97057617	1031143296.00
20150924	10.69	11.39	10.65	10.80	73390973	804403072.00
20150925	10.67	10.95	9.72	9.97	55300225	566063360.00
20150928	9.87	10.85	9.82	10.64	45328258	475526240.00
20150929	10.38	10.55	9.88	10.07	33653386	344475680.00
20150930	10.11	10.46	10.05	10.07	24029652	246555360.00
20151008	10.45	10.95	10.33	10.73	39423887	423845248.00
20151009	10.68	11.19	10.55	10.72	41852731	455891456.00
20151012	10.87	11.80	10.68	11.70	65059480	733964480.00
20151013	11.57	12.47	11.47	12.07	62866090	761371840.00
20151014	11.97	12.02	11.47	11.61	42758196	502892288.00
20151015	11.49	11.93	11.49	11.92	34663145	408383328.00
20151016	12.06	12.13	11.42	11.85	43840086	516432768.00
20151019	11.75	11.76	11.28	11.55	34560588	400207808.00
20151020	11.46	12.46	11.39	12.41	53968242	655027904.00
20151021	12.39	12.39	11.17	11.17	46001686	541858496.00
20151022	10.86	11.47	10.48	11.38	37665550	418650176.00
20151023	11.33	11.57	10.98	11.38	33753345	380178752.00
20151026	11.64	12.05	11.36	11.52	34445605	403375872.00
20151027	11.42	11.54	10.87	11.42	26302177	294671008.00
20151028	11.30	11.77	11.07	11.14	24657747	284285664.00
20151029	11.08	11.34	11.03	11.15	16524952	185050672.00
20151030	11.08	11.62	11.05	11.35	24595522	280409216.00
20151102	10.94	11.45	10.82	11.06	21275914	237303520.00
20151103	11.06	11.37	11.06	11.17	14194409	158829456.00
20151104	11.32	12.29	11.24	12.23	48956196	584556736.00
20151105	12.00	12.22	11.68	11.79	42734548	511021760.00
20151106	11.90	12.17	11.80	11.96	26960192	323885760.00
20151123	13.16	13.16	13.16	13.16	4919241	64884788.00
20151124	12.77	12.77	11.92	12.14	47726219	587589504.00
20151125	12.27	12.35	11.79	12.16	35251115	426153984.00
20151126	12.09	12.25	11.94	11.97	25532656	307653984.00
20151127	11.77	12.09	10.77	10.77	27795858	318314592.00
20151130	10.71	10.96	9.99	10.89	23446066	251476864.00
20151201	10.84	11.22	10.59	11.16	19472094	214724416.00
20151202	11.09	11.12	10.42	11.01	14858045	162420528.00
20151203	11.02	11.43	10.96	11.23	15436084	173632624.00
20151204	11.19	11.37	11.02	11.09	13568073	151529600.00
20151207	11.09	11.27	10.98	11.14	11459284	127921560.00
20151208	11.14	11.14	10.77	10.98	15417351	169043104.00
20151209	10.82	10.97	10.66	10.76	8041461	87218752.00
20151210	10.85	11.02	10.69	10.95	10894719	118535296.00
20151211	11.09	11.19	10.72	10.84	9447327	103545488.00
20151214	10.62	10.93	10.39	10.87	9194656	98115184.00
20151215	10.87	11.00	10.73	10.90	11218067	122141808.00
20151216	10.89	11.02	10.84	10.91	10303967	112850096.00
20151217	10.97	11.42	10.87	11.32	18929517	211933728.00
20151218	11.21	11.77	11.21	11.48	22058455	254830448.00
20151221	11.38	11.71	11.32	11.46	20712390	238404720.00
20151222	11.51	12.23	11.41	11.97	30288662	361106080.00
20151223	11.95	11.95	11.47	11.52	20304547	238065728.00
20151224	11.52	11.60	11.27	11.49	10605982	121335528.00
20151225	11.47	11.72	11.45	11.54	8843374	102673832.00
20151228	11.60	11.69	10.97	10.99	14702992	167542720.00
20151229	11.00	11.45	10.72	11.39	11360709	125111128.00
20151230	11.39	11.60	11.29	11.48	11594769	133259680.00
20151231	11.57	11.62	11.07	11.10	8265200	94483856.00
20160104	11.12	11.12	10.01	10.02	9576841	102156440.00
20160105	9.52	10.04	9.32	9.81	12244203	119391648.00
20160106	9.81	10.14	9.81	10.03	7938451	79382328.00
20160107	9.83	9.94	9.02	9.03	2036100	19118294.00
20160108	9.18	9.31	8.29	8.92	11148257	100450928.00
20160111	8.69	8.77	8.03	8.03	10989433	91810560.00
20160112	7.95	8.36	7.71	8.31	12047223	97636752.00
20160113	8.34	8.40	7.82	7.85	8215855	67522592.00
20160114	7.47	8.22	7.45	8.07	7139855	56068288.00
20160115	8.04	8.21	7.67	7.68	6045925	48267600.00
20160118	7.32	7.85	7.32	7.66	6854372	52668084.00
20160119	7.69	8.05	7.64	8.03	6927023	54751628.00
20160120	7.97	8.14	7.85	7.97	7975825	63928400.00
20160121	7.73	8.75	7.67	8.38	19298932	160291696.00
20160122	8.22	8.97	8.13	8.76	23051552	198222928.00
20160125	8.67	8.77	8.37	8.55	13423124	115538328.00
20160126	8.45	8.45	7.69	7.69	12661148	101621376.00
20160127	7.69	7.74	6.92	7.36	10916171	79938936.00
20160128	7.17	7.33	6.67	6.72	6660834	47105456.00
20160129	6.72	7.18	6.70	7.03	6517733	45546912.00
20160201	7.05	7.26	6.89	7.05	5642842	40201980.00
20160202	7.04	7.40	7.02	7.29	5933775	43340088.00
20160203	7.27	7.54	7.22	7.50	7815345	58300020.00
20160204	7.44	7.88	7.41	7.79	10052633	77055728.00
20160205	7.77	7.90	7.53	7.54	5795421	44856948.00
20160215	7.27	7.51	7.10	7.42	4690409	34551944.00
20160216	7.51	7.92	7.48	7.85	6010753	46661452.00
20160217	7.85	8.05	7.69	8.01	8944349	70973112.00
20160218	8.03	8.13	7.90	7.93	6916294	55570944.00
20160219	7.91	8.13	7.88	7.99	5846045	46943608.00
20160222	8.08	8.30	8.08	8.19	8433256	69329952.00
20160223	8.13	8.21	7.90	8.05	7043418	56843848.00
20160224	7.97	8.24	7.93	8.21	6514646	52878620.00
20160225	8.16	8.44	7.68	7.85	20559132	167789472.00
20160226	7.99	8.64	7.75	8.64	36172610	306892864.00
20160229	8.46	8.72	7.77	8.42	30467580	244517856.00
20160301	8.09	8.45	7.87	8.23	17545187	144663328.00
20160302	8.16	8.82	8.01	8.73	22887014	194289504.00
20160303	8.65	8.94	8.52	8.57	20736246	181308000.00
20160304	8.45	8.55	7.92	8.00	13774133	113603064.00
20160307	8.08	8.80	8.03	8.79	19498774	166054656.00
20160308	8.74	8.74	8.15	8.51	16217353	137164416.00
20160309	8.27	8.42	8.15	8.18	9264273	76792056.00
20160310	8.23	8.35	7.84	7.86	8764313	71031136.00
20160311	7.72	7.84	7.52	7.79	6767269	52292624.00
20160314	7.86	8.21	7.86	8.11	7810549	63188888.00
20160315	8.03	8.15	7.99	8.05	5158951	41750792.00
20160316	8.22	8.45	8.03	8.09	7973765	65684928.00
20160317	8.02	8.40	8.02	8.29	10320908	85381296.00
20160318	8.25	8.64	8.20	8.48	15895658	134710448.00
20160321	8.49	8.70	8.48	8.67	13723472	118273816.00
20160322	8.61	9.06	8.49	9.02	19712643	174308496.00
20160323	8.90	9.05	8.72	8.97	10475198	93641160.00
20160324	8.94	9.46	8.84	8.96	17426433	160743552.00
20160325	8.96	9.36	8.90	9.29	13121141	120891840.00
20160328	9.28	9.86	9.19	9.57	22035903	212379696.00
20160329	9.50	9.61	9.02	9.07	12998182	120737472.00
20160330	9.18	9.47	9.18	9.42	11790086	110837784.00
20160331	9.43	9.59	9.34	9.47	9790106	93165008.00
20160401	9.37	9.57	9.10	9.55	10604442	98921512.00
20160405	9.52	9.92	9.42	9.77	11180599	109100424.00
20160406	9.69	10.00	9.65	9.88	9608095	94661376.00
20160407	9.88	10.30	9.76	10.04	13275538	133425184.00
20160408	9.97	10.04	9.07	9.40	29755393	283016928.00
20160411	9.23	9.56	9.23	9.46	18698937	176417440.00
20160412	9.40	9.52	9.03	9.27	16515932	153334528.00
20160413	9.25	9.68	9.25	9.46	14761662	140655824.00
20160414	9.51	10.31	9.51	10.07	20351711	203552320.00
20160415	9.99	10.35	9.86	10.12	14869672	150179376.00
20160418	10.02	10.32	9.91	10.15	13761853	140187376.00
20160419	10.19	10.25	9.86	10.04	10295501	103443344.00
20160420	10.00	10.14	9.15	9.68	18235522	175251392.00
20160421	9.59	10.30	9.50	10.08	18990982	189825840.00
20160422	9.95	9.96	9.67	9.89	12455863	122653536.00
20160425	9.80	9.82	9.53	9.68	8387696	81394056.00
20160426	9.68	10.27	9.65	10.23	14556350	146334320.00
20160427	10.27	10.55	10.05	10.12	15821964	163159584.00
20160428	10.12	10.31	9.77	10.24	12421268	125326520.00
20160429	10.21	10.35	10.07	10.16	8691286	89012792.00
20160503	10.11	10.51	9.95	10.44	14540092	149827344.00
20160504	10.27	10.39	10.20	10.24	11179937	115178656.00
20160505	10.19	10.28	10.00	10.17	9257043	93927728.00
20160506	10.14	10.22	9.77	9.96	15658642	156826800.00
20160509	9.69	9.72	9.06	9.11	14272331	133896232.00
20160510	9.12	9.52	9.12	9.48	10244841	96121632.00
20160511	9.57	9.82	9.53	9.62	11129300	108281936.00
20160512	9.46	9.68	9.02	9.36	8200265	77328224.00
20160513	9.43	9.58	9.22	9.37	4469595	42181984.00
20160516	9.45	9.62	9.37	9.59	4582653	43683940.00
20160517	9.54	9.77	9.50	9.67	5079866	49079280.00
20160518	9.57	9.71	9.23	9.45	4821780	45697232.00
20160519	9.45	9.62	9.37	9.43	3607126	34339376.00
20160520	9.33	9.52	9.25	9.50	2784643	26256866.00
20160523	9.47	9.64	9.41	9.63	4243037	40711756.00
20160524	9.62	9.63	9.47	9.53	4298483	41089608.00
20160525	9.54	9.68	9.54	9.64	5635027	54323100.00
20160526	9.67	9.72	9.30	9.50	4201917	39960688.00
20160527	9.42	9.61	9.40	9.45	3572339	34078192.00
20160530	9.40	9.40	9.11	9.29	3632658	33785872.00
20160531	9.21	9.60	9.21	9.58	4208817	40143992.00
20160601	9.61	9.85	9.58	9.64	6311257	61621252.00
20160602	9.59	10.02	9.58	9.98	7806813	76711936.00
20160603	10.12	10.19	9.84	9.87	5985306	59669164.00
20160606	9.76	10.01	9.76	9.91	4778084	47247188.00
20160607	9.99	10.00	9.76	9.83	3021555	29834680.00
20160608	9.79	9.83	9.47	9.67	4856112	46897772.00
20160613	9.45	9.55	9.23	9.25	4247551	40066200.00
20160614	9.17	9.25	9.08	9.18	3550456	32646196.00
20160615	9.17	9.47	9.08	9.38	3704819	34771976.00
20160616	9.38	9.47	9.16	9.20	4003832	37141752.00
20160617	9.20	9.45	9.17	9.44	5468131	51421696.00
20160620	9.28	9.76	8.57	9.58	15784128	146010208.00
20160621	9.47	9.62	9.12	9.19	10186462	95094488.00
20160622	9.17	9.22	8.97	9.20	5540545	50509348.00
20160623	9.19	9.21	9.07	9.13	3484676	31979600.00
20160624	9.13	9.45	9.07	9.31	9194525	85095032.00
20160627	9.25	9.39	9.18	9.35	4825795	44932092.00
20160628	9.35	9.42	9.22	9.36	4788388	44863704.00
20160629	9.37	9.76	9.30	9.66	10800545	103258736.00
20160630	9.62	10.12	9.46	9.90	14792717	145508704.00
20160701	9.87	9.94	9.65	9.66	8649118	84779856.00
20160704	9.57	9.63	9.31	9.61	9361989	88852208.00
20160705	9.68	9.78	9.51	9.60	5596436	53897736.00
20160706	9.59	9.68	9.51	9.60	5071600	48765760.00
20160707	9.59	9.65	9.42	9.55	5006500	47907184.00
20160708	9.54	9.64	9.49	9.57	2932500	28105816.00
20160711	9.54	9.73	9.49	9.50	4072000	39166888.00
20160712	9.54	9.54	9.32	9.51	4150900	39244008.00
20160713	9.57	9.64	9.51	9.60	4727900	45359456.00
20160714	9.65	9.87	9.57	9.74	7111200	69396872.00
20160715	9.68	9.73	9.55	9.66	3463400	33395190.00
20160718	9.64	9.68	9.49	9.56	2704400	25927124.00
20160719	9.56	9.61	9.50	9.60	2560700	24480686.00
20160720	9.62	9.91	9.56	9.79	7736800	75515880.00
20160721	9.78	9.85	9.68	9.71	4571100	44593840.00
20160722	9.74	9.86	9.69	9.83	5932700	58069012.00
20160725	9.80	10.20	9.77	9.94	11565800	115871952.00
20160726	9.90	10.01	9.84	9.94	5685000	56364212.00
20160727	9.94	9.94	9.07	9.38	10956008	104056200.00
20160728	9.33	9.42	9.19	9.30	3828206	35603312.00
20160729	9.33	9.40	9.15	9.22	2969553	27524216.00
20160801	9.17	9.28	9.05	9.23	2997619	27416548.00
20160802	9.23	9.28	9.10	9.23	2987945	27455068.00
20160803	9.23	9.32	9.11	9.31	5000506	46349892.00
20160804	9.29	9.33	9.17	9.31	2121625	19674428.00
20160805	9.31	9.33	9.15	9.15	2160658	19951448.00
20160808	9.16	9.38	8.95	9.28	3987786	36628688.00
20160809	9.25	9.37	9.25	9.34	3966400	36996440.00
20160810	9.39	9.46	9.33	9.42	2951600	27776504.00
20160811	9.41	9.41	9.15	9.15	2684415	24885160.00
20160812	9.12	9.31	9.12	9.27	1853839	17129264.00
20160815	9.29	9.43	9.27	9.40	3653548	34319208.00
20160816	9.43	9.43	9.24	9.42	4261762	39920544.00
20160817	9.40	9.45	9.34	9.38	2638620	24765244.00
20160818	9.40	9.57	9.38	9.48	4410659	41835408.00
20160819	9.44	9.47	9.31	9.43	3064180	28778392.00
20160822	9.43	9.52	9.31	9.31	2542900	23915596.00
20160823	9.31	9.41	9.27	9.38	2336800	21851572.00
20160824	9.47	9.47	9.29	9.35	2590800	24334488.00
20160825	9.31	9.33	9.12	9.27	2696900	24887614.00
20160826	9.29	9.37	9.24	9.28	2616600	24333908.00
20160829	9.33	9.37	9.22	9.37	2466295	23030728.00
20160830	9.36	9.43	9.33	9.37	2243374	21068276.00
20160831	9.37	9.44	9.27	9.42	2614827	24561352.00
20160901	9.37	10.36	9.37	10.26	33957196	344725440.00
20160902	10.09	10.12	9.82	9.94	19664895	195579552.00
20160905	9.82	10.13	9.81	9.98	11631610	116160928.00
20160906	9.75	10.16	9.75	9.94	11772917	117467024.00
20160907	9.89	10.08	9.82	10.01	8576515	85539096.00
20160908	9.95	10.09	9.95	10.01	5365400	53780852.00
20160909	10.01	10.07	9.94	10.05	5452400	54598656.00
20160912	9.93	10.46	9.74	9.95	9511815	96306680.00
20160913	9.94	10.34	9.94	10.22	8616827	87615200.00
20160914	10.15	11.24	10.12	11.13	20558309	220447520.00
20160919	10.89	10.97	10.69	10.91	11496978	124512472.00
20160920	10.82	10.84	10.57	10.74	8701390	92935632.00
20160921	10.67	10.70	10.51	10.60	5393460	57219624.00
20160922	10.62	10.87	10.56	10.61	6586564	70624832.00
20160923	10.57	11.47	10.49	11.24	13963030	153171904.00
20160926	11.09	11.27	10.89	10.93	10922833	120516048.00
20160927	10.92	11.22	10.80	11.17	7615342	83824272.00
20160928	11.09	11.49	11.00	11.20	7378872	82904656.00
20160929	11.10	11.31	11.01	11.19	6516667	72740344.00
20160930	11.11	11.34	11.07	11.19	5993820	67016252.00
20161010	11.14	11.27	10.61	10.85	8169189	88649408.00
20161011	10.85	10.99	10.78	10.86	6309497	68654312.00
20161012	10.79	10.96	10.75	10.83	5575727	60376272.00
20161013	10.89	10.90	10.77	10.83	3674400	39851184.00
20161014	10.87	11.14	10.81	11.06	9161676	100982768.00
20161017	11.06	11.23	10.62	11.08	10224307	111637536.00
20161018	10.99	11.18	10.92	11.12	6540994	72487584.00
20161019	11.19	11.21	10.93	10.98	4611880	50865784.00
20161020	10.98	11.01	10.72	10.82	4698400	50829244.00
20161021	10.80	11.14	10.73	11.12	5418479	59085264.00
20161024	11.13	11.52	10.97	11.22	8754942	98377648.00
20161025	11.18	11.79	11.08	11.53	16259359	185482176.00
20161026	11.49	11.53	11.20	11.25	5924577	66967688.00
20161027	11.20	11.35	11.09	11.33	3720661	41739824.00
20161028	11.23	11.33	11.06	11.08	3625072	40418240.00
20161031	11.03	11.21	11.01	11.17	3725510	41477316.00
20161101	11.16	11.27	11.11	11.20	3390600	37996252.00
20161102	11.15	11.19	10.92	10.95	4327200	47916752.00
20161103	10.93	11.23	10.89	11.14	5151135	56991984.00
20161104	11.14	11.22	11.10	11.11	3580100	39940944.00
20161107	11.08	11.44	11.08	11.39	5386124	60951876.00
20161108	11.39	11.56	11.25	11.39	5137404	58555236.00
20161109	11.41	11.57	11.18	11.26	5874483	66928272.00
20161110	11.33	11.55	11.28	11.39	4730274	54100340.00
20161111	11.42	11.87	11.39	11.55	8731980	101871648.00
20161114	11.50	11.78	11.29	11.73	8122203	93030504.00
20161115	11.66	11.68	11.48	11.54	4404535	51054076.00
20161116	11.52	11.71	11.38	11.42	4846800	55795860.00
20161117	11.44	11.57	11.36	11.44	3444300	39536664.00
20161118	11.45	11.64	11.40	11.60	5046600	58309640.00
20161121	11.61	12.15	11.60	11.84	11342300	134745600.00
20161122	11.76	12.24	11.76	12.13	13601572	164291840.00
20161123	12.13	12.86	12.05	12.49	22379634	278109344.00
20161124	12.49	12.64	12.25	12.36	10004000	124131336.00
20161125	12.42	12.61	11.89	12.49	9316700	114964288.00
20161128	12.43	13.15	12.43	12.98	11410600	146942304.00
20161129	12.94	13.14	12.76	12.82	7308800	94156384.00
20161130	12.65	12.99	12.57	12.63	9577900	121694064.00
20161201	12.70	13.07	12.70	12.98	13817772	178942928.00
20161202	12.99	13.09	12.88	13.00	9006253	116824176.00
20161205	12.91	13.28	12.91	13.00	8558600	111894976.00
20161206	13.00	13.19	12.85	13.04	8695800	113463256.00
20161207	13.08	14.04	13.01	13.54	21040300	285044288.00
20161208	13.39	13.41	12.39	12.54	35544600	459142560.00
20161209	12.39	12.97	12.21	12.85	12324000	156780992.00
20161212	12.86	13.29	12.86	13.10	24254932	317815328.00
20161213	13.06	13.06	12.17	12.89	10892630	137882448.00
20161214	12.76	13.19	12.70	13.00	12133896	157530640.00
20161215	13.07	13.51	12.93	13.41	12325549	163097568.00
20161216	13.34	13.67	13.15	13.32	13067511	175233488.00
20161219	13.26	13.50	12.95	13.25	6143854	81086808.00
20161220	13.36	13.36	13.09	13.19	3705028	48845596.00
20161221	13.19	13.38	12.87	13.07	6034732	79351056.00
20161222	13.03	13.14	12.69	13.00	8197388	105594272.00
20161223	12.99	13.19	12.74	13.16	6672730	86657536.00
20161226	13.19	13.20	12.94	13.06	3967331	51644256.00
20161227	13.07	13.23	12.87	12.94	3100945	40219332.00
20161228	12.85	13.15	12.84	12.97	2133370	27710234.00
20161229	13.00	13.04	12.79	12.88	3647500	47208840.00
20161230	12.84	12.94	12.81	12.91	2088300	26915074.00
20170103	12.92	12.99	12.88	12.95	2459620	31843452.00
20170104	12.96	13.13	12.95	13.09	5408642	70516160.00
20170105	12.99	13.46	12.99	13.15	6595345	87406096.00
20170106	13.15	13.17	12.54	12.91	8059810	103213552.00
20170109	12.91	12.92	11.99	12.90	4173603	53258968.00
20170110	12.85	13.27	12.74	12.99	4358797	56352788.00
20170111	12.92	13.12	12.81	12.88	2083200	26901790.00
20170112	12.93	12.95	12.83	12.87	2289700	29526176.00
20170113	12.85	13.02	12.84	12.89	3244448	41939712.00
20170116	12.90	12.96	11.99	12.68	4945670	62050808.00
20170117	12.55	12.69	12.29	12.51	3679605	45999044.00
20170118	12.47	12.83	12.40	12.53	3484854	43990104.00
20170119	12.47	12.54	12.24	12.34	2911048	35995424.00
20170120	12.42	12.53	12.21	12.49	3327286	41441480.00
20170123	12.50	12.88	12.43	12.64	3184836	40206164.00
20170124	12.64	12.89	12.53	12.64	3248700	41237600.00
20170125	12.64	12.80	12.50	12.76	2725610	34631520.00
20170126	12.67	12.95	12.67	12.90	2890864	37183904.00
20170203	13.16	14.19	12.82	13.16	7050119	92578384.00
20170206	13.16	13.18	12.69	12.84	6710750	86114896.00
20170207	12.84	12.84	12.18	12.24	13279891	166171232.00
20170208	12.21	12.26	11.92	12.18	9604987	115985064.00
20170209	12.14	12.33	12.11	12.20	6940914	85073664.00
20170210	12.16	12.36	12.16	12.20	3949618	48342616.00
20170213	12.17	12.69	12.15	12.56	8922524	111106752.00
20170214	12.55	12.70	12.34	12.42	5368900	67021216.00
20170215	12.47	12.56	12.34	12.40	4031896	50244124.00
20170216	12.36	12.59	12.36	12.44	6049826	75523032.00
20170217	12.50	12.75	12.48	12.53	7673527	96612736.00
20170220	12.57	13.74	12.57	13.50	19791900	262679056.00
20170221	13.62	14.16	13.19	13.37	23683150	322186688.00
20170222	13.42	13.77	13.25	13.47	15285195	205524576.00
20170223	13.39	13.52	12.79	12.81	16286400	212738144.00
20170224	12.82	13.09	12.72	13.07	9651300	124711792.00
20170227	13.04	13.23	13.01	13.05	7753500	101609888.00
20170228	12.97	13.13	12.87	12.99	3969037	51515900.00
20170301	13.00	13.23	12.91	13.08	6293310	82216384.00
20170302	13.14	13.32	12.89	12.98	8284116	108494656.00
20170303	12.90	13.11	12.82	13.00	4409628	57333112.00
20170306	12.98	13.18	12.94	13.15	5126592	67129976.00
20170307	13.16	13.29	13.16	13.27	7923700	104809984.00
20170308	13.30	14.07	13.27	13.88	15937408	218874464.00
20170309	13.80	14.32	13.78	14.26	19800786	279138400.00
20170310	14.25	14.34	13.90	14.15	34213566	483875936.00
20170313	14.06	14.57	13.94	14.48	32797128	466679168.00
20170314	14.34	14.34	13.72	13.85	17435787	244181824.00
20170315	13.85	14.09	13.70	13.89	9745090	135822288.00
20170316	13.88	13.93	13.64	13.77	12534123	172752256.00
20170317	13.70	13.87	13.65	13.80	11012364	151673744.00
20170320	13.78	13.92	13.66	13.75	12312400	169604976.00
20170321	13.76	13.79	13.52	13.64	9807400	133644312.00
20170322	13.63	13.71	13.14	13.45	16949395	227515152.00
20170323	13.48	13.55	13.07	13.24	12155423	160510896.00
20170324	13.30	13.34	12.46	12.52	16754500	214273968.00
20170327	12.52	12.58	11.53	11.68	25879688	310520736.00
20170328	11.50	12.03	11.32	11.90	21280973	246954960.00
20170329	11.79	11.86	11.57	11.61	10271845	120155680.00
20170330	11.49	11.65	10.99	11.11	11874809	133430704.00
20170331	11.17	11.40	11.01	11.36	9519190	106664072.00
20170405	11.44	11.64	11.25	11.52	7826178	89434664.00
20170406	11.54	11.65	11.24	11.28	9425258	107776680.00
20170407	11.29	11.39	10.97	11.15	10228978	113697080.00
20170410	11.16	11.16	10.82	10.89	8006466	87514032.00
20170411	10.89	10.90	10.00	10.38	20673000	212795056.00
20170412	10.29	10.60	10.22	10.37	12054000	126226752.00
20170413	10.29	10.47	10.29	10.36	5031015	52241948.00
20170414	9.89	10.29	9.89	10.15	5817936	59126960.00
20170417	10.18	10.22	9.13	9.13	24921281	232947536.00
20170418	9.14	9.49	9.14	9.21	10490442	97587392.00
20170419	9.08	9.43	9.04	9.35	8000003	74135864.00
20170420	9.46	9.46	9.11	9.21	6327678	58382292.00
20170421	9.27	9.27	9.08	9.15	5569088	50966936.00
20170424	9.15	9.17	8.36	8.48	9709700	83553056.00
20170425	8.49	8.63	8.43	8.46	5519900	47073900.00
20170426	8.52	8.74	8.36	8.66	7775900	66078304.00
20170427	8.59	9.20	8.50	9.00	16503300	147494224.00
20170428	9.45	9.90	9.26	9.90	32416956	315555104.00
20170502	9.99	10.89	9.91	10.89	53113310	568644608.00
20170503	9.95	11.45	9.91	10.52	60589019	628392128.00
20170504	10.19	10.48	9.79	9.85	41102200	414885376.00
20170505	9.68	9.73	9.19	9.24	29008800	274939712.00
20170508	9.14	9.30	8.63	8.73	19637100	176178000.00
20170509	8.72	8.80	8.45	8.76	16324200	141109536.00
20170510	8.73	8.83	8.38	8.39	15704000	135443968.00
20170511	8.05	8.17	7.63	8.01	19657200	154707280.00
20170512	7.99	8.19	7.94	8.02	12394590	100017816.00
20170515	8.19	8.20	7.75	7.81	11105745	88748432.00
20170516	7.95	8.32	7.80	8.27	17662365	142021264.00
20170517	8.21	8.37	8.15	8.22	14806138	122345960.00
20170518	8.10	8.60	8.06	8.41	19786500	165994016.00
20170519	8.50	8.56	8.18	8.28	14514088	120825168.00
20170522	8.23	8.39	7.70	7.80	13961667	111698424.00
20170523	7.75	7.80	7.21	7.27	12361300	93360792.00
20170524	7.23	7.35	6.84	7.32	9984300	71333904.00
20170525	7.29	7.55	7.04	7.47	14884400	108662920.00
20170526	7.42	7.66	7.40	7.62	11675600	87914880.00
20170531	7.68	7.81	7.25	7.49	13601190	103397904.00
20170601	7.46	7.49	7.00	7.03	13110803	95062832.00
20170602	7.00	7.30	6.92	7.26	8310600	59455160.00
20170605	7.31	7.48	7.29	7.35	7832044	57803380.00
20170606	7.37	7.53	7.35	7.45	9462172	70359360.00
20170607	7.44	7.67	7.43	7.65	11463029	86842600.00
20170608	7.69	7.76	7.55	7.68	14487887	111062256.00
20170609	7.65	8.45	7.61	8.45	34391065	280397152.00
20170612	8.55	8.95	8.41	8.51	45486000	394774048.00
20170613	8.38	9.13	8.21	8.62	28766860	248015968.00
20170614	8.51	8.60	8.32	8.35	18965597	159084880.00
20170615	8.31	8.42	8.24	8.36	12251159	102132384.00
20170616	8.33	8.53	8.30	8.39	10392739	87192480.00
20170619	8.39	8.57	8.35	8.43	7601500	64289668.00
20170620	8.45	9.09	8.38	8.90	24159552	211535936.00
20170621	8.87	9.02	8.63	8.75	10958598	96078896.00
20170622	8.70	8.78	8.30	8.40	10334331	88059392.00
20170623	8.44	8.67	8.30	8.60	9044443	76575600.00
20170626	8.55	8.72	8.48	8.71	6929798	59741296.00
20170627	8.71	8.82	8.56	8.59	4980300	43029696.00
20170628	8.65	8.65	8.42	8.48	4106300	35018612.00
20170629	8.48	8.62	8.46	8.52	4178002	35630472.00
20170630	8.51	8.65	8.46	8.59	5307346	45509428.00
20170703	8.66	8.70	8.55	8.70	4783526	41259872.00
20170704	8.71	9.08	8.71	8.79	11823577	105010464.00
20170705	8.71	8.88	8.71	8.85	7323921	64521256.00
20170706	8.80	8.93	8.74	8.89	8214374	72646856.00
20170707	8.88	8.92	8.78	8.83	5963387	52731692.00
20170710	8.80	9.71	8.80	9.71	38836589	368067616.00
20170711	9.65	9.67	9.20	9.38	25108839	236194384.00
数据来源:通达信
