600077 宋都股份 日线 前复权
      日期	    开盘	    最高	    最低	    收盘	    成交量	    成交额
20111010	3.98	4.03	3.78	3.78	5628187	44213792.00
20111011	3.82	3.84	3.69	3.73	2909275	22559596.00
20111012	3.73	3.84	3.70	3.83	2017962	15792999.00
20111013	3.83	3.93	3.80	3.87	3348349	26610578.00
20111014	3.86	3.91	3.83	3.86	1493961	11920083.00
20111017	3.91	3.91	3.77	3.81	2044914	16103855.00
20111018	3.80	3.83	3.61	3.62	2509502	19151680.00
20111019	3.59	3.67	3.56	3.62	1622228	12050268.00
20111020	3.61	3.62	3.45	3.48	1448197	10590834.00
20111021	3.51	3.66	3.44	3.66	2300523	17064296.00
20111024	3.73	3.77	3.61	3.69	3448091	26245994.00
20111025	3.63	3.88	3.63	3.88	5236907	41268108.00
20111026	3.84	4.03	3.80	3.96	3316363	26889330.00
20111101	4.37	4.37	4.28	4.37	6942527	62273948.00
20111102	4.38	4.61	4.33	4.56	13357506	123665368.00
20111103	4.52	4.52	4.35	4.46	6647915	60824936.00
20111104	4.43	4.51	4.28	4.33	5153246	46256392.00
20111107	4.29	4.45	4.24	4.39	3151793	28384024.00
20111108	4.35	4.44	4.34	4.39	1784046	16056297.00
20111109	4.42	4.53	4.32	4.50	3334984	30202774.00
20111110	4.48	4.67	4.41	4.59	5926624	55702928.00
20111111	4.54	4.76	4.43	4.46	3080528	28795970.00
20111114	4.44	4.50	4.43	4.49	2648624	24259734.00
20111115	4.47	4.55	4.46	4.53	2079054	19261080.00
20111116	4.53	4.62	4.44	4.45	2207363	20585752.00
20111117	4.48	4.57	4.46	4.56	1608315	14875541.00
20111118	4.55	4.60	4.49	4.51	1477169	13752406.00
20111121	4.49	4.56	4.46	4.52	1160651	10701300.00
20111122	4.47	4.73	4.40	4.68	2930854	27751280.00
20111123	4.68	4.83	4.63	4.74	2872440	27930204.00
20111124	4.67	4.94	4.56	4.91	4174431	41217860.00
20111125	4.90	4.96	4.83	4.94	2086312	20939128.00
20111128	4.95	5.08	4.84	5.05	4659702	47296336.00
20111129	5.07	5.14	4.93	5.08	2692966	27857908.00
20111130	5.11	5.18	4.87	5.00	4449944	45623944.00
20111201	5.06	5.13	4.99	5.11	2192938	22779962.00
20111202	5.09	5.18	5.03	5.17	2617784	27317944.00
20111205	5.17	5.23	5.06	5.13	2644705	27759624.00
20111206	5.18	5.28	5.09	5.28	7206452	76530768.00
20111207	5.28	5.32	5.22	5.26	2030676	21857878.00
20111208	5.24	5.39	5.23	5.37	2523991	27449600.00
20111209	5.33	5.53	5.31	5.48	7171852	79596664.00
20111212	5.43	5.54	5.41	5.52	4279117	47870380.00
20111213	5.52	5.56	4.95	4.95	8689296	94504624.00
20111214	4.45	4.45	4.45	4.45	614400	5609472.00
20111215	3.99	3.99	3.99	3.99	2368900	19472358.00
20111219	3.61	3.78	3.58	3.58	16185885	121641168.00
20111220	3.47	3.56	3.38	3.44	12976967	92880216.00
20111221	3.45	3.57	3.42	3.44	6223394	44988928.00
20111222	3.44	3.44	3.08	3.24	5988097	40146580.00
20111223	3.16	3.39	3.15	3.33	2788953	19161152.00
20111226	3.31	3.67	3.31	3.64	5071500	37143092.00
20111227	3.61	3.73	3.50	3.58	4984152	37164860.00
20111228	3.49	3.69	3.49	3.68	3914983	29341464.00
20111229	3.73	3.81	3.65	3.79	3718136	28708484.00
20111230	3.74	3.84	3.68	3.81	4486924	35001968.00
20120104	3.85	3.96	3.78	3.81	4823134	38698120.00
20120110	4.02	4.07	3.83	3.92	4207638	34205952.00
20120111	3.86	4.02	3.86	3.97	2818303	22915118.00
20120112	3.97	4.02	3.90	3.92	1533040	12445707.00
20120113	3.88	3.90	3.59	3.71	3002310	23084856.00
20120116	3.61	3.75	3.61	3.68	1057247	8039924.00
20120117	3.68	3.82	3.67	3.75	3912049	30248244.00
20120118	3.75	3.81	3.66	3.67	3011644	23236904.00
20120119	3.68	3.73	3.64	3.70	1190299	9031023.00
20120120	3.68	3.90	3.66	3.88	2549561	20019508.00
20120130	3.88	3.89	3.81	3.84	706652	5595802.00
20120131	3.94	3.94	3.83	3.86	1343249	10680874.00
20120201	3.81	4.04	3.78	3.89	1575560	12755021.00
20120202	3.93	3.93	3.81	3.89	781978	6224975.00
20120203	3.88	3.92	3.85	3.91	982608	7882880.00
20120206	3.91	3.98	3.89	3.95	1038784	8415937.00
20120207	3.91	3.93	3.85	3.86	833600	6653314.00
20120208	3.82	3.93	3.82	3.92	1107819	8870538.00
20120209	3.92	4.02	3.88	3.94	2122979	17256512.00
20120210	3.94	4.22	3.92	4.11	6303584	52753648.00
20120213	4.03	4.26	4.00	4.23	4684173	40312792.00
20120214	4.23	4.37	4.15	4.24	4430821	38830776.00
20120215	4.24	4.31	4.17	4.24	3847251	33392580.00
20120216	4.21	4.31	4.17	4.25	2339258	20258580.00
20120217	4.25	4.30	4.19	4.27	1445055	12619130.00
20120220	4.30	4.38	4.24	4.25	3801992	33579824.00
20120221	4.23	4.27	4.15	4.24	2947859	25581356.00
20120222	4.24	4.41	4.24	4.35	3243805	28899892.00
20120223	4.35	4.50	4.32	4.42	5083076	46058016.00
20120224	4.42	4.56	4.36	4.54	5760627	53039876.00
20120227	4.57	4.68	4.48	4.52	5239445	49235736.00
20120228	4.48	4.56	4.46	4.48	1526306	14067099.00
20120229	4.46	4.51	4.42	4.46	1205698	11025239.00
20120301	4.46	4.52	4.45	4.51	779764	7184217.00
20120302	4.51	4.62	4.50	4.60	2805954	26414270.00
20120305	4.66	4.70	4.58	4.68	4778700	45560800.00
20120306	4.61	4.72	4.61	4.71	2618797	25044888.00
20120307	4.64	5.06	4.64	4.89	6332410	63657488.00
20120308	4.90	5.02	4.88	5.00	3255520	33187804.00
20120309	5.00	5.06	4.95	4.99	1901680	19451800.00
20120312	5.01	5.09	4.88	4.98	2914300	29669698.00
20120313	4.98	5.04	4.96	5.01	1413774	14503323.00
20120314	5.06	5.11	4.78	4.86	5624058	57267408.00
20120316	4.86	5.16	4.79	5.13	5822637	59822032.00
20120319	5.12	5.33	5.01	5.24	4603639	48982716.00
20120320	5.23	5.28	5.02	5.03	3035681	31766174.00
20120321	5.09	5.11	4.93	5.03	2531510	26013354.00
20120322	5.00	5.06	4.99	5.01	2323722	23907624.00
20120323	4.99	5.08	4.88	4.91	2425341	24790616.00
20120326	4.90	5.03	4.56	4.77	5152242	49614948.00
20120327	4.74	4.96	4.72	4.84	4106452	41074928.00
20120328	4.78	4.89	4.76	4.84	3163698	31239652.00
20120329	4.71	5.01	4.71	5.01	3504188	35133968.00
20120330	5.05	5.29	4.99	5.20	4459775	47181600.00
20120405	5.18	5.36	5.08	5.32	4001826	43212224.00
20120406	5.36	5.36	5.21	5.25	2026943	21867612.00
20120409	5.23	5.30	5.12	5.25	1144066	12228892.00
20120410	5.18	5.45	5.18	5.34	4301981	46862244.00
20120411	5.28	5.57	5.28	5.56	5318651	59750116.00
20120412	5.56	5.59	5.45	5.56	3271889	36833828.00
20120413	5.56	5.82	5.52	5.81	5367253	62366900.00
20120416	5.81	5.86	5.63	5.82	3203147	37512264.00
20120417	5.74	5.84	5.59	5.60	4462428	51618096.00
20120418	5.61	5.64	5.38	5.54	4243851	48131300.00
20120419	5.56	5.67	5.51	5.59	3523848	40149240.00
20120420	5.63	5.63	5.50	5.59	2809874	31885808.00
20120423	5.65	5.66	5.52	5.57	2855433	32664092.00
20120424	5.52	5.59	5.26	5.41	4561243	50363700.00
20120425	5.38	5.58	5.33	5.52	4060073	45469196.00
20120426	5.57	5.68	5.37	5.46	3841088	42932404.00
20120427	5.44	5.48	5.32	5.38	2223170	24427448.00
20120502	5.46	5.56	5.36	5.48	3467302	38816008.00
20120503	5.47	5.57	5.47	5.52	2894305	32663272.00
20120504	5.53	6.09	5.51	6.09	10898565	131125496.00
20120507	6.09	6.38	6.09	6.30	19146207	243904880.00
20120508	6.21	6.28	6.09	6.18	7471239	93882832.00
20120509	6.13	6.27	6.03	6.17	5912102	74015160.00
20120510	6.16	6.66	6.09	6.58	11301947	146724400.00
20120511	6.52	6.61	6.36	6.39	6668387	87910512.00
20120514	6.48	6.51	6.16	6.20	5904006	75866480.00
20120515	6.20	6.52	6.15	6.35	6660866	86423312.00
20120517	6.23	6.47	6.20	6.44	5996723	77465168.00
20120518	6.29	6.52	6.22	6.35	4441034	57511344.00
20120521	6.26	6.36	6.08	6.22	3186664	40310656.00
20120522	6.28	6.66	6.24	6.47	6579945	87029568.00
20120523	6.47	6.78	6.33	6.77	6392131	84939184.00
20120524	6.69	6.97	6.54	6.59	9182039	126324368.00
20120525	6.61	6.66	6.39	6.42	4767080	63151580.00
20120528	6.38	6.84	6.27	6.83	6406941	85974832.00
20120529	6.78	6.92	6.68	6.83	5690916	78826824.00
20120530	6.78	7.33	6.73	7.14	11369495	164181184.00
20120531	7.08	7.46	7.01	7.28	9301039	136854144.00
20120601	7.24	7.45	7.16	7.26	8791805	130494352.00
20120604	7.11	7.26	6.80	6.87	9371670	133433280.00
20120605	6.90	7.02	6.77	6.86	5085922	71321720.00
20120606	6.88	6.93	6.54	6.61	6358279	86800184.00
20120607	6.70	6.80	6.57	6.67	5741377	78267784.00
20120608	6.77	6.83	6.67	6.76	5208490	71599736.00
20120611	6.69	6.92	6.44	6.86	9078798	123252504.00
20120612	6.83	7.03	6.63	7.01	7652679	106761920.00
20120613	6.94	7.14	6.84	7.03	7895790	112320896.00
20120614	7.02	7.10	6.94	7.04	5471540	78076504.00
20120615	7.01	7.03	6.63	6.91	8080164	112110896.00
20120618	6.85	6.86	6.55	6.69	7686207	104314120.00
20120619	6.63	6.75	6.54	6.55	4113082	55513720.00
20120620	6.60	6.60	6.47	6.47	3071988	40822696.00
20120621	6.46	6.55	6.36	6.48	2435618	32090700.00
20120625	6.40	6.46	6.09	6.11	4395110	55812916.00
20120626	6.12	6.20	5.94	6.09	3911462	48609016.00
20120627	6.09	6.24	6.02	6.04	3263640	40771584.00
20120628	6.05	6.10	5.43	5.64	6215999	74261616.00
20120629	5.58	5.75	5.34	5.74	8409866	95240184.00
20120702	5.83	6.11	5.77	6.06	7198690	87523800.00
20120703	6.06	6.16	5.96	6.03	5408331	66921196.00
20120704	6.07	6.09	5.75	5.80	4606897	55178492.00
20120705	5.74	5.79	5.48	5.62	5288544	60773576.00
20120706	5.73	6.19	5.71	6.19	8273175	50687188.00
20120709	6.38	6.79	6.26	6.33	38771468	256114768.00
20120710	6.11	6.29	5.76	5.88	20935672	128361776.00
20120711	5.77	5.88	5.66	5.82	10786019	63334384.00
20120712	5.80	6.00	5.67	5.93	13957927	82796704.00
20120713	5.88	5.88	5.51	5.56	17046385	98505792.00
20120716	5.48	5.64	5.28	5.30	11962969	66173852.00
20120717	5.24	5.41	5.17	5.37	6834536	36980756.00
20120718	5.37	5.39	5.12	5.36	9507840	50594400.00
20120719	5.34	5.91	5.25	5.91	30958389	180989088.00
20120720	5.90	6.51	5.75	6.51	40237064	248406592.00
20120723	6.55	6.55	6.03	6.10	22270947	140330544.00
20120724	6.11	6.57	6.01	6.27	23495259	150364880.00
20120725	6.14	6.24	6.00	6.05	16296606	100844784.00
20120726	6.05	6.14	5.78	5.85	12954883	78380320.00
20120727	5.85	6.23	5.71	6.05	17409160	105653712.00
20120730	5.94	6.20	5.89	6.00	10734783	65736032.00
20120731	5.95	6.26	5.71	6.12	15631548	96523136.00
20120801	6.07	6.25	6.05	6.20	16223332	101271184.00
20120802	6.19	6.26	5.81	5.99	16186181	98343232.00
20120803	5.99	6.00	5.86	5.99	9480762	57041664.00
20120806	5.91	6.19	5.82	6.14	14569699	88897392.00
20120807	6.11	6.76	6.06	6.76	33688807	220417200.00
20120808	6.80	7.06	6.59	6.67	47319531	326199808.00
20120809	6.54	6.91	6.52	6.67	32989910	224845856.00
20120810	6.62	6.80	6.38	6.39	25281514	167583072.00
20120813	6.40	6.40	6.15	6.24	17543655	110667760.00
20120814	6.17	6.28	5.95	6.23	14531798	90192920.00
20120815	6.16	6.30	6.09	6.13	9769025	61289932.00
20120816	6.09	6.28	6.03	6.16	7348308	46066044.00
20120817	6.16	6.19	6.05	6.17	6701401	41559896.00
20120820	6.11	6.16	5.91	6.11	7850830	48085616.00
20120821	6.13	6.59	6.08	6.40	18508568	119891968.00
20120822	6.38	6.38	6.03	6.07	17990145	112441912.00
20120823	6.01	6.06	5.90	6.01	11211436	68034216.00
20120824	5.96	5.99	5.61	5.63	15257132	89363504.00
20120827	5.56	5.62	5.30	5.33	13016913	71984120.00
20120828	5.33	5.47	5.20	5.41	12107726	65801992.00
20120829	5.36	5.45	5.21	5.26	10069024	54675696.00
20120830	5.28	5.35	5.16	5.25	8151708	43586304.00
20120831	5.23	5.41	5.23	5.37	5177006	28049428.00
20120903	5.31	5.56	5.28	5.48	8774582	48873004.00
20120904	5.43	5.50	5.25	5.29	7488374	40743052.00
20120905	5.28	5.53	5.21	5.40	6796251	37147296.00
20120906	5.38	5.46	5.29	5.42	5085969	27816076.00
20120907	5.44	5.71	5.44	5.64	14497515	82555880.00
20120910	5.64	5.91	5.53	5.76	12555806	73173832.00
20120911	5.71	5.84	5.64	5.71	8842692	51497028.00
20120912	5.76	5.81	5.63	5.73	7354843	42656468.00
20120913	5.74	5.85	5.58	5.64	7089505	41437980.00
20120914	5.70	5.77	5.51	5.66	7972127	45579060.00
20120917	5.64	5.66	5.11	5.21	11731697	63646704.00
20120918	5.11	5.26	5.06	5.13	8112020	42395800.00
20120919	5.16	5.21	5.06	5.17	5197460	27203040.00
20120920	5.15	5.15	5.03	5.08	7676318	39702304.00
20120921	5.08	5.09	4.81	4.88	5309932	26920244.00
20120924	4.92	4.92	4.61	4.76	7676383	37136136.00
20120925	4.71	5.25	4.66	4.85	8700029	43912784.00
20120926	4.86	4.89	4.69	4.75	3059782	14849182.00
20120927	4.71	4.92	4.68	4.85	5204052	25536316.00
20120928	4.85	5.06	4.81	5.03	8620002	43656680.00
20121008	5.00	5.05	4.83	4.86	5146089	25795456.00
20121009	4.88	5.02	4.88	5.01	5952010	30096032.00
20121010	4.96	5.25	4.93	5.15	10441852	54466696.00
20121011	5.07	5.18	5.01	5.02	5026199	26004232.00
20121012	5.07	5.11	4.95	5.00	4427685	22643816.00
20121015	5.00	5.51	4.96	5.51	40043608	218815472.00
20121016	5.50	5.74	5.44	5.60	48715180	276622304.00
20121017	5.46	5.69	5.32	5.48	31365655	175207696.00
20121018	5.44	5.64	5.29	5.49	33219372	184342352.00
20121019	5.41	5.57	5.34	5.46	20413915	112910816.00
20121022	5.33	5.62	5.33	5.61	19656850	110054704.00
20121023	5.57	5.80	5.42	5.45	26265379	150534544.00
20121024	5.39	5.45	5.28	5.38	10941159	59770164.00
20121025	5.33	5.42	5.18	5.20	11173642	60078696.00
20121026	5.18	5.24	4.92	5.08	8076155	41730380.00
20121029	5.09	5.16	4.99	5.03	5478011	28224388.00
20121030	5.03	5.20	5.03	5.08	7276349	37844208.00
20121031	5.09	5.23	5.07	5.16	5233702	27322820.00
20121101	5.13	5.69	5.12	5.69	40430515	228008592.00
20121102	5.72	5.88	5.57	5.70	45717568	265329488.00
20121105	5.61	5.67	5.44	5.56	21523137	121396944.00
20121106	5.52	5.56	5.23	5.39	15688953	85661888.00
20121107	5.38	5.43	5.28	5.42	10190453	55457816.00
20121108	5.36	5.84	5.27	5.49	30612264	173229664.00
20121109	5.39	5.67	5.39	5.56	17589630	99222536.00
20121112	5.61	5.65	5.40	5.56	16230444	90909840.00
20121113	5.51	5.51	5.11	5.12	16773553	90190016.00
20121114	5.03	5.17	5.03	5.14	6814946	35409640.00
20121115	5.09	5.28	5.04	5.12	7264921	38132456.00
20121116	5.11	5.14	4.97	5.03	6863694	35235184.00
20121119	5.02	5.06	4.95	5.04	6061909	30848300.00
20121120	5.07	5.20	5.02	5.08	6917689	35936564.00
20121121	5.08	5.23	4.99	5.22	10202520	53202996.00
20121122	5.17	5.20	5.06	5.09	6652248	34719640.00
20121123	5.09	5.20	5.07	5.10	4408263	22963084.00
20121126	5.11	5.11	4.96	4.96	5391893	27541672.00
20121127	4.94	4.95	4.46	4.47	14868316	70255848.00
20121128	4.47	4.47	4.27	4.30	7454262	33035572.00
20121129	4.32	4.37	4.23	4.26	6705548	29515568.00
20121130	4.29	4.53	4.25	4.41	9676801	43580944.00
20121203	4.41	4.59	4.20	4.24	11702639	52660548.00
20121204	4.15	4.27	3.94	4.24	10164216	42747776.00
20121205	4.23	4.48	4.17	4.45	14195255	63647000.00
20121206	4.41	4.89	4.38	4.69	22994487	109704256.00
20121207	4.68	4.89	4.56	4.79	19112046	92642680.00
20121210	4.79	5.06	4.78	4.92	14996134	75014368.00
20121211	4.92	5.42	4.87	5.42	46602396	250187728.00
20121212	5.33	5.46	5.26	5.43	18688377	101744528.00
20121213	5.40	5.46	5.31	5.34	18154975	99341464.00
20121214	5.34	5.59	5.29	5.39	54646813	301780288.00
20121217	5.39	5.39	5.11	5.31	26109307	139903712.00
20121218	5.27	5.35	5.11	5.17	16406057	87259056.00
20121219	5.14	5.27	5.02	5.22	13812167	73175608.00
20121220	5.12	5.15	5.01	5.10	15146927	78379240.00
20121221	5.06	5.16	5.02	5.04	10898314	56399832.00
20121224	5.07	5.08	4.97	5.04	7522306	38484928.00
20121225	5.05	5.55	5.05	5.55	55543188	308351360.00
20121226	5.51	5.56	5.35	5.48	38803852	215424480.00
20121227	5.43	5.51	5.35	5.37	19997226	109962248.00
20121228	5.37	5.81	5.36	5.66	43295103	246068992.00
20121231	5.68	6.23	5.58	5.91	44995319	270006016.00
20130104	5.93	6.21	5.80	6.03	36318615	221570992.00
20130107	5.91	5.96	5.81	5.92	21387180	127697056.00
20130108	5.91	6.09	5.81	6.08	27991127	170289632.00
20130109	6.05	6.36	5.94	6.10	30779267	192945568.00
20130110	6.09	6.40	6.03	6.33	32050234	203831232.00
20130111	6.34	6.46	5.95	6.01	29012377	181967312.00
20130114	5.93	6.28	5.93	6.19	25326601	158092224.00
20130115	6.25	6.33	6.08	6.18	25005804	156469088.00
20130116	6.11	6.16	5.85	5.95	27040211	163990176.00
20130117	5.84	6.07	5.84	5.93	15962047	97053104.00
20130118	5.95	6.19	5.93	6.12	18968034	116705096.00
20130121	6.14	6.36	6.14	6.21	25267786	160397232.00
20130122	6.36	6.46	6.03	6.13	18429771	116890752.00
20130123	6.01	6.15	5.96	6.09	12399573	76111584.00
20130124	6.07	6.11	5.79	5.84	17538578	106188600.00
20130125	5.85	5.90	5.64	5.72	8967663	52256924.00
20130128	5.71	6.03	5.71	6.01	12354272	74231080.00
20130129	5.97	6.19	5.97	6.05	11120197	68458888.00
20130130	6.03	6.17	5.99	6.17	16459001	102060544.00
20130131	6.12	6.16	5.98	6.05	12012908	73597640.00
20130201	6.05	6.10	5.99	6.05	9422658	57688128.00
20130204	6.05	6.22	5.94	6.19	18202341	112627568.00
20130205	6.01	6.09	5.86	6.07	20338917	123546600.00
20130206	5.98	6.08	5.98	5.99	9286292	56690364.00
20130207	5.98	6.01	5.76	5.87	13161638	78143312.00
20130208	5.82	5.96	5.82	5.86	7301720	43627092.00
20130218	5.89	5.98	5.85	5.91	8045256	48348192.00
20130219	5.91	5.91	5.61	5.66	9911277	57703972.00
20130220	5.66	5.75	5.63	5.74	5220727	30175132.00
20130221	5.71	5.71	5.54	5.58	8047618	45717584.00
20130222	5.51	5.80	5.51	5.67	9635633	55544000.00
20130225	5.71	5.72	5.50	5.52	9945777	56259248.00
20130226	5.49	5.49	5.25	5.26	13677174	74572176.00
20130227	5.26	5.37	5.25	5.35	7534686	40698428.00
20130228	5.37	5.53	5.35	5.46	10102176	55989992.00
20130301	5.46	5.49	5.28	5.39	10586708	57786704.00
20130304	5.10	5.10	4.84	4.84	18512745	92596080.00
20130305	4.73	5.32	4.68	5.22	28490561	145945520.00
20130306	5.18	5.62	5.13	5.38	25287343	138221936.00
20130307	5.36	5.66	5.31	5.64	26985257	152455040.00
20130308	5.58	5.75	5.46	5.47	11280241	63997456.00
20130311	5.48	5.93	5.48	5.73	30092061	175338864.00
20130312	5.70	6.31	5.66	6.26	91854946	566449664.00
20130313	6.13	6.30	5.99	6.27	59139158	369331904.00
20130314	6.18	6.40	6.08	6.25	51451127	325927904.00
20130315	6.22	6.32	6.01	6.15	23338174	145602896.00
20130318	6.09	6.77	5.95	6.77	60752114	399107584.00
20130319	6.99	7.06	6.54	6.76	75932463	519661248.00
20130320	6.75	6.75	6.43	6.68	63324690	419975712.00
20130321	6.58	6.85	6.48	6.70	64939458	437726400.00
20130322	6.61	6.64	6.37	6.40	39891212	260955904.00
20130325	6.37	6.50	6.21	6.42	25512456	164190704.00
20130326	6.38	6.40	6.17	6.18	18124304	114936624.00
20130327	6.13	6.26	6.06	6.22	17263600	108048528.00
20130328	6.17	6.17	5.65	5.67	23358409	139334368.00
20130329	5.66	5.78	5.59	5.61	12757694	73708616.00
20130401	5.53	5.90	5.52	5.70	20868110	121921032.00
20130402	5.69	5.85	5.66	5.70	12359131	72166784.00
20130403	5.70	5.76	5.14	5.31	24741474	135741376.00
20130408	5.21	5.58	5.14	5.55	15915463	87657104.00
20130409	5.51	5.61	5.45	5.51	10679958	59984268.00
20130410	5.49	5.63	5.45	5.48	8466056	47565576.00
20130411	5.48	5.56	5.31	5.36	9262088	51187900.00
20130412	5.34	5.60	5.21	5.59	19120744	106501472.00
20130415	5.61	5.79	5.54	5.67	20262005	116893408.00
20130416	5.61	5.94	5.61	5.86	23015385	135460832.00
20130417	5.82	5.89	5.73	5.84	14792680	87168480.00
20130418	5.78	5.96	5.75	5.78	14400755	85710528.00
20130419	5.74	5.90	5.73	5.80	14506183	85682008.00
20130422	5.73	5.81	5.60	5.64	14327270	82820920.00
20130423	5.61	5.64	5.20	5.21	23678377	128089616.00
20130424	5.24	5.34	5.17	5.31	9953284	53309560.00
20130425	5.27	5.31	5.13	5.15	10388586	55027268.00
20130426	5.09	5.67	5.06	5.61	32997763	180802048.00
20130502	5.55	5.79	5.41	5.66	25344593	145466480.00
20130503	5.63	6.24	5.59	6.23	65542205	398500960.00
20130506	6.16	6.24	6.09	6.14	42182200	263216176.00
20130507	6.15	6.20	6.02	6.06	35574144	220632352.00
20130508	6.07	6.17	5.96	6.08	23230007	143181696.00
20130509	6.08	6.13	5.50	5.70	36263075	211904160.00
20130510	5.61	5.95	5.51	5.85	30292268	179342416.00
20130513	5.81	5.85	5.61	5.69	17843975	103246208.00
20130514	5.68	5.78	5.63	5.71	8216674	47235852.00
20130515	5.69	5.85	5.67	5.73	9575768	55514928.00
20130516	5.71	5.97	5.64	5.92	20856369	122750040.00
20130517	5.91	6.06	5.88	5.92	21051675	126681528.00
20130520	5.95	6.12	5.90	6.05	21254124	128947176.00
20130521	6.03	6.12	5.96	6.07	18663134	113744192.00
20130522	6.06	6.68	6.01	6.57	68160877	443073920.00
20130523	6.45	6.54	6.37	6.48	35346048	229631616.00
20130524	6.46	6.66	6.34	6.48	24680828	161120320.00
20130527	6.48	6.65	6.35	6.54	24541873	161788976.00
20130528	6.52	6.67	6.45	6.53	32191135	213232832.00
20130529	6.53	6.86	6.32	6.61	56698032	377255296.00
20130530	6.50	6.73	6.38	6.41	33343406	219022480.00
20130531	6.38	6.40	6.13	6.14	29120854	183050800.00
20130603	6.14	6.29	6.05	6.10	13325611	82993760.00
20130604	6.11	6.19	6.03	6.15	12508943	77151504.00
20130605	6.13	6.22	6.09	6.15	8636677	53615432.00
20130606	6.15	6.15	5.82	5.86	16403623	98871728.00
20130607	5.87	5.91	5.65	5.71	9158150	53181720.00
20130613	5.65	5.67	5.43	5.57	7355583	41185680.00
20130614	5.67	5.74	5.62	5.64	7403372	42379492.00
20130617	5.65	5.73	5.53	5.62	5709358	32467740.00
20130618	5.59	5.80	5.59	5.79	9921335	57297264.00
20130619	5.75	5.79	5.67	5.76	7222661	41767804.00
20130620	5.73	5.77	5.39	5.42	9188246	51697168.00
20130621	5.30	5.39	5.22	5.28	8006478	42865184.00
20130624	5.33	5.33	4.75	4.77	9879198	49897112.00
20130625	4.75	4.91	4.29	4.69	16541682	76483616.00
20130626	4.72	5.00	4.54	4.93	12705970	61135740.00
20130627	4.90	5.01	4.66	4.69	12462679	61496604.00
20130628	4.65	4.97	4.56	4.80	10699683	52128480.00
20130701	4.80	4.86	4.69	4.81	7087459	34249024.00
20130702	4.80	5.02	4.69	5.00	20189735	98575328.00
20130703	4.91	5.07	4.82	5.00	16492189	82531032.00
20130704	4.95	5.26	4.91	5.23	17374508	89493696.00
20130807	5.74	5.76	5.30	5.63	48649157	277174016.00
20130808	5.45	5.53	5.35	5.40	16711283	91619968.00
20130809	5.39	5.45	5.30	5.38	7867523	42672000.00
20130812	5.38	5.47	5.33	5.44	9716926	53202916.00
20130813	5.44	5.50	5.36	5.40	5682196	31041696.00
20130814	5.41	5.60	5.41	5.43	9913913	55089216.00
20130815	5.39	5.45	5.30	5.31	7429191	40162344.00
20130816	5.31	5.43	5.00	5.09	13190089	69252712.00
20130819	5.03	5.12	5.01	5.07	6980238	35657092.00
20130820	5.08	5.12	4.93	5.02	7112560	36058376.00
20130821	4.99	5.02	4.93	4.99	6504872	32587880.00
20130822	4.97	5.05	4.95	5.00	4715139	23847598.00
20130823	5.02	5.04	4.83	4.87	7194657	35690112.00
20130826	4.87	5.00	4.87	4.98	4280332	21441960.00
20130827	4.98	5.10	4.98	5.08	6578481	33675968.00
20130828	5.08	5.08	4.97	4.99	5205518	26443006.00
20130829	4.98	5.05	4.96	5.04	4541285	22945444.00
20130830	5.04	5.08	4.98	5.01	7019550	35680568.00
20130902	4.99	5.04	4.84	4.89	7796973	38570496.00
20130903	4.89	5.05	4.86	5.05	8981546	45410408.00
20130904	5.05	5.10	4.97	4.98	4837747	24491282.00
20130905	5.00	5.08	4.96	4.99	5140880	26047396.00
20130906	4.97	5.03	4.93	4.97	6992172	35189024.00
20130909	4.97	5.10	4.97	5.08	9755930	49800736.00
20130910	5.09	5.17	5.06	5.15	10240813	52823376.00
20130911	5.15	5.28	5.12	5.23	15139764	79762080.00
20130912	5.25	5.26	5.12	5.14	7870885	41124976.00
20130913	5.14	5.24	5.07	5.17	8534565	44364340.00
20130916	5.18	5.30	5.07	5.21	8385678	44193800.00
20130917	5.24	5.24	4.99	5.00	6619431	33996416.00
20130918	5.03	5.08	4.95	5.01	3431728	17322006.00
20130923	5.01	5.06	4.85	5.05	5610013	28306616.00
20130924	5.02	5.02	4.85	4.91	7699593	38280248.00
20130925	4.91	4.95	4.87	4.89	4264253	21138828.00
20130926	4.88	4.89	4.62	4.64	10656769	50676864.00
20130927	4.65	4.70	4.61	4.63	3459344	16296369.00
20130930	4.63	4.80	4.63	4.76	4524716	21684084.00
20131008	4.75	4.88	4.72	4.82	4410256	21453040.00
20131009	4.76	4.91	4.76	4.81	4779859	23214734.00
20131010	4.81	4.83	4.72	4.76	4799587	23097852.00
20131011	4.78	4.86	4.76	4.81	4920265	23897780.00
20131014	4.83	4.85	4.76	4.79	6114045	29663984.00
20131015	4.81	4.81	4.73	4.74	5511862	26449696.00
20131016	4.73	4.74	4.59	4.61	5738278	26963244.00
20131017	4.65	4.66	4.53	4.56	4466617	20780810.00
20131018	4.56	4.63	4.54	4.63	2309410	10726013.00
20131021	4.64	4.66	4.58	4.66	4172512	19509160.00
20131022	4.64	4.66	4.60	4.62	3687502	17235936.00
20131023	4.62	4.68	4.54	4.56	4717896	21999264.00
20131024	4.56	4.56	4.41	4.43	5186016	23487108.00
20131025	4.43	4.47	4.30	4.35	4698586	20778566.00
20131028	4.34	4.37	4.28	4.29	3127571	13659405.00
20131029	4.31	4.35	4.06	4.18	4767426	20277542.00
20131030	4.17	4.21	4.08	4.21	3945562	16646423.00
20131031	4.21	4.33	4.19	4.27	4671172	20213406.00
20131101	4.26	4.31	4.25	4.28	2999561	12996081.00
20131104	4.29	4.34	4.27	4.28	2946851	12813781.00
20131105	4.27	4.39	4.15	4.35	5460822	23726920.00
20131106	4.37	4.58	4.31	4.50	11405820	51876796.00
20131107	4.44	4.48	4.36	4.45	4509457	20199988.00
20131108	4.43	4.58	4.38	4.46	6456321	29252068.00
20131111	4.45	4.45	4.29	4.36	4674288	20554876.00
20131112	4.36	4.38	4.31	4.35	2273214	9972776.00
20131113	4.37	4.37	4.23	4.23	2297406	9953623.00
20131114	4.20	4.30	4.17	4.24	2850699	12226692.00
20131115	4.24	4.35	4.24	4.29	4967992	21647864.00
20131118	4.30	4.55	4.28	4.50	9923674	44387664.00
20131119	4.51	4.57	4.41	4.42	8109954	36790692.00
20131120	4.44	4.48	4.39	4.46	3248873	14578080.00
20131121	4.43	4.43	4.33	4.36	4923585	21753028.00
20131122	4.37	4.38	4.27	4.28	4250724	18508268.00
20131125	4.29	4.32	4.24	4.26	4035450	17448106.00
20131126	4.28	4.30	4.24	4.25	3903191	16832728.00
20131127	4.24	4.30	4.21	4.30	4629090	19984936.00
20131128	4.28	4.37	4.28	4.36	7441230	32624262.00
20131129	4.35	4.38	4.33	4.34	4861381	21412170.00
20131202	4.26	4.29	4.12	4.14	6980984	29695534.00
20131203	4.16	4.24	4.14	4.22	2234946	9502689.00
20131204	4.22	4.39	4.22	4.33	5136556	22435584.00
20131205	4.33	4.38	4.26	4.29	4315026	18859270.00
20131206	4.28	4.33	4.21	4.24	3639527	15697846.00
20131209	4.29	4.32	4.19	4.31	3545681	15317218.00
20131210	4.32	4.44	4.28	4.40	8655517	38431400.00
20131211	4.37	4.51	4.35	4.49	13743032	61750200.00
20131212	4.50	4.62	4.43	4.58	13350043	61028340.00
20131213	4.57	4.96	4.53	4.84	26543906	128531240.00
20131216	4.82	4.92	4.70	4.74	13910890	67366672.00
20131217	4.77	4.78	4.46	4.62	18128592	84187856.00
20131218	4.61	4.70	4.46	4.55	12396730	56911244.00
20131219	4.56	4.58	4.35	4.45	5971161	27133688.00
20131220	4.41	4.45	4.21	4.26	12125669	53155304.00
20131223	4.21	4.42	4.17	4.41	7670894	33416888.00
20131224	4.42	4.43	4.25	4.31	4548603	19985040.00
20131225	4.30	4.37	4.25	4.31	6931050	30185224.00
20131226	4.30	4.30	4.20	4.21	3872887	16596984.00
20131227	4.20	4.35	4.16	4.21	3421774	14697524.00
20131230	4.23	4.28	4.21	4.24	2550199	10934005.00
20131231	4.23	4.34	4.17	4.32	4529519	19563496.00
20140102	4.32	4.37	4.20	4.35	6016361	25986018.00
20140103	4.30	4.32	4.23	4.24	2730101	11765915.00
20140106	4.24	4.24	4.10	4.11	4369380	18347290.00
20140107	4.10	4.15	4.06	4.09	2812884	11668767.00
20140108	4.10	4.15	3.97	4.00	3791834	15538210.00
20140109	3.99	4.05	3.96	3.97	2395064	9717696.00
20140110	3.96	3.99	3.80	3.81	3628479	14179120.00
20140113	3.81	3.88	3.77	3.83	1810868	7022733.00
20140114	3.85	3.92	3.80	3.91	1856089	7304415.00
20140115	3.91	4.06	3.84	4.04	3812203	15181761.00
20140116	4.01	4.13	3.95	4.00	2873796	11639671.00
20140117	3.95	3.98	3.83	3.87	1814148	7129082.00
20140120	3.85	3.90	3.83	3.87	1452907	5679572.00
20140121	3.89	3.93	3.87	3.88	1643362	6481435.00
20140122	3.87	4.02	3.86	4.01	4116229	16590106.00
20140123	4.01	4.02	3.94	3.96	2794833	11225864.00
20140124	3.95	4.10	3.94	4.01	5580260	22782160.00
20140127	3.99	4.00	3.93	3.98	2694702	10820443.00
20140128	3.98	4.01	3.94	3.99	2111918	8498864.00
20140129	4.00	4.02	3.96	3.96	1872297	7558348.00
20140130	3.96	4.00	3.94	3.95	1847610	7408697.00
20140207	3.93	4.00	3.86	4.00	1892952	7568748.00
20140210	3.99	4.14	3.97	4.10	5190755	21551604.00
20140211	4.09	4.15	4.07	4.13	5508827	22929384.00
20140212	4.13	4.21	4.10	4.19	6311769	26591212.00
20140213	4.17	4.18	4.08	4.09	4250756	17781580.00
20140214	4.08	4.14	4.07	4.12	3219172	13385822.00
20140217	4.12	4.20	4.11	4.18	5453831	22943592.00
20140218	4.18	4.20	4.09	4.12	5754847	24047460.00
20140219	4.13	4.23	4.11	4.20	6415262	27168328.00
20140220	4.23	4.31	4.17	4.30	10373091	44565296.00
20140221	4.33	4.59	4.26	4.39	20751316	93146784.00
20140224	4.34	4.36	4.08	4.10	13621282	57332500.00
20140225	4.06	4.17	3.98	4.00	10555044	43611968.00
20140226	4.01	4.04	3.93	3.99	4407007	17746812.00
20140227	3.98	4.02	3.93	3.95	5589281	22409116.00
20140228	3.95	3.97	3.81	3.90	5434190	21431244.00
20140303	3.90	3.97	3.87	3.96	3763880	14989886.00
20140304	3.95	3.96	3.89	3.93	4174444	16588027.00
20140305	3.96	3.96	3.89	3.93	4165493	16512970.00
20140306	3.90	4.01	3.86	4.00	6703066	26812100.00
20140307	3.99	4.01	3.94	3.95	3568787	14337503.00
20140310	3.93	3.93	3.73	3.75	3942056	15286080.00
20140311	3.75	3.93	3.74	3.82	5881126	22716108.00
20140312	3.80	3.95	3.78	3.92	5112624	20072500.00
20140313	3.92	3.94	3.86	3.90	3458758	13648967.00
20140314	3.88	3.90	3.80	3.84	2706430	10561201.00
20140317	3.83	3.89	3.81	3.87	2758618	10765257.00
20140318	3.88	3.88	3.84	3.86	2673158	10448648.00
20140319	3.86	4.07	3.75	4.01	13975083	55561048.00
20140320	4.01	4.33	3.99	4.04	20070764	84586080.00
20140321	4.05	4.24	4.03	4.20	11496164	48589824.00
20140324	4.22	4.59	4.16	4.42	20797784	91737384.00
20140325	4.38	4.47	4.31	4.38	8787069	38842908.00
20140326	4.37	4.59	4.30	4.48	13868115	62292428.00
20140327	4.49	4.69	4.42	4.59	19887603	91917640.00
20140328	4.55	4.75	4.32	4.47	20458154	93987240.00
20140331	4.45	4.57	4.27	4.38	11593347	51167832.00
20140401	4.32	4.55	4.32	4.49	15811265	71071272.00
20140402	4.53	4.74	4.50	4.58	19684732	91506624.00
20140403	4.53	4.59	4.30	4.30	12562915	56184476.00
20140404	4.29	4.38	4.26	4.33	5370183	23510260.00
20140408	4.32	4.38	4.25	4.35	6796373	29720332.00
20140409	4.35	4.45	4.28	4.40	7105140	31451396.00
20140410	4.39	4.39	4.32	4.36	5690098	25064666.00
20140411	4.36	4.38	4.29	4.30	4955207	21649332.00
20140414	4.30	4.36	4.30	4.33	3442039	15096282.00
20140415	4.32	4.37	4.27	4.28	4399197	19203012.00
20140416	4.28	4.32	4.21	4.24	4181896	18008184.00
20140417	4.25	4.25	4.09	4.12	8370718	35253488.00
20140418	4.13	4.19	4.03	4.18	6858333	28479720.00
20140421	4.13	4.27	4.12	4.16	5236560	22252728.00
20140422	4.17	4.24	4.05	4.14	3721183	15598008.00
20140423	4.14	4.20	4.09	4.11	3507903	14695101.00
20140424	4.13	4.20	4.07	4.11	3030599	12702581.00
20140425	4.11	4.15	3.85	4.03	7377396	29901264.00
20140428	3.97	3.98	3.75	3.79	9199717	35468204.00
20140429	3.79	3.87	3.74	3.85	5962916	22919836.00
20140430	3.85	3.86	3.77	3.80	3982142	15380253.00
20140505	3.79	3.83	3.78	3.82	1855679	7158980.00
20140506	3.82	3.84	3.75	3.80	4399879	16919390.00
20140507	3.80	3.80	3.74	3.75	2810409	10715478.00
20140508	3.76	3.84	3.73	3.80	3153733	12159712.00
20140509	3.80	3.80	3.76	3.78	1885094	7209913.00
20140512	3.80	3.86	3.75	3.84	5119399	19821580.00
20140513	3.84	3.87	3.82	3.85	2610607	10163684.00
20140514	3.85	3.93	3.83	3.84	3551373	13886268.00
20140515	3.81	3.83	3.73	3.74	3777356	14421669.00
20140516	3.74	3.78	3.65	3.74	3027730	11381836.00
20140519	3.73	3.74	3.66	3.69	1733798	6471256.00
20140520	3.71	3.72	3.66	3.68	1722573	6449890.00
20140521	3.66	3.71	3.65	3.70	1343130	5017833.00
20140522	3.70	3.91	3.70	3.77	6256603	24162852.00
20140523	3.77	3.82	3.74	3.79	4518145	17272660.00
20140526	3.79	3.81	3.76	3.77	2285489	8760956.00
20140527	3.77	3.79	3.74	3.74	3187533	12126335.00
20140528	3.76	3.77	3.68	3.75	3880752	14682962.00
20140529	3.75	3.76	3.70	3.71	1789161	6765004.00
20140530	3.71	3.73	3.68	3.71	2249146	8443955.00
20140603	3.71	3.72	3.69	3.70	1487859	5582133.00
20140604	3.72	3.72	3.65	3.67	2425094	9022577.00
20140605	3.68	3.69	3.60	3.66	4162829	15347942.00
20140606	3.65	3.65	3.51	3.59	5385973	19605456.00
20140609	3.57	3.60	3.51	3.55	2632680	9502580.00
20140610	3.54	3.60	3.52	3.57	4448931	16070040.00
20140611	3.57	3.57	3.52	3.54	4141109	14891748.00
20140612	3.55	3.55	3.48	3.49	4280249	15230667.00
20140613	3.49	3.52	3.47	3.49	4171012	14790477.00
20140616	3.51	3.55	3.50	3.54	3597642	12884029.00
20140617	3.53	3.54	3.51	3.53	2133580	7628389.00
20140618	3.54	3.54	3.48	3.50	2525405	9003654.00
20140619	3.50	3.57	3.46	3.47	4501255	16080317.00
20140620	3.47	3.47	3.39	3.45	2924653	10168435.00
20140623	3.45	3.49	3.43	3.48	1960953	6874957.00
20140624	3.46	3.50	3.46	3.50	2567455	8983166.00
20140625	3.50	3.50	3.44	3.46	2172968	7562210.00
20140626	3.46	3.51	3.46	3.49	3570794	12541514.00
20140627	3.48	3.55	3.47	3.53	5009311	17776772.00
20140630	3.54	3.57	3.52	3.56	2873862	10247140.00
20140701	3.56	3.57	3.52	3.57	7082627	25276760.00
20140702	3.57	3.60	3.55	3.58	4358535	15673337.00
20140703	3.56	3.60	3.56	3.59	7066843	25465644.00
20140704	3.58	3.59	3.55	3.58	3516197	12624896.00
20140707	3.58	3.83	3.56	3.70	14445949	53644600.00
20140708	3.67	3.79	3.64	3.74	10641792	39877600.00
20140709	3.74	3.97	3.74	3.86	22562677	88239608.00
20140710	3.83	3.95	3.78	3.88	13110051	51010248.00
20140711	3.84	4.27	3.84	4.21	33134437	138105696.00
20140714	4.09	4.28	4.07	4.19	17967404	74897488.00
20140715	4.25	4.39	4.16	4.26	19272408	82638968.00
20140716	4.20	4.28	4.01	4.13	11437825	47324968.00
20140717	4.11	4.11	3.98	4.06	7988293	32435212.00
20140718	4.04	4.08	3.91	3.94	14950744	59886252.00
20140721	3.94	4.08	3.92	4.00	8724564	35315088.00
20140722	3.98	4.13	3.96	4.12	11007280	45074352.00
20140723	4.09	4.27	4.07	4.26	13166361	55894912.00
20140724	4.33	4.36	4.17	4.19	11427102	48855016.00
20140725	4.26	4.26	4.08	4.14	7735064	32276794.00
20140728	4.14	4.21	4.14	4.17	6592055	27636140.00
20140729	4.19	4.26	4.12	4.16	7184451	30055648.00
20140730	4.15	4.15	4.03	4.09	10282365	42136500.00
20140731	4.09	4.11	4.05	4.10	6070469	24899072.00
20140801	4.08	4.11	4.02	4.06	6564154	26846300.00
20140804	4.05	4.19	4.04	4.18	7906365	32718134.00
20140805	4.18	4.19	4.10	4.15	5600101	23254580.00
20140806	4.13	4.16	4.07	4.14	5619441	23255264.00
20140807	4.14	4.20	4.06	4.06	7112923	29380618.00
20140808	4.04	4.08	3.99	4.05	5722528	23193286.00
20140811	4.08	4.12	4.05	4.11	5742468	23592456.00
20140812	4.11	4.11	4.06	4.08	3769351	15466686.00
20140813	4.08	4.12	4.05	4.08	6143127	25181936.00
20140814	4.09	4.16	4.07	4.08	9623304	39827132.00
20140815	4.08	4.13	4.08	4.11	7459809	30782634.00
20140818	4.12	4.17	4.12	4.16	10360999	43224684.00
20140819	4.18	4.20	4.14	4.18	8556879	35771812.00
20140820	4.19	4.60	4.17	4.48	38067320	169406512.00
20140821	4.47	4.49	4.33	4.40	15197249	67208960.00
20140822	4.40	4.56	4.35	4.45	11358713	51024332.00
20140825	4.46	4.50	4.36	4.36	8546162	38035968.00
20140826	4.37	4.45	4.20	4.24	10824353	47098880.00
20140827	4.24	4.40	4.20	4.35	8326947	36009768.00
20140828	4.29	4.48	4.29	4.36	13282526	58992916.00
20140829	4.38	4.50	4.38	4.48	8294285	37213240.00
20140901	4.48	4.54	4.43	4.51	6718239	30304748.00
20140902	4.53	4.53	4.44	4.50	11726610	52727992.00
20140903	4.49	4.51	4.45	4.48	8899305	39999320.00
20140904	4.49	4.66	4.45	4.58	17606095	80654320.00
20140905	4.59	5.02	4.54	4.86	30836011	149624368.00
20140909	4.86	5.10	4.86	5.03	18732269	94265792.00
20140910	5.03	5.03	4.86	4.90	15085165	74546936.00
20140911	4.93	4.97	4.83	4.87	8940686	44025568.00
20140912	4.87	5.15	4.84	5.04	13267953	66981508.00
20140915	5.06	5.14	4.97	5.06	18902884	96071720.00
20140916	5.06	5.10	4.85	4.87	12945958	64771360.00
20140917	4.87	4.95	4.78	4.83	11430760	55790496.00
20140918	4.88	4.89	4.68	4.77	15235731	72966720.00
20140919	4.77	4.87	4.74	4.81	10622462	51213764.00
20140922	4.81	4.89	4.80	4.81	15645484	76074920.00
20140923	4.81	4.97	4.81	4.92	15773962	77656000.00
20140924	4.88	5.09	4.86	5.01	19160211	96548688.00
20140925	5.02	5.07	4.88	4.96	16526395	82476592.00
20140926	4.91	5.46	4.91	5.37	38075552	201282672.00
20140929	5.35	5.56	5.28	5.44	19887632	107985192.00
20140930	5.47	5.74	5.47	5.55	16916243	94739264.00
20141008	5.59	5.63	5.49	5.54	11653849	64964536.00
20141009	5.54	5.55	5.36	5.47	13597511	74110520.00
20141010	5.43	5.61	5.43	5.57	13166758	73151272.00
20141013	5.57	6.07	5.50	6.00	22954377	133293952.00
20141014	6.00	6.03	5.80	5.86	12781947	75887624.00
20141015	5.86	5.89	5.73	5.83	11616162	67607056.00
20141016	5.83	6.03	5.68	5.70	12091563	71048344.00
20141017	5.70	5.75	5.30	5.42	19187935	104960680.00
20141020	5.46	5.54	5.40	5.51	7445399	40876656.00
20141021	5.48	5.57	5.31	5.36	9772046	53351484.00
20141022	5.33	5.41	5.10	5.13	12768411	67394248.00
20141023	5.12	5.13	4.88	4.99	17282362	86581736.00
20141024	4.98	5.06	4.96	5.01	6987538	35179432.00
20141027	5.00	5.18	4.97	5.09	8867343	45247572.00
20141028	5.09	5.28	5.09	5.19	12836517	67318432.00
20141029	5.21	5.55	5.16	5.51	24317496	130151048.00
20141030	5.46	5.55	5.38	5.47	19420430	106603728.00
20141031	5.47	5.92	5.46	5.70	33081120	188781120.00
20141103	5.68	5.70	5.53	5.59	21280109	119751424.00
20141104	5.60	5.72	5.38	5.41	18213805	102129184.00
20141105	5.42	5.91	5.42	5.76	36426372	209697584.00
20141106	5.79	5.98	5.73	5.83	23541341	138645360.00
20141107	5.81	5.89	5.67	5.82	23003786	133695816.00
20141110	5.75	5.82	5.58	5.66	21892877	124319440.00
20141111	5.70	6.09	5.66	6.08	41623961	243174992.00
20141112	6.03	6.41	5.91	6.18	36563953	227086608.00
20141113	6.13	6.39	5.99	6.07	30736894	190871936.00
20141114	6.08	6.19	5.89	6.05	22174468	134936864.00
20141117	6.09	6.17	6.02	6.08	14778905	90399760.00
20141118	6.10	6.43	5.98	6.38	18531457	116496048.00
20141119	6.30	6.66	6.30	6.45	25461048	166155376.00
20141120	6.45	6.63	6.36	6.59	17812306	116460224.00
20141121	6.55	6.93	6.51	6.92	21348903	145173984.00
20141124	7.05	7.28	6.71	6.82	47446439	332661888.00
20141125	6.73	7.00	6.70	6.84	26962627	186134864.00
20141126	6.84	6.84	6.51	6.66	29432301	196284080.00
20141127	6.58	6.76	6.58	6.66	19537149	130187448.00
20141128	6.66	7.04	6.61	6.91	29056953	200708480.00
20141201	6.95	6.98	6.51	6.57	26983290	179852096.00
20141202	6.58	6.66	6.48	6.61	16378700	108000624.00
20141203	6.64	6.86	6.45	6.64	22028447	146809168.00
20141204	6.68	6.74	6.56	6.66	19488158	129745392.00
20141205	6.65	6.72	6.35	6.60	21605711	142142160.00
20141208	6.59	6.61	6.38	6.46	17326237	112738968.00
20141209	6.43	6.43	5.98	6.05	25523435	160362592.00
20141210	6.03	6.37	5.96	6.31	12681101	78332712.00
20141211	6.30	6.86	6.26	6.86	24441599	162637536.00
20141212	6.86	6.91	6.66	6.87	14537971	99033584.00
20141215	6.78	6.86	6.59	6.82	14390357	96784624.00
20141216	6.75	6.81	6.57	6.61	17184339	114473376.00
20141217	6.57	6.62	6.26	6.35	22812203	145899728.00
20141218	6.34	6.51	6.28	6.41	9208042	59489508.00
20141219	6.41	6.43	6.15	6.18	13482818	84363680.00
20141222	6.13	6.18	5.63	5.91	21872509	130345376.00
20141223	5.89	6.05	5.66	5.92	16831185	98906288.00
20141224	5.88	5.98	5.78	5.79	9847188	57992892.00
20141225	5.77	6.00	5.60	5.98	19359286	111890800.00
20141226	5.89	6.02	5.62	5.68	36064748	207109568.00
20141229	5.68	5.68	5.38	5.49	26702919	147804384.00
20141230	5.46	5.69	5.41	5.60	16800948	94243792.00
20141231	5.56	5.74	5.48	5.66	14894436	84283800.00
20150105	5.74	5.91	5.68	5.76	20121713	117085328.00
20150106	5.67	5.67	5.50	5.63	14546882	81518552.00
20150107	5.62	5.68	5.52	5.60	14497579	81334800.00
20150108	5.60	5.63	5.49	5.53	10905868	60568996.00
20150109	5.49	5.62	5.37	5.38	12499209	69154288.00
20150112	5.38	5.51	5.35	5.44	9345310	50832952.00
20150113	5.44	5.44	5.22	5.26	11675429	62302336.00
20150114	5.25	5.25	5.08	5.09	12446847	64318744.00
20150115	5.08	5.25	5.03	5.22	9917300	51380808.00
20150116	5.25	5.36	5.17	5.28	9464800	50227180.00
20150119	5.18	5.23	4.90	4.97	11934205	60923516.00
20150120	4.99	5.22	4.99	5.21	8596489	44123536.00
20150121	5.22	5.55	5.18	5.46	17326540	93549512.00
20150122	5.46	5.62	5.38	5.55	14463200	79902248.00
20150123	5.56	5.58	5.46	5.51	8423847	46508548.00
20150126	5.51	5.60	5.36	5.54	12474016	68611808.00
20150127	5.54	5.66	5.44	5.51	12433298	69208096.00
20150128	5.50	5.83	5.44	5.74	25055812	142082512.00
20150129	5.69	5.80	5.57	5.64	12051453	68754552.00
20150130	5.61	5.73	5.58	5.64	7712223	43814712.00
20150202	5.58	5.63	5.33	5.40	10873802	59895048.00
20150203	5.41	5.49	5.27	5.48	11841831	64137088.00
20150204	5.48	5.73	5.47	5.64	14945345	84237368.00
20150205	5.78	5.80	5.55	5.61	11426493	64517388.00
20150206	5.61	5.73	5.38	5.50	8899053	49739128.00
20150209	5.46	5.48	5.26	5.36	8789315	47075284.00
20150210	5.28	5.48	5.28	5.38	6178926	33327274.00
20150211	5.38	5.48	5.32	5.40	6238726	33859664.00
20150212	5.40	5.56	5.39	5.54	8608329	47390480.00
20150213	5.57	5.71	5.54	5.64	14087905	79652824.00
20150216	5.64	5.75	5.63	5.72	11614458	66374220.00
20150217	5.74	5.77	5.62	5.63	9012066	51287424.00
20150225	5.66	5.75	5.55	5.66	11822998	66964412.00
20150226	5.63	6.23	5.63	6.23	35670890	217695088.00
20150227	6.33	6.66	6.13	6.52	48643076	311475392.00
20150302	6.59	6.85	6.50	6.57	34308588	230135232.00
20150303	6.55	6.72	6.31	6.70	30696616	201140464.00
20150304	6.66	7.23	6.61	7.16	46730168	327420352.00
20150305	7.17	7.43	7.01	7.14	31512884	227408304.00
20150306	7.12	7.24	6.91	6.97	21204090	149789056.00
20150309	6.95	7.08	6.74	7.00	16611006	115235040.00
20150310	7.07	7.55	7.01	7.43	25588706	189286064.00
20150311	7.38	7.53	7.19	7.34	17367218	127333064.00
20150312	7.29	7.36	7.05	7.13	17906129	129153368.00
20150313	7.15	7.23	7.07	7.15	12703941	90896192.00
20150316	7.22	7.66	7.15	7.56	25812668	193413776.00
20150317	7.56	7.63	7.33	7.47	25022762	187895040.00
20150318	7.48	8.22	7.38	8.22	33055567	263813264.00
20150319	8.24	8.37	7.98	8.20	23869088	195098704.00
20150320	8.18	8.59	8.08	8.20	29932832	248193424.00
20150323	8.20	8.34	8.07	8.24	31033392	256168464.00
20150324	8.26	8.28	7.79	8.08	33435327	269371424.00
20150325	8.01	8.01	7.51	7.71	42718338	331409152.00
20150326	7.64	7.89	7.46	7.78	41531612	320098368.00
20150327	7.71	7.97	7.66	7.91	22516915	176867200.00
20150330	7.87	8.24	7.82	8.07	28006828	225850992.00
20150331	8.30	8.32	7.80	7.87	29676866	240213088.00
20150401	7.83	8.07	7.77	7.92	19918019	157823424.00
20150402	7.88	8.25	7.88	8.19	29461709	238575392.00
20150403	8.18	8.31	8.06	8.25	26715233	220081408.00
20150407	8.27	9.07	8.20	8.77	43930871	381767744.00
20150408	8.83	9.32	8.68	8.98	41108380	373313504.00
20150409	9.02	9.47	8.63	9.45	43601548	397694048.00
20150410	9.28	9.56	9.13	9.47	31738222	297744896.00
20150413	9.47	9.48	9.19	9.34	30252249	282700608.00
20150414	9.17	9.26	8.92	8.99	34812712	315964032.00
20150415	9.03	9.26	8.77	9.02	30862559	279150208.00
20150416	8.90	9.18	8.78	9.03	23943033	216607808.00
20150417	9.12	9.24	8.88	8.92	28460976	256817008.00
20150420	9.03	9.06	8.61	8.80	31113366	276129088.00
20150421	8.75	9.03	8.70	9.00	23410187	208271152.00
20150422	9.01	9.34	8.89	9.32	29205076	268006752.00
20150423	9.32	9.34	9.08	9.17	29958753	276064448.00
20150424	9.14	9.87	8.97	9.67	36727284	346537088.00
20150427	9.98	10.08	9.55	9.81	37780302	372633120.00
20150428	9.90	9.90	8.98	9.23	29558545	283889472.00
20150429	9.28	9.38	9.02	9.31	25732898	237732608.00
20150430	9.37	9.45	9.20	9.24	17705360	165161952.00
20150504	9.23	9.48	9.19	9.28	17763051	165877728.00
20150505	9.28	9.48	9.03	9.28	21988955	204456096.00
20150506	9.29	9.46	8.89	8.98	18869004	174444688.00
20150507	8.90	8.99	8.16	8.24	21822541	185954736.00
20150508	8.33	8.46	8.01	8.31	20101269	165877504.00
20150511	8.44	8.97	8.33	8.83	23137321	200873024.00
20150512	8.87	9.06	8.78	8.93	16995633	151614000.00
20150513	8.88	8.99	8.53	8.86	17402370	153408992.00
20150514	8.87	8.93	8.58	8.82	17627190	155372432.00
20150515	8.87	8.87	8.44	8.46	14887708	128032112.00
20150518	8.49	9.31	8.49	9.31	36232769	326183520.00
20150519	9.45	10.24	9.33	9.97	53010159	529806400.00
20150520	10.07	10.77	9.74	10.07	43818152	446553344.00
20150521	10.03	10.55	9.83	10.27	33360313	342877792.00
20150522	10.32	10.33	9.99	10.26	29539940	301413920.00
20150525	10.23	10.45	10.00	10.40	40726048	420385376.00
20150526	10.45	11.14	10.38	10.92	43022127	463329344.00
20150527	10.98	11.33	10.66	11.06	40224146	442325312.00
20150528	11.23	11.48	9.99	10.03	42893762	468317376.00
20150529	9.98	10.54	9.38	10.49	37184806	374935008.00
20150601	10.48	11.24	10.40	11.17	39304277	429686528.00
20150602	11.16	11.45	10.88	11.37	38287562	429520160.00
20150603	11.37	12.51	11.33	12.51	46459895	570545344.00
20150604	13.13	13.76	11.92	13.76	68053521	889802752.00
20150605	14.03	15.07	13.99	14.25	53866397	780412288.00
20150608	13.98	14.07	13.33	13.49	40980558	559195136.00
20150609	13.49	13.49	12.74	13.03	28990560	380355744.00
20150610	13.18	14.34	13.13	14.34	20064898	277549312.00
20150611	14.99	15.38	14.41	14.57	44441042	659433088.00
20150612	14.69	15.00	14.18	14.58	40383268	590234048.00
20150615	14.93	16.04	14.48	14.98	51254824	780005248.00
20150616	15.00	15.76	14.68	15.45	43591247	665504192.00
20150617	15.18	15.28	14.14	14.99	34703707	512086496.00
20150618	15.03	15.31	14.36	14.40	28880531	432007328.00
20150619	13.48	14.26	12.96	12.96	23000599	312081664.00
20150623	12.98	13.23	11.66	12.39	26318494	320416992.00
20150624	12.59	13.07	12.28	12.61	26579248	336337984.00
20150625	12.66	12.88	11.35	11.55	22722259	281613728.00
20150626	11.09	11.23	10.39	10.39	24160668	255940992.00
20150629	10.79	10.88	9.35	9.35	34398061	336948864.00
20150630	9.08	9.78	8.41	9.75	44167698	397735680.00
20150701	9.38	9.94	8.77	8.77	32121538	304339616.00
20150702	8.62	8.73	7.89	7.89	30493690	249953904.00
20150703	7.11	7.93	7.10	7.10	35104289	254702112.00
20150706	7.81	7.81	6.39	6.42	55619546	377111264.00
20150707	6.30	6.30	5.78	5.78	23372615	138972944.00
20150713	6.36	6.36	6.36	6.36	1022565	6523965.00
20150714	7.00	7.00	7.00	7.00	2997829	21044760.00
20150715	7.70	7.70	6.52	6.58	84311149	617219136.00
20150716	6.00	7.02	6.00	6.90	49848257	329932096.00
20150717	6.91	7.59	6.79	7.59	46769880	342911456.00
20150720	7.64	8.20	7.55	7.99	62380532	489888416.00
20150721	7.89	8.29	7.59	8.09	43692035	351553664.00
20150722	7.99	8.18	7.69	8.00	38842352	309754944.00
20150723	8.31	8.66	8.07	8.55	47901223	401549856.00
20150724	8.55	8.75	8.10	8.26	40407897	343879488.00
20150727	8.14	8.48	7.43	7.43	34750799	278222976.00
20150728	6.82	7.56	6.69	6.87	43611041	302298368.00
20150729	7.05	7.52	6.87	7.48	30963122	221063456.00
20150730	7.44	7.82	7.24	7.40	33702428	255816048.00
20150731	7.32	7.68	7.19	7.34	21287347	157920352.00
20150803	7.22	7.31	6.61	6.61	28473383	197306992.00
20150804	6.65	7.27	6.65	7.27	29458951	206351088.00
20150805	7.28	7.96	7.19	7.83	45679529	349013056.00
20150806	7.54	8.21	7.54	8.11	31946596	255591056.00
20150807	8.34	8.58	8.20	8.37	31146837	261704528.00
20150810	8.37	8.78	8.36	8.63	32724012	282613632.00
20150811	8.60	9.33	8.49	9.09	36176616	322256640.00
20150812	9.04	9.04	8.56	8.58	29040613	256471392.00
20150813	8.67	9.44	8.19	9.17	47956868	416357152.00
20150814	9.18	9.67	8.74	9.19	42110377	387895936.00
20150817	9.10	9.34	8.83	9.26	31179659	284218464.00
20150818	9.33	9.38	8.33	8.33	36661532	323138048.00
20150819	7.89	8.64	7.59	8.50	28059883	228125872.00
20150820	8.34	8.45	7.89	7.91	21829611	178664432.00
20150821	7.74	7.93	7.17	7.21	25018763	189609152.00
20150824	6.84	6.93	6.49	6.49	19987989	130766784.00
20150825	5.84	6.01	5.84	5.84	27016967	158318880.00
20150826	5.89	6.09	5.26	5.27	43842921	245651072.00
20150827	5.43	5.63	5.12	5.60	28619628	153759680.00
20150828	5.72	6.16	5.64	6.16	33752787	198921520.00
20150831	6.08	6.08	5.65	5.67	23856932	139970048.00
20150901	5.66	5.89	5.10	5.16	27138088	147273168.00
20150902	4.91	5.38	4.84	5.04	25662147	129364720.00
20150907	5.17	5.40	5.10	5.15	20526450	107632736.00
20150908	5.17	5.55	5.09	5.51	16408438	87085872.00
20150909	5.54	5.86	5.49	5.82	28489290	162298512.00
20150910	5.72	5.92	5.60	5.64	23445291	135112672.00
20150911	5.67	5.80	5.58	5.73	14371179	81866488.00
20150914	5.74	5.81	5.16	5.16	17541140	95003728.00
20150915	4.90	5.08	4.64	4.64	24047695	115883472.00
20150916	4.73	5.11	4.66	5.11	19404140	94290616.00
20150917	5.17	5.39	5.01	5.03	25431839	132412776.00
20150918	5.04	5.24	5.01	5.16	16029335	82214416.00
20150921	5.08	5.66	5.03	5.64	24308139	131639064.00
20150922	5.69	5.69	5.37	5.50	29172928	161330128.00
20150923	5.40	5.45	5.20	5.30	16672214	89406344.00
20150924	5.37	5.55	5.30	5.47	19437883	106217416.00
20150925	5.40	5.47	5.04	5.16	14790872	77795560.00
20150928	5.16	5.41	5.08	5.34	8934499	47061796.00
20150929	5.19	5.27	5.07	5.18	8517177	44190304.00
20150930	5.23	5.25	5.13	5.18	5658300	29452338.00
20151008	5.36	5.53	5.31	5.39	13462417	73038032.00
20151009	5.37	5.57	5.32	5.55	18372743	100872752.00
20151012	5.68	6.11	5.65	6.11	22644086	135517088.00
20151013	6.17	6.58	6.14	6.48	66405900	424758880.00
20151014	6.31	6.48	6.12	6.20	34010266	213500288.00
20151015	6.14	6.43	6.11	6.34	32439707	203910112.00
20151016	6.57	6.87	6.46	6.64	47707599	316542912.00
20151019	6.64	6.77	6.34	6.46	35249435	232338576.00
20151020	6.49	7.04	6.46	6.89	47879850	324205408.00
20151021	6.89	6.90	6.20	6.23	36393544	240098384.00
20151022	6.23	6.85	6.21	6.85	34415085	227110784.00
20151023	7.05	7.50	7.01	7.44	45096035	326376576.00
20151026	7.67	7.67	7.00	7.16	50254955	364002816.00
20151027	7.15	7.26	6.60	7.15	25711250	179414304.00
20151028	7.09	7.39	6.79	6.94	24169322	171071760.00
20151029	6.94	7.07	6.77	7.01	16667843	115743584.00
20151030	6.99	7.04	6.74	6.83	14302099	98539864.00
20151102	6.69	6.84	6.56	6.57	13664205	91058408.00
20151103	6.59	6.74	6.49	6.57	14395031	95081248.00
20151104	6.59	7.08	6.58	6.97	22603189	155338592.00
20151105	6.99	7.12	6.84	6.94	25074992	174998064.00
20151106	6.92	7.15	6.92	7.08	23243193	164038080.00
20151109	7.03	7.22	6.99	7.16	22027786	156905936.00
20151110	7.10	7.38	7.04	7.33	28920004	208460176.00
20151111	7.34	7.47	7.25	7.34	28346491	208994176.00
20151112	7.38	7.42	6.95	7.12	41641824	297681408.00
20151113	6.99	7.03	6.66	6.80	28491562	195333488.00
20151116	6.66	6.90	6.62	6.88	15183944	102734400.00
20151117	6.98	7.07	6.70	6.77	23553730	162970064.00
20151118	6.77	7.13	6.72	6.86	24518023	170261808.00
20151119	6.86	6.90	6.70	6.89	15496610	105713512.00
20151120	6.88	7.04	6.85	6.95	17420677	121582232.00
20151123	7.01	7.27	6.98	7.04	25388702	181160816.00
20151124	7.03	7.17	6.87	7.16	25531797	179951760.00
20151125	7.13	7.49	7.12	7.43	33979068	248939600.00
20151126	7.42	7.57	7.23	7.27	28346010	208880832.00
20151127	7.27	7.56	6.99	7.38	44571343	326973888.00
20151130	7.34	8.12	7.21	8.12	56195778	439659776.00
20151201	8.29	8.93	8.12	8.58	87557549	747144128.00
20151202	8.47	8.53	7.84	8.13	50254027	413467328.00
20151203	8.35	8.79	8.08	8.57	44431281	374915872.00
20151204	8.37	8.71	8.15	8.58	40244253	338537376.00
20151207	8.58	8.77	8.32	8.48	29155402	249412432.00
20151208	8.37	8.39	7.89	7.97	23955499	194998672.00
20151209	7.94	8.48	7.77	8.48	30713388	252370224.00
20151210	8.29	8.46	8.04	8.13	17170444	142051024.00
20151211	8.16	8.16	7.79	7.88	11409338	90296056.00
20151214	7.83	8.08	7.76	8.00	13755183	108955104.00
20151215	8.00	8.24	7.99	8.02	17427046	141174528.00
20151216	8.09	8.22	7.94	7.99	13729669	111168496.00
20151217	8.06	8.45	8.06	8.38	26928297	224163904.00
20151218	8.38	8.73	8.15	8.50	33202879	279846656.00
20151221	8.41	8.65	8.34	8.49	20831029	176357328.00
20151222	8.49	8.58	8.18	8.32	20962115	175005824.00
20151223	8.30	8.72	8.24	8.60	34222520	289652608.00
20151224	8.50	8.57	8.10	8.13	21360783	176681488.00
20151225	8.16	8.20	7.90	8.04	17012680	136283472.00
20151228	7.88	7.99	7.26	7.33	72825670	548984448.00
20151229	7.33	7.37	6.98	7.17	49599352	352288864.00
20151230	7.11	7.46	7.10	7.28	38456894	280547072.00
20151231	7.29	7.41	7.24	7.26	20556339	150789728.00
20160104	7.11	7.25	6.53	6.53	30348579	205316960.00
20160105	6.15	6.45	5.88	6.07	44527307	271561408.00
20160106	6.13	6.29	6.05	6.27	31651455	195981488.00
20160107	6.19	6.19	5.64	5.64	7385500	43271996.00
20160108	5.79	5.84	5.20	5.61	38419783	217660928.00
20160111	5.46	5.63	5.05	5.05	43014196	227981168.00
20160112	5.04	5.15	4.89	5.13	34387541	174038032.00
20160113	5.15	5.34	4.93	4.99	31665092	163869872.00
20160114	4.82	5.23	4.80	5.18	28562672	144204272.00
20160115	5.13	5.22	4.79	4.86	28943652	145783984.00
20160118	4.74	5.14	4.74	5.04	21927462	109149376.00
20160119	5.03	5.31	4.99	5.26	36503156	190008288.00
20160120	5.39	5.54	5.32	5.40	55998187	304610880.00
20160121	5.24	5.39	5.02	5.06	29132035	152965600.00
20160122	5.12	5.16	4.86	5.11	31534022	158641248.00
20160125	5.14	5.21	5.06	5.15	22352615	115198296.00
20160126	5.08	5.09	4.63	4.67	35312864	171677888.00
20160127	4.68	4.71	4.25	4.54	31724574	142939664.00
20160128	4.46	4.59	4.23	4.31	22532733	99958504.00
20160129	4.29	4.56	4.24	4.49	29113958	128793144.00
20160201	4.50	4.50	4.23	4.35	21569262	94730968.00
20160202	4.36	4.61	4.34	4.57	26919093	121885128.00
20160203	4.59	4.76	4.49	4.66	34941688	162053856.00
20160204	4.66	4.77	4.62	4.70	29969609	140817968.00
20160205	4.69	4.71	4.54	4.57	21743183	100910144.00
20160215	4.43	4.55	4.35	4.52	16663478	74484080.00
20160216	4.56	4.89	4.56	4.80	33798806	160717808.00
20160217	4.78	5.05	4.71	4.95	50325261	244216176.00
20160218	4.95	4.98	4.83	4.87	38154180	187463488.00
20160219	4.84	4.93	4.80	4.90	25768069	125607160.00
20160222	5.01	5.06	4.93	5.03	35864824	179724624.00
20160223	5.01	5.03	4.85	4.93	24721198	122292008.00
20160224	4.91	4.98	4.81	4.98	34710184	170887520.00
20160225	4.98	4.98	4.48	4.48	39198339	183811392.00
20160226	4.52	4.55	4.37	4.48	23983612	108010680.00
20160229	4.52	4.71	4.23	4.38	38054680	169580464.00
20160301	4.40	4.68	4.32	4.51	47470937	214354464.00
20160302	4.49	4.96	4.47	4.96	75045054	359260896.00
20160303	5.22	5.46	5.10	5.22	169741160	901952128.00
20160304	5.23	5.74	5.10	5.49	223193506	1223908992.00
20160307	5.46	5.58	5.29	5.43	131493349	715725632.00
20160308	5.35	5.36	4.90	5.22	101717054	521431488.00
20160309	5.04	5.29	4.95	5.13	82942563	426879040.00
20160310	5.09	5.16	4.68	4.81	73736672	365633248.00
20160311	4.70	4.80	4.63	4.74	40916833	193233808.00
20160314	4.79	5.01	4.78	4.94	61235748	301661376.00
20160315	4.88	4.92	4.72	4.80	40791508	196664672.00
20160316	4.82	4.86	4.59	4.67	37577696	177800576.00
20160317	4.73	4.88	4.69	4.83	48229643	231687968.00
20160318	4.91	5.09	4.88	5.02	70812042	354501472.00
20160321	5.12	5.27	5.04	5.25	64311980	331844160.00
20160322	5.19	5.22	5.09	5.11	51291369	264235712.00
20160323	5.09	5.21	5.07	5.16	40017012	205756768.00
20160324	5.11	5.28	5.05	5.12	53093014	274515072.00
20160325	5.09	5.23	5.09	5.20	40548530	210121632.00
20160328	5.26	5.34	5.17	5.25	63975603	335053344.00
20160329	5.22	5.74	5.22	5.56	135951270	748816704.00
20160330	5.49	5.66	5.39	5.61	78242872	433205088.00
20160331	5.64	5.72	5.45	5.48	51119418	283887680.00
20160401	5.44	5.47	5.23	5.37	41485619	221945888.00
20160405	5.37	5.55	5.33	5.54	44418264	242543872.00
20160406	5.51	5.64	5.47	5.58	47455438	263757296.00
20160407	5.64	6.12	5.59	5.94	109595751	641993024.00
20160408	5.82	5.94	5.69	5.85	46822273	273210944.00
20160411	5.91	6.38	5.84	6.01	53967058	327487296.00
20160412	5.94	6.17	5.71	5.74	55163145	326520608.00
20160413	5.83	6.06	5.74	5.93	50431394	298523360.00
20160414	5.95	6.04	5.81	5.92	27954116	165146592.00
20160415	5.90	5.95	5.78	5.91	22762354	133755328.00
20160418	5.87	5.87	5.75	5.78	18828222	109295392.00
20160419	5.81	5.87	5.77	5.81	15492997	90292024.00
20160420	5.84	5.84	5.23	5.37	45592366	249241616.00
20160421	5.35	5.42	5.19	5.28	23566343	126007984.00
20160422	5.22	5.38	5.16	5.35	28929158	152969440.00
20160425	5.34	5.34	5.14	5.24	19880749	104309816.00
20160426	5.26	5.45	5.25	5.40	23996702	128799768.00
20160427	5.44	5.49	5.34	5.35	20163767	109541944.00
20160428	5.35	5.43	5.16	5.39	22195588	117649168.00
20160429	5.34	5.40	5.32	5.35	12966628	69683344.00
20160503	5.28	5.45	5.24	5.44	28584766	153903472.00
20160504	5.41	5.49	5.34	5.42	23435376	127172688.00
20160505	5.40	5.41	5.32	5.41	15333190	82540240.00
20160506	5.40	5.45	5.09	5.11	29103154	153889536.00
20160509	5.09	5.09	4.76	4.82	28300481	138218944.00
20160510	4.82	4.90	4.75	4.80	13096402	63138968.00
20160511	4.84	4.88	4.69	4.76	11692766	56506272.00
20160512	4.70	4.73	4.59	4.72	15516835	72534096.00
20160513	4.70	4.78	4.66	4.70	14846273	70126576.00
20160516	4.70	4.75	4.62	4.74	13778121	64801096.00
20160517	4.75	4.77	4.69	4.72	13803472	65296408.00
20160518	4.68	4.68	4.45	4.51	16853719	77100816.00
20160519	4.53	4.61	4.49	4.50	11472294	52392072.00
20160520	4.46	4.62	4.40	4.61	12006845	54583788.00
20160523	4.59	4.74	4.59	4.68	13418588	62922696.00
20160524	4.65	4.67	4.56	4.61	10575053	48904700.00
20160525	4.64	4.69	4.52	4.57	12194400	56412416.00
20160526	4.56	4.62	4.46	4.58	13120936	59457464.00
20160527	4.57	4.64	4.53	4.60	11080570	51097556.00
20160530	4.58	4.67	4.54	4.60	11449161	52967044.00
20160531	4.60	4.83	4.60	4.80	27231639	129203848.00
20160601	4.80	4.86	4.76	4.80	18075500	87145136.00
20160602	4.84	4.89	4.80	4.89	21008996	102217560.00
20160603	4.92	4.92	4.82	4.87	17199124	84001384.00
20160606	4.90	4.90	4.83	4.88	16104306	78603584.00
20160607	4.89	4.90	4.79	4.84	14675672	70985368.00
20160608	4.86	4.89	4.83	4.85	12619409	61332556.00
20160613	4.80	4.81	4.51	4.54	14542780	68559648.00
20160614	4.50	4.58	4.49	4.56	13465564	60981256.00
20160615	4.52	4.71	4.49	4.68	16149357	74911984.00
20160616	4.65	4.67	4.57	4.61	12031137	55557988.00
20160617	4.61	4.70	4.60	4.65	12480840	58080824.00
20160620	4.63	4.65	4.49	4.62	12432101	56951152.00
20160621	4.64	4.68	4.55	4.60	14488023	67032772.00
20160622	4.60	4.65	4.57	4.65	10647036	49189168.00
20160623	4.64	4.68	4.59	4.67	11733080	54463944.00
20160624	4.68	4.69	4.45	4.56	15235999	69934240.00
20160627	4.51	4.65	4.51	4.63	14644161	67628896.00
20160628	4.62	4.69	4.60	4.69	17141089	79733448.00
20160629	4.70	4.75	4.69	4.71	15982100	75410504.00
20160630	4.72	4.94	4.68	4.84	40875133	197398112.00
20160701	4.85	4.87	4.75	4.80	20768040	99842584.00
20160704	4.76	4.97	4.75	4.94	29223672	142969600.00
20160705	4.94	4.96	4.87	4.91	19964310	97977064.00
20160706	4.93	4.97	4.89	4.91	15889200	78164936.00
20160707	4.91	4.94	4.83	4.88	14336500	70020504.00
20160708	4.87	4.93	4.86	4.91	12299300	60281388.00
20160711	4.90	4.93	4.84	4.85	19028000	93083728.00
20160712	4.84	4.90	4.78	4.90	20290500	98235344.00
20160713	4.91	5.02	4.90	5.02	34875000	173742080.00
20160714	5.01	5.03	4.96	4.99	14080000	70130600.00
20160715	4.97	5.07	4.97	4.99	14673800	73586696.00
20160718	4.99	5.00	4.89	4.90	15509000	76395160.00
20160719	4.91	4.93	4.86	4.93	10348300	50619568.00
20160720	4.93	4.97	4.88	4.93	9957900	49094048.00
20160721	4.93	4.97	4.90	4.94	12225500	60351856.00
20160722	4.93	4.99	4.90	4.91	14662600	72646664.00
20160725	4.91	4.96	4.90	4.96	11488000	56669448.00
20160726	4.96	5.02	4.94	5.01	20021100	99721552.00
20160727	5.03	5.03	4.68	4.75	31965756	154800032.00
20160728	4.72	4.77	4.68	4.71	13264453	62656552.00
20160729	4.91	5.08	4.83	4.86	34396618	169079648.00
20160801	4.80	4.83	4.61	4.73	19781647	93424144.00
20160802	4.74	4.82	4.72	4.80	11400407	54327864.00
20160803	4.80	4.92	4.78	4.88	17104088	83111448.00
20160804	4.88	5.19	4.81	5.11	48988907	245792304.00
20160805	5.07	5.12	5.02	5.04	26648428	134908912.00
20160808	5.02	5.15	4.98	5.10	26549640	135033648.00
20160809	5.07	5.11	5.05	5.08	17915700	90967056.00
20160810	5.10	5.11	5.01	5.02	16597900	83757184.00
20160811	5.01	5.05	4.95	4.96	14719327	73626848.00
20160812	4.96	5.19	4.95	5.17	38124088	194311120.00
20160815	5.13	5.33	5.13	5.24	49077638	256925840.00
20160816	5.25	5.32	5.21	5.23	34214650	179644192.00
20160817	5.21	5.25	5.13	5.22	25754997	133866992.00
20160818	5.23	5.48	5.21	5.29	51231109	273937440.00
20160819	5.27	5.30	5.18	5.26	26234110	137425584.00
20160822	5.27	5.40	5.23	5.30	30138000	160186416.00
20160823	5.26	5.33	5.21	5.27	19754900	104187960.00
20160824	5.29	5.30	5.22	5.23	12349100	64875008.00
20160825	5.21	5.21	5.08	5.16	22755600	116861568.00
20160826	5.18	5.23	5.16	5.20	15362900	79756384.00
20160829	5.21	5.31	5.21	5.29	15945164	84139584.00
20160830	5.28	5.29	5.19	5.21	12078064	63337568.00
20160831	5.20	5.40	5.19	5.31	33505116	177560384.00
20160901	5.29	5.30	5.17	5.19	19531186	102064736.00
20160902	5.18	5.24	5.11	5.16	15138080	78272480.00
20160905	5.17	5.23	5.15	5.18	14421599	74864960.00
20160906	5.17	5.32	5.15	5.29	24697251	129412480.00
20160907	5.28	5.43	5.25	5.35	36540460	195063232.00
20160908	5.33	5.40	5.26	5.37	22877600	121769520.00
20160909	5.38	5.45	5.28	5.35	36142142	194866672.00
20160912	5.23	5.45	5.21	5.31	31957943	170670032.00
20160913	5.36	5.78	5.33	5.58	70636222	394950912.00
20160914	5.56	5.97	5.52	5.80	92834645	536970880.00
20160919	5.80	6.15	5.67	6.11	79499972	471002624.00
20160920	6.05	6.23	5.96	6.08	49612133	300974688.00
20160921	6.06	6.15	5.96	6.07	32766868	198241136.00
20160922	6.12	6.18	6.01	6.04	30839232	187177728.00
20160923	6.03	6.05	5.87	5.95	33302097	197519328.00
20160926	5.92	6.35	5.89	6.21	57529302	354300256.00
20160927	6.16	6.38	6.05	6.17	39538035	245549136.00
20160928	6.17	6.18	6.04	6.14	20719655	126249792.00
20160929	6.11	6.34	6.10	6.16	39404564	245381504.00
20160930	6.20	6.51	6.13	6.36	49921440	316351264.00
20161010	6.24	6.25	5.81	6.03	54498837	327449280.00
20161011	6.03	6.18	5.98	6.16	31127775	189674032.00
20161012	6.11	6.24	6.07	6.17	21428563	131946288.00
20161013	6.16	6.70	6.16	6.68	60120321	387815616.00
20161014	6.58	6.77	6.48	6.52	47750124	315890720.00
20161017	6.61	6.64	6.42	6.53	25826376	168338464.00
20161018	6.50	6.63	6.46	6.60	22492571	147594528.00
20161019	6.60	6.62	6.48	6.52	17473760	114243064.00
20161020	6.52	6.57	6.38	6.49	17883854	115681952.00
20161021	6.45	6.49	6.23	6.30	24077237	152315136.00
20161024	6.28	6.46	6.26	6.30	20016000	126816240.00
20161025	6.33	6.34	6.13	6.24	28380710	176597968.00
20161026	6.27	6.30	6.19	6.23	17049824	106476336.00
20161027	6.21	6.36	6.16	6.30	17437307	109105096.00
20161028	6.31	6.35	6.15	6.16	12905855	80232920.00
20161031	6.16	6.18	5.80	5.83	36801116	219010992.00
20161101	5.84	5.97	5.83	5.96	18042800	106371232.00
20161102	5.95	5.98	5.84	5.89	14436500	85374464.00
20161103	5.90	6.00	5.84	5.91	16239222	96243968.00
20161104	5.91	6.10	5.89	6.01	23617800	141841920.00
20161107	5.97	6.08	5.93	5.99	15150455	91108568.00
20161108	6.05	6.05	5.90	5.98	16203369	96732888.00
20161109	5.95	5.97	5.75	5.84	19055652	111654224.00
20161110	5.89	5.99	5.88	5.98	15184923	90279656.00
20161111	5.96	6.08	5.96	6.01	16023696	96271496.00
20161114	6.08	6.23	6.03	6.21	31599197	194790672.00
20161115	6.21	6.44	6.21	6.28	39189210	247585008.00
20161116	6.28	6.32	6.19	6.21	14197300	88639536.00
20161117	6.25	6.25	6.11	6.16	15528200	95649016.00
20161118	6.19	6.30	6.14	6.21	12751400	79292616.00
20161121	6.20	6.26	6.13	6.22	11183100	69434800.00
20161122	6.22	6.25	6.17	6.21	12103421	75084264.00
20161123	6.19	6.34	6.19	6.23	17577759	110165632.00
20161124	6.19	6.22	5.98	6.03	31021400	188659648.00
20161125	6.04	6.09	5.91	6.08	16512300	99420440.00
20161128	6.08	6.14	6.00	6.06	12280400	74399544.00
20161129	6.05	6.08	5.92	5.94	21844500	130647616.00
20161130	5.95	5.99	5.90	5.94	12650000	75173944.00
20161201	5.92	5.97	5.84	5.92	19361785	114372160.00
20161202	5.90	5.90	5.75	5.75	12534995	72928272.00
20161205	5.70	5.76	5.66	5.73	7562800	43188288.00
20161206	5.70	5.77	5.70	5.75	5421100	31108868.00
20161207	5.75	5.78	5.72	5.76	5048400	29051486.00
20161208	5.77	5.79	5.68	5.68	7205400	41217872.00
20161209	5.69	5.75	5.60	5.74	9659100	54561412.00
20161212	5.72	5.73	5.44	5.45	11945620	66500448.00
20161213	5.47	5.49	5.30	5.45	10939392	59110948.00
20161214	5.45	5.55	5.38	5.47	6083187	33144902.00
20161215	5.45	5.62	5.42	5.58	9450600	52305796.00
20161216	5.57	5.62	5.55	5.57	4811935	26866146.00
20161219	5.54	5.59	5.45	5.48	6388300	34996248.00
20161220	5.52	5.55	5.45	5.50	6823136	37495084.00
20161221	5.52	5.65	5.52	5.62	7065280	39608240.00
20161222	5.60	5.63	5.52	5.56	4997120	27772548.00
20161223	5.56	5.60	5.46	5.49	4965082	27377256.00
20161226	5.49	5.52	5.35	5.48	7034665	38053040.00
20161227	5.45	5.50	5.42	5.46	5233302	28533090.00
20161228	5.48	5.48	5.42	5.43	3996479	21755226.00
20161229	5.44	5.52	5.38	5.51	5639600	30770120.00
20161230	5.50	5.54	5.45	5.46	4861900	26700584.00
20170103	5.48	5.55	5.45	5.53	6614631	36505320.00
20170104	5.53	5.61	5.50	5.60	7786549	43313224.00
20170105	5.60	5.64	5.53	5.56	6027655	33619572.00
20170106	5.57	5.57	5.47	5.50	6079960	33496256.00
20170109	5.48	5.55	5.45	5.52	7102449	39041220.00
20170110	5.52	5.53	5.45	5.46	6805045	37370108.00
20170111	5.47	5.51	5.44	5.48	6465000	35443432.00
20170112	5.46	5.48	5.39	5.43	4774500	25992980.00
20170113	5.42	5.45	5.18	5.21	11250300	59854676.00
20170116	5.21	5.23	4.75	4.96	14880238	74681360.00
20170117	4.91	5.11	4.90	5.06	9743617	48723696.00
20170118	5.06	5.11	5.03	5.06	5225496	26513662.00
20170119	5.05	5.06	4.99	5.01	3586018	18013148.00
20170120	5.00	5.15	4.99	5.12	6960117	35459772.00
20170123	5.06	5.19	5.04	5.16	9307018	47866916.00
20170124	5.16	5.16	5.06	5.10	5517106	28127296.00
20170125	5.08	5.15	5.05	5.12	6539804	33360356.00
20170126	5.12	5.23	5.07	5.19	9026841	46657088.00
20170203	5.18	5.22	5.09	5.15	7000417	35987904.00
20170206	5.15	5.20	5.13	5.19	8943365	46163556.00
20170207	5.17	5.20	5.10	5.17	8869216	45739252.00
20170208	5.17	5.22	5.13	5.21	7651737	39638024.00
20170209	5.20	5.30	5.18	5.26	8806218	46357876.00
20170210	5.26	5.36	5.26	5.32	9642843	51261248.00
20170213	5.33	5.38	5.28	5.30	8923017	47692808.00
20170214	5.31	5.35	5.28	5.32	8677452	46130696.00
20170215	5.32	5.33	5.19	5.23	12480046	65559308.00
20170216	5.22	5.29	5.20	5.28	11119416	58378592.00
20170217	5.29	5.31	5.19	5.22	6393772	33525076.00
20170220	5.22	5.27	5.19	5.27	6650100	34836972.00
20170221	5.26	5.36	5.24	5.33	9797144	52078168.00
20170222	5.34	5.40	5.31	5.38	9416556	50437340.00
20170223	5.38	5.38	5.33	5.37	6296632	33714076.00
20170224	5.36	5.39	5.32	5.39	6701300	35920976.00
20170227	5.35	5.46	5.34	5.39	10894500	59014292.00
20170228	5.39	5.45	5.35	5.41	5278505	28507298.00
20170301	5.40	5.40	5.34	5.36	7136616	38284576.00
20170302	5.37	5.37	5.25	5.29	10265810	54459660.00
20170303	5.27	5.30	5.23	5.26	5447470	28641500.00
20170306	5.26	5.34	5.24	5.34	6669657	35419736.00
20170307	5.35	5.40	5.32	5.38	8779300	47233496.00
20170308	5.38	5.44	5.34	5.38	6503668	35113544.00
20170309	5.35	5.38	5.28	5.33	5590113	29800500.00
20170310	5.33	5.38	5.31	5.33	4385782	23428952.00
20170313	5.37	5.58	5.31	5.46	23459348	128614960.00
20170314	5.41	5.47	5.38	5.46	14365435	77752000.00
20170315	5.44	5.45	5.37	5.45	9720788	52649172.00
20170316	5.43	5.51	5.43	5.48	12992507	71013096.00
20170317	5.48	5.48	5.38	5.40	13950565	75610856.00
20170320	5.35	5.37	5.19	5.24	18604600	98027984.00
20170321	5.24	5.26	5.18	5.23	9363500	48893112.00
20170322	5.21	5.21	5.14	5.16	8232036	42592424.00
20170323	5.17	5.20	5.03	5.09	13874123	70812384.00
20170324	5.09	5.16	5.04	5.16	10449500	53340056.00
20170327	5.20	5.21	5.08	5.09	8111719	41658520.00
20170328	5.10	5.10	5.04	5.07	7378151	37370344.00
20170329	5.07	5.09	5.03	5.04	7776894	39318820.00
20170330	5.05	5.06	4.86	4.90	10008475	49409904.00
20170331	4.91	4.93	4.87	4.91	6298935	30907610.00
20170405	4.95	5.08	4.94	5.07	8942450	44865968.00
20170406	5.07	5.10	5.02	5.06	7265003	36787296.00
20170407	5.06	5.08	5.02	5.06	6155894	31112362.00
20170410	5.05	5.14	5.02	5.10	9615618	48866896.00
20170411	5.10	5.12	4.97	5.10	12808600	64590992.00
20170412	5.09	5.10	5.01	5.05	14070500	71104984.00
20170413	5.06	5.19	5.02	5.14	19442894	99106520.00
20170414	5.10	5.13	5.04	5.05	9148338	46518872.00
20170417	5.03	5.06	4.94	4.98	8665845	43297052.00
20170418	4.98	5.01	4.86	4.89	11543086	56912844.00
20170419	4.89	4.89	4.74	4.77	8136907	39063856.00
20170420	4.78	4.81	4.63	4.74	9854836	46692976.00
20170421	4.77	4.82	4.71	4.73	7089048	33825420.00
20170424	4.72	4.81	4.62	4.70	10100800	47771648.00
20170425	4.71	4.74	4.55	4.60	7072400	32919124.00
20170426	4.61	4.64	4.40	4.42	14045800	62820620.00
20170427	4.42	4.47	4.29	4.47	10214900	44588424.00
20170428	4.43	4.47	4.40	4.45	5597882	24857704.00
20170502	4.45	4.53	4.39	4.41	8444605	37558132.00
20170503	4.41	4.45	4.39	4.43	6528569	28843476.00
20170504	4.44	4.47	4.39	4.44	4765300	21162864.00
20170505	4.44	4.44	4.33	4.34	6065200	26507156.00
20170508	4.34	4.36	4.28	4.30	5183300	22407016.00
20170509	4.30	4.30	4.17	4.27	8022600	34016192.00
20170510	4.27	4.30	4.13	4.14	5713700	24129570.00
20170511	4.14	4.14	3.91	4.00	12590100	50297084.00
20170512	3.98	4.00	3.88	3.98	12845125	50505912.00
20170515	3.97	4.04	3.94	4.01	7109847	28355860.00
20170516	3.99	4.10	3.94	4.09	9514144	38281516.00
20170517	4.09	4.19	4.07	4.12	8739638	36154016.00
20170518	4.09	4.16	4.06	4.09	4025500	16558289.00
20170519	4.07	4.11	4.04	4.06	4918109	19992276.00
20170522	4.07	4.08	3.88	3.90	9759858	38616640.00
20170523	3.91	3.93	3.77	3.79	7482900	28788736.00
20170524	3.80	3.84	3.67	3.83	5324500	20091628.00
20170525	3.85	3.98	3.82	3.94	9457500	36962336.00
20170526	3.92	3.97	3.91	3.94	4569800	18004746.00
20170531	3.99	4.05	3.95	3.96	7456483	29935546.00
20170601	3.95	3.95	3.79	3.79	7855593	30532572.00
20170602	3.81	3.92	3.81	3.90	10484550	40582688.00
20170605	3.90	3.94	3.89	3.92	6374525	24936970.00
20170606	3.92	3.96	3.87	3.92	4986400	19511332.00
20170607	3.92	4.07	3.90	4.03	11366758	45394756.00
20170608	4.01	4.05	3.99	4.00	4922324	19752964.00
20170609	4.02	4.02	3.89	3.97	8128270	32166608.00
20170612	3.97	3.97	3.90	3.92	5507100	21666976.00
20170613	3.93	3.98	3.88	3.96	4992740	19708362.00
20170614	3.96	3.97	3.94	3.95	3190025	12600806.00
20170615	3.93	4.02	3.93	4.00	5698411	22688676.00
20170616	4.00	4.01	3.96	3.98	5624003	22364120.00
20170619	3.98	4.02	3.95	4.01	7131202	28393880.00
20170620	4.01	4.06	3.99	4.01	9941377	39928996.00
20170621	4.01	4.02	3.93	3.96	7604980	30150350.00
20170622	3.97	3.99	3.91	3.92	10826917	42818880.00
20170623	3.92	3.95	3.86	3.92	7347690	28678680.00
20170626	3.92	3.98	3.89	3.97	6314474	24910088.00
20170627	3.96	3.99	3.95	3.98	5492393	21814580.00
20170628	4.00	4.02	3.96	3.96	7941364	31652698.00
20170629	3.97	4.02	3.96	3.98	4180606	16669999.00
20170630	3.99	4.00	3.96	3.99	3154799	12553545.00
20170703	4.00	4.01	3.97	4.00	6826032	27287760.00
20170704	4.01	4.02	3.97	4.01	6119300	24459106.00
20170705	3.99	4.06	3.99	4.05	8289409	33417108.00
20170706	4.06	4.16	4.02	4.10	11053767	45064792.00
20170707	4.09	4.11	4.06	4.10	5165129	21091708.00
20170710	4.11	4.16	4.08	4.10	9683983	39924864.00
20170711	4.10	4.17	4.08	4.11	9711101	40102400.00
数据来源:通达信
