600035 楚天高速 日线 前复权
      日期	    开盘	    最高	    最低	    收盘	    成交量	    成交额
20111010	2.09	2.09	2.06	2.07	1800350	6968192.00
20111011	2.14	2.14	2.05	2.08	2464917	9601374.00
20111012	2.07	2.15	2.05	2.14	3690857	14547247.00
20111013	2.14	2.17	2.12	2.15	3199361	12736606.00
20111014	2.15	2.16	2.11	2.14	1852756	7323103.00
20111017	2.14	2.16	2.12	2.14	1431877	5672517.00
20111018	2.12	2.12	2.07	2.07	1804434	7035698.00
20111019	2.09	2.10	2.06	2.08	2178011	8434380.00
20111020	2.07	2.09	1.97	2.01	2482000	9387465.00
20111021	2.01	2.01	1.98	1.99	1133919	4243693.00
20111024	2.00	2.05	1.98	2.05	2159296	8139755.00
20111025	2.05	2.10	2.02	2.09	3541237	13626682.00
20111026	2.06	2.12	2.06	2.10	2241650	8756412.00
20111027	2.10	2.12	2.10	2.11	2499377	9791378.00
20111028	2.13	2.17	2.12	2.15	3480303	13809114.00
20111031	2.13	2.14	2.08	2.10	4088604	16021877.00
20111101	2.09	2.13	2.07	2.11	2578327	10098978.00
20111102	2.09	2.14	2.06	2.14	2680170	10459017.00
20111103	2.14	2.17	2.13	2.14	5459015	21756856.00
20111104	2.15	2.17	2.14	2.16	2677923	10650655.00
20111107	2.16	2.16	2.12	2.14	2515661	9996374.00
20111108	2.14	2.17	2.12	2.17	6133353	24430254.00
20111109	2.16	2.17	2.12	2.16	4136829	16438703.00
20111110	2.14	2.15	2.11	2.12	3323758	13104452.00
20111111	2.12	2.13	2.10	2.12	2253034	8856834.00
20111114	2.12	2.16	2.12	2.16	4583428	18201256.00
20111115	2.16	2.16	2.14	2.16	1679697	6684032.00
20111116	2.16	2.17	2.10	2.11	3578408	14155512.00
20111117	2.17	2.17	2.10	2.10	2704382	10660657.00
20111118	2.11	2.12	2.04	2.05	2677409	10341638.00
20111121	2.05	2.07	2.03	2.07	1138220	4358221.00
20111122	2.06	2.07	2.03	2.06	2119216	8112332.00
20111123	2.06	2.07	2.02	2.03	1607716	6130215.00
20111124	2.03	2.04	2.00	2.04	1575863	5949899.00
20111125	2.03	2.04	2.01	2.01	1088100	4117794.00
20111128	2.01	2.03	2.00	2.01	805728	3031429.00
20111129	2.02	2.03	2.01	2.03	1228992	4652726.00
20111130	2.03	2.03	1.91	1.94	2422163	8937178.00
20111201	1.98	2.02	1.96	1.97	2543588	9495493.00
20111202	1.97	1.97	1.91	1.92	1442431	5258801.00
20111205	1.93	1.93	1.87	1.88	1397905	5009173.00
20111206	1.87	1.91	1.87	1.89	2567292	9173998.00
20111207	1.89	1.94	1.89	1.92	3039348	11058488.00
20111208	1.92	1.93	1.87	1.91	1213600	4369301.00
20111209	1.91	1.91	1.87	1.89	737911	2637413.00
20111212	1.90	1.92	1.88	1.90	1514561	5446133.00
20111213	1.89	1.90	1.85	1.85	1702899	6016284.00
20111214	1.84	1.87	1.82	1.84	1485362	5220269.00
20111215	1.84	1.84	1.78	1.79	1521680	5242266.00
20111216	1.78	1.83	1.77	1.83	1304964	4475510.00
20111219	1.83	1.83	1.78	1.82	1239976	4260231.00
20111220	1.82	1.84	1.79	1.81	1157230	4007776.00
20111221	1.82	1.87	1.78	1.80	1642000	5734895.00
20111222	1.78	1.79	1.73	1.76	1547330	5208525.00
20111223	1.75	1.80	1.75	1.78	1499594	5096171.00
20111226	1.78	1.80	1.76	1.78	1051020	3586453.00
20111227	1.78	1.78	1.75	1.75	1127582	3796862.00
20111228	1.74	1.76	1.71	1.73	1347233	4473820.00
20111229	1.73	1.75	1.71	1.73	808916	2689975.00
20111230	1.73	1.76	1.73	1.75	1841009	6150055.00
20120104	1.76	1.76	1.69	1.70	3034626	10068706.00
20120105	1.69	1.75	1.67	1.68	2831871	9312428.00
20120106	1.67	1.68	1.62	1.67	2276943	7289748.00
20120109	1.67	1.75	1.64	1.74	2975764	9800171.00
20120110	1.74	1.82	1.72	1.80	5251729	17906700.00
20120111	1.81	1.81	1.76	1.79	3521180	12033434.00
20120112	1.78	1.81	1.77	1.78	2051291	7034085.00
20120113	1.78	1.78	1.71	1.74	2151708	7199785.00
20120116	1.73	1.78	1.71	1.72	2116895	7103287.00
20120117	1.71	1.82	1.71	1.81	4808493	16352664.00
20120118	1.80	1.82	1.76	1.78	3259075	11139966.00
20120119	1.77	1.82	1.76	1.81	2817565	9665082.00
20120120	1.82	1.83	1.80	1.82	3890445	13437925.00
20120130	1.82	1.82	1.78	1.79	2800166	9638041.00
20120131	1.79	1.79	1.75	1.78	2319482	7847393.00
20120201	1.77	1.78	1.73	1.75	2056698	6921580.00
20120202	1.75	1.78	1.74	1.78	1893607	6386117.00
20120203	1.78	1.81	1.76	1.80	3678099	12580129.00
20120206	1.80	1.82	1.78	1.80	2353751	8078073.00
20120207	1.80	1.80	1.75	1.76	2267610	7680520.00
20120208	1.76	1.81	1.75	1.81	3219178	10980963.00
20120209	1.81	1.83	1.79	1.82	6377669	22011032.00
20120210	1.82	1.86	1.81	1.84	7868587	27487140.00
20120213	1.83	1.85	1.80	1.84	4572592	15912191.00
20120214	1.85	1.85	1.80	1.82	4016225	13891226.00
20120215	1.82	1.87	1.81	1.86	6667483	23350272.00
20120216	1.86	1.88	1.84	1.87	5746150	20291440.00
20120217	1.87	1.88	1.83	1.85	3543786	12469219.00
20120220	1.87	1.89	1.85	1.86	3221663	11421374.00
20120221	1.85	1.87	1.83	1.86	2818071	9897817.00
20120222	1.86	1.89	1.85	1.89	5204804	18492320.00
20120223	1.89	1.91	1.88	1.91	5597670	20062068.00
20120224	1.90	1.95	1.89	1.94	7097916	25728364.00
20120227	1.96	2.01	1.94	1.96	9976873	37017736.00
20120228	1.97	1.97	1.91	1.94	5473581	20007522.00
20120229	1.94	1.94	1.89	1.91	5044976	18273116.00
20120301	1.90	1.93	1.90	1.91	3884165	14024100.00
20120302	1.91	1.95	1.91	1.94	4364289	15879391.00
20120305	1.95	1.96	1.91	1.92	5008160	18233020.00
20120306	1.91	1.93	1.89	1.90	3652250	13125447.00
20120307	1.89	1.93	1.87	1.89	3653898	13087767.00
20120308	1.89	1.92	1.89	1.91	3222750	11617445.00
20120309	1.91	1.94	1.90	1.93	3174132	11491258.00
20120312	1.94	1.94	1.91	1.92	2448257	8880240.00
20120313	1.92	1.96	1.92	1.96	3604173	13149905.00
20120314	1.96	1.98	1.87	1.87	8177293	29724594.00
20120315	1.87	1.88	1.82	1.83	4438179	15554576.00
20120316	1.83	1.87	1.82	1.87	3901020	13666187.00
20120319	1.87	1.87	1.84	1.87	2524268	8874740.00
20120320	1.86	1.86	1.82	1.83	3787441	13209555.00
20120321	1.83	1.89	1.82	1.89	7093209	25043388.00
20120322	1.87	1.88	1.85	1.86	2913574	10313146.00
20120323	1.86	1.86	1.82	1.83	2386214	8353882.00
20120326	1.81	1.84	1.80	1.83	1249147	4327721.00
20120327	1.83	1.84	1.81	1.82	1076058	3739140.00
20120328	1.80	1.81	1.73	1.75	3527096	11924534.00
20120329	1.75	1.75	1.69	1.70	2103993	6953876.00
20120330	1.69	1.72	1.68	1.71	1654884	5435916.00
20120405	1.71	1.75	1.70	1.75	2092838	6965856.00
20120406	1.74	1.76	1.73	1.76	1364828	4585018.00
20120409	1.77	1.83	1.74	1.78	4845243	16630763.00
20120410	1.77	1.80	1.73	1.80	3029968	10245551.00
20120411	1.77	1.80	1.76	1.80	2208661	7542253.00
20120412	1.78	1.82	1.77	1.82	4238301	14586637.00
20120413	1.82	1.83	1.80	1.82	3602419	12455069.00
20120416	1.80	1.86	1.78	1.84	5873773	20452464.00
20120417	1.85	1.91	1.82	1.82	8847499	31390994.00
20120418	1.82	1.86	1.79	1.85	5891761	20500868.00
20120419	1.84	1.86	1.82	1.83	3131108	10942638.00
20120420	1.83	1.85	1.80	1.85	7107862	24692632.00
20120423	1.84	1.85	1.82	1.82	4138447	14447950.00
20120424	1.82	1.87	1.78	1.84	6185320	21537932.00
20120425	1.83	1.89	1.82	1.89	7816615	27600488.00
20120426	1.89	1.90	1.85	1.87	4877958	17264352.00
20120427	1.87	1.88	1.84	1.84	3530616	12426117.00
20120502	1.87	1.89	1.84	1.88	6837841	24169664.00
20120503	1.87	1.90	1.86	1.87	5136712	18276138.00
20120504	1.87	1.88	1.85	1.87	3820518	13520709.00
20120507	1.86	1.87	1.84	1.87	3388556	11918378.00
20120508	1.87	1.87	1.84	1.85	2101810	7394444.00
20120509	1.85	1.85	1.79	1.80	3124062	10834564.00
20120510	1.80	1.82	1.80	1.80	1632100	5619492.00
20120514	1.80	1.81	1.78	1.78	2104611	7205413.00
20120515	1.76	1.77	1.75	1.76	2018832	6798671.00
20120516	1.76	1.82	1.76	1.77	2523951	8609128.00
20120517	1.76	1.85	1.75	1.83	7705596	26726532.00
20120518	1.81	1.94	1.80	1.87	16459047	58571584.00
20120521	1.87	1.88	1.81	1.82	5604927	19631214.00
20120522	1.83	1.84	1.82	1.84	3155194	10999587.00
20120523	1.85	1.85	1.80	1.82	2901086	10069401.00
20120524	1.81	1.84	1.80	1.81	2375900	8209941.00
20120525	1.81	1.81	1.76	1.78	2791404	9523665.00
20120528	1.76	1.80	1.75	1.80	2989134	10132835.00
20120529	1.80	1.83	1.78	1.82	3773932	13033256.00
20120530	1.83	1.83	1.80	1.81	2292745	7941428.00
20120531	1.80	1.82	1.80	1.82	1934388	6665270.00
20120601	1.82	1.82	1.79	1.80	1973050	6792686.00
20120604	1.78	1.78	1.72	1.72	2943700	9884890.00
20120605	1.73	1.74	1.72	1.73	1754811	5826992.00
20120606	1.73	1.74	1.71	1.73	1250478	4149801.00
20120607	1.75	1.75	1.71	1.71	1102944	3661690.00
20120608	1.73	1.73	1.70	1.71	1270050	4193292.00
20120611	1.71	1.76	1.71	1.75	1941870	6468606.00
20120612	1.73	1.75	1.72	1.73	1137406	3782201.00
20120613	1.74	1.76	1.73	1.75	1805130	6054471.00
20120614	1.75	1.76	1.73	1.75	1244705	4171782.00
20120615	1.75	1.75	1.73	1.75	1441166	4814197.00
20120618	1.76	1.76	1.73	1.75	1826122	6128519.00
20120619	1.75	1.75	1.72	1.73	1108899	3691459.00
20120620	1.73	1.75	1.73	1.73	1337600	4459106.00
20120621	1.74	1.74	1.71	1.71	1184023	3912878.00
20120625	1.71	1.71	1.69	1.69	1293506	4231725.00
20120626	1.69	1.70	1.67	1.69	1221723	3980918.00
20120627	1.69	1.70	1.67	1.67	873649	2846110.00
20120628	1.69	1.69	1.66	1.66	957458	3104627.00
20120629	1.66	1.69	1.64	1.68	1538072	4949315.00
20120702	1.69	1.70	1.67	1.69	1063190	3462186.00
20120703	1.69	1.70	1.67	1.69	1353865	4417899.00
20120704	1.69	1.70	1.68	1.69	1060089	3456633.00
20120705	1.70	1.70	1.65	1.66	1128500	3555586.00
20120706	1.67	1.69	1.64	1.69	1120987	3528868.00
20120709	1.67	1.67	1.64	1.64	1092349	3417205.00
20120710	1.64	1.66	1.63	1.64	1077239	3351208.00
20120711	1.64	1.66	1.64	1.65	1009641	3145690.00
20120712	1.65	1.67	1.63	1.66	1151269	3592504.00
20120713	1.66	1.66	1.64	1.64	715400	2233057.00
20120716	1.64	1.66	1.59	1.59	1497699	4591078.00
20120717	1.59	1.63	1.58	1.62	1861292	5672036.00
20120718	1.60	1.61	1.58	1.61	1502440	4556982.00
20120719	1.61	1.64	1.60	1.62	1768629	5449110.00
20120720	1.62	1.62	1.59	1.60	1445361	4416327.00
20120723	1.59	1.59	1.57	1.58	1751092	5268152.00
20120724	1.58	1.60	1.57	1.59	1428930	4310613.00
20120725	1.59	1.62	1.58	1.60	3523379	10720343.00
20120726	1.60	1.60	1.59	1.59	2201527	6677899.00
20120727	1.60	1.61	1.57	1.58	2558756	7705018.00
20120730	1.58	1.59	1.55	1.56	2353306	7033718.00
20120731	1.55	1.56	1.53	1.55	1420799	4206792.00
20120801	1.55	1.58	1.55	1.57	1473352	4411131.00
20120802	1.57	1.58	1.56	1.57	1732649	5189416.00
20120803	1.57	1.58	1.55	1.57	1967319	5883688.00
20120806	1.57	1.60	1.56	1.59	1873828	5642246.00
20120807	1.59	1.60	1.58	1.60	2142301	6482799.00
20120808	1.59	1.60	1.58	1.59	1186635	3587898.00
20120809	1.59	1.64	1.58	1.62	5001263	15300939.00
20120810	1.61	1.62	1.60	1.60	2139181	6516574.00
20120813	1.60	1.60	1.57	1.58	1741800	5265273.00
20120814	1.59	1.59	1.56	1.58	1198235	3597715.00
20120815	1.59	1.59	1.56	1.56	1416399	4240941.00
20120816	1.57	1.57	1.55	1.56	947962	2830289.00
20120817	1.57	1.58	1.55	1.57	1170104	3489801.00
20120820	1.57	1.63	1.55	1.59	3526100	10672087.00
20120821	1.59	1.60	1.56	1.59	1747200	5296243.00
20120822	1.59	1.59	1.56	1.57	1556691	4666631.00
20120823	1.57	1.59	1.56	1.59	989504	2970589.00
20120824	1.59	1.59	1.56	1.56	1252300	3747799.00
20120827	1.56	1.56	1.53	1.53	1691300	4991345.00
20120828	1.54	1.55	1.53	1.54	1497910	4413452.00
20120829	1.54	1.55	1.53	1.54	885533	2610887.00
20120830	1.54	1.55	1.51	1.53	1468992	4303626.00
20120831	1.53	1.53	1.51	1.53	748069	2188823.00
20120903	1.53	1.55	1.53	1.55	1232552	3642868.00
20120904	1.55	1.55	1.51	1.52	724000	2124465.00
20120905	1.52	1.53	1.51	1.52	798470	2334274.00
20120906	1.53	1.54	1.52	1.54	541460	1590489.00
20120907	1.55	1.60	1.54	1.59	5861327	17633332.00
20120910	1.59	1.59	1.57	1.58	2388047	7172010.00
20120911	1.57	1.57	1.55	1.57	1491715	4450450.00
20120912	1.57	1.58	1.55	1.57	1684312	5038548.00
20120913	1.57	1.57	1.55	1.55	1940692	5783951.00
20120914	1.57	1.57	1.54	1.56	1864239	5544133.00
20120917	1.56	1.56	1.50	1.50	2629800	7705052.00
20120918	1.50	1.51	1.49	1.50	1202624	3466745.00
20120919	1.50	1.51	1.49	1.51	968214	2795107.00
20120920	1.50	1.50	1.46	1.46	1257150	3596121.00
20120921	1.46	1.48	1.45	1.45	1358625	3849059.00
20120924	1.45	1.46	1.43	1.45	1107957	3102612.00
20120925	1.44	1.46	1.44	1.44	810800	2276010.00
20120926	1.44	1.44	1.40	1.41	1387305	3826552.00
20120927	1.41	1.44	1.40	1.43	2417895	6670154.00
20120928	1.42	1.44	1.42	1.44	1995644	5553793.00
20121008	1.44	1.46	1.44	1.44	1482630	4167704.00
20121009	1.44	1.48	1.44	1.47	1598699	4525541.00
20121010	1.47	1.50	1.46	1.50	3449589	9900013.00
20121011	1.50	1.50	1.46	1.47	1678800	4793524.00
20121012	1.48	1.48	1.46	1.46	1023299	2907374.00
20121015	1.48	1.48	1.45	1.46	1480323	4175751.00
20121016	1.46	1.47	1.45	1.47	1142198	3231427.00
20121017	1.46	1.47	1.44	1.46	1372100	3883440.00
20121018	1.46	1.51	1.46	1.50	4212609	12137747.00
20121019	1.50	1.51	1.48	1.50	2127950	6118074.00
20121022	1.49	1.50	1.48	1.50	1134225	3260160.00
20121023	1.50	1.52	1.50	1.51	2035896	5899924.00
20121024	1.50	1.55	1.50	1.53	5239139	15339334.00
20121025	1.53	1.59	1.52	1.54	5944556	17728556.00
20121026	1.53	1.53	1.46	1.49	3882507	11170876.00
20121029	1.48	1.60	1.48	1.55	6723118	19880992.00
20121030	1.55	1.62	1.53	1.54	4566470	13604900.00
20121031	1.55	1.55	1.50	1.52	2762940	8051457.00
20121101	1.53	1.55	1.51	1.54	3380338	9944155.00
20121102	1.54	1.55	1.52	1.55	2984669	8803752.00
20121105	1.55	1.55	1.53	1.53	1816700	5342405.00
20121106	1.53	1.53	1.50	1.52	1679917	4891917.00
20121107	1.51	1.53	1.51	1.51	1046801	3046863.00
20121108	1.50	1.51	1.48	1.48	1717600	4943466.00
20121109	1.48	1.50	1.47	1.48	1702600	4859984.00
20121112	1.49	1.49	1.47	1.49	989423	2825693.00
20121113	1.48	1.49	1.45	1.46	1063691	3010323.00
20121114	1.46	1.47	1.44	1.47	1071090	3014955.00
20121115	1.45	1.46	1.41	1.42	1306548	3647586.00
20121116	1.42	1.43	1.41	1.42	1137383	3137656.00
20121119	1.43	1.44	1.42	1.44	754572	2101424.00
20121120	1.46	1.46	1.44	1.44	800100	2246512.00
20121121	1.44	1.46	1.43	1.46	733565	2058329.00
20121122	1.45	1.46	1.43	1.44	815850	2286074.00
20121123	1.45	1.48	1.45	1.46	988808	2797504.00
20121126	1.46	1.46	1.43	1.43	387000	1082717.00
20121127	1.44	1.44	1.39	1.40	1317130	3619712.00
20121128	1.40	1.40	1.35	1.37	1763803	4734449.00
20121129	1.37	1.47	1.36	1.39	2787548	7650894.00
20121130	1.39	1.41	1.37	1.40	1777701	4847497.00
20121203	1.40	1.41	1.37	1.38	1042085	2831456.00
20121204	1.39	1.40	1.36	1.39	1243660	3348165.00
20121205	1.39	1.45	1.38	1.44	3270382	9096182.00
20121206	1.44	1.46	1.42	1.44	2152239	5996516.00
20121207	1.44	1.47	1.42	1.46	2728543	7686112.00
20121210	1.47	1.49	1.46	1.48	2441580	6948579.00
20121211	1.48	1.48	1.44	1.46	2603082	7357888.00
20121212	1.45	1.46	1.44	1.45	1533116	4299568.00
20121213	1.45	1.49	1.45	1.45	3300847	9378359.00
20121214	1.45	1.52	1.44	1.52	6424053	18455416.00
20121217	1.52	1.55	1.51	1.52	5356811	15679226.00
20121218	1.52	1.53	1.50	1.51	2940279	8567859.00
20121219	1.50	1.53	1.50	1.51	2047479	5962058.00
20121220	1.51	1.51	1.49	1.51	1996755	5776025.00
20121221	1.51	1.53	1.50	1.51	2100700	6101030.00
20121224	1.50	1.51	1.50	1.50	1839155	5333091.00
20121225	1.50	1.55	1.50	1.53	4085974	12001273.00
20121226	1.53	1.55	1.53	1.55	2869580	8470421.00
20121227	1.55	1.55	1.53	1.53	2700609	7953661.00
20121228	1.53	1.55	1.52	1.55	2994037	8820738.00
20121231	1.55	1.57	1.54	1.56	2604058	7735453.00
20130104	1.56	1.58	1.54	1.55	3608102	10732390.00
20130107	1.55	1.57	1.54	1.57	2658654	7917662.00
20130108	1.57	1.57	1.55	1.57	2202503	6563893.00
20130109	1.56	1.57	1.55	1.57	2588348	7714301.00
20130110	1.57	1.57	1.55	1.56	2895601	8636448.00
20130111	1.56	1.57	1.50	1.51	4490799	13158699.00
20130114	1.51	1.57	1.50	1.56	5083662	14986528.00
20130115	1.56	1.59	1.55	1.58	4524968	13559414.00
20130116	1.58	1.59	1.55	1.57	2950210	8804443.00
20130117	1.56	1.57	1.55	1.55	2001544	5947031.00
20130118	1.55	1.57	1.55	1.57	4050875	12081459.00
20130121	1.57	1.61	1.57	1.60	6347078	19228696.00
20130122	1.61	1.62	1.59	1.59	4755377	14470772.00
20130123	1.59	1.61	1.57	1.59	3397100	10290537.00
20130124	1.59	1.61	1.56	1.57	4784857	14461653.00
20130125	1.57	1.57	1.55	1.55	2445638	7278139.00
20130128	1.55	1.58	1.55	1.58	2698222	8072732.00
20130129	1.58	1.59	1.57	1.59	2621646	7902137.00
20130130	1.59	1.78	1.59	1.78	29074097	93491344.00
20130131	1.86	1.99	1.81	1.92	60837345	214274816.00
20130201	1.93	2.10	1.87	2.05	34488218	126961392.00
20130204	2.05	2.09	1.96	2.00	16913068	61952548.00
20130205	1.98	2.05	1.93	2.00	18425688	67556984.00
20130206	2.00	2.03	1.94	2.01	11190873	40951600.00
20130207	2.01	2.04	1.93	2.01	7975709	29100304.00
20130208	2.01	2.03	1.98	2.00	4558665	16721443.00
20130218	2.01	2.02	1.96	1.99	4442384	16137510.00
20130219	1.98	1.99	1.88	1.91	6780224	23985542.00
20130220	1.89	1.91	1.86	1.91	5353101	18675828.00
20130221	1.89	1.90	1.82	1.83	5557565	19095260.00
20130222	1.83	1.86	1.82	1.82	2538259	8674604.00
20130225	1.82	1.86	1.82	1.84	2605630	8919549.00
20130226	1.84	1.87	1.83	1.83	2262414	7777164.00
20130227	1.83	1.89	1.82	1.89	3411936	11813507.00
20130228	1.89	1.97	1.89	1.96	5705590	20358660.00
20130301	1.94	1.97	1.89	1.93	3994593	14205040.00
20130304	1.95	1.96	1.85	1.91	4379023	15398377.00
20130305	1.88	1.92	1.87	1.91	2446199	8572978.00
20130306	1.93	2.11	1.90	2.07	8677557	32293680.00
20130307	2.07	2.09	2.01	2.08	3738571	13951168.00
20130308	2.08	2.15	2.05	2.11	9432344	36298036.00
20130311	2.09	2.13	2.05	2.06	3782449	14346216.00
20130312	2.05	2.07	1.96	1.98	3477279	12789823.00
20130313	1.98	1.98	1.89	1.91	2726690	9668370.00
20130314	1.92	1.96	1.91	1.92	2707789	9645242.00
20130315	1.91	1.92	1.80	1.89	2984638	10320300.00
20130318	1.87	1.87	1.82	1.84	1547353	5291499.00
20130319	1.86	1.91	1.86	1.91	2438574	8520973.00
20130320	1.92	1.96	1.91	1.94	1658190	5911076.00
20130321	1.94	1.98	1.94	1.98	2612321	9408721.00
20130322	1.99	2.01	1.93	1.94	2182636	7898999.00
20130325	1.93	1.96	1.89	1.91	1361973	4815522.00
20130326	1.90	1.96	1.89	1.95	2172219	7732351.00
20130327	1.96	1.99	1.94	1.96	2125599	7678582.00
20130328	1.98	1.98	1.85	1.85	2817099	9844155.00
20130329	1.85	1.89	1.84	1.87	916701	3168402.00
20130401	1.86	1.89	1.83	1.85	962652	3305292.00
20130402	1.85	1.87	1.84	1.84	1034200	3558596.00
20130403	1.85	1.87	1.83	1.84	1151560	3946576.00
20130408	1.89	1.93	1.84	1.92	2619388	9114289.00
20130409	1.92	1.92	1.88	1.89	1819270	6368807.00
20130410	1.92	1.92	1.89	1.91	1312581	4619108.00
20130411	1.92	1.93	1.91	1.92	1852239	6566129.00
20130412	1.92	1.94	1.89	1.90	1094266	3848207.00
20130415	1.89	1.91	1.86	1.86	1098398	3822735.00
20130416	1.86	1.89	1.84	1.87	1034899	3559935.00
20130417	1.87	1.88	1.84	1.87	494001	1703720.00
20130418	1.87	1.92	1.84	1.92	1674635	5876739.00
20130419	1.92	1.94	1.87	1.93	2493199	8834699.00
20130422	1.94	1.94	1.89	1.92	1946240	6884021.00
20130423	1.92	1.94	1.89	1.89	2311100	8135570.00
20130424	1.89	1.94	1.87	1.94	2004326	7108262.00
20130425	1.94	2.03	1.94	1.96	5132731	18733540.00
20130426	1.99	2.00	1.96	1.97	2809942	10197002.00
20130502	1.98	2.02	1.96	1.97	3022953	11035216.00
20130503	1.98	2.00	1.97	1.99	2250260	8210589.00
20130506	2.02	2.02	1.98	2.00	3972080	14551596.00
20130507	2.00	2.01	1.93	1.95	2348791	8473341.00
20130508	1.96	1.98	1.89	1.92	2606926	9252165.00
20130509	1.92	1.93	1.85	1.86	3059214	10661485.00
20130510	1.86	1.90	1.84	1.90	2359896	8192029.00
20130513	1.89	1.90	1.86	1.89	1392218	4838203.00
20130514	1.89	1.89	1.86	1.87	1558372	5411181.00
20130515	1.86	1.89	1.85	1.87	755099	2618319.00
20130516	1.87	1.91	1.86	1.89	3118003	10867158.00
20130517	1.89	1.93	1.89	1.93	2330325	8203500.00
20130520	1.93	1.93	1.90	1.92	2462804	8696914.00
20130521	1.92	1.96	1.91	1.95	3400847	12173224.00
20130522	1.96	1.96	1.90	1.92	3003344	10660134.00
20130523	1.91	1.93	1.90	1.92	1646958	5824086.00
20130524	1.91	1.92	1.89	1.92	1412641	4977406.00
20130527	1.92	1.93	1.87	1.89	3180107	11125621.00
20130528	1.89	1.94	1.86	1.92	4613359	16126429.00
20130529	1.92	1.96	1.92	1.94	5996550	21379010.00
20130530	1.94	1.96	1.93	1.96	4217020	15134650.00
20130531	1.96	1.98	1.94	1.94	4361218	15737993.00
20130603	1.99	2.03	1.94	1.95	5457789	19885238.00
20130604	1.96	1.96	1.89	1.89	2680395	9462199.00
20130605	1.90	1.91	1.87	1.89	1721098	5997809.00
20130606	1.89	1.89	1.87	1.87	1085650	3775958.00
20130607	1.87	1.89	1.85	1.86	1891286	6532547.00
20130613	1.84	1.85	1.76	1.76	2117122	7052579.00
20130614	1.76	1.81	1.76	1.79	994347	3319572.00
20130617	1.79	1.82	1.75	1.77	1103110	3673834.00
20130618	1.78	1.78	1.74	1.78	787015	2601935.00
20130619	1.78	1.81	1.76	1.80	1504400	5016497.00
20130620	1.78	1.82	1.76	1.78	1972488	6615389.00
20130621	1.78	1.79	1.69	1.76	2783781	9050980.00
20130624	1.73	1.76	1.57	1.59	1775999	5565798.00
20130625	1.59	1.61	1.46	1.59	3195648	9450015.00
20130626	1.60	1.62	1.55	1.60	1530431	4605782.00
20130627	1.59	1.63	1.55	1.57	2184395	6583603.00
20130628	1.57	1.59	1.55	1.57	1523915	4563741.00
20130701	1.58	1.58	1.54	1.57	768999	2292663.00
20130702	1.57	1.59	1.55	1.58	1109614	3317496.00
20130703	1.57	1.57	1.51	1.55	6961101	20298412.00
20130704	1.49	1.64	1.46	1.63	10249725	30107080.00
20130705	1.64	1.70	1.57	1.64	10529350	32477772.00
20130708	1.58	1.61	1.56	1.60	4430576	13353469.00
20130709	1.59	1.63	1.56	1.62	1537495	4664804.00
20130710	1.60	1.67	1.58	1.64	2393545	7390568.00
20130711	1.67	1.70	1.63	1.67	5935075	18788580.00
20130712	1.67	1.71	1.65	1.67	4230381	13404702.00
20130715	1.68	1.70	1.66	1.66	2519422	7960357.00
20130716	1.67	1.67	1.64	1.67	1506357	4701914.00
20130717	1.67	1.67	1.60	1.62	2077000	6419010.00
20130718	1.62	1.62	1.56	1.59	4650615	13957632.00
20130719	1.59	1.61	1.55	1.56	5903823	17809308.00
20130722	1.57	1.57	1.54	1.56	1292824	3836998.00
20130723	1.59	1.60	1.56	1.59	2643701	7956762.00
20130724	1.59	1.60	1.55	1.57	1878937	5633380.00
20130725	1.59	1.59	1.54	1.56	2045865	6097548.00
20130726	1.56	1.57	1.54	1.55	887934	2632698.00
20130729	1.55	1.55	1.51	1.52	1530805	4490368.00
20130730	1.53	1.56	1.53	1.55	1148737	3393950.00
20130731	1.57	1.57	1.53	1.53	1296374	3734200.00
20130801	1.53	1.57	1.53	1.56	1277794	3709943.00
20130802	1.57	1.59	1.57	1.58	1209085	3548890.00
20130805	1.59	1.60	1.58	1.60	2201636	6513682.00
20130806	1.60	1.60	1.58	1.60	1424230	4216924.00
20130807	1.61	1.61	1.59	1.60	1280231	3799590.00
20130808	1.59	1.63	1.59	1.60	2400569	7180823.00
20130809	1.62	1.62	1.58	1.60	2043799	6054562.00
20130812	1.60	1.63	1.59	1.63	2743937	8232916.00
20130813	1.64	1.66	1.62	1.64	2650419	8041364.00
20130814	1.64	1.67	1.64	1.66	3523429	10800020.00
20130815	1.66	1.68	1.65	1.67	2264320	6956458.00
20130816	1.68	1.74	1.64	1.66	4380198	13571337.00
20130819	1.65	1.67	1.63	1.67	1691765	5169772.00
20130820	1.67	1.67	1.64	1.65	1635210	4985933.00
20130821	1.65	1.67	1.63	1.66	1469283	4491298.00
20130822	1.66	1.68	1.66	1.67	1845600	5683315.00
20130823	1.67	1.68	1.63	1.66	2269500	6938813.00
20130826	1.66	1.71	1.66	1.71	2818352	8739769.00
20130827	1.71	1.78	1.70	1.77	5936258	18859904.00
20130828	1.75	1.75	1.71	1.73	4309433	13656877.00
20130829	1.72	1.88	1.72	1.80	8587941	28231012.00
20130830	1.79	1.87	1.76	1.84	6273340	20881756.00
20130902	1.84	1.87	1.75	1.78	2911074	9489294.00
20130903	1.78	1.81	1.76	1.80	2002355	6537374.00
20130904	1.81	1.81	1.78	1.80	1936516	6347367.00
20130905	1.81	1.84	1.78	1.78	1966980	6466755.00
20130906	1.78	1.81	1.77	1.79	1107777	3631037.00
20130909	1.78	2.00	1.78	1.91	13062116	45688596.00
20130910	1.91	1.94	1.86	1.91	7334352	25166796.00
20130911	1.91	1.91	1.85	1.89	3707182	12612617.00
20130912	1.87	2.01	1.86	1.92	6315643	22256814.00
20130913	1.92	1.94	1.87	1.90	4963431	17059960.00
20130916	1.91	1.92	1.86	1.87	1751963	5967166.00
20130917	1.89	1.90	1.83	1.83	2190350	7430113.00
20130918	1.83	1.89	1.82	1.87	1755651	5912190.00
20130923	1.87	1.90	1.86	1.89	1490816	5085038.00
20130924	1.88	1.89	1.85	1.87	2085173	7056093.00
20130925	1.87	1.88	1.82	1.84	2814516	9483073.00
20130926	1.85	1.85	1.77	1.78	1579861	5192205.00
20130927	1.76	1.82	1.76	1.81	1480209	4838075.00
20130930	1.81	1.84	1.77	1.84	1889173	6196440.00
20131008	1.82	1.87	1.78	1.86	2534360	8510595.00
20131009	1.86	1.87	1.80	1.86	4198993	14016593.00
20131010	1.85	1.86	1.81	1.83	2172679	7237438.00
20131011	1.84	1.86	1.81	1.85	3363883	11234370.00
20131014	1.85	1.86	1.82	1.84	3294324	10987475.00
20131015	1.83	1.84	1.80	1.82	3175872	10509541.00
20131016	1.82	1.84	1.77	1.78	3475825	11450554.00
20131017	1.78	1.84	1.78	1.81	2955583	9766952.00
20131018	1.82	1.87	1.80	1.81	3497800	11670184.00
20131021	1.82	1.83	1.79	1.82	2665255	8783632.00
20131022	1.82	1.82	1.78	1.80	1963299	6449871.00
20131023	1.80	1.81	1.76	1.77	1800000	5872178.00
20131024	1.77	1.78	1.74	1.75	1451490	4672499.00
20131025	1.75	1.76	1.67	1.69	3295416	10359295.00
20131028	1.68	1.69	1.67	1.69	1352639	4202154.00
20131029	1.69	1.71	1.62	1.65	4418590	13605166.00
20131030	1.65	1.69	1.64	1.67	2140419	6582364.00
20131031	1.66	1.75	1.66	1.75	4870915	15368897.00
20131101	1.73	1.74	1.67	1.71	2253928	7080361.00
20131104	1.71	1.75	1.69	1.72	2124591	6728651.00
20131105	1.73	1.74	1.70	1.73	866313	2730331.00
20131106	1.73	1.73	1.69	1.70	1361700	4299791.00
20131107	1.69	1.71	1.68	1.68	954301	2973894.00
20131108	1.70	1.70	1.62	1.64	2952336	8976159.00
20131111	1.64	1.68	1.62	1.66	1250441	3805229.00
20131112	1.66	1.67	1.64	1.67	642031	1971821.00
20131113	1.67	1.67	1.64	1.66	1556900	4769698.00
20131114	1.67	1.67	1.64	1.66	553612	1693325.00
20131115	1.67	1.71	1.65	1.69	1809479	5627226.00
20131118	1.69	1.73	1.69	1.73	2347869	7382916.00
20131119	1.73	1.74	1.71	1.71	1488791	4704835.00
20131120	1.71	1.73	1.70	1.73	1598985	5043926.00
20131121	1.73	1.76	1.71	1.75	2953382	9416627.00
20131122	1.74	1.76	1.72	1.73	1247606	3965422.00
20131125	1.73	1.75	1.72	1.73	1286236	4095914.00
20131126	1.73	1.76	1.73	1.76	1697667	5436232.00
20131127	1.75	1.76	1.73	1.75	3229561	10298353.00
20131128	1.75	1.78	1.75	1.75	3075401	9919806.00
20131129	1.75	1.77	1.74	1.75	2197380	7061446.00
20131202	1.74	1.75	1.68	1.69	4318887	13609665.00
20131203	1.69	1.73	1.69	1.71	1777315	5571886.00
20131204	1.71	1.79	1.70	1.77	8381526	27041508.00
20131205	1.77	1.78	1.75	1.76	2790474	9000870.00
20131206	1.76	1.79	1.76	1.77	2830628	9185416.00
20131209	1.77	1.79	1.76	1.78	1821706	5921258.00
20131210	1.78	1.78	1.75	1.76	1800300	5818383.00
20131211	1.76	1.76	1.73	1.74	1769136	5643618.00
20131212	1.75	1.75	1.72	1.73	1313030	4179567.00
20131213	1.73	1.75	1.73	1.75	1230818	3932617.00
20131216	1.75	1.76	1.71	1.72	1710061	5415382.00
20131217	1.72	1.75	1.70	1.73	1772683	5626690.00
20131218	1.73	1.76	1.69	1.73	1896169	6044969.00
20131219	1.73	1.73	1.69	1.69	1720415	5399269.00
20131220	1.69	1.71	1.66	1.66	2251320	6963530.00
20131223	1.67	1.67	1.64	1.66	1341999	4097449.00
20131224	1.66	1.68	1.64	1.65	2017191	6191299.00
20131225	1.65	1.66	1.63	1.66	1388992	4226092.00
20131226	1.66	1.66	1.61	1.62	2654228	7999844.00
20131227	1.62	1.65	1.61	1.64	1503763	4537370.00
20131230	1.65	1.66	1.62	1.64	1491369	4521817.00
20131231	1.64	1.64	1.62	1.64	2671213	8046194.00
20140102	1.64	1.64	1.62	1.63	1724997	5215091.00
20140103	1.62	1.63	1.61	1.62	1496017	4487885.00
20140106	1.63	1.63	1.58	1.59	1438738	4256857.00
20140107	1.58	1.59	1.57	1.59	835061	2462574.00
20140108	1.59	1.62	1.59	1.59	1645601	4891808.00
20140109	1.59	1.60	1.57	1.57	1095750	3228892.00
20140110	1.57	1.57	1.53	1.54	1332034	3846764.00
20140113	1.54	1.57	1.53	1.54	972276	2808960.00
20140114	1.55	1.57	1.53	1.57	1086019	3158199.00
20140115	1.57	1.58	1.55	1.57	896165	2617216.00
20140116	1.56	1.59	1.54	1.58	1043959	3043177.00
20140117	1.57	1.57	1.55	1.55	832416	2417448.00
20140120	1.55	1.55	1.53	1.55	1483643	4273733.00
20140121	1.55	1.58	1.55	1.57	1558843	4553236.00
20140122	1.57	1.62	1.57	1.62	3683919	10923605.00
20140123	1.61	1.64	1.61	1.62	1790759	5385147.00
20140124	1.62	1.65	1.62	1.62	1715151	5189894.00
20140127	1.62	1.63	1.60	1.60	1306982	3896182.00
20140128	1.60	1.62	1.58	1.59	1785200	5284536.00
20140129	1.59	1.60	1.59	1.60	976344	2900196.00
20140130	1.60	1.60	1.59	1.59	975100	2880896.00
20140207	1.59	1.60	1.57	1.60	1973991	5826869.00
20140210	1.59	1.65	1.59	1.63	3196573	9648237.00
20140211	1.62	1.65	1.62	1.64	1960350	5948603.00
20140212	1.64	1.66	1.63	1.66	1837776	5585780.00
20140213	1.64	1.66	1.63	1.63	1956250	5946594.00
20140214	1.62	1.66	1.62	1.65	1634224	4967351.00
20140217	1.64	1.68	1.64	1.67	5240881	16085471.00
20140218	1.67	1.69	1.63	1.65	5984342	18280660.00
20140219	1.66	1.67	1.62	1.66	4343991	13194175.00
20140220	1.65	1.71	1.65	1.67	5599924	17311488.00
20140221	1.67	1.67	1.62	1.63	3459673	10519409.00
20140224	1.64	1.64	1.60	1.61	3193825	9553873.00
20140225	1.60	1.62	1.55	1.57	2610531	7714050.00
20140226	1.55	1.59	1.55	1.58	2805644	8188529.00
20140227	1.57	1.59	1.55	1.57	4480546	13092420.00
20140228	1.57	1.57	1.55	1.57	2355475	6848859.00
20140303	1.57	1.59	1.56	1.59	3005747	8848718.00
20140304	1.59	1.59	1.56	1.57	2788818	8175363.00
20140305	1.58	1.59	1.56	1.57	2154034	6302921.00
20140306	1.57	1.58	1.55	1.57	2902261	8455922.00
20140307	1.58	1.58	1.56	1.58	1783409	5223341.00
20140310	1.58	1.58	1.53	1.53	1933870	5583841.00
20140311	1.53	1.54	1.52	1.53	1934912	5543532.00
20140312	1.53	1.54	1.51	1.53	1750945	5007503.00
20140313	1.53	1.56	1.53	1.55	1735369	5024520.00
20140314	1.54	1.55	1.53	1.55	1327950	3826275.00
20140317	1.55	1.57	1.55	1.56	1782740	5189414.00
20140318	1.57	1.58	1.56	1.57	1658780	4845757.00
20140319	1.56	1.57	1.54	1.57	1676022	4877108.00
20140320	1.57	1.58	1.55	1.55	1633950	4779699.00
20140321	1.55	1.60	1.54	1.59	3400384	9968047.00
20140324	1.59	1.62	1.58	1.60	5456829	16233428.00
20140325	1.60	1.63	1.59	1.61	4313467	12920540.00
20140326	1.69	1.71	1.64	1.66	10002154	30678752.00
20140327	1.64	1.66	1.61	1.64	7487467	22619594.00
20140328	1.63	1.64	1.62	1.64	4309233	13025181.00
20140331	1.64	1.65	1.62	1.62	3828248	11571124.00
20140401	1.62	1.64	1.62	1.64	4810159	14513804.00
20140402	1.64	1.65	1.62	1.64	4440428	13454068.00
20140403	1.64	1.65	1.62	1.64	3933542	11944209.00
20140404	1.64	1.66	1.63	1.66	3633833	11074483.00
20140408	1.66	1.67	1.66	1.66	3379013	10388688.00
20140409	1.67	1.67	1.66	1.67	2778457	8552515.00
20140410	1.67	1.72	1.66	1.69	5895353	18346972.00
20140411	1.69	1.73	1.69	1.71	6586180	20734016.00
20140414	1.71	1.72	1.70	1.71	2665306	8380390.00
20140415	1.71	1.71	1.69	1.69	3080887	9642295.00
20140416	1.69	1.70	1.68	1.69	2411706	7515456.00
20140417	1.69	1.70	1.68	1.69	1655254	5153882.00
20140418	1.69	1.69	1.67	1.68	2361787	7311803.00
20140421	1.67	1.68	1.64	1.64	3603039	11054817.00
20140422	1.64	1.66	1.63	1.66	2008827	6115969.00
20140423	1.66	1.67	1.64	1.67	1915202	5854187.00
20140424	1.67	1.67	1.66	1.66	1538000	4729135.00
20140425	1.67	1.67	1.64	1.64	2185075	6676208.00
20140428	1.64	1.65	1.61	1.61	2521200	7586692.00
20140429	1.62	1.62	1.59	1.62	3065405	9150923.00
20140430	1.62	1.66	1.60	1.66	3221994	9802652.00
20140505	1.66	1.67	1.63	1.67	5190628	15854524.00
20140506	1.68	1.68	1.66	1.66	3004170	9247803.00
20140507	1.66	1.66	1.64	1.65	1552399	4744391.00
20140508	1.67	1.69	1.66	1.68	4247152	13130959.00
20140509	1.68	1.68	1.66	1.67	2278106	7020248.00
20140512	1.67	1.78	1.67	1.78	11497822	36374304.00
20140513	1.76	1.82	1.75	1.78	12336078	40235704.00
20140514	1.79	1.84	1.75	1.76	4941578	12048032.00
20140515	1.75	1.75	1.69	1.69	4600108	10845099.00
20140516	1.69	1.72	1.68	1.72	3190130	7460903.00
20140519	1.71	1.74	1.69	1.73	2611728	6129664.00
20140520	1.73	1.74	1.69	1.71	2857654	6711116.00
20140521	1.69	1.71	1.69	1.71	2214152	5179831.00
20140522	1.71	1.74	1.70	1.72	5193496	12280832.00
20140523	1.72	1.73	1.70	1.73	3207790	7556368.00
20140526	1.73	1.74	1.72	1.74	2799160	6648690.00
20140527	1.74	1.74	1.71	1.72	1895978	4482937.00
20140528	1.73	1.73	1.69	1.71	3332877	7815013.00
20140529	1.70	1.72	1.68	1.69	2695090	6295622.00
20140530	1.69	1.71	1.69	1.70	2047752	4779698.00
20140603	1.70	1.75	1.69	1.74	6100935	14426845.00
20140604	1.74	1.75	1.70	1.71	3639239	8642045.00
20140605	1.72	1.74	1.70	1.73	2123479	5025305.00
20140606	1.73	1.73	1.70	1.71	1353557	3184936.00
20140609	1.72	1.74	1.69	1.72	1886859	4450359.00
20140610	1.72	1.73	1.70	1.72	3312192	7788558.00
20140611	1.72	1.73	1.69	1.72	2110524	4958237.00
20140612	1.72	1.72	1.69	1.71	1513371	3549698.00
20140613	1.70	1.73	1.70	1.72	1796110	4231898.00
20140616	1.72	1.73	1.69	1.71	8100348	18980728.00
20140617	1.71	1.71	1.67	1.69	6650355	15427103.00
20140618	1.68	1.69	1.66	1.66	2966501	6830588.00
20140619	1.66	1.67	1.60	1.61	3223750	7280486.00
20140620	1.62	1.62	1.60	1.61	1996401	4453495.00
20140623	1.61	1.63	1.60	1.61	3371348	7525020.00
20140624	1.61	1.62	1.59	1.61	4773302	10635679.00
20140625	1.61	1.61	1.59	1.61	1826987	4058263.00
20140626	1.61	1.64	1.60	1.63	4803981	10775552.00
20140627	1.63	1.66	1.62	1.64	6780941	15417572.00
20140630	1.65	1.67	1.64	1.66	5151094	11770122.00
20140701	1.66	1.66	1.64	1.65	5853632	13315823.00
20140702	1.65	1.66	1.64	1.66	4261158	9697005.00
20140703	1.66	1.69	1.64	1.69	8905266	20484038.00
20140704	1.69	1.69	1.66	1.67	4466287	10256868.00
20140707	1.67	1.68	1.64	1.68	2607533	5969001.00
20140708	1.67	1.68	1.66	1.67	2842593	6531383.00
20140709	1.66	1.67	1.63	1.64	3975736	9061405.00
20140710	1.63	1.66	1.63	1.64	2734845	6205271.00
20140711	1.65	1.69	1.64	1.69	5772227	13291863.00
20140714	1.69	1.69	1.66	1.68	8851176	20403818.00
20140715	1.68	1.69	1.67	1.69	5154732	11894850.00
20140716	1.69	1.73	1.67	1.70	11018070	25855278.00
20140717	1.70	1.71	1.68	1.69	3882016	9025965.00
20140718	1.69	1.71	1.67	1.71	6817745	15910512.00
20140721	1.70	1.71	1.68	1.69	4436825	10319124.00
20140722	1.69	1.72	1.68	1.71	5582848	13055934.00
20140723	1.70	1.76	1.70	1.73	12528487	29810394.00
20140724	1.73	1.75	1.72	1.74	8068128	19204610.00
20140725	1.74	1.78	1.73	1.78	9494859	22772124.00
20140728	1.79	1.84	1.79	1.82	13761689	34026776.00
20140729	1.82	1.83	1.79	1.81	10415805	25702458.00
20140730	1.81	1.82	1.78	1.80	12434850	30494080.00
20140731	1.81	1.84	1.80	1.84	10891764	27098464.00
20140801	1.84	1.86	1.82	1.82	9140576	22875986.00
20140804	1.82	1.84	1.80	1.84	10308241	25633046.00
20140805	1.84	1.85	1.83	1.84	5695854	14244440.00
20140806	1.84	1.88	1.83	1.87	7683219	19300928.00
20140807	1.87	1.88	1.81	1.81	10088250	25267036.00
20140808	1.81	1.83	1.80	1.83	5569651	13770971.00
20140811	1.83	1.86	1.82	1.85	7392095	18520284.00
20140812	1.85	1.86	1.84	1.85	4593433	11531565.00
20140813	1.85	1.85	1.82	1.84	6508154	16245215.00
20140814	1.84	1.89	1.83	1.84	10316783	26129844.00
20140815	1.84	1.86	1.83	1.86	7012337	17619776.00
20140818	1.85	1.89	1.85	1.89	12299641	31418602.00
20140819	1.89	1.92	1.89	1.91	9170453	23649080.00
20140820	1.92	1.99	1.90	1.98	17606295	46513136.00
20140821	1.98	1.98	1.91	1.94	12332293	32302152.00
20140822	1.93	1.94	1.90	1.94	7308664	19040032.00
20140825	1.94	1.95	1.90	1.92	6165266	16035830.00
20140826	1.92	1.94	1.88	1.90	11885716	30733766.00
20140827	1.90	1.91	1.89	1.90	3306287	8518156.00
20140828	1.89	1.90	1.84	1.85	6057094	15409615.00
20140829	1.86	1.87	1.84	1.87	5020487	12653778.00
20140901	1.86	1.91	1.86	1.91	6919004	17760516.00
20140902	1.91	1.95	1.91	1.94	8972291	23450966.00
20140903	1.95	1.99	1.94	1.95	11807592	31362390.00
20140904	2.07	2.17	2.07	2.17	29952012	86201928.00
20140905	2.34	2.34	2.17	2.24	77114506	230557648.00
20140909	2.18	2.25	2.14	2.19	25999105	75860552.00
20140910	2.19	2.19	2.14	2.17	18707242	53974108.00
20140911	2.16	2.22	2.14	2.18	24630736	71996488.00
20140912	2.17	2.19	2.13	2.19	17615154	50826788.00
20140915	2.17	2.21	2.15	2.20	17682007	51867152.00
20140916	2.20	2.34	2.19	2.20	37074889	111178976.00
20140917	2.19	2.28	2.17	2.26	25510300	75982464.00
20140918	2.27	2.34	2.26	2.31	28376344	86910160.00
20140919	2.31	2.31	2.25	2.29	13376865	40520200.00
20140922	2.28	2.28	2.20	2.20	12039278	35823236.00
20140923	2.19	2.24	2.19	2.22	6399692	18946728.00
20140924	2.22	2.24	2.18	2.24	12460550	36831068.00
20140925	2.24	2.24	2.21	2.21	13260417	39389144.00
20140926	2.19	2.25	2.19	2.24	9486572	28115222.00
20140929	2.25	2.28	2.24	2.27	10628329	31981120.00
20140930	2.28	2.29	2.26	2.29	8334196	25231852.00
20141008	2.28	2.29	2.25	2.29	11270952	34023648.00
20141009	2.29	2.29	2.24	2.29	16541622	49979912.00
20141010	2.28	2.29	2.24	2.26	9934402	29943672.00
20141013	2.25	2.25	2.20	2.24	11094993	32858908.00
20141014	2.23	2.25	2.20	2.21	11018639	32727704.00
20141015	2.21	2.25	2.20	2.25	8316695	24732692.00
20141016	2.24	2.29	2.22	2.26	17813650	53908432.00
20141017	2.24	2.27	2.16	2.20	10872101	32121832.00
20141020	2.19	2.29	2.19	2.29	13477573	40460740.00
20141021	2.28	2.28	2.22	2.23	11709650	34993888.00
20141022	2.22	2.25	2.22	2.24	9516025	28395788.00
20141023	2.24	2.24	2.15	2.17	10510794	30706440.00
20141024	2.16	2.21	2.16	2.18	6468601	18883732.00
20141027	2.17	2.18	2.14	2.17	6143566	17758836.00
20141028	2.16	2.22	2.16	2.22	7170204	21045640.00
20141029	2.22	2.47	2.21	2.42	51279030	160514416.00
20141030	2.42	2.52	2.39	2.45	37920643	123055952.00
20141031	2.44	2.67	2.44	2.60	41391257	139879104.00
20141103	2.63	2.69	2.52	2.66	41449025	142159280.00
20141104	2.66	2.76	2.59	2.68	28011114	98711192.00
20141105	2.61	2.66	2.54	2.59	18227519	62607000.00
20141106	2.61	2.65	2.54	2.58	19284234	65809208.00
20141107	2.62	2.80	2.59	2.74	43111742	154769296.00
20141110	2.81	3.04	2.81	3.04	49606200	193180704.00
20141111	3.15	3.29	2.97	3.04	72358911	292638976.00
20141112	3.03	3.04	2.91	3.02	29635657	114566536.00
20141113	2.95	3.04	2.85	2.91	29673875	113459680.00
20141114	2.93	3.07	2.89	3.02	19098037	74253960.00
20141117	3.02	3.06	2.92	2.95	16351803	63097024.00
20141118	2.97	2.99	2.89	2.98	11469068	43709480.00
20141119	2.98	3.00	2.93	2.99	8258023	31780434.00
20141120	2.97	3.13	2.94	3.10	28408445	112846880.00
20141121	3.11	3.13	3.03	3.08	13740030	54576824.00
20141124	3.09	3.09	3.01	3.04	19112842	75782768.00
20141125	3.05	3.09	3.02	3.05	16443334	65136484.00
20141126	3.05	3.08	3.02	3.04	13580215	53637416.00
20141127	3.05	3.38	3.00	3.38	53592995	227448624.00
20141128	3.48	3.52	3.34	3.36	45161565	199622832.00
20141201	3.36	3.48	3.25	3.40	30694622	133322312.00
20141202	3.37	3.45	3.32	3.41	18620716	81647456.00
20141203	3.38	3.46	3.34	3.42	21551613	94347536.00
20141204	3.41	3.79	3.40	3.69	53919783	254617808.00
20141205	3.68	3.68	3.42	3.49	33070624	150025264.00
20141208	3.46	3.63	3.27	3.53	24811884	111721344.00
20141209	3.52	3.65	3.17	3.24	55711857	248068848.00
20141210	3.20	3.34	3.16	3.34	24148475	101436704.00
20141211	3.37	3.54	3.29	3.40	28372875	125304928.00
20141212	3.44	3.69	3.41	3.59	43182237	198460208.00
20141215	3.55	3.59	3.46	3.58	21179243	95956344.00
20141216	3.57	3.58	3.45	3.52	19082749	85920128.00
20141217	3.52	3.59	3.46	3.54	20173267	91459832.00
20141218	3.54	3.54	3.44	3.49	15580605	69864472.00
20141219	3.49	3.54	3.38	3.51	21709074	96664856.00
20150327	3.89	3.89	3.89	3.89	11642101	57744820.00
20150330	4.24	4.24	3.92	4.09	113594380	590802048.00
20150331	4.08	4.09	3.97	3.98	45518867	232780112.00
20150401	4.02	4.07	3.99	4.05	30208261	155124000.00
20150402	4.06	4.16	4.05	4.10	39135016	204308000.00
20150403	4.10	4.22	4.05	4.22	38529843	203347120.00
20150407	4.67	4.67	4.67	4.67	12600818	74344824.00
20150408	5.16	5.16	4.98	5.16	71492159	462509408.00
20150409	5.43	5.70	5.24	5.70	152621029	1050176192.00
20150410	5.71	6.29	5.71	6.29	115030600	889988928.00
20150413	6.70	6.95	6.29	6.95	89291296	757959360.00
20150414	7.39	7.67	7.39	7.67	29701856	278096672.00
20150415	8.25	8.46	7.75	8.46	156190421	1599091840.00
20150416	8.80	9.33	8.79	9.33	92912617	877085696.00
20150417	9.68	10.28	8.61	9.30	248928537	2442780672.00
20150420	8.76	9.32	8.35	8.40	170166817	1498780416.00
20150421	8.10	8.58	7.75	8.43	119588398	981288256.00
20150422	8.16	8.46	8.11	8.41	125227967	1062323904.00
20150423	8.41	8.41	8.20	8.27	76214265	644544000.00
20150424	8.21	8.21	7.91	8.15	70544790	583187584.00
20150427	8.33	8.41	8.18	8.28	84435342	714767936.00
20150428	8.28	8.30	7.83	8.19	76516428	632688768.00
20150429	8.10	8.39	7.95	8.28	70701663	595355712.00
20150430	8.25	8.25	7.96	8.03	53729274	444615872.00
20150504	8.01	8.33	7.47	8.26	68922396	572523584.00
20150505	8.21	8.21	7.69	7.76	54178102	440820640.00
20150506	7.70	7.91	7.26	7.40	49682020	385483456.00
20150507	7.36	7.37	6.84	6.91	49500793	355293760.00
20150508	7.08	7.14	6.91	7.11	38530156	277965440.00
20150511	7.17	7.46	7.03	7.44	57516958	428026176.00
20150512	7.45	7.76	7.34	7.75	64185878	495458592.00
20150513	7.75	7.95	7.56	7.62	62279371	494374048.00
20150514	7.54	7.60	7.32	7.49	42438287	324421760.00
20150515	7.49	7.86	7.41	7.60	65737052	520414240.00
20150518	7.48	7.81	7.21	7.63	51349650	394396416.00
20150519	7.51	7.90	7.46	7.89	69935429	558018368.00
20150520	7.95	8.10	7.76	7.81	78095864	633730496.00
20150521	7.80	8.39	7.73	8.28	99716940	821835968.00
20150522	8.33	8.60	8.10	8.52	121161555	1031438336.00
20150525	8.53	9.11	8.52	8.94	120932551	1098216320.00
20150526	9.02	9.11	8.61	8.89	107489961	967803520.00
20150527	8.96	9.04	8.52	8.62	105280746	936755456.00
20150528	8.63	8.88	7.83	7.93	101121932	880702336.00
20150529	7.86	7.99	7.21	7.61	70822423	552598016.00
20150601	7.62	8.05	7.50	8.03	57888896	463231744.00
20150602	8.10	8.11	7.86	8.10	59848414	490170048.00
20150603	8.10	8.71	7.98	8.66	111233282	955399616.00
20150604	8.66	8.66	7.82	8.34	80377453	679179776.00
20150605	8.47	8.61	8.21	8.49	86503129	748247424.00
20150608	8.55	9.31	8.55	9.22	168961235	1556712704.00
20150609	9.21	9.21	8.76	9.01	103775291	946252736.00
20150610	8.89	9.06	8.61	8.88	67836515	614189760.00
20150611	8.81	9.31	8.64	9.21	119401341	1106205696.00
20150612	9.21	9.50	9.13	9.21	102743597	971551296.00
20150615	9.17	9.59	8.86	9.24	107729006	1005692096.00
20150616	9.05	9.31	8.62	8.75	71018370	650175680.00
20150617	8.56	8.98	8.19	8.87	64047079	561545664.00
20150618	8.80	9.00	8.46	8.48	56697190	510020544.00
20150619	8.21	8.31	7.61	7.61	50130664	407522560.00
20150623	7.60	7.76	6.83	7.57	48596384	365660384.00
20150624	7.75	7.93	7.57	7.91	51713415	412275232.00
20150625	7.86	7.91	7.16	7.40	44099179	346642528.00
20150626	7.11	7.21	6.64	6.64	44725349	315738080.00
20150629	6.86	6.93	5.96	6.08	49293805	323251808.00
20150630	6.07	6.71	5.51	6.70	56271697	357772064.00
20150701	6.70	7.01	6.41	6.49	55941743	390861856.00
20150702	6.49	6.65	5.93	6.05	38712515	252337184.00
20150703	5.99	6.24	5.43	5.48	40125692	235793312.00
20150706	6.05	6.05	5.17	5.64	43745361	255748944.00
20150707	5.46	5.46	5.06	5.06	35655254	190470320.00
20150708	4.54	4.54	4.54	4.54	7703400	36437080.00
20150709	4.07	5.01	4.07	5.01	56775616	279230528.00
20150710	5.21	5.53	5.01	5.53	53420733	301394176.00
20150713	5.76	6.10	5.76	6.10	64160395	394833728.00
20150714	6.11	6.50	5.82	5.94	77697016	490309984.00
20150715	5.81	5.81	5.33	5.33	47763476	272250080.00
20150716	4.78	5.63	4.78	5.41	38158810	209557280.00
20150717	5.36	5.84	5.36	5.77	36745781	214030176.00
20150720	5.77	5.93	5.61	5.76	38007710	227556624.00
20150721	5.71	6.36	5.61	6.36	50999334	319280000.00
20150722	7.02	7.02	6.81	7.02	168848914	1215428736.00
20150723	6.99	7.25	6.67	7.07	153067180	1091985280.00
20150724	6.87	7.01	6.61	6.76	99981832	706479552.00
20150727	6.47	6.67	6.07	6.07	65083539	428765888.00
20150728	5.51	6.11	5.44	5.65	63002688	366914976.00
20150729	5.88	6.18	5.65	6.13	52207435	315434112.00
20150730	6.06	6.44	5.91	6.00	63418813	401511872.00
20150731	5.87	6.01	5.62	5.77	35042305	211186464.00
20150803	5.66	5.74	5.24	5.45	30637789	173786176.00
20150804	5.51	5.86	5.47	5.86	36356515	214281600.00
20150805	5.86	6.17	5.79	5.95	56262580	347606048.00
20150806	5.76	5.92	5.71	5.79	27643905	166075568.00
20150807	5.83	5.99	5.83	5.96	31336114	191715264.00
20150810	5.97	6.36	5.97	6.27	58245160	370807104.00
20150811	6.18	6.50	6.16	6.40	68435216	448816192.00
20150812	6.30	6.70	6.21	6.32	67730739	450490368.00
20150813	6.26	6.43	6.14	6.42	44909750	290881376.00
20150814	6.46	6.58	6.33	6.36	57316905	380201568.00
20150817	6.35	6.47	6.21	6.46	43499375	284540768.00
20150818	6.42	6.54	5.80	5.80	55426360	353678464.00
20150819	5.59	6.03	5.36	5.98	41690323	246913968.00
20150820	5.92	6.43	5.79	6.05	67805159	432463168.00
20150821	5.86	6.00	5.48	5.62	41126200	243029616.00
20150824	5.32	5.47	5.04	5.04	27322579	144917552.00
20150825	4.55	4.79	4.52	4.52	27596127	131621536.00
20150826	4.62	4.74	4.22	4.34	31618927	149100144.00
20150827	4.49	4.59	4.31	4.58	21998772	102439968.00
20150828	4.66	4.99	4.61	4.97	33469026	166542336.00
20150831	4.86	4.91	4.69	4.71	23190755	115216808.00
20150901	4.75	4.80	4.47	4.52	19686331	94428336.00
20150902	4.32	4.64	4.24	4.35	17451745	80582784.00
20150907	4.51	4.63	4.40	4.44	16937318	79792320.00
20150908	4.44	4.67	4.31	4.66	15171064	71691936.00
20150909	4.69	4.85	4.64	4.84	30132875	149402464.00
20150910	4.75	4.80	4.69	4.70	18314787	90404808.00
20150911	4.72	4.77	4.65	4.71	12562154	61524780.00
20150914	4.76	4.76	4.23	4.30	21185520	98600128.00
20150915	4.27	4.30	3.94	4.00	17408430	75511408.00
20150916	4.01	4.42	4.01	4.40	20700824	91354752.00
20150917	4.34	4.47	4.20	4.21	22181815	100876880.00
20150918	4.24	4.30	4.16	4.26	13028508	57535864.00
20150921	4.24	4.37	4.16	4.37	13420110	60297240.00
20150922	4.36	4.43	4.33	4.43	17040951	78044016.00
20150923	4.35	4.38	4.27	4.29	12260704	55317704.00
20150924	4.30	4.38	4.29	4.33	10544408	47667108.00
20150925	4.31	4.33	4.13	4.17	11547751	50936712.00
20150928	4.20	4.22	4.12	4.22	6618849	28968688.00
20150929	4.16	4.18	4.11	4.12	6183259	26775726.00
20150930	4.16	4.20	4.13	4.16	5035694	21942858.00
20151008	4.29	4.34	4.26	4.32	12010589	54013340.00
20151009	4.31	4.43	4.26	4.39	15639454	70864744.00
20151012	4.38	4.62	4.37	4.59	27599497	130172128.00
20151013	4.56	4.80	4.53	4.77	32626077	158512048.00
20151014	4.71	4.74	4.61	4.63	22893728	111275048.00
20151015	4.59	4.79	4.59	4.77	21599513	105829872.00
20151016	4.88	5.01	4.81	4.86	38797102	197125696.00
20151019	4.88	4.89	4.76	4.81	24950463	124918248.00
20151020	4.81	4.84	4.72	4.84	20361668	101530360.00
20151021	4.84	4.97	4.47	4.53	30415250	150604928.00
20151022	4.52	4.71	4.51	4.70	17086294	82074984.00
20151023	4.73	4.82	4.65	4.79	20492557	101229392.00
20151026	4.85	4.97	4.79	4.87	44691261	226090896.00
20151027	4.86	4.86	4.59	4.81	30080699	148144544.00
20151028	4.77	4.85	4.69	4.75	25258559	125224640.00
20151029	4.76	4.80	4.71	4.78	18190862	90056256.00
20151030	4.76	4.83	4.69	4.77	18246207	90388152.00
20151102	4.68	4.87	4.62	4.67	23626562	117529192.00
20151103	4.68	4.74	4.64	4.69	14975824	72936752.00
20151104	4.69	4.96	4.67	4.94	46078032	233241440.00
20151105	5.09	5.36	5.01	5.09	82104030	441335360.00
20151106	5.02	5.29	5.01	5.19	54448896	290734464.00
20151109	5.14	5.28	5.11	5.23	39118450	211229584.00
20151110	5.18	5.21	5.06	5.14	27483853	146700944.00
20151111	5.11	5.18	5.06	5.17	21814683	115786680.00
20151112	5.17	5.19	5.06	5.10	18522346	98199280.00
20151113	5.04	5.07	4.94	4.97	19528192	101442048.00
20151116	4.90	5.02	4.84	5.01	24941117	127239752.00
20151117	5.05	5.15	5.00	5.03	28386038	149360368.00
20151118	5.02	5.05	4.90	4.92	16481284	85012408.00
20151119	4.91	5.01	4.91	5.01	14540645	74966160.00
20151120	5.02	5.05	4.97	5.04	19698048	102405720.00
20151123	5.06	5.09	4.97	5.00	23096237	121045016.00
20151124	4.98	5.00	4.91	5.00	14711055	75613584.00
20151125	5.00	5.03	4.95	5.02	14290206	74094816.00
20151126	5.03	5.08	5.00	5.02	17260403	90285600.00
20151127	5.00	5.02	4.63	4.68	24164539	121928912.00
20151130	4.69	4.73	4.47	4.63	16954027	81469408.00
20151201	4.62	4.70	4.56	4.68	11397150	55068024.00
20151202	4.67	4.80	4.64	4.80	14132943	69445784.00
20151203	4.81	4.87	4.75	4.83	14698922	73362768.00
20151204	4.79	4.81	4.74	4.76	13471535	66909384.00
20151207	4.79	4.82	4.75	4.81	10448595	52095460.00
20151208	4.81	4.81	4.63	4.66	11933674	58317728.00
20151209	4.63	4.67	4.61	4.63	7411277	35816776.00
20151210	4.62	4.68	4.61	4.64	7244172	34988424.00
20151211	4.62	4.64	4.59	4.63	6903188	33152076.00
20151214	4.60	4.72	4.53	4.71	8792300	42554328.00
20151215	4.71	4.77	4.69	4.70	8388721	41235972.00
20151216	4.72	4.76	4.68	4.72	8723156	42927116.00
20151217	4.74	4.83	4.74	4.80	16437433	81960192.00
20151218	4.80	4.87	4.78	4.87	24442848	122872480.00
20151221	4.86	5.17	4.84	5.11	47428550	248113328.00
20151222	5.10	5.10	5.01	5.05	21091406	110413472.00
20151223	5.06	5.57	5.06	5.57	62618378	349598944.00
20151224	5.60	5.61	5.20	5.30	62568303	346755936.00
20151225	5.31	5.85	5.26	5.85	129875974	769912000.00
20151228	5.78	6.45	5.69	6.44	150041069	968474688.00
20151229	6.21	6.48	5.89	6.27	107998603	688199552.00
20151230	6.23	6.72	6.06	6.34	88796216	583682048.00
20151231	6.34	6.66	6.25	6.37	54908853	362271264.00
20160104	6.34	6.52	5.71	5.75	41867939	265125792.00
20160105	5.46	6.13	5.37	6.11	65695223	396089664.00
20160106	6.02	6.69	6.01	6.54	71530180	467147104.00
20160107	6.37	6.46	5.87	5.89	16442440	104418464.00
20160108	6.21	6.47	5.72	6.31	73014008	467548704.00
20160111	6.11	6.51	6.01	6.15	70252196	453395360.00
20160112	6.12	6.42	5.90	6.02	63215263	404420928.00
20160113	6.03	6.06	5.40	5.40	57930837	342862368.00
20160114	5.15	5.73	5.02	5.62	39592779	222061520.00
20160115	5.55	5.76	5.44	5.54	30989429	178865952.00
20160118	5.44	5.77	5.31	5.68	31607071	183737792.00
20160119	5.71	6.27	5.65	6.27	42403127	261086352.00
20160120	6.28	6.62	6.14	6.38	58400105	384579008.00
20160121	6.25	6.44	6.06	6.08	40825643	261687584.00
20160122	6.13	6.28	5.72	6.10	34225641	213128560.00
20160125	6.10	6.20	6.01	6.10	21979293	138489072.00
20160126	6.06	6.06	5.47	5.51	38484574	226240000.00
20160127	5.42	5.54	4.96	5.30	27749673	151223584.00
20160128	5.23	5.44	5.06	5.07	22156542	120760208.00
20160129	4.99	5.35	4.97	5.24	19641772	105893648.00
20160201	5.25	5.26	4.91	5.01	13813645	73352392.00
20160202	5.04	5.31	5.01	5.15	15509611	83039568.00
20160203	5.09	5.15	4.96	5.14	12724918	66571228.00
20160204	5.15	5.26	5.09	5.19	16066030	86352504.00
20160205	5.22	5.26	5.09	5.09	9261281	49309328.00
20160215	4.91	5.04	4.87	4.96	11683026	59966552.00
20160216	4.94	5.19	4.94	5.19	15543998	82342024.00
20160217	5.19	5.26	5.14	5.21	17919891	96603824.00
20160218	5.24	5.47	5.22	5.23	22708549	125791888.00
20160219	5.25	5.26	5.14	5.19	14865257	80056376.00
20160222	5.26	5.46	5.25	5.45	23312846	129350544.00
20160223	5.46	5.49	5.27	5.36	18976534	105095576.00
20160224	5.31	5.78	5.31	5.60	27245425	157239296.00
20160225	5.59	5.59	5.02	5.04	28740649	157069632.00
20160226	5.04	5.16	4.91	5.08	17941430	93933544.00
20160229	4.99	5.07	4.64	4.75	16285606	80919808.00
20160301	4.85	4.92	4.66	4.86	13085514	65309756.00
20160302	4.84	5.27	4.82	5.24	21550543	111802056.00
20160303	5.16	5.26	5.12	5.16	22565292	121190136.00
20160304	5.14	5.14	4.88	4.98	17650727	91822480.00
20160307	5.02	5.10	4.98	5.04	11241085	58825992.00
20160308	5.05	5.05	4.80	4.99	13812703	70245688.00
20160309	4.87	4.98	4.81	4.90	9303468	47358348.00
20160310	4.93	4.96	4.83	4.83	7193393	36412128.00
20160311	4.80	4.88	4.75	4.83	5787364	28942536.00
20160314	4.87	5.00	4.87	4.94	13994131	72047888.00
20160315	4.93	4.96	4.83	4.88	8406896	42601220.00
20160316	4.90	4.91	4.81	4.84	7156229	36045756.00
20160317	4.85	4.95	4.83	4.92	11808996	60132072.00
20160318	4.92	5.08	4.91	5.04	19622565	102024104.00
20160321	5.06	5.16	5.05	5.15	22803728	120774488.00
20160322	5.10	5.12	5.03	5.06	18236562	96039736.00
20160323	5.06	5.14	5.01	5.11	13402716	70631992.00
20160324	5.05	5.31	5.02	5.13	26706647	142884816.00
20160325	5.11	5.20	5.06	5.17	17792726	94750128.00
20160328	5.22	5.26	5.09	5.15	20348723	109335920.00
20160329	5.14	5.17	5.02	5.08	12676251	66882860.00
20160330	5.11	5.20	5.06	5.20	16318154	86969240.00
20160331	5.19	5.22	5.13	5.17	18093864	97031456.00
20160401	5.14	5.16	5.00	5.09	16407750	86338368.00
20160405	5.04	5.15	5.04	5.14	16162816	85732304.00
20160406	5.14	5.14	5.08	5.12	14058312	74473072.00
20160407	5.12	5.13	5.02	5.02	15604081	81911552.00
20160408	4.98	5.00	4.91	4.96	13243509	68065856.00
20160801	5.47	5.47	5.47	5.47	2979716	16597018.00
20160802	6.02	6.02	5.63	5.75	78483062	465227776.00
20160803	5.60	5.79	5.47	5.73	50632438	289608608.00
20160804	5.66	6.27	5.56	6.11	83761416	510144416.00
20160805	5.97	6.20	5.83	5.96	56200871	341547200.00
20160808	5.91	6.06	5.77	5.80	36782808	219531952.00
20160809	5.80	5.83	5.71	5.82	24040700	141274992.00
20160810	5.79	5.95	5.75	5.76	24090700	142517008.00
20160811	5.67	5.71	5.57	5.58	24274242	139101648.00
20160812	5.60	5.65	5.48	5.63	16080569	91181664.00
20160815	5.61	5.77	5.60	5.72	23638590	136959888.00
20160816	5.70	5.74	5.65	5.71	18953332	109878896.00
20160817	5.70	5.72	5.66	5.70	14345863	83000944.00
20160818	5.70	5.74	5.65	5.67	14854394	85985416.00
20160819	5.66	5.67	5.58	5.63	13156391	75164480.00
20160822	5.62	5.76	5.62	5.66	19546900	113656192.00
20160823	5.63	5.66	5.55	5.62	11968000	68251192.00
20160824	5.63	5.64	5.55	5.57	8876600	50476452.00
20160825	5.53	5.55	5.42	5.44	13182900	73370712.00
20160826	5.41	5.47	5.41	5.44	7979300	44219680.00
20160829	5.43	5.50	5.42	5.44	6041300	33603800.00
20160830	5.45	5.50	5.41	5.43	7490606	41574308.00
20160831	5.42	5.45	5.38	5.45	6079165	33574320.00
20160901	5.47	5.48	5.38	5.38	7621882	42116104.00
20160902	5.37	5.38	5.29	5.30	8385033	45532460.00
20160905	5.31	5.44	5.31	5.43	21250010	115985088.00
20160906	5.41	5.47	5.36	5.47	9585690	52974940.00
20160907	5.49	5.49	5.43	5.44	8255668	45822180.00
20160908	5.42	5.44	5.35	5.38	6553400	36048680.00
20160909	5.37	5.39	5.30	5.32	6077809	33160404.00
20160912	5.27	5.27	5.12	5.13	11222528	59380868.00
20160913	5.16	5.18	5.13	5.15	4674895	24543666.00
20160914	5.14	5.17	5.10	5.15	4058708	21262500.00
20160919	5.18	5.20	5.15	5.17	4161718	21951898.00
20160920	5.18	5.21	5.15	5.18	4877532	25743444.00
20160921	5.15	5.20	5.15	5.17	4852153	25589460.00
20160922	5.20	5.20	5.15	5.16	6938069	36595876.00
20160923	5.17	5.18	5.12	5.13	4997080	26210142.00
20160926	5.13	5.15	5.08	5.08	5611000	29268164.00
20160927	5.10	5.10	5.02	5.07	5007686	25869304.00
20160928	5.08	5.22	5.05	5.20	8882271	46674672.00
20160929	5.17	5.20	5.15	5.15	4764880	25141476.00
20160930	5.15	5.18	5.14	5.16	4268012	22414178.00
20161010	5.17	5.19	5.14	5.19	9087535	47899676.00
20161011	5.20	5.22	5.17	5.22	8092800	42873776.00
20161012	5.21	5.21	5.17	5.19	6683562	35358588.00
20161013	5.18	5.21	5.17	5.19	5912500	31254160.00
20161014	5.17	5.19	5.13	5.18	6536732	34327988.00
20161017	5.19	5.27	5.17	5.20	12311478	65603792.00
20161018	5.20	5.28	5.19	5.26	8453155	45186016.00
20161019	5.26	5.26	5.21	5.23	6241775	33312892.00
20161020	5.23	5.26	5.21	5.23	6160250	32844780.00
20161021	5.23	5.23	5.17	5.19	6698432	35454380.00
20161024	5.17	5.24	5.17	5.23	8006085	42555812.00
20161025	5.23	5.24	5.20	5.21	7284541	38686288.00
20161026	5.21	5.25	5.20	5.23	8545659	45489212.00
20161027	5.23	5.24	5.20	5.21	5569840	29571930.00
20161028	5.22	5.22	5.16	5.17	5875096	31046944.00
20161031	5.15	5.17	5.14	5.16	4259164	22388280.00
20161101	5.16	5.20	5.15	5.19	4881900	25778736.00
20161102	5.18	5.20	5.16	5.19	6190700	32696632.00
20161103	5.18	5.22	5.16	5.21	6745475	35746808.00
20161104	5.21	5.22	5.17	5.18	6326500	33506384.00
20161107	5.18	5.20	5.16	5.19	4400526	23260976.00
20161108	5.20	5.23	5.19	5.20	8795470	46671348.00
20161109	5.20	5.21	5.14	5.18	8169320	43101976.00
20161110	5.20	5.38	5.19	5.30	20345138	109461800.00
20161111	5.28	5.32	5.25	5.31	12969226	69804592.00
20161114	5.31	5.57	5.27	5.49	28876210	159906096.00
20161115	5.46	5.65	5.44	5.59	24572845	138388192.00
20161116	5.57	5.72	5.53	5.63	22793300	130150832.00
20161128	5.90	5.90	5.57	5.62	39236600	228460064.00
20161129	5.57	5.65	5.42	5.44	21871800	122667616.00
20161130	5.47	5.73	5.45	5.58	27683000	158094608.00
20161201	5.59	5.67	5.47	5.51	15822349	88652000.00
20161202	5.52	5.58	5.42	5.48	13710917	76888512.00
20161205	5.42	5.49	5.40	5.47	8714500	48255404.00
20161206	5.53	5.61	5.45	5.47	11351700	64107876.00
20161207	5.47	5.55	5.42	5.53	10504500	58813568.00
20161208	5.52	5.56	5.48	5.50	9495700	53378060.00
20161209	5.54	5.58	5.47	5.56	10691500	60265536.00
20161212	5.56	5.59	5.29	5.30	11571205	64080488.00
20161213	5.23	5.39	5.21	5.36	8302849	45096720.00
20161214	5.35	5.65	5.34	5.55	19022923	107179472.00
20161215	5.53	5.68	5.45	5.56	13403741	76012800.00
20161216	5.58	5.65	5.53	5.60	12342680	70486400.00
20161219	5.60	5.81	5.59	5.78	21888897	127793608.00
20161220	5.78	5.80	5.71	5.75	11185224	65438248.00
20161221	5.80	5.92	5.75	5.82	16447497	98025584.00
20161222	5.82	5.86	5.73	5.84	9839673	58033164.00
20161223	5.83	5.93	5.74	5.82	9905212	58670720.00
20161226	5.86	5.91	5.75	5.90	16767601	99965040.00
20161227	5.92	5.95	5.80	5.81	10705868	64009384.00
20161228	5.77	5.88	5.70	5.80	13926603	82094336.00
20161229	5.82	6.08	5.81	6.08	25060200	152630624.00
20161230	6.12	6.13	5.97	6.06	15408100	94862992.00
20170103	6.06	6.06	5.97	6.00	8786172	53635104.00
20170104	6.02	6.09	5.95	6.03	12201720	74477448.00
20170105	6.04	6.08	5.98	6.04	11392975	69865408.00
20170106	6.05	6.08	5.95	6.03	8918671	54525572.00
20170109	6.03	6.04	5.87	5.94	11232849	67903504.00
20170110	6.02	6.03	5.94	5.99	7344530	44626188.00
20170111	6.08	6.08	5.96	6.00	6839434	41764296.00
20170112	6.01	6.03	5.90	5.98	8056397	48827864.00
20170113	5.98	5.98	5.78	5.83	10034954	59905320.00
20170116	5.83	5.83	5.42	5.64	9074408	52138504.00
20170117	5.61	5.77	5.59	5.76	5192763	30119272.00
20170118	5.76	5.83	5.60	5.68	6069099	35553848.00
20170119	5.74	5.75	5.63	5.65	2330600	13485200.00
20170120	5.63	5.68	5.56	5.67	4139022	23704258.00
20170123	5.62	5.73	5.61	5.70	6842501	39440848.00
20170124	5.70	5.71	5.65	5.69	2794523	16158930.00
20170125	5.65	5.73	5.65	5.69	3152314	18295496.00
20170126	5.69	5.72	5.66	5.71	2097979	12153226.00
20170203	5.72	5.74	5.60	5.72	3918326	22714616.00
20170206	5.74	5.78	5.71	5.76	3642460	21329740.00
20170207	5.78	5.89	5.76	5.84	5054936	29995484.00
20170208	5.85	5.89	5.82	5.85	3959199	23532704.00
20170209	5.87	5.96	5.85	5.88	5352736	32148532.00
20170210	5.93	6.02	5.87	6.00	12088282	73196848.00
20170213	6.03	6.03	5.91	5.95	7417457	44882436.00
20170214	5.95	5.95	5.89	5.91	4656856	28016396.00
20170215	5.91	5.93	5.86	5.87	3864501	23183478.00
20170216	5.88	5.94	5.86	5.93	4726405	28388460.00
20170217	5.95	5.95	5.80	5.83	6564223	39033820.00
20170220	5.82	5.91	5.76	5.89	6043200	35827472.00
20170221	5.91	5.92	5.86	5.89	4413692	26419656.00
20170222	5.87	5.91	5.80	5.90	7549315	45065908.00
20170223	5.91	5.95	5.86	5.93	8253029	49650544.00
20170224	5.94	5.96	5.89	5.95	6312100	38119656.00
20170227	5.95	5.97	5.88	5.95	6099500	36769136.00
20170228	5.90	5.94	5.88	5.90	3422918	20540656.00
20170301	5.89	5.96	5.86	5.95	5156621	31021072.00
20170302	5.95	5.95	5.86	5.87	4765602	28564018.00
20170303	5.86	5.87	5.77	5.83	4741870	28009800.00
20170306	5.78	5.88	5.78	5.84	4202040	24997788.00
20170307	5.84	5.87	5.80	5.81	4874600	28896680.00
20170308	5.84	5.84	5.74	5.76	4308580	25295652.00
20170309	5.73	5.79	5.72	5.77	3863255	22653704.00
20170310	5.77	5.82	5.73	5.81	3446648	20290576.00
20170313	5.76	5.83	5.71	5.80	4477687	26267398.00
20170314	5.82	5.84	5.76	5.82	4881287	28784662.00
20170315	5.82	5.82	5.72	5.74	4070243	23811224.00
20170316	5.73	5.85	5.73	5.83	5815100	34398036.00
20170317	5.83	5.87	5.80	5.80	3928851	23350528.00
20170320	5.80	5.83	5.75	5.80	4639100	27332160.00
20170321	5.78	5.82	5.74	5.75	4550800	26745064.00
20170322	5.75	5.75	5.67	5.70	5793119	33632792.00
20170323	5.66	5.73	5.64	5.64	5024693	28994214.00
20170324	5.62	5.71	5.62	5.70	3772400	21733712.00
20170327	5.71	5.75	5.62	5.69	4438140	25645406.00
20170328	5.71	5.71	5.66	5.68	2148539	12431174.00
20170329	5.68	6.07	5.65	5.89	16324937	97759176.00
20170330	5.84	5.90	5.72	5.81	12716220	74786000.00
20170331	5.78	5.81	5.70	5.73	5876518	34270764.00
20170405	5.75	5.78	5.67	5.77	5630815	32848180.00
20170406	5.77	5.87	5.72	5.81	11998017	70851488.00
20170407	5.80	5.83	5.76	5.78	4702340	27710612.00
20170410	5.78	5.83	5.72	5.74	4516917	26442348.00
20170411	5.72	5.77	5.65	5.77	6291000	36512432.00
20170412	5.76	5.83	5.73	5.76	8505700	50111472.00
20170413	5.76	5.82	5.73	5.82	7808199	46037040.00
20170414	5.81	5.82	5.73	5.73	5058730	29639218.00
20170417	5.71	5.73	5.62	5.65	5529698	31916000.00
20170418	5.59	5.74	5.57	5.63	6756497	38832160.00
20170419	5.63	5.63	5.45	5.55	8800170	49525768.00
20170420	5.46	5.60	5.46	5.54	6003311	33846696.00
20170421	5.48	5.61	5.44	5.46	6628896	37214444.00
20170424	5.46	5.50	5.35	5.39	5782300	31912532.00
20170425	5.40	5.49	5.40	5.46	3623700	20151216.00
20170426	5.47	5.51	5.46	5.47	2478600	13849153.00
20170427	5.48	5.50	5.41	5.49	2995000	16628078.00
20170428	5.49	5.52	5.48	5.51	1631647	9145242.00
20170502	5.53	5.67	5.48	5.61	5525765	31558402.00
20170503	5.61	5.66	5.57	5.66	2858088	16411441.00
20170504	5.63	5.73	5.61	5.68	3165000	18311080.00
20170505	5.63	5.71	5.63	5.66	2845800	16456510.00
20170508	5.63	5.71	5.52	5.54	3556400	20321188.00
20170509	5.55	5.59	5.47	5.51	3342700	18763064.00
20170510	5.51	5.59	5.48	5.51	3767000	21209324.00
20170511	5.51	5.52	5.34	5.45	3876600	21512736.00
20170512	5.45	5.52	5.42	5.51	1668823	9284162.00
20170515	5.53	5.57	5.40	5.53	1833607	10338019.00
20170516	5.56	5.56	5.46	5.55	2623196	14716150.00
20170517	5.56	5.63	5.55	5.62	3410332	19446192.00
20170518	5.60	5.64	5.56	5.59	3220400	18351432.00
20170519	5.60	5.64	5.56	5.59	1353547	7718292.00
20170522	5.62	5.62	5.53	5.55	1722902	9771375.00
20170523	5.54	5.55	5.46	5.50	2308900	12938504.00
20170524	5.53	5.53	5.43	5.49	2812300	15388851.00
20170525	5.51	5.55	5.44	5.53	3286500	18015492.00
20170526	5.55	5.55	5.46	5.48	2032200	11177095.00
20170531	5.50	5.55	5.44	5.47	2951264	16196177.00
20170601	5.47	5.50	5.40	5.42	3402920	18552032.00
20170602	5.43	5.47	5.36	5.46	2899981	15682346.00
20170605	5.46	5.50	5.43	5.46	2506566	13727605.00
20170606	5.46	5.50	5.43	5.48	1069976	5839019.00
20170607	5.50	5.54	5.45	5.54	2767130	15240850.00
20170608	5.54	5.55	5.49	5.51	2494240	13754049.00
20170609	5.49	5.59	5.49	5.58	4803393	26661140.00
20170612	5.58	5.65	5.54	5.56	4409100	24631920.00
20170613	5.55	5.61	5.52	5.59	5204650	29020544.00
20170614	5.60	5.62	5.55	5.58	3128360	17444990.00
20170615	5.57	5.63	5.55	5.62	3749893	20978296.00
20170616	5.61	5.64	5.56	5.58	3956034	22162044.00
20170619	5.58	5.62	5.55	5.61	2694656	15061853.00
20170620	5.60	5.61	5.57	5.59	2105413	11762341.00
20170621	5.60	5.62	5.56	5.58	1519456	8479598.00
20170622	5.58	5.64	5.55	5.58	6358673	35618056.00
20170623	5.56	5.58	5.51	5.56	3023867	16737378.00
20170626	5.53	5.57	5.50	5.54	7714661	42752568.00
20170627	5.55	5.56	5.52	5.55	2836764	15725873.00
20170628	5.54	5.77	5.51	5.61	8978880	50818364.00
20170629	5.57	5.61	5.53	5.55	6031899	33510392.00
20170630	5.55	5.56	5.46	5.51	5876617	32324256.00
20170703	5.51	5.61	5.51	5.56	5891316	32784952.00
20170704	5.56	5.58	5.54	5.56	4479502	24897784.00
20170705	5.56	5.61	5.54	5.58	4559701	25449434.00
20170706	5.57	5.68	5.56	5.63	5300408	29808172.00
20170707	5.60	5.63	5.58	5.63	3519097	19714650.00
20170710	5.64	5.75	5.61	5.68	7528297	42782816.00
20170711	5.71	5.71	5.60	5.61	4261331	24082798.00
数据来源:通达信
