600085 同仁堂 日线 前复权
      日期	    开盘	    最高	    最低	    收盘	    成交量	    成交额
20111010	12.65	12.81	12.25	12.34	5146492	69300896.00
20111011	12.66	12.80	12.03	12.18	5900379	79335544.00
20111012	11.95	12.92	11.95	12.82	10135793	137912928.00
20111013	12.83	13.33	12.66	13.21	10406957	147720032.00
20111014	13.15	13.30	12.92	13.10	5719300	80698936.00
20111017	13.11	13.40	13.05	13.23	5281383	75451944.00
20111018	13.13	13.13	12.64	12.68	5257027	73177976.00
20111019	12.70	12.91	12.55	12.80	3922186	54115652.00
20111020	12.65	12.73	12.38	12.43	3764864	51041532.00
20111021	12.35	12.82	12.30	12.70	5938358	80771808.00
20111024	12.75	13.10	12.57	13.03	6941933	96891320.00
20111025	13.04	13.56	12.98	13.40	10640497	152548000.00
20111026	13.28	13.77	13.21	13.46	12249482	179147600.00
20111027	13.47	13.65	13.24	13.34	7023188	101764248.00
20111028	13.47	13.68	13.33	13.58	7911088	115177712.00
20111031	13.58	13.91	13.45	13.84	9368489	138629296.00
20111101	13.75	13.90	13.54	13.68	8477789	125120128.00
20111102	13.54	14.01	13.40	13.96	9651218	142447056.00
20111103	13.96	15.19	13.96	14.89	25325217	400267936.00
20111104	14.80	15.40	14.80	15.24	20681982	334309856.00
20111107	15.22	15.45	15.04	15.05	13325067	216375104.00
20111108	15.05	15.15	14.65	14.74	10586845	168276256.00
20111109	14.83	15.23	14.80	15.08	12008113	193409392.00
20111110	14.75	15.55	14.75	15.32	22976679	376434400.00
20111111	15.31	15.51	15.05	15.15	11209498	183157312.00
20111114	15.26	15.61	15.26	15.60	13570599	224598224.00
20111115	15.51	15.94	15.51	15.71	10904767	183300336.00
20111116	15.76	15.89	14.96	15.22	14936580	245329152.00
20111117	15.20	15.37	15.03	15.13	8635467	140275792.00
20111118	15.05	15.05	14.53	14.74	8227523	130094024.00
20111121	14.56	15.00	14.35	14.99	6563602	104217240.00
20111122	14.87	15.15	14.76	15.10	6748616	108556816.00
20111123	15.20	15.40	15.03	15.31	8413277	137039744.00
20111124	15.15	15.48	15.05	15.32	7972581	130313720.00
20111125	15.35	15.42	14.98	15.03	6162328	100017216.00
20111128	15.05	15.13	14.61	14.90	5348058	85165088.00
20111129	14.97	15.49	14.97	15.45	13832006	226821712.00
20111201	15.40	15.80	15.25	15.64	24065171	400608320.00
20111202	15.60	15.60	14.98	15.13	10314313	168372304.00
20111205	15.15	15.23	14.66	14.73	7337768	116826408.00
20111206	14.71	14.87	14.36	14.71	6159523	96693288.00
20111207	14.74	14.84	14.51	14.64	3643389	57311848.00
20111208	14.64	14.92	14.38	14.72	5161862	80976744.00
20111209	14.65	14.82	14.30	14.47	5126588	79836384.00
20111212	14.50	14.55	14.12	14.13	4461659	68577744.00
20111213	13.96	13.96	13.25	13.33	7069805	103247232.00
20111214	13.25	13.48	13.05	13.32	4656093	66836024.00
20111215	13.24	13.48	13.13	13.20	5521165	79083544.00
20111216	13.15	13.60	13.15	13.60	5535129	80079760.00
20111219	13.64	13.87	13.35	13.79	4749477	69554560.00
20111220	13.74	14.15	13.69	13.74	4842245	72495616.00
20111221	13.95	14.05	13.50	13.52	3312126	49148232.00
20111222	13.45	13.77	13.07	13.60	5555973	80407336.00
20111223	13.42	13.78	13.42	13.60	3014881	44267600.00
20111226	13.53	13.70	13.38	13.40	2796832	40702192.00
20111227	13.95	13.95	13.05	13.06	6077280	87773936.00
20111228	12.94	12.94	12.38	12.84	5568313	75958416.00
20111229	12.75	12.95	12.65	12.86	3038713	42264704.00
20111230	13.00	13.14	12.87	12.98	3761434	52810024.00
20120104	13.07	13.25	12.79	12.80	3361787	47216688.00
20120105	12.71	12.71	11.98	12.09	6905683	92412936.00
20120106	12.13	12.29	11.94	12.28	3610067	47531804.00
20120109	12.31	12.82	12.14	12.81	4987748	67859248.00
20120110	12.81	13.30	12.75	13.25	7976148	112933328.00
20120111	13.30	13.54	13.17	13.25	7217904	103892488.00
20120112	13.20	13.39	13.07	13.25	4698845	67137744.00
20120113	13.32	13.32	12.58	12.63	7001706	97441016.00
20120116	12.44	12.63	11.83	11.87	10100779	133095936.00
20120117	11.99	12.66	11.88	12.61	7007033	93605320.00
20120118	12.62	12.74	12.15	12.27	7410423	99771208.00
20120119	12.27	12.54	12.08	12.50	6163182	82651184.00
20120120	12.50	12.99	12.44	12.88	7770753	107749376.00
20120130	13.03	13.04	12.65	12.66	4611425	63767748.00
20120131	12.69	12.79	12.55	12.70	3134033	42901144.00
20120201	12.72	12.79	12.58	12.62	3415282	46926616.00
20120202	12.68	12.76	12.55	12.76	4022333	55222428.00
20120203	12.77	13.22	12.70	13.08	8899185	125765144.00
20120206	13.14	13.20	13.01	13.12	5642298	79840608.00
20120207	13.07	13.07	12.67	12.81	7336009	101767832.00
20120208	12.81	13.10	12.72	13.01	6717610	93972848.00
20120209	13.03	13.24	13.03	13.14	8588367	121893424.00
20120210	13.08	13.21	12.98	13.07	6514027	92189560.00
20120213	12.87	13.28	12.85	13.24	8269521	117508632.00
20120214	13.24	13.26	13.04	13.17	5582018	79240272.00
20120215	13.13	13.40	13.07	13.38	8590876	123037680.00
20120216	13.40	13.64	13.30	13.42	9278999	134845456.00
20120217	13.47	13.60	13.30	13.38	6409722	92784648.00
20120220	13.55	13.62	13.33	13.35	6209714	90036896.00
20120221	13.40	13.40	13.13	13.35	6888294	98459280.00
20120222	13.36	13.51	13.27	13.49	7335734	106043872.00
20120223	13.45	13.59	13.40	13.54	7769355	113146160.00
20120224	13.51	13.71	13.45	13.70	9593156	140159808.00
20120227	13.70	14.10	13.70	13.83	16722183	249770208.00
20120228	13.75	14.00	13.75	13.95	9467077	141153408.00
20120229	13.93	14.08	13.81	13.86	7310015	109529448.00
20120301	13.82	13.88	13.63	13.75	5737274	84942472.00
20120302	13.76	13.95	13.72	13.89	7329120	109058168.00
20120305	13.96	14.04	13.77	13.85	7216911	107831856.00
20120306	13.84	13.85	13.41	13.51	9332661	136428832.00
20120307	13.45	13.56	13.32	13.39	7256189	104845104.00
20120308	13.38	13.52	13.35	13.49	9429510	136515008.00
20120309	13.52	13.54	13.34	13.53	10082387	146340864.00
20120312	13.55	14.05	13.46	14.04	22250568	331754304.00
20120313	14.01	14.03	13.82	14.00	13187555	197575488.00
20120314	14.10	14.20	13.31	13.44	18704688	279006624.00
20120315	13.41	13.81	13.40	13.66	13953344	204196864.00
20120316	13.67	14.50	13.67	14.41	28037255	425916640.00
20120319	14.45	14.83	14.36	14.44	21769504	340010048.00
20120320	14.36	14.45	14.03	14.09	11763649	178923936.00
20120321	14.22	14.26	13.80	14.00	10393718	156379024.00
20120322	14.02	14.12	13.85	14.09	6158240	92640400.00
20120323	14.05	14.08	13.61	13.73	7166888	106307376.00
20120326	13.65	14.11	13.53	14.03	7441146	110437920.00
20120327	14.04	14.17	13.74	13.75	7081923	106134016.00
20120328	13.63	13.75	13.15	13.25	9450139	136580928.00
20120329	13.23	13.23	12.91	13.01	4991579	70338160.00
20120330	12.93	13.15	12.81	12.87	4566863	63847216.00
20120405	13.14	13.23	12.90	13.17	5774866	81750696.00
20120406	13.18	13.25	13.00	13.18	5102747	72450344.00
20120409	13.11	13.11	12.92	12.93	4239924	59504776.00
20120410	12.91	13.00	12.60	13.00	4051354	56152012.00
20120411	12.93	13.06	12.78	12.98	3148718	44005440.00
20120412	12.98	13.20	12.93	13.18	5100252	72086736.00
20120413	13.24	13.30	13.10	13.22	5764481	82223408.00
20120416	13.14	13.20	13.05	13.13	3917016	55511572.00
20120417	13.15	13.30	13.01	13.15	5255346	74843984.00
20120418	13.19	13.26	12.90	13.24	7974025	113097872.00
20120419	13.23	13.24	12.98	13.05	7347706	103902264.00
20120420	13.06	13.14	12.99	13.11	5074039	71694704.00
20120423	13.12	13.37	13.05	13.22	8057781	115203648.00
20120424	13.23	13.38	12.95	13.16	8185751	116325104.00
20120425	13.15	13.20	13.04	13.16	5584530	79110648.00
20120426	13.19	13.21	13.05	13.08	5665511	80178592.00
20120427	13.16	13.29	13.09	13.16	5395113	76665192.00
20120502	13.40	13.43	13.20	13.38	9681129	139297936.00
20120503	13.42	13.91	13.33	13.84	15209236	224366368.00
20120504	13.83	13.85	13.65	13.78	9023285	133576656.00
20120507	13.67	13.90	13.63	13.88	13082895	194098048.00
20120508	13.89	14.01	13.71	13.76	9551964	142076592.00
20120509	13.66	13.67	13.46	13.60	8035453	117294912.00
20120510	13.60	13.88	13.51	13.79	10023705	148425920.00
20120511	13.84	14.17	13.79	14.00	19335619	291732288.00
20120514	14.05	14.61	13.97	14.26	28753288	443791808.00
20120515	14.23	14.25	14.01	14.12	13573805	205824480.00
20120516	14.10	14.18	13.75	13.77	10692323	160070064.00
20120517	13.75	14.01	13.73	13.95	8146428	121952032.00
20120518	13.93	13.93	13.58	13.68	6395864	94335464.00
20120521	13.70	13.90	13.58	13.87	5172855	76606096.00
20120522	13.95	14.21	13.83	14.05	7891605	119448512.00
20120523	14.05	14.31	13.88	14.20	10371730	157407264.00
20120524	14.16	14.40	13.95	13.96	9750421	148476928.00
20120528	13.75	13.93	13.57	13.88	6314179	93452088.00
20120529	13.89	14.02	13.70	13.88	9844336	146583088.00
20120530	13.88	14.04	13.70	13.83	6131895	91458000.00
20120531	13.70	14.08	13.70	13.92	9376670	140767936.00
20120601	13.95	14.17	13.95	14.03	8048117	121511632.00
20120604	13.94	14.12	13.75	13.79	9534532	142885456.00
20120605	13.79	14.27	13.72	14.14	14145669	214259424.00
20120606	14.15	14.34	14.02	14.16	9571349	145752448.00
20120607	14.25	14.30	13.80	13.88	7087793	107132400.00
20120608	13.87	14.50	13.83	14.47	27859238	427804064.00
20120611	14.48	14.67	14.36	14.59	20275627	316074080.00
20120612	14.40	14.61	14.35	14.48	11223384	174091536.00
20120613	14.54	15.45	14.51	15.36	35714956	576556480.00
20120614	15.35	15.45	15.09	15.14	15999975	260570384.00
20120615	15.15	15.69	15.14	15.29	22808282	375127008.00
20120618	15.30	15.60	15.17	15.29	15133468	248466464.00
20120619	15.31	15.61	15.01	15.33	18014401	296073536.00
20120620	15.35	15.42	14.89	14.91	13650357	220151424.00
20120621	14.90	15.05	14.53	14.65	10492805	165310096.00
20120625	14.65	15.04	14.46	14.77	14885379	235902752.00
20120626	14.63	14.75	14.33	14.65	9021380	140907696.00
20120627	14.62	15.29	14.59	15.04	14839671	239030272.00
20120628	15.27	16.07	15.27	15.70	36435253	611842240.00
20120629	15.67	16.65	15.52	16.40	32801727	565534144.00
20120702	16.45	16.81	16.16	16.42	26611567	467219520.00
20120703	16.39	16.73	16.16	16.44	19772677	346148032.00
20120704	16.58	16.75	15.94	16.08	20400567	349769184.00
20120705	15.95	16.67	15.91	16.65	17380982	297533184.00
20120706	16.69	17.35	16.52	17.14	24469003	438003584.00
20120709	17.06	17.85	16.90	17.29	32658870	599564928.00
20120710	17.01	17.50	16.52	16.70	22144740	394713504.00
20120711	16.65	18.20	16.54	18.11	37429332	690801024.00
20120712	18.09	18.38	17.52	17.83	42836458	809480704.00
20120713	17.67	18.27	17.55	18.16	27790397	526286016.00
20120716	18.16	18.38	17.41	17.46	26875958	505525184.00
20120717	17.17	17.25	16.50	16.82	30300680	537433472.00
20120718	16.78	17.04	16.18	16.99	19573629	343229792.00
20120719	16.78	17.35	16.63	16.93	16042034	288604800.00
20120720	16.88	17.78	16.70	17.67	23171460	425834720.00
20120723	17.52	18.20	17.32	17.70	24206753	453647616.00
20120724	17.50	17.76	17.30	17.69	14185009	261816208.00
20120725	17.68	17.75	17.10	17.23	12745563	232730144.00
20120726	17.23	17.46	16.90	16.96	11529157	208186256.00
20120727	17.13	17.16	16.08	16.25	21985592	379993856.00
20120730	16.25	16.45	15.99	16.14	8148944	139208016.00
20120731	16.10	16.56	15.91	16.35	8522789	147050240.00
20120801	16.30	16.85	16.28	16.70	8594997	150746048.00
20120802	16.70	17.20	16.60	17.04	14797677	264510064.00
20120803	17.03	17.25	16.94	17.24	9886062	177927360.00
20120806	17.11	17.25	16.80	17.15	14541504	261173888.00
20120807	17.15	17.33	16.96	17.08	10387558	187374720.00
20120808	17.01	17.10	16.79	16.85	8828213	157036160.00
20120809	16.78	17.68	16.78	17.66	17487751	319103360.00
20120810	17.72	17.74	17.35	17.54	15629384	288703232.00
20120813	17.55	18.03	17.33	17.64	19797364	369669216.00
20120814	17.58	17.82	17.03	17.48	12503745	228513376.00
20120815	17.39	17.66	17.15	17.21	7694425	140906208.00
20120816	17.22	17.28	16.71	16.80	8605378	153902592.00
20120817	16.73	16.88	16.40	16.64	7202035	126132216.00
20120820	16.50	16.93	16.30	16.91	9123347	159922272.00
20120821	16.91	17.41	16.80	17.30	10197234	184911584.00
20120822	17.32	17.50	16.86	17.03	6821604	123138448.00
20120823	17.06	17.64	17.02	17.50	12459212	227854640.00
20120824	17.46	17.60	17.23	17.27	8720888	159520848.00
20120827	17.20	17.32	16.96	16.99	5475918	98575376.00
20120828	16.99	17.18	16.36	16.39	17363186	305739936.00
20120829	16.39	16.52	16.03	16.40	7122399	122547392.00
20120830	16.34	16.47	15.50	15.73	16849143	282304032.00
20120831	15.80	16.04	15.66	16.01	5842925	98159088.00
20120903	15.94	16.50	15.93	16.34	6792682	116646760.00
20120904	16.30	16.47	16.00	16.02	6981401	118984608.00
20120905	16.10	16.20	15.84	16.15	4762963	80704728.00
20120906	16.09	16.30	15.84	16.00	5975259	100814840.00
20120907	16.15	16.63	16.09	16.52	16621885	287464768.00
20120910	16.52	16.52	16.23	16.41	9902196	170661536.00
20120911	16.33	16.45	16.09	16.43	6882898	118585920.00
20120912	16.48	16.54	16.28	16.43	7155537	123855056.00
20120913	16.38	16.49	16.15	16.18	5424589	93625432.00
20120914	16.19	16.25	15.88	16.09	8006790	135562432.00
20120917	16.02	16.08	15.59	15.77	6436180	107477968.00
20120918	15.80	15.98	15.67	15.87	3203253	53620388.00
20120919	15.88	16.55	15.88	16.36	9969683	171475984.00
20120920	16.28	16.37	15.87	15.90	5826755	99116040.00
20120921	15.83	15.95	15.68	15.79	5212906	87096576.00
20120924	15.73	16.10	15.60	15.95	3143717	52779784.00
20120925	15.95	16.28	15.81	16.21	6580518	112268016.00
20120926	16.15	16.30	15.73	15.79	6678017	112622488.00
20120927	15.87	16.26	15.66	16.15	5759342	97265880.00
20120928	16.01	16.41	15.95	16.37	7844537	134853312.00
20121008	16.38	16.49	16.23	16.39	3633401	62592740.00
20121009	16.45	16.79	16.40	16.73	10985660	192843056.00
20121010	16.65	16.79	16.54	16.72	5195236	91290816.00
20121011	16.72	16.81	16.57	16.59	4885287	85629104.00
20121012	16.57	16.78	16.34	16.43	5007283	87105800.00
20121015	16.43	16.80	16.40	16.78	6149899	107773032.00
20121016	16.78	17.47	16.71	17.08	14787450	267339296.00
20121017	17.08	17.21	16.98	17.04	4890560	87943040.00
20121018	17.16	17.33	17.09	17.17	6935155	125592720.00
20121019	17.13	17.20	16.85	17.01	4074539	72973192.00
20121022	17.01	17.20	16.95	17.10	4045181	72794904.00
20121023	17.10	17.17	16.60	16.65	6412404	113430984.00
20121024	16.66	16.74	16.26	16.31	5760614	100200104.00
20121025	16.45	16.62	16.30	16.48	6120160	106128248.00
20121026	16.40	16.58	16.10	16.21	5338263	91783808.00
20121029	16.21	17.15	16.21	17.09	15328763	272090752.00
20121030	17.25	17.45	17.07	17.21	15312803	278176320.00
20121031	17.48	17.54	17.13	17.39	10197560	186079872.00
20121101	17.40	17.50	17.21	17.47	8165401	149287584.00
20121102	17.50	17.65	17.40	17.55	9225791	170138672.00
20121105	17.55	17.58	17.10	17.16	6263456	113586784.00
20121106	17.20	17.65	16.98	17.35	9096868	165017120.00
20121107	17.36	17.45	17.10	17.33	4548375	82818936.00
20121108	17.25	17.98	17.12	17.42	15723663	291217344.00
20121109	17.39	17.55	17.05	17.20	8002830	145202928.00
20121112	17.13	17.28	16.66	16.87	8657233	153533328.00
20121113	16.83	16.96	16.59	16.79	5326235	94144112.00
20121114	16.70	17.20	16.70	17.16	6244092	111612984.00
20121115	17.10	17.40	16.94	16.97	5906578	106878856.00
20121116	16.98	16.98	16.69	16.83	4893306	86632128.00
20121119	16.68	16.68	16.08	16.32	9461697	163266752.00
20121120	16.34	16.50	16.20	16.34	3116895	53773904.00
20121121	16.22	16.48	16.22	16.44	3407407	58729048.00
20121122	16.45	16.45	16.10	16.10	4668887	79828624.00
20121123	16.10	16.25	15.87	16.18	4273863	72678192.00
20121126	16.10	16.28	15.90	15.99	2904323	49365496.00
20121127	15.97	16.04	15.60	15.63	4662887	77837648.00
20121128	15.60	15.65	15.28	15.50	5454400	88990696.00
20121129	15.51	16.04	15.51	15.90	5847851	97860448.00
20121130	15.96	16.32	15.90	16.23	6551446	111884280.00
20121203	16.15	16.44	15.87	15.96	6001702	101962328.00
20121204	15.90	15.95	15.31	15.67	7014954	115111104.00
20121205	15.63	16.30	15.45	16.10	8144786	137998704.00
20121206	16.10	16.30	15.91	16.10	5119051	87130112.00
20121207	16.10	16.42	16.01	16.41	6042264	103560520.00
20121210	16.35	16.60	16.32	16.45	11005662	190841712.00
20121211	16.40	16.43	16.15	16.19	4790353	82202056.00
20121212	16.13	16.32	16.09	16.19	3578700	61202064.00
20121213	16.17	16.54	16.13	16.40	4080216	70491936.00
20121214	16.45	16.79	16.35	16.66	14546546	255156096.00
20121217	16.60	16.77	16.30	16.43	10765399	186681584.00
20121218	16.45	16.58	16.25	16.38	7381293	127659544.00
20121219	16.40	16.44	16.13	16.21	6736522	115639904.00
20121220	16.18	16.40	16.11	16.26	6773202	116482552.00
20121221	16.25	16.70	16.24	16.61	10277944	178908960.00
20121224	16.63	17.01	16.61	16.99	11178734	198029472.00
20121225	16.95	17.20	16.76	17.09	13379961	240257120.00
20121226	17.09	17.16	16.84	17.05	8201590	146948464.00
20121227	17.11	17.16	16.84	16.87	9254880	165539072.00
20121228	16.86	17.09	16.70	17.04	8325430	147598304.00
20121231	17.03	17.07	16.80	16.92	11590263	206804384.00
20130104	17.09	17.11	16.44	16.81	9867737	174418384.00
20130107	16.81	17.42	16.79	17.41	14609052	264267040.00
20130108	17.41	18.15	17.31	17.79	19758325	369285120.00
20130109	17.75	18.00	17.60	17.65	8091530	150959984.00
20130110	17.55	18.20	17.48	18.20	18676840	353049184.00
20130111	18.25	18.44	17.86	17.94	11440185	217414496.00
20130114	17.94	18.93	17.91	18.89	16912097	329064736.00
20130115	18.89	19.45	18.78	18.94	15474850	308780544.00
20130116	18.94	19.45	18.84	19.19	14962375	300646560.00
20130117	19.10	19.35	18.95	19.19	11679689	233910624.00
20130118	19.18	19.78	19.02	19.71	11816403	240464416.00
20130121	19.73	19.98	19.42	19.61	9609848	197339392.00
20130122	19.50	19.58	18.82	19.06	14431849	288500320.00
20130123	19.03	19.39	18.89	19.28	9444973	189256160.00
20130124	19.30	19.54	18.66	18.90	12974898	259259408.00
20130125	18.88	19.47	18.85	19.24	9026838	182079824.00
20130128	19.25	19.87	19.21	19.80	13223319	270365984.00
20130129	19.80	19.99	19.61	19.76	9343705	193263248.00
20130130	19.70	19.79	19.33	19.71	8085619	165412224.00
20130131	19.70	19.89	19.01	19.08	11581130	234768288.00
20130201	19.05	19.35	18.80	19.10	8658885	172671056.00
20130204	19.10	19.21	18.44	18.58	15199846	296753376.00
20130205	18.38	19.06	18.38	18.87	8960694	176654848.00
20130206	18.90	19.27	18.70	19.08	8158642	162489824.00
20130207	19.06	19.26	18.98	19.06	6392614	127848960.00
20130208	19.11	20.96	19.11	20.40	16662665	348814432.00
20130218	20.60	20.60	20.10	20.40	11397778	242946432.00
20130219	20.39	20.67	20.25	20.37	11092011	236783056.00
20130220	20.37	21.57	20.32	21.49	17556101	387560000.00
20130221	21.33	21.37	20.49	20.73	15604738	340701376.00
20130222	20.80	21.07	20.35	20.49	8834709	191191328.00
20130225	20.50	20.88	20.25	20.68	7929250	170022768.00
20130226	20.52	21.23	20.32	20.53	12307733	266683824.00
20130227	20.51	20.73	19.87	20.22	10494818	220844016.00
20130228	20.20	20.65	19.89	20.46	7544096	159824944.00
20130301	20.47	20.96	20.42	20.77	7619974	164716752.00
20130304	20.69	21.19	20.46	20.56	11727792	254954944.00
20130305	20.57	21.25	20.30	21.24	11407258	247641296.00
20130306	21.30	21.65	21.00	21.23	11203478	248485680.00
20130307	21.10	21.39	20.50	20.73	14565286	317905664.00
20130308	20.73	20.80	20.32	20.48	5675050	121462640.00
20130311	20.50	20.50	20.10	20.46	4409319	93516416.00
20130312	20.40	20.56	19.11	19.69	12741670	263763296.00
20130313	19.61	19.67	19.29	19.44	5021632	102274192.00
20130314	19.34	19.93	19.31	19.84	6554314	135426768.00
20130315	19.94	20.50	19.71	20.09	8562249	179993504.00
20130318	20.55	20.74	19.95	20.05	6086182	129081624.00
20130319	19.91	20.20	19.37	19.74	7535663	154992560.00
20130320	19.74	20.25	19.46	20.17	8620523	180288224.00
20130321	20.17	20.83	20.10	20.62	9813266	210242272.00
20130322	20.73	21.26	20.67	21.19	14405202	316100640.00
20130325	21.21	21.30	20.71	20.75	11354774	247919808.00
20130326	20.80	21.97	20.80	21.94	22268622	495230752.00
20130327	21.91	22.10	21.68	22.08	14003385	320019456.00
20130328	21.80	22.45	21.60	21.86	14845580	339998240.00
20130329	21.77	22.12	21.62	21.64	8489412	193514960.00
20130401	21.66	22.56	21.32	22.28	11970083	274832320.00
20130402	22.11	22.43	21.08	21.37	15207819	341957536.00
20130403	21.30	21.61	20.92	21.06	8791426	194748800.00
20130408	21.40	21.50	20.88	21.23	10579877	233502784.00
20130409	21.24	21.39	20.82	20.85	9300763	203562416.00
20130410	20.82	21.08	20.20	20.47	12466827	267040736.00
20130411	20.52	20.86	20.52	20.85	6429498	139206448.00
20130412	20.84	20.99	20.58	20.72	5331871	115703976.00
20130415	20.79	20.88	20.28	20.62	4301071	92089272.00
20130416	20.57	20.99	20.41	20.89	6124455	132509328.00
20130417	20.92	21.34	20.58	21.30	10583728	232378224.00
20130418	21.30	21.46	20.89	21.05	7902813	174355296.00
20130419	21.08	22.18	21.08	21.97	15262999	346035264.00
20130422	21.90	22.15	21.61	22.08	10814071	246952000.00
20130423	21.95	22.10	21.36	21.67	9514173	214951904.00
20130424	21.64	22.21	21.47	22.18	10341336	235959440.00
20130425	22.17	22.65	21.87	21.90	13428669	311567552.00
20130426	21.80	21.90	21.25	21.54	9744682	218233536.00
20130502	21.38	22.45	21.14	22.34	10950369	251230304.00
20130503	22.34	22.74	22.18	22.49	9958042	233162656.00
20130506	22.39	22.75	22.21	22.59	9681066	227055216.00
20130507	22.60	22.75	22.34	22.74	8432005	197600544.00
20130508	22.63	23.96	22.63	23.58	23174433	562708608.00
20130509	23.30	23.92	23.00	23.88	12717303	310367904.00
20130510	23.61	23.90	23.18	23.31	9259539	225451264.00
20130513	23.25	23.40	22.98	23.08	6035596	145068640.00
20130514	23.00	23.49	22.93	23.20	7388187	177826560.00
20130515	23.26	23.65	22.95	23.56	6181740	149180128.00
20130516	23.53	24.40	23.31	23.47	11745398	290255488.00
20130517	23.45	23.71	22.91	23.58	11807663	286607936.00
20130520	23.58	23.58	22.38	22.77	17308452	409692320.00
20130521	22.70	22.92	22.50	22.60	9967969	234968800.00
20130522	22.11	22.66	21.60	22.46	14456210	333856384.00
20130523	22.33	22.33	21.85	22.13	12519235	287413152.00
20130524	22.13	22.91	22.06	22.77	10147618	239128400.00
20130527	22.75	22.91	22.48	22.83	7093388	167486064.00
20130528	22.88	23.40	22.87	23.21	8156671	196638704.00
20130529	23.24	23.46	23.02	23.27	6390200	154353824.00
20130530	23.16	23.31	22.98	23.15	5645401	135652400.00
20130531	23.20	23.49	22.65	22.68	10402378	248009424.00
20130603	22.65	23.03	22.32	22.81	5732501	135294144.00
20130604	22.79	22.80	22.38	22.54	4774195	111917504.00
20130605	22.55	22.68	22.30	22.44	3255161	76045608.00
20130606	22.44	22.64	22.25	22.26	3718830	86730928.00
20130607	22.20	22.30	21.25	21.43	7527406	170798336.00
20130613	21.10	21.31	20.05	21.02	9394609	203578832.00
20130614	21.23	22.33	20.95	21.98	9050024	205601712.00
20130617	21.86	22.73	21.71	22.57	6460309	150393920.00
20130618	22.67	22.73	22.25	22.45	4557552	106498208.00
20130619	22.42	22.62	22.11	22.56	4060894	94711664.00
20130620	22.54	22.72	21.74	21.85	4714295	109085624.00
20130621	21.55	22.22	21.20	22.09	5172172	117324744.00
20130624	21.98	21.98	20.42	20.82	11700816	256390080.00
20130625	20.58	21.14	19.25	20.65	14915389	316896480.00
20130626	20.60	21.00	20.10	20.78	9239433	199054208.00
20130627	20.81	21.22	20.58	20.83	8806678	192406368.00
20130628	20.60	21.25	20.36	20.98	8924708	195256000.00
20130701	20.92	21.45	20.85	21.44	8310239	183994816.00
20130702	21.44	22.52	21.35	22.35	12430204	286707328.00
20130703	22.30	23.03	22.00	22.89	10853594	254294160.00
20130704	22.70	22.80	22.10	22.21	7347579	171474272.00
20130705	22.21	22.40	21.70	21.89	5616722	128894688.00
20130708	21.72	21.80	21.10	21.11	6528069	145254192.00
20130709	21.13	21.57	21.10	21.43	5164056	114883808.00
20130710	21.43	21.70	21.11	21.68	5574826	124102824.00
20130711	21.67	22.50	21.52	22.30	11817441	270098784.00
20130712	22.16	22.87	21.86	22.25	15558299	362047392.00
20130715	22.17	22.82	22.17	22.77	10300603	242699648.00
20130716	22.77	23.00	22.55	22.73	7624423	180530000.00
20130717	22.84	22.84	21.97	22.08	9238413	214038224.00
20130718	22.08	22.24	21.78	21.98	4840094	110951392.00
20130719	21.93	22.10	21.36	21.60	7270985	164181760.00
20130722	21.40	21.77	21.15	21.65	6507529	145841856.00
20130723	21.72	22.30	21.58	22.17	7452284	170644784.00
20130724	22.13	22.73	22.00	22.55	14821879	345009248.00
20130725	22.50	22.98	22.16	22.83	14816553	348694080.00
20130726	22.73	22.95	22.43	22.61	9933890	234554704.00
20130729	22.20	22.81	22.12	22.68	7290215	170682976.00
20130730	22.80	23.22	22.52	22.57	11012797	261790704.00
20130731	22.59	22.74	21.93	21.96	10397099	240414176.00
20130801	21.97	22.41	21.80	22.34	6473805	148834496.00
20130802	22.34	22.64	22.10	22.28	6539504	152156800.00
20130805	22.30	23.70	22.30	23.63	21593994	521157920.00
20130806	23.50	23.71	23.15	23.58	11219200	273480096.00
20130807	23.49	23.90	23.10	23.22	12051786	293952096.00
20130808	23.22	23.54	23.05	23.16	6409648	154825328.00
20130809	23.38	23.51	23.04	23.38	5372281	128574808.00
20130812	23.45	23.80	23.28	23.54	9989852	241640304.00
20130813	23.55	23.55	23.03	23.26	8178176	194891776.00
20130814	23.22	23.31	22.89	23.06	6494460	153971136.00
20130815	23.07	23.24	22.55	22.65	7149156	167396816.00
20130816	22.44	23.73	22.16	22.20	8777955	203954496.00
20130819	22.21	22.71	22.19	22.67	6284706	145082528.00
20130820	22.69	22.95	22.22	22.30	8507102	197689920.00
20130821	22.58	22.62	22.13	22.33	6261793	143877744.00
20130822	22.07	22.31	21.76	21.79	9798066	221904480.00
20130823	21.85	22.50	21.82	22.34	9499603	217092032.00
20130826	22.35	22.38	22.15	22.35	7170495	164569344.00
20130827	22.30	22.92	22.23	22.54	10414087	242604400.00
20130828	22.54	22.54	21.88	21.96	10510347	238839264.00
20130829	22.10	22.20	21.35	21.50	8720952	194681792.00
20130830	21.55	21.62	20.85	21.09	11783313	256242672.00
20130902	21.15	21.24	20.71	20.81	7923836	170895136.00
20130903	20.80	21.44	20.80	21.42	8030013	176093440.00
20130904	21.42	21.42	21.03	21.16	5110592	111621320.00
20130905	21.15	21.61	21.07	21.59	6436368	142126544.00
20130906	21.57	21.70	21.35	21.60	4352559	96587128.00
20130909	21.49	21.49	20.81	21.20	12344258	268218592.00
20130910	21.05	21.05	20.71	21.01	12190015	261713712.00
20130911	21.01	21.05	20.65	20.97	9252979	198979888.00
20130912	20.89	21.42	20.85	21.14	8001024	174673152.00
20130913	21.25	21.32	20.95	21.14	5489592	119517560.00
20130916	21.25	21.55	21.14	21.33	6768285	149066528.00
20130917	21.33	21.33	20.85	20.85	4516659	98094864.00
20130918	20.85	21.19	20.83	20.95	4419926	95545120.00
20130923	21.01	21.76	20.95	21.70	12760081	282444000.00
20130924	21.71	21.79	21.35	21.65	8853808	196748160.00
20130925	21.62	21.78	21.41	21.54	7401862	164352352.00
20130926	21.50	21.98	21.38	21.82	11319094	253990416.00
20130927	21.85	22.03	21.45	21.66	8086752	181427056.00
20130930	21.66	21.95	21.41	21.46	5190953	115678784.00
20131008	21.44	21.68	21.04	21.57	8075331	178012096.00
20131009	21.36	21.42	21.17	21.35	7728296	169539328.00
20131010	21.44	21.85	21.17	21.33	13620485	302220160.00
20131011	21.25	21.73	21.11	21.59	12987375	286461280.00
20131014	21.59	22.07	21.23	21.95	18914514	422765120.00
20131015	21.96	23.26	21.96	22.49	25276235	591009472.00
20131016	22.51	22.52	21.82	22.06	14915606	338832160.00
20131017	22.20	22.32	21.38	21.63	11502316	258736064.00
20131018	21.63	21.85	21.20	21.63	6652648	147482864.00
20131021	21.63	21.85	21.37	21.70	15363609	341377312.00
20131022	21.68	21.69	21.38	21.47	8620444	191215456.00
20131023	21.45	21.72	21.04	21.07	10131610	222344048.00
20131024	21.05	21.46	20.94	21.10	5368302	117138600.00
20131025	21.10	21.17	20.34	20.53	7342985	156753536.00
20131028	20.53	20.62	20.06	20.28	5971428	125044992.00
20131029	20.35	20.48	19.10	19.63	13449256	272202816.00
20131030	19.66	19.93	19.09	19.61	12929448	258635440.00
20131031	19.30	19.30	17.67	18.34	27679703	525597376.00
20131101	18.24	18.60	17.98	18.33	9247022	175120896.00
20131104	18.33	18.70	18.30	18.51	9271357	177887344.00
20131105	18.50	18.50	17.95	18.34	10780088	203122816.00
20131106	18.35	18.44	17.95	18.10	10397589	195681312.00
20131107	17.95	18.07	17.15	17.41	14642363	266572512.00
20131108	17.35	17.41	16.90	17.02	9894658	175851408.00
20131111	17.04	18.40	17.01	18.05	15444901	284874112.00
20131112	18.05	18.65	18.04	18.58	13433154	257050912.00
20131113	18.45	18.61	18.12	18.28	6742371	127872552.00
20131114	18.29	18.90	18.25	18.60	9490565	182979760.00
20131115	18.73	19.21	18.58	18.74	14343610	281767872.00
20131118	18.80	19.43	18.80	19.02	14245133	281177184.00
20131119	18.98	19.05	18.65	18.81	5982107	116413264.00
20131120	18.81	19.07	18.40	18.71	6701346	129641496.00
20131121	18.65	18.65	18.10	18.50	7448365	141525008.00
20131122	18.55	18.65	18.14	18.30	6854696	129985456.00
20131125	18.24	18.55	18.10	18.42	5276438	100501896.00
20131126	18.55	18.59	18.22	18.34	4102899	78056256.00
20131127	18.46	18.53	18.25	18.52	4410049	84102608.00
20131128	18.53	18.94	18.52	18.87	8706369	169530112.00
20131129	18.91	19.19	18.91	19.09	8923382	176164176.00
20131202	18.95	19.11	18.48	18.51	7903081	153351520.00
20131203	18.45	19.34	18.45	19.15	8459779	165571616.00
20131204	19.23	19.91	19.15	19.75	13778699	280046400.00
20131205	19.74	20.46	19.58	20.17	17326336	360775968.00
20131206	20.20	20.20	19.70	20.05	6831056	140838912.00
20131209	19.95	20.15	19.55	19.63	6174186	125887880.00
20131210	19.63	19.82	19.52	19.65	4995701	101491600.00
20131211	19.55	19.83	19.48	19.78	4004527	81454872.00
20131212	19.71	20.35	19.54	20.21	7882041	163288176.00
20131213	20.00	20.50	19.86	20.35	6397663	134176352.00
20131216	20.35	20.61	19.65	19.73	6477661	135154272.00
20131217	19.65	20.41	19.65	19.75	6614574	136127600.00
20131218	19.75	20.21	19.75	20.12	4276891	88702336.00
20131219	20.20	20.28	19.70	19.75	6055595	125790816.00
20131220	19.71	20.15	19.33	19.49	5509044	111957760.00
20131223	19.35	20.26	19.33	20.21	7100245	146375072.00
20131224	20.20	20.50	19.91	20.24	6366100	133000440.00
20131225	20.25	20.38	20.00	20.19	6316592	131583408.00
20131226	20.05	20.34	19.95	20.05	3138558	65259424.00
20131227	20.05	20.28	20.00	20.22	4604763	95720792.00
20131230	20.22	20.45	20.20	20.34	5844509	122644840.00
20131231	20.15	20.94	20.14	20.75	8322367	177506080.00
20140102	20.66	21.05	20.58	20.81	5096443	109508888.00
20140103	20.75	20.80	19.72	20.14	9945683	205980128.00
20140106	20.03	20.03	19.57	19.59	5171376	105561960.00
20140107	19.45	19.60	19.21	19.35	5364241	107386392.00
20140108	19.35	19.74	19.35	19.58	5186841	104839688.00
20140109	19.55	19.64	19.32	19.37	3824827	76850416.00
20140110	19.25	19.36	18.31	18.59	9143400	176232048.00
20140113	18.65	18.65	18.36	18.57	4283805	82239296.00
20140114	18.57	18.91	18.47	18.84	3426150	66247656.00
20140115	18.84	19.35	18.84	19.18	4878185	96690296.00
20140116	19.19	19.45	19.11	19.26	2931624	58540168.00
20140117	19.36	19.36	18.95	19.08	2813683	55482040.00
20140120	18.95	19.06	18.60	18.78	4621019	89492600.00
20140121	18.84	19.42	18.78	19.33	2911691	57943716.00
20140122	19.33	19.46	19.10	19.45	4602530	91827472.00
20140123	19.45	19.50	19.23	19.27	3955330	78941432.00
20140124	19.30	19.42	18.76	18.89	8548517	167948128.00
20140127	18.82	18.82	18.38	18.42	7097953	135804896.00
20140128	18.41	18.80	18.38	18.48	5427807	104424208.00
20140129	18.53	18.62	18.23	18.33	6456224	122809408.00
20140130	18.35	18.39	17.73	17.93	6490546	120633968.00
20140207	17.90	18.33	17.87	18.05	8121576	152246832.00
20140210	18.12	18.63	18.08	18.45	12382450	235799600.00
20140211	18.52	19.50	18.45	19.24	17814676	352006400.00
20140212	19.27	19.38	19.03	19.26	6691717	132684416.00
20140213	19.24	19.24	18.85	18.96	6408027	125824080.00
20140214	18.89	19.17	18.89	19.04	5257374	103555520.00
20140217	19.17	19.24	18.93	19.07	6782577	133442432.00
20140218	19.08	19.08	18.53	18.59	12105300	233918192.00
20140219	18.58	18.64	18.32	18.48	10187290	194695728.00
20140220	18.60	19.13	18.56	18.70	12876519	250885344.00
20140221	18.68	18.81	18.35	18.45	8159687	156237360.00
20140224	18.35	18.36	17.93	18.28	7533995	141066320.00
20140225	18.28	18.55	17.51	17.84	11637149	216521696.00
20140226	17.75	18.05	17.54	17.96	5818194	107120168.00
20140227	17.96	17.98	17.36	17.64	7333119	134230816.00
20140228	17.55	17.85	17.03	17.78	7325072	132015352.00
20140303	17.68	18.07	17.40	17.83	7406000	136897488.00
20140304	17.83	17.83	17.55	17.63	4610558	84327328.00
20140305	17.70	17.74	17.31	17.52	5729945	103755160.00
20140306	17.46	17.67	17.10	17.58	5471302	98251256.00
20140307	17.52	18.07	17.35	17.91	10361075	191366880.00
20140310	17.70	17.79	17.25	17.49	7486115	135194528.00
20140311	17.41	17.64	17.35	17.62	5597031	101701344.00
20140312	17.63	17.65	17.25	17.59	4163272	75311240.00
20140313	17.55	17.72	17.34	17.60	4867485	88590736.00
20140314	17.53	17.58	17.32	17.51	4872640	88006056.00
20140317	17.52	17.54	17.34	17.51	5344298	96592864.00
20140318	17.50	17.85	17.43	17.71	8774661	161050672.00
20140319	17.67	17.67	17.32	17.43	5262316	95122416.00
20140320	17.40	17.43	16.90	16.99	9344588	165998288.00
20140321	16.95	17.11	16.45	17.06	11181628	194634384.00
20140324	17.08	17.11	16.82	17.06	5374950	94839048.00
20140325	17.08	17.44	17.03	17.41	7687925	138140176.00
20140326	17.44	17.51	17.26	17.39	3973784	71594736.00
20140327	17.40	17.48	17.05	17.11	5316072	94893632.00
20140328	17.06	17.25	16.60	16.97	4861943	85573856.00
20140331	16.95	17.08	16.69	16.70	3994110	70043368.00
20140401	16.70	16.87	16.63	16.86	3766527	65629304.00
20140402	16.85	16.91	16.56	16.80	2236052	39023140.00
20140403	16.90	16.98	16.80	16.85	2572533	45102952.00
20140404	16.85	16.99	16.76	16.98	2427708	42647392.00
20140408	16.97	17.27	16.88	17.26	5611793	99602560.00
20140409	17.30	17.32	17.13	17.25	4326345	77309160.00
20140410	17.26	17.31	17.03	17.13	6671200	118527320.00
20140411	17.13	17.83	17.13	17.74	19607092	358746144.00
20140414	17.74	17.75	17.45	17.57	6135270	111605176.00
20140415	17.57	17.57	17.18	17.20	6837297	122672112.00
20140416	17.21	17.42	17.00	17.15	6404284	113791520.00
20140417	17.16	17.25	16.94	16.99	5483663	96979664.00
20140418	16.95	17.04	16.84	17.02	7377167	129606496.00
20140421	16.98	17.09	16.80	16.81	4141247	72771344.00
20140422	16.81	16.92	16.55	16.75	4358143	75630168.00
20140423	16.72	16.83	16.70	16.75	2264248	39410364.00
20140424	16.74	16.90	16.73	16.75	2682737	46832484.00
20140425	16.81	16.81	16.51	16.52	3982498	68706304.00
20140428	16.52	16.58	15.85	16.40	5597545	94422296.00
20140429	16.29	16.37	16.07	16.36	3763579	63536632.00
20140430	16.35	16.40	16.10	16.34	3258503	55134652.00
20140505	16.35	16.44	16.23	16.36	3434327	58304552.00
20140506	16.36	16.51	16.23	16.31	5272787	89626272.00
20140507	16.26	16.27	16.00	16.01	4668399	78074568.00
20140508	15.95	16.24	15.95	16.01	4090498	68481144.00
20140509	16.09	16.12	15.95	16.01	2333292	38920552.00
20140512	16.15	16.32	16.08	16.28	5277234	89093832.00
20140513	16.28	16.34	16.12	16.20	4621616	77858600.00
20140514	16.18	16.18	16.03	16.08	3054694	51122752.00
20140515	16.08	16.12	15.91	15.94	2930303	48724160.00
20140516	15.90	16.11	15.89	16.09	2287643	38121400.00
20140519	16.12	16.13	15.85	15.89	4209158	69775144.00
20140520	15.90	16.13	15.80	15.83	2510121	41520128.00
20140521	15.80	15.91	15.70	15.91	2726919	44937216.00
20140522	15.90	16.06	15.86	16.02	3911195	65075364.00
20140523	16.00	16.15	15.97	16.13	2857801	47773536.00
20140526	16.25	16.48	16.17	16.35	7072162	120163032.00
20140527	16.35	16.40	16.23	16.26	2519103	42631152.00
20140528	16.29	16.33	16.12	16.25	3470903	58561504.00
20140529	16.25	16.42	16.21	16.23	4223757	71748704.00
20140530	16.27	16.27	16.07	16.22	2719451	45702696.00
20140603	16.23	16.29	16.10	16.11	3125504	52587832.00
20140604	16.08	16.10	15.86	15.98	3078044	51037668.00
20140605	15.96	16.07	15.87	16.04	2677579	44543112.00
20140606	16.05	16.18	16.02	16.12	2983916	49988196.00
20140609	16.12	16.16	15.86	16.08	2220040	37047040.00
20140610	16.07	16.21	15.93	16.18	3086804	51770752.00
20140611	16.16	16.41	16.10	16.37	6820567	115763360.00
20140612	16.37	16.40	16.23	16.35	3769814	63996668.00
20140613	16.37	16.58	16.30	16.48	4702571	80465168.00
20140616	16.48	16.54	16.26	16.47	4289057	73145992.00
20140617	16.47	16.64	16.29	16.37	4765085	81503728.00
20140618	16.38	16.42	16.25	16.34	3976059	67417600.00
20140619	16.35	16.37	15.97	16.29	3526072	59437112.00
20140620	16.24	16.33	16.07	16.21	3142789	52795564.00
20140623	16.20	16.21	16.04	16.15	3897914	65372152.00
20140624	16.11	16.17	16.02	16.12	7015853	117426392.00
20140625	16.13	16.27	16.11	16.25	3360144	56689180.00
20140626	16.30	16.55	16.25	16.52	6749235	115080408.00
20140627	16.49	16.66	16.40	16.60	8255877	142322800.00
20140630	16.57	16.92	16.57	16.78	8696222	152030272.00
20140701	16.84	16.85	16.50	16.64	8888949	153431408.00
20140702	16.75	16.75	16.46	16.58	4330843	74571712.00
20140703	16.55	17.04	16.51	17.01	10934336	191753488.00
20140704	17.01	17.02	16.81	16.87	4202094	73703880.00
20140707	16.88	17.06	16.81	16.85	4594971	80717232.00
20140708	16.86	16.92	16.69	16.85	4021526	70097560.00
20140709	16.85	16.85	16.50	16.63	4578764	79108280.00
20140710	16.63	16.74	16.54	16.68	4658498	80581320.00
20140711	16.65	16.89	16.56	16.79	5092001	88698952.00
20140714	16.81	16.93	16.71	16.92	4791705	83612704.00
20140715	16.90	17.21	16.84	17.10	8704577	154179184.00
20140716	17.10	17.43	17.01	17.22	11967342	214743072.00
20140717	17.24	17.28	16.96	17.02	4747923	84095648.00
20140718	17.02	17.40	16.95	17.21	7118680	127372840.00
20140721	17.21	17.77	17.06	17.67	16766365	306083360.00
20140722	17.61	17.77	17.51	17.58	8613370	157384656.00
20140723	17.57	17.78	17.40	17.49	6075676	110611168.00
20140724	17.53	17.76	17.37	17.66	9004377	164522368.00
20140725	17.66	17.94	17.55	17.69	7409934	136224048.00
20140728	17.75	18.03	17.75	17.88	12811545	237581008.00
20140729	17.88	18.43	17.81	18.27	17313692	325620256.00
20140730	18.27	18.85	18.16	18.66	17756133	342709216.00
20140731	18.65	19.43	18.59	19.29	21765183	429889024.00
20140801	19.25	19.45	18.90	18.97	17272427	342618496.00
20140804	18.96	19.25	18.75	19.14	11928450	234630032.00
20140805	19.10	19.16	18.44	18.68	15397871	297722816.00
20140806	18.57	18.84	18.46	18.74	8586729	166497104.00
20140807	18.75	18.84	18.60	18.68	6301387	121937392.00
20140808	18.64	18.67	18.22	18.54	8136601	155633040.00
20140811	18.53	19.09	18.47	18.98	12228405	237838176.00
20140812	18.98	18.98	18.62	18.85	6840315	132843176.00
20140813	18.95	18.95	18.56	18.68	7842709	150118064.00
20140814	18.70	18.76	18.44	18.45	6329646	120244848.00
20140815	18.43	18.73	18.38	18.62	5253590	100012856.00
20140818	18.65	18.86	18.58	18.70	8041900	153931408.00
20140819	18.70	18.87	18.58	18.79	12682584	243583824.00
20140820	18.75	18.89	18.67	18.74	5500370	105696384.00
20140821	18.71	18.77	18.32	18.39	7930556	149941264.00
20140822	18.40	18.61	18.25	18.55	6292630	118741912.00
20140825	18.54	18.54	18.30	18.35	3836179	72193336.00
20140826	18.35	18.48	17.76	17.92	8160448	150728256.00
20140827	17.91	18.11	17.76	17.90	4981203	91570536.00
20140828	17.90	18.07	17.74	18.03	5504133	100977760.00
20140829	18.03	18.34	17.96	18.27	4499008	83735920.00
20140901	18.27	18.45	18.17	18.32	4388463	82374952.00
20140902	18.33	18.55	18.32	18.50	6661605	125994536.00
20140903	18.46	18.63	18.45	18.50	6442124	122330256.00
20140904	18.50	18.53	18.20	18.36	11492622	215315472.00
20140905	18.37	18.70	18.33	18.68	11095546	210172160.00
20140909	18.71	18.72	18.43	18.57	7792583	147894944.00
20140910	18.47	18.51	18.35	18.44	6231498	117550464.00
20140911	18.40	18.59	18.19	18.26	10700752	201507712.00
20140912	18.25	18.31	18.15	18.29	6915375	129108328.00
20140915	18.29	18.29	18.11	18.18	9941315	185043920.00
20140916	18.19	18.24	17.79	17.83	12536633	231305376.00
20140917	17.83	18.09	17.80	18.04	7356828	135263136.00
20140918	18.06	18.29	17.95	18.10	7856474	146232448.00
20140919	18.10	18.19	18.09	18.16	5461964	101615648.00
20140922	18.17	18.17	17.83	17.86	9270059	170328192.00
20140923	17.86	18.07	17.85	17.99	5384904	99150696.00
20140924	17.99	18.32	17.91	18.29	9276137	172993200.00
20140925	18.31	18.56	18.26	18.37	11369613	215021328.00
20140926	18.35	18.52	18.27	18.42	5411219	102091920.00
20140929	18.50	18.69	18.43	18.46	8756036	166247056.00
20140930	18.53	18.55	18.37	18.49	7500310	141673280.00
20141008	18.55	19.23	18.37	19.21	24221617	468392000.00
20141009	19.21	19.21	18.73	18.99	15273918	296264480.00
20141010	18.85	19.14	18.75	18.82	8969895	173719840.00
20141013	18.82	19.00	18.53	18.91	12675609	243591776.00
20141014	18.91	18.91	18.71	18.78	9107896	175125904.00
20141015	18.75	19.24	18.69	19.15	16233871	316839200.00
20141016	19.07	19.45	18.86	18.93	16934582	332885728.00
20141017	18.76	18.94	18.48	18.74	9821597	187978368.00
20141020	18.75	19.16	18.70	19.04	8227997	159930720.00
20141021	19.03	19.05	18.77	18.79	5600526	108134360.00
20141022	18.76	18.80	18.20	18.24	7944960	150559488.00
20141023	18.24	18.36	17.85	17.96	7126043	131972952.00
20141024	17.99	18.08	17.83	18.02	4158120	76603000.00
20141027	18.00	18.16	17.79	18.10	3676133	68054432.00
20141028	18.11	18.35	18.11	18.33	4783779	89277440.00
20141029	18.39	18.42	18.11	18.24	7607542	142243136.00
20141030	18.30	18.51	18.21	18.27	7075180	133049824.00
20141031	18.39	18.46	18.05	18.28	8020245	149547904.00
20141103	18.28	18.51	18.22	18.42	7112944	134051216.00
20141104	18.42	18.42	18.00	18.01	10306142	191231728.00
20141105	17.98	18.09	17.62	17.65	17948853	326327488.00
20141106	17.66	17.77	17.53	17.73	13318329	240941392.00
20141107	17.68	17.85	17.61	17.74	9178884	166862048.00
20141110	17.88	18.20	17.88	18.08	12454295	230029872.00
20141111	18.14	18.81	18.09	18.35	29335209	553995968.00
20141112	18.29	18.59	18.08	18.53	12966959	244581504.00
20141113	18.51	18.51	18.18	18.32	10168657	190588560.00
20141114	18.28	19.01	18.17	18.98	31168385	598936768.00
20141117	19.41	19.52	18.65	18.71	18875202	365464384.00
20141118	18.61	18.71	18.25	18.31	12602971	237166464.00
20141119	18.31	18.95	18.23	18.95	17218450	328678880.00
20141120	18.83	19.05	18.70	19.02	14596915	282253024.00
20141121	18.95	19.07	18.74	19.00	12393522	240389936.00
20141124	19.10	19.44	18.85	19.22	19999458	391933440.00
20141125	19.17	19.52	19.01	19.51	16953229	335320128.00
20141126	19.47	19.67	19.32	19.66	18670153	372387072.00
20141127	19.69	19.80	19.45	19.62	16529117	331797312.00
20141128	19.53	19.70	19.34	19.51	16543638	329207168.00
20141201	19.52	20.40	19.31	20.09	25435934	515936352.00
20141202	20.09	20.33	19.91	20.11	14312930	294035648.00
20141203	20.07	20.75	19.98	20.38	18802229	390988320.00
20141204	20.45	21.91	20.45	21.39	25007684	545330688.00
20141205	21.43	21.80	20.25	21.78	27991813	602337344.00
20141208	21.62	22.05	21.05	21.73	29103732	637718720.00
20141209	22.05	22.05	20.80	21.23	35371851	776053248.00
20141210	21.16	22.50	21.16	22.23	24974362	557248768.00
20141211	22.25	22.25	21.35	21.67	16503557	366072000.00
20141212	21.66	21.82	21.38	21.66	14895156	327934304.00
20141215	21.55	21.79	21.15	21.67	14812740	325084832.00
20141216	21.55	21.58	21.16	21.37	12440352	271057152.00
20141217	21.34	21.45	20.84	21.18	14521991	313062048.00
20141218	21.11	21.61	21.10	21.33	10874573	237027904.00
20141219	21.29	21.41	21.00	21.31	11122892	240879952.00
20141222	21.31	21.31	20.15	20.54	19501687	408212960.00
20141223	20.55	20.89	20.05	20.62	11382727	238178624.00
20141224	20.43	20.95	20.31	20.70	8894690	187508592.00
20141225	20.65	21.09	20.55	20.85	9592848	203903216.00
20141226	20.83	20.93	20.05	20.46	15902362	331623296.00
20141229	20.45	21.05	20.16	20.60	13618818	286195200.00
20141230	20.45	21.64	20.35	21.60	25457468	555349184.00
20141231	21.56	22.20	21.31	21.98	20177818	447532320.00
20150105	22.05	22.24	21.56	21.95	18037839	404291200.00
20150106	21.76	24.19	21.65	23.91	46527861	1122867968.00
20150107	23.55	23.73	22.88	23.41	25269304	600466432.00
20150108	23.39	23.91	23.05	23.21	16614440	397410784.00
20150109	23.10	23.70	23.06	23.14	14022590	334099456.00
20150112	23.01	23.60	22.42	23.43	13862258	324767040.00
20150113	23.43	24.25	23.30	23.37	15230790	369923296.00
20150114	23.20	23.72	23.03	23.48	8588829	204366688.00
20150115	23.45	23.80	23.27	23.48	7823700	187576496.00
20150116	23.54	24.02	23.28	23.98	10551100	253581120.00
20150119	23.50	23.89	21.93	22.43	16590201	390060768.00
20150120	22.50	23.14	22.50	22.94	10977863	255217984.00
20150121	22.97	23.24	22.56	23.23	13000493	304922176.00
20150122	23.14	23.51	22.93	23.42	10640300	252127504.00
20150123	23.31	23.50	22.93	22.99	7979336	188541552.00
20150126	22.98	23.87	22.86	23.75	12618067	301383200.00
20150127	23.76	23.97	22.75	23.22	13330986	317234496.00
20150128	23.10	23.38	22.75	22.82	9467372	222485264.00
20150129	22.56	22.80	22.35	22.43	7821123	179455200.00
20150130	22.54	22.74	22.06	22.13	7880595	179470912.00
20150202	22.00	22.05	21.57	21.70	7851147	174550912.00
20150203	21.86	22.17	21.71	21.99	8625375	192988272.00
20150204	22.02	22.27	21.69	21.71	7676069	172170528.00
20150205	21.99	22.25	21.58	21.61	7702711	172362176.00
20150206	21.55	22.43	19.55	22.16	12691505	283419648.00
20150209	21.91	22.22	21.58	21.77	7898083	176522400.00
20150210	21.57	21.77	20.54	21.00	15609445	334710784.00
20150211	20.85	21.35	20.70	21.31	10063665	216412368.00
20150212	21.22	21.22	20.87	21.04	7595307	162910848.00
20150213	21.10	21.76	21.03	21.48	12617160	276297760.00
20150216	21.45	21.93	21.39	21.76	8882412	197312288.00
20150217	21.90	22.34	21.90	22.12	8881919	200696640.00
20150225	22.18	22.18	21.66	21.88	7904344	176461248.00
20150226	22.01	22.13	21.88	22.11	6609300	148403264.00
20150227	22.07	22.22	21.95	22.09	9263796	208966944.00
20150302	22.11	22.11	21.75	22.01	12076310	269586496.00
20150303	21.88	22.52	21.81	22.41	17418545	395652000.00
20150304	22.41	22.95	22.13	22.81	17010357	390894016.00
20150305	22.55	23.28	22.31	22.55	17173951	398464224.00
20150306	22.55	22.55	21.85	22.07	10974602	247257152.00
20150309	21.89	22.26	21.70	22.25	8978304	201635184.00
20150310	22.13	22.32	22.01	22.26	9538736	215764256.00
20150311	22.26	22.39	21.90	22.00	7992681	180277104.00
20150312	22.01	22.42	21.85	22.29	11474428	259647472.00
20150313	22.30	22.54	22.10	22.21	10033444	228488192.00
20150316	22.27	23.38	22.15	23.22	28437566	662454400.00
20150317	23.15	23.28	22.73	22.91	20642952	483491456.00
20150318	22.90	23.21	22.70	23.20	19389325	453782848.00
20150319	23.17	23.61	22.96	23.56	24545788	582238784.00
20150320	23.47	23.79	23.30	23.66	28100167	673758976.00
20150323	23.71	24.09	23.58	24.01	22977052	558430336.00
20150324	24.15	26.35	23.65	25.86	47332659	1191945856.00
20150325	25.64	26.58	25.33	26.54	34397092	916980544.00
20150326	26.10	26.45	25.63	25.73	20168593	534366528.00
20150327	25.72	26.17	25.55	25.73	13946199	366947776.00
20150330	25.77	25.99	25.37	25.78	16125626	420730016.00
20150331	25.80	26.39	25.62	25.65	18352860	485320736.00
20150401	25.56	26.32	25.56	25.99	15904698	419986048.00
20150402	26.05	26.43	25.65	26.03	18535297	490723200.00
20150403	26.03	27.09	25.77	26.90	25953567	701171136.00
20150407	27.03	28.43	27.03	28.35	37052822	1044171328.00
20150408	28.33	29.06	27.56	28.76	42075585	1221757184.00
20150409	28.86	29.79	27.46	29.25	31725699	925095168.00
20150410	28.74	30.33	28.64	30.05	24234830	731206656.00
20150413	30.00	31.35	29.36	31.30	35859698	1104631936.00
20150414	32.43	33.68	31.54	33.44	40935196	1365758720.00
20150415	33.43	33.43	30.85	31.23	23267265	764178624.00
20150416	30.85	32.66	30.45	32.50	23391107	758952128.00
20150417	32.65	33.70	32.26	32.75	32680630	1093778048.00
20150420	32.55	32.55	30.43	31.54	34099894	1088164864.00
20150421	31.35	32.70	31.01	32.46	19729394	636958016.00
20150422	32.35	34.55	32.16	33.08	17120875	580958912.00
20150423	33.51	33.51	32.50	32.61	14027903	467343168.00
20150424	32.05	33.03	31.35	31.69	17208280	556982976.00
20150427	31.71	32.68	31.45	32.29	16994913	550296384.00
20150428	32.94	33.92	31.97	32.87	28387256	948645824.00
20150429	32.13	33.19	31.83	32.73	13959795	460308864.00
20150430	32.91	33.30	31.73	31.76	16611679	542861376.00
20150504	31.76	31.76	30.42	30.79	18955814	593343104.00
20150505	30.56	31.17	29.56	30.10	13214541	407399104.00
20150506	30.20	30.75	29.56	29.68	13839318	424514016.00
20150507	29.72	30.25	28.39	28.96	15105406	448117696.00
20150508	29.54	30.56	29.15	30.55	15995184	483278368.00
20150511	30.55	32.65	30.55	32.53	25649850	828382336.00
20150512	32.55	32.59	31.55	32.14	18964696	614415488.00
20150513	31.95	32.40	31.58	31.92	12409982	401369600.00
20150514	31.90	32.55	31.36	31.58	13085826	423833280.00
20150515	31.41	31.42	30.22	30.61	13150766	408533088.00
20150518	30.27	31.23	29.90	30.61	15087850	469646336.00
20150519	30.61	31.25	30.21	31.04	13854049	435159136.00
20150520	31.13	32.10	31.05	31.38	20582756	662565696.00
20150521	31.39	32.55	31.36	32.53	17236283	561791296.00
20150522	32.63	33.30	32.05	32.64	24714203	816435712.00
20150525	32.65	35.95	32.65	35.95	59726157	2145964672.00
20150526	36.10	36.80	35.65	36.13	57015963	2088905088.00
20150527	36.15	39.56	35.13	38.27	39804829	1487263872.00
20150528	38.31	40.34	35.55	36.40	44954364	1744284416.00
20150529	36.30	38.20	35.45	37.89	32679465	1231490304.00
20150601	38.43	41.53	38.43	41.43	35175627	1410203904.00
20150602	41.35	42.31	40.23	42.01	30175099	1261490816.00
20150603	42.05	44.05	39.55	42.29	28719799	1224727424.00
20150604	41.85	42.18	38.45	41.87	22566200	928924928.00
20150605	41.95	43.43	40.43	42.28	29002593	1236817024.00
20150608	42.05	42.35	40.33	41.98	24489603	1019899008.00
20150609	41.53	41.55	40.41	40.92	18215559	752727296.00
20150610	40.55	41.21	39.97	40.59	17150796	706645632.00
20150611	40.59	41.24	39.68	41.17	23009647	944946304.00
20150612	41.23	42.93	40.96	41.65	26045364	1105977856.00
20150615	41.95	43.35	41.45	42.64	25526307	1097760128.00
20150616	41.77	42.55	39.59	39.88	22763339	938630528.00
20150617	39.76	40.75	38.44	40.24	18160865	731097600.00
20150618	39.95	40.72	38.93	39.06	12448304	503181472.00
20150619	38.55	38.66	35.35	36.65	16521929	625431680.00
20150623	36.55	39.91	34.81	39.15	22229376	838066432.00
20150624	38.65	40.68	38.35	39.99	20733658	834815424.00
20150625	39.99	41.05	37.55	38.73	18041295	727345152.00
20150626	37.23	38.75	34.81	34.81	24009737	877693184.00
20150629	36.53	36.53	31.28	32.27	32902913	1102226560.00
20150630	29.16	35.54	29.00	35.46	48833269	1554526848.00
20150701	35.42	36.25	32.53	32.58	28198849	995567296.00
20150702	32.68	33.40	29.28	29.36	35068344	1089578496.00
20150703	29.05	30.06	26.38	26.38	44246387	1223196032.00
20150706	29.06	29.06	24.15	27.35	58284265	1582392320.00
20150707	26.15	27.25	24.57	24.61	49868534	1276886528.00
20150708	22.10	22.10	22.10	22.10	26960000	607948032.00
20150709	22.10	24.36	20.10	24.36	40902755	966244928.00
20150710	26.15	26.84	25.63	26.84	55902194	1521558144.00
20150713	27.65	29.57	27.58	29.57	59119115	1736505088.00
20150714	29.67	31.04	28.05	29.15	49415564	1482344320.00
20150715	28.25	28.63	26.19	26.19	30537603	846185024.00
20150716	26.19	28.14	24.45	27.88	41055110	1144622592.00
20150717	27.90	29.95	27.90	29.73	21781013	645464000.00
20150720	29.37	30.71	28.75	29.65	21890473	659158656.00
20150721	29.15	30.05	28.68	29.55	19717304	591274176.00
20150722	29.53	30.05	28.25	29.30	19113623	567360448.00
20150723	29.38	30.95	29.38	30.71	27983027	859282240.00
20150724	30.71	31.84	30.05	30.28	38456287	1214419200.00
20150727	29.55	30.51	27.21	27.23	24167998	712876928.00
20150728	26.67	28.35	25.49	27.84	30467747	833755392.00
20150729	27.96	29.54	27.65	29.50	21372245	613870208.00
20150730	29.40	30.65	28.66	29.10	29618429	900683968.00
20150731	28.65	30.07	28.65	29.60	13974622	416991296.00
20150803	29.63	31.04	28.99	30.22	20336059	617841216.00
20150804	30.45	31.49	29.96	31.35	24602407	766754176.00
20150805	31.06	31.42	29.95	30.07	14858737	462506016.00
20150806	29.66	30.34	29.46	29.60	8954203	271719680.00
20150807	29.97	30.27	29.50	29.92	8740196	263500864.00
20150810	30.05	31.37	30.05	31.26	23058092	716070272.00
20150811	31.06	31.34	30.22	30.70	18825167	582358272.00
20150812	30.17	30.89	29.73	29.76	17631401	535860544.00
20150813	29.07	30.07	29.07	30.04	12182951	363393696.00
20150814	30.07	30.97	29.77	30.41	16017390	492851072.00
20150817	30.41	31.27	29.85	31.17	18115721	560280512.00
20150818	31.18	31.32	28.34	28.77	20436585	616428928.00
20150819	27.72	29.46	27.57	29.35	14329558	411399392.00
20150820	28.97	29.37	28.54	28.59	10501109	304694112.00
20150821	28.42	28.42	26.57	26.79	12829696	355724320.00
20150824	24.89	26.22	24.09	24.09	27580974	680084672.00
20150825	22.39	24.02	21.66	21.66	32657785	736199552.00
20150826	21.79	23.85	20.47	22.24	30941759	699974272.00
20150827	22.82	23.78	22.42	23.75	23424407	543204352.00
20150828	23.97	25.27	23.65	24.91	18166196	444175744.00
20150831	24.37	24.63	23.57	24.59	16942030	412061952.00
20150901	24.52	24.52	22.52	23.80	21163404	498360672.00
20150902	22.79	24.12	22.51	23.89	24803989	591040896.00
20150907	23.77	24.77	23.14	23.32	11107310	269787168.00
20150908	23.17	24.19	22.80	24.15	8215850	194902352.00
20150909	24.36	25.15	24.17	24.91	12597180	315351840.00
20150910	24.58	24.84	24.09	24.35	8730445	215176592.00
20150911	24.22	24.55	23.48	23.78	6974995	168294672.00
20150914	23.87	24.07	22.45	23.60	16112659	379680224.00
20150915	23.07	23.27	22.27	22.37	8228924	188867520.00
20150916	22.50	24.25	22.39	23.82	9511645	222677232.00
20150917	23.38	24.07	23.00	23.05	9184435	217492576.00
20150918	23.26	23.36	22.72	22.96	5355345	124157704.00
20150921	22.70	23.52	22.58	23.25	8862073	206916992.00
20150922	23.29	23.74	23.07	23.57	10320182	244874368.00
20150923	23.32	23.88	23.04	23.53	6660373	157763216.00
20150924	23.57	23.97	23.48	23.81	5569255	133228344.00
20150925	23.81	23.87	22.75	23.05	5561271	130615576.00
20150928	22.98	23.07	22.52	22.81	7166266	164317936.00
20150929	22.57	22.66	21.80	22.07	8164055	183362064.00
20150930	22.09	22.34	22.08	22.24	3051666	68520152.00
20151008	23.78	24.24	23.58	23.71	17990411	434169536.00
20151009	23.77	23.87	23.12	23.82	10398363	246716960.00
20151012	23.84	25.11	23.82	24.80	14983192	370022432.00
20151013	24.70	25.28	24.47	25.14	10581332	265008848.00
20151014	24.97	25.07	24.57	24.69	7494184	187653824.00
20151015	24.63	25.34	24.48	25.27	7683317	193926720.00
20151016	25.54	25.74	25.13	25.72	12447478	319453024.00
20151019	25.77	26.05	24.82	25.01	13142771	336969888.00
20151020	25.01	25.67	24.88	25.63	10524843	268700192.00
20151021	25.66	26.12	24.47	24.81	15958163	409150944.00
20151022	24.98	25.56	24.57	25.36	7765208	196674144.00
20151023	25.77	27.57	25.39	26.60	21212395	567779200.00
20151026	26.81	27.12	26.11	26.76	13690078	368273408.00
20151027	26.50	26.64	25.77	26.59	9058753	239731984.00
20151028	26.61	26.91	25.67	25.77	7502439	198845936.00
20151029	25.80	26.06	24.77	25.74	9724295	248798560.00
20151030	25.62	25.63	25.07	25.36	7304044	187238608.00
20151102	25.15	25.32	24.77	24.84	7604429	192284640.00
20151103	24.92	25.09	24.57	24.76	7219168	180776352.00
20151104	24.92	25.82	24.87	25.76	12587355	323389344.00
20151105	25.68	26.77	25.58	26.46	29519826	779749568.00
20151106	26.31	26.87	26.20	26.77	13383054	359250464.00
20151109	26.77	27.44	26.58	27.28	14280926	390046912.00
20151110	27.27	27.40	26.69	26.89	10974425	299147712.00
20151111	26.80	27.02	26.33	26.78	11277392	302528864.00
20151112	26.79	27.21	26.47	26.95	13081709	354817440.00
20151113	26.42	26.72	25.92	26.02	10635699	280858688.00
20151116	25.67	26.11	25.52	26.10	8888414	231582944.00
20151117	26.18	26.85	26.03	26.14	17545015	466714528.00
20151118	26.37	26.63	26.15	26.40	12775731	340419680.00
20151119	26.49	27.74	26.49	27.72	18907736	517892192.00
20151120	27.72	27.76	26.97	27.30	10675612	294124064.00
20151123	27.17	27.32	26.66	26.85	9037503	245554672.00
20151124	27.02	27.02	26.25	26.58	12163004	324369888.00
20151125	26.47	26.79	26.17	26.76	12334963	329370816.00
20151126	26.77	26.87	26.17	26.36	12717397	338971328.00
20151127	26.15	26.37	25.27	25.34	14254226	372706432.00
20151130	25.67	26.37	25.38	26.36	19374172	507428768.00
20151201	26.22	28.23	25.78	27.98	30375067	839327360.00
20151202	27.69	28.87	27.53	28.50	28366390	807643072.00
20151203	28.27	29.11	27.85	28.73	19097024	551081024.00
20151204	28.60	28.60	27.91	27.98	11246598	320200000.00
20151207	28.07	30.80	28.07	30.80	39154441	1200076800.00
20151208	30.77	33.90	30.44	33.30	47121215	1536523392.00
20151209	33.17	33.87	31.87	33.31	22436563	741219264.00
20151210	32.97	35.72	32.47	33.23	23896626	820886016.00
20151211	33.17	34.75	32.80	34.30	20489861	701047488.00
20151214	33.92	35.27	33.92	35.11	25520924	891456768.00
20151215	34.40	35.07	33.95	34.31	19685870	682414272.00
20151216	33.94	34.26	32.85	33.46	16090087	538605760.00
20151217	33.47	36.83	33.32	36.83	32948438	1174461056.00
20151218	36.05	38.70	35.77	36.73	30084146	1124433536.00
20151221	36.87	40.43	36.87	40.43	40738999	1625563136.00
20151222	41.57	42.71	39.77	40.87	38404752	1586829824.00
20151223	41.87	44.27	40.08	41.08	41060449	1746070912.00
20151224	40.17	40.17	37.16	38.22	28755456	1105415040.00
20151225	38.37	38.93	37.16	38.27	23089659	880662784.00
20151228	38.26	40.82	36.78	39.13	35817322	1370048384.00
20151229	38.27	43.07	36.97	40.64	36748394	1435185792.00
20151230	40.62	42.05	39.66	40.48	23658623	975980096.00
20151231	39.92	44.47	39.49	44.38	55636149	2403404544.00
20160104	43.65	43.65	39.92	39.92	25193452	1032267456.00
20160105	36.42	39.30	35.91	36.36	37011441	1369515136.00
20160106	36.32	36.97	34.57	36.56	26508603	959160576.00
20160107	35.27	35.47	32.88	32.88	5880700	201347360.00
20160108	33.27	34.27	30.98	32.94	22406077	746529024.00
20160111	31.77	33.66	30.42	30.77	16889283	545371456.00
20160112	31.57	33.74	30.87	32.63	21958605	715912704.00
20160113	32.85	33.00	30.97	31.23	14790950	476269280.00
20160114	30.17	33.07	29.79	32.77	16342071	526271296.00
20160115	32.77	33.37	31.14	31.65	15262016	495233440.00
20160118	30.82	32.50	30.82	31.73	11228746	360259328.00
20160119	31.33	33.03	31.33	32.78	14802603	479929984.00
20160120	32.48	32.65	31.45	31.70	13390324	431810112.00
20160121	31.02	31.22	28.75	28.99	20202443	611098880.00
20160122	29.24	29.55	27.97	29.13	12296996	357673152.00
20160125	29.56	30.67	29.17	30.49	12608077	379963712.00
20160126	30.12	30.26	27.42	27.59	12636688	369592160.00
20160127	27.77	28.96	26.65	28.75	13688706	385351264.00
20160128	28.30	28.69	26.90	27.79	8640408	244376000.00
20160129	27.67	29.26	27.47	28.84	8252094	237713888.00
20160201	28.86	29.00	27.57	28.26	6073984	173139456.00
20160202	28.37	29.19	28.37	28.93	6682202	194619472.00
20160203	28.55	28.57	27.77	28.33	6863177	194393888.00
20160204	28.45	29.13	28.38	28.74	7744826	224802432.00
20160205	28.99	31.52	28.82	30.47	18640778	566221120.00
20160215	29.93	32.36	29.78	31.43	18238578	575840768.00
20160216	31.27	32.05	30.85	31.76	19365477	616255104.00
20160217	31.77	31.92	30.67	31.07	27043220	845068480.00
20160218	30.95	31.00	30.42	30.51	17605192	544622144.00
20160219	30.47	31.10	30.32	30.90	12433177	384672640.00
20160222	31.44	31.47	30.77	31.11	16334968	510208832.00
20160223	31.11	31.11	30.07	30.51	11679294	359716096.00
20160224	30.47	30.75	29.47	30.07	10970876	332390752.00
20160225	30.17	31.11	27.67	28.33	22234554	665482880.00
20160226	28.45	28.64	27.54	28.30	12733211	360985184.00
20160229	28.13	28.13	26.05	26.92	13123343	354096608.00
20160301	26.92	27.41	26.27	27.13	9542352	258585360.00
20160302	27.17	28.06	27.14	28.04	21270835	595095232.00
20160303	28.04	28.41	27.77	27.99	16820643	475369280.00
20160304	27.95	29.36	27.50	28.78	24789805	708848896.00
20160307	28.50	29.04	28.27	28.56	14070833	406744608.00
20160308	28.59	28.62	27.04	28.27	14499947	405683776.00
20160309	27.67	28.06	27.38	28.03	8388883	234543136.00
20160310	27.95	28.23	27.27	27.42	7606016	213277424.00
20160311	27.01	27.42	26.78	27.23	4993164	136545600.00
20160314	27.49	28.23	27.47	27.83	10664584	299858624.00
20160315	27.59	27.87	27.45	27.67	5491514	153078016.00
20160316	27.65	28.37	27.65	28.24	14307644	406324064.00
20160317	27.97	28.78	27.75	28.58	13392380	382700064.00
20160318	28.47	29.23	28.47	28.85	17835285	519097472.00
20160321	28.97	29.74	28.88	29.41	18828695	557142336.00
20160322	29.17	29.41	28.73	28.75	14251001	415715552.00
20160323	28.67	28.90	28.40	28.70	8696132	250998544.00
20160324	28.67	28.67	28.20	28.21	8064926	230789120.00
20160325	28.17	28.97	28.15	28.96	13829815	400829504.00
20160328	29.23	29.49	28.89	29.13	15862819	466491584.00
20160329	29.07	29.12	28.42	28.54	8502121	245110224.00
20160330	28.78	30.35	28.73	30.32	26701788	802931264.00
20160331	30.32	30.40	29.62	29.94	16983220	513249216.00
20160401	29.85	29.85	28.86	29.57	11341115	335673920.00
20160405	29.53	30.25	29.40	29.98	11750212	353970752.00
20160406	29.96	30.26	29.59	29.82	9355622	281715488.00
20160407	29.92	30.19	29.57	29.60	9052176	272284320.00
20160408	29.47	29.56	29.07	29.38	6473165	191051616.00
20160411	29.63	29.93	29.46	29.85	14702373	439855456.00
20160412	29.87	29.90	29.55	29.66	6764055	201951328.00
20160413	29.77	30.07	29.41	29.68	20349049	610545152.00
20160414	29.72	29.77	29.46	29.65	9072696	270518144.00
20160415	29.74	29.77	29.52	29.60	6381036	190353504.00
20160418	29.57	29.58	28.95	28.97	7785349	228476128.00
20160419	29.08	29.20	28.68	28.87	5541938	161164496.00
20160420	28.92	29.05	26.88	28.17	13885088	391674912.00
20160421	27.86	28.16	27.67	27.76	4732191	133040944.00
20160422	27.67	28.62	27.52	28.09	6901845	195549360.00
20160425	28.05	28.05	27.42	27.65	5338140	148768896.00
20160426	27.66	28.01	27.57	27.76	5519086	154324000.00
20160427	27.77	28.00	27.65	27.69	3350290	93898192.00
20160428	27.87	27.95	27.25	27.53	3831172	106350424.00
20160429	27.52	27.86	27.29	27.64	4948030	138059744.00
20160503	27.64	28.86	27.64	28.60	9492577	272304832.00
20160504	28.47	28.96	28.38	28.49	5962504	172309296.00
20160505	28.59	28.60	28.08	28.39	4490147	128293824.00
20160506	28.38	28.50	27.67	27.68	6349496	179067024.00
20160509	27.55	27.55	26.90	27.13	5581839	152755312.00
20160510	27.10	27.15	26.89	27.12	3126085	85269016.00
20160511	27.19	28.70	27.08	28.06	15640719	443329984.00
20160512	27.48	27.72	27.12	27.57	8095340	223924544.00
20160513	27.29	27.96	27.22	27.34	5133817	142287904.00
20160516	27.19	27.74	27.14	27.64	5335530	148073504.00
20160517	27.75	27.82	27.37	27.51	5514487	153289616.00
20160518	27.37	27.39	26.77	27.04	6652692	181494592.00
20160519	27.04	27.28	26.97	27.01	3244142	88728832.00
20160520	26.87	27.02	26.47	26.82	7244687	195462096.00
20160523	26.90	27.02	26.78	26.89	5753088	155918976.00
20160524	26.89	26.89	26.57	26.71	4222916	113644520.00
20160525	26.77	26.91	26.58	26.82	4281694	115628640.00
20160526	26.74	26.87	26.48	26.74	3606868	96858504.00
20160527	26.75	26.82	26.57	26.66	3477805	93554200.00
20160530	26.67	26.68	26.28	26.51	3211118	85896816.00
20160531	26.57	27.32	26.57	27.27	12455883	339949152.00
20160601	27.32	27.42	27.04	27.06	8906601	244096160.00
20160602	27.03	27.15	26.95	27.11	5027867	137127760.00
20160603	27.17	28.16	27.12	27.79	14330371	400479488.00
20160606	27.87	27.89	27.29	27.51	7292166	202697392.00
20160607	27.57	27.93	27.48	27.52	6051236	168827776.00
20160608	27.60	27.65	27.28	27.42	5164309	142852000.00
20160613	27.23	27.23	26.58	26.59	7714610	209000080.00
20160614	26.55	26.71	26.33	26.44	6040820	161160368.00
20160615	26.27	26.90	26.18	26.89	7037015	189457968.00
20160616	26.76	26.76	26.54	26.60	4773870	128174768.00
20160617	26.60	26.92	26.60	26.68	3978154	107360112.00
20160620	26.68	27.32	26.54	27.23	7918497	216103488.00
20160621	27.33	27.41	26.78	26.86	5501582	150520320.00
20160622	26.92	27.48	26.87	27.36	6337293	174418480.00
20160623	27.41	27.43	27.07	27.24	4071343	111661840.00
20160624	27.15	27.45	26.27	26.81	5714077	155096080.00
20160627	26.81	27.17	26.67	27.14	4277654	116482296.00
20160628	27.06	29.88	26.97	29.88	40839886	1197271168.00
20160629	30.62	30.67	29.15	29.34	22436049	673414912.00
20160630	29.61	30.34	29.35	29.56	19817094	596141120.00
20160701	29.66	29.82	29.26	29.33	8959485	265675760.00
20160704	29.12	30.04	29.05	29.78	11534126	345786688.00
20160705	29.82	30.02	29.51	29.88	9993145	300087040.00
20160706	29.73	31.02	29.55	30.83	21619100	663510464.00
20160707	30.65	33.00	30.52	31.35	26118400	837172096.00
20160708	31.03	32.15	30.78	30.92	15986600	505255168.00
20160711	30.97	32.66	30.73	31.92	19465900	624558016.00
20160712	31.77	32.97	31.57	32.77	18545800	608694016.00
20160713	32.76	32.85	32.12	32.79	11870700	388517472.00
20160714	32.22	32.79	32.22	32.45	8082400	263840928.00
20160715	32.33	32.76	32.13	32.36	7198400	234986016.00
20160718	32.17	32.27	30.73	30.87	16179700	509852992.00
20160719	30.88	31.26	30.47	31.22	9625600	299845536.00
20160720	30.97	31.72	30.97	31.12	7160400	226448752.00
20160721	31.18	31.78	30.79	31.27	8819400	278315744.00
20160722	31.31	31.37	30.79	30.89	5642300	176726304.00
20160725	30.92	31.28	30.77	31.01	4804500	150189360.00
20160726	31.07	31.50	30.97	31.46	6049800	190218464.00
20160727	31.55	32.42	30.05	31.24	15425971	487786240.00
20160728	30.98	31.77	30.54	31.20	10267819	322227104.00
20160729	31.20	32.28	31.05	31.76	13889440	445937088.00
20160801	31.77	31.77	30.24	30.31	11249609	348019168.00
20160802	30.44	30.56	29.77	30.25	7085030	214753952.00
20160803	30.09	30.31	29.87	30.06	5199584	157436096.00
20160804	30.08	30.41	30.00	30.24	4820617	146675328.00
20160805	30.36	30.72	30.19	30.32	6521691	200137344.00
20160808	30.28	30.93	29.88	30.71	5786678	177994944.00
20160809	30.86	30.90	30.43	30.77	5700400	175995104.00
20160810	30.76	30.77	30.40	30.50	4372000	133813632.00
20160811	30.49	30.88	30.18	30.23	6056392	185460288.00
20160812	30.15	31.80	30.01	31.71	12000259	371414848.00
20160815	31.70	32.65	31.32	32.28	14255941	456480320.00
20160816	32.21	32.55	31.66	31.84	14553222	465305760.00
20160817	31.83	32.16	31.66	31.89	8518573	271484192.00
20160818	31.92	33.21	31.70	32.31	18396499	598643328.00
20160819	32.30	32.46	31.50	31.77	9505031	302885152.00
20160822	31.92	31.95	31.06	31.20	9285200	291792768.00
20160823	31.25	32.00	31.11	31.83	8892900	281787808.00
20160824	31.76	31.94	31.40	31.48	4951500	156460944.00
20160825	31.18	31.18	30.36	30.59	11519300	353397472.00
20160826	30.72	31.07	30.57	30.75	5934500	183036576.00
20160829	30.80	31.19	30.75	30.82	4520653	139844416.00
20160830	31.30	31.36	30.82	30.91	5061586	157260528.00
20160831	30.90	31.16	30.82	31.08	4771475	148052160.00
20160901	31.15	31.24	30.75	30.81	4554864	141285168.00
20160902	30.79	31.15	30.62	31.13	4896813	151780688.00
20160905	31.13	31.33	31.04	31.12	3788706	118099832.00
20160906	31.10	31.32	30.57	31.27	5482084	170259088.00
20160907	31.27	31.50	31.15	31.36	3912560	122595064.00
20160908	31.38	31.95	31.27	31.64	6839600	216346496.00
20160909	31.59	31.74	31.02	31.03	4854154	152289200.00
20160912	30.67	30.67	30.00	30.35	8490700	257056784.00
20160913	30.37	30.49	30.01	30.27	3507084	106027448.00
20160914	30.23	30.23	29.99	30.20	3199505	96380808.00
20160919	30.20	31.01	30.20	30.86	6950327	213674784.00
20160920	30.80	30.92	30.60	30.87	2687114	82666688.00
20160921	30.80	31.05	30.70	30.95	2775348	85785680.00
20160922	31.04	31.52	31.04	31.09	4318714	134980704.00
20160923	31.12	31.33	31.08	31.17	3135505	97827392.00
20160926	31.10	31.29	30.26	30.43	3265650	100708480.00
20160927	30.48	30.70	30.36	30.68	3165673	96565000.00
20160928	30.85	30.85	30.32	30.41	2450791	74684576.00
20160929	30.27	30.80	30.27	30.55	3116379	95271536.00
20160930	30.43	30.87	30.43	30.53	3854658	118217360.00
20161010	30.70	31.45	30.66	31.22	6184032	192246112.00
20161011	31.18	31.36	31.05	31.26	4494357	140245872.00
20161012	31.25	31.25	31.02	31.17	3252957	101263296.00
20161013	31.08	31.29	30.90	31.07	4499073	139690400.00
20161014	31.07	31.12	30.60	30.85	4947229	152294160.00
20161017	30.67	31.16	30.67	30.76	3740186	115460136.00
20161018	30.63	31.01	30.63	30.99	3099170	95681120.00
20161019	31.01	31.46	30.92	31.20	5828782	181751536.00
20161020	31.15	31.27	31.04	31.14	3885433	121038160.00
20161021	31.14	31.33	30.81	30.96	3269076	101561424.00
20161024	30.97	31.75	30.96	31.43	10839545	341229888.00
20161025	31.41	32.27	31.41	32.22	12324393	392531232.00
20161026	32.17	32.46	31.77	31.94	7234866	231767088.00
20161027	31.75	32.07	31.73	31.85	4715852	150519776.00
20161028	31.73	31.97	31.60	31.64	4381407	139245280.00
20161031	31.60	31.61	31.27	31.39	4097658	128676840.00
20161101	31.39	31.73	31.39	31.67	4621800	145938112.00
20161102	31.50	31.90	31.25	31.41	5436900	171330480.00
20161103	31.24	31.66	31.24	31.56	4137196	130304408.00
20161104	31.55	31.77	31.39	31.51	4056000	128047552.00
20161107	31.51	31.64	31.34	31.42	2704271	85035832.00
20161108	31.55	31.68	31.43	31.61	6064516	191318496.00
20161109	31.62	31.82	31.00	31.25	5762207	181007088.00
20161110	31.35	31.65	31.35	31.59	4833907	152249840.00
20161111	31.59	31.59	31.31	31.49	6055395	190368416.00
20161114	31.25	31.60	31.19	31.55	4610059	145029904.00
20161115	31.55	31.89	31.43	31.81	6416531	203632288.00
20161116	31.83	32.09	31.75	31.77	5921600	188796464.00
20161117	31.75	31.75	31.41	31.66	4420000	139468944.00
20161118	31.68	32.57	31.68	31.98	12746700	409678752.00
20161121	31.96	33.41	31.86	32.96	19821200	648348416.00
20161122	32.90	33.18	32.57	32.73	10764255	352852512.00
20161123	32.73	33.06	32.40	32.54	8880868	289776832.00
20161124	32.44	35.07	32.43	34.71	29087100	985208512.00
20161125	34.45	34.56	33.75	34.25	19441700	664170816.00
20161128	34.56	35.69	33.66	33.94	19184800	661081664.00
20161129	33.61	35.34	33.39	34.69	22119500	763372032.00
20161130	34.31	34.97	33.60	34.27	17970800	614651328.00
20161201	34.29	35.32	34.09	34.85	17558615	610911552.00
20161202	34.85	35.82	34.61	34.99	22610211	797196992.00
20161205	33.37	33.87	31.61	32.52	30218200	989339584.00
20161206	32.37	32.49	31.75	32.21	16291000	522862176.00
20161207	32.16	32.42	32.15	32.39	7443500	240503088.00
20161208	32.41	32.48	31.96	32.09	5960100	191862528.00
20161209	32.18	32.65	31.89	32.40	8980400	289774976.00
20161212	32.23	32.28	31.00	31.45	13460426	423988896.00
20161213	31.41	31.50	31.00	31.40	5439341	170070432.00
20161214	31.31	31.70	31.10	31.54	7447494	234671888.00
20161215	31.48	31.83	31.23	31.40	6576612	207338704.00
20161216	31.38	31.57	31.20	31.36	4841502	151828208.00
20161219	31.43	31.58	31.26	31.55	4918060	154793568.00
20161220	31.36	31.56	31.06	31.29	5001179	156243744.00
20161221	31.29	31.40	31.22	31.35	8951237	280247808.00
20161222	31.35	31.64	31.21	31.49	4842465	152282304.00
20161223	31.54	31.73	31.41	31.51	4395125	138579200.00
20161226	31.51	31.77	31.00	31.20	7742986	242296048.00
20161227	31.25	31.39	31.00	31.31	5006691	156385136.00
20161228	31.20	31.36	31.07	31.09	3535006	110059936.00
20161229	31.01	31.05	30.27	30.62	8128400	248064192.00
20161230	30.60	31.68	30.60	31.38	13008300	407619904.00
20170103	31.35	31.50	30.69	31.40	9326575	289520768.00
20170104	31.29	31.76	31.17	31.58	9470709	297572096.00
20170105	31.62	31.65	31.31	31.35	4589094	144232352.00
20170106	31.44	31.44	30.95	31.04	5155580	160502352.00
20170109	31.04	31.32	30.97	31.09	6175217	191980352.00
20170110	31.09	31.16	30.89	30.90	4673636	144904016.00
20170111	30.83	30.97	30.60	30.65	3445230	105958440.00
20170112	30.66	30.66	29.54	29.75	12162785	365474624.00
20170113	29.83	29.90	29.54	29.87	5725852	170178304.00
20170116	29.85	30.10	29.50	29.98	9279803	277071232.00
20170117	29.98	30.08	29.80	30.06	4626187	138729536.00
20170118	30.06	30.25	29.90	30.15	4496294	135178848.00
20170119	30.18	30.18	29.96	30.04	2873435	86456328.00
20170120	29.93	30.33	29.90	30.26	2880388	87004360.00
20170123	30.25	30.44	30.15	30.39	2951463	89596392.00
20170124	30.39	30.46	30.27	30.31	2586553	78500336.00
20170125	30.34	30.48	30.23	30.43	2772545	84274856.00
20170126	30.45	30.47	30.23	30.41	4132500	125479544.00
20170203	30.41	30.50	30.31	30.36	3704941	112674176.00
20170206	30.34	30.42	30.26	30.35	2456596	74523072.00
20170207	30.31	30.47	30.15	30.19	2811060	85077320.00
20170208	30.20	30.26	30.09	30.22	5443150	164306656.00
20170209	30.22	30.35	30.18	30.33	4473010	135421280.00
20170210	30.36	30.46	30.26	30.45	5676899	172384496.00
20170213	30.36	30.75	30.35	30.69	8676303	265338528.00
20170214	30.71	30.72	30.48	30.68	6278218	192018016.00
20170215	30.66	30.66	30.30	30.35	5200186	158680144.00
20170216	30.35	30.42	30.21	30.39	4107084	124418280.00
20170217	30.38	30.49	30.15	30.27	4248111	128911960.00
20170220	30.20	30.75	30.11	30.73	7341400	223223584.00
20170221	30.78	30.95	30.65	30.76	6332592	194880544.00
20170222	30.76	31.00	30.65	30.97	6687908	206213280.00
20170223	31.00	31.10	30.59	30.92	9790717	302451488.00
20170224	30.92	30.96	30.65	30.78	4923600	151426496.00
20170227	30.73	30.75	30.50	30.56	4204000	128667568.00
20170228	30.58	30.75	30.39	30.54	4631179	141393040.00
20170301	30.54	30.67	30.48	30.59	4026772	123160944.00
20170302	30.62	30.69	30.46	30.56	3558159	108694584.00
20170303	30.57	30.63	30.33	30.57	2888725	88037696.00
20170306	30.58	30.76	30.47	30.70	3846740	117855656.00
20170307	30.70	30.83	30.58	30.83	5501100	168817632.00
20170308	30.85	31.07	30.76	31.02	5969850	184799424.00
20170309	31.01	31.01	30.56	30.70	3220110	98932104.00
20170310	30.71	31.48	30.68	31.15	8750236	272256832.00
20170313	31.15	31.73	30.97	31.62	9857902	310544160.00
20170314	31.62	31.79	31.30	31.49	5540660	174601968.00
20170315	31.43	31.59	31.30	31.55	4906104	154418960.00
20170316	31.56	31.72	31.38	31.52	4544264	143092400.00
20170317	31.46	31.50	30.92	31.03	7394407	230627552.00
20170320	31.00	31.65	30.95	31.62	7634400	239316432.00
20170321	31.60	32.68	31.50	32.36	15804200	509270624.00
20170322	32.25	33.43	32.02	33.05	18609061	614000064.00
20170323	33.00	33.17	32.40	32.81	11341901	372282368.00
20170324	32.70	33.00	32.60	32.69	7587400	248528592.00
20170327	32.80	32.88	32.18	32.45	7538567	244414480.00
20170328	32.00	32.15	31.55	31.78	10343204	328340576.00
20170329	31.78	31.90	31.59	31.66	5700928	181018720.00
20170330	31.50	31.64	30.96	31.32	8655291	270004064.00
20170331	31.25	31.75	31.12	31.61	5852881	184068800.00
20170405	31.89	32.13	31.56	31.66	11255539	358090848.00
20170406	31.66	31.80	31.34	31.79	6021523	189941744.00
20170407	31.70	31.80	31.56	31.59	5041567	159606944.00
20170410	31.51	31.52	30.96	31.10	7410159	230611744.00
20170411	31.10	31.26	30.69	31.02	9819600	303523520.00
20170412	30.97	31.37	30.72	31.23	5540800	172159888.00
20170413	31.20	31.41	31.10	31.32	3723892	116547664.00
20170414	31.13	31.29	31.01	31.12	3588611	111726368.00
20170417	31.00	31.48	30.85	31.48	5121873	160177968.00
20170418	31.50	31.97	31.40	31.78	9210781	292236224.00
20170419	31.59	32.20	31.17	31.96	10223578	325355136.00
20170420	31.85	33.19	31.83	32.68	18214075	594716352.00
20170421	32.60	32.66	32.06	32.54	8843436	286250144.00
20170424	32.36	32.36	31.00	32.10	7483400	236911776.00
20170425	31.83	32.10	31.40	31.49	6353900	201701536.00
20170426	31.40	32.32	31.40	31.71	9148800	292061728.00
20170427	31.45	31.46	30.68	31.25	12428900	385591072.00
20170428	31.19	31.25	30.80	31.03	6910686	214131568.00
20170502	31.07	31.09	30.73	30.99	4354485	134343872.00
20170503	30.99	31.15	30.73	30.94	4748496	146686208.00
20170504	30.85	31.08	30.73	31.00	4356700	134676992.00
20170505	30.84	31.10	30.08	31.07	8511900	261090320.00
20170508	30.78	31.18	30.57	31.17	7172200	221779584.00
20170509	31.00	31.08	30.68	30.81	3271200	100865792.00
20170510	30.83	30.98	30.66	30.81	4773600	147002928.00
20170511	30.68	30.98	30.28	30.92	6660700	204292672.00
20170512	30.93	31.12	30.76	30.96	4091867	126642776.00
20170515	30.87	31.53	30.86	31.51	7229740	226429136.00
20170516	31.53	31.64	31.21	31.59	8232574	259071456.00
20170517	31.59	31.62	31.08	31.13	5730216	179641232.00
20170518	30.95	31.33	30.80	31.32	4141300	128869328.00
20170519	31.39	31.87	31.21	31.69	6964966	220301440.00
20170522	31.69	32.23	31.35	31.94	6890996	219356672.00
20170523	31.85	32.57	31.45	32.45	10658900	342998304.00
20170524	32.20	32.30	31.50	32.07	10112100	321704128.00
20170525	31.85	32.28	31.76	32.16	6774300	216987392.00
20170526	32.15	32.24	31.82	32.04	4996500	159811424.00
20170531	32.10	32.36	31.76	32.29	7068435	226535136.00
20170601	32.20	32.72	31.96	32.58	9889033	320477664.00
20170602	32.45	32.65	32.20	32.40	5055660	164041024.00
20170605	32.40	32.41	31.68	31.72	6498643	207296352.00
20170606	31.74	32.15	31.74	32.10	4152584	132867920.00
20170607	32.14	32.27	31.94	32.24	6289922	202147952.00
20170608	32.24	33.26	32.08	33.17	13223176	433416256.00
20170609	33.00	33.83	32.88	33.12	13099694	437769312.00
20170612	33.10	34.16	32.93	33.87	15661500	528856416.00
20170613	33.62	33.89	33.56	33.73	6421882	216529904.00
20170614	33.25	33.43	32.80	32.94	9574382	316166112.00
20170615	32.82	33.18	32.70	33.16	6773242	223352512.00
20170616	33.16	33.16	32.70	32.76	5120294	168265232.00
20170619	32.80	32.98	32.70	32.88	5721682	188049616.00
20170620	32.83	33.08	32.64	32.74	6226312	204675248.00
20170621	32.97	34.49	32.75	34.45	15184437	510760736.00
20170622	34.25	34.87	33.57	33.78	15167556	520628672.00
20170623	33.68	35.20	33.68	35.15	14855101	512245632.00
20170626	35.00	36.10	34.81	35.19	17840900	634089728.00
20170627	35.21	35.70	34.93	35.45	9518952	335596480.00
20170628	35.26	35.26	34.65	34.80	8057547	281092864.00
20170629	34.76	35.10	34.55	34.80	7447360	259162144.00
20170630	34.76	35.13	34.54	34.96	9930266	346256736.00
20170703	34.89	35.00	34.31	34.53	8166508	282778944.00
20170704	34.45	34.45	33.98	34.15	8267434	282166752.00
20170705	34.14	34.66	34.05	34.64	8925865	307068960.00
20170706	34.65	34.67	33.74	34.19	8816761	301356416.00
20170707	34.00	34.00	33.58	33.84	6554939	221418896.00
20170710	33.88	33.89	33.11	33.43	7659827	255837264.00
20170711	33.45	33.96	33.36	33.66	7640184	257058480.00
数据来源:通达信
