600090 同济堂 日线 前复权
      日期	    开盘	    最高	    最低	    收盘	    成交量	    成交额
20111010	10.04	10.19	9.97	10.07	1805802	18149384.00
20111011	10.32	10.43	9.77	9.94	3083859	31253832.00
20111012	9.85	10.41	9.80	10.32	4655002	47495392.00
20111013	10.32	10.73	10.26	10.68	7320512	76850056.00
20111014	10.58	10.79	10.55	10.71	4496204	47932248.00
20111017	10.70	11.05	10.64	10.98	6367663	69049192.00
20111018	10.98	10.98	10.71	10.96	5625681	60945772.00
20111019	10.89	11.23	10.58	10.72	12626569	137424192.00
20111020	10.53	10.73	10.07	10.25	12385969	126881496.00
20111021	10.12	10.23	9.77	9.78	5810420	57578344.00
20111024	9.78	9.85	9.05	9.73	5165722	49113456.00
20111025	9.72	9.97	9.61	9.94	4808490	47249048.00
20111026	9.80	10.11	9.72	9.91	5287419	52686600.00
20111027	9.93	10.09	9.88	9.91	3472276	34624924.00
20111028	10.03	10.18	9.94	10.15	5226180	52565504.00
20111031	10.17	10.22	10.05	10.20	4501661	45684492.00
20111101	10.10	10.18	10.04	10.12	3851441	38913148.00
20111102	9.97	10.25	9.65	10.24	9858206	97873160.00
20111103	10.20	10.75	10.18	10.46	13069012	136985040.00
20111104	10.41	10.95	10.41	10.71	11871592	127727808.00
20111107	10.68	10.91	10.55	10.62	6579291	70165552.00
20111108	10.65	10.92	10.57	10.72	8874832	95412056.00
20111109	10.73	11.04	10.71	10.92	8945650	97192256.00
20111110	10.76	10.90	10.48	10.49	6694186	71191448.00
20111111	10.52	10.58	10.38	10.49	4314326	45124496.00
20111114	10.56	10.72	10.50	10.71	6829765	72569672.00
20111115	10.68	10.70	10.52	10.62	5611977	59588488.00
20111116	10.59	10.62	10.37	10.48	6852683	71589008.00
20111117	10.69	11.10	10.67	10.87	20484348	223382576.00
20111118	10.60	10.60	9.91	10.10	11382266	116883448.00
20111121	10.00	10.11	9.80	10.00	3832530	37987468.00
20111122	9.85	9.97	9.78	9.90	2902606	28677364.00
20111123	9.96	10.06	9.89	9.97	3235565	32324172.00
20111124	9.88	10.39	9.72	10.29	9264021	94618032.00
20111125	10.20	10.33	9.98	10.00	5354653	54348580.00
20111128	10.10	10.19	9.78	9.84	4293096	42405172.00
20111129	9.98	10.04	9.84	10.03	3964424	39449968.00
20111130	10.00	10.00	9.13	9.43	6414968	61448264.00
20111201	9.75	9.79	9.52	9.54	4790556	46362112.00
20111202	9.54	9.58	9.10	9.20	3624768	33624524.00
20111205	9.18	9.19	8.86	8.88	3599588	32412088.00
20111206	8.90	8.99	8.82	8.96	1710364	15257120.00
20111207	8.96	9.04	8.91	8.99	1525545	13711163.00
20111208	9.00	9.07	8.77	8.93	2192026	19578552.00
20111209	8.90	8.95	8.74	8.75	1910751	16845216.00
20111212	8.70	8.82	8.67	8.69	1434569	12521995.00
20111213	8.65	8.70	8.14	8.15	3223425	26722326.00
20111214	8.28	8.28	7.90	7.91	2123277	17169820.00
20111215	7.80	7.80	7.40	7.45	3367084	25449348.00
20111216	7.56	7.71	7.46	7.70	2334543	17666700.00
20111219	7.72	7.78	7.48	7.75	2504199	19106434.00
20111220	7.70	8.00	7.65	7.84	3439742	27112924.00
20111221	7.89	7.98	7.52	7.56	3038292	23790816.00
20111222	7.45	7.50	7.00	7.29	3270527	23714134.00
20111223	7.27	7.55	7.22	7.41	2557702	19003680.00
20111226	7.36	7.55	7.32	7.40	1846262	13794801.00
20111227	7.40	7.40	7.08	7.10	2028468	14688942.00
20111228	7.07	7.11	6.91	7.10	2229988	15638314.00
20111229	7.10	7.29	7.02	7.19	2064783	14830830.00
20111230	7.23	7.33	7.20	7.29	1882883	13708314.00
20120104	7.40	7.47	7.09	7.10	2307236	16800488.00
20120105	7.06	7.15	6.92	6.93	1639844	11512192.00
20120106	6.82	6.97	6.68	6.92	2246231	15259454.00
20120109	6.92	7.30	6.81	7.29	2967858	21166488.00
20120110	7.35	7.93	7.27	7.73	7804844	59814364.00
20120111	7.60	7.90	7.48	7.75	6560417	50474020.00
20120112	7.65	8.21	7.58	7.92	8254382	64994268.00
20120113	7.83	8.02	7.56	7.63	6348597	49413308.00
20120116	7.55	7.56	7.27	7.29	3824625	28381640.00
20120117	7.28	7.88	7.23	7.85	5559394	42320984.00
20120118	7.89	8.09	7.71	7.76	5580222	44061360.00
20120119	7.78	8.08	7.60	7.94	5059645	39869144.00
20120120	7.99	8.00	7.78	7.89	3678304	28991024.00
20120130	7.95	8.15	7.78	7.88	4715608	37658360.00
20120131	7.81	7.95	7.75	7.87	2870518	22477844.00
20120201	7.80	7.97	7.71	7.77	3077500	24077594.00
20120202	7.80	7.96	7.77	7.96	3984406	31429932.00
20120203	7.93	8.18	7.89	8.12	6845871	55467416.00
20120206	8.20	8.23	8.00	8.09	4812403	38953252.00
20120207	7.96	8.02	7.80	7.85	3913991	30919968.00
20120208	7.86	8.64	7.82	8.64	13478324	112919696.00
20120209	8.66	8.93	8.61	8.82	20014610	175027792.00
20120210	8.77	8.85	8.63	8.78	9339393	81535800.00
20120213	8.69	8.99	8.63	8.87	10007975	88473160.00
20120214	8.83	8.90	8.67	8.74	6710536	58771836.00
20120215	8.65	8.92	8.63	8.88	8846183	77938488.00
20120216	8.85	9.03	8.72	9.02	8755802	77541768.00
20120217	9.01	9.04	8.76	8.87	5989851	53215776.00
20120220	8.93	8.98	8.81	8.82	5931762	52658876.00
20120221	8.82	8.92	8.71	8.90	6146391	54266344.00
20120222	8.89	9.06	8.82	9.05	9230796	82714592.00
20120223	9.00	9.24	8.96	9.19	12410030	113430592.00
20120224	9.15	9.21	9.06	9.19	7306974	66782336.00
20120227	9.21	9.34	9.00	9.10	9378283	86252448.00
20120228	9.07	9.07	8.76	8.92	8272549	73617744.00
20120229	8.88	9.06	8.79	8.91	6521177	58261172.00
20120301	8.80	8.98	8.78	8.91	4270934	38006672.00
20120302	8.95	9.49	8.95	9.21	12591277	116587384.00
20120305	9.17	9.66	9.12	9.44	15779867	147981248.00
20120306	9.40	9.59	9.20	9.31	9719522	91094944.00
20120307	9.23	9.66	9.10	9.46	12294766	116302808.00
20120308	9.55	9.60	9.38	9.51	7773130	73634648.00
20120309	9.55	9.67	9.38	9.59	10116193	96551776.00
20120312	9.66	9.69	9.40	9.50	7753830	73764896.00
20120313	9.50	9.55	9.41	9.53	6683335	63360356.00
20120314	9.55	9.72	8.85	8.94	13460319	125784360.00
20120315	8.98	9.11	8.56	8.77	7202884	63601240.00
20120316	8.77	9.65	8.77	9.65	24366177	230186576.00
20120319	9.67	9.68	9.38	9.58	15291666	145942096.00
20120320	9.60	9.94	9.20	9.81	22445863	215243984.00
20120321	9.70	10.35	9.62	10.10	24123904	242432064.00
20120322	10.12	10.14	9.85	9.92	11235410	112034544.00
20120323	9.80	10.10	9.66	9.68	14719609	146066960.00
20120326	9.60	9.78	9.28	9.40	9611592	91345000.00
20120328	9.23	9.30	8.80	8.85	9680979	86630168.00
20120329	8.80	9.02	8.58	8.84	7912914	69624336.00
20120330	8.82	8.87	8.38	8.45	7396587	63646616.00
20120405	8.48	9.04	8.42	8.90	6206206	54334496.00
20120406	8.90	9.16	8.80	9.00	6986942	62950664.00
20120409	8.78	8.82	8.50	8.64	7290435	63347008.00
20120410	8.60	8.65	8.31	8.64	7004096	59300656.00
20120411	8.55	8.70	8.46	8.65	4619386	39673188.00
20120412	8.60	8.95	8.60	8.87	6951783	61091072.00
20120413	8.89	9.20	8.81	9.07	9988388	90201408.00
20120416	9.00	9.68	8.90	9.29	14230035	133083000.00
20120417	9.19	9.28	9.02	9.04	7603708	69395504.00
20120418	9.10	9.35	9.08	9.31	8399279	77684320.00
20120419	9.32	9.71	9.15	9.52	15243861	144203088.00
20120420	9.41	9.59	9.35	9.44	9487281	89609616.00
20120423	9.39	9.43	9.11	9.15	7304972	67576672.00
20120424	9.10	9.27	8.70	9.02	7745887	69421552.00
20120425	8.99	9.12	8.90	9.08	5230351	47296616.00
20120426	9.09	9.13	8.87	8.96	5262315	47358172.00
20120427	8.90	9.33	8.86	9.14	9116889	83497408.00
20120502	9.26	9.31	9.09	9.27	9137713	84135936.00
20120503	9.27	9.56	9.20	9.40	11655215	109902376.00
20120504	9.38	9.44	9.25	9.42	6479519	60609676.00
20120507	9.36	9.76	9.31	9.61	12246958	116957056.00
20120508	9.58	9.61	9.36	9.46	7575737	71647288.00
20120509	9.35	9.41	9.14	9.15	7673279	71040560.00
20120510	9.10	9.28	9.10	9.18	4687060	43096428.00
20120511	9.18	9.40	9.11	9.30	6502784	60423492.00
20120514	9.36	9.65	9.28	9.41	10993684	104125688.00
20120515	9.26	9.42	9.18	9.40	6422038	59771768.00
20120516	9.39	9.68	9.37	9.57	14462637	138393728.00
20120517	9.58	9.80	9.39	9.78	15964882	153832528.00
20120518	9.62	9.74	9.28	9.40	11077940	105269920.00
20120521	9.36	10.34	9.20	9.81	34404875	345424512.00
20120522	9.60	10.79	9.46	10.79	57226457	593970944.00
20120523	10.60	10.97	10.47	10.70	47440152	505372512.00
20120524	10.65	10.65	10.30	10.37	26156527	273356768.00
20120525	10.34	10.58	10.15	10.48	21730321	225502896.00
20120528	10.33	10.55	10.05	10.50	18240838	188834464.00
20120530	10.57	10.79	10.28	10.33	20252612	212428352.00
20120531	10.22	10.43	10.11	10.28	11122525	114310464.00
20120601	10.28	10.46	10.16	10.19	12166084	125174440.00
20120604	10.00	10.70	9.90	10.39	20158280	208613104.00
20120605	10.36	10.46	9.97	10.15	11643365	118777736.00
20120606	10.19	10.45	10.00	10.29	14359075	147642080.00
20120607	10.39	10.45	10.11	10.22	10776877	110767872.00
20120608	10.30	10.32	9.61	9.70	12301304	123197752.00
20120611	9.62	9.75	9.23	9.52	14372370	135628688.00
20120612	9.43	9.49	9.28	9.29	6953934	65112264.00
20120613	9.37	9.50	9.30	9.46	6577477	61999456.00
20120614	9.45	9.70	9.40	9.55	9270243	88843872.00
20120615	9.50	9.62	9.29	9.39	6510009	61433044.00
20120618	9.42	9.64	9.42	9.62	6456363	61796616.00
20120619	9.68	9.69	9.48	9.51	4654767	44423924.00
20120620	9.50	9.55	9.17	9.21	7909719	73569368.00
20120621	9.22	9.24	8.96	9.06	5137620	46459788.00
20120625	9.04	9.04	8.70	8.73	4074245	36103384.00
20120626	8.67	8.84	8.43	8.83	5258775	45444180.00
20120627	8.79	8.90	8.61	8.62	3779138	33122886.00
20120628	8.65	8.74	8.46	8.47	3480094	29831024.00
20120629	8.45	8.90	8.44	8.75	5406831	47191956.00
20120702	8.79	9.14	8.68	9.02	7564955	67732464.00
20120703	9.00	9.00	8.81	8.92	5193566	46287264.00
20120704	8.91	9.04	8.85	8.93	3484551	31163064.00
20120705	8.91	8.91	8.55	8.56	4270220	36895836.00
20120706	8.62	8.84	8.57	8.80	5049129	44032592.00
20120709	8.72	8.94	8.58	8.61	4488436	39314576.00
20120710	8.58	8.66	8.40	8.42	3180319	26999558.00
20120711	8.43	8.48	8.12	8.28	4622359	38177892.00
20120712	8.28	8.45	8.16	8.41	4011363	33527792.00
20120713	9.11	9.13	8.52	8.58	5942740	51647516.00
20120716	8.53	8.60	8.17	8.20	4235896	35342868.00
20120717	8.17	8.25	7.97	8.22	2909606	23633848.00
20120718	8.20	8.23	8.03	8.22	2688362	21824072.00
20120719	8.22	8.41	8.11	8.31	3770812	31313482.00
20120720	8.31	8.50	8.25	8.41	3928454	32937640.00
20120723	8.35	8.39	8.16	8.19	2649128	21825568.00
20120724	8.11	8.30	8.10	8.26	1909174	15695144.00
20120725	8.23	8.28	8.12	8.13	2130326	17440008.00
20120726	8.12	8.25	8.02	8.09	2381307	19392052.00
20120727	8.12	8.17	7.97	8.01	2044969	16462910.00
20120730	8.01	8.07	7.37	7.39	4579972	35002552.00
20120731	7.38	7.39	7.06	7.13	3571037	25651104.00
20120801	7.16	7.32	7.11	7.23	2045718	14798389.00
20120802	7.23	7.27	7.12	7.15	1652207	11846864.00
20120803	7.18	7.30	7.16	7.30	2068463	14990913.00
20120806	7.31	7.55	7.27	7.53	3401570	25294132.00
20120807	7.56	7.71	7.50	7.67	3225323	24604690.00
20120808	7.68	7.74	7.56	7.63	3126469	23936790.00
20120809	7.60	7.79	7.57	7.76	3796397	29273716.00
20120810	7.76	8.12	7.76	7.88	5757092	45731864.00
20120813	7.80	7.80	7.46	7.47	4290809	32707370.00
20120814	7.45	7.53	7.23	7.50	2744201	20298306.00
20120815	7.51	7.63	7.40	7.46	2170891	16327167.00
20120816	7.41	7.57	7.37	7.39	1727493	12895078.00
20120817	7.42	7.56	7.33	7.45	2071862	15348938.00
20120820	7.41	7.45	7.30	7.40	1529706	11265562.00
20120821	7.44	7.55	7.37	7.51	2843294	21332164.00
20120822	7.52	7.66	7.47	7.53	2391949	18077648.00
20120823	7.52	7.67	7.52	7.63	2858812	21756452.00
20120824	7.68	7.68	7.37	7.39	3123837	23393224.00
20120827	7.38	7.38	7.11	7.16	2364350	16959020.00
20120828	7.15	7.30	7.14	7.27	1537149	11097494.00
20120829	7.22	7.29	7.10	7.11	1951163	14011001.00
20120830	7.09	7.28	6.86	7.26	3034212	21481734.00
20120831	7.13	7.27	7.10	7.17	2208088	15873576.00
20120903	7.20	7.35	7.18	7.32	3287761	23955080.00
20120904	7.34	7.42	7.17	7.22	3224021	23564770.00
20120905	7.18	7.30	7.15	7.21	1934123	13981002.00
20120906	7.27	7.34	7.20	7.34	2490025	18124128.00
20120907	7.39	7.74	7.35	7.59	7166492	54233116.00
20120910	7.61	7.73	7.51	7.66	5076517	38709216.00
20120911	7.63	7.85	7.54	7.73	5844195	44847600.00
20120912	7.74	7.84	7.69	7.79	5242643	40679052.00
20120913	7.79	7.79	7.50	7.54	4461918	34152324.00
20120914	7.65	8.06	7.53	7.92	11525878	89982952.00
20120917	7.89	8.25	7.85	8.04	16394733	132915768.00
20120918	7.94	7.97	7.70	7.80	6938891	54490288.00
20120919	7.80	8.16	7.64	8.10	8438465	66848320.00
20120920	8.01	8.44	7.88	7.89	12568778	102355496.00
20120921	7.80	8.13	7.58	7.71	8625213	67604896.00
20120924	7.60	7.88	7.57	7.83	5243384	40758704.00
20120925	7.80	7.81	7.62	7.66	3825773	29504512.00
20120926	7.60	7.70	7.22	7.27	5381941	39879736.00
20120927	7.25	7.53	7.17	7.42	4286925	31499508.00
20120928	7.38	7.59	7.30	7.54	3562706	26683230.00
20121008	7.50	7.65	7.34	7.41	3096599	23074036.00
20121009	7.41	7.65	7.40	7.63	4504505	34041436.00
20121010	7.63	7.82	7.55	7.79	5758830	44364084.00
20121011	7.73	8.08	7.73	7.90	10511375	83012864.00
20121012	7.90	7.97	7.73	7.85	7196975	56523448.00
20121015	7.87	7.98	7.83	7.87	6596367	52147512.00
20121016	7.89	7.94	7.65	7.75	5843046	45462276.00
20121017	7.80	7.81	7.65	7.71	3528148	27199948.00
20121018	7.71	7.85	7.70	7.80	5061624	39421008.00
20121019	7.77	7.83	7.68	7.70	3653266	28285576.00
20121022	7.63	7.72	7.51	7.67	3583500	27240664.00
20121023	7.64	7.71	7.50	7.53	3404677	25899976.00
20121024	7.45	7.64	7.42	7.54	2499916	18827912.00
20121025	7.57	7.64	7.43	7.44	2374479	17852068.00
20121026	7.44	7.50	7.20	7.27	3189221	23305644.00
20121029	7.26	7.30	7.20	7.27	1256254	9118762.00
20121030	7.25	7.34	7.20	7.27	1668353	12120162.00
20121031	7.28	7.40	7.27	7.32	1813526	13292917.00
20121101	7.35	7.50	7.33	7.49	2723515	20221012.00
20121102	7.48	7.52	7.40	7.48	2105332	15726226.00
20121105	7.46	7.76	7.45	7.61	5396697	41091504.00
20121106	7.56	7.57	7.33	7.43	3375506	25068418.00
20121107	7.43	7.45	7.30	7.39	1935228	14270227.00
20121108	7.32	7.32	7.11	7.13	3158858	22831892.00
20121109	7.13	7.20	7.09	7.13	1578568	11265982.00
20121112	7.16	7.19	7.08	7.17	1490891	10654739.00
20121113	7.16	7.22	7.00	7.02	2109149	14965738.00
20121114	7.02	7.07	6.97	7.07	1328482	9320002.00
20121115	7.03	7.03	6.88	6.90	1347819	9362070.00
20121116	6.91	6.92	6.73	6.80	1572768	10708460.00
20121119	6.82	6.85	6.73	6.83	1039346	7062949.00
20121120	6.86	6.97	6.82	6.88	1231190	8485644.00
20121121	6.86	6.95	6.72	6.93	1318617	9044305.00
20121122	6.88	6.93	6.82	6.83	1147121	7885346.00
20121123	6.78	7.03	6.78	6.91	2158303	14992284.00
20121126	6.85	6.90	6.69	6.75	1579417	10695502.00
20121127	6.69	6.77	6.43	6.45	1859409	12233319.00
20121128	6.40	6.42	6.10	6.12	2516080	15613480.00
20121129	6.12	6.23	5.97	5.98	1530755	9363273.00
20121130	5.99	6.08	5.95	6.04	1243643	7509874.00
20121203	6.04	6.07	5.75	5.76	1529950	9057812.00
20121204	5.72	5.95	5.68	5.92	2431222	14153714.00
20121205	5.90	6.20	5.85	6.16	2803773	17091532.00
20121206	6.16	6.19	6.09	6.15	1463825	8977812.00
20121207	6.13	6.30	6.10	6.28	2656114	16566150.00
20121210	6.31	6.43	6.23	6.39	3089916	19582794.00
20121211	6.36	6.53	6.30	6.41	3930173	25298568.00
20121212	6.38	6.54	6.38	6.49	2918219	18858558.00
20121213	6.47	6.75	6.38	6.49	6364998	41965776.00
20121214	6.43	6.71	6.40	6.68	6282546	41571760.00
20121217	6.68	6.85	6.66	6.76	4924139	33206484.00
20121218	6.72	6.82	6.63	6.65	4200201	28232492.00
20121219	6.65	6.76	6.56	6.68	2847169	18984484.00
20121220	6.66	6.73	6.52	6.70	7045900	46405936.00
20121221	6.64	6.86	6.63	6.79	8693183	58827212.00
20121224	6.75	6.99	6.71	6.97	10612246	72805144.00
20121225	6.92	7.01	6.82	6.98	12548933	86773008.00
20121226	6.93	6.96	6.86	6.95	6447472	44558600.00
20121227	6.95	6.97	6.84	6.84	5328731	36787384.00
20121228	6.83	6.93	6.81	6.90	3531110	24285512.00
20121231	6.90	6.98	6.87	6.91	3824857	26486732.00
20130104	6.93	7.03	6.77	6.94	6420906	44504848.00
20130107	6.94	7.18	6.86	7.05	6785020	47602020.00
20130108	7.06	7.29	7.05	7.18	9253644	66394900.00
20130109	7.20	7.24	7.04	7.17	5727350	40989388.00
20130110	7.16	7.20	7.06	7.12	4613541	32841960.00
20130111	7.11	7.15	6.87	6.90	5360162	37664776.00
20130114	6.90	7.06	6.76	7.05	5005083	34908344.00
20130115	7.04	7.22	7.01	7.18	7714804	55053280.00
20130116	7.16	7.28	7.08	7.26	8667910	62365552.00
20130117	7.24	7.34	7.10	7.15	5087477	36588076.00
20130118	7.17	7.24	7.08	7.18	4518669	32359652.00
20130121	7.21	7.28	7.12	7.28	5855375	42148236.00
20130122	7.28	7.28	7.08	7.11	5230172	37512884.00
20130123	7.10	7.12	6.90	7.06	4793488	33595400.00
20130124	7.05	7.12	6.82	6.83	5479941	38287240.00
20130125	6.82	6.93	6.81	6.85	2010037	13777335.00
20130128	6.90	6.98	6.85	6.96	2993192	20700964.00
20130129	6.91	6.93	6.84	6.89	6665845	45795840.00
20130130	6.88	6.89	6.78	6.84	4732583	32280072.00
20130131	6.83	6.93	6.78	6.93	5294815	36293136.00
20130201	6.86	7.04	6.85	7.02	5416204	37566352.00
20130204	7.01	7.22	6.91	7.13	10054474	71253864.00
20130205	7.08	7.15	6.94	7.06	6569488	46211704.00
20130206	7.07	7.09	7.00	7.04	3743037	26399012.00
20130207	7.04	7.13	6.99	7.10	4304464	30483840.00
20130208	7.04	7.14	7.04	7.11	3398696	24169888.00
20130218	7.11	7.23	7.08	7.18	6497138	46520064.00
20130219	7.19	7.42	7.15	7.32	14650750	107119664.00
20130220	7.28	7.37	7.21	7.34	6416862	46807572.00
20130221	7.27	7.43	7.18	7.22	7487434	54576492.00
20130222	7.20	7.29	7.09	7.12	5392633	38803344.00
20130225	7.07	7.18	6.99	7.06	4885634	34463920.00
20130226	7.04	7.08	6.91	6.92	3966153	27766598.00
20130227	6.93	7.01	6.89	6.95	2636748	18302340.00
20130228	6.97	7.04	6.90	7.04	3040697	21231866.00
20130301	7.04	7.08	6.99	7.08	3856335	27137420.00
20130304	7.05	7.05	6.75	6.80	4381716	30246444.00
20130305	7.18	7.48	7.14	7.27	15684882	113819288.00
20130306	7.12	7.38	7.10	7.36	11873679	86472544.00
20130307	7.33	7.56	7.23	7.46	16581621	123491352.00
20130308	7.46	7.47	7.30	7.32	6461911	47517532.00
20130311	7.33	7.47	7.21	7.27	4766704	35019344.00
20130312	7.27	7.35	7.02	7.14	4877401	34949168.00
20130313	7.10	7.14	7.01	7.11	3366364	23808124.00
20130314	7.10	7.16	7.06	7.09	2648769	18824628.00
20130315	7.12	7.13	6.92	7.04	3542501	24971734.00
20130318	7.00	7.00	6.80	6.81	4409356	30323040.00
20130319	6.85	6.89	6.65	6.76	3373470	22775348.00
20130320	6.73	6.93	6.73	6.92	2844884	19523484.00
20130321	6.92	7.03	6.90	6.98	3313682	23095636.00
20130322	7.00	7.00	6.89	6.95	2798411	19415434.00
20130325	6.95	7.13	6.95	7.11	4903336	34606424.00
20130326	7.05	7.09	6.93	7.02	2917450	20377904.00
20130327	7.04	7.17	6.97	7.12	5338477	37830512.00
20130328	7.11	7.11	6.87	6.87	4031634	27870746.00
20130329	6.88	6.95	6.81	6.85	1802630	12375826.00
20130401	6.85	6.90	6.75	6.77	1937731	13252035.00
20130402	6.76	6.87	6.69	6.70	2786579	18773200.00
20130403	6.70	6.75	6.60	6.68	1983858	13215447.00
20130408	6.60	6.72	6.50	6.71	2213062	14579214.00
20130409	6.71	6.80	6.68	6.73	1665261	11237666.00
20130410	6.71	6.85	6.69	6.77	2183233	14793308.00
20130411	6.79	6.85	6.61	6.65	1973472	13303547.00
20130412	6.65	6.70	6.59	6.63	1241081	8244941.00
20130415	6.61	6.63	6.50	6.52	1539105	10057830.00
20130416	6.43	6.56	6.35	6.53	1772821	11423941.00
20130417	6.52	6.53	6.40	6.47	1662595	10763916.00
20130418	6.43	6.50	6.38	6.43	1362958	8781999.00
20130419	6.43	6.63	6.43	6.59	2562266	16784672.00
20130422	6.50	6.62	6.48	6.62	2406970	15790298.00
20130423	6.63	6.66	6.39	6.42	2438762	15762620.00
20130424	6.46	6.53	6.40	6.46	2052694	13238215.00
20130425	6.45	6.45	6.25	6.27	3180207	20157220.00
20130426	6.31	6.31	6.18	6.20	1564977	9759685.00
20130502	6.30	6.56	6.30	6.49	4266874	27596026.00
20130503	6.50	6.63	6.44	6.61	3813775	25001008.00
20130506	6.61	6.65	6.56	6.64	3353594	22175756.00
20130507	6.62	6.72	6.58	6.68	3179474	21152592.00
20130508	6.68	6.72	6.64	6.67	3270074	21816872.00
20130509	6.69	6.69	6.57	6.66	2791492	18494118.00
20130510	6.66	6.81	6.61	6.77	3778991	25359358.00
20130513	6.80	6.85	6.70	6.74	3272097	22080180.00
20130514	6.74	6.74	6.58	6.66	2634575	17492052.00
20130515	6.62	6.71	6.60	6.70	2099432	14014563.00
20130516	6.71	6.79	6.64	6.78	3834361	25779678.00
20130517	6.79	6.92	6.74	6.91	5645137	38726408.00
20130520	6.95	7.27	6.91	7.14	11405457	81608504.00
20130521	7.10	7.33	7.07	7.26	9138147	66176168.00
20130522	7.26	7.29	7.11	7.18	5921812	42649164.00
20130523	7.17	7.26	7.05	7.07	5323372	38169072.00
20130524	7.05	7.14	7.04	7.11	5287189	37461288.00
20130527	7.09	7.18	7.06	7.16	4239775	30232834.00
20130528	7.11	7.25	7.08	7.23	5854796	41982804.00
20130529	7.24	7.38	7.19	7.30	7928450	57863376.00
20130530	7.25	7.33	7.19	7.25	4473852	32379552.00
20130531	7.25	7.33	7.20	7.22	4737555	34348692.00
20130603	7.22	7.26	7.07	7.11	4233858	30264730.00
20130604	7.11	7.11	6.90	6.99	4519707	31601310.00
20130605	6.99	7.10	6.94	7.05	2900581	20372272.00
20130606	7.04	7.24	6.95	7.13	6841982	48909476.00
20130607	7.18	7.18	6.87	6.90	4663110	32677952.00
20130613	6.85	6.85	6.45	6.59	3237154	21391408.00
20130614	6.63	6.67	6.56	6.64	2274712	15061479.00
20130617	6.64	6.79	6.60	6.76	2789879	18703502.00
20130618	6.68	6.78	6.68	6.75	1936316	13021638.00
20130619	6.71	6.74	6.48	6.71	3111281	20538696.00
20130620	6.67	6.77	6.56	6.57	2420459	16108758.00
20130621	6.40	6.54	6.19	6.46	2530899	16088039.00
20130624	6.41	6.42	5.91	6.00	3362897	20688684.00
20130625	6.00	6.06	5.40	5.90	3702500	21377980.00
20130626	5.91	5.96	5.78	5.96	2586324	15249555.00
20130627	5.98	6.05	5.84	5.85	2845107	16934476.00
20130628	5.85	5.95	5.70	5.84	1961646	11440907.00
20130701	5.80	5.92	5.74	5.87	1836902	10715046.00
20130702	5.89	6.04	5.84	6.01	2982592	17761784.00
20130703	5.99	6.02	5.78	5.92	2924190	17281044.00
20130704	5.90	6.04	5.78	5.97	4231359	25078492.00
20130705	5.98	6.04	5.93	5.98	3475254	20788368.00
20130708	5.99	6.58	5.83	6.46	18059443	115290776.00
20130709	6.34	6.60	6.24	6.48	12033638	76932216.00
20130710	6.40	6.57	6.30	6.56	8360060	54065600.00
20130711	6.56	6.74	6.46	6.65	11177563	74180080.00
20130712	6.68	6.98	6.61	6.62	10789769	73372008.00
20130715	6.57	6.70	6.46	6.62	7017675	46232792.00
20130716	6.60	6.68	6.51	6.64	5395438	35576816.00
20130717	6.60	6.63	6.36	6.37	6182977	40142312.00
20130718	6.35	6.46	6.29	6.33	3451721	21961648.00
20130719	6.33	6.38	6.08	6.10	4822782	30131924.00
20130722	6.00	6.16	5.99	6.15	2998852	18282770.00
20130723	6.16	6.37	6.16	6.35	4008033	25159468.00
20130724	6.31	6.40	6.25	6.34	3628868	22958950.00
20130725	6.32	6.60	6.20	6.50	7806986	50157756.00
20130726	6.40	6.47	6.25	6.31	4849345	30756350.00
20130729	6.20	6.28	6.10	6.12	3255079	20035800.00
20130730	6.10	6.22	6.06	6.16	2300370	14148727.00
20130731	6.17	6.24	6.12	6.13	2718756	16789188.00
20130801	6.13	6.44	6.12	6.34	5662418	35788256.00
20130802	6.34	6.47	6.31	6.36	4566530	29180490.00
20130805	6.34	6.44	6.31	6.43	3586220	22916104.00
20130806	6.40	6.52	6.36	6.50	5206307	33588728.00
20130807	6.47	6.52	6.37	6.40	4683550	30159446.00
20130808	6.40	6.57	6.39	6.49	4384402	28477424.00
20130809	6.48	6.55	6.38	6.51	4654265	30159804.00
20130812	6.52	6.71	6.52	6.66	7072378	46760360.00
20130813	6.66	6.66	6.58	6.66	4332427	28689768.00
20130814	6.66	6.68	6.51	6.54	4333031	28634240.00
20130815	6.54	6.62	6.41	6.42	3845885	25092740.00
20130816	6.31	6.54	6.31	6.32	4279104	27403432.00
20130819	6.25	6.43	6.25	6.41	2084792	13270045.00
20130820	6.41	6.53	6.37	6.44	3065609	19771800.00
20130821	6.46	6.64	6.42	6.63	6291997	41409868.00
20130822	6.66	6.68	6.57	6.62	4207042	27869764.00
20130823	6.65	6.65	6.43	6.52	4048403	26456410.00
20130826	6.55	6.72	6.55	6.71	5711046	38090628.00
20130827	7.01	7.29	6.92	7.01	22739787	160737920.00
20130828	7.06	7.71	7.06	7.70	38489686	287276736.00
20130829	7.48	7.65	7.41	7.53	18847521	141767568.00
20130830	7.47	7.80	7.32	7.58	18219919	137780992.00
20130902	7.56	7.75	7.26	7.44	10899214	81200024.00
20130903	7.42	7.65	7.32	7.58	11586087	87478376.00
20130904	7.59	8.13	7.40	8.02	20521858	159009296.00
20130905	7.86	7.92	7.72	7.76	14971413	116827616.00
20130906	7.67	7.73	7.56	7.67	9739327	74412008.00
20130909	7.65	7.72	7.58	7.67	8957997	68602896.00
20130910	7.69	7.70	7.48	7.56	10991890	83106152.00
20130911	7.57	7.63	7.39	7.40	9283881	69271800.00
20130912	7.41	7.51	7.35	7.44	6665249	49454396.00
20130913	7.47	7.59	7.41	7.56	7638797	57369160.00
20130916	7.58	7.60	7.42	7.45	4844037	36272808.00
20130917	7.42	7.68	7.42	7.51	9023453	68499912.00
20130918	7.51	7.53	7.32	7.47	5332945	39507636.00
20130923	7.47	7.61	7.44	7.60	6482841	48958428.00
20130924	7.61	7.64	7.42	7.47	5433043	40699992.00
20130925	7.48	7.63	7.47	7.58	6924966	52427924.00
20130926	7.55	7.60	7.34	7.35	4516600	33568640.00
20130927	7.35	7.36	7.06	7.09	5831274	41789872.00
20130930	7.13	7.17	7.04	7.16	3063728	21793784.00
20131008	7.16	7.27	7.09	7.25	3525047	25377352.00
20131009	7.23	7.29	7.18	7.29	3708001	26818280.00
20131010	7.29	7.38	7.21	7.30	3956550	28859926.00
20131011	7.31	7.45	7.31	7.42	4776958	35330272.00
20131014	7.39	7.86	7.39	7.67	11795783	90841888.00
20131015	7.62	7.68	7.43	7.63	6682558	50607504.00
20131016	7.57	7.79	7.45	7.63	8302810	63336092.00
20131017	7.74	7.80	7.46	7.48	8006581	61098092.00
20131018	7.48	7.59	7.37	7.58	4847244	36274756.00
20131021	7.61	7.73	7.55	7.71	6657637	51140988.00
20131022	7.72	7.76	7.48	7.51	6311907	47846120.00
20131023	7.53	7.53	7.15	7.21	6335891	46359088.00
20131024	7.20	7.29	7.17	7.21	2945672	21267276.00
20131025	7.21	7.27	7.07	7.11	3392759	24193618.00
20131028	7.13	7.18	7.05	7.17	2343432	16658070.00
20131029	7.20	7.26	6.78	6.92	4768550	33444018.00
20131030	6.88	7.00	6.88	6.99	2561031	17813670.00
20131031	7.00	7.15	6.92	7.04	4186727	29498888.00
20131101	7.05	7.30	7.00	7.25	5673870	40946240.00
20131104	7.26	7.41	7.19	7.32	4334827	31732710.00
20131105	7.29	7.34	7.19	7.33	2976179	21723964.00
20131106	7.28	7.55	7.23	7.48	8229108	61203720.00
20131107	7.45	7.54	7.33	7.36	5605764	41744976.00
20131108	7.36	7.38	7.02	7.06	5100034	36827408.00
20131111	7.00	7.31	6.99	7.24	2913173	20965140.00
20131112	7.20	7.41	7.13	7.39	3888111	28505720.00
20131113	7.39	7.39	7.14	7.15	3084712	22394984.00
20131114	7.12	7.30	7.12	7.22	2357670	16963276.00
20131115	7.22	7.50	7.16	7.46	6008010	44303544.00
20131118	7.46	7.60	7.41	7.59	7764160	58511456.00
20131119	7.58	7.60	7.44	7.51	5381573	40405368.00
20131120	7.49	7.74	7.49	7.68	8001421	61308912.00
20131121	7.70	7.70	7.54	7.62	5458995	41507336.00
20131122	7.63	7.65	7.46	7.48	3770758	28417652.00
20131125	7.44	7.75	7.38	7.74	10348399	79507840.00
20131126	7.70	7.91	7.60	7.60	7682051	59384456.00
20131127	7.56	7.69	7.55	7.66	4575605	34864304.00
20131128	7.68	7.73	7.53	7.69	7201178	55073696.00
20131129	7.65	7.69	7.49	7.62	7506787	56874528.00
20131202	7.35	7.39	7.02	7.10	12018502	86643144.00
20131203	7.08	7.23	6.99	7.20	5435938	38613788.00
20131204	7.20	7.31	7.13	7.28	6431570	46625704.00
20131205	7.25	7.29	7.20	7.25	3708314	26834668.00
20131206	7.25	7.30	7.18	7.22	3137797	22700070.00
20131209	7.22	7.33	7.20	7.28	3954797	28742416.00
20131210	7.29	7.33	7.23	7.29	3807419	27757566.00
20131211	7.30	7.31	7.01	7.11	5254641	37501892.00
20131212	7.07	7.18	7.05	7.16	2413557	17212136.00
20131213	7.14	7.25	7.10	7.18	2323001	16709505.00
20131216	7.18	7.20	7.10	7.13	2293633	16376818.00
20131217	7.10	7.16	7.08	7.15	1864317	13270417.00
20131218	7.18	7.20	7.06	7.14	1567472	11172540.00
20131219	7.17	7.17	7.05	7.06	2201640	15637407.00
20131220	7.08	7.09	6.80	6.82	3498755	24143842.00
20131223	6.83	6.86	6.71	6.73	2175754	14738394.00
20131224	6.76	6.83	6.73	6.78	1824792	12382870.00
20131225	6.82	6.85	6.75	6.84	1250490	8519894.00
20131226	6.85	6.87	6.70	6.70	2033350	13757772.00
20131227	6.70	6.82	6.65	6.79	2951914	19890516.00
20131230	6.80	6.85	6.76	6.85	2169194	14791470.00
20131231	6.80	6.95	6.78	6.93	2473213	17019620.00
20140102	6.90	6.97	6.86	6.92	2113758	14629512.00
20140103	6.93	6.93	6.75	6.80	1909751	13007456.00
20140106	6.80	6.80	6.60	6.62	2074294	13875093.00
20140107	6.51	6.69	6.50	6.57	1812450	11950280.00
20140108	6.55	6.68	6.53	6.57	1666108	10983836.00
20140109	6.58	6.64	6.39	6.39	1598491	10453381.00
20140110	6.26	6.39	6.14	6.16	2349201	14667447.00
20140113	6.18	6.29	6.16	6.18	1895590	11759690.00
20140114	6.25	6.31	6.17	6.31	1460866	9141350.00
20140115	6.31	6.36	6.30	6.35	1622994	10274878.00
20140116	6.35	6.42	6.32	6.41	1173163	7475926.00
20140117	6.40	6.44	6.29	6.30	1267219	8050351.00
20140120	6.30	6.39	6.27	6.32	1113450	7027850.00
20140121	6.35	6.63	6.32	6.63	3688768	24046268.00
20140122	6.60	6.73	6.55	6.69	3512507	23395514.00
20140123	6.68	6.82	6.64	6.74	3592535	24138044.00
20140124	6.75	6.79	6.68	6.76	3560069	24020744.00
20140127	6.72	6.81	6.63	6.74	4551190	30624316.00
20140128	6.74	6.78	6.63	6.63	2346415	15642130.00
20140129	6.67	6.69	6.56	6.62	2638125	17450076.00
20140130	6.62	6.65	6.57	6.61	1717186	11359233.00
20140207	6.57	6.69	6.54	6.69	2035716	13507670.00
20140210	6.70	6.83	6.70	6.82	4806529	32623800.00
20140211	6.77	6.87	6.75	6.83	4351553	29656764.00
20140212	6.84	6.88	6.78	6.87	3481527	23791776.00
20140213	6.86	7.11	6.83	6.92	9042387	63192204.00
20140214	6.90	6.98	6.80	6.95	4390514	30275004.00
20140217	6.92	7.05	6.91	7.00	5624317	39364912.00
20140218	7.01	7.03	6.86	6.90	4624750	31953000.00
20140219	6.90	7.19	6.85	7.18	10746317	75783168.00
20140220	7.16	7.24	7.00	7.03	6970964	49438792.00
20140221	7.02	7.13	6.90	6.95	4185801	29266912.00
20140224	6.89	6.97	6.82	6.97	3210513	22091488.00
20140225	6.99	7.02	6.72	6.74	4636636	31989852.00
20140226	6.70	6.74	6.52	6.70	3319053	22019516.00
20140227	6.71	6.82	6.55	6.58	3476165	23252508.00
20140228	6.57	6.69	6.52	6.67	2743502	18157708.00
20140303	6.65	6.84	6.62	6.83	3288410	22261244.00
20140304	6.81	6.82	6.71	6.80	2580428	17468410.00
20140305	6.85	6.93	6.75	6.88	3136512	21470774.00
20140306	6.82	6.87	6.76	6.86	2481343	16947860.00
20140307	6.88	6.95	6.83	6.89	2570062	17715544.00
20140310	6.86	6.86	6.47	6.51	3681574	24427900.00
20140311	6.50	6.59	6.49	6.55	2077284	13565857.00
20140312	6.55	6.59	6.46	6.55	1694090	11064628.00
20140313	6.57	6.84	6.53	6.72	3503423	23457830.00
20140314	6.71	6.71	6.61	6.66	2010554	13360241.00
20140317	6.63	6.78	6.60	6.76	2401622	16096401.00
20140318	6.77	6.87	6.76	6.82	3153840	21512688.00
20140319	6.81	6.91	6.73	6.88	2924716	19934268.00
20140320	6.87	6.87	6.63	6.68	3323322	22593112.00
20140321	6.63	6.94	6.62	6.93	4612867	31488208.00
20140324	6.98	7.12	6.93	7.01	7391581	51973204.00
20140325	7.03	7.03	6.88	6.94	3691629	25640328.00
20140326	6.91	6.99	6.89	6.93	2271906	15757845.00
20140327	6.88	7.09	6.88	6.97	4036473	28236280.00
20140328	7.04	7.05	6.88	6.89	3369216	23458176.00
20140331	6.83	7.13	6.83	7.11	7687269	54150864.00
20140401	7.13	7.13	6.99	7.10	5878900	41586716.00
20140402	7.09	7.11	6.99	7.01	3598020	25330760.00
20140403	6.98	7.17	6.98	7.06	5970507	42375296.00
20140404	7.06	7.06	6.90	7.01	4035666	28180608.00
20140408	7.00	7.08	6.95	7.08	3662917	25802220.00
20140409	7.09	7.16	7.04	7.13	4841635	34365112.00
20140410	7.12	7.18	7.05	7.12	6583323	46904992.00
20140411	7.10	7.17	7.05	7.06	4136369	29376460.00
20140414	7.07	7.30	7.03	7.26	7468513	53446492.00
20140415	7.25	7.35	7.18	7.18	9055576	65683584.00
20140416	7.14	7.28	7.09	7.20	5873226	42194116.00
20140417	7.21	7.23	7.10	7.13	4597855	32880804.00
20140418	7.11	7.23	7.09	7.19	3843521	27592312.00
20140421	7.15	7.20	7.01	7.12	4388191	31213108.00
20140422	7.12	7.12	6.87	6.98	5690942	39598328.00
20140423	6.97	6.98	6.76	6.82	4697283	32230784.00
20140424	6.81	6.85	6.69	6.71	3188798	21593396.00
20140425	6.68	6.77	6.65	6.68	2938412	19699336.00
20140428	6.66	6.72	6.50	6.54	3132950	20677784.00
20140429	6.50	6.67	6.50	6.66	2249995	14837592.00
20140430	6.55	6.67	6.55	6.65	2130507	14093227.00
20140505	6.65	6.75	6.58	6.69	3132489	20900376.00
20140506	6.69	6.72	6.64	6.69	2597423	17341776.00
20140507	6.67	6.67	6.50	6.52	2297157	15090908.00
20140508	6.48	6.60	6.48	6.51	2023608	13227340.00
20140509	6.50	6.53	6.31	6.40	2600151	16679371.00
20140512	6.48	6.55	6.41	6.51	2785405	18104724.00
20140513	6.52	6.61	6.51	6.58	2515440	16535507.00
20140514	6.58	6.76	6.53	6.64	4013657	26714260.00
20140515	6.62	6.73	6.48	6.50	2982648	19685076.00
20140516	6.46	6.53	6.30	6.47	2211953	14171888.00
20140519	6.45	6.45	6.33	6.41	1260688	8043707.00
20140520	6.45	6.47	6.36	6.39	1180758	7570260.00
20140521	6.38	6.48	6.35	6.47	2522652	16226394.00
20140522	6.46	6.52	6.35	6.37	2338569	15070609.00
20140523	6.36	6.51	6.36	6.50	2048758	13219551.00
20140526	6.52	6.61	6.51	6.59	2476205	16266087.00
20140527	6.60	6.74	6.57	6.67	4758047	31696718.00
20140528	6.64	6.69	6.57	6.66	3712668	24623596.00
20140529	6.66	6.81	6.60	6.70	6201300	41709816.00
20140530	6.70	6.97	6.70	6.80	8701984	59460704.00
20140603	6.80	6.83	6.66	6.67	4678116	31540300.00
20140604	6.69	6.71	6.56	6.61	2509147	16592666.00
20140605	6.62	6.80	6.61	6.78	3758275	25300884.00
20140606	6.78	6.96	6.71	6.90	7874908	54136912.00
20140609	6.87	7.04	6.85	6.88	6302006	43802272.00
20140610	6.89	6.93	6.81	6.88	3850571	26415404.00
20140611	6.87	6.94	6.78	6.87	3681865	25246200.00
20140612	6.84	7.05	6.83	6.94	6648643	46282928.00
20140613	6.90	6.99	6.82	6.90	5531332	38098168.00
20140616	6.90	7.00	6.85	6.86	3202981	22142316.00
20140617	6.83	6.85	6.72	6.72	3172225	21427780.00
20140618	6.70	6.76	6.64	6.66	2410508	16111891.00
20140619	6.65	6.69	6.43	6.49	2876038	18788674.00
20140620	6.50	6.55	6.46	6.54	1364557	8869505.00
20140623	6.54	6.61	6.54	6.57	1445433	9487080.00
20140624	6.57	6.68	6.55	6.63	1823293	12078321.00
20140625	6.63	6.64	6.50	6.54	1594343	10483667.00
20140626	6.52	6.63	6.52	6.61	1612885	10652298.00
20140627	6.60	6.68	6.57	6.65	2067454	13728189.00
20140630	6.66	6.69	6.60	6.67	2229421	14826508.00
20140701	6.62	6.71	6.62	6.68	1954396	13041368.00
20140702	6.69	6.82	6.69	6.73	3938008	26638744.00
20140703	6.74	6.85	6.68	6.80	5231114	35221056.00
20140704	6.75	6.80	6.74	6.75	2105594	14227923.00
20140707	6.78	6.81	6.73	6.80	2671749	18104744.00
20140708	6.83	6.90	6.73	6.80	3351846	22846428.00
20140709	6.77	6.81	6.62	6.63	3544964	23829728.00
20140710	6.63	6.68	6.53	6.58	3770357	24907542.00
20140711	6.57	6.68	6.56	6.67	2396479	15948019.00
20140714	6.67	6.80	6.67	6.79	3394165	22938248.00
20140715	6.80	6.87	6.75	6.84	3937057	26869380.00
20140716	6.83	6.91	6.70	6.80	4542001	30979760.00
20140717	6.89	7.04	6.87	6.95	9586793	66712076.00
20140718	6.85	7.15	6.82	7.13	10291438	72151504.00
20140721	7.14	7.17	7.03	7.13	7046807	49974888.00
20140722	7.12	7.17	7.06	7.13	7235212	51523152.00
20140723	7.09	7.11	6.95	6.97	5228868	36607960.00
20140724	6.96	7.06	6.82	7.01	7825934	54533060.00
20140725	7.03	7.11	6.89	7.00	10205672	71229424.00
20140728	6.99	7.22	6.95	7.17	12339600	87742768.00
20140729	7.18	7.32	7.10	7.27	10841266	78397120.00
20140730	7.19	7.34	7.15	7.31	7749619	56162304.00
20140731	7.31	7.34	7.24	7.30	5806573	42290168.00
20140801	7.28	7.30	7.08	7.09	5958446	42893428.00
20140804	7.10	7.45	7.10	7.41	10712424	78698544.00
20140805	7.42	7.65	7.38	7.44	13121968	98154064.00
20140806	7.46	7.51	7.36	7.45	6662439	49637272.00
20140807	7.45	7.57	7.35	7.37	6094925	45577712.00
20140808	7.34	7.49	7.31	7.41	5164493	38181248.00
20140811	7.41	7.59	7.39	7.45	6792002	50550888.00
20140812	7.46	7.48	7.31	7.37	7050225	51940000.00
20140813	7.37	7.39	7.25	7.31	5955509	43522396.00
20140814	7.32	7.38	7.25	7.31	5091613	37321308.00
20140815	7.33	7.51	7.27	7.47	7270613	53997904.00
20140818	7.47	7.65	7.46	7.60	9379497	70928136.00
20140819	7.58	7.65	7.49	7.56	5160431	38950068.00
20140820	7.55	7.63	7.51	7.53	3780769	28559294.00
20140821	7.51	7.59	7.41	7.58	4656171	34917872.00
20140822	7.56	7.59	7.51	7.54	4663324	35211536.00
20140825	7.55	7.55	7.35	7.38	6682567	49625064.00
20140826	7.38	7.42	7.21	7.24	4273789	31266142.00
20140827	7.22	7.29	7.12	7.17	6388028	45841824.00
20140828	7.20	7.34	7.10	7.28	5726188	41317320.00
20140829	7.28	7.32	7.21	7.30	2958728	21563540.00
20140901	7.30	7.36	7.20	7.35	3759957	27472980.00
20140902	7.32	7.80	7.30	7.66	11201194	83754088.00
20140903	7.64	7.69	7.54	7.63	10681877	81381752.00
20140904	7.63	8.26	7.59	8.03	20258971	160903568.00
20140905	8.08	8.20	7.90	8.13	13011137	105047984.00
20150420	8.94	8.94	8.94	8.94	82834	740536.00
20150421	9.83	9.83	9.83	9.83	97849	961856.00
20150422	10.81	10.81	10.81	10.81	102042	1103074.00
20150423	11.89	11.89	11.89	11.89	124908	1485156.00
20150424	13.08	13.08	13.08	13.08	228058	2982999.00
20150427	14.39	14.39	14.39	14.39	267602	3850793.00
20150428	15.83	15.83	15.83	15.83	814967	12900928.00
20150429	17.41	17.41	17.41	17.41	1453861	25311720.00
20150430	19.15	19.15	19.15	19.15	1301153	24917080.00
20150504	21.07	21.07	18.58	19.34	96542234	1931231616.00
20150505	18.18	18.58	17.41	17.41	49411348	877048192.00
20150506	17.05	17.67	16.50	16.69	33824679	575971776.00
20150507	16.52	17.27	16.52	16.96	21537680	364685184.00
20150508	17.11	18.10	16.60	17.92	34092123	592456320.00
20150511	17.80	18.52	17.35	18.34	40532438	729233984.00
20150512	18.18	18.46	17.81	18.24	30244405	549657024.00
20150513	18.18	20.06	17.87	20.06	42948977	830085760.00
20150514	20.78	22.07	20.28	22.07	61346931	1321763328.00
20150515	22.20	22.60	21.05	21.45	37834571	823475968.00
20150518	21.41	23.60	21.35	23.59	41284026	946380288.00
20150519	24.10	24.79	22.50	23.18	39333479	918681920.00
20150520	23.21	23.98	22.50	22.87	30740590	710262080.00
20150521	22.50	22.80	22.00	22.73	25367995	566275328.00
20150522	22.83	23.13	22.00	22.44	22446247	501910816.00
20150525	22.10	23.51	22.01	22.87	23788608	545109504.00
20150526	22.84	25.08	22.27	24.73	37502014	884283008.00
20150527	24.72	25.20	24.00	24.92	31364518	773375616.00
20150528	25.40	27.30	23.30	23.40	37745843	973828736.00
20150529	23.59	24.50	21.50	23.05	27647754	641212800.00
20150601	23.58	24.45	22.60	24.08	24350801	577328384.00
20150602	24.15	26.45	23.90	26.26	29749726	748409024.00
20150603	26.30	26.30	24.60	25.00	21867973	554604608.00
20150604	25.02	25.25	22.51	24.54	20018129	478978336.00
20150605	24.55	25.10	23.30	23.97	19931982	484471808.00
20150608	23.98	24.05	22.78	23.23	17886224	417365952.00
20150609	23.22	23.90	22.81	23.62	13149540	307981120.00
20150610	23.20	24.00	23.01	23.63	13063146	309078048.00
20150611	23.62	25.70	23.52	25.52	30514710	756228608.00
20150612	25.01	27.50	25.01	26.95	33800948	894487104.00
20150615	27.40	29.15	26.60	27.14	41137163	1150544896.00
20150616	26.48	27.07	24.72	25.92	19050575	496281664.00
20150617	25.60	26.68	23.89	26.54	19858138	504594912.00
20150618	26.74	29.00	25.93	27.36	28116281	782541696.00
20150619	27.00	28.68	25.65	26.95	23426849	631557312.00
20150623	26.50	26.75	24.26	24.38	26447156	658812416.00
20150624	24.70	24.85	22.98	24.40	26708902	632687488.00
20150625	24.00	24.00	21.96	21.96	23900122	549156096.00
20150626	21.08	21.08	19.76	19.76	14257376	283733664.00
20150629	19.87	20.18	17.78	17.78	14081646	256169968.00
20150630	16.04	19.20	16.00	18.89	31127310	541847552.00
20150701	18.50	18.98	17.00	17.00	21072106	378613120.00
20150702	15.40	16.51	15.30	15.30	19523807	302365312.00
20150703	13.77	14.88	13.77	13.77	16482039	230691552.00
20150706	15.05	15.05	12.39	12.39	19059854	255904256.00
20150707	11.15	11.49	11.15	11.15	7930811	88503768.00
20150708	10.04	10.04	10.04	10.04	479000	4809160.00
20150713	11.04	11.04	11.04	11.04	1633765	18036766.00
20150714	12.14	12.14	12.14	12.14	224209	2721897.00
20150715	13.35	13.35	11.71	12.23	55898579	727682176.00
20150716	11.05	13.13	11.05	12.70	25255262	310921920.00
20150717	12.72	13.97	12.41	13.97	27419459	372595392.00
20150720	14.20	15.18	14.18	14.71	29702226	435389248.00
20150721	14.38	15.42	14.18	15.36	30031953	451184736.00
20150722	15.39	16.26	15.20	16.00	24167559	379839200.00
20150723	16.08	16.78	15.60	16.60	21013878	339261856.00
20150724	16.40	17.29	15.61	16.09	22774620	379322304.00
20150727	15.50	16.10	14.48	14.48	20190627	308248064.00
20150728	13.14	14.38	13.03	13.21	21853485	292752736.00
20150729	13.45	14.53	13.02	14.52	23264396	318606208.00
20150730	14.52	15.30	14.16	14.48	19565129	290310208.00
20150731	14.01	14.87	13.99	14.40	12400613	178347984.00
20150803	14.40	14.63	13.01	13.36	12539029	172093536.00
20150804	14.60	14.70	13.86	14.70	17352497	249135568.00
20150805	14.85	15.69	14.85	15.15	21630812	330154784.00
20150806	14.70	15.21	14.52	14.79	11476676	170471840.00
20150807	15.03	15.80	14.93	15.53	17739932	272422208.00
20150810	15.56	16.60	15.56	16.32	17440522	280080224.00
20150811	16.07	16.30	15.76	16.09	18970552	304481120.00
20150812	15.82	16.00	15.51	15.55	12239616	193110912.00
20150813	15.34	16.12	15.32	16.09	11212967	176382608.00
20150814	16.19	16.60	15.92	16.22	15462159	250697200.00
20150817	16.20	16.50	15.70	16.47	13955245	224422976.00
20150818	16.51	16.99	14.82	14.82	20640928	332058624.00
20150819	14.13	15.67	13.66	15.49	14887006	217002880.00
20150820	15.45	15.45	14.20	14.49	10841112	162361728.00
20150821	14.20	14.73	13.40	13.52	9914555	139790608.00
20150824	12.90	12.95	12.17	12.17	6072261	74578120.00
20150825	10.95	11.28	10.95	10.95	9144358	100452384.00
20150826	11.00	11.47	9.86	10.00	14735756	156854976.00
20150827	10.45	10.70	9.81	10.55	10849256	111906232.00
20150828	10.73	11.61	10.66	11.61	13362143	148120240.00
20150831	11.61	11.61	10.92	10.94	11217005	125376776.00
20150901	10.99	10.99	9.95	10.00	9956258	103144056.00
20150902	9.63	10.54	9.43	9.99	9625981	96536624.00
20150907	10.26	10.79	10.02	10.22	8294155	86209288.00
20150908	10.20	10.89	10.00	10.87	8531637	89006096.00
20150909	10.98	11.50	10.98	11.49	13220109	149077216.00
20150910	11.11	11.75	11.11	11.32	9271300	106334056.00
20150911	11.20	11.46	11.03	11.39	8901058	100130320.00
20150914	11.38	11.55	10.25	10.25	10392072	111841192.00
20150915	9.98	10.05	9.23	9.23	9400727	90486200.00
20150916	9.39	10.15	9.28	10.15	9845359	95496088.00
20150917	10.10	10.48	9.80	9.89	11752123	119492224.00
20150918	10.01	10.54	9.91	10.45	8652398	87958176.00
20151008	11.50	11.50	11.50	11.50	826531	9505107.00
20151009	12.48	12.48	11.78	11.79	19378426	233438464.00
20151012	11.90	12.40	11.52	12.23	17521630	211363824.00
20151013	12.20	12.59	12.01	12.40	14829426	182563072.00
20151014	12.25	12.48	12.16	12.34	12154068	150051936.00
20151015	12.21	12.83	12.14	12.71	15075081	188738864.00
20151016	12.91	13.98	12.76	13.98	20312922	270585984.00
20151019	14.15	14.20	13.45	13.48	18569926	254340512.00
20151020	13.49	14.20	13.37	14.10	12407400	171056160.00
20151021	13.93	14.04	12.69	12.77	15374541	205160592.00
20151022	12.83	13.95	12.82	13.74	13198910	177411168.00
20151023	13.70	14.92	13.68	14.54	14910026	213759472.00
20151026	14.49	15.35	14.40	14.89	18352249	272505248.00
20151027	14.65	14.83	13.90	14.65	10053966	144569264.00
20151028	14.37	14.74	14.11	14.19	7434853	107190296.00
20151029	14.40	14.69	14.07	14.50	6967012	100635224.00
20151030	14.35	14.58	14.04	14.28	6230342	89334040.00
20151102	13.70	14.10	13.66	13.71	7526240	104514112.00
20151103	13.72	13.99	13.46	13.72	4532480	62032396.00
20151104	13.75	14.62	13.75	14.53	10068470	143907920.00
20151105	14.50	14.69	14.26	14.37	7165505	103563000.00
20151106	15.81	15.81	15.60	15.81	7981918	126133472.00
20151109	16.91	17.39	16.43	17.04	27975678	474955424.00
20151110	16.51	16.96	16.34	16.59	14660946	243579184.00
20151111	16.50	17.77	16.26	17.49	16517839	283044896.00
20151112	17.51	18.30	17.13	17.69	15679505	278270016.00
20151113	17.31	17.49	16.53	16.77	12976076	220120416.00
20151116	16.09	17.28	16.09	17.05	10321220	173759728.00
20151117	17.20	17.95	17.05	17.13	12411317	216889808.00
20151118	16.95	17.49	16.90	16.93	7174769	123352768.00
20151119	16.98	17.39	16.42	17.29	11496265	194250352.00
20151120	17.08	17.55	17.08	17.29	8137578	140721744.00
20151123	17.38	18.17	17.30	17.83	13363450	238812816.00
20151124	18.14	18.14	17.19	17.56	8768474	153594368.00
20151125	17.35	18.15	17.21	18.09	12982986	229309088.00
20151126	18.17	19.90	17.85	19.16	20412030	385577408.00
20151127	18.80	19.74	17.80	17.98	17720381	330016160.00
20151130	18.00	18.32	16.18	17.17	16295516	276185856.00
20151201	17.00	17.28	16.53	17.15	7476294	126657376.00
20151202	17.18	17.18	16.20	16.96	7550362	125801960.00
20151203	16.93	17.48	16.86	17.45	7001783	120732848.00
20151204	17.46	17.49	17.07	17.18	6219256	107258672.00
20151207	17.25	17.77	17.03	17.56	6543848	113698888.00
20151208	17.43	17.45	17.00	17.04	5440892	93537400.00
20151209	16.95	17.17	16.66	17.01	4451217	75084248.00
20151210	16.99	18.39	16.90	17.88	11297251	200153248.00
20151211	18.30	19.67	18.30	18.69	16560227	315128480.00
20151214	18.58	18.58	18.00	18.30	8684569	158387680.00
20151215	18.32	19.38	18.32	19.23	8948755	170550784.00
20151216	19.28	19.98	19.06	19.28	10658732	207980224.00
20151217	19.47	19.80	19.30	19.38	9652731	187866576.00
20151218	19.70	19.70	18.73	19.09	9040648	173113744.00
20151221	18.86	19.35	18.71	19.09	6630793	126033000.00
20151222	19.02	19.29	18.89	19.03	6487625	123414368.00
20151223	19.21	19.96	19.21	19.65	15430093	302961312.00
20160104	19.00	19.01	17.69	17.69	12445889	222619904.00
20160105	15.92	16.78	15.92	15.92	18810709	302691520.00
20160106	15.95	16.50	15.00	16.28	13818314	218619216.00
20160107	15.76	15.76	14.65	14.65	2326400	35035332.00
20160108	14.98	15.48	13.31	14.08	11728874	168050688.00
20160111	13.80	13.88	12.67	12.67	8442536	110952136.00
20160112	12.67	12.93	11.81	12.19	8441329	102793560.00
20160113	12.31	13.22	12.21	12.41	13496267	171316624.00
20160114	11.95	12.89	11.28	12.85	8787467	108635728.00
20160115	12.98	13.08	12.07	12.26	7341472	92886680.00
20160118	11.88	12.65	11.60	12.42	5712008	70130040.00
20160119	12.37	13.29	12.30	13.11	8789174	112985656.00
20160120	13.08	13.51	12.85	13.09	8345196	109428528.00
20160121	13.01	13.39	12.75	12.80	7447748	97349232.00
20160122	12.89	13.08	12.30	12.68	6333855	80724496.00
20160125	12.88	13.00	12.60	12.67	5869902	75144064.00
20160126	12.66	12.66	11.40	11.40	8158217	97186480.00
20160127	11.39	11.52	10.26	10.99	12782626	135793312.00
20160128	10.90	11.10	10.02	10.12	6446215	68554648.00
20160129	10.00	11.10	9.83	11.00	8012074	83826608.00
20160201	10.90	10.90	10.41	10.60	5113857	54498900.00
20160202	10.68	11.16	10.50	10.94	5972971	65297596.00
20160203	10.85	11.25	10.70	11.18	6274451	68919200.00
20160204	11.27	11.72	11.18	11.48	6810185	78145544.00
20160205	11.53	11.58	11.22	11.25	3992467	45480628.00
20160215	10.75	11.12	10.51	10.99	5235085	56765596.00
20160216	11.10	11.74	11.00	11.59	7338722	84073360.00
20160217	11.59	12.06	11.30	11.99	9060677	105621544.00
20160218	11.90	13.05	11.90	12.45	13915137	172821632.00
20160219	12.30	12.98	12.21	12.73	7577787	94310032.00
20160222	12.90	13.00	12.59	12.71	9263881	118216040.00
20160223	12.71	12.72	12.30	12.48	7640778	95938896.00
20160224	12.47	12.70	12.18	12.53	6738343	83624648.00
20160225	12.41	12.51	11.28	11.28	8340951	97744224.00
20160226	11.35	11.50	10.80	11.26	5381694	60056132.00
20160229	11.18	11.24	10.16	10.22	6806156	71045840.00
20160301	10.40	10.48	9.89	10.45	6344840	65010816.00
20160302	10.38	11.10	10.24	11.04	7767720	84011312.00
20160303	11.04	11.44	10.95	11.31	8586733	96570048.00
20160304	11.12	11.30	10.41	10.65	6616361	71923120.00
20160307	10.77	11.08	10.70	10.91	5402984	58925808.00
20160308	10.88	11.36	10.35	11.30	7627541	83204864.00
20160309	11.00	11.18	10.80	10.89	4462168	48920208.00
20160310	11.00	11.05	10.66	10.70	3942982	42933920.00
20160311	10.51	10.81	10.51	10.68	3757405	40083336.00
20160314	10.87	11.35	10.76	11.20	7426810	82925264.00
20160315	11.14	11.56	11.04	11.40	7424386	84191528.00
20160316	11.56	11.56	11.10	11.27	8455660	95808800.00
20160317	11.30	11.66	11.22	11.61	10329523	118368208.00
20160318	11.59	12.69	11.52	12.47	14440830	175432416.00
20160321	12.65	12.66	12.30	12.55	11863263	147482304.00
20160322	12.40	12.45	12.22	12.33	7358387	90730352.00
20160323	12.31	12.50	12.24	12.45	6472226	80207160.00
20160324	12.32	12.37	12.07	12.09	7422968	90530120.00
20160325	12.10	12.26	12.00	12.25	4699774	57082172.00
20160328	12.39	12.55	12.20	12.23	7064655	87540864.00
20160329	12.23	12.28	11.53	11.80	8385769	99357584.00
20160330	11.95	12.32	11.86	12.24	5951949	71613976.00
20160331	12.29	13.46	12.19	13.46	18471284	237466448.00
20160401	13.19	13.35	12.97	13.19	14738935	193460464.00
20160405	13.27	13.84	13.14	13.52	11322292	152344160.00
20160406	13.41	13.58	13.20	13.46	7318143	97791440.00
20160407	13.58	13.58	13.15	13.21	8791981	117160832.00
20160408	13.10	13.15	12.70	12.96	7479242	96713288.00
20160411	13.08	13.57	13.08	13.48	6967401	93418200.00
20160412	13.40	13.46	13.08	13.36	4905647	64937000.00
20160413	13.52	14.36	13.43	13.87	11359781	157267392.00
20160414	13.94	14.85	13.82	14.57	13986313	200010992.00
20160415	14.59	14.74	14.28	14.41	7273544	105421632.00
20160418	14.50	14.50	14.04	14.08	6207020	88270104.00
20160419	14.23	14.56	14.14	14.23	5588152	80107216.00
20160420	14.23	14.28	12.99	13.37	10697186	144657712.00
20160421	13.40	13.47	13.15	13.18	4394393	58514128.00
20160422	12.99	13.24	12.86	13.22	4832564	62831072.00
20160425	13.16	13.26	12.86	13.14	3353601	43729232.00
20160426	13.12	13.50	13.12	13.35	4250444	56713892.00
20160427	13.45	13.59	13.20	13.25	4169363	55814036.00
20160428	13.25	13.37	13.00	13.25	3141600	41452500.00
20160429	13.18	13.44	13.10	13.22	3534890	46893624.00
20160503	13.23	14.45	13.20	14.29	12302634	172650128.00
20160504	14.07	14.40	14.02	14.11	7918955	112601120.00
20160505	14.04	14.26	14.02	14.11	4859152	68676704.00
20160506	14.16	14.38	13.30	13.33	8719845	121181056.00
20160509	13.15	13.25	12.62	12.74	7292163	93441728.00
20160510	12.69	13.15	12.60	13.00	4741801	61116136.00
20160511	13.15	13.80	13.04	13.37	10451168	140800272.00
20160512	13.09	13.15	12.20	12.55	11930953	149117296.00
20160513	12.56	12.88	12.23	12.34	6426326	80968936.00
20160516	12.30	12.65	12.25	12.60	4558919	57074208.00
20160517	12.59	12.75	12.49	12.58	3996489	50358728.00
20160518	12.56	12.65	11.99	12.18	5393554	65951328.00
20160519	12.18	12.39	12.11	12.17	3150474	38663228.00
20160520	11.98	12.25	11.98	12.24	3001898	36321484.00
20160523	12.26	12.44	12.22	12.32	4774686	58803456.00
20160524	12.32	12.45	12.15	12.18	3955139	48588160.00
20160525	12.40	13.40	12.09	12.98	13154064	167676720.00
20160526	12.71	12.87	12.40	12.66	6650888	83756160.00
20160527	12.65	12.78	12.50	12.65	4535848	57386540.00
20160530	12.51	12.62	12.31	12.44	3003209	37424100.00
20160531	12.50	12.93	12.45	12.89	6961994	88880272.00
20160601	12.95	12.95	12.75	12.79	6140188	78882312.00
20160602	12.74	12.90	12.63	12.90	5348417	68350840.00
20160603	12.88	13.40	12.73	13.09	9301404	122024776.00
20160606	13.30	13.38	12.98	13.19	7068660	92917560.00
20160607	13.16	13.16	12.92	13.04	4706992	61218464.00
20160608	12.98	13.12	12.80	13.00	4566724	59107792.00
20160613	12.81	13.24	12.28	12.33	6286292	80914392.00
20160614	12.32	12.59	12.23	12.53	3472326	43085888.00
20160615	12.35	12.89	12.15	12.82	4922447	62503484.00
20160616	12.82	13.25	12.65	12.98	11949567	154180240.00
20160617	12.95	13.18	12.69	12.92	7166285	92578152.00
20160620	12.85	13.15	12.60	12.98	8100717	104314496.00
20160621	13.00	13.29	12.57	12.69	9625350	124424032.00
20160622	12.69	12.90	12.36	12.64	5302141	66551456.00
20160623	12.51	12.65	12.46	12.55	3482585	43640768.00
20160624	12.41	12.64	11.68	12.20	6500930	79735800.00
20160627	12.10	12.41	11.99	12.34	3500300	43071628.00
20160628	12.34	12.56	12.20	12.52	4225458	52495240.00
20160629	12.51	12.63	12.40	12.45	3905099	48722024.00
20160630	12.45	12.57	12.42	12.46	3356903	41940024.00
20160701	12.50	12.53	12.34	12.35	3228480	40034320.00
20160704	12.25	12.55	12.25	12.53	4244320	52980140.00
20160705	12.55	12.56	12.39	12.55	6013398	75107824.00
20160706	12.50	12.84	12.41	12.79	10707800	135204304.00
20160707	12.88	13.06	12.70	12.80	10661600	137009872.00
20160708	12.87	12.87	12.62	12.67	5327800	67736544.00
20160711	12.68	12.98	12.58	12.75	8331000	106524200.00
20160712	12.72	12.95	12.62	12.91	7596600	97326296.00
20160713	12.91	13.10	12.82	13.04	8784300	113803920.00
20160714	13.06	13.07	12.89	12.99	5077900	65750508.00
20160715	12.88	13.60	12.88	13.41	16744600	222580256.00
20160718	13.35	13.70	13.22	13.36	12048000	161882288.00
20160719	13.36	13.50	13.02	13.42	8891900	117626520.00
20160720	13.31	13.50	13.30	13.38	5779000	77387952.00
20160721	13.42	13.70	13.23	13.58	11962200	161244656.00
20160722	13.65	13.84	13.32	13.36	10080000	136878688.00
20160725	13.35	13.47	13.17	13.21	5663700	75093096.00
20160726	13.23	13.35	13.18	13.30	4381700	58111324.00
20160727	13.39	13.39	12.22	12.62	8595982	110287560.00
20160728	12.60	12.70	12.33	12.57	4024949	50337912.00
20160729	12.40	12.66	12.30	12.43	3318328	41328064.00
20160801	12.32	12.63	12.10	12.54	5449961	67769280.00
20160802	12.63	13.04	12.62	13.02	6415962	82646344.00
20160803	13.09	13.29	12.88	12.99	6439268	84293096.00
20160804	12.91	13.26	12.88	13.09	5806742	75790672.00
20160805	13.16	13.33	12.94	13.32	9142500	120081200.00
20160808	13.19	13.25	13.01	13.13	8029521	105433144.00
20160809	13.15	13.24	12.95	13.04	6104800	79815736.00
20160810	13.10	14.34	13.05	14.34	32361700	455413120.00
20160811	14.25	14.39	13.92	13.99	16667116	235668176.00
20160812	13.99	14.22	13.81	14.10	12317865	172527632.00
20160815	14.08	14.33	13.90	14.23	14674372	207818064.00
20160816	14.32	14.32	14.02	14.18	8774398	123950664.00
20160817	14.06	14.76	14.00	14.62	18750403	270922080.00
20160818	14.45	14.62	14.32	14.45	8165375	117994432.00
20160819	14.32	14.43	14.09	14.24	5213153	74107264.00
20160822	14.27	14.30	13.95	13.98	4025200	56670044.00
20160823	13.98	14.06	13.77	13.94	3738900	52102580.00
20160824	13.90	14.06	13.86	13.99	3315000	46329432.00
20160825	13.98	13.98	13.34	13.49	7242100	98454208.00
20160826	13.61	13.95	13.53	13.74	6206600	85673576.00
20160829	13.68	14.01	13.58	13.95	4432211	61459852.00
20160830	13.93	14.00	13.80	13.80	2476817	34374016.00
20160831	13.81	13.89	13.63	13.77	2901578	39874052.00
20160901	13.76	13.89	13.61	13.64	2017590	27777490.00
20160902	13.70	13.78	13.54	13.58	2265016	30882720.00
20160905	13.58	13.70	13.42	13.47	3541642	48065392.00
20160906	13.47	13.70	13.33	13.62	3828928	51677900.00
20160907	13.59	13.75	13.57	13.63	3169062	43314840.00
20160908	13.63	13.75	13.53	13.64	2803800	38277472.00
20160909	13.64	13.67	13.45	13.46	2331912	31569872.00
20160912	13.27	13.27	12.78	12.87	5925384	76929264.00
20160913	12.88	12.99	12.77	12.89	2553900	32868274.00
20160914	12.78	12.91	12.70	12.73	2604413	33371692.00
20160919	12.71	12.97	12.71	12.94	2153464	27753392.00
20160920	12.94	13.04	12.76	12.85	3133763	40520848.00
20160921	12.86	12.94	12.81	12.88	1730772	22303030.00
20160922	12.88	13.04	12.88	12.92	2033644	26321830.00
20160923	12.94	12.99	12.84	12.86	1839478	23731284.00
20160926	12.83	12.83	12.10	12.44	3044761	38392728.00
20160927	12.46	12.73	12.32	12.69	2208693	27761792.00
20160928	12.76	12.84	12.64	12.77	1615802	20584472.00
20160929	12.71	12.82	12.66	12.69	1675570	21309732.00
20160930	12.65	12.79	12.50	12.60	2365405	29852588.00
20161010	12.60	13.03	12.57	13.02	3575420	46128024.00
20161011	13.02	13.21	12.90	13.15	3226188	42158936.00
20161012	13.15	13.22	13.02	13.13	2144990	28122336.00
20161013	13.05	13.16	12.94	12.95	2053936	26841486.00
20161014	13.03	13.03	12.66	12.94	2853591	36562096.00
20161017	12.92	13.03	12.80	12.91	2621832	33933616.00
20161018	13.00	13.07	12.88	13.02	3955581	51235848.00
20161019	13.05	13.07	12.88	12.95	2658327	34477596.00
20161020	12.93	13.05	12.87	12.99	3882617	50317116.00
20161021	13.00	13.03	12.71	13.00	3461489	44614048.00
20161024	13.22	13.31	12.89	13.00	7377975	96275392.00
20161025	12.91	12.99	12.85	12.88	3988447	51443496.00
20161026	12.93	12.94	12.73	12.82	3857702	49443420.00
20161027	12.76	12.96	12.73	12.88	3263118	41988716.00
20161028	12.88	12.93	12.71	12.80	4891831	62833880.00
20161031	12.74	12.91	12.60	12.84	2798363	35628760.00
20161101	12.83	13.07	12.71	13.01	4273800	54973568.00
20161102	12.96	12.97	12.79	12.93	6049400	77914472.00
20161103	12.88	13.18	12.84	13.02	8108699	105395264.00
20161104	13.09	13.09	12.85	12.88	3448100	44576492.00
20161107	12.86	12.90	12.72	12.78	2425409	31062888.00
20161108	12.87	12.87	12.72	12.82	3351100	42812812.00
20161109	12.82	12.96	12.52	12.83	3720866	47461864.00
20161110	12.92	13.09	12.80	12.90	7763596	99962080.00
20161111	12.93	13.30	12.81	13.09	7555150	98183696.00
20161114	13.05	13.23	12.97	13.13	6491461	84847648.00
20161115	13.15	13.21	13.00	13.12	6390645	83612560.00
20161116	13.18	13.40	13.12	13.37	10765000	143134352.00
20161117	13.37	13.37	13.12	13.15	5548400	73189512.00
20161118	13.15	13.21	13.03	13.09	3429200	44997192.00
20161121	13.01	13.30	13.01	13.26	4592100	60552636.00
20161122	13.28	13.32	13.16	13.25	4372728	57888480.00
20161123	13.29	13.33	13.02	13.09	5773355	76061288.00
20161124	13.08	13.09	12.88	12.97	4624300	60013760.00
20161125	12.81	12.97	12.54	12.75	6152700	78224136.00
20161128	12.72	12.84	12.65	12.72	4966600	63261520.00
20161129	12.68	12.72	12.50	12.54	5164100	65152204.00
20161130	12.52	12.57	12.36	12.41	4794342	59666272.00
20161201	12.41	12.52	12.40	12.48	2681787	33419696.00
20161202	12.48	12.59	12.41	12.44	3689815	46107312.00
20161205	12.44	12.48	12.22	12.36	2528800	31280940.00
20161206	12.40	12.55	12.36	12.48	2102500	26239402.00
20161207	12.50	12.56	12.44	12.53	2772400	34643912.00
20161208	12.53	12.55	12.40	12.43	2045400	25474180.00
20161209	12.41	12.51	12.30	12.42	2498000	31110782.00
20161212	12.41	12.42	11.78	11.82	7193028	85942560.00
20161213	11.81	11.82	11.33	11.67	4222956	48851192.00
20161214	11.69	11.88	11.45	11.57	3358989	39024592.00
20161215	11.59	11.89	11.51	11.79	3063030	35925880.00
20161216	11.78	11.92	11.71	11.74	3524818	41617748.00
20161219	11.70	11.74	11.51	11.63	3422488	39605120.00
20161220	11.65	11.65	11.46	11.52	3053903	35289752.00
20161221	11.53	11.84	11.52	11.78	4199239	49232628.00
20161222	11.76	11.97	11.72	11.89	3422225	40673568.00
20161223	11.85	11.92	11.69	11.75	2028516	23879356.00
20170110	12.93	12.93	12.18	12.39	21108595	264169120.00
20170111	12.16	12.47	12.06	12.24	8121032	99266888.00
20170112	12.14	12.24	11.76	11.77	5325456	63819736.00
20170113	11.70	11.80	11.21	11.27	3945412	45510208.00
20170116	11.18	11.44	10.25	10.63	5375460	58728480.00
20170117	10.10	10.70	10.10	10.66	4433222	46320832.00
20170118	10.60	10.61	10.33	10.39	4538389	47413376.00
20170119	10.84	11.43	10.71	11.43	11578644	130309072.00
20170120	11.52	12.40	11.44	11.78	20931176	249771312.00
20170123	11.66	11.73	11.44	11.59	10322153	119000440.00
20170124	11.50	11.52	11.11	11.14	7888691	89002416.00
20170125	11.24	11.34	11.15	11.26	3715393	41763584.00
20170126	11.24	11.29	11.17	11.27	3352862	37682584.00
20170203	11.33	11.41	11.18	11.30	3186136	36027004.00
20170206	11.30	11.38	11.22	11.36	6013108	67836480.00
20170207	11.33	11.33	11.13	11.21	4574628	51271164.00
20170208	11.19	11.26	11.07	11.26	3723865	41560860.00
20170209	11.19	11.48	11.19	11.43	6919181	78400488.00
20170210	11.40	11.68	11.30	11.49	7578227	87098584.00
20170213	11.44	11.48	11.31	11.46	5051653	57512600.00
20170214	11.45	11.56	11.33	11.53	5195711	59341784.00
20170215	11.52	11.52	11.31	11.32	5565275	63508144.00
20170216	11.32	11.80	11.21	11.64	5389852	61370496.00
20170217	11.64	11.64	11.36	11.38	5997939	68916208.00
20170220	11.38	11.56	11.31	11.49	4775000	54735372.00
20170221	11.49	11.57	11.44	11.52	3873721	44559152.00
20170222	11.54	11.70	11.39	11.67	6452375	74382640.00
20170223	11.55	11.70	11.48	11.59	6911239	80032136.00
20170224	11.58	11.76	11.50	11.61	5917700	68795584.00
20170227	11.70	11.70	11.51	11.53	3396700	39341304.00
20170228	11.55	11.59	11.45	11.54	3296524	37916688.00
20170301	11.54	11.63	11.46	11.56	4370080	50525380.00
20170302	11.59	11.62	11.39	11.40	4110469	47204672.00
20170303	11.35	11.57	11.30	11.48	4927373	56111376.00
20170306	11.42	11.51	11.41	11.50	3538929	40584372.00
20170307	11.52	11.55	11.44	11.52	3216500	37007828.00
20170308	11.51	11.53	11.43	11.44	2330844	26750640.00
20170309	11.36	11.44	11.25	11.31	3384152	38244216.00
20170310	11.31	11.35	11.25	11.31	1915958	21648194.00
20170313	11.27	11.33	11.20	11.32	2607730	29434536.00
20170314	11.32	11.37	11.30	11.31	2462852	27904384.00
20170315	11.31	11.34	11.20	11.25	1942753	21886138.00
20170316	11.31	11.33	11.27	11.32	2618695	29597896.00
20170317	11.33	11.35	11.28	11.28	2555200	28896990.00
20170320	11.25	11.37	11.17	11.36	2876700	32383876.00
20170321	11.36	11.40	11.27	11.34	2215000	25123952.00
20170322	11.25	11.32	11.18	11.21	3759886	42229708.00
20170323	11.26	11.28	11.17	11.24	2651904	29778664.00
20170324	11.24	11.73	11.11	11.54	9304200	106621552.00
20170327	11.44	11.49	11.35	11.42	5253234	59957052.00
20170328	11.37	11.60	11.35	11.47	5537895	63729832.00
20170329	11.50	11.56	11.19	11.20	5967948	67389024.00
20170330	11.20	11.20	10.78	10.82	5585232	61080420.00
20170331	10.81	10.89	10.71	10.78	2677291	28878672.00
20170405	10.78	11.00	10.78	10.93	3662458	39943476.00
20170406	10.92	10.98	10.87	10.95	2473152	26981852.00
20170407	10.96	10.97	10.89	10.91	2107028	23025248.00
20170410	10.91	10.92	10.69	10.71	3209143	34468552.00
20170411	10.61	10.79	10.61	10.79	2380300	25494618.00
20170412	10.82	10.82	10.70	10.79	3039100	32660224.00
20170413	10.79	10.81	10.73	10.75	2147249	23103804.00
20170414	10.75	10.75	10.53	10.56	3222339	34203056.00
20170417	10.58	10.68	10.44	10.65	2432131	25725528.00
20170418	10.66	10.68	10.50	10.53	2294585	24294184.00
20170419	10.54	10.63	10.23	10.62	3530249	36703288.00
20170420	10.62	10.68	10.53	10.57	2432637	25770556.00
20170421	10.57	10.72	10.42	10.64	1759958	18661576.00
20170424	10.78	10.82	10.35	10.40	2909400	30866772.00
20170425	10.25	10.49	10.25	10.30	2134000	22073636.00
20170426	10.31	10.43	10.10	10.16	3315800	33912672.00
20170427	10.16	10.16	9.81	10.01	4006100	39828900.00
20170428	10.07	10.08	9.91	10.03	2147239	21518884.00
20170502	10.03	10.09	9.92	9.93	2502105	25019288.00
20170503	9.84	9.95	9.81	9.90	2471273	24436744.00
20170504	9.87	9.93	9.80	9.92	2680800	26478834.00
20170505	9.85	9.91	9.68	9.72	2189600	21539040.00
20170508	9.66	9.68	9.38	9.39	3147900	29820970.00
20170509	9.40	9.49	9.22	9.46	2786400	26098118.00
20170510	9.51	9.59	9.12	9.14	2602900	24498988.00
20170511	8.89	9.13	8.61	8.89	3247600	28897256.00
20170512	8.91	8.94	8.73	8.89	2315500	20447860.00
20170515	8.80	8.95	8.72	8.74	2773611	24502908.00
20170516	8.70	8.97	8.51	8.95	3387113	29511668.00
20170517	8.90	9.00	8.88	8.90	2278115	20335764.00
20170518	8.80	9.24	8.78	9.05	4642200	42165688.00
20170519	9.01	9.14	8.88	8.92	2381812	21404700.00
20170522	8.93	9.09	8.87	9.02	2709660	24319842.00
20170523	9.00	9.02	8.72	8.85	2030200	18002976.00
20170524	8.76	8.80	8.59	8.78	2109100	18396272.00
20170525	8.72	8.80	8.25	8.65	5611900	47556172.00
20170526	8.58	8.73	8.46	8.65	3091900	26422492.00
20170531	8.78	8.87	8.64	8.74	4236015	37094468.00
20170601	8.71	8.71	8.38	8.61	3172017	27064634.00
20170602	8.55	8.66	8.41	8.64	2451554	20913940.00
20170605	8.64	8.72	8.57	8.66	2217200	19261098.00
20170606	8.50	8.76	8.50	8.75	2060638	17909968.00
20170607	8.71	9.50	8.70	9.35	13223396	121493856.00
20170608	9.28	9.32	9.20	9.29	5557507	51395892.00
20170609	9.30	9.31	9.21	9.27	4144457	38399196.00
20170612	9.27	9.27	9.01	9.03	6158400	56165560.00
20170613	9.05	9.21	8.97	9.20	6793868	61703668.00
20170614	9.11	9.22	9.11	9.20	2512471	23032052.00
20170615	9.20	9.27	9.13	9.23	2565479	23636196.00
20170616	9.22	9.23	9.13	9.19	3734364	34229584.00
20170619	9.14	9.31	9.13	9.28	3607434	33419796.00
20170620	9.28	9.35	9.21	9.22	2312775	21409610.00
20170621	9.23	9.29	9.14	9.25	1873809	17279204.00
20170622	9.28	9.32	9.07	9.12	2375400	21874302.00
20170623	9.12	9.17	8.98	9.14	2374618	21498424.00
20170626	9.11	9.20	9.08	9.19	1984729	18160012.00
20170627	9.17	9.62	9.14	9.32	7520667	70458488.00
20170628	9.25	9.32	9.19	9.23	3354718	31051400.00
20170629	9.23	9.31	9.21	9.31	2438147	22561672.00
20170630	9.29	9.42	9.26	9.37	3725480	34823760.00
20170703	9.38	9.54	9.38	9.52	5407235	51283424.00
20170704	9.49	9.51	9.38	9.41	3049528	28727944.00
20170705	9.37	9.44	9.32	9.43	2161869	20288712.00
20170706	9.43	9.45	9.30	9.35	2675277	25015572.00
20170707	9.30	9.39	9.24	9.34	3465734	32160984.00
20170710	9.34	9.40	9.26	9.31	2368784	22087396.00
20170711	9.30	9.33	9.15	9.23	2139413	19744896.00
数据来源:通达信
