600099 林海股份 日线 前复权
      日期	    开盘	    最高	    最低	    收盘	    成交量	    成交额
20111010	7.31	7.46	7.31	7.39	623980	4641509.00
20111011	7.55	7.77	7.41	7.67	1421939	10908018.00
20111012	7.70	7.88	7.70	7.85	958436	7503681.00
20111013	7.80	8.04	7.73	7.93	864669	6855156.00
20111014	7.86	8.24	7.81	8.03	1239629	10078652.00
20111017	8.05	8.20	7.95	8.00	660329	5361574.00
20111018	7.95	7.98	7.57	7.63	664374	5193139.00
20111019	7.80	7.80	7.60	7.72	410434	3177665.00
20111020	7.72	7.75	7.51	7.63	784368	6026978.00
20111021	7.64	7.70	7.50	7.61	488302	3740397.00
20111024	7.64	7.95	7.52	7.95	1169328	9164040.00
20111025	7.91	8.35	7.91	8.29	2254041	18549936.00
20111026	8.40	8.52	8.17	8.49	3113178	26119456.00
20111027	8.80	8.80	8.27	8.61	2138028	18166632.00
20111028	9.45	9.48	8.25	8.41	10923720	95372104.00
20111031	8.30	8.36	8.09	8.13	4938708	40657012.00
20111101	8.10	8.19	8.01	8.05	3909871	31799858.00
20111102	7.93	8.19	7.90	8.17	3813950	30886770.00
20111103	8.17	8.25	8.05	8.07	4573179	37564096.00
20111104	8.11	8.25	8.07	8.20	4844061	39845672.00
20111107	8.19	8.20	8.02	8.07	2341364	19111762.00
20111108	8.05	8.16	8.05	8.06	1454491	11837800.00
20111109	8.07	8.13	7.98	8.11	1464169	11865514.00
20111110	8.01	8.06	7.83	7.84	1890287	15086233.00
20111111	7.84	7.92	7.74	7.84	1305446	10263265.00
20111114	7.88	8.01	7.85	8.00	1520978	12162110.00
20111115	8.03	8.07	7.95	7.98	2075782	16704931.00
20111116	8.03	8.04	7.70	7.72	1697885	13493709.00
20111117	7.70	7.80	7.67	7.71	989758	7706811.00
20111118	7.70	7.70	7.50	7.54	1304970	9962821.00
20111121	7.60	7.60	7.43	7.55	765654	5778819.00
20111122	7.53	7.59	7.46	7.56	615907	4668239.00
20111123	7.60	7.63	7.51	7.51	536212	4077124.00
20111124	7.48	7.53	7.41	7.48	792893	5957291.00
20111125	7.45	7.61	7.40	7.48	720714	5440309.00
20111128	7.46	7.49	7.37	7.48	596363	4466814.00
20111129	7.58	7.59	7.42	7.55	1422321	10740902.00
20111130	7.52	7.54	6.88	6.98	1439366	10390954.00
20111201	7.20	7.22	7.00	7.10	1902038	13617131.00
20111202	7.03	7.06	6.77	6.79	1215925	8413730.00
20111205	6.79	6.83	6.59	6.61	664902	4496424.00
20111206	6.55	6.64	6.51	6.57	592828	3929440.00
20111207	6.60	6.66	6.55	6.62	679500	4519441.00
20111208	6.57	6.96	6.33	6.93	2915738	19792268.00
20111209	6.80	7.14	6.74	6.75	1690496	11665768.00
20111212	6.61	6.84	6.57	6.74	1434907	9653479.00
20111213	6.71	6.74	6.06	6.11	2957788	18836026.00
20111214	6.15	6.15	5.82	5.83	1393079	8361859.00
20111215	5.82	5.82	5.50	5.54	938997	5317972.00
20111216	5.56	5.72	5.53	5.72	806430	4568695.00
20111219	5.67	5.69	5.50	5.68	734824	4163192.00
20111220	5.62	5.77	5.62	5.73	636328	3677467.00
20111221	5.76	5.79	5.37	5.51	556615	3189744.00
20111222	5.48	5.48	5.02	5.31	1080358	5760624.00
20111223	5.35	5.46	5.30	5.36	709321	3854353.00
20111226	5.37	5.42	5.25	5.31	351897	1901038.00
20111227	5.30	5.32	5.07	5.09	630704	3293722.00
20111228	5.09	5.13	4.92	5.05	669181	3371727.00
20111229	5.04	5.19	4.96	5.08	644548	3330021.00
20111230	5.06	5.22	5.06	5.17	591246	3079262.00
20120104	5.21	5.23	4.98	5.10	814473	4203778.00
20120105	5.05	5.15	4.86	4.88	943623	4770485.00
20120106	4.93	4.93	4.67	4.85	633770	3067735.00
20120109	4.86	5.05	4.78	5.04	1055440	5298197.00
20120110	5.05	5.41	5.05	5.35	2114000	11232371.00
20120111	5.30	5.45	5.27	5.36	1522633	8218685.00
20120112	5.33	5.75	5.31	5.45	2308472	12876781.00
20120113	5.45	5.46	5.07	5.14	1911243	10074869.00
20120116	5.09	5.12	4.97	4.98	873756	4442215.00
20120117	4.98	5.30	4.96	5.29	1235747	6422952.00
20120118	5.29	5.37	5.17	5.19	1161265	6206832.00
20120119	5.19	5.27	5.15	5.20	1033442	5439311.00
20120120	5.22	5.36	5.18	5.28	717414	3825826.00
20120130	5.33	5.34	5.25	5.31	537959	2878229.00
20120131	5.31	5.33	5.20	5.31	421260	2242403.00
20120201	5.32	5.48	5.26	5.45	1648907	8932750.00
20120202	5.45	5.69	5.38	5.65	2662266	14857231.00
20120203	5.64	5.82	5.54	5.80	2750475	15737122.00
20120206	5.75	5.81	5.69	5.79	1908021	11062733.00
20120207	5.74	5.78	5.55	5.59	1089805	6214271.00
20120208	5.60	5.74	5.53	5.72	1088938	6213483.00
20120209	5.72	5.79	5.56	5.65	2914781	16691351.00
20120210	5.58	5.73	5.58	5.67	1744417	9967193.00
20120213	5.68	5.83	5.61	5.81	2113288	12283568.00
20120214	5.80	5.90	5.78	5.88	1873836	11026845.00
20120215	5.90	6.03	5.80	5.99	2283557	13664499.00
20120216	5.99	6.19	5.97	6.15	3008285	18438676.00
20120217	6.19	6.31	5.96	6.10	2951991	18319536.00
20120220	6.14	6.18	5.93	6.02	3945213	24014048.00
20120221	5.97	6.20	5.96	6.11	3926601	24067456.00
20120222	6.16	6.24	6.07	6.13	2839687	17588850.00
20120223	6.13	6.17	6.06	6.10	1621279	9987254.00
20120224	6.09	6.20	6.05	6.19	2550834	15800213.00
20120227	6.20	6.35	6.19	6.21	3073437	19411252.00
20120228	6.21	6.33	6.12	6.29	2849892	17896024.00
20120229	6.28	6.52	6.20	6.24	3687843	23706424.00
20120301	6.21	6.32	6.13	6.25	1610515	10107994.00
20120302	6.25	6.34	6.18	6.33	1558916	9869588.00
20120305	6.33	6.41	6.23	6.24	2114154	13437689.00
20120306	6.22	6.30	6.17	6.27	1101816	6936354.00
20120307	6.25	6.29	6.17	6.24	1303209	8186394.00
20120308	6.27	6.75	6.24	6.71	6036373	39583436.00
20120309	6.60	7.25	6.58	7.14	10058403	69213040.00
20120312	7.04	7.13	6.92	6.96	4816779	33877492.00
20120313	6.95	6.95	6.73	6.93	4373564	30108364.00
20120314	6.94	6.94	6.36	6.44	3062781	20675406.00
20120315	6.47	6.67	6.31	6.65	2797165	18257596.00
20120316	6.62	6.72	6.45	6.68	2088716	13931437.00
20120319	6.66	6.84	6.57	6.74	1672710	11368007.00
20120320	6.77	6.77	6.40	6.41	2706197	17751804.00
20120321	6.36	6.44	6.23	6.33	1720676	10998415.00
20120322	6.33	6.42	6.28	6.33	1100725	7040934.00
20120323	6.28	6.67	6.28	6.47	2918021	19205530.00
20120326	6.40	6.47	6.16	6.30	1789153	11408019.00
20120327	6.32	6.40	6.20	6.27	1111129	7031788.00
20120328	6.21	6.32	5.86	5.87	1314399	7988790.00
20120329	5.85	5.86	5.56	5.67	1295402	7450188.00
20120330	5.65	5.76	5.60	5.68	821694	4702810.00
20120405	5.72	5.83	5.67	5.81	2350840	13587815.00
20120406	5.76	5.88	5.69	5.86	1417424	8302986.00
20120409	5.84	5.87	5.70	5.74	900999	5260325.00
20120410	5.74	5.75	5.48	5.74	1351980	7657200.00
20120411	5.65	5.78	5.61	5.73	1950001	11178917.00
20120412	5.72	5.96	5.71	5.91	2529348	14884108.00
20120413	5.91	6.31	5.88	6.24	3639022	22454052.00
20120416	6.15	6.23	5.97	6.13	2856508	17544984.00
20120417	6.09	6.14	6.02	6.12	1524592	9332255.00
20120418	6.10	6.34	6.07	6.29	2617344	16362934.00
20120419	6.25	6.33	6.19	6.23	1317090	8332673.00
20120420	6.18	6.33	6.17	6.24	1248347	7867816.00
20120423	6.21	6.26	6.05	6.07	2040834	12638478.00
20120424	6.02	6.12	5.76	5.97	1788582	10682403.00
20120425	5.95	6.22	5.93	6.16	2005351	12315509.00
20120426	6.16	6.30	6.13	6.27	2147098	13435130.00
20120427	6.27	6.29	6.12	6.13	1201100	7499508.00
20120502	6.14	6.23	6.10	6.20	1495871	9301771.00
20120503	6.18	6.44	6.16	6.38	2285093	14611577.00
20120504	6.35	6.50	6.29	6.38	1585202	10208635.00
20120507	6.39	6.44	6.27	6.41	1102221	7062573.00
20120508	6.43	6.43	6.34	6.37	1144672	7363712.00
20120509	6.34	6.35	6.13	6.23	1355632	8485304.00
20120510	6.17	6.28	6.15	6.18	911117	5702860.00
20120511	6.18	6.23	6.07	6.09	1266631	7831400.00
20120514	6.18	6.22	6.06	6.11	949078	5870255.00
20120515	6.06	6.31	5.99	6.30	1514707	9435573.00
20120516	6.29	6.44	6.27	6.38	2816554	18044160.00
20120517	6.39	6.55	6.31	6.43	3524963	22910210.00
20120518	6.37	6.49	6.08	6.13	2315327	14693053.00
20120521	6.32	6.32	6.06	6.30	1834897	11447115.00
20120522	6.28	6.36	6.21	6.34	1608522	10216726.00
20120523	6.33	6.35	6.22	6.30	1233426	7813311.00
20120524	6.29	6.81	6.20	6.74	6512015	43021540.00
20120525	6.68	6.71	6.46	6.55	4033585	26715024.00
20120528	6.56	6.67	6.30	6.64	3718151	24421872.00
20120529	6.60	6.85	6.55	6.74	5181911	34960220.00
20120530	6.70	6.77	6.57	6.61	2530155	16944270.00
20120531	6.55	6.62	6.45	6.48	1790028	11800283.00
20120601	6.53	6.70	6.46	6.65	1850485	12267130.00
20120604	6.52	6.60	6.29	6.29	1846281	11964222.00
20120605	6.28	6.36	6.09	6.13	1566090	9865731.00
20120606	6.20	6.27	6.11	6.16	898581	5607870.00
20120607	6.20	6.28	6.05	6.11	1177787	7296110.00
20120608	6.16	6.21	6.02	6.07	709606	4359217.00
20120611	6.10	6.18	5.99	6.16	620652	3812591.00
20120612	6.14	6.18	6.05	6.09	551687	3401579.00
20120613	6.05	6.18	6.04	6.15	709508	4376801.00
20120614	6.15	6.21	6.05	6.17	916799	5694200.00
20120615	6.20	6.28	6.09	6.17	910054	5662002.00
20120618	6.14	6.22	6.11	6.17	762048	4746274.00
20120619	6.17	6.27	6.11	6.25	1081668	6761338.00
20120620	6.25	6.27	6.20	6.24	745597	4687504.00
20120621	6.22	6.22	5.98	6.06	1135910	6966672.00
20120625	6.03	6.09	5.78	5.83	969602	5781045.00
20120626	5.83	5.88	5.64	5.76	759880	4409454.00
20120627	5.82	5.87	5.68	5.71	640590	3725032.00
20120629	5.65	5.67	5.45	5.64	978468	5533043.00
20120702	5.65	5.75	5.57	5.64	709991	4057581.00
20120703	5.69	5.75	5.59	5.67	623330	3574879.00
20120704	5.70	5.70	5.63	5.69	683948	3908512.00
20120705	5.71	5.71	5.50	5.51	547111	3074468.00
20120706	5.55	5.63	5.34	5.53	923521	5090954.00
20120709	5.53	5.57	5.32	5.32	647968	3568796.00
20120710	5.35	5.37	5.20	5.26	477852	2550402.00
20120711	5.27	5.36	5.22	5.36	741880	3964226.00
20120712	5.36	5.43	5.26	5.41	614141	3316308.00
20120713	5.36	5.45	5.33	5.43	392611	2142825.00
20120716	5.45	5.45	4.95	5.08	802639	4230292.00
20120717	5.05	5.15	4.99	5.11	460403	2361634.00
20120718	5.12	5.16	5.03	5.13	525296	2696571.00
20120719	5.08	5.33	5.08	5.26	944487	4984974.00
20120720	5.26	5.40	5.18	5.31	822232	4403172.00
20120723	5.25	5.30	5.12	5.28	430429	2272081.00
20120724	5.19	5.39	5.17	5.33	419087	2246830.00
20120725	5.33	5.34	5.24	5.26	477853	2549067.00
20120726	5.26	5.32	5.22	5.24	382900	2035742.00
20120727	5.29	5.29	5.06	5.14	385990	2007441.00
20120730	5.18	5.18	4.97	4.99	474199	2423321.00
20120731	5.02	5.13	4.93	4.95	527020	2659181.00
20120801	4.93	5.10	4.93	5.03	560613	2841280.00
20120802	5.00	5.07	4.88	4.91	556409	2789357.00
20120803	4.92	5.03	4.90	5.02	419595	2105936.00
20120806	4.99	5.14	4.95	5.09	536669	2746167.00
20120807	5.14	5.20	5.08	5.19	550599	2856411.00
20120808	5.18	5.22	5.15	5.17	575345	3014400.00
20120809	5.14	5.32	5.14	5.29	792661	4205038.00
20120810	5.25	5.36	5.21	5.28	455200	2428555.00
20120813	5.25	5.30	5.08	5.10	503350	2631679.00
20120814	5.14	5.19	5.04	5.13	604661	3110993.00
20120815	5.11	5.16	5.05	5.09	507909	2619952.00
20120816	5.09	5.36	5.00	5.32	1251607	6566054.00
20120817	5.31	5.45	5.25	5.29	1765148	9531239.00
20120820	5.19	5.36	5.18	5.29	553501	2932058.00
20120821	5.29	5.36	5.26	5.32	925204	4954000.00
20120822	5.30	5.35	5.21	5.25	699028	3740894.00
20120823	5.20	5.37	5.20	5.33	591201	3147467.00
20120824	5.35	5.41	5.14	5.18	745681	3986843.00
20120827	5.24	5.24	4.97	5.06	460889	2354970.00
20120828	5.05	5.14	4.99	5.12	441687	2267485.00
20120829	5.05	5.15	5.04	5.11	297809	1538852.00
20120830	5.06	5.12	4.91	5.04	486981	2463068.00
20120831	4.99	5.04	4.96	5.02	313844	1584693.00
20120903	5.02	5.09	5.00	5.08	411008	2094314.00
20120904	5.08	5.10	5.00	5.05	475978	2423404.00
20120905	5.10	5.20	4.98	5.18	1121338	5780955.00
20120906	5.13	5.21	5.13	5.20	717398	3747221.00
20120907	5.19	5.72	5.17	5.67	3855927	21141120.00
20120910	5.53	5.63	5.51	5.56	4019543	22597582.00
20120911	5.54	5.54	5.43	5.48	1477702	8162871.00
20120912	5.49	5.59	5.44	5.52	1217200	6768304.00
20120913	5.53	5.57	5.34	5.35	1015549	5582262.00
20120914	5.36	5.57	5.26	5.45	1882827	10349889.00
20120917	5.36	5.48	5.22	5.30	1783490	9513204.00
20120918	5.27	5.53	5.19	5.46	3085038	16778120.00
20120919	5.39	5.50	5.34	5.44	1823203	9970650.00
20120920	5.43	5.44	5.20	5.21	1023349	5474421.00
20120921	5.22	5.24	5.08	5.08	812308	4207967.00
20120924	5.04	5.10	4.94	5.09	752106	3815834.00
20120925	5.05	5.12	5.04	5.05	317353	1627595.00
20120926	5.05	5.07	4.85	4.89	929486	4641759.00
20120927	4.91	5.06	4.81	5.00	1068409	5354907.00
20120928	4.98	5.09	4.95	5.09	486839	2488745.00
20121008	5.12	5.13	5.06	5.10	228800	1177149.00
20121009	5.10	5.26	5.08	5.20	731480	3835354.00
20121010	5.20	5.30	5.20	5.25	588050	3109943.00
20121011	5.21	5.29	5.19	5.21	1001558	5294167.00
20121012	5.20	5.28	5.11	5.25	704035	3711474.00
20121015	5.25	5.25	5.13	5.18	427583	2241597.00
20121016	5.17	5.25	5.14	5.22	449301	2368579.00
20121017	5.22	5.27	5.13	5.24	578830	3042228.00
20121018	5.26	5.36	5.25	5.32	1142644	6139761.00
20121019	5.34	5.40	5.30	5.37	818103	4421353.00
20121022	5.34	5.41	5.31	5.36	870022	4708307.00
20121023	5.33	5.39	5.25	5.25	723700	3880478.00
20121024	5.25	5.32	5.19	5.28	712780	3780764.00
20121025	5.30	5.36	5.20	5.23	794609	4241235.00
20121026	5.25	5.27	5.04	5.06	653844	3376157.00
20121029	5.05	5.15	4.99	5.10	542908	2774945.00
20121030	5.11	5.15	5.04	5.07	517209	2659741.00
20121031	5.08	5.08	5.02	5.07	359869	1833763.00
20121101	5.10	5.25	5.08	5.17	786749	4106511.00
20121102	5.19	5.33	5.16	5.29	955935	5063259.00
20121105	5.29	5.33	5.23	5.26	1236068	6596913.00
20121106	5.30	5.31	5.16	5.24	2393081	12704236.00
20121107	5.24	5.24	5.12	5.15	1753870	9133560.00
20121108	5.12	5.12	4.82	4.87	2844896	14316029.00
20121109	4.87	4.90	4.81	4.88	1856367	9125761.00
20121112	4.90	4.94	4.83	4.90	1845105	9078209.00
20121113	4.93	4.98	4.75	4.76	2238960	10998494.00
20121114	4.75	5.24	4.70	5.24	6385911	33188988.00
20121115	5.14	5.32	5.03	5.07	7717471	40060192.00
20121116	4.94	5.09	4.78	4.97	4866728	24227078.00
20121119	4.91	5.15	4.78	5.10	5310388	27030172.00
20121120	5.05	5.35	5.05	5.34	8328634	44017744.00
20121121	5.24	5.37	5.15	5.29	5368932	28482868.00
20121122	5.27	5.41	5.22	5.30	5966997	32037202.00
20121123	5.30	5.49	5.19	5.43	6772643	36587684.00
20121126	5.41	5.41	5.23	5.31	3712487	19894022.00
20121127	5.26	5.26	4.85	4.86	4107739	20789054.00
20121128	4.86	4.96	4.77	4.94	2607208	12814047.00
20121129	4.91	5.05	4.76	4.81	2914220	14523281.00
20121130	4.77	4.88	4.65	4.78	1766732	8504645.00
20121203	4.79	4.95	4.74	4.83	2044811	10033966.00
20121204	4.80	4.86	4.55	4.81	1990384	9455135.00
20121205	4.82	5.10	4.72	4.98	3187329	15982859.00
20121206	4.96	5.14	4.93	5.06	3054454	15592810.00
20121207	5.03	5.57	4.99	5.57	10187874	55850944.00
20121210	5.70	5.81	5.43	5.70	14745219	83768680.00
20121211	5.55	5.64	5.45	5.51	6300753	35254608.00
20121212	5.45	5.65	5.36	5.50	5175238	28695852.00
20121213	5.47	5.50	5.30	5.42	3224856	17574616.00
20121214	5.36	5.70	5.35	5.58	6894033	38893284.00
20121217	5.56	5.70	5.47	5.67	4785019	27078476.00
20121218	5.64	6.06	5.63	5.74	8701168	51231848.00
20121219	5.62	5.77	5.54	5.65	4352805	24807468.00
20121220	5.59	5.72	5.49	5.63	4876915	27583144.00
20121221	5.63	5.73	5.56	5.71	4286790	24455332.00
20121224	5.68	5.74	5.62	5.66	2955953	16920270.00
20121225	5.65	5.76	5.55	5.70	5495794	31515644.00
20121226	5.72	5.79	5.66	5.75	5395656	31151708.00
20121227	5.73	5.79	5.51	5.52	5709106	32298292.00
20121228	5.50	5.67	5.48	5.60	3536316	19871256.00
20121231	5.58	5.66	5.57	5.60	2523398	14278702.00
20130104	5.63	5.95	5.63	5.88	9480163	55656444.00
20130107	5.85	5.93	5.73	5.92	5217343	30622362.00
20130108	5.85	5.92	5.79	5.86	3861504	22758796.00
20130109	5.87	5.88	5.70	5.77	3754461	21865550.00
20130110	5.78	5.83	5.70	5.77	2368644	13769006.00
20130111	5.74	5.78	5.53	5.54	2941755	16757645.00
20130114	5.53	5.70	5.48	5.68	2493620	14166780.00
20130115	5.65	5.86	5.65	5.78	3788827	22115604.00
20130116	5.78	5.84	5.68	5.82	3698898	21548450.00
20130117	5.81	5.82	5.64	5.72	2597774	15031283.00
20130118	5.72	5.84	5.68	5.83	3886995	22663898.00
20130121	5.85	6.01	5.79	5.82	4940675	29315388.00
20130122	5.82	5.89	5.71	5.85	3157766	18517152.00
20130123	5.85	6.04	5.80	6.03	5254651	31405720.00
20130124	5.99	6.07	5.66	5.68	5141771	30574680.00
20130125	5.67	5.74	5.49	5.60	2785793	15694348.00
20130128	5.61	5.73	5.56	5.72	1897352	10831824.00
20130129	5.74	5.75	5.68	5.74	1711043	9860225.00
20130130	5.77	5.82	5.68	5.79	1974088	11457548.00
20130131	5.77	5.78	5.63	5.71	1593699	9188694.00
20130201	5.72	5.77	5.68	5.75	2207927	12777360.00
20130204	5.71	5.90	5.70	5.89	3695394	21718572.00
20130205	5.86	5.92	5.71	5.91	3669183	21632408.00
20130206	5.81	5.85	5.65	5.72	5108101	29527516.00
20130207	5.74	5.79	5.62	5.69	2899185	16626458.00
20130208	5.66	5.79	5.66	5.76	3596114	20848394.00
20130218	5.76	5.89	5.73	5.83	3762903	22051738.00
20130219	5.83	5.89	5.68	5.72	2251795	13072297.00
20130220	5.74	5.87	5.68	5.85	3798785	22330274.00
20130221	5.85	6.26	5.83	5.97	12967573	79076008.00
20130222	5.98	6.20	5.85	6.05	8004549	49054460.00
20130225	6.07	6.19	5.97	6.07	4929240	30318176.00
20130226	6.06	6.54	6.04	6.28	10371684	66129600.00
20130227	6.25	6.44	6.15	6.38	6307187	40023792.00
20130228	6.30	6.44	6.21	6.37	5477303	34915956.00
20130301	6.32	6.35	6.15	6.28	5051448	31782022.00
20130304	6.26	6.26	5.99	6.08	4689400	28881356.00
20130305	6.08	6.15	5.98	6.15	3708578	22777228.00
20130306	6.16	6.25	6.05	6.22	3775549	23453800.00
20130307	6.18	6.27	5.95	6.06	3492902	21585132.00
20130308	6.05	6.13	6.01	6.07	2337634	14333750.00
20130311	6.07	6.08	5.92	5.99	2197048	13280797.00
20130312	5.98	6.03	5.68	5.75	3402818	20040764.00
20130313	5.72	5.75	5.60	5.70	1920374	10969498.00
20130314	5.66	5.73	5.63	5.70	1038912	5961744.00
20130315	5.68	5.74	5.57	5.62	1661551	9494957.00
20130318	5.62	5.63	5.50	5.55	1442338	8062541.00
20130319	5.54	5.60	5.51	5.60	1084746	6097372.00
20130320	5.61	5.72	5.61	5.70	2014770	11559685.00
20130321	5.71	5.78	5.66	5.70	1724967	9944365.00
20130322	5.70	5.81	5.66	5.74	1883349	10948244.00
20130325	5.75	5.82	5.69	5.78	1506194	8745150.00
20130326	5.78	5.78	5.59	5.64	1294039	7381222.00
20130327	5.64	5.68	5.60	5.65	1386285	7888520.00
20130328	5.63	5.63	5.30	5.33	2393131	13149972.00
20130329	5.35	5.44	5.35	5.40	989842	5393495.00
20130401	5.42	5.50	5.35	5.41	1094772	6022791.00
20130402	5.49	5.49	5.38	5.41	552997	3025442.00
20130403	5.44	5.44	5.30	5.34	867262	4693376.00
20130408	5.34	5.34	5.13	5.26	1417767	7453662.00
20130409	5.23	5.32	5.19	5.30	953795	5081196.00
20130410	5.29	5.37	5.23	5.34	1413999	7588296.00
20130411	5.38	5.39	5.29	5.30	736101	3961113.00
20130412	5.41	5.58	5.30	5.37	3027266	16633509.00
20130415	5.24	5.24	5.08	5.18	1595237	8292941.00
20130416	5.13	5.23	5.06	5.19	869302	4505276.00
20130417	5.18	5.22	5.12	5.18	838353	4365948.00
20130418	5.14	5.22	5.13	5.19	968915	5067433.00
20130419	5.16	5.29	5.16	5.27	1692707	8970288.00
20130422	5.24	5.32	5.22	5.31	1114497	5909640.00
20130423	5.29	5.34	5.13	5.14	1638110	8628506.00
20130424	5.26	5.28	5.16	5.25	1722620	9098790.00
20130425	5.26	5.32	5.18	5.27	1423570	7570444.00
20130426	5.30	5.37	5.21	5.27	1405548	7504746.00
20130502	5.29	5.48	5.24	5.48	2380597	12952152.00
20130503	5.45	5.53	5.41	5.47	1699669	9393904.00
20130506	5.47	5.63	5.43	5.61	2336792	13058159.00
20130507	5.57	5.64	5.50	5.59	1678637	9428408.00
20130508	5.65	5.65	5.45	5.62	1936289	10830173.00
20130509	5.59	5.96	5.59	5.94	10048580	59137996.00
20130510	5.91	6.23	5.75	6.11	9701913	57934920.00
20130513	5.99	6.25	5.90	5.92	6233362	37646128.00
20130514	5.85	5.85	5.65	5.78	4022914	23223628.00
20130515	5.76	5.81	5.68	5.79	1526180	8860083.00
20130516	5.83	5.83	5.70	5.75	2524710	14697826.00
20130517	5.75	5.79	5.70	5.77	1797048	10433534.00
20130520	5.79	5.85	5.72	5.80	3052826	17793908.00
20130521	5.81	6.02	5.81	5.99	4629265	27617424.00
20130522	5.99	6.01	5.80	5.84	2751452	16319148.00
20130523	5.82	5.87	5.70	5.74	1989037	11576641.00
20130524	5.70	5.84	5.70	5.83	1744616	10161811.00
20130527	5.85	5.86	5.75	5.79	1703948	9982552.00
20130528	5.79	5.95	5.77	5.90	2502901	14844112.00
20130529	5.87	5.95	5.85	5.94	1868113	11108278.00
20130530	5.90	5.98	5.88	5.96	2116851	12683978.00
20130531	5.96	5.99	5.83	5.85	1717121	10258362.00
20130603	5.85	5.92	5.76	5.77	1148685	6777290.00
20130604	5.79	5.81	5.60	5.63	1653686	9467276.00
20130605	5.63	5.76	5.62	5.72	938092	5377637.00
20130606	5.71	5.77	5.65	5.68	1093611	6299726.00
20130607	5.72	5.73	5.56	5.62	1010369	5723420.00
20130613	5.60	5.60	5.22	5.35	1230947	6623591.00
20130614	5.35	5.53	5.30	5.45	928787	5048706.00
20130617	5.43	5.45	5.26	5.34	1388682	7474287.00
20130618	5.34	5.37	5.27	5.29	1343845	7213003.00
20130619	5.31	5.32	5.18	5.29	878272	4649963.00
20130620	5.28	5.28	5.14	5.15	672850	3538861.00
20130621	5.10	5.26	4.96	5.25	1298286	6656917.00
20130624	5.19	5.19	4.84	4.90	1143055	5749171.00
20130625	4.84	4.92	4.41	4.72	1975174	9236980.00
20130626	4.71	4.77	4.64	4.73	1279500	6100941.00
20130627	4.75	4.79	4.55	4.58	1505764	7093322.00
20130628	4.58	4.67	4.51	4.62	752830	3491396.00
20130701	4.60	4.75	4.55	4.74	882476	4155808.00
20130702	4.73	4.77	4.69	4.76	976641	4658477.00
20130703	4.72	4.72	4.56	4.64	751223	3518457.00
20130704	4.64	4.76	4.57	4.67	929633	4388920.00
20130705	4.66	4.75	4.65	4.68	921933	4376465.00
20130708	4.63	4.63	4.41	4.42	962123	4353547.00
20130709	4.43	4.48	4.37	4.46	822276	3693556.00
20130710	4.43	4.61	4.43	4.60	1000799	4594590.00
20130711	4.61	4.78	4.60	4.74	1462135	6945768.00
20130712	5.10	5.18	4.93	4.95	8970818	45880416.00
20130715	4.92	4.94	4.78	4.88	3883194	19099516.00
20130716	4.88	5.00	4.80	4.97	2145689	10654078.00
20130717	4.92	4.97	4.82	4.86	1853497	9156635.00
20130718	4.82	4.88	4.79	4.81	964999	4708580.00
20130719	4.86	4.89	4.76	4.79	1272312	6197769.00
20130722	4.73	4.83	4.65	4.83	954595	4590388.00
20130723	4.83	4.90	4.75	4.88	1481149	7253636.00
20130724	4.87	4.88	4.78	4.85	1028358	5017625.00
20130725	4.92	5.03	4.86	4.90	2448110	12201654.00
20130726	4.90	4.91	4.80	4.83	630293	3084347.00
20130729	4.80	4.80	4.60	4.64	1549379	7316674.00
20130730	4.65	4.76	4.60	4.67	887810	4216740.00
20130731	4.71	4.84	4.65	4.83	962266	4617680.00
20130801	4.77	4.90	4.73	4.86	1341593	6538481.00
20130802	4.88	4.91	4.78	4.85	1227888	6035162.00
20130805	4.86	4.91	4.80	4.91	1468256	7233341.00
20130806	4.91	4.98	4.88	4.96	1383328	6909648.00
20130807	4.97	5.06	4.90	5.03	2774047	13985444.00
20130808	4.99	4.99	4.86	4.90	2240696	11118006.00
20130809	4.90	4.95	4.81	4.90	1371450	6782460.00
20130812	4.89	4.99	4.89	4.98	2079043	10388220.00
20130813	5.00	5.04	4.95	5.02	1601591	8087845.00
20130814	5.03	5.05	4.96	4.99	1816712	9195915.00
20130815	4.99	5.02	4.94	4.98	1735199	8737946.00
20130816	4.96	5.04	4.88	4.91	1902585	9519124.00
20130819	4.89	4.97	4.86	4.97	1140280	5677725.00
20130820	4.98	5.06	4.94	5.03	2562807	12998239.00
20130821	5.01	5.05	4.96	5.03	1028316	5202257.00
20130822	5.02	5.07	4.99	5.02	1339868	6823420.00
20130823	5.02	5.08	4.90	5.00	1180465	5960224.00
20130826	5.00	5.14	4.97	5.14	2311539	11852551.00
20130827	5.13	5.15	5.08	5.14	1753967	9076467.00
20130828	5.12	5.16	5.07	5.11	2026213	10472398.00
20130829	5.11	5.35	5.08	5.31	4473157	23681796.00
20130830	5.31	5.45	5.11	5.17	3022857	15995347.00
20130902	5.19	5.29	5.12	5.19	1788823	9378730.00
20130903	5.20	5.31	5.18	5.29	1833814	9746137.00
20130904	5.32	5.34	5.27	5.29	1451506	7768784.00
20130905	5.25	5.32	5.24	5.27	1121828	5971395.00
20130906	5.25	5.29	5.21	5.29	1172444	6218093.00
20130909	5.27	5.38	5.27	5.33	1878324	10093021.00
20130910	5.35	5.42	5.33	5.37	2302895	12468226.00
20130911	5.37	5.50	5.31	5.46	2945874	16091476.00
20130912	5.44	5.46	5.39	5.42	1611499	8815571.00
20130913	5.42	5.50	5.37	5.48	2904753	15981914.00
20130916	5.48	5.57	5.41	5.45	1810421	10033359.00
20130917	5.45	5.48	5.27	5.28	2541401	13673862.00
20130918	5.27	5.38	5.27	5.34	1272241	6837577.00
20130923	5.33	5.39	5.28	5.38	1368236	7388225.00
20130924	5.38	5.63	5.38	5.44	3057850	16900196.00
20130925	5.40	5.45	5.35	5.42	1509790	8218549.00
20130926	5.43	5.51	5.35	5.50	3480586	19117900.00
20130927	5.49	5.64	5.46	5.55	3206609	18000684.00
20130930	5.59	5.80	5.51	5.74	3799749	21860060.00
20131008	5.75	5.77	5.58	5.70	2918677	16669932.00
20131009	5.70	5.73	5.63	5.71	1843936	10598123.00
20131010	5.71	5.83	5.65	5.68	2674970	15510430.00
20131011	5.67	5.72	5.58	5.71	2438372	13884742.00
20131014	5.71	5.72	5.65	5.71	1618490	9283289.00
20131015	5.68	5.71	5.56	5.64	1730859	9844285.00
20131016	5.63	5.63	5.49	5.57	1749443	9803424.00
20131017	5.57	5.79	5.51	5.71	2690286	15551795.00
20131018	5.67	5.71	5.56	5.64	863178	4897997.00
20131021	5.64	5.68	5.59	5.68	1070926	6111204.00
20131022	5.65	5.68	5.62	5.68	1746121	9947533.00
20131023	5.68	5.73	5.47	5.53	2536293	14314011.00
20131024	5.53	5.55	5.38	5.38	1076655	5925815.00
20131025	5.37	5.38	5.12	5.17	2752301	14687826.00
20131028	5.14	5.22	5.07	5.16	2185376	11323013.00
20131029	5.15	5.21	4.86	4.98	2137503	10866184.00
20131030	4.98	5.09	4.93	5.08	904888	4598987.00
20131031	5.10	5.13	5.02	5.12	1092184	5605236.00
20131101	5.10	5.18	5.08	5.16	769606	4000689.00
20131104	5.20	5.21	5.15	5.19	555147	2904091.00
20131105	5.18	5.25	5.07	5.23	1072560	5615009.00
20131106	5.23	5.28	5.18	5.19	1042286	5506124.00
20131107	5.16	5.23	5.11	5.12	539880	2821537.00
20131108	5.32	5.38	5.16	5.19	4729077	25147808.00
20131111	5.15	5.15	4.96	5.08	1996760	10132224.00
20131112	5.03	5.13	5.03	5.09	1652623	8484651.00
20131113	5.08	5.09	4.95	4.96	1240741	6294414.00
20131114	4.98	5.10	4.92	5.03	919734	4643305.00
20131115	5.04	5.20	5.04	5.12	2348823	12191741.00
20131118	5.12	5.23	5.11	5.21	1625507	8518578.00
20131119	5.20	5.28	5.18	5.24	1432272	7566494.00
20131120	5.24	5.31	5.21	5.31	1872843	9963850.00
20131121	5.29	5.30	5.19	5.27	1457624	7709201.00
20131122	5.27	5.30	5.23	5.24	1042903	5536881.00
20131125	5.24	5.32	5.21	5.25	949227	5056482.00
20131126	5.25	5.34	5.24	5.28	1176576	6277610.00
20131127	5.29	5.34	5.26	5.33	1638401	8771276.00
20131128	5.33	5.43	5.32	5.38	1651551	8970947.00
20131129	5.39	5.53	5.32	5.48	3255201	17837760.00
20131202	5.40	5.43	5.11	5.12	2381848	12613827.00
20131203	5.10	5.26	5.08	5.23	1044963	5459680.00
20131204	5.20	5.35	5.20	5.31	1350988	7220024.00
20131205	5.30	5.35	5.29	5.33	1948111	10469664.00
20131206	5.34	5.43	5.32	5.35	1533432	8319111.00
20131209	5.34	5.39	5.28	5.34	1853900	9969055.00
20131210	5.36	5.37	5.30	5.35	1193130	6425370.00
20131211	5.33	5.33	5.27	5.30	1065559	5698660.00
20131212	5.28	5.34	5.27	5.30	982463	5261402.00
20131213	5.29	5.37	5.26	5.33	1833750	9848622.00
20131216	5.34	5.34	5.20	5.20	1155372	6128935.00
20131217	5.19	5.23	5.17	5.22	1007676	5291428.00
20131218	5.20	5.23	5.18	5.21	546651	2871543.00
20131219	5.23	5.26	5.19	5.20	1163600	6131319.00
20131220	5.20	5.21	5.03	5.05	1453573	7524422.00
20131223	5.06	5.06	4.96	5.00	941990	4769717.00
20131224	4.97	5.09	4.97	5.05	712899	3631023.00
20131225	5.05	5.13	5.04	5.11	605841	3111270.00
20131226	5.10	5.11	5.00	5.01	709700	3611925.00
20131227	5.02	5.27	5.02	5.14	1655913	8602757.00
20131230	5.12	5.20	5.09	5.18	1668678	8663052.00
20131231	5.14	5.18	5.11	5.14	937696	4871004.00
20140102	5.15	5.17	5.12	5.16	942101	4892418.00
20140103	5.16	5.16	5.04	5.07	1029090	5299800.00
20140106	5.04	5.07	4.90	4.91	958185	4808315.00
20140107	4.92	5.00	4.87	4.95	819472	4098088.00
20140108	4.94	5.01	4.88	4.95	1050798	5248295.00
20140109	4.95	5.01	4.90	4.94	649151	3254252.00
20140110	4.95	4.96	4.81	4.89	872400	4297718.00
20140113	4.86	4.90	4.76	4.81	672604	3273019.00
20140114	4.81	4.88	4.78	4.86	407950	1992630.00
20140115	4.88	4.88	4.84	4.86	368229	1807321.00
20140116	4.86	4.93	4.86	4.86	551500	2721969.00
20140117	4.86	4.87	4.77	4.78	369304	1799847.00
20140120	4.82	4.84	4.75	4.80	449753	2177380.00
20140121	4.81	4.87	4.80	4.85	443267	2168972.00
20140122	4.89	4.97	4.85	4.97	1277967	6367779.00
20140123	4.96	4.96	4.92	4.94	949972	4740924.00
20140124	4.95	5.03	4.93	5.00	713666	3596306.00
20140127	4.99	5.06	4.97	5.04	1446217	7335397.00
20140128	5.05	5.10	5.02	5.05	1329997	6806401.00
20140129	5.09	5.09	5.02	5.08	833553	4251944.00
20140130	5.08	5.08	5.01	5.05	800786	4066007.00
20140207	5.02	5.09	4.99	5.09	1013726	5182059.00
20140210	5.08	5.19	5.07	5.17	1483600	7727292.00
20140211	5.17	5.22	5.15	5.19	1228495	6423004.00
20140212	5.18	5.25	5.18	5.25	1749911	9214396.00
20140213	5.24	5.35	5.21	5.23	3015010	16124967.00
20140214	5.22	5.72	5.20	5.70	10130025	56521088.00
20140217	5.67	5.83	5.63	5.72	6531323	37793656.00
20140218	5.73	5.73	5.55	5.61	3288603	18592926.00
20140219	5.60	5.66	5.46	5.53	3664601	20499640.00
20140220	5.50	5.53	5.40	5.42	2712374	14923333.00
20140221	5.41	5.48	5.36	5.47	1544724	8440943.00
20140224	5.40	5.48	5.33	5.45	1432977	7813910.00
20140225	5.47	5.51	5.15	5.20	2511508	13553514.00
20140226	5.17	5.31	5.15	5.30	1777857	9398420.00
20140227	5.27	5.35	5.20	5.24	1394390	7441204.00
20140228	5.22	5.30	5.16	5.25	3354944	17634326.00
20140303	5.26	5.36	5.22	5.36	3917559	21000276.00
20140304	5.33	5.37	5.25	5.34	2008272	10791338.00
20140305	5.34	5.39	5.29	5.31	1499480	8059161.00
20140306	5.30	5.36	5.25	5.34	1976225	10572852.00
20140307	5.38	5.38	5.30	5.35	1875997	10114339.00
20140310	5.30	5.30	5.07	5.14	4294943	22477794.00
20140311	5.10	5.21	5.05	5.18	1196294	6223883.00
20140312	5.18	5.26	5.14	5.24	1500790	7884176.00
20140313	5.25	5.33	5.23	5.32	1822744	9705587.00
20140314	5.31	5.35	5.26	5.34	773131	4137088.00
20140317	5.35	5.39	5.33	5.37	1530153	8262214.00
20140318	5.35	5.40	5.34	5.37	1193827	6473680.00
20140319	5.45	5.54	5.37	5.54	4227209	23290958.00
20140320	5.50	5.56	5.42	5.43	2359497	13108508.00
20140321	5.43	5.62	5.39	5.53	2341404	13013867.00
20140324	5.53	5.67	5.51	5.61	2696828	15288611.00
20140325	5.58	5.65	5.52	5.54	2170667	12213598.00
20140326	5.57	5.60	5.50	5.57	1639972	9187734.00
20140327	5.56	5.64	5.52	5.58	1600750	9036810.00
20140328	5.56	5.73	5.56	5.67	3563505	20319922.00
20140331	5.65	5.70	5.40	5.48	2176053	12190563.00
20140401	5.45	5.55	5.38	5.55	2048751	11313030.00
20140402	5.55	5.80	5.51	5.69	4345885	25002506.00
20140403	5.70	5.78	5.60	5.67	2282950	13105847.00
20140404	5.62	5.91	5.62	5.84	5153842	30158944.00
20140408	5.84	5.89	5.77	5.87	2325277	13702407.00
20140409	5.88	5.88	5.69	5.71	5914700	34388052.00
20140410	5.74	5.78	5.68	5.76	3680409	21290934.00
20140411	5.75	5.81	5.66	5.76	3490137	20159272.00
20140414	5.73	5.82	5.69	5.79	2608091	15135611.00
20140415	5.75	6.10	5.75	6.03	8029725	48488180.00
20140416	5.97	6.09	5.91	6.04	3768508	22802520.00
20140417	6.01	6.37	6.01	6.11	7024671	43959352.00
20140418	6.10	6.45	6.06	6.44	10622743	67313448.00
20140421	6.33	6.95	6.25	6.64	18235174	122040944.00
20140422	6.65	6.72	6.45	6.64	9887907	65521556.00
20140423	6.55	6.59	6.10	6.14	10695330	67174136.00
20140424	6.15	6.19	5.98	6.07	7143336	43916608.00
20140425	6.03	6.15	5.85	5.86	5676754	34406636.00
20140428	5.84	5.86	5.55	5.56	4212759	24016326.00
20140429	5.56	5.80	5.53	5.78	3245379	18576428.00
20140430	5.76	5.76	5.61	5.69	2764822	15853026.00
20140505	5.63	5.86	5.61	5.79	3221717	18672414.00
20140506	5.79	5.83	5.71	5.80	2615164	15232963.00
20140507	5.81	5.81	5.58	5.63	3291763	18834356.00
20140508	5.60	5.70	5.53	5.67	2951943	16747733.00
20140509	5.67	5.72	5.53	5.70	2929430	16636291.00
20140512	5.75	5.84	5.69	5.81	3498172	20407422.00
20140513	5.80	5.86	5.77	5.84	2005142	11760108.00
20140514	5.80	5.85	5.75	5.79	1852669	10807204.00
20140515	5.80	5.84	5.65	5.71	1936529	11255649.00
20140516	5.73	5.74	5.42	5.56	3914168	21948762.00
20140519	5.52	5.66	5.43	5.65	1687346	9446527.00
20140520	5.64	5.69	5.62	5.64	1254600	7150703.00
20140521	5.63	5.70	5.59	5.69	1292180	7356747.00
20140522	5.68	5.80	5.66	5.70	1793096	10369957.00
20140523	5.75	5.78	5.66	5.73	976606	5630914.00
20140526	5.77	5.85	5.74	5.82	2570118	15051613.00
20140527	5.82	5.85	5.78	5.81	1248365	7311549.00
20140528	5.79	5.86	5.77	5.83	1746077	10230507.00
20140529	5.82	5.86	5.64	5.64	2882864	16713264.00
20140530	5.63	5.71	5.62	5.67	1726351	9859957.00
20140603	5.67	5.73	5.64	5.68	1887182	10818697.00
20140604	5.68	5.70	5.60	5.67	1182334	6722071.00
20140605	5.68	6.03	5.62	5.97	5766995	34157096.00
20140606	5.95	5.98	5.87	5.93	2432115	14506983.00
20140609	5.90	5.99	5.85	5.88	2341339	13977674.00
20140610	5.87	6.12	5.86	6.10	4041551	24384900.00
20140611	6.07	6.19	6.03	6.14	3209432	19764828.00
20140612	6.12	6.14	6.01	6.02	1877576	11477891.00
20140613	6.02	6.11	5.97	6.08	1844034	11251600.00
20140616	6.05	6.13	6.03	6.04	1894611	11602689.00
20140617	6.04	6.17	5.97	6.12	3532017	21621706.00
20140618	6.14	6.15	5.93	5.96	2319778	14103617.00
20140619	5.95	6.03	5.76	5.82	2275610	13531153.00
20140620	5.77	5.91	5.77	5.90	1619405	9517474.00
20140623	5.90	6.02	5.89	5.99	1610147	9652339.00
20140624	5.96	6.08	5.96	6.05	1459882	8881203.00
20140625	6.05	6.40	6.01	6.35	8322224	52333360.00
20140626	6.34	6.38	6.25	6.34	3678834	23448232.00
20140627	6.35	6.37	6.26	6.34	2630470	16773153.00
20140630	6.33	6.58	6.25	6.31	5050038	32474628.00
20140701	6.29	6.47	6.23	6.44	3885121	24948732.00
20140702	6.41	6.52	6.35	6.44	2198877	14253717.00
20140703	6.40	6.50	6.40	6.44	2072448	13482433.00
20140704	6.44	6.44	6.33	6.37	1859249	11941741.00
20140707	6.33	6.67	6.33	6.61	4259602	28119956.00
20140708	6.59	6.70	6.49	6.60	2282860	15125684.00
20140709	6.59	6.66	6.41	6.44	2832734	18707280.00
20140710	6.45	6.49	6.35	6.47	1742582	11288670.00
20140711	6.46	6.70	6.41	6.61	2327998	15464462.00
20140714	6.62	6.74	6.55	6.69	2906755	19536960.00
20140715	6.68	7.30	6.61	7.10	10163622	71746744.00
20140716	7.07	7.11	6.87	6.95	5287354	37134948.00
20140717	6.95	7.10	6.83	6.93	5681650	39879720.00
20140718	6.90	7.11	6.85	6.86	3438578	24125466.00
20140721	6.86	7.42	6.85	7.24	7084546	51044744.00
20140722	7.22	7.33	7.10	7.24	4702127	34206048.00
20140723	7.24	7.38	7.02	7.03	5784286	41846060.00
20140724	6.97	7.11	6.86	6.90	3828561	26823586.00
20140725	6.90	7.14	6.90	6.98	3311732	23434226.00
20140728	6.98	7.09	6.91	7.01	3413163	24048018.00
20140729	7.01	7.18	6.94	7.05	4045012	28754904.00
20140730	7.04	7.33	7.01	7.21	4236201	30638864.00
20140731	7.21	7.26	7.05	7.22	3308090	23802712.00
20140801	7.24	7.25	7.10	7.13	3272022	23666640.00
20140804	7.09	7.24	7.08	7.20	2399326	17370118.00
20140805	7.16	7.53	7.16	7.40	5425513	40363176.00
20140806	7.40	7.47	7.31	7.42	2399785	17854832.00
20140807	7.42	7.50	7.27	7.31	2798682	20657888.00
20140808	7.21	7.41	7.21	7.37	1646327	12085833.00
20140811	7.37	7.52	7.32	7.50	2080399	15450337.00
20140812	7.48	7.59	7.39	7.46	2760944	20682130.00
20140813	7.47	7.49	7.31	7.49	2463310	18233612.00
20140814	7.45	7.90	7.40	7.72	4383166	33343432.00
20140815	7.66	7.98	7.59	7.96	4091959	31959512.00
20140818	7.96	8.09	7.84	7.94	3168087	25113574.00
20140819	7.90	8.34	7.84	8.33	5274737	43161080.00
20140820	8.33	8.63	8.18	8.22	4493800	37546700.00
20140821	8.26	8.42	8.17	8.35	3583090	29705780.00
20140822	8.22	8.40	8.22	8.36	2127110	17664440.00
20140825	8.34	8.61	8.30	8.54	3271777	27849704.00
20140826	8.51	8.59	8.11	8.14	3852155	31975124.00
20140827	8.10	8.19	7.95	8.04	3938255	31836184.00
20140828	8.03	8.18	7.90	7.96	2350277	18882648.00
20140829	7.90	8.12	7.88	8.09	1794155	14481846.00
20140901	8.09	8.34	8.03	8.27	2933431	24183948.00
20140902	8.35	8.62	8.26	8.48	3574712	30282800.00
20140903	8.48	8.63	8.40	8.51	2855169	24337772.00
20140904	8.55	8.58	8.48	8.52	2317173	19739492.00
20140905	8.53	9.05	8.48	8.93	5829552	51367688.00
20140909	9.00	9.01	8.77	8.95	2739245	24397616.00
20140910	8.91	9.10	8.78	8.95	3556485	31580546.00
20140911	8.94	9.08	8.83	8.98	3460629	31059120.00
20140912	8.97	9.29	8.88	9.26	3348612	30644978.00
20140915	9.26	9.45	9.20	9.38	2975630	27765520.00
20140916	9.38	9.45	8.71	8.77	4528577	41103884.00
20140917	8.72	9.34	8.64	9.26	5380378	48079564.00
20140918	9.19	9.35	9.12	9.23	3430131	31677488.00
20140919	9.11	9.76	9.11	9.72	6440383	61334280.00
20140922	9.67	9.90	9.41	9.81	4544451	43711004.00
20140923	9.74	10.49	9.60	10.40	7082838	71423008.00
20140924	10.30	10.88	10.25	10.52	6260720	65851088.00
20140925	10.51	10.56	10.25	10.34	5194310	53974264.00
20140926	10.30	10.45	10.08	10.21	3672883	37659892.00
20140929	10.25	10.43	10.12	10.40	3550675	36380932.00
20140930	10.45	10.76	10.15	10.69	5146844	53970352.00
20141008	10.64	10.80	10.42	10.70	3498127	37248640.00
20141009	10.74	10.77	10.53	10.55	3456062	36655248.00
20141010	10.35	10.43	10.02	10.09	6411371	65060076.00
20141013	9.98	9.98	9.58	9.72	5951281	58199608.00
20141014	9.66	9.94	9.62	9.76	4260484	41832328.00
20141015	9.75	10.03	9.70	10.00	3097773	30573818.00
20141016	9.93	10.50	9.73	10.30	5170783	52637824.00
20141017	10.22	10.36	9.50	9.83	3790394	37532120.00
20141020	9.83	9.97	9.66	9.94	2025418	19909844.00
20141021	9.95	9.98	9.67	9.71	1842554	18152912.00
20141022	9.68	9.90	9.61	9.89	2033637	19792304.00
20141023	10.12	10.28	9.30	9.32	6824595	67352648.00
20141024	9.11	9.38	8.90	9.06	3814795	34837940.00
20141027	9.10	9.24	8.97	9.18	2009136	18327684.00
20141028	9.24	9.68	9.19	9.57	3031120	28668726.00
20141029	9.58	9.77	9.52	9.62	2491752	24035806.00
20141030	9.60	9.73	9.49	9.49	2235237	21437648.00
20141031	9.52	9.63	9.45	9.52	2050642	19576090.00
20141103	9.55	9.56	9.12	9.51	7939754	73909368.00
20141104	9.43	9.81	9.33	9.80	6682650	64359376.00
20141105	9.79	9.98	9.59	9.74	3976172	38954284.00
20141106	9.74	9.95	9.61	9.77	3472297	34043560.00
20141107	9.76	9.82	9.44	9.56	2970130	28645804.00
20141110	9.50	9.62	9.31	9.43	2261870	21270416.00
20141111	9.40	9.43	8.68	8.70	5810742	52036776.00
20141112	8.72	8.88	8.67	8.88	2204579	19332464.00
20141113	8.84	8.91	8.49	8.56	3508333	30299980.00
20141114	8.53	8.62	8.46	8.59	1841892	15745553.00
20141117	8.60	8.86	8.42	8.85	2679895	23399396.00
20141118	8.84	9.07	8.80	8.90	2078950	18595936.00
20141119	8.92	9.37	8.80	9.29	4099777	37589232.00
20141120	9.25	9.45	9.05	9.42	2924875	27057822.00
20141121	9.38	9.42	9.20	9.41	2764636	25752014.00
20141124	9.59	10.35	9.41	10.35	9109660	92274880.00
20141125	11.39	11.39	9.80	9.89	16793966	170882992.00
20141126	9.90	9.90	9.53	9.69	11705193	113029832.00
20141127	9.66	9.84	9.59	9.73	6997280	68056336.00
20141128	9.66	9.84	9.62	9.66	5035227	48860664.00
20141201	9.70	9.75	9.27	9.32	6244782	58966168.00
20141202	9.34	9.52	9.30	9.41	3822135	35986980.00
20141203	9.43	9.46	9.18	9.32	5944066	55125828.00
20141204	9.27	9.41	9.27	9.38	4826195	45158576.00
20141205	9.34	9.39	8.91	9.08	7783864	70663544.00
20141208	9.01	9.01	8.80	8.92	6274513	55836032.00
20141209	8.90	8.92	8.31	8.33	9840730	84315768.00
20141210	8.30	8.61	8.22	8.57	4520126	38174424.00
20141211	8.50	8.81	8.45	8.80	5762052	49975004.00
20141212	8.75	8.90	8.73	8.83	3495593	30772222.00
20141215	8.77	8.94	8.74	8.93	4436532	39336256.00
20141216	8.95	9.02	8.85	8.91	3359611	29962600.00
20141217	8.91	8.91	8.53	8.62	4397351	38226752.00
20141218	8.62	8.76	8.53	8.76	2405710	20906528.00
20141219	8.70	8.85	8.62	8.76	4292123	37534740.00
20141222	8.77	8.77	7.88	7.89	6335609	51707552.00
20141223	7.95	8.07	7.78	7.83	3193864	25349094.00
20141224	7.86	8.14	7.80	8.07	3283654	26068236.00
20141225	8.07	8.34	8.03	8.23	2916522	23944880.00
20141226	8.23	8.50	8.20	8.49	4027448	33830372.00
20141229	8.48	8.50	8.20	8.28	2751317	22901060.00
20141230	8.26	8.29	7.95	8.01	2325500	18779762.00
20141231	8.01	8.12	7.97	8.04	2591595	20815358.00
20150105	8.04	8.24	8.03	8.20	2478750	20175980.00
20150106	8.17	8.37	8.13	8.35	2660169	21913464.00
20150107	8.38	8.41	8.28	8.36	2845740	23752600.00
20150108	8.38	8.62	8.27	8.58	4312925	36497496.00
20150109	8.53	8.59	8.00	8.31	3703667	31365780.00
20150112	8.25	8.31	8.02	8.07	1930903	15750891.00
20150113	8.10	8.13	8.03	8.12	1708271	13820620.00
20150114	8.12	8.13	8.00	8.03	1821088	14701518.00
20150115	8.03	8.20	7.99	8.13	1965500	15935928.00
20150116	8.13	8.25	8.09	8.23	1532000	12504947.00
20150119	8.15	8.32	7.91	8.04	3187934	25939300.00
20150120	8.02	8.30	8.01	8.30	2536270	20864680.00
20150121	8.26	8.66	8.26	8.60	5480971	46710964.00
20150122	8.63	8.79	8.50	8.73	3782600	32767128.00
20150123	8.75	9.44	8.68	9.22	14146223	128130312.00
20150126	9.15	9.22	8.95	9.21	8294278	75101432.00
20150127	9.12	9.39	9.01	9.20	6676133	61406784.00
20150128	9.17	9.31	9.07	9.10	4087683	37433664.00
20150129	9.08	9.18	8.93	9.00	5631246	50820552.00
20150130	9.00	9.06	8.80	8.82	2768851	24727612.00
20150202	8.78	8.90	8.58	8.86	2371484	20777604.00
20150203	8.86	9.14	8.82	9.06	3568629	32170806.00
20150204	9.06	9.08	8.94	8.99	2218300	19997178.00
20150205	9.04	9.24	8.91	9.08	6202641	56293056.00
20150206	9.05	9.07	8.75	8.82	2957101	26226124.00
20150209	8.68	8.94	8.68	8.82	1524333	13467035.00
20150210	8.80	9.04	8.63	8.91	5236270	46164776.00
20150211	8.90	8.97	8.81	8.87	1895208	16839302.00
20150212	8.91	9.02	8.84	9.02	2230321	19957296.00
20150213	9.05	9.27	9.05	9.17	4475084	41155272.00
20150216	9.17	9.32	9.12	9.31	4163249	38462272.00
20150217	9.30	9.38	9.26	9.32	2679414	24985268.00
20150225	9.32	9.35	9.19	9.31	2313754	21465856.00
20150226	9.25	9.53	9.25	9.52	4105816	38592292.00
20150227	9.53	9.58	9.43	9.50	3571204	33907056.00
20150302	9.50	9.75	9.42	9.63	5412510	51806940.00
20150303	9.79	9.86	9.50	9.55	8460035	82265584.00
20150304	9.56	9.68	9.45	9.64	4629929	44439944.00
20150305	9.60	9.77	9.59	9.74	4771048	46164136.00
20150306	9.75	10.42	9.69	10.03	11651079	117978728.00
20150309	9.96	10.13	9.83	10.03	4602821	45955424.00
20150310	10.00	10.36	9.93	10.25	5769206	58921560.00
20150311	10.21	10.34	10.03	10.26	4246717	43201328.00
20150312	10.24	10.28	9.88	10.01	4211849	42324124.00
20150313	10.05	10.05	9.90	9.99	3684297	36729120.00
20150316	10.08	10.37	10.04	10.31	7670055	78419296.00
20150317	10.33	10.60	10.30	10.41	7228590	75532968.00
20150318	10.50	10.60	10.38	10.52	5832653	61145788.00
20150319	10.58	10.86	10.41	10.84	7981395	85526000.00
20150320	10.78	10.98	10.65	10.85	6520614	70706600.00
20150323	10.99	11.91	10.99	11.32	12264298	139292256.00
20150324	11.30	11.31	10.64	11.02	7957597	87713392.00
20150325	11.00	11.11	10.77	11.02	7600155	82738840.00
20150326	11.19	11.50	10.90	10.97	8991161	100655120.00
20150327	10.88	11.45	10.88	11.40	8159473	91297536.00
20150330	11.36	11.68	11.26	11.37	7106872	81318048.00
20150331	11.37	12.19	11.37	11.68	11963737	141892464.00
20150401	11.72	11.93	11.60	11.77	7035451	82376768.00
20150402	11.86	12.39	11.70	12.33	8885740	106566352.00
20150403	12.12	12.37	12.00	12.30	6890348	84294016.00
20150407	12.27	12.90	12.13	12.75	8668207	107930880.00
20150408	12.60	14.00	12.60	13.66	14496996	192139472.00
20150409	13.53	13.59	12.71	13.21	10094737	131971536.00
20150410	13.40	14.29	13.40	13.88	11576761	159824016.00
20150413	13.88	14.26	13.50	13.94	9271080	128645744.00
20150414	13.90	13.90	13.27	13.37	9997600	135018144.00
20151231	12.90	14.71	12.60	14.19	41119534	565719168.00
20160104	13.67	14.00	12.77	12.77	21169693	278801728.00
20160105	11.51	12.77	11.49	11.96	22353944	267850096.00
20160106	11.93	12.30	11.50	12.11	15359115	182964576.00
20160107	11.70	11.87	10.90	10.90	4231172	47464884.00
20160108	11.15	11.26	10.00	11.02	14145391	152531136.00
20160111	10.53	10.88	9.92	9.92	11249832	116465832.00
20160112	9.89	10.25	9.51	10.15	10009455	99748648.00
20160113	10.16	10.33	9.66	9.78	6555395	65919308.00
20160114	9.49	10.31	9.16	10.20	8248192	81033008.00
20160115	10.10	10.33	9.72	10.02	6050412	60610296.00
20160118	9.70	10.69	9.70	10.64	9856236	101543976.00
20160119	10.54	11.10	10.41	10.96	7480327	81170288.00
20160120	10.92	11.30	10.78	10.97	7465809	82598728.00
20160121	10.75	11.09	10.15	10.47	5240940	56487124.00
20160122	10.36	10.65	10.18	10.48	3637489	38011428.00
20160125	10.47	10.93	10.47	10.79	4839861	51777204.00
20160126	10.66	10.74	9.71	9.71	5708411	58153100.00
20160127	9.61	9.73	8.74	9.14	13135472	117539712.00
20160128	9.01	9.01	8.41	8.63	7355297	64528768.00
20160129	8.51	9.13	8.50	9.11	5995635	53264488.00
20160201	9.00	9.34	8.93	9.09	7072230	64797940.00
20160202	9.00	9.58	9.00	9.48	6356286	59630936.00
20160203	9.32	9.70	9.28	9.60	4257522	40373784.00
20160204	9.67	10.46	9.60	10.27	9027750	92051528.00
20160205	10.25	10.43	10.00	10.21	5545008	56950232.00
20160215	9.70	10.07	9.60	10.05	4102006	40447312.00
20160216	9.99	10.58	9.99	10.46	6791553	70580704.00
20160217	10.45	10.72	10.35	10.56	7484351	78761640.00
20160218	10.57	10.81	10.40	10.59	6623417	70311360.00
20160219	10.43	10.79	10.35	10.75	5784147	61098080.00
20160222	10.90	11.15	10.75	11.02	5433879	59553056.00
20160223	11.12	11.15	10.80	11.01	4612566	50496320.00
20160224	10.90	11.26	10.86	11.13	6170261	68246184.00
20160225	11.01	11.08	10.02	10.02	5783242	60436992.00
20160226	9.99	10.10	9.30	9.86	9175845	89421176.00
20160229	9.75	9.84	8.87	8.93	11165398	99997872.00
20160301	8.93	9.33	8.68	9.23	6872580	61457604.00
20160302	9.17	9.76	9.12	9.73	6604233	62294288.00
20160303	9.72	9.99	9.61	9.65	7012373	68656976.00
20160304	9.62	9.76	9.00	9.13	5076259	47676152.00
20160307	9.30	9.45	9.23	9.43	4464505	41760292.00
20160308	9.46	9.85	9.02	9.62	4511860	42351120.00
20160309	9.42	9.52	9.20	9.33	2933560	27557024.00
20160310	9.30	9.41	9.07	9.09	2052911	18987468.00
20160311	9.07	9.30	8.95	9.14	2595233	23649940.00
20160314	9.28	9.70	9.25	9.61	5864620	55757464.00
20160315	9.53	9.88	9.51	9.62	5722083	55410544.00
20160316	9.90	10.05	9.59	9.62	8991761	88117288.00
20160317	9.62	9.98	9.57	9.93	6955319	68484624.00
20160318	10.00	10.50	9.95	10.35	8338552	85245624.00
20160321	10.49	10.60	10.27	10.58	6869807	71933568.00
20160322	10.56	10.75	10.41	10.60	8160821	86371456.00
20160323	10.58	10.78	10.48	10.59	6951926	73924784.00
20160324	10.51	10.56	10.21	10.22	6375420	66237464.00
20160325	10.21	10.44	10.17	10.44	4018341	41550256.00
20160328	10.56	10.71	10.32	10.36	4969754	52450968.00
20160329	10.30	10.38	10.04	10.11	7953785	81086584.00
20160330	10.18	10.60	10.18	10.59	9073738	94169720.00
20160331	10.64	10.95	10.62	10.85	7975602	85823456.00
20160401	10.82	10.93	10.58	10.79	5355177	57623400.00
20160405	10.84	11.30	10.76	11.24	7845559	87186464.00
20160406	11.24	11.66	11.17	11.60	9417212	108103024.00
20160407	11.64	11.66	11.30	11.37	6731417	77093936.00
20160408	11.30	11.44	11.07	11.35	6728356	75575768.00
20160411	11.36	11.65	11.31	11.51	7889661	90804096.00
20160412	11.48	11.55	11.16	11.35	4550645	51629292.00
20160413	11.39	11.79	11.34	11.61	9700980	112377056.00
20160414	11.63	12.10	11.58	11.92	9051877	107404272.00
20160415	12.00	12.50	11.85	12.38	11761750	143841344.00
20160418	12.24	12.50	12.02	12.31	8715818	107011888.00
20160419	12.35	12.72	12.06	12.31	9377364	115631056.00
20160420	12.41	12.45	11.08	11.50	16579150	191110096.00
20160421	11.31	11.54	11.13	11.20	8367312	95291344.00
20160422	11.10	11.43	11.00	11.36	6392264	71852224.00
20160425	11.29	11.49	11.13	11.42	5737674	64971360.00
20160426	11.40	12.00	11.32	11.89	9956378	115979944.00
20160427	11.90	12.15	11.82	12.02	9284735	111296216.00
20160428	12.02	12.15	11.67	12.05	7920604	94435904.00
20160429	11.97	12.31	11.91	12.19	7626405	92895720.00
20160503	12.11	12.72	12.06	12.65	11402445	142122560.00
20160504	12.61	12.72	12.40	12.46	8280570	103858360.00
20160505	12.40	12.62	12.36	12.51	5248971	65557536.00
20160506	12.54	12.58	11.51	11.55	10945858	131681192.00
20160509	11.35	11.41	10.60	10.70	11274163	123665232.00
20160510	10.65	10.85	10.62	10.73	5779021	62097112.00
20160511	10.84	10.89	10.38	10.40	5407898	57422728.00
20160512	10.10	10.30	9.97	10.28	5532496	56035284.00
20160513	10.18	10.39	10.00	10.23	4743526	48737324.00
20160516	10.28	10.73	10.20	10.70	4677678	49174188.00
20160517	10.77	10.86	10.61	10.68	4161757	44656312.00
20160518	10.42	10.60	9.96	10.16	4959440	50880716.00
20160519	10.15	10.63	10.10	10.45	4973191	51784436.00
20160520	10.31	10.73	10.31	10.71	4818768	50927520.00
20160523	10.75	10.98	10.66	10.90	3972042	43204800.00
20160524	10.96	10.96	10.59	10.72	3948855	42300084.00
20160525	10.82	10.96	10.70	10.84	3698155	40134144.00
20160526	10.80	10.90	10.49	10.84	2791846	29799244.00
20160527	10.80	10.94	10.73	10.88	2355351	25584024.00
20160530	10.89	10.98	10.65	10.82	2367301	25682712.00
20160531	10.82	11.40	10.79	11.31	5330732	59650688.00
20160601	11.33	11.58	11.26	11.53	6837541	77829824.00
20160602	11.44	11.68	11.37	11.55	6228632	71653760.00
20160603	11.56	11.65	11.40	11.57	4984543	57411752.00
20160606	11.57	11.64	11.45	11.51	4069897	46938660.00
20160607	11.54	11.54	11.34	11.43	4147728	47300872.00
20160608	11.35	11.50	11.30	11.48	4746918	54173756.00
20160613	11.30	11.34	10.47	10.50	5456725	60059856.00
20160614	10.57	10.68	10.41	10.60	4148453	43813552.00
20160615	10.52	11.16	10.43	11.09	5329226	58415560.00
20160616	10.99	11.22	10.94	11.06	3699602	41138296.00
20160617	11.01	11.39	11.01	11.28	5337139	59797508.00
20160620	11.20	11.20	10.88	11.09	4115205	45536932.00
20160621	11.16	11.80	11.15	11.46	12302237	141979168.00
20160622	11.43	11.61	11.30	11.56	7312916	83864792.00
20160623	11.62	11.64	11.34	11.38	4010876	45840992.00
20160624	11.41	11.49	10.90	11.10	5864135	65437076.00
20160627	11.01	11.50	11.01	11.45	5891900	66522824.00
20160628	11.44	11.58	11.30	11.56	4407462	50458704.00
20160629	11.63	11.65	11.47	11.56	4878273	56411176.00
20160630	11.58	11.85	11.53	11.77	6239614	73066824.00
20160701	11.86	11.98	11.58	11.60	5252766	61772568.00
20160704	11.51	11.95	11.51	11.89	4914918	58041528.00
20160705	11.99	12.05	11.81	11.83	4695003	56029088.00
20160706	11.84	12.19	11.78	12.06	7184200	86325264.00
20160707	12.10	12.13	11.73	11.95	5007200	59846852.00
20160708	12.14	12.29	11.82	12.17	5258700	63106924.00
20160711	12.25	12.56	12.01	12.09	9254900	113662496.00
20160712	12.02	12.14	11.66	12.03	6689700	79806032.00
20160713	12.02	12.18	11.97	12.03	5431300	65457984.00
20160714	11.94	12.05	11.91	12.03	3436700	41191332.00
20160715	12.03	12.09	11.88	11.96	3493800	41750172.00
20160718	11.94	11.98	11.77	11.82	3824300	45403356.00
20160719	11.80	11.96	11.75	11.93	2389400	28347016.00
20160720	11.94	12.15	11.93	12.12	4366900	52529304.00
20160721	12.10	12.21	12.04	12.06	4877300	59072996.00
20160722	12.06	12.09	11.81	11.82	3912100	46652888.00
20160725	11.82	12.01	11.80	11.91	3994500	47606924.00
20160726	11.87	12.24	11.87	12.21	7230000	87701264.00
20160727	12.22	12.25	11.33	11.53	7076788	83658632.00
20160728	11.56	11.99	11.50	11.66	5071900	59596392.00
20160729	11.74	11.80	11.51	11.59	3144311	36525748.00
20160801	11.50	11.61	11.00	11.30	5890417	65978196.00
20160802	11.30	11.38	11.14	11.36	1937378	21900124.00
20160803	11.34	11.53	11.30	11.47	1945260	22287796.00
20160804	11.47	11.63	11.41	11.55	2873485	33126628.00
20160805	11.58	11.63	11.39	11.44	3217748	37099384.00
20160808	11.45	11.69	11.41	11.61	2967902	34386564.00
20160809	11.68	11.78	11.64	11.77	3084800	36145152.00
20160810	11.82	11.93	11.68	11.71	2550300	30110040.00
20160811	11.74	11.89	11.65	11.67	2251797	26400260.00
20160812	11.70	11.78	11.54	11.74	2062573	24080944.00
20160815	11.81	11.99	11.68	11.89	5930939	70274824.00
20160816	11.96	12.08	11.91	11.93	3960098	47411024.00
20160817	11.98	12.02	11.84	11.99	3741660	44724088.00
20160818	11.99	12.09	11.93	11.96	3455212	41448320.00
20160819	11.99	11.99	11.88	11.96	2717265	32406514.00
20160822	11.92	11.98	11.80	11.89	2827000	33549914.00
20160823	11.85	11.95	11.80	11.89	1887200	22440958.00
20160824	11.90	11.97	11.85	11.95	1961800	23397312.00
20160825	11.93	11.93	11.76	11.87	2891800	34191256.00
20160826	11.83	12.17	11.83	12.00	4739800	57104548.00
20160829	12.00	12.16	11.95	12.14	3928090	47459768.00
20160830	12.18	12.25	12.02	12.06	2943047	35692956.00
20160831	12.08	12.16	11.95	12.13	3092928	37345248.00
20160901	12.15	12.31	12.02	12.03	4827635	58786172.00
20160902	12.02	12.25	11.94	12.17	4737916	57335688.00
20160905	12.48	13.21	12.40	13.08	21843258	280843968.00
20160906	12.90	13.10	12.70	13.07	11957207	154201776.00
20160907	12.99	13.25	12.78	12.81	9437499	122042272.00
20160908	12.81	13.10	12.76	12.99	6451800	83210800.00
20160909	13.01	13.15	12.63	12.65	6207698	79983432.00
20160912	12.38	12.39	12.00	12.02	6896468	84243040.00
20160913	12.15	12.41	12.05	12.38	5437969	66665996.00
20160914	12.25	12.56	12.18	12.38	3865344	47925160.00
20160919	12.38	12.95	12.37	12.91	7617280	97025600.00
20160920	12.98	13.91	12.80	13.40	14102250	189228848.00
20160921	13.35	13.62	13.10	13.41	7055245	94466824.00
20160922	13.45	13.70	13.21	13.32	5897776	79224792.00
20160923	13.36	13.66	13.29	13.57	5356084	72010064.00
20160926	13.61	13.71	12.71	12.95	6089172	80882560.00
20160927	12.81	13.10	12.61	13.07	3904699	50324112.00
20160928	13.10	13.44	13.07	13.29	5531882	73191168.00
20160929	13.34	13.34	13.14	13.20	4932297	65312316.00
20160930	13.27	13.27	12.95	13.08	5331925	69822984.00
20161010	13.09	13.34	13.00	13.33	7957439	104767712.00
20161011	13.33	13.73	13.23	13.71	9628306	130409920.00
20161012	13.62	13.74	13.48	13.67	5291203	71978440.00
20161013	13.63	13.99	13.61	13.72	6571418	90787792.00
20161014	13.69	13.86	13.48	13.79	4869890	66637252.00
20161017	13.81	13.82	13.22	13.32	6381327	86400448.00
20161018	13.32	13.54	13.21	13.52	4887332	65399216.00
20161019	13.60	13.66	13.48	13.53	4251030	57714972.00
20161020	13.59	13.63	13.37	13.58	4308260	58288688.00
20161021	13.68	13.70	13.18	13.37	5820698	77990264.00
20161024	13.37	13.50	13.25	13.41	3746715	50230868.00
20161025	13.46	13.48	13.36	13.47	3039643	40787544.00
20161026	13.47	13.48	13.28	13.42	5889451	78667376.00
20161027	13.39	13.44	13.30	13.35	3292716	44022768.00
20161028	13.34	13.39	12.76	12.79	7046719	92204472.00
20161031	12.79	13.02	12.64	12.99	7313473	93660496.00
20161101	12.98	13.23	12.92	13.21	4731400	62055576.00
20161102	13.21	13.27	13.04	13.06	3117200	41064756.00
20161103	13.02	13.35	13.02	13.18	4672441	61679680.00
20161104	13.21	13.26	13.12	13.25	3443200	45424548.00
20161107	13.25	13.40	13.21	13.31	4219854	56145432.00
20161108	13.36	13.65	13.26	13.53	8616891	115903208.00
20161109	13.52	13.58	13.23	13.38	5978164	80315680.00
20161110	13.51	13.73	13.49	13.66	6300854	85771928.00
20161111	13.74	13.88	13.55	13.80	7690697	105458440.00
20161114	13.82	13.99	13.70	13.86	6322834	87656200.00
20161115	13.86	13.91	13.69	13.87	4135479	57135316.00
20161116	13.90	14.37	13.84	14.28	8967500	127182304.00
20161117	14.24	14.64	14.02	14.11	8334800	119458432.00
20161118	14.11	14.34	13.92	14.03	5012500	70855264.00
20161121	14.00	14.28	13.90	14.19	4641800	65755488.00
20161122	14.20	14.38	14.10	14.23	4129445	58785456.00
20161123	14.23	14.34	14.07	14.09	4145120	58706824.00
20161124	14.09	14.34	13.90	13.91	4912800	69557560.00
20161125	13.91	13.96	13.40	13.84	4967400	67939368.00
20161128	13.88	13.98	13.77	13.90	2887200	40072088.00
20161129	13.95	14.05	13.41	13.49	3954300	54858512.00
20161130	13.49	13.65	13.16	13.31	4796300	64209280.00
20161201	13.38	13.67	13.32	13.63	3336188	45195320.00
20161202	13.68	13.69	13.10	13.12	4367932	58243420.00
20161205	13.02	13.32	13.00	13.09	3227000	42567064.00
20161206	13.15	13.51	13.15	13.37	4243900	56860064.00
20161207	13.33	13.53	13.25	13.45	3832600	51366488.00
20161208	13.50	13.64	13.34	13.47	4925500	66636508.00
20161209	13.47	13.47	13.27	13.31	3604200	48195672.00
20161212	13.32	13.39	12.33	12.35	5734508	73702224.00
20161213	12.34	12.59	12.16	12.53	3510852	43593528.00
20161214	12.56	12.93	12.45	12.62	4505114	57257980.00
20161215	12.80	12.96	12.55	12.81	4339360	55389896.00
20161216	12.76	13.45	12.75	13.31	6260825	82635424.00
20161219	13.22	13.49	13.11	13.43	4835269	64453764.00
20161220	13.38	14.77	13.20	14.77	17851495	256427104.00
20161221	15.25	15.30	14.43	14.86	27580770	409411648.00
20161222	14.65	14.89	14.33	14.74	14782872	216460544.00
20161223	14.50	16.21	14.48	16.21	34862397	543229760.00
20161226	16.00	17.83	15.84	17.83	34764410	592677888.00
20161227	18.32	19.61	17.60	19.61	29412602	553196032.00
20161228	21.00	21.57	19.48	19.99	47664889	980762560.00
20161229	19.53	21.00	19.28	20.14	38486600	771898368.00
20161230	19.70	20.67	18.80	18.93	35981200	712447232.00
20170103	18.99	20.82	18.85	20.82	41564823	838264320.00
20170104	20.86	21.02	18.74	19.95	51296164	1010582848.00
20170105	19.60	19.90	18.90	19.52	29013406	563597120.00
20170106	19.29	20.08	18.18	19.03	25896003	496875584.00
20170109	18.73	19.60	18.23	18.99	23383743	443809920.00
20170110	18.90	19.47	18.52	19.12	20335876	386830368.00
20170111	18.72	18.82	17.52	17.68	19666353	356398784.00
20170112	17.91	18.46	17.70	17.84	16371134	296578912.00
20170113	17.98	18.74	17.85	17.94	13991681	255722992.00
20170116	18.10	18.75	16.15	16.29	20121462	344528480.00
20170117	15.86	16.80	15.56	16.76	14221374	230560240.00
20170118	16.83	17.26	16.32	16.72	13768526	231410320.00
20170119	16.46	17.18	16.46	16.71	10893201	182751888.00
20170120	16.84	17.14	16.52	17.01	9042899	152748144.00
20170123	16.99	17.50	16.77	16.95	11747689	201278576.00
20170124	16.84	17.62	16.52	17.58	11533966	197583216.00
20170125	17.30	17.48	17.00	17.27	7675163	132304432.00
20170126	17.27	17.34	16.74	16.91	7370358	124652968.00
20170203	16.90	16.99	16.53	16.84	4616163	76915160.00
20170206	16.90	17.58	16.78	17.45	9577302	164825328.00
20170207	17.45	18.35	17.15	18.30	11601403	206956768.00
20170208	18.16	18.81	17.82	18.67	12134273	223567440.00
20170209	18.57	18.81	18.42	18.53	7250092	134749392.00
20170210	18.48	18.78	18.28	18.62	9247006	171387056.00
20170213	18.62	18.98	18.48	18.78	10661339	198941072.00
20170214	18.70	18.81	18.32	18.39	4705796	87042656.00
20170215	18.30	18.51	17.95	18.11	4710200	85695448.00
20170216	18.15	18.48	18.11	18.41	3637017	66526848.00
20170217	18.39	18.90	18.20	18.24	6883810	127818768.00
20170220	18.18	18.52	16.60	17.19	12037600	208854864.00
20170221	17.13	17.16	16.81	16.97	4518388	76675168.00
20170222	16.85	17.26	16.83	16.89	4580875	77812256.00
20170223	16.86	16.92	16.15	16.32	7169175	117521304.00
20170224	16.33	16.60	16.32	16.55	4766000	78435608.00
20170227	16.60	16.82	16.43	16.79	3797000	63036452.00
20170228	16.81	16.91	16.65	16.81	2866366	48031464.00
20170327	16.03	16.51	15.51	16.12	11908299	190251408.00
20170328	15.86	17.73	15.82	17.73	30754720	536162784.00
20170329	17.20	18.15	17.18	17.83	28043107	498273792.00
20170330	17.56	17.85	16.32	16.63	13324300	229202704.00
20170331	16.65	16.88	15.50	16.20	12881435	206442880.00
20170405	16.00	16.20	15.59	16.14	7329964	116713184.00
20170406	16.10	16.59	16.01	16.16	6595895	107652792.00
20170407	16.20	16.42	15.40	15.46	7564990	120363472.00
20170410	15.25	15.46	14.45	14.53	9486851	140114864.00
20170411	14.60	15.08	14.42	14.93	7337500	108138184.00
20170412	14.90	15.41	14.72	14.91	6330300	95659592.00
20170413	14.97	15.11	14.65	14.80	3671305	54748688.00
20170414	14.87	15.75	14.71	15.54	8576521	131557616.00
20170417	15.46	15.50	14.61	14.77	4653928	69924232.00
20170418	14.77	15.18	14.77	14.86	3365500	50359480.00
20170419	14.96	15.16	14.40	15.08	4073975	60304932.00
20170420	14.94	15.83	14.93	15.77	7099555	109544288.00
20170421	15.70	15.85	15.40	15.57	3490711	54435600.00
20170424	15.47	15.48	14.01	15.03	4160000	61300328.00
20170425	14.95	15.18	14.65	14.81	1875600	27961092.00
20170426	14.81	15.00	14.30	14.82	3509000	51385932.00
20170427	14.58	14.88	14.31	14.64	2573600	37537184.00
20170428	14.65	14.98	14.60	14.82	2713799	40179916.00
20170502	14.90	14.90	14.39	14.51	2799400	40870380.00
20170503	14.51	14.66	14.27	14.31	3629301	52256200.00
20170504	14.30	14.30	14.01	14.07	2239900	31650038.00
20170505	14.16	14.26	13.76	14.08	2673000	37349508.00
20170508	14.08	14.28	13.86	14.17	2652400	37370304.00
20170509	14.17	14.50	14.01	14.47	2708800	38799952.00
20170510	14.41	14.56	14.25	14.35	2999000	43154316.00
20170511	14.15	14.32	13.80	14.09	3481700	48840576.00
20170512	14.05	14.19	13.90	14.03	1744963	24451272.00
20170515	14.03	14.08	13.92	14.01	1172518	16413892.00
20170516	14.01	14.22	13.93	14.16	2666117	37530556.00
20170517	14.34	14.74	14.10	14.62	6043835	87655064.00
20170518	14.37	14.58	14.26	14.28	2816500	40564124.00
20170519	14.28	14.46	14.11	14.16	1584200	22587696.00
20170522	14.23	14.23	13.91	13.97	2194836	30737348.00
20170523	13.91	14.06	13.76	13.94	2373000	33027996.00
20170524	13.93	13.93	12.55	13.44	3286400	43599628.00
20170525	13.33	13.45	12.35	12.62	3953400	50502912.00
20170526	12.72	12.75	12.47	12.56	1590200	20037816.00
20170531	12.63	12.88	12.60	12.67	1707750	21789388.00
20170601	12.66	12.78	12.21	12.31	1997525	24895556.00
20170602	12.35	12.35	11.60	11.97	2705840	32315466.00
20170605	11.85	12.06	11.70	11.98	2436149	28880566.00
20170606	11.90	13.18	11.80	13.18	3385030	41048864.00
20170607	13.18	13.87	12.68	13.54	6790761	90233960.00
20170608	13.30	13.50	13.11	13.19	4241121	56261424.00
20170609	13.11	13.95	13.10	13.33	4166836	56381280.00
20170612	13.08	13.43	13.02	13.16	1988700	26257034.00
20170613	13.12	13.20	12.80	13.04	3237689	41976216.00
20170614	13.03	13.18	12.81	12.93	2884653	37547008.00
20170615	12.87	13.29	12.87	13.19	2759732	36108148.00
20170616	13.21	13.44	13.04	13.39	3230543	42770868.00
20170619	13.24	14.13	13.22	13.81	4769474	65607288.00
20170620	13.78	14.07	13.65	13.72	4135026	57456152.00
20170621	13.84	14.46	13.75	13.99	6952681	98157536.00
20170622	13.85	14.00	13.41	13.47	4167092	57294376.00
20170623	13.48	13.65	13.28	13.57	2020483	27232720.00
20170626	13.65	14.09	13.52	13.82	3483292	48380060.00
20170627	13.85	14.05	13.81	13.86	1901464	26408584.00
20170628	13.86	13.88	13.52	13.70	1473688	20218160.00
20170629	13.60	14.22	13.57	13.79	2003301	27861568.00
20170630	13.65	13.86	13.56	13.69	1513400	20693652.00
20170703	13.60	13.85	13.50	13.84	1995172	27355140.00
20170704	13.76	14.08	13.75	13.91	1985400	27598488.00
20170705	13.82	13.87	13.64	13.81	2079701	28587990.00
20170706	13.73	13.80	13.56	13.71	1760000	24062994.00
20170707	13.72	13.80	13.59	13.73	1777724	24382824.00
20170710	13.70	13.81	13.31	13.56	2656989	35955156.00
20170711	13.46	13.50	13.35	13.36	1467909	19707992.00
数据来源:通达信
