600070 浙江富润 日线 前复权
      日期	    开盘	    最高	    最低	    收盘	    成交量	    成交额
20111010	3.41	3.41	3.26	3.32	4237688	41720564.00
20111011	3.37	3.38	3.04	3.08	7220399	70062120.00
20111012	3.03	3.17	2.85	3.12	5741079	52364448.00
20111013	3.06	3.15	3.05	3.14	3244131	30432644.00
20111014	3.12	3.22	3.10	3.18	3897179	37038992.00
20111017	3.17	3.21	3.10	3.12	2675811	25305732.00
20111018	3.11	3.11	2.95	2.97	3404277	31081478.00
20111019	2.97	3.01	2.88	2.88	1936092	17272452.00
20111020	2.90	2.90	2.73	2.76	2539579	21680592.00
20111021	2.76	2.77	2.70	2.73	1060778	8914111.00
20111024	2.73	2.79	2.65	2.78	1847491	15493298.00
20111025	2.77	2.88	2.76	2.86	2020173	17452440.00
20111026	2.86	3.08	2.83	3.07	5540822	49945016.00
20111027	3.12	3.14	2.93	2.98	4484724	41066456.00
20111028	3.01	3.12	2.98	3.10	4346132	39987032.00
20111031	3.16	3.16	3.05	3.09	3069136	28561284.00
20111101	3.06	3.15	3.04	3.09	3750007	35131880.00
20111102	3.01	3.21	2.97	3.19	5584747	52191244.00
20111103	3.17	3.34	3.14	3.28	6740542	65377532.00
20111104	3.27	3.32	3.23	3.27	3493305	34221448.00
20111107	3.25	3.32	3.22	3.29	4626210	45204536.00
20111108	3.40	3.64	3.38	3.43	13679736	141059520.00
20111109	3.36	3.47	3.29	3.47	7340387	73742728.00
20111110	3.38	3.45	3.30	3.31	4305706	43272336.00
20111111	3.29	3.44	3.29	3.34	3615887	36214400.00
20111114	3.36	3.42	3.36	3.40	2788440	28116976.00
20111115	3.42	3.42	3.36	3.38	2715745	27342464.00
20111116	3.38	3.41	3.18	3.21	4491232	43906540.00
20111117	3.19	3.26	3.16	3.19	2154508	20753552.00
20111118	3.16	3.18	3.05	3.06	2282865	21301128.00
20111121	3.01	3.11	3.01	3.11	1283329	11852150.00
20111122	3.06	3.16	3.04	3.14	1627713	15265835.00
20111123	3.16	3.17	3.06	3.06	1533969	14463362.00
20111124	3.04	3.07	2.98	3.02	1330327	12160794.00
20111125	3.03	3.04	2.93	2.97	1087923	9875449.00
20111128	2.99	3.03	2.97	3.01	1179909	10716421.00
20111129	3.05	3.08	3.02	3.07	1329675	12256312.00
20111130	3.07	3.08	2.84	2.86	2151443	19248236.00
20111201	3.01	3.01	2.93	2.96	2150803	19398506.00
20111202	2.95	3.07	2.88	3.04	2594978	23412416.00
20111205	3.03	3.25	2.94	3.19	6561729	61409620.00
20111206	3.12	3.36	3.09	3.30	8464654	81890192.00
20111207	3.29	3.34	3.24	3.31	7721332	75892080.00
20111208	3.31	3.42	3.26	3.32	8322289	82457616.00
20111209	3.28	3.37	3.23	3.29	6632502	64981964.00
20111212	3.29	3.36	3.17	3.17	6328499	61270928.00
20111213	3.09	3.10	2.92	2.99	6200229	56186080.00
20111214	2.93	3.04	2.91	2.98	5259326	47848180.00
20111215	2.97	3.15	2.81	3.01	5594430	50668976.00
20111216	2.97	3.16	2.96	3.14	9255256	84990936.00
20111219	3.09	3.36	3.08	3.33	10825943	104001336.00
20111220	3.29	3.44	3.25	3.30	11068841	109678928.00
20111221	3.30	3.38	3.06	3.14	8993910	86955872.00
20111222	3.08	3.28	2.90	3.06	5619963	51602188.00
20111223	3.02	3.10	2.97	3.01	3335273	30443050.00
20111226	3.00	3.01	2.89	2.90	2884068	25712108.00
20111227	2.89	2.89	2.55	2.55	3996037	33234322.00
20111228	2.52	2.52	2.32	2.38	3439103	25808124.00
20111229	2.41	2.46	2.39	2.39	2168701	16548479.00
20111230	2.41	2.45	2.41	2.45	1646817	12622024.00
20120104	2.47	2.52	2.37	2.38	1423263	10946213.00
20120105	2.35	2.39	2.09	2.12	2117506	15170186.00
20120106	2.09	2.18	2.02	2.17	1840016	12560810.00
20120109	2.14	2.34	2.14	2.33	1894214	13632591.00
20120110	2.33	2.46	2.33	2.46	2491858	18955044.00
20120111	2.46	2.51	2.41	2.49	2608147	20207972.00
20120112	2.46	2.51	2.42	2.46	1750489	13575190.00
20120113	2.48	2.48	2.28	2.30	2071306	15475818.00
20120116	2.29	2.31	2.21	2.22	1162129	8405838.00
20120117	2.23	2.39	2.22	2.38	1531881	11309903.00
20120118	2.40	2.44	2.30	2.32	1797933	13529023.00
20120119	2.44	2.52	2.43	2.45	2824633	21816020.00
20120120	2.42	2.57	2.42	2.53	2092001	16409024.00
20120130	2.53	2.56	2.47	2.52	1788767	14072974.00
20120131	2.52	2.54	2.48	2.52	1154198	9033253.00
20120201	2.48	2.55	2.44	2.46	1485969	11589654.00
20120202	2.45	2.56	2.45	2.55	1666448	13074786.00
20120203	2.55	2.61	2.52	2.59	1966421	15759184.00
20120206	2.60	2.61	2.56	2.59	1525682	12251663.00
20120207	2.58	2.58	2.50	2.51	1425967	11242665.00
20120208	2.51	2.65	2.49	2.64	2304569	18514276.00
20120209	2.63	2.70	2.61	2.64	1721475	14147606.00
20120210	2.62	2.69	2.62	2.65	1532405	12568707.00
20120213	2.61	2.70	2.61	2.67	1290146	10639324.00
20120214	2.67	2.74	2.65	2.71	2170120	18083912.00
20120215	2.72	2.78	2.67	2.76	2086733	17540704.00
20120216	2.74	2.80	2.72	2.80	2580217	21854578.00
20120217	2.79	2.81	2.72	2.76	1420824	12036421.00
20120220	2.80	2.81	2.75	2.76	1484299	12665029.00
20120221	2.76	2.79	2.68	2.77	1546489	13009297.00
20120222	2.77	2.82	2.75	2.81	2357814	20156728.00
20120223	2.81	2.98	2.79	2.91	4328869	38163516.00
20120224	2.91	2.94	2.88	2.92	2789831	24707340.00
20120227	2.90	2.99	2.90	2.94	3093981	27727240.00
20120228	2.93	2.96	2.87	2.91	2481833	21993292.00
20120229	2.92	2.92	2.87	2.90	1494846	13174580.00
20120301	2.87	2.99	2.87	2.98	2549306	22831572.00
20120302	2.98	3.03	2.97	3.00	2392621	21706416.00
20120305	3.01	3.07	2.98	3.01	1925504	17625332.00
20120306	2.99	2.99	2.92	2.97	1342667	12049633.00
20120307	2.91	2.99	2.89	2.91	1378480	12320307.00
20120308	2.95	3.03	2.93	3.01	1680551	15252501.00
20120309	3.01	3.06	2.99	3.04	1825413	16710076.00
20120312	3.06	3.06	3.01	3.04	1520732	13948794.00
20120313	3.04	3.16	3.03	3.15	3014782	28053660.00
20120314	3.24	3.43	3.08	3.14	9922688	97563360.00
20120315	3.09	3.31	3.03	3.25	6692389	63897100.00
20120316	3.22	3.42	3.22	3.39	6506506	65026544.00
20120319	3.40	3.60	3.32	3.60	7632572	77728880.00
20120320	3.52	3.67	3.47	3.57	7630007	80023728.00
20120321	3.59	3.62	3.30	3.48	5563945	56853932.00
20120322	3.46	3.52	3.35	3.47	4020393	40914216.00
20120323	3.44	3.44	3.22	3.29	3199017	31672612.00
20120326	3.27	3.31	3.17	3.25	2043987	19865752.00
20120327	3.25	3.30	3.19	3.25	2549034	24735970.00
20120328	3.25	3.25	2.95	2.99	4250811	39347832.00
20120329	2.97	3.03	2.87	2.90	2479586	22218348.00
20120330	2.91	3.00	2.87	2.90	3979855	35512840.00
20120405	2.90	3.12	2.90	3.10	4763031	43358544.00
20120406	3.11	3.12	3.03	3.06	3850471	35697460.00
20120409	3.06	3.36	3.04	3.27	6012349	57893400.00
20120410	3.25	3.31	3.06	3.30	5403596	51733908.00
20120411	3.20	3.64	3.14	3.46	12963466	132453456.00
20120412	3.58	3.87	3.57	3.87	16619261	181664944.00
20120413	3.97	4.19	3.81	3.83	27041664	313641984.00
20120416	3.79	4.07	3.64	3.85	19703769	221077904.00
20120417	3.80	3.81	3.48	3.59	17210607	182236656.00
20120418	3.53	3.83	3.52	3.64	12984261	139926192.00
20120419	3.56	3.60	3.46	3.52	9718535	101234120.00
20120420	3.53	3.85	3.49	3.65	15683511	168950576.00
20120423	3.59	3.63	3.47	3.50	9896067	103441392.00
20120424	3.46	3.91	3.46	3.91	19176636	209460832.00
20120425	4.03	4.36	4.01	4.36	34210604	416694656.00
20120426	4.43	4.43	3.91	3.96	24409969	291248672.00
20120502	3.79	3.91	3.60	3.72	13350373	145315728.00
20120503	3.70	3.77	3.64	3.73	7798727	84851992.00
20120504	3.68	3.75	3.62	3.64	8016333	86622920.00
20120507	3.55	3.70	3.55	3.64	6184452	65872672.00
20120508	3.62	3.71	3.57	3.69	7429054	79545656.00
20120509	3.69	4.11	3.66	4.11	14244653	163320224.00
20120510	4.31	4.33	3.87	4.03	17877994	209650464.00
20120511	3.91	4.49	3.90	4.30	31354699	392929664.00
20120514	4.20	4.61	4.17	4.32	29251926	370539648.00
20120515	4.06	4.26	3.96	4.12	15694488	186563264.00
20120516	4.12	4.59	4.01	4.59	38180658	491800832.00
20120517	4.51	4.80	4.50	4.74	36771582	485956832.00
20120518	4.62	4.63	4.27	4.37	23666040	300958112.00
20120521	4.28	4.58	4.19	4.22	17194904	217052160.00
20120522	4.24	4.43	4.19	4.40	15081606	187990272.00
20120523	4.31	4.40	4.17	4.34	14768381	182318928.00
20120524	4.25	4.48	4.20	4.39	14825639	186582448.00
20120525	4.38	4.52	4.27	4.29	12380271	156272832.00
20120528	4.26	4.52	4.21	4.50	14581071	184891744.00
20120529	4.46	4.48	4.27	4.42	11649707	146543632.00
20120530	4.40	4.48	4.31	4.35	8436031	105990912.00
20120531	4.36	4.60	4.31	4.45	13145537	168780368.00
20120601	4.39	4.48	4.31	4.38	8214871	103232064.00
20120604	4.26	4.28	4.06	4.09	6198669	55801920.00
20120605	4.06	4.12	3.80	3.88	9814141	84082792.00
20120606	3.89	3.93	3.76	3.79	6032549	50520272.00
20120607	3.84	3.87	3.76	3.80	6063029	50708588.00
20120608	3.84	3.86	3.60	3.62	6082714	49895656.00
20120611	3.59	3.76	3.50	3.70	6961217	55592600.00
20120612	3.63	3.65	3.53	3.54	5311713	42015800.00
20120613	3.56	3.66	3.51	3.65	7657590	60729404.00
20120614	3.63	3.68	3.49	3.50	6945579	55252408.00
20120615	3.50	3.56	3.35	3.51	6836598	52450308.00
20120618	3.51	3.70	3.49	3.67	9527488	75212920.00
20120619	3.66	3.73	3.60	3.62	8408354	67621424.00
20120620	3.63	3.63	3.48	3.50	5454075	42720896.00
20120621	3.49	3.62	3.41	3.49	5976004	46422748.00
20120625	3.48	3.48	3.18	3.23	6802526	50042032.00
20120626	3.22	3.28	3.10	3.24	5430146	38913456.00
20120627	3.22	3.33	3.19	3.23	3884906	28223200.00
20120628	3.24	3.36	3.21	3.23	5267635	38544296.00
20120629	3.20	3.20	3.03	3.14	5490103	38281824.00
20120702	3.18	3.22	3.15	3.17	2879643	20463680.00
20120703	3.17	3.35	3.13	3.33	7749114	56400968.00
20120704	3.34	3.34	3.25	3.27	4146716	30297066.00
20120705	3.25	3.26	3.16	3.17	3700427	26496080.00
20120706	3.20	3.21	3.08	3.20	4130123	29149256.00
20120709	3.21	3.24	3.11	3.17	3618418	25673880.00
20120710	3.12	3.18	3.03	3.04	3089848	21541204.00
20120711	3.04	3.09	2.95	3.01	2998215	20288274.00
20120712	2.97	3.05	2.91	3.03	4190018	28145330.00
20120713	3.09	3.20	3.09	3.12	6956164	48990672.00
20120716	3.06	3.10	2.86	2.89	4590803	30719780.00
20120717	2.87	2.98	2.82	2.97	3239904	21388928.00
20120718	2.94	3.07	2.93	3.04	4041063	27266124.00
20120719	3.15	3.39	3.14	3.34	17895427	131441136.00
20120720	3.27	3.46	3.21	3.28	14310921	105447856.00
20120723	3.24	3.24	3.16	3.19	4993447	35688068.00
20120724	3.15	3.41	3.13	3.35	9732358	71600000.00
20120725	3.30	3.34	3.21	3.22	5045648	36691956.00
20120726	3.19	3.28	3.17	3.19	3480286	25065076.00
20120727	3.21	3.24	3.08	3.10	3423971	24107420.00
20120730	3.08	3.12	2.87	2.88	4791198	31860190.00
20120731	2.88	3.01	2.76	2.93	4055632	26571442.00
20120801	2.88	2.98	2.86	2.96	3633516	24185912.00
20120802	2.95	2.98	2.84	2.89	2742597	18015748.00
20120803	2.89	2.96	2.87	2.95	2715561	17941388.00
20120806	2.94	3.06	2.92	3.04	4296790	29068796.00
20120807	3.01	3.21	3.01	3.14	6521068	45753940.00
20120808	3.14	3.21	3.08	3.13	3878613	27233240.00
20120809	3.13	3.20	3.06	3.17	4686107	32979704.00
20120810	3.16	3.28	3.15	3.22	6418273	46216084.00
20120813	3.20	3.21	3.07	3.07	4108762	28920420.00
20120814	3.07	3.10	2.97	3.06	3271894	22373490.00
20120815	3.07	3.07	2.97	2.99	2064023	14025546.00
20120816	2.99	3.02	2.93	2.95	1918130	12872134.00
20120817	2.91	3.01	2.91	2.99	1784296	11932766.00
20120820	2.97	3.04	2.94	3.04	1928700	12993525.00
20120821	3.05	3.09	3.01	3.06	2991401	20553826.00
20120822	3.05	3.14	3.02	3.10	3927032	27129376.00
20120823	3.08	3.12	3.04	3.11	3211009	22229690.00
20120824	3.12	3.17	3.01	3.03	3641899	25349256.00
20120827	3.00	3.07	2.94	2.99	2507418	16981346.00
20120828	3.02	3.06	2.99	3.06	2385165	16278167.00
20120829	3.05	3.06	2.97	3.02	1957726	13303567.00
20120830	2.97	3.02	2.88	2.95	2408944	16074595.00
20120831	2.95	2.99	2.92	2.95	1193659	7952088.00
20120903	2.97	3.02	2.92	2.99	2004615	13492274.00
20120904	2.99	3.01	2.95	2.96	1749418	11769220.00
20120905	2.96	3.01	2.95	2.96	1374171	9211762.00
20120906	2.96	3.02	2.96	3.02	2113141	14296938.00
20120907	3.05	3.19	3.04	3.14	5996590	42065360.00
20120910	3.15	3.20	3.12	3.17	4605279	32527652.00
20120911	3.16	3.18	3.11	3.13	3298925	23166592.00
20120912	3.16	3.21	3.11	3.21	4514292	31940760.00
20120913	3.22	3.23	3.08	3.08	4566861	32375492.00
20120914	3.11	3.16	3.08	3.09	2799348	19532416.00
20120917	3.12	3.38	3.12	3.23	13508985	98335456.00
20120918	3.19	3.23	3.08	3.20	4952735	35064012.00
20120919	3.19	3.28	3.19	3.25	5757325	41575460.00
20120920	3.26	3.26	3.01	3.08	4733865	33200964.00
20120921	3.08	3.12	3.05	3.06	2733104	18870660.00
20120924	3.03	3.03	2.89	2.98	3023904	20142950.00
20120925	2.95	3.01	2.90	2.92	1810361	12018913.00
20120926	2.93	2.94	2.87	2.88	1349300	8856416.00
20120927	2.87	2.95	2.87	2.93	2253240	14859569.00
20120928	2.93	2.97	2.91	2.96	1745052	11600526.00
20121008	2.96	3.02	2.94	2.97	1330742	8916774.00
20121009	2.99	3.10	2.97	3.08	2914147	19961410.00
20121010	3.09	3.11	3.05	3.11	2656231	18385372.00
20121011	3.07	3.10	3.01	3.02	2558114	17558194.00
20121012	3.03	3.07	2.97	3.01	1700200	11547198.00
20121015	3.04	3.04	2.96	2.99	1351319	9073481.00
20121016	2.98	3.03	2.97	3.01	1286769	8712618.00
20121017	3.04	3.09	3.00	3.04	2327223	15920735.00
20121018	3.05	3.20	3.04	3.16	5892309	41233096.00
20121019	3.17	3.52	3.15	3.44	18397990	136605776.00
20121022	3.33	3.41	3.30	3.40	9616355	71492392.00
20121023	3.37	3.41	3.28	3.29	6802600	50436028.00
20121024	3.25	3.29	3.21	3.23	4925348	35615736.00
20121025	3.24	3.51	3.23	3.42	15145101	114339688.00
20121026	3.42	3.42	3.26	3.27	6544338	48268300.00
20121029	3.27	3.63	3.23	3.47	10364187	79134424.00
20121030	3.39	3.57	3.32	3.55	11417810	87331176.00
20121031	3.51	3.82	3.48	3.65	19634055	159200480.00
20121101	3.56	3.70	3.56	3.66	11696005	93469760.00
20121102	3.63	3.67	3.59	3.63	7227741	57587132.00
20121105	3.61	3.61	3.48	3.53	6905609	53761248.00
20121106	3.50	3.87	3.50	3.83	19578913	159715648.00
20121107	3.78	3.83	3.69	3.74	9894360	81134824.00
20121108	3.65	3.93	3.56	3.57	14354416	117710784.00
20121109	3.54	3.61	3.44	3.46	7677496	59453412.00
20121112	3.47	3.60	3.46	3.54	5302985	41219128.00
20121113	3.53	3.64	3.49	3.52	6265018	49187616.00
20121114	3.44	3.47	3.22	3.29	7953783	58618536.00
20121115	3.28	3.32	3.14	3.17	3945828	28497436.00
20121116	3.17	3.20	3.04	3.12	3554254	24655890.00
20121119	3.10	3.19	3.10	3.16	2311765	16245182.00
20121120	3.17	3.24	3.14	3.16	2951307	21018256.00
20121121	3.15	3.20	3.04	3.20	3273386	23049398.00
20121122	3.17	3.34	3.15	3.32	6209039	45166616.00
20121123	3.27	3.48	3.26	3.43	9982121	75047360.00
20121126	3.39	3.41	3.32	3.35	4017516	29980562.00
20121127	3.33	3.34	3.13	3.20	4212382	30094428.00
20121128	3.15	3.17	3.04	3.06	2586016	17860092.00
20121129	3.07	3.13	2.81	2.84	3918168	26116332.00
20121130	2.84	2.91	2.79	2.90	2586416	16788802.00
20121203	2.89	2.91	2.61	2.70	4114545	25811116.00
20121204	2.74	2.80	2.68	2.77	3438108	21528928.00
20121205	2.75	2.96	2.73	2.87	4718209	30721442.00
20121206	2.87	2.99	2.87	2.92	4873216	32285230.00
20121207	2.92	3.01	2.89	3.00	4456843	29835350.00
20121210	3.05	3.21	3.02	3.13	5856960	40819120.00
20121211	3.15	3.28	3.11	3.15	7607408	54501916.00
20121212	3.14	3.21	3.05	3.11	4310708	30027268.00
20121213	3.08	3.21	3.07	3.08	2964081	20818220.00
20121214	3.08	3.27	3.07	3.23	6344817	45619592.00
20121217	3.25	3.44	3.23	3.30	6079405	44977192.00
20121218	3.28	3.34	3.23	3.25	4027335	29374080.00
20121219	3.24	3.30	3.24	3.28	2267388	16529129.00
20121220	3.31	3.44	3.29	3.35	5177470	38658864.00
20121221	3.36	3.42	3.26	3.36	5141076	38105696.00
20121224	3.35	3.37	3.28	3.30	2852428	21051552.00
20121225	3.29	3.54	3.28	3.53	7111764	54201572.00
20121226	3.49	3.72	3.46	3.70	9291666	73721032.00
20121227	3.72	3.72	3.42	3.43	13591872	106267792.00
20121228	3.50	3.57	3.39	3.47	7551000	58095384.00
20121231	3.42	3.49	3.39	3.45	5039410	38464040.00
20130104	3.49	3.50	3.33	3.41	4578114	34753748.00
20130107	3.43	3.50	3.37	3.49	4862069	37201192.00
20130108	3.49	3.56	3.44	3.50	4640827	35880824.00
20130109	3.50	3.62	3.47	3.56	7383979	57769508.00
20130110	3.56	3.60	3.48	3.51	4047254	31593668.00
20130111	3.52	3.53	3.37	3.39	4172347	31702126.00
20130114	3.34	3.49	3.34	3.48	3936224	30058500.00
20130115	3.48	3.53	3.46	3.51	6257890	48363944.00
20130116	3.52	3.79	3.50	3.69	16238200	131075040.00
20130117	3.64	3.69	3.52	3.60	7147982	56640232.00
20130118	3.59	3.83	3.56	3.81	10059584	81986616.00
20130121	3.80	3.97	3.78	3.80	13218028	111638336.00
20130122	3.83	3.96	3.76	3.89	10287450	86996344.00
20130123	3.84	4.00	3.73	3.95	9512729	80490200.00
20130124	3.90	3.99	3.74	3.75	8153361	68867640.00
20130125	3.77	3.92	3.69	3.84	5755290	47976112.00
20130128	3.81	4.00	3.81	3.94	7801058	66666720.00
20130129	3.94	3.95	3.77	3.90	11672860	98355096.00
20130130	3.95	4.00	3.80	3.81	11277326	95524056.00
20130131	3.80	3.81	3.68	3.73	5082744	41772476.00
20130201	3.74	3.80	3.70	3.79	3664855	30259182.00
20130204	3.80	3.92	3.76	3.83	5719624	48153184.00
20130205	3.79	3.89	3.73	3.88	4690190	39212952.00
20130206	3.87	4.08	3.85	4.02	9912784	85805368.00
20130207	4.01	4.20	3.95	4.17	10553393	93725104.00
20130208	4.15	4.21	4.09	4.17	5973528	53799432.00
20130218	4.17	4.20	4.05	4.07	5730048	51015412.00
20130219	4.06	4.09	3.96	3.99	4948386	43064260.00
20130220	4.00	4.20	3.96	4.16	6345015	56513144.00
20130221	4.12	4.13	4.02	4.02	5653159	49899008.00
20130222	4.02	4.05	3.97	3.99	3323538	29006648.00
20130225	3.99	4.14	3.99	4.09	3588900	31725164.00
20130226	4.06	4.16	4.01	4.02	3968235	35357772.00
20130227	4.05	4.08	4.00	4.05	2287214	20067350.00
20130228	4.07	4.19	4.00	4.17	4407292	39309004.00
20130301	4.16	4.18	4.11	4.16	4576567	41162052.00
20130304	4.14	4.15	3.81	3.88	5889588	51297264.00
20130305	3.88	4.02	3.87	4.02	3640190	31357274.00
20130306	4.01	4.12	3.98	4.08	3856411	34084916.00
20130307	4.08	4.13	3.95	4.00	4192397	36737592.00
20130308	4.00	4.03	3.92	3.95	2659455	22989440.00
20130311	3.96	3.96	3.86	3.90	2371160	20151934.00
20130312	3.90	3.94	3.68	3.75	4132798	34314960.00
20130313	3.75	3.80	3.69	3.76	1783485	14644834.00
20130314	3.75	3.79	3.70	3.73	1545576	12699937.00
20130315	3.73	3.84	3.71	3.73	2893930	23904568.00
20130318	3.76	3.78	3.70	3.72	1403201	11495302.00
20130319	3.74	3.76	3.69	3.75	1530015	12544353.00
20130320	3.79	3.89	3.74	3.88	3594976	30103616.00
20130321	3.88	3.99	3.84	3.97	5539660	47523560.00
20130322	3.92	4.06	3.92	4.04	4584333	40082720.00
20130325	4.04	4.06	3.97	4.03	2474452	21626452.00
20130326	4.01	4.12	3.93	4.09	5423608	47694040.00
20130327	4.06	4.12	3.97	4.01	3778910	33224948.00
20130328	3.98	3.98	3.78	3.78	3441136	29072400.00
20130329	3.82	3.88	3.75	3.82	2418442	20158144.00
20130401	3.81	3.87	3.79	3.83	1927238	16131606.00
20130402	3.82	3.88	3.73	3.75	2711326	22631524.00
20130403	3.75	3.83	3.73	3.75	1870007	15435849.00
20130408	3.73	3.73	3.62	3.68	2079821	16719688.00
20130409	3.68	3.74	3.68	3.70	2498559	20322512.00
20130410	3.68	3.72	3.64	3.69	1554800	12568722.00
20130411	3.66	3.72	3.65	3.69	1141284	9232764.00
20130412	3.70	3.71	3.66	3.68	1131076	9155143.00
20130415	3.66	3.68	3.53	3.65	2936796	23241268.00
20130416	3.62	3.65	3.55	3.64	1911341	15215758.00
20130417	3.61	3.72	3.61	3.69	1934960	15615856.00
20130418	3.71	3.73	3.68	3.71	1936566	15794802.00
20130419	3.92	4.13	3.89	3.91	8290833	71512704.00
20130422	3.91	4.08	3.91	4.05	7068728	61740512.00
20130423	4.11	4.45	3.96	4.31	16029057	145985024.00
20130424	4.25	4.47	4.24	4.42	14643470	139171312.00
20130425	4.44	4.58	4.27	4.35	12217769	116550000.00
20130426	4.20	4.25	3.87	3.87	12808663	110383392.00
20130502	3.79	3.82	3.66	3.75	6353723	52131204.00
20130503	3.84	3.93	3.82	3.86	5510830	46619332.00
20130506	3.87	3.93	3.80	3.91	5314628	44961100.00
20130507	3.88	3.93	3.84	3.90	3848958	32647024.00
20130508	3.90	4.02	3.87	4.00	6827865	58875864.00
20130509	3.94	3.98	3.79	3.91	6342154	53905324.00
20130510	3.88	3.91	3.84	3.89	3786622	32080784.00
20130513	3.90	3.92	3.86	3.92	2888250	24609064.00
20130514	3.92	4.02	3.89	3.97	5256235	45505364.00
20130515	3.94	4.07	3.94	4.05	5117617	44794292.00
20130516	4.03	4.09	4.01	4.05	5142820	45218152.00
20130517	4.05	4.08	4.02	4.06	4551500	40055440.00
20130520	4.06	4.14	4.06	4.10	5562441	49474064.00
20130521	4.10	4.13	4.04	4.08	6149561	54315528.00
20130522	4.06	4.13	4.00	4.01	6496657	57409764.00
20130523	3.97	4.00	3.92	3.92	5759783	49647960.00
20130524	3.94	4.00	3.92	3.96	2966792	25601726.00
20130527	3.94	4.01	3.94	3.99	4109590	35639276.00
20130528	4.00	4.12	3.98	4.10	8261834	73041376.00
20130529	4.09	4.19	4.05	4.15	7933071	70638744.00
20130530	4.14	4.16	4.08	4.10	4694041	41943532.00
20130531	4.12	4.18	4.09	4.10	6191530	55647824.00
20130603	4.10	4.15	4.04	4.08	4617593	40980264.00
20130604	4.08	4.08	3.91	3.96	4249726	36864512.00
20130605	3.95	4.07	3.87	4.06	4917016	42444120.00
20130606	4.02	4.09	3.99	4.01	2423720	20537894.00
20130607	3.99	4.05	3.83	3.85	2722292	22332164.00
20130613	3.85	3.85	3.59	3.65	2131400	16545461.00
20130614	3.66	3.71	3.66	3.69	1289444	10059625.00
20130617	3.71	3.73	3.65	3.68	1642445	12775525.00
20130618	3.69	3.71	3.66	3.68	1286052	10017193.00
20130619	3.72	3.82	3.72	3.78	3721480	29600140.00
20130620	3.74	3.79	3.62	3.64	2320255	18307732.00
20130621	3.58	3.58	3.46	3.54	2293613	17143994.00
20130624	3.53	3.53	3.16	3.16	4104505	28807580.00
20130625	3.20	3.35	2.94	3.33	4968774	34167504.00
20130626	3.29	3.35	3.24	3.30	3477962	24519296.00
20130627	3.33	3.39	3.22	3.25	3445253	24417328.00
20130628	3.25	3.33	3.20	3.26	1839253	12816629.00
20130701	3.28	3.29	3.19	3.28	1539183	10702890.00
20130702	3.27	3.32	3.22	3.31	2213363	15478377.00
20130703	3.28	3.39	3.20	3.37	3211284	22470452.00
20130704	3.36	3.41	3.30	3.35	3573310	25565420.00
20130705	3.36	3.45	3.32	3.40	3992895	28813996.00
20130708	3.34	3.56	3.32	3.49	8353139	61789880.00
20130709	3.48	3.48	3.31	3.36	4396456	31666860.00
20130710	3.38	3.59	3.31	3.51	6745557	50104624.00
20130711	3.47	3.60	3.47	3.56	6262286	47053512.00
20130712	3.54	3.59	3.46	3.49	4123494	30843514.00
20130715	3.46	3.54	3.46	3.50	2707627	20131432.00
20130716	3.51	3.54	3.46	3.53	2500442	18633456.00
20130717	3.53	3.55	3.43	3.43	3222570	23890938.00
20130718	3.43	3.45	3.35	3.36	2385769	17213060.00
20130719	3.39	3.40	3.25	3.26	2567157	18207676.00
20130722	3.29	3.34	3.25	3.33	1564092	11003480.00
20130723	3.35	3.42	3.31	3.40	2170604	15623870.00
20130724	3.40	3.63	3.34	3.51	4820729	35662920.00
20130725	3.50	3.53	3.39	3.41	2908624	21390548.00
20130726	3.41	3.47	3.36	3.39	1701589	12346535.00
20130729	3.38	3.46	3.34	3.34	1344620	9669704.00
20130730	3.35	3.44	3.31	3.40	1802035	13009648.00
20130731	3.38	3.43	3.36	3.37	1123764	8116636.00
20130801	3.37	3.46	3.37	3.45	2077467	15153306.00
20130802	3.45	3.50	3.43	3.46	2469826	18152110.00
20130805	3.47	3.50	3.45	3.49	1832539	13566900.00
20130806	3.49	3.64	3.45	3.59	6965734	52872896.00
20130807	3.65	3.77	3.58	3.60	7054157	54573328.00
20130808	3.62	3.83	3.59	3.73	8908824	70263600.00
20130809	3.81	3.88	3.69	3.82	8832401	70530296.00
20130812	3.79	3.83	3.73	3.82	4872037	38868792.00
20130813	3.79	3.99	3.74	3.87	6380665	52254200.00
20130814	3.85	3.92	3.72	3.78	4965454	40115176.00
20130815	3.82	3.97	3.79	3.84	5750247	47156044.00
20130816	3.83	3.86	3.65	3.67	4449739	35423064.00
20130819	3.68	3.75	3.66	3.73	2163507	17022716.00
20130820	3.69	3.84	3.68	3.78	4204269	33270572.00
20130821	3.76	4.11	3.75	4.00	9536263	79315744.00
20130822	3.99	4.12	3.92	3.96	6586389	55749152.00
20130823	3.96	3.99	3.79	3.86	4271939	35015900.00
20130826	3.87	3.94	3.85	3.92	4533421	37284160.00
20130827	3.89	3.94	3.82	3.86	6383540	52121640.00
20130828	3.85	3.85	3.74	3.78	4030116	32173704.00
20130829	3.76	3.81	3.72	3.76	2440128	19382902.00
20130830	3.73	3.91	3.73	3.85	5292475	43032932.00
20130902	3.84	3.86	3.73	3.77	2422545	19273830.00
20130903	3.77	3.85	3.73	3.85	2711444	21712372.00
20130904	3.86	3.96	3.86	3.91	4521866	37243548.00
20130905	3.91	3.93	3.83	3.85	3487522	28387196.00
20130906	3.85	3.88	3.82	3.83	2606627	21107846.00
20130909	3.82	3.97	3.80	3.90	5606023	46228472.00
20130910	3.90	3.93	3.85	3.91	3702264	30355772.00
20130911	3.90	3.92	3.82	3.84	3833118	31171858.00
20130912	3.84	4.25	3.84	4.19	16667298	142491968.00
20130913	4.12	4.26	4.07	4.09	11594906	100812624.00
20130916	4.08	4.15	3.97	4.10	6979332	59308768.00
20130917	4.08	4.15	3.96	4.00	5724964	48863564.00
20130918	4.03	4.12	4.00	4.07	5298605	45267720.00
20130923	4.07	4.11	4.01	4.11	5201550	44328324.00
20130924	4.20	4.20	4.05	4.08	4281786	36829216.00
20130925	4.11	4.11	3.89	3.91	7989445	66624504.00
20130926	3.92	3.92	3.69	3.73	3651602	29547602.00
20130927	3.80	3.83	3.74	3.81	2147562	17200748.00
20130930	3.81	4.02	3.81	3.99	4817420	40073180.00
20131008	4.06	4.13	4.00	4.01	6008071	51026068.00
20131009	4.05	4.12	4.00	4.12	5251971	44682404.00
20131010	4.14	4.19	4.05	4.13	6784034	58417548.00
20131011	4.10	4.41	4.10	4.34	14355904	129118840.00
20131014	4.30	4.32	4.19	4.24	8257868	73309776.00
20131015	4.24	4.38	4.15	4.19	7747052	68955808.00
20131016	4.13	4.15	3.94	4.01	5580955	47356112.00
20131017	4.05	4.12	4.01	4.04	3231517	27534248.00
20131018	4.05	4.08	4.03	4.08	2160486	18405792.00
20131021	4.08	4.20	4.05	4.19	3841719	33360260.00
20131022	4.17	4.23	4.08	4.10	3514066	30590192.00
20131023	4.10	4.14	3.96	4.00	3686547	31295282.00
20131024	4.02	4.05	3.94	3.95	1566738	13189227.00
20131025	3.95	3.99	3.89	3.90	1965461	16269574.00
20131028	3.92	3.99	3.90	3.96	1305834	10849577.00
20131029	3.97	3.99	3.61	3.71	3587157	28683376.00
20131030	3.76	3.80	3.73	3.77	1477446	11735691.00
20131031	3.75	3.81	3.74	3.75	1276962	10158556.00
20131101	3.73	3.76	3.63	3.73	1413569	11068117.00
20131104	3.74	3.87	3.70	3.84	2179271	17424110.00
20131105	3.81	3.84	3.73	3.80	1838378	14691842.00
20131106	3.81	3.88	3.78	3.79	1827722	14765360.00
20131107	3.81	3.81	3.70	3.74	1971101	15570531.00
20131108	3.75	3.77	3.65	3.74	1361200	10705667.00
20131111	3.75	3.81	3.69	3.79	1141974	9067393.00
20131112	3.77	3.84	3.76	3.82	1030978	8297658.00
20131113	3.82	3.83	3.70	3.72	1197686	9504545.00
20131114	3.72	3.79	3.67	3.76	1464368	11608499.00
20131115	3.76	3.91	3.74	3.87	2752104	22377440.00
20131118	3.87	3.94	3.86	3.92	2368174	19484184.00
20131119	3.89	3.95	3.88	3.95	2070652	17098868.00
20131120	3.95	4.01	3.91	3.99	2033355	16931494.00
20131121	3.96	4.04	3.92	3.98	1971183	16503339.00
20131122	4.00	4.00	3.89	3.94	1934860	16033277.00
20131125	3.93	4.09	3.89	4.03	3231452	27268976.00
20131126	4.02	4.06	3.95	3.96	1538485	12879174.00
20131127	3.98	4.00	3.95	3.97	1396739	11673604.00
20131128	4.00	4.06	3.97	4.00	2052427	17314652.00
20131129	3.99	4.02	3.96	4.00	2192855	18396668.00
20131202	3.92	3.99	3.79	3.81	3741596	30538090.00
20131203	3.81	3.89	3.78	3.86	2062431	16711359.00
20131204	3.84	4.02	3.83	4.00	3444645	28685616.00
20131205	3.99	4.04	3.95	4.01	2240800	18796324.00
20131206	3.99	4.04	3.97	4.02	1781526	15022085.00
20131209	4.00	4.07	3.99	4.01	1946049	16454316.00
20131210	4.02	4.10	3.95	4.08	3682524	31341504.00
20131211	4.08	4.08	3.95	4.00	2250710	18920596.00
20131212	4.00	4.02	3.91	3.97	1800532	15048687.00
20131213	3.94	4.01	3.93	3.96	1744302	14589144.00
20131216	3.97	3.97	3.84	3.85	2384935	19544998.00
20131217	3.85	3.87	3.82	3.83	1088085	8802837.00
20131218	3.85	3.86	3.81	3.84	813999	6586216.00
20131219	3.84	3.86	3.79	3.79	861330	6957554.00
20131220	3.78	3.85	3.73	3.76	1356144	10849349.00
20131223	3.79	3.79	3.69	3.72	1468850	11589075.00
20131224	3.76	3.80	3.72	3.76	854178	6775282.00
20131225	3.79	3.79	3.74	3.78	739877	5874444.00
20131226	3.79	3.87	3.73	3.74	1763313	14164893.00
20131227	3.76	3.81	3.74	3.79	1332551	10644560.00
20131230	3.79	3.83	3.78	3.81	1100789	8834198.00
20131231	3.81	3.82	3.77	3.81	977649	7833349.00
20140102	3.80	3.82	3.76	3.82	1244186	9959918.00
20140103	3.80	3.81	3.74	3.75	1024111	8154036.00
20140106	3.74	3.75	3.56	3.56	2248568	17323234.00
20140107	3.60	3.62	3.56	3.59	1019514	7750376.00
20140108	3.59	3.60	3.52	3.53	1419187	10711076.00
20140109	3.53	3.55	3.47	3.48	949325	7093271.00
20140110	3.47	3.49	3.44	3.48	979067	7221152.00
20140113	3.49	3.51	3.45	3.47	609325	4499850.00
20140114	3.45	3.52	3.45	3.52	909422	6746551.00
20140115	3.51	3.52	3.49	3.52	512859	3821163.00
20140116	3.53	3.55	3.49	3.52	797528	5973313.00
20140117	3.53	3.56	3.43	3.44	1146364	8452870.00
20140120	3.42	3.47	3.38	3.39	929625	6728673.00
20140121	3.38	3.44	3.38	3.44	872298	6360834.00
20140122	3.44	3.55	3.44	3.54	1382545	10329290.00
20140123	3.54	3.62	3.51	3.56	1460726	11033723.00
20140124	3.56	3.64	3.55	3.62	1606405	12284587.00
20140127	3.62	3.72	3.62	3.64	1968359	15288865.00
20140128	3.66	3.67	3.61	3.62	959226	7390211.00
20140129	3.62	3.67	3.62	3.66	724343	5592874.00
20140130	3.67	3.67	3.64	3.64	563451	4355208.00
20140207	3.64	3.66	3.57	3.65	1109211	8524601.00
20140210	3.66	3.75	3.65	3.73	1679798	13196287.00
20140211	3.70	3.80	3.69	3.75	2152592	17067918.00
20140212	3.75	3.80	3.73	3.79	1465956	11671442.00
20140213	3.77	3.81	3.72	3.73	1998178	15896008.00
20140214	3.72	3.81	3.72	3.80	1789713	14259854.00
20140217	3.82	3.85	3.79	3.84	2409984	19433062.00
20140218	3.85	3.89	3.80	3.84	2727637	22052196.00
20140219	3.85	3.87	3.82	3.85	1892144	15342358.00
20140220	3.85	3.88	3.77	3.77	2068626	16608519.00
20140221	3.77	3.79	3.70	3.73	1589941	12583066.00
20140224	3.71	3.77	3.68	3.77	1214546	9550627.00
20140225	3.77	3.84	3.65	3.68	2341292	18662952.00
20140226	3.65	3.74	3.64	3.74	1590534	12436625.00
20140227	3.76	3.77	3.67	3.68	1548555	12215544.00
20140228	3.68	3.79	3.64	3.79	1658363	13036998.00
20140303	3.79	3.99	3.77	3.98	5508817	45557528.00
20140304	3.94	3.96	3.86	3.92	2857913	23548280.00
20140305	3.93	3.95	3.87	3.90	1978774	16284944.00
20140306	3.92	3.92	3.82	3.91	1861515	15174686.00
20140307	3.90	3.92	3.83	3.84	1820506	14829561.00
20140310	3.84	3.84	3.70	3.72	1579785	12554534.00
20140311	3.71	3.77	3.70	3.75	1206217	9520905.00
20140312	3.73	3.76	3.69	3.73	1011467	7956358.00
20140313	3.74	3.79	3.71	3.74	960144	7595987.00
20140314	3.74	3.75	3.70	3.73	951131	7493324.00
20140317	3.74	3.84	3.73	3.84	1557138	12528464.00
20140318	3.85	3.92	3.83	3.86	1812838	14812432.00
20140319	3.86	3.89	3.80	3.88	1335392	10850364.00
20140320	3.90	3.91	3.73	3.73	2513520	20221538.00
20140321	3.74	3.83	3.71	3.82	1604305	12774881.00
20140324	3.80	3.88	3.80	3.85	1696346	13730382.00
20140325	3.83	3.89	3.83	3.88	1519761	12366057.00
20140326	3.88	3.92	3.86	3.90	1981631	16242615.00
20140327	3.89	3.91	3.81	3.82	1479279	12052840.00
20140328	3.83	3.89	3.81	3.85	1668748	13533383.00
20140331	3.86	3.87	3.73	3.76	1768948	14147730.00
20140401	3.78	3.92	3.74	3.90	2268504	18353658.00
20140402	4.25	4.25	4.04	4.10	11758370	101614800.00
20140403	4.12	4.45	4.12	4.30	14858666	133453968.00
20140404	4.23	4.35	4.20	4.31	8831952	79188592.00
20140408	4.30	4.54	4.29	4.48	10227706	95249056.00
20140409	4.44	4.54	4.41	4.51	8148096	75943872.00
20140410	4.50	4.50	4.42	4.45	6108102	56753320.00
20140411	4.42	4.46	4.32	4.36	5955667	54371292.00
20140414	4.36	4.44	4.35	4.41	3520627	32330636.00
20140415	4.38	4.41	4.36	4.40	3012222	27622136.00
20140416	4.41	4.44	4.33	4.36	3744366	34199720.00
20140417	4.36	4.44	4.35	4.36	2871027	26313284.00
20140418	4.36	4.42	4.33	4.40	2204448	20166244.00
20140421	4.39	4.48	4.34	4.35	4334333	39836524.00
20140422	4.33	4.36	4.22	4.28	3789492	33959964.00
20140423	4.29	4.31	4.25	4.29	1652639	14791462.00
20140424	4.29	4.30	4.21	4.23	1990363	17746944.00
20140425	4.15	4.15	3.90	3.92	7111563	59934232.00
20140428	3.89	3.91	3.81	3.83	2571679	20858196.00
20140429	3.83	3.89	3.82	3.88	1378265	11182346.00
20140430	3.89	3.94	3.86	3.92	1151954	9477774.00
20140505	3.89	3.97	3.87	3.96	1435118	11888059.00
20140506	3.99	4.03	3.94	3.99	1733969	14552947.00
20140507	4.01	4.01	3.89	3.94	1701032	14132088.00
20140508	3.90	4.00	3.89	3.92	1496723	12416660.00
20140509	3.93	3.95	3.88	3.92	990399	8148112.00
20140512	3.96	4.03	3.94	4.01	1711407	14356642.00
20140513	4.01	4.03	3.97	4.01	1210845	10188102.00
20140514	4.03	4.04	3.99	4.02	1023568	8626281.00
20140515	4.02	4.04	3.96	3.97	1244689	10453255.00
20140516	4.00	4.05	3.99	4.05	2435087	20573782.00
20140519	4.08	4.13	4.02	4.08	2517744	21545348.00
20140520	4.12	4.12	3.99	4.03	2105582	17849134.00
20140521	4.03	4.04	3.97	4.00	2760662	23221644.00
20140522	3.98	4.13	3.97	4.08	4312126	23789524.00
20140523	4.05	4.10	4.00	4.03	2686881	14646309.00
20140526	4.03	4.16	4.02	4.15	3368719	18691880.00
20140527	4.16	4.17	4.10	4.14	1959491	10950854.00
20140528	4.16	4.21	4.11	4.16	3282387	18388260.00
20140529	4.14	4.17	4.06	4.07	2920050	16229849.00
20140530	4.11	4.11	4.03	4.06	1998538	10950169.00
20140603	4.06	4.10	4.03	4.05	1391602	7633299.00
20140604	4.06	4.12	4.03	4.10	2805737	15503867.00
20140605	4.11	4.15	4.08	4.13	1938115	10800536.00
20140606	4.13	4.20	4.06	4.18	3333184	18610204.00
20140609	4.18	4.21	4.13	4.18	2787638	15719643.00
20140610	4.18	4.23	4.16	4.22	3723475	21165708.00
20140611	4.23	4.25	4.17	4.18	2022479	11445149.00
20140612	4.16	4.21	4.13	4.18	2003271	11267942.00
20140613	4.16	4.20	4.14	4.18	2441288	13747860.00
20140616	4.21	4.32	4.16	4.29	4846732	27933858.00
20140617	4.29	4.73	4.26	4.73	25502098	157940736.00
20140618	4.76	4.84	4.61	4.80	19726103	125837712.00
20140619	4.73	4.76	4.40	4.50	11701569	72738576.00
20140620	4.50	4.53	4.34	4.42	9665816	57251848.00
20140623	4.45	4.64	4.42	4.58	8483422	51689980.00
20140624	4.55	4.60	4.49	4.53	4581993	28004708.00
20140625	4.56	4.70	4.53	4.54	6696885	41539544.00
20140703	4.84	5.01	4.70	5.01	17918396	118963264.00
20140704	5.31	5.53	5.30	5.53	12413690	90949888.00
20140707	5.71	5.71	5.10	5.24	31432727	224339904.00
20140708	5.13	5.78	5.12	5.78	17589854	129715224.00
20140709	5.92	6.30	5.73	5.82	40731380	324864448.00
20140710	5.66	5.81	5.52	5.58	22197877	167700672.00
20140711	5.58	5.63	5.46	5.51	12546274	92878288.00
20140714	5.52	5.76	5.49	5.58	12001627	89918544.00
20140715	5.53	5.57	5.26	5.36	11091911	80369216.00
20140716	5.39	5.40	5.18	5.32	8373690	59365440.00
20140717	5.27	5.50	5.19	5.41	7181177	51211220.00
20140718	5.38	5.43	5.28	5.30	5133928	36596040.00
20140721	5.32	5.33	5.19	5.27	3777075	26512688.00
20140722	5.29	5.33	5.24	5.30	4468005	31700638.00
20140723	5.31	5.54	5.29	5.36	10289510	74572792.00
20140724	5.40	5.43	5.00	5.22	6668203	46494988.00
20140725	5.16	5.30	5.16	5.23	3308832	23144374.00
20140728	5.25	5.33	5.23	5.31	4719586	33317390.00
20140729	5.33	5.34	5.27	5.33	4843875	34441448.00
20140730	5.34	5.38	5.28	5.36	4433323	31615968.00
20140731	5.36	5.40	5.30	5.36	3431235	24584486.00
20140801	5.36	5.55	5.33	5.36	6510919	47392520.00
20140804	5.36	5.46	5.36	5.40	5054031	36511968.00
20140805	5.41	5.48	5.35	5.45	5255939	38128628.00
20140806	5.43	5.56	5.40	5.55	6597550	48694348.00
20140807	5.56	5.61	5.38	5.43	6060622	44482840.00
20140808	5.42	5.47	5.39	5.45	3800413	27602708.00
20140811	5.46	5.60	5.40	5.56	5797325	42755920.00
20140812	5.53	5.59	5.50	5.57	5685080	42105944.00
20140813	5.56	5.57	5.43	5.52	5248977	38618700.00
20140814	5.52	5.55	5.43	5.46	5592392	41019976.00
20140815	5.45	5.59	5.44	5.53	4376279	32405604.00
20140818	5.58	5.77	5.53	5.73	11032243	83771144.00
20140819	5.82	5.85	5.65	5.83	12482297	96170000.00
20140820	5.82	6.20	5.80	6.10	15331493	123636736.00
20140821	6.06	6.70	6.00	6.47	21718222	185485520.00
20140822	6.47	6.57	6.27	6.40	11075371	94389536.00
20140825	6.38	6.49	6.27	6.38	7485333	63615460.00
20140826	6.38	6.48	6.34	6.40	8340924	71142912.00
20140827	6.43	6.76	6.34	6.41	13742691	120169736.00
20140828	6.39	6.39	6.13	6.15	8680203	72120576.00
20140829	6.13	6.33	6.09	6.30	5444613	45222280.00
20140901	6.36	6.53	6.36	6.46	7914433	67973792.00
20140902	6.44	6.70	6.42	6.68	10269629	90430624.00
20140903	6.69	6.74	6.60	6.66	8281467	73231368.00
20140904	6.66	7.03	6.57	6.98	10975813	100164728.00
20140905	6.98	7.05	6.90	7.04	6644401	61529840.00
20140909	7.00	7.52	7.00	7.22	11151835	107976816.00
20140910	7.20	7.32	7.11	7.31	6990545	66930192.00
20140911	7.29	7.38	7.15	7.26	7493472	72310712.00
20140912	7.23	7.29	7.10	7.21	5556064	53014800.00
20140915	7.21	7.59	7.19	7.56	8214088	80694184.00
20140916	7.53	7.64	6.90	6.94	14391187	138914432.00
20140917	6.96	7.06	6.76	6.96	8064103	74165624.00
20140918	6.93	7.10	6.89	7.07	5031838	47031352.00
20140919	7.07	7.44	7.03	7.33	8181661	79463408.00
20140922	7.28	7.78	7.26	7.64	12890030	130380456.00
20140923	7.65	7.90	7.50	7.73	8009219	81913384.00
20140924	7.72	7.85	7.53	7.74	8001066	81897696.00
20140925	7.78	7.88	7.65	7.69	5503324	56582384.00
20140926	7.70	8.47	7.65	8.47	14143101	153702384.00
20140929	8.50	8.81	8.26	8.74	12009323	136628560.00
20140930	8.75	9.59	8.69	9.32	15193555	185704176.00
20141008	9.26	9.30	8.83	9.14	11812012	141463072.00
20141009	9.14	9.14	8.91	9.06	9146865	108990832.00
20141010	8.98	8.98	8.65	8.74	9828387	114252496.00
20141013	8.68	8.83	8.23	8.81	10511587	117975696.00
20141014	8.71	9.30	8.69	9.24	12213754	146925632.00
20141015	9.23	9.29	8.92	9.07	5879157	70416736.00
20141016	8.89	9.30	8.81	8.99	7610839	91135920.00
20141017	8.92	8.93	8.46	8.50	8885001	101519472.00
20141020	8.59	8.68	8.41	8.45	7293600	82292976.00
20141021	8.48	8.80	8.39	8.66	6662755	75876696.00
20141022	8.61	8.63	8.21	8.23	6254145	69726544.00
20141023	8.20	8.23	7.53	7.61	10441121	108233888.00
20141024	7.69	7.89	7.65	7.75	4860012	50072464.00
20141027	7.53	7.60	7.32	7.59	7398453	73181928.00
20141028	7.56	8.26	7.56	8.20	8308543	87739520.00
20141029	8.19	8.34	8.13	8.23	7468774	81362368.00
20141030	8.17	8.42	8.00	8.40	7470772	82054608.00
20141031	8.36	8.42	8.09	8.21	5324133	58038468.00
20141103	8.16	8.26	7.88	7.98	6709104	71665472.00
20141104	8.01	8.01	7.76	7.82	6640771	68887288.00
20141105	7.83	8.03	7.73	8.01	5517510	57862640.00
20141106	7.94	8.12	7.80	8.02	5742834	60711520.00
20141107	8.00	8.08	7.92	8.01	5021206	53335216.00
20141110	8.00	8.03	7.84	7.91	3622806	37910496.00
20141111	7.91	7.91	7.10	7.10	19745881	191425760.00
20141112	7.10	7.17	6.96	7.12	6927063	65144832.00
20141113	7.13	7.16	6.69	7.14	13556887	124670176.00
20141114	7.01	7.44	6.98	7.31	9619742	92903464.00
20141117	7.23	7.36	7.00	7.30	5730192	55067064.00
20141118	7.26	7.35	7.19	7.34	4340729	41964700.00
20141119	7.34	7.36	7.21	7.34	4573017	44364980.00
20141120	7.30	7.46	7.23	7.44	4518924	44041236.00
20141121	7.40	7.56	7.38	7.47	5683020	56210144.00
20141124	7.53	7.58	7.33	7.57	8090795	80303696.00
20141125	7.52	7.94	7.50	7.90	10005009	102447552.00
20141126	7.88	7.93	7.80	7.88	6351762	66146132.00
20141127	7.90	8.49	7.85	8.33	12487045	135584224.00
20141128	8.57	8.89	7.83	8.04	24724650	270712544.00
20141201	8.00	8.00	7.33	7.40	19710249	198130288.00
20141202	7.40	7.53	7.40	7.43	7766142	76802448.00
20141203	7.42	7.63	7.18	7.58	12946097	126345288.00
20141204	7.53	7.62	7.47	7.60	7913132	79420872.00
20141205	7.57	7.57	7.03	7.17	11148347	107262520.00
20141208	7.19	7.20	7.00	7.03	9084841	85089744.00
20141209	7.03	7.03	6.55	6.56	14207006	127384520.00
20141210	6.53	6.80	6.50	6.79	5532775	49440924.00
20141211	6.73	6.86	6.70	6.84	5581463	50348008.00
20141212	6.79	6.90	6.78	6.89	5353261	48750280.00
20141215	6.86	6.99	6.78	6.98	6239818	57081864.00
20141216	6.98	6.99	6.83	6.85	5851998	53572848.00
20141217	6.79	6.83	6.63	6.68	6542238	58293696.00
20141218	6.67	6.80	6.63	6.66	4034979	36089700.00
20141219	6.66	6.67	6.36	6.44	6231949	53753704.00
20141222	6.40	6.40	5.79	5.84	10428585	82997656.00
20141223	5.92	6.02	5.83	5.86	4497684	35604904.00
20141224	5.92	6.03	5.87	6.00	3972870	31679770.00
20141225	6.05	6.14	5.99	6.10	4420043	35823352.00
20141226	6.06	6.16	6.06	6.13	3225397	26286128.00
20141229	6.13	6.13	5.88	5.93	4432075	35193680.00
20141230	5.98	5.99	5.74	5.80	3355670	26144500.00
20141231	5.78	5.83	5.65	5.83	3307674	25365264.00
20150105	5.86	5.98	5.79	5.96	4176432	32868044.00
20150106	5.94	6.27	5.84	6.22	7969069	64745212.00
20150107	6.19	6.29	6.11	6.20	4234055	34889204.00
20150108	6.21	6.58	6.12	6.41	8689337	73972296.00
20150109	6.30	6.52	6.30	6.31	6074491	51691060.00
20150112	6.29	6.29	6.01	6.04	4793141	38962680.00
20150113	6.00	6.13	6.00	6.05	2401635	19419704.00
20150114	6.07	6.10	6.03	6.06	2264329	18281570.00
20150115	6.04	6.13	6.04	6.11	2350800	19154118.00
20150116	6.11	6.20	6.03	6.20	4196900	34278000.00
20150119	6.00	6.34	5.82	6.06	6065157	49599024.00
20150120	6.09	6.44	6.06	6.40	8653547	72425112.00
20150121	6.34	6.57	6.33	6.55	9581536	82496744.00
20150122	6.50	6.70	6.49	6.63	9448300	83263288.00
20150123	6.65	6.65	6.47	6.53	6001765	52296024.00
20150126	6.50	6.78	6.46	6.77	8340378	74224688.00
20150127	6.76	7.00	6.74	6.88	10923647	99583008.00
20150128	6.88	6.88	6.76	6.81	5256706	47600180.00
20150129	6.71	6.86	6.69	6.72	4596852	41390176.00
20150130	6.72	6.76	6.55	6.56	4765955	42056100.00
20150202	6.33	6.53	6.25	6.42	6033997	51305264.00
20150203	6.43	6.54	6.37	6.52	4193868	36069088.00
20150204	6.52	6.67	6.47	6.63	3860318	33675952.00
20150205	6.66	6.76	6.57	6.66	4862748	43149688.00
20150206	6.61	6.68	6.45	6.48	3530793	30828224.00
20150209	6.46	6.55	6.26	6.46	4547355	38680148.00
20150210	6.45	6.59	6.39	6.56	3446945	29793616.00
20150211	6.56	6.85	6.56	6.76	8760948	78570344.00
20150212	6.78	6.96	6.70	6.80	10386863	94168848.00
20150213	6.80	6.92	6.78	6.83	8125943	73985736.00
20150216	6.83	6.97	6.81	6.94	8465127	77909048.00
20150217	6.96	6.98	6.87	6.91	4399505	40444248.00
20150225	6.93	7.04	6.87	6.96	6987208	64583564.00
20150226	6.93	7.00	6.86	6.96	6083244	56017064.00
20150227	6.97	7.67	6.96	7.62	18960562	183204480.00
20150302	7.47	8.03	7.40	7.79	22248083	225791456.00
20150303	7.71	7.90	7.54	7.64	13889502	142363488.00
20150304	7.64	7.88	7.58	7.82	10939763	112319160.00
20150305	7.76	7.88	7.73	7.81	10630810	110083136.00
20150306	7.82	7.95	7.53	7.56	10672919	108979888.00
20150309	7.46	7.67	7.43	7.66	10722925	108086728.00
20150310	7.65	7.90	7.58	7.83	8558694	88223032.00
20150311	7.83	8.04	7.71	8.00	13058182	136906960.00
20150312	8.00	8.16	7.73	7.86	12150832	127828864.00
20150313	7.84	7.88	7.66	7.74	7825759	80242896.00
20150316	7.76	8.01	7.76	7.96	12582401	132087056.00
20150317	7.97	8.29	7.93	8.17	21278843	227832928.00
20150318	8.16	8.23	8.03	8.20	17102190	184539280.00
20150319	8.17	8.50	8.04	8.43	19897395	217842768.00
20150320	8.40	8.53	8.26	8.47	14624944	162423040.00
20150323	8.52	8.67	8.42	8.56	15249732	172868480.00
20150324	8.56	8.61	8.19	8.52	17716105	197668992.00
20150325	8.46	9.21	8.30	8.91	20827053	239377984.00
20150326	8.86	9.44	8.80	9.27	22918174	277229216.00
20150327	9.36	9.43	9.19	9.30	11142622	137073600.00
20150330	9.36	10.14	9.30	9.88	18098060	235223328.00
20150331	10.06	10.06	9.36	9.49	20458484	259671232.00
20150401	9.49	9.63	9.38	9.56	14123364	177111136.00
20150402	9.56	9.57	9.24	9.45	15714289	194768640.00
20150403	9.45	9.74	9.27	9.72	13025086	164224544.00
20150407	9.72	10.36	9.67	10.16	17385409	230967600.00
20150408	10.16	10.62	9.96	10.53	21394636	293000416.00
20150409	10.60	10.90	10.02	10.88	21766167	301529728.00
20150410	10.69	11.63	10.69	11.28	18747752	279192832.00
20150413	11.30	11.76	11.19	11.46	14426103	218218480.00
20150414	11.49	11.60	11.23	11.35	9286269	139100496.00
20150415	11.16	11.43	10.53	10.86	10418762	151838096.00
20150416	10.70	11.13	10.46	10.91	8098494	115960080.00
20150417	10.99	11.69	10.99	11.43	12360628	185540144.00
20150420	11.43	11.62	10.67	10.78	16576785	244493552.00
20150421	10.76	11.30	10.53	11.19	10088141	145169056.00
20150422	11.28	11.65	11.26	11.52	11803823	177997056.00
20150423	11.69	12.69	11.50	12.69	20282189	327262752.00
20150424	12.46	13.84	12.26	13.47	17752446	303428160.00
20150427	13.46	13.46	12.92	13.07	19233064	331480736.00
20150428	12.92	13.06	12.00	12.60	16231907	266847520.00
20150429	12.53	13.22	12.31	13.18	12127972	205671408.00
20150430	13.19	13.80	13.07	13.11	11219035	198901744.00
20150504	12.93	13.29	12.61	12.66	9194383	155277280.00
20150505	12.70	12.83	12.15	12.30	9769028	159054624.00
20150506	12.34	12.65	11.90	12.05	8596080	138915888.00
20150507	12.09	12.13	11.29	11.90	11069058	169534768.00
20150508	11.70	12.47	11.70	12.39	8391303	134217920.00
20150511	12.57	12.90	12.25	12.75	11311003	186849216.00
20150512	12.75	12.95	12.30	12.86	15764495	261914688.00
20150513	12.75	13.33	12.46	13.12	16353147	280179840.00
20150514	13.11	13.59	13.00	13.18	11720192	204102976.00
20150515	13.23	13.23	12.59	12.70	11042571	185764912.00
20150518	12.83	13.36	12.76	13.03	12557431	216019616.00
20150519	13.03	13.57	12.95	13.55	12218448	214653248.00
20150520	13.57	14.92	13.56	14.92	16115008	301165696.00
20150521	14.76	15.46	14.62	15.01	16115668	318995584.00
20150522	15.20	15.68	15.05	15.35	13610597	274574176.00
20150525	15.13	15.60	15.00	15.55	14213608	286148640.00
20150526	15.67	16.65	15.25	16.36	15455022	323502528.00
20150527	16.53	18.01	15.50	18.01	27577531	621286848.00
20150528	17.76	19.83	16.76	19.11	35094022	851978816.00
20150529	17.19	18.46	17.19	17.19	35956512	832932224.00
20150601	16.69	17.76	15.76	17.20	33472947	728644736.00
20150602	17.45	18.94	17.28	18.94	22022259	524149632.00
20150603	19.84	19.84	18.29	18.74	29453043	732631616.00
20150604	18.23	18.23	16.85	17.62	20193158	465995968.00
20150605	17.84	18.34	16.93	17.75	19627351	457471744.00
20150608	17.75	17.76	16.31	16.78	15658473	349484224.00
20150609	16.76	17.19	16.43	16.91	10313208	228411200.00
20150610	16.93	17.68	16.76	17.33	11339302	257796896.00
20150611	17.23	19.07	16.85	18.81	21160895	499725120.00
20150612	18.68	20.17	18.50	19.16	24207062	612746496.00
20150615	19.38	21.03	19.33	20.62	23934895	630384256.00
20150616	20.19	20.24	18.54	19.66	18516383	475733920.00
20150617	19.26	20.80	18.12	20.76	22003830	570641728.00
20150618	21.29	21.36	19.69	19.93	12992694	349936128.00
20150619	19.86	19.86	17.93	17.93	10453918	192889536.00
20150623	16.90	17.68	16.13	16.39	15225189	253754048.00
20150624	16.68	16.98	15.38	16.16	17872975	290686912.00
20150625	16.25	16.82	15.57	15.92	15871521	260940000.00
20150626	15.49	15.53	14.32	14.32	10019672	146822304.00
20150629	14.78	14.78	12.88	12.88	15922566	211278640.00
20150630	11.68	14.18	11.58	14.15	39992163	501738176.00
20150701	14.40	15.58	14.30	14.71	37644064	572308928.00
20150702	14.71	15.38	13.88	14.47	32071976	477303232.00
20150703	13.74	15.18	13.01	13.04	24741970	341014976.00
20150706	14.36	14.36	11.72	11.72	27317841	351052608.00
20150707	10.70	11.38	10.54	10.54	11062156	119024848.00
20150709	9.47	11.61	9.47	11.61	32585076	356886464.00
20150710	11.90	12.78	11.87	12.78	28707382	366118592.00
20150713	13.28	14.07	12.58	14.07	54443466	735316224.00
20150714	13.63	14.77	12.90	13.14	47576713	661405952.00
20150715	12.49	12.49	11.81	11.81	22169735	268229424.00
20150716	10.63	11.98	10.62	11.14	30819672	348046016.00
20150717	11.09	12.00	11.08	11.73	22888410	268121296.00
20150720	11.73	12.68	11.54	12.44	26509423	322956704.00
20150721	12.23	13.09	11.91	12.67	25056905	316623136.00
20150722	12.68	12.98	12.27	12.74	24997043	320058016.00
20150723	12.76	13.66	12.65	13.29	27383365	361334400.00
20150724	13.37	13.44	12.45	12.66	22632800	299148576.00
20150727	12.18	12.60	11.38	11.38	17730675	214900656.00
20150728	10.28	11.18	10.23	10.23	25724107	270705504.00
20150729	10.54	10.86	9.63	10.83	17366930	180602816.00
20150730	10.68	11.15	10.36	10.50	15976279	174483184.00
20150731	10.18	10.82	9.87	10.43	13338979	139220544.00
20150803	9.98	10.43	9.78	9.80	15555765	158256896.00
20150804	9.78	10.78	9.78	10.72	15624022	161761600.00
20150805	10.58	10.77	10.24	10.40	12209057	129802800.00
20150806	10.18	10.68	10.05	10.44	9496307	100366048.00
20150807	10.55	11.00	10.51	10.86	14418982	157343088.00
20150810	11.00	11.67	10.89	11.52	17943737	205569696.00
20150811	11.56	12.33	11.35	12.03	24749679	294876256.00
20150812	11.86	12.42	11.69	11.73	19619308	239355872.00
20150813	11.74	11.97	11.29	11.95	15177986	179642992.00
20150814	12.01	12.49	11.97	12.10	21120244	260162464.00
20150817	12.17	13.15	11.88	12.98	21414801	268054688.00
20150818	13.03	13.03	11.67	11.67	16343653	203516464.00
20150819	10.98	11.94	10.49	11.50	18262446	204522736.00
20150820	10.88	11.45	10.64	10.72	13086180	146217088.00
20150821	10.18	10.76	10.08	10.55	12473237	131674480.00
20150824	9.87	10.07	9.48	9.48	11737857	114691984.00
20150825	8.68	9.38	8.52	8.52	13461376	119546288.00
20150826	8.68	9.13	8.09	8.28	15077500	132483496.00
20150827	8.66	8.90	8.09	8.85	11458169	100160200.00
20150828	8.97	9.46	8.93	9.43	16170403	150109600.00
20150831	9.32	9.32	8.69	8.73	11269034	102092472.00
20150901	8.76	9.12	8.16	8.22	12401029	109662496.00
20150902	7.71	8.61	7.56	8.05	13136020	107780408.00
20150907	8.21	8.50	7.89	8.03	11282577	94004376.00
20150908	7.98	8.55	7.76	8.41	8851835	73473408.00
20150909	8.46	8.89	8.36	8.71	12172038	107329640.00
20150910	8.68	9.13	8.50	8.76	12986619	116371672.00
20150911	8.60	8.81	8.43	8.58	9453968	82378256.00
20150914	8.62	8.70	7.71	7.71	10031124	82325016.00
20150915	7.36	7.43	6.93	6.93	11530519	83382592.00
20150916	6.94	7.63	6.88	7.52	10598718	77796928.00
20150917	7.52	8.08	7.34	7.42	13312634	104570296.00
20150918	7.43	7.55	7.04	7.21	11149966	82159216.00
20150921	7.15	7.78	7.00	7.64	12770547	96425928.00
20150922	7.67	8.03	7.64	7.78	13535537	107227992.00
20150923	7.58	7.76	7.50	7.56	6892347	53324904.00
20150924	7.63	7.98	7.63	7.93	10088231	80059056.00
20150925	7.83	8.34	7.80	8.07	17676055	145331456.00
20150928	8.00	8.89	7.99	8.89	26719134	230974400.00
20150929	8.73	9.23	8.38	8.52	22908092	204783280.00
20150930	8.56	9.38	8.56	9.38	27601140	256100704.00
20160218	10.33	10.33	10.33	10.33	178357	1863831.00
20160219	11.38	11.38	11.38	11.38	162018	1863207.00
20160222	12.53	12.53	12.53	12.53	972180	12298077.00
20160223	13.48	13.48	12.09	12.63	59132010	766407936.00
20160224	12.43	13.91	12.43	13.91	64954245	879949696.00
20160225	13.38	13.41	12.51	12.51	43674485	560897024.00
20160226	11.98	12.26	11.38	11.68	24805817	296591648.00
20160229	11.64	11.68	10.50	10.50	14496860	156051584.00
20160301	10.23	11.26	9.86	10.92	19634493	208452944.00
20160302	10.76	11.50	10.59	11.32	21184641	237353216.00
20160303	11.16	12.28	11.09	11.31	22705743	266013728.00
20160304	11.10	11.30	10.17	10.28	21646520	230187728.00
20160307	10.22	10.88	10.22	10.56	16324562	175552480.00
20160308	10.48	11.18	9.94	11.09	20032147	216849904.00
20160309	10.78	11.03	10.40	10.45	13024430	141069248.00
20160310	10.65	10.81	10.26	10.43	9953218	106470480.00
20160311	10.37	10.42	9.99	10.25	8248737	84969408.00
20160314	10.46	10.96	10.36	10.72	13386490	145364640.00
20160315	10.70	11.18	10.63	10.76	12922359	142320160.00
20160316	10.80	11.13	10.39	10.57	11723724	127694600.00
20160317	10.68	11.25	10.61	11.19	19193512	213871424.00
20160318	11.29	11.85	11.26	11.65	22703301	264243600.00
20160321	11.95	12.61	11.95	12.55	27582731	338548864.00
20160322	12.38	13.55	12.24	12.94	26150824	342865984.00
20160323	12.94	13.24	12.53	13.01	19960936	260056912.00
20160324	12.81	13.18	12.26	12.28	22930466	295094368.00
20160325	12.32	12.53	12.03	12.33	12107762	149570416.00
20160328	12.38	12.43	11.98	12.10	17555533	215736128.00
20160329	12.13	12.31	11.88	12.13	12151422	148344288.00
20160330	12.29	12.56	12.21	12.54	11476417	143466752.00
20160331	12.58	13.26	12.49	13.15	18284458	238764784.00
20160401	13.11	13.58	12.80	13.52	18351499	245170832.00
20160405	13.63	14.57	13.63	14.11	24994591	357108576.00
20160406	13.87	14.25	13.78	14.03	14990360	211713440.00
20160407	14.08	14.33	13.66	13.79	17177972	241265184.00
20160408	13.56	13.87	13.36	13.73	15421641	211547504.00
20160411	13.88	14.88	13.88	14.78	20204110	294111840.00
20160412	14.94	16.27	14.94	16.25	46041116	744521856.00
20160413	15.96	16.32	15.69	16.08	24369581	395287904.00
20160414	16.00	16.79	15.56	16.22	18715744	305247040.00
20160415	16.13	16.44	16.00	16.11	12204409	199214816.00
20160418	16.04	16.53	15.54	15.71	22209480	357251136.00
20160419	15.88	16.18	15.54	16.13	11886551	190568688.00
20160420	16.29	16.41	14.51	15.53	19164652	295868608.00
20160421	15.33	15.69	14.56	14.63	12712943	195178672.00
20160422	14.58	15.03	14.20	14.93	12371351	182688128.00
20160425	15.03	15.56	14.73	15.42	10809290	165951664.00
20160426	15.37	16.17	15.30	16.00	9460672	151341776.00
20160427	16.13	16.37	15.78	16.05	9439078	152547248.00
20160428	15.98	16.13	15.23	15.97	8673679	137777312.00
20160429	15.91	16.72	15.85	16.54	12361165	204329504.00
20160503	16.47	17.67	16.43	17.37	15277110	264995440.00
20160504	17.52	17.52	16.98	17.19	9578703	166036208.00
20160505	17.03	17.43	16.83	17.15	8694079	149578304.00
20160506	17.21	17.35	16.55	16.69	11399203	192513680.00
20160509	16.33	16.68	15.13	15.77	15282747	248536064.00
20160510	15.58	15.85	15.22	15.48	9481631	147844048.00
20160511	15.78	15.85	14.33	14.70	17523213	263135520.00
20160512	14.34	14.56	13.83	14.42	14109252	202075648.00
20160513	14.38	14.66	14.18	14.28	8862472	128556984.00
20160516	14.30	14.77	14.17	14.74	6264182	91148288.00
20160517	14.74	15.17	14.68	14.71	9026783	135361520.00
20160518	14.38	14.67	13.23	13.42	13628905	190289648.00
20160519	13.37	14.18	13.30	13.44	11496442	158651872.00
20160520	13.47	13.67	12.71	13.44	12009379	160205120.00
20160523	13.42	14.04	13.41	14.02	10784492	149620416.00
20160524	14.02	14.02	13.50	13.84	7961271	110123040.00
20160525	13.95	14.20	13.56	13.73	6074845	85151320.00
20160526	13.76	14.49	13.45	14.35	8869881	124722248.00
20160527	14.26	14.99	14.22	14.75	10988869	163264080.00
20160530	14.81	15.18	14.50	14.79	9825814	147722320.00
20160531	14.79	15.55	14.63	15.38	11694023	178459056.00
20160601	15.50	15.89	15.27	15.29	9822416	154175248.00
20160602	15.35	15.35	14.77	15.16	10778880	162641056.00
20160603	15.02	15.75	14.72	15.70	14497145	221043920.00
20160606	15.87	16.00	15.52	15.66	9227017	146039984.00
20160607	15.70	15.70	15.40	15.52	6820305	106428904.00
20160608	15.52	15.58	15.23	15.33	6601343	102107072.00
20160613	15.06	15.12	13.85	13.91	8814460	131078160.00
20160614	13.78	14.24	13.70	14.04	5867934	82750504.00
20160615	13.78	14.62	13.72	14.32	5493378	79457856.00
20160616	14.45	14.90	14.16	14.45	6846879	100173808.00
20160617	14.33	14.65	13.91	14.28	5367709	77234952.00
20160620	14.09	14.54	14.09	14.48	6757759	97983544.00
20160621	14.50	14.75	13.90	14.08	4851552	70051408.00
20160622	14.05	14.17	13.61	14.11	5836263	81731328.00
20160623	14.14	14.34	14.00	14.12	3750850	53587232.00
20160624	14.18	14.18	13.10	13.65	7661112	105485072.00
20160627	13.65	13.90	13.45	13.71	5349275	73899544.00
20160628	13.71	14.28	13.46	14.25	8907412	124701968.00
20160629	14.30	14.39	14.05	14.31	7015022	100463864.00
20160630	14.35	14.85	14.20	14.77	11945120	175375456.00
20160701	14.77	14.96	14.43	14.44	6467501	95514184.00
20160704	14.40	14.95	14.35	14.93	11043465	164434816.00
20160705	15.05	16.08	15.05	15.89	24866625	392776480.00
20160706	15.75	16.03	15.53	15.73	11079300	176157360.00
20160707	15.68	15.97	15.41	15.46	11007700	173256048.00
20160708	15.41	15.66	14.82	15.02	15001200	230274240.00
20160711	15.00	15.05	14.40	14.41	13016300	192311968.00
20160712	14.48	14.53	13.89	14.32	9868800	140737344.00
20160713	14.38	14.79	14.23	14.52	11329400	165407056.00
20160714	14.43	14.59	14.38	14.50	5704000	83145696.00
20160715	14.44	14.70	14.37	14.49	5499500	80418256.00
20160718	14.40	14.49	13.94	14.03	6525100	92713816.00
20160719	14.05	14.13	13.93	14.12	4181700	59126424.00
20160720	14.03	14.19	14.03	14.13	5084300	72221824.00
20160721	14.17	14.22	13.98	14.01	5744000	81351632.00
20160722	14.01	14.05	13.90	13.97	3870100	54403612.00
20160725	13.92	14.21	13.91	14.11	4410000	62553624.00
20160726	14.15	14.68	14.08	14.67	9538000	139631168.00
20160727	14.78	14.89	13.40	13.83	11237065	161010464.00
20160728	13.80	14.12	13.70	14.09	6179335	86809976.00
20160729	14.09	14.19	13.93	13.99	3354187	47449300.00
20160801	13.95	13.98	13.00	13.10	8297419	111161784.00
20160802	13.10	13.20	12.27	12.59	11576488	147065808.00
20160803	12.58	13.20	12.41	13.08	8194910	105108512.00
20160804	13.01	13.13	12.83	12.92	4795146	62548080.00
20160805	12.92	13.10	12.63	12.96	4958112	64349812.00
20160808	12.90	13.03	12.72	12.99	3985092	51701252.00
20160809	13.01	13.06	12.93	13.04	2551500	33475712.00
20160810	12.97	13.20	12.77	12.99	4672200	61201172.00
20160811	12.99	13.02	12.58	12.59	4207068	54226400.00
20160812	12.60	12.98	12.42	12.85	4056113	51991884.00
20160815	12.80	13.39	12.77	13.07	7468539	97993880.00
20160816	13.05	13.22	13.01	13.14	4986817	65951360.00
20160817	13.14	13.25	12.90	13.16	5052409	66681100.00
20160818	13.14	13.24	13.03	13.23	5983611	79271088.00
20160819	13.30	13.40	12.98	13.06	6322859	83608008.00
20160822	13.22	13.42	13.10	13.12	6186400	82537880.00
20160823	13.05	13.12	12.80	12.92	5628300	73353480.00
20160824	12.94	13.18	12.92	13.17	4966700	65441732.00
20160825	13.14	13.31	12.81	13.18	5590300	73551784.00
20160826	13.13	13.48	13.04	13.34	8476900	113572608.00
20160829	13.30	13.42	13.17	13.25	4124507	55191120.00
20160830	13.33	13.35	13.16	13.18	4057862	54138060.00
20160831	13.17	13.23	12.84	13.00	4951975	64806144.00
20160901	13.02	13.65	12.94	13.22	8294715	110966448.00
20160902	13.18	13.19	12.89	12.97	4877006	63954748.00
20160905	13.00	13.23	12.92	12.97	4600119	60768488.00
20160906	13.08	13.32	12.96	13.27	5895789	78292952.00
20160907	13.26	13.37	13.11	13.19	4302619	57478004.00
20160908	13.21	13.23	13.08	13.16	3239700	42966540.00
20160909	13.19	13.25	13.12	13.15	3760913	50002192.00
20160912	12.98	13.00	12.49	12.52	6203482	79787112.00
20160913	12.58	12.78	12.50	12.74	2922495	37278836.00
20160914	12.65	12.81	12.59	12.63	2018441	25810740.00
20160919	12.63	12.93	12.63	12.85	3422121	44097600.00
20160920	12.90	12.96	12.76	12.80	2137300	27672688.00
20160921	12.88	12.94	12.80	12.83	1419400	18409940.00
20160922	12.96	12.98	12.82	12.88	3012500	39086124.00
20160923	12.86	13.20	12.85	13.03	6654207	87729400.00
20160926	13.00	13.19	12.82	12.88	4849482	63502452.00
20160927	12.88	13.08	12.83	13.07	2479817	32322356.00
20160928	13.10	13.35	13.08	13.20	5984409	79678128.00
20160929	13.20	13.39	13.09	13.13	3829656	51031072.00
20160930	13.06	13.20	13.00	13.18	3311536	43739196.00
20161010	13.30	13.66	13.23	13.64	9243036	125596400.00
20161011	13.62	13.90	13.62	13.72	8398829	116344176.00
20161012	13.64	14.36	13.62	14.34	14351517	203645216.00
20161020	14.90	15.78	14.35	14.46	33235065	499886816.00
20161021	14.36	14.49	13.62	13.91	16280642	229852560.00
20161024	13.73	14.26	13.66	14.08	12358522	174674432.00
20161025	14.02	14.10	13.80	13.99	8937861	125361840.00
20161026	13.99	14.05	13.76	13.97	8184765	114674152.00
20161027	13.90	14.05	13.79	13.86	4240906	59289688.00
20161028	13.75	13.97	13.55	13.55	8693940	119926320.00
20161031	13.52	13.55	12.88	13.29	8370137	111273600.00
20161101	13.29	13.43	13.21	13.31	5324400	71350560.00
20161102	13.30	13.78	13.22	13.38	7719200	105236272.00
20161103	13.30	13.60	13.10	13.39	6740604	90747240.00
20161104	13.36	13.47	13.22	13.29	3475500	46611620.00
20161107	13.29	13.29	13.01	13.05	4253122	56321504.00
20161108	13.08	13.35	13.08	13.21	4092483	54566456.00
20161109	13.23	13.33	12.78	12.94	7621136	100038608.00
20161110	13.01	13.16	13.01	13.08	5017042	66209520.00
20161111	13.13	13.40	13.09	13.30	6964843	93347328.00
20161114	13.37	13.49	13.18	13.28	5652496	75737264.00
20161115	13.26	13.44	13.23	13.37	5041251	67680624.00
20161116	13.41	13.59	13.34	13.55	7084700	96123648.00
20161117	13.50	13.50	13.27	13.35	4468400	60034056.00
20161118	13.35	13.35	13.20	13.23	3163200	42258128.00
20161121	13.27	13.51	13.12	13.51	7768700	105035400.00
20161122	13.49	13.65	13.43	13.50	5060704	68863288.00
20161123	13.53	13.60	13.32	13.41	5250427	71400376.00
20161124	13.42	14.07	13.42	14.02	15653700	217334896.00
20161125	13.99	13.99	13.50	13.80	9386900	129784336.00
20161128	13.80	13.87	13.53	13.54	6200900	85215088.00
20161129	13.52	13.53	13.18	13.21	6019900	81055952.00
20161130	13.12	13.87	13.08	13.53	5904600	78776760.00
20161201	13.45	13.64	13.30	13.32	4511437	61028116.00
20161202	13.55	13.68	13.20	13.21	5381734	72831152.00
20161205	13.02	13.23	12.89	12.93	5340900	69916664.00
20161206	12.98	13.17	12.93	13.00	3046800	39962292.00
20161207	13.15	13.38	12.98	13.34	3899800	51711080.00
20161208	13.30	13.61	13.17	13.21	4575900	61407848.00
20161209	13.23	13.38	13.15	13.22	3714000	49485244.00
20161212	13.22	13.34	12.63	12.69	5952550	77609920.00
20161213	12.77	13.00	12.60	12.84	4204142	54023540.00
20161214	13.00	13.23	12.83	12.92	6350577	83330216.00
20161215	12.90	14.13	12.85	13.88	17912407	245603648.00
20161216	13.80	13.98	13.60	13.75	11631627	161148384.00
20161219	13.74	13.87	13.43	13.65	9428600	129328576.00
20161220	13.68	13.79	13.46	13.65	5625716	77151688.00
20161221	13.65	14.05	13.53	13.89	10511360	145935808.00
20161222	14.20	14.38	13.76	13.97	12442816	175299472.00
20161223	13.89	14.04	13.70	13.93	7585736	105936064.00
20161226	13.93	14.76	13.83	14.70	17559727	254983280.00
20161227	14.70	14.74	14.43	14.66	9378579	137752160.00
20161228	14.68	14.86	14.50	14.61	7433869	109879344.00
20161229	14.59	15.05	14.47	14.77	10843800	161252576.00
20161230	14.70	14.83	14.52	14.59	4537100	66891464.00
20170103	14.70	14.70	14.38	14.44	5411923	78795696.00
20170104	14.45	14.49	14.06	14.41	6366581	91438624.00
20170105	14.38	14.48	14.25	14.36	4899564	70977072.00
20170106	14.39	14.60	14.31	14.52	5340275	77652720.00
20170109	14.60	14.67	14.38	14.53	3715708	54203488.00
20170110	14.42	14.59	14.25	14.33	6031480	87465144.00
20170111	14.39	14.47	13.91	13.93	5835321	83768712.00
20170112	13.93	14.08	13.76	13.78	3486411	48860408.00
20170113	13.80	13.80	13.30	13.31	3823111	52055000.00
20170116	13.31	13.60	12.33	13.10	5807994	77461488.00
20170117	13.00	13.38	12.90	13.27	2521524	33305774.00
20170118	13.27	13.49	13.14	13.18	1459433	19556890.00
20170119	13.18	13.21	12.94	12.97	1656064	21807312.00
20170120	13.10	13.39	12.98	13.22	1694225	22581748.00
20170123	13.25	13.41	13.22	13.29	2103207	28165912.00
20170124	13.38	13.39	13.22	13.23	1169512	15639665.00
20170125	13.25	13.29	13.15	13.26	1364323	18157580.00
20170126	13.25	13.37	13.21	13.31	1069177	14318778.00
20170203	13.33	13.38	13.21	13.30	726002	9717304.00
20170206	13.29	13.62	13.23	13.57	2124212	28856920.00
20170207	13.57	13.78	13.45	13.55	2854321	39178848.00
20170208	13.51	13.76	13.43	13.67	2056634	28230138.00
20170209	13.68	13.95	13.65	13.84	2774812	38691364.00
20170210	13.80	13.90	13.73	13.80	2201490	30623824.00
20170213	13.80	13.87	13.63	13.78	1942871	26844126.00
20170214	13.78	14.04	13.76	13.84	2143720	29955324.00
20170215	13.85	13.85	13.49	13.51	2832412	39063448.00
20170216	13.58	13.60	13.49	13.55	1898940	25892684.00
20170217	13.59	13.67	13.40	13.46	1994803	27174534.00
20170220	13.46	13.58	13.37	13.57	2182800	29622936.00
20170221	13.56	13.84	13.50	13.77	3184227	44032736.00
20170222	13.80	13.98	13.72	13.82	3001861	41802944.00
20170223	13.89	14.00	13.60	13.73	3465764	48189604.00
20170224	13.71	14.24	13.71	14.05	8384900	118457304.00
20170227	14.05	14.15	13.85	13.96	5542100	78187776.00
20170228	13.91	14.14	13.90	14.09	4681115	66259408.00
20170301	14.08	14.12	13.87	13.94	2821299	39779212.00
20170302	13.93	14.00	13.70	13.75	2956267	41232704.00
20170303	13.71	13.98	13.55	13.91	3066561	42458032.00
20170306	13.91	14.00	13.78	13.91	2732467	38225888.00
20170307	13.91	13.91	13.70	13.85	2491500	34695616.00
20170308	13.86	13.94	13.81	13.86	2320838	32427646.00
20170309	13.86	13.93	13.60	13.71	3121518	43220932.00
20170310	13.68	13.73	13.50	13.56	2844455	38955276.00
20170313	13.59	13.83	13.52	13.78	2972272	40912676.00
20170314	13.71	13.98	13.71	13.78	2674239	37351748.00
20170315	13.76	13.95	13.62	13.66	4493611	62416680.00
20170316	13.73	13.85	13.65	13.68	3583119	49459520.00
20170317	13.68	13.76	13.62	13.65	3179095	43821088.00
20170320	13.62	13.91	13.62	13.89	5109700	71217752.00
20170321	13.84	13.85	13.63	13.69	3316800	45786872.00
20170322	13.61	13.74	13.53	13.60	2964971	40664752.00
20170323	13.70	13.70	13.12	13.18	5385231	72371504.00
20170324	13.25	13.33	13.13	13.29	3838400	51175648.00
20170327	13.29	13.37	13.20	13.27	2714473	36296260.00
20170328	13.27	13.31	13.17	13.20	2054511	27386768.00
20170329	13.20	13.23	12.98	13.01	2348755	30874152.00
20170330	12.95	13.05	12.60	12.63	2654145	34315816.00
20170331	12.65	12.77	12.60	12.73	2207491	28190572.00
20170405	12.73	13.10	12.64	13.08	3786538	49070164.00
20170406	13.05	13.28	12.99	13.02	2471683	32576560.00
20170407	12.91	13.32	12.91	13.17	3056512	40680616.00
20170410	13.16	13.18	12.82	12.89	2626386	34214360.00
20170411	12.95	13.00	12.64	12.96	2623000	33878056.00
20170412	13.02	13.02	12.70	12.88	1892400	24478276.00
20170413	12.97	13.03	12.73	12.85	1613942	20970124.00
20170414	12.90	12.90	12.70	12.76	1568207	20185232.00
20170417	12.88	12.88	12.50	12.54	1608532	20464472.00
20170418	12.60	12.60	12.25	12.27	2362284	29582704.00
20170419	12.21	12.25	11.50	11.99	3542438	42540536.00
20170420	11.91	12.28	11.83	12.06	2314019	28314126.00
20170421	12.18	12.20	11.93	12.05	1323911	16059377.00
20170424	12.06	12.06	11.62	11.81	2252300	26794320.00
20170425	11.78	11.90	11.70	11.87	2488800	29686550.00
20170426	11.83	11.83	10.67	10.67	10263400	114182008.00
20170427	10.50	10.67	9.98	10.63	8402200	87712520.00
20170428	10.47	10.64	10.41	10.59	4481455	47526432.00
20170502	10.70	11.57	10.60	11.21	7160569	80407384.00
20170503	11.38	11.38	10.90	11.29	4133404	46640656.00
20170504	11.40	11.40	11.11	11.15	2399700	27166274.00
20170505	11.17	11.20	10.81	11.08	2551900	28446430.00
20170508	11.01	11.06	10.45	10.54	2433100	26241648.00
20170509	10.54	10.87	10.45	10.86	2469900	26773864.00
20170510	10.84	10.98	10.67	10.68	2424200	26499480.00
20170511	10.62	10.69	10.12	10.45	2463300	25837536.00
20170512	10.45	10.60	10.30	10.43	1422431	14997481.00
20170515	10.48	11.20	10.44	11.05	4316101	47642956.00
20170516	11.00	11.05	10.71	11.03	3584872	39286708.00
20170517	10.97	11.14	10.90	11.00	2830328	31457294.00
20170518	10.93	11.07	10.82	11.00	1828200	20275398.00
20170519	11.07	11.07	10.91	10.96	1134274	12551630.00
20170522	11.08	11.18	10.92	11.06	4136162	46225808.00
20170523	11.00	11.17	10.80	10.97	2946400	32657968.00
20170524	11.08	11.08	10.80	10.99	2134400	23400364.00
20170525	10.98	11.14	10.88	11.03	1347500	14835273.00
20170526	11.06	11.37	11.05	11.31	3433900	38774268.00
20170531	11.35	11.35	11.15	11.26	2164790	24352416.00
20170601	11.20	11.25	11.02	11.17	2097001	23395302.00
20170602	11.18	11.96	11.06	11.79	9360806	107830368.00
20170605	11.81	12.13	11.81	11.93	4314290	51540008.00
20170606	12.10	12.13	11.86	11.95	3730259	44469756.00
20170607	11.97	12.14	11.89	12.04	4317982	51823472.00
20170608	11.99	12.68	11.99	12.47	5992017	74283472.00
20170609	12.47	12.68	12.40	12.48	3568881	44537200.00
20170612	12.45	12.66	12.30	12.36	3565800	44519776.00
20170613	12.38	12.65	12.25	12.55	2287971	28621304.00
20170614	12.62	12.66	12.42	12.53	2663340	33358248.00
20170615	12.53	12.61	12.48	12.50	2088349	26185716.00
20170616	12.51	13.00	12.20	12.26	9292211	115710832.00
20170619	12.24	12.25	11.91	11.99	5398696	64997596.00
20170620	12.08	12.10	11.94	11.99	3225380	38710624.00
20170621	12.07	12.10	11.92	12.04	2550152	30542692.00
20170622	12.05	12.05	11.81	11.94	2095980	25067792.00
20170623	11.94	11.99	11.41	11.95	3714576	43336420.00
20170626	11.90	11.95	11.64	11.84	3820475	45048656.00
20170627	11.85	12.03	11.57	11.99	6127076	72333632.00
20170628	11.98	11.98	11.75	11.88	1620685	19220072.00
20170629	11.71	11.90	11.71	11.85	1112990	13185719.00
20170630	11.89	12.05	11.78	11.88	1908900	22817088.00
20170703	11.86	12.05	11.70	11.92	3532036	42010100.00
20170704	11.83	11.98	11.83	11.92	1606986	19144656.00
20170705	11.93	12.20	11.86	12.07	4302447	51737616.00
20170706	12.18	12.18	11.95	11.97	1837320	22090556.00
20170707	11.97	12.65	11.64	12.23	9004405	107240720.00
20170710	12.20	12.25	11.80	11.98	4365225	52384592.00
20170711	11.83	11.93	11.58	11.67	3103100	36431716.00
数据来源:通达信
