600006 东风汽车 日线 前复权
      日期	    开盘	    最高	    最低	    收盘	    成交量	    成交额
20111010	3.50	3.53	3.45	3.52	4385327	15903469.00
20111011	3.58	3.61	3.50	3.53	4760277	17599444.00
20111012	3.49	3.64	3.47	3.63	6336319	23569212.00
20111013	3.60	3.68	3.60	3.65	6526670	24674634.00
20111014	3.66	3.72	3.62	3.69	7195931	27440896.00
20111017	3.69	3.73	3.65	3.69	4412148	16871720.00
20111018	3.67	3.67	3.60	3.61	3345251	12601111.00
20111019	3.61	3.64	3.59	3.59	2318017	8675798.00
20111020	3.58	3.61	3.47	3.50	2694969	9834708.00
20111021	3.50	3.53	3.47	3.50	1771511	6441556.00
20111024	3.50	3.57	3.47	3.56	2174056	7963763.00
20111025	3.58	3.65	3.52	3.62	3359790	12548910.00
20111026	3.60	3.70	3.59	3.67	5274982	20003930.00
20111027	3.67	3.70	3.64	3.68	3593713	13640236.00
20111028	3.70	3.74	3.68	3.71	5257391	20175096.00
20111031	3.68	3.70	3.63	3.69	4232452	16064047.00
20111101	3.66	3.72	3.63	3.67	5283730	20140344.00
20111103	3.72	3.76	3.70	3.70	8638440	33378036.00
20111104	3.71	3.75	3.67	3.72	4180353	16028956.00
20111107	3.72	3.76	3.69	3.69	4179183	16112195.00
20111108	3.69	3.72	3.65	3.66	3077252	11736438.00
20111109	3.67	3.69	3.62	3.68	2474727	9366163.00
20111110	3.65	3.65	3.57	3.60	3652262	13698754.00
20111111	3.59	3.64	3.57	3.60	2034281	7597063.00
20111114	3.62	3.67	3.60	3.66	6631310	25020694.00
20111115	3.66	3.67	3.62	3.65	3438826	12972024.00
20111116	3.65	3.66	3.53	3.56	3598560	13413982.00
20111117	3.56	3.59	3.55	3.57	2760788	10210713.00
20111118	3.55	3.55	3.47	3.50	2559609	9299590.00
20111121	3.50	3.55	3.47	3.52	1788766	6527204.00
20111122	3.49	3.51	3.46	3.50	2415145	8720684.00
20111123	3.50	3.51	3.45	3.46	1970458	7095593.00
20111124	3.44	3.47	3.41	3.46	2083387	7436304.00
20111125	3.46	3.47	3.42	3.42	1124916	4016821.00
20111128	3.42	3.47	3.40	3.42	1782702	6346818.00
20111129	3.45	3.47	3.42	3.47	1788807	6401482.00
20111130	3.48	3.48	3.29	3.32	2914255	10199718.00
20111201	3.42	3.44	3.35	3.38	2617946	9241935.00
20111202	3.37	3.37	3.30	3.33	1559966	5392631.00
20111205	3.33	3.33	3.22	3.22	1752664	5941600.00
20111206	3.22	3.24	3.20	3.23	1670974	5589857.00
20111207	3.23	3.26	3.21	3.25	984921	3319390.00
20111208	3.25	3.26	3.19	3.24	1414491	4757868.00
20111209	3.22	3.23	3.20	3.22	915154	3058302.00
20111212	3.22	3.25	3.20	3.22	1455088	4876282.00
20111213	3.21	3.21	3.10	3.11	2360681	7732405.00
20111214	3.12	3.12	3.05	3.06	1066622	3425897.00
20111215	3.04	3.06	2.96	2.96	2119876	6618180.00
20111216	2.95	3.05	2.95	3.04	1961188	6127494.00
20111219	3.02	3.07	2.98	3.06	2022029	6384970.00
20111220	3.03	3.09	3.02	3.04	1505600	4805439.00
20111221	3.08	3.09	2.99	3.00	1266855	4026579.00
20111222	2.97	2.98	2.92	2.96	1920533	5918292.00
20111223	2.94	3.02	2.94	2.99	1378198	4300817.00
20111226	3.02	3.04	2.97	3.01	1312016	4118440.00
20111227	3.00	3.02	2.96	2.96	989190	3088123.00
20111228	2.96	2.97	2.91	2.96	1445034	4421865.00
20111229	2.96	3.00	2.93	2.97	2995457	9271096.00
20111230	2.97	3.02	2.96	3.01	3776552	11790744.00
20120104	3.02	3.04	2.95	2.96	2051310	6424732.00
20120105	2.94	2.97	2.91	2.93	2426135	7437452.00
20120106	2.93	2.94	2.88	2.93	2229517	6785674.00
20120109	2.94	3.03	2.91	3.03	3292310	10260935.00
20120110	3.04	3.15	3.02	3.14	5998715	19310584.00
20120111	3.16	3.16	3.09	3.11	3688736	11948160.00
20120112	3.10	3.13	3.07	3.09	2389079	7724553.00
20120113	3.09	3.11	3.00	3.03	2866721	9096331.00
20120116	3.03	3.03	2.97	2.99	1633779	5118969.00
20120117	3.00	3.14	2.97	3.12	4397039	14108027.00
20120118	3.13	3.16	3.07	3.07	4524652	14664388.00
20120119	3.07	3.13	3.04	3.12	3546978	11451110.00
20120120	3.12	3.15	3.10	3.14	3378952	11022664.00
20120130	3.14	3.15	3.09	3.10	2426328	7879031.00
20120131	3.09	3.11	3.05	3.07	1732907	5552186.00
20120201	3.10	3.10	3.06	3.07	1657182	5313027.00
20120202	3.06	3.11	3.05	3.11	2745908	8814950.00
20120203	3.10	3.14	3.08	3.12	3514623	11398627.00
20120206	3.12	3.14	3.11	3.12	3002703	9771812.00
20120207	3.12	3.12	3.05	3.06	2943827	9425372.00
20120208	3.07	3.12	3.05	3.12	3338209	10762285.00
20120209	3.12	3.17	3.11	3.14	6389715	20857744.00
20120210	3.14	3.18	3.11	3.17	6056908	19940556.00
20120213	3.16	3.19	3.13	3.19	4081522	13471672.00
20120214	3.18	3.19	3.12	3.12	9364195	30601306.00
20120215	3.13	3.31	3.12	3.25	13802216	46020420.00
20120216	3.22	3.25	3.18	3.22	6453390	21615860.00
20120217	3.23	3.29	3.21	3.26	5060748	17106022.00
20120220	3.29	3.31	3.25	3.25	4257035	14497716.00
20120221	3.25	3.27	3.21	3.26	2946429	9915455.00
20120222	3.25	3.30	3.24	3.30	6233227	21236188.00
20120223	3.31	3.33	3.26	3.28	6620995	22616392.00
20120224	3.29	3.33	3.27	3.33	5937560	20392108.00
20120227	3.46	3.68	3.46	3.68	23236261	88201584.00
20120228	3.76	4.05	3.70	3.90	67929517	271109152.00
20120229	3.83	3.83	3.67	3.73	29167152	112621712.00
20120301	3.71	3.75	3.67	3.70	12932010	49659060.00
20120302	3.72	3.79	3.68	3.79	16219919	62920936.00
20120305	3.78	3.79	3.71	3.72	13228020	51126872.00
20120306	3.71	3.71	3.60	3.62	14139250	53169684.00
20120307	3.59	3.71	3.58	3.63	11995396	45418504.00
20120308	3.67	3.67	3.58	3.65	8787731	33047278.00
20120309	3.63	3.68	3.61	3.65	6560736	24711316.00
20120312	3.65	3.67	3.61	3.64	6479716	24381784.00
20120313	3.64	3.65	3.59	3.64	6608810	24762368.00
20120314	3.67	3.68	3.45	3.49	15747066	58276988.00
20120315	3.48	3.49	3.31	3.39	11127447	39249512.00
20120316	3.38	3.44	3.37	3.44	6903503	24458134.00
20120319	3.42	3.45	3.38	3.45	6242400	22205426.00
20120320	3.45	3.45	3.37	3.40	4764420	16825392.00
20120321	3.42	3.43	3.32	3.38	4194072	14733476.00
20120322	3.37	3.42	3.36	3.40	2971139	10465962.00
20120323	3.39	3.39	3.30	3.31	4331180	15000701.00
20120326	3.30	3.34	3.29	3.32	2460153	8463179.00
20120327	3.32	3.39	3.32	3.34	3693952	12861800.00
20120328	3.33	3.33	3.18	3.19	4592749	15483388.00
20120329	3.19	3.19	3.11	3.13	4171521	13665530.00
20120330	3.12	3.18	3.11	3.17	3238010	10620417.00
20120405	3.17	3.27	3.17	3.24	4231809	14208541.00
20120406	3.30	3.41	3.28	3.33	7867408	27363560.00
20120409	3.31	3.31	3.25	3.26	3558971	12130234.00
20120410	3.25	3.31	3.18	3.30	3783775	12736715.00
20120411	3.25	3.33	3.22	3.30	5317046	18138024.00
20120412	3.31	3.36	3.29	3.35	6497354	22513960.00
20120413	3.37	3.45	3.36	3.42	9365720	33104550.00
20120416	3.41	3.43	3.37	3.40	4887613	17239316.00
20120417	3.37	3.45	3.34	3.35	5209434	18368052.00
20120418	3.35	3.44	3.34	3.43	5720586	20213312.00
20120419	3.48	3.61	3.45	3.49	12277063	44750580.00
20120420	3.47	3.53	3.44	3.51	6268106	22713016.00
20120423	3.51	3.55	3.43	3.45	5225607	18949348.00
20120424	3.41	3.47	3.29	3.38	6586158	23103854.00
20120426	3.43	3.45	3.38	3.41	5704389	20209252.00
20120427	3.41	3.41	3.34	3.35	4601446	16094920.00
20120502	3.39	3.48	3.36	3.46	9478406	33756200.00
20120503	3.46	3.47	3.41	3.44	3390453	12110582.00
20120504	3.44	3.48	3.42	3.46	4030052	14424857.00
20120507	3.46	3.51	3.43	3.50	7153580	25819796.00
20120508	3.51	3.51	3.44	3.46	4866775	17479172.00
20120509	3.43	3.44	3.35	3.36	5445958	19093186.00
20120510	3.35	3.37	3.32	3.34	3582805	12477112.00
20120511	3.35	3.36	3.31	3.31	2599660	8991879.00
20120514	3.34	3.35	3.27	3.30	4008985	13762010.00
20120515	3.29	3.31	3.25	3.30	3156458	10728741.00
20120516	3.31	3.32	3.25	3.25	2776158	9440900.00
20120517	3.27	3.32	3.25	3.31	3159221	10811634.00
20120518	3.30	3.33	3.27	3.29	3584824	12314162.00
20120521	3.29	3.33	3.27	3.28	2841322	9748805.00
20120522	3.30	3.32	3.28	3.32	2293435	7872687.00
20120523	3.30	3.39	3.27	3.38	6230766	21550010.00
20120524	3.38	3.38	3.28	3.30	5066772	17470916.00
20120525	3.30	3.32	3.25	3.31	3680446	12546679.00
20120528	3.31	3.43	3.24	3.42	10454367	36395788.00
20120529	3.43	3.53	3.42	3.49	19114169	69066840.00
20120530	3.49	3.49	3.41	3.43	9401830	33490734.00
20120531	3.42	3.43	3.33	3.39	6254524	21934122.00
20120601	3.39	3.40	3.36	3.38	3918484	13757717.00
20120604	3.33	3.34	3.25	3.25	5179247	17740916.00
20120605	3.25	3.28	3.25	3.27	3141560	10656025.00
20120606	3.26	3.29	3.23	3.26	2445938	8282613.00
20120607	3.28	3.29	3.23	3.23	2346741	7955305.00
20120608	3.26	3.27	3.20	3.21	2792329	9389945.00
20120611	3.22	3.26	3.18	3.26	3151048	10573149.00
20120612	3.25	3.25	3.22	3.22	1699498	5705259.00
20120613	3.22	3.26	3.20	3.25	3032743	10197570.00
20120614	3.28	3.35	3.27	3.27	7141544	24536552.00
20120615	3.28	3.29	3.24	3.29	3032348	10297209.00
20120618	3.31	3.32	3.29	3.30	1595500	5400162.00
20120619	3.30	3.30	3.25	3.26	1978550	6633516.00
20120620	3.27	3.29	3.25	3.25	1478480	4951294.00
20120621	3.25	3.26	3.21	3.22	2026937	6699068.00
20120625	3.22	3.24	3.12	3.14	2957000	9587772.00
20120626	3.14	3.14	3.10	3.14	2048385	6566940.00
20120627	3.14	3.16	3.12	3.13	1914863	6154857.00
20120628	3.12	3.13	3.05	3.05	2685092	8491596.00
20120629	3.05	3.08	2.98	3.07	4937229	15302431.00
20120702	3.07	3.07	3.00	3.02	3909776	12144662.00
20120703	3.02	3.04	2.99	3.02	3236426	10026419.00
20120704	3.02	3.04	3.00	3.02	2058106	6370005.00
20120705	3.00	3.01	2.96	2.98	2407190	7366686.00
20120706	3.00	3.04	2.96	3.04	2776644	8555128.00
20120709	3.03	3.03	2.94	2.95	3580280	10931658.00
20120710	2.95	2.98	2.94	2.97	2213487	6732115.00
20120711	2.98	2.99	2.95	2.98	1621220	4952583.00
20120712	2.96	2.99	2.93	2.98	3189230	9689774.00
20120713	2.98	2.98	2.94	2.96	2195398	6674346.00
20120716	2.96	2.97	2.91	2.92	2761200	8309046.00
20120717	2.92	2.94	2.90	2.94	1672410	5015128.00
20120718	2.94	2.97	2.91	2.96	2144075	6451668.00
20120719	2.96	3.01	2.95	2.98	3209645	9847194.00
20120720	2.98	2.99	2.95	2.96	1765124	5376195.00
20120723	2.96	2.97	2.92	2.93	1759966	5305193.00
20120724	2.93	2.97	2.92	2.94	1375156	4159576.00
20120725	2.93	2.96	2.93	2.94	1226548	3703667.00
20120726	2.94	2.95	2.92	2.93	1611775	4855352.00
20120727	2.93	2.94	2.91	2.91	1509653	4527941.00
20120730	2.91	2.93	2.90	2.91	1768643	5288457.00
20120731	2.91	2.91	2.77	2.82	3275907	9503936.00
20120801	2.83	2.86	2.78	2.84	1593594	4645269.00
20120802	2.83	2.85	2.80	2.81	1377100	3992164.00
20120803	2.82	2.84	2.79	2.83	1790685	5183711.00
20120806	2.83	2.89	2.82	2.88	2544671	7487762.00
20120807	2.88	2.91	2.86	2.90	2120826	6300660.00
20120808	2.90	2.93	2.89	2.90	1955084	5848812.00
20120809	2.90	2.93	2.88	2.93	2056554	6154336.00
20120810	2.92	2.94	2.90	2.93	1742347	5223215.00
20120813	2.90	2.92	2.84	2.84	2498400	7380559.00
20120814	2.84	2.86	2.80	2.85	2140180	6224815.00
20120815	2.85	2.86	2.83	2.85	1335093	3903593.00
20120816	2.84	2.84	2.81	2.83	936655	2723413.00
20120817	2.82	2.84	2.81	2.83	1169080	3392902.00
20120820	2.83	2.83	2.80	2.82	1182453	3417225.00
20120821	2.82	2.87	2.81	2.82	2511165	7316381.00
20120822	2.82	2.83	2.78	2.80	2062339	5943344.00
20120823	2.81	2.82	2.79	2.82	1378755	3982725.00
20120824	2.82	2.82	2.76	2.77	2178471	6240606.00
20120827	2.76	2.76	2.70	2.70	1931720	5405699.00
20120828	2.68	2.75	2.67	2.73	1637950	4587158.00
20120829	2.74	2.75	2.69	2.69	1067070	2986516.00
20120830	2.70	2.72	2.65	2.67	2179732	6037318.00
20120831	2.68	2.71	2.66	2.69	954000	2639899.00
20120903	2.69	2.71	2.66	2.70	1529609	4241902.00
20120904	2.70	2.70	2.65	2.67	1590380	4378629.00
20120905	2.66	2.67	2.64	2.66	1342249	3666531.00
20120906	2.67	2.68	2.65	2.68	1140178	3128861.00
20120907	2.72	2.84	2.70	2.80	6745086	19291294.00
20120910	2.80	2.83	2.76	2.81	4517198	12978997.00
20120911	2.81	2.81	2.76	2.79	2312771	6610575.00
20120912	2.79	2.81	2.76	2.78	2645279	7575174.00
20120913	2.79	2.79	2.73	2.76	2552204	7256043.00
20120914	2.77	2.82	2.75	2.79	3797722	10889348.00
20120917	2.79	2.79	2.66	2.67	3601571	10137336.00
20120918	2.67	2.68	2.64	2.66	1757783	4814140.00
20120919	2.67	2.69	2.66	2.67	1083761	2981221.00
20120920	2.68	2.68	2.61	2.62	1799889	4892094.00
20120921	2.62	2.63	2.59	2.61	1518165	4083401.00
20120924	2.61	2.61	2.54	2.58	1617989	4287291.00
20120925	2.58	2.59	2.53	2.56	1337554	3533114.00
20120926	2.55	2.57	2.54	2.56	2013743	5306517.00
20120927	2.55	2.64	2.55	2.64	2842142	7619185.00
20120928	2.62	2.70	2.61	2.69	3609056	9863413.00
20121008	2.67	2.72	2.64	2.66	1786701	4923451.00
20121009	2.67	2.72	2.67	2.70	3419940	9492998.00
20121010	2.71	2.82	2.71	2.81	10862801	31233392.00
20121011	2.77	2.81	2.74	2.74	5260792	14979585.00
20121012	2.74	2.76	2.70	2.72	3896238	10938405.00
20121015	2.72	2.74	2.68	2.70	1603897	4461596.00
20121016	2.70	2.73	2.67	2.69	2049972	5706890.00
20121017	2.69	2.71	2.66	2.71	1894000	5233509.00
20121018	2.71	2.79	2.70	2.77	4744801	13482957.00
20121019	2.76	2.78	2.75	2.76	2495130	7088771.00
20121022	2.74	2.78	2.74	2.78	2454233	6976001.00
20121023	2.78	3.05	2.77	2.98	22955496	69726224.00
20121024	2.95	3.29	2.89	3.29	45034445	145542928.00
20121025	3.31	3.52	3.02	3.09	54898575	184380656.00
20121026	3.03	3.09	2.90	2.98	26732904	81415064.00
20121029	2.96	3.07	2.92	2.99	16417302	50694876.00
20121030	2.94	3.01	2.88	2.90	11565142	34826512.00
20121031	2.84	2.88	2.81	2.86	11246062	32792288.00
20121101	2.85	2.92	2.83	2.91	10381340	30727888.00
20121102	2.90	2.90	2.83	2.87	10734154	31548488.00
20121105	2.85	2.86	2.82	2.83	7047266	20560488.00
20121106	2.84	2.87	2.82	2.87	9117689	26678182.00
20121107	2.85	2.87	2.79	2.82	7718999	22514064.00
20121108	2.78	2.79	2.68	2.71	15836277	44582728.00
20121109	2.70	2.71	2.67	2.69	6107829	16893612.00
20121112	2.70	2.73	2.69	2.73	4887485	13641853.00
20121113	2.73	2.74	2.65	2.67	4146939	11474540.00
20121114	2.67	2.70	2.64	2.70	3012782	8287231.00
20121115	2.68	2.68	2.62	2.63	2960093	8090897.00
20121116	2.63	2.63	2.59	2.62	3107577	8336173.00
20121119	2.61	2.62	2.57	2.62	2903571	7772436.00
20121120	2.63	2.65	2.61	2.61	2106600	5704851.00
20121121	2.61	2.68	2.59	2.66	3427860	9305590.00
20121122	2.66	2.70	2.64	2.66	2841080	7805583.00
20121123	2.64	2.68	2.64	2.65	2748055	7528369.00
20121126	2.64	2.66	2.62	2.62	2408436	6531178.00
20121127	2.62	2.62	2.54	2.55	3856797	10228623.00
20121128	2.55	2.61	2.53	2.56	4760898	12588790.00
20121129	2.56	2.59	2.53	2.55	3282429	8667314.00
20121130	2.55	2.60	2.54	2.60	3192307	8480018.00
20121203	2.58	2.60	2.56	2.56	3148209	8366741.00
20121204	2.57	2.69	2.52	2.67	9532584	25728684.00
20121205	2.66	2.74	2.63	2.73	13619124	37892220.00
20121206	2.71	2.72	2.67	2.69	5458051	15130432.00
20121207	2.69	2.73	2.65	2.73	7370277	20571902.00
20121210	2.74	2.78	2.71	2.76	9744611	27549492.00
20121211	2.75	2.76	2.70	2.71	7329744	20553996.00
20121212	2.71	2.72	2.68	2.71	3371879	9377107.00
20121213	2.70	2.75	2.67	2.69	5311127	14856337.00
20121214	2.69	2.79	2.69	2.78	11950546	33907248.00
20121217	2.78	2.83	2.76	2.79	10438761	29984928.00
20121218	2.79	2.82	2.76	2.80	7490913	21497608.00
20121219	2.80	2.99	2.77	2.97	25052513	74474680.00
20121220	2.92	2.94	2.84	2.87	16929656	50108640.00
20121221	2.88	2.92	2.84	2.87	9849669	29102820.00
20121224	2.87	2.96	2.84	2.91	11320728	33864424.00
20121225	2.89	2.95	2.85	2.93	13893473	41499712.00
20121226	2.93	2.95	2.89	2.92	9394682	28162064.00
20121227	2.92	2.93	2.88	2.89	7476786	22298568.00
20121228	2.88	2.91	2.86	2.90	5723229	16968092.00
20121231	2.90	2.92	2.89	2.91	6687366	19987410.00
20130104	2.92	2.95	2.91	2.92	10103407	30386424.00
20130107	2.91	2.92	2.89	2.91	6568342	19589348.00
20130108	2.90	2.91	2.88	2.89	5746857	17067920.00
20130109	2.90	2.97	2.88	2.92	11173464	33512598.00
20130110	2.92	2.94	2.90	2.93	8001199	24011832.00
20130111	2.92	2.93	2.83	2.85	7764538	23044836.00
20130114	2.83	2.92	2.82	2.91	8498764	25237924.00
20130115	2.92	3.00	2.91	2.98	15071460	45766176.00
20130116	2.99	3.01	2.94	2.95	10040558	30640438.00
20130117	2.95	2.96	2.91	2.93	6113658	18408320.00
20130118	2.92	2.96	2.89	2.95	10030245	30182996.00
20130121	2.95	3.01	2.92	2.98	12030227	36768828.00
20130122	2.97	2.97	2.91	2.94	8247646	24914532.00
20130123	2.93	2.94	2.88	2.92	8539046	25549394.00
20130124	2.91	2.95	2.87	2.89	7491596	22379504.00
20130125	2.89	3.01	2.89	3.00	21120678	64274516.00
20130128	3.05	3.31	3.05	3.31	56945912	189268944.00
20130129	3.38	3.49	3.21	3.24	60650407	207712960.00
20130130	3.22	3.24	3.13	3.17	25674622	83448176.00
20130131	3.15	3.15	3.08	3.11	16167975	51492452.00
20130201	3.10	3.14	3.06	3.12	13304030	42259180.00
20130204	3.11	3.19	3.08	3.16	19474102	62780920.00
20130205	3.13	3.18	3.10	3.15	10384874	33538122.00
20130206	3.15	3.18	3.12	3.15	8105856	26153260.00
20130207	3.10	3.14	3.10	3.10	9436667	30123628.00
20130208	3.08	3.19	3.08	3.16	10554768	34141480.00
20130218	3.17	3.28	3.16	3.24	18084979	59856360.00
20130219	3.24	3.24	3.14	3.15	9191490	29941314.00
20130220	3.15	3.19	3.13	3.17	7736000	25115436.00
20130221	3.16	3.16	3.04	3.07	9754753	30834728.00
20130222	3.07	3.09	3.04	3.04	5065816	15895444.00
20130225	3.04	3.07	3.03	3.05	3260078	10186984.00
20130226	3.04	3.09	3.01	3.02	4823460	15083982.00
20130227	3.03	3.06	2.99	3.01	3906662	12104590.00
20130228	3.01	3.07	3.00	3.06	5181418	16132758.00
20130301	3.06	3.06	3.02	3.06	6100582	19042512.00
20130304	3.03	3.04	2.94	2.96	7336571	22419992.00
20130305	2.96	2.99	2.94	2.99	6251416	19037718.00
20130306	2.98	3.04	2.97	3.04	6050386	18695432.00
20130307	3.02	3.03	2.99	3.01	5758052	17767796.00
20130308	3.00	3.06	2.99	3.03	5898601	18346444.00
20130311	3.02	3.02	2.98	3.00	4318448	13258084.00
20130312	2.99	3.02	2.92	2.95	5063937	15413822.00
20130313	2.95	2.97	2.87	2.91	5316941	15888264.00
20130314	2.91	2.94	2.90	2.92	2435618	7309990.00
20130315	2.92	2.95	2.88	2.91	3138093	9408478.00
20130318	2.89	2.91	2.82	2.83	5236009	15401172.00
20130319	2.83	2.85	2.79	2.84	3401659	9874352.00
20130320	2.83	2.95	2.83	2.95	6975088	20956984.00
20130321	2.95	2.96	2.91	2.93	4787455	14390322.00
20130322	2.93	2.93	2.87	2.91	5061958	15068760.00
20130325	2.92	2.93	2.89	2.91	2792960	8328961.00
20130326	2.90	2.90	2.84	2.87	3104305	9140766.00
20130327	2.87	2.90	2.86	2.88	2622788	7766839.00
20130328	2.87	2.87	2.79	2.79	4448730	12878002.00
20130329	2.77	2.81	2.76	2.78	2576800	7377134.00
20130401	2.78	2.82	2.77	2.81	2146459	6194165.00
20130402	2.81	2.84	2.79	2.80	2235669	6458154.00
20130403	2.80	2.82	2.76	2.78	2210250	6316895.00
20130408	2.78	2.78	2.72	2.76	2662950	7508196.00
20130409	2.76	2.81	2.76	2.80	3395209	9769488.00
20130410	2.78	2.85	2.78	2.82	2936752	8513961.00
20130411	2.84	2.89	2.84	2.86	7024736	20663786.00
20130412	2.86	2.86	2.79	2.80	3265911	9470848.00
20130415	2.79	2.84	2.76	2.79	3179415	9174551.00
20130416	2.76	2.82	2.74	2.82	3097300	8846981.00
20130417	2.82	2.83	2.78	2.80	2541735	7321761.00
20130418	2.79	2.85	2.72	2.84	3916543	11270801.00
20130419	2.83	2.87	2.81	2.87	5237787	15361773.00
20130422	2.85	2.87	2.83	2.87	3979460	11657310.00
20130423	2.90	2.90	2.78	2.79	6040049	17550992.00
20130424	2.78	2.85	2.76	2.82	3704076	10706599.00
20130425	2.82	2.88	2.79	2.83	8187418	24015820.00
20130426	2.82	2.89	2.79	2.88	10621788	31219484.00
20130502	2.83	2.84	2.78	2.82	6254955	18131606.00
20130503	2.83	2.88	2.82	2.86	7435131	21886448.00
20130506	2.84	2.92	2.84	2.92	8607332	25596596.00
20130507	2.93	3.04	2.89	3.02	19655881	60255524.00
20130508	3.01	3.12	2.98	3.00	21201400	66323088.00
20130509	2.99	3.05	2.94	3.00	10240665	31399588.00
20130510	2.97	3.31	2.96	3.31	60032431	197080816.00
20130513	3.52	3.65	3.43	3.65	138413737	510347136.00
20130515	3.45	3.48	3.29	3.41	97029722	334424928.00
20130516	3.38	3.40	3.26	3.33	51840332	176415216.00
20130517	3.31	3.35	3.26	3.31	43426948	146635168.00
20130520	3.31	3.33	3.24	3.33	36509285	122782472.00
20130521	3.31	3.33	3.26	3.29	29376455	98850728.00
20130522	3.30	3.44	3.26	3.35	52978748	182728688.00
20130523	3.32	3.32	3.21	3.23	30897870	102886192.00
20130524	3.23	3.35	3.20	3.26	25422639	85306880.00
20130527	3.24	3.32	3.22	3.28	17754100	59601056.00
20130528	3.27	3.29	3.24	3.28	17465386	58365812.00
20130529	3.29	3.47	3.27	3.36	52889129	183259312.00
20130530	3.32	3.36	3.28	3.31	21955319	74417600.00
20130531	3.32	3.34	3.25	3.26	18344731	61768872.00
20130603	3.27	3.27	3.19	3.20	19160451	63370080.00
20130604	3.21	3.22	3.10	3.14	13370362	43140876.00
20130605	3.15	3.17	3.11	3.15	6668597	21507848.00
20130606	3.15	3.19	3.13	3.15	8528487	27695150.00
20130607	3.15	3.18	3.05	3.07	10095656	32052664.00
20130613	3.04	3.04	2.88	2.96	9295711	28181324.00
20130614	2.96	3.01	2.95	2.99	6043215	18496032.00
20130617	2.99	3.01	2.95	2.99	6002416	18380490.00
20130618	2.99	3.07	2.97	3.03	8224814	25561504.00
20130619	3.02	3.02	2.95	2.99	5138319	15727858.00
20130620	2.99	2.99	2.90	2.91	5928008	17841954.00
20130621	2.88	2.88	2.77	2.86	6204103	18113908.00
20130624	2.86	2.88	2.61	2.67	9046401	25429322.00
20130625	2.63	2.67	2.46	2.67	11871395	31532792.00
20130626	2.68	2.72	2.61	2.69	5492310	15129712.00
20130627	2.71	2.73	2.66	2.67	5622429	15573440.00
20130628	2.66	2.71	2.59	2.69	4744437	13022034.00
20130701	2.69	2.77	2.67	2.75	7122412	20061456.00
20130702	2.75	2.77	2.72	2.76	4086290	11548499.00
20130703	2.76	2.76	2.65	2.70	4315011	11981654.00
20130704	2.68	2.76	2.64	2.72	5511262	15390630.00
20130705	2.73	2.77	2.70	2.73	7269415	20431692.00
20130708	2.73	2.73	2.59	2.61	5562904	15108916.00
20130709	2.61	2.70	2.58	2.65	4303102	11709957.00
20130710	2.63	2.71	2.61	2.70	5474462	15056487.00
20130711	2.70	2.80	2.70	2.76	11807077	33460014.00
20130712	2.75	2.77	2.70	2.71	7395853	20790684.00
20130715	2.75	2.78	2.73	2.77	7320118	20806620.00
20130716	2.79	2.81	2.75	2.80	9138278	26188352.00
20130717	2.78	2.81	2.75	2.76	5436021	15494468.00
20130718	2.76	2.86	2.72	2.78	7831441	22452140.00
20130719	2.78	2.78	2.67	2.68	5995439	16821500.00
20130722	2.64	2.69	2.63	2.68	3887830	10672281.00
20130723	2.68	2.74	2.68	2.72	4763424	13349834.00
20130724	2.71	2.77	2.70	2.73	4690881	13144052.00
20130725	2.73	2.75	2.69	2.70	3870015	10806899.00
20130726	2.70	2.72	2.67	2.69	3419956	9468333.00
20130729	2.67	2.68	2.61	2.63	4695924	12766441.00
20130730	2.64	2.67	2.62	2.66	2730191	7451764.00
20130731	2.66	2.69	2.65	2.65	2242600	6156036.00
20130801	2.66	2.70	2.64	2.70	3419009	9409597.00
20130802	2.71	2.72	2.68	2.70	4056904	11250232.00
20130805	2.70	2.77	2.68	2.76	7404188	20852424.00
20130806	2.75	2.86	2.73	2.84	13966489	40383880.00
20130807	2.83	2.84	2.77	2.78	8889702	25613472.00
20130808	2.78	2.83	2.76	2.78	6581899	18922316.00
20130809	2.78	2.81	2.74	2.77	4854165	13835462.00
20130812	2.78	2.84	2.77	2.84	8626398	24987780.00
20130813	2.84	2.85	2.80	2.84	7472491	21665322.00
20130814	2.84	2.96	2.84	2.86	16715130	49771568.00
20130815	2.85	2.90	2.80	2.82	7686259	22476200.00
20130816	2.80	2.91	2.77	2.79	9740789	28376736.00
20130819	2.77	2.81	2.75	2.80	5213527	14921856.00
20130820	2.80	2.81	2.76	2.77	5300157	15171886.00
20130821	2.78	2.80	2.76	2.80	3984672	11410451.00
20130822	2.79	2.81	2.77	2.79	3800639	10914211.00
20130823	2.79	2.82	2.74	2.81	7126524	20423676.00
20130826	2.81	2.90	2.78	2.89	12604423	36747624.00
20130827	2.87	2.98	2.86	2.91	15585333	46789312.00
20130828	2.88	2.90	2.84	2.87	7631575	22509168.00
20130829	2.86	2.90	2.83	2.87	5924234	17458156.00
20130830	2.89	2.90	2.85	2.87	8293450	24542426.00
20130902	2.88	2.92	2.83	2.91	8693058	25808816.00
20130903	2.91	2.97	2.90	2.96	10817571	32772754.00
20130904	2.97	2.97	2.91	2.93	8546476	25772542.00
20130905	2.94	2.94	2.89	2.91	6111883	18221424.00
20130906	2.90	2.96	2.88	2.96	8494391	25478460.00
20130909	2.95	3.01	2.94	2.99	12763568	39070348.00
20130910	2.99	3.04	2.97	3.04	13281744	41089112.00
20130911	3.04	3.17	3.04	3.07	22393321	71038080.00
20130912	3.06	3.21	3.04	3.13	18265580	58546880.00
20130913	3.12	3.15	3.02	3.04	14638717	46042944.00
20130916	3.02	3.09	3.01	3.04	9984743	31249648.00
20130917	3.02	3.06	2.95	2.95	8543947	26270342.00
20130918	2.96	3.00	2.95	2.99	6285341	19208360.00
20130923	2.98	3.03	2.96	3.03	7464441	22972596.00
20130924	3.03	3.03	2.96	2.97	6987332	21385486.00
20130925	2.97	2.98	2.92	2.94	6901484	20975128.00
20130926	2.93	2.94	2.86	2.86	7442430	22129256.00
20130927	2.87	2.90	2.86	2.88	3459830	10260393.00
20130930	2.88	2.94	2.88	2.94	4656715	13971183.00
20131008	2.94	2.98	2.90	2.95	4732170	14356423.00
20131009	2.95	3.00	2.93	2.99	6915273	21065776.00
20131010	2.98	3.01	2.93	2.96	6383931	19414344.00
20131011	2.96	3.04	2.96	3.02	10732672	33080780.00
20131014	3.05	3.07	2.99	3.03	10583048	32931964.00
20131015	3.04	3.06	2.98	3.01	7856069	24262716.00
20131016	3.01	3.01	2.93	2.94	7240366	21993032.00
20131017	2.95	3.22	2.94	3.06	23079348	72645696.00
20131018	3.00	3.03	2.96	2.99	11890884	36557568.00
20131021	3.02	3.09	2.97	3.05	9490368	29535704.00
20131022	3.02	3.07	3.00	3.04	7201744	22383150.00
20131023	3.06	3.09	2.98	2.99	8638674	26875344.00
20131024	2.99	3.07	2.96	3.01	10956843	33934680.00
20131025	3.02	3.02	2.93	2.95	9085431	27672974.00
20131028	2.95	2.97	2.92	2.94	4833731	14587963.00
20131029	2.94	2.97	2.82	2.88	9176947	27247446.00
20131030	2.87	2.95	2.86	2.93	6421868	19203236.00
20131031	2.91	2.92	2.87	2.90	3691064	10978616.00
20131101	2.89	2.91	2.87	2.90	3306291	9810064.00
20131104	2.89	2.90	2.85	2.88	6600369	19460780.00
20131105	2.86	2.89	2.84	2.88	5030212	14790809.00
20131106	2.87	2.89	2.85	2.85	6061796	17856248.00
20131107	2.84	2.86	2.82	2.83	3655510	10660523.00
20131108	2.83	2.84	2.78	2.80	4100651	11833491.00
20131111	2.80	2.82	2.76	2.79	2936802	8416241.00
20131112	2.79	2.82	2.78	2.82	3273876	9428449.00
20131113	2.82	2.82	2.75	2.77	3685144	10541704.00
20131114	2.76	2.82	2.74	2.80	3836029	10928139.00
20131115	2.79	2.85	2.79	2.83	5383561	15663136.00
20131118	2.83	2.88	2.83	2.86	6239969	18292994.00
20131119	2.87	2.88	2.84	2.84	3733396	10954917.00
20131120	2.85	2.87	2.84	2.87	3807082	11204020.00
20131121	2.87	2.87	2.84	2.86	3721713	10912727.00
20131122	2.86	2.86	2.83	2.85	3339539	9764452.00
20131125	2.85	2.88	2.84	2.86	4218379	12426157.00
20131126	2.85	2.87	2.83	2.84	2945293	8622658.00
20131127	2.84	2.88	2.84	2.86	3644066	10709657.00
20131128	2.86	2.92	2.85	2.89	6297837	18707196.00
20131129	2.88	2.91	2.87	2.90	4974404	14834026.00
20131202	2.88	2.91	2.80	2.84	6498557	19064012.00
20131203	2.83	2.87	2.81	2.86	3096905	9072899.00
20131204	2.86	2.91	2.84	2.89	6698923	19930304.00
20131205	2.91	3.19	2.89	3.19	39761984	127227056.00
20131206	3.19	3.38	3.11	3.13	89367128	296845376.00
20131209	3.07	3.09	3.02	3.05	35899711	112225376.00
20131210	3.02	3.05	2.98	3.03	21293900	65916056.00
20131211	3.02	3.03	2.95	2.98	17014684	52061224.00
20131212	2.96	3.01	2.95	2.98	9919781	30396292.00
20131213	2.97	3.07	2.96	3.04	22919276	71424936.00
20131216	3.04	3.06	2.96	2.98	12005885	36810076.00
20131217	3.00	3.01	2.91	2.93	11326281	34206204.00
20131218	2.96	3.04	2.94	2.98	10980682	33712148.00
20131219	2.99	2.99	2.84	2.90	8639419	26019416.00
20131220	2.86	2.91	2.81	2.84	9169403	26873434.00
20131223	2.83	2.86	2.80	2.84	5496332	15969593.00
20131224	2.84	2.89	2.81	2.86	5208913	15258508.00
20131225	2.84	2.86	2.83	2.86	3605866	10538793.00
20131226	2.85	2.85	2.79	2.79	5006400	14483626.00
20131227	2.77	2.83	2.77	2.81	5780197	16651190.00
20131230	2.83	2.84	2.80	2.81	3771981	10904288.00
20131231	2.80	2.83	2.78	2.83	4415635	12748236.00
20140102	2.83	2.83	2.80	2.82	3606726	10431733.00
20140103	2.82	2.82	2.77	2.79	5185243	14851887.00
20140106	2.78	2.78	2.70	2.71	6206345	17382572.00
20140107	2.71	2.73	2.69	2.72	3060300	8545777.00
20140108	2.72	2.74	2.69	2.70	2667600	7442708.00
20140109	2.69	2.72	2.68	2.68	3080363	8551655.00
20140110	2.68	2.71	2.62	2.64	3893580	10606284.00
20140113	2.63	2.66	2.60	2.62	3788300	10261842.00
20140114	2.67	2.88	2.67	2.81	18748454	54182376.00
20140115	2.73	2.87	2.70	2.84	15916828	45478444.00
20140116	2.79	2.82	2.73	2.77	8376308	23814476.00
20140117	2.76	2.76	2.71	2.72	4397104	12353401.00
20140120	2.70	2.73	2.68	2.71	3460024	9625826.00
20140121	2.71	2.75	2.71	2.74	2586292	7288646.00
20140122	2.74	2.80	2.72	2.79	6095173	17421428.00
20140123	2.79	2.83	2.78	2.80	6504241	18796332.00
20140124	2.80	2.83	2.77	2.81	5492594	15879756.00
20140127	2.82	2.83	2.79	2.81	5850401	16930964.00
20140128	2.81	2.83	2.79	2.81	3698630	10681958.00
20140129	2.82	2.83	2.79	2.81	3594407	10359936.00
20140130	2.80	2.81	2.76	2.78	2631339	7523301.00
20140207	2.76	2.81	2.73	2.81	4331808	12377582.00
20140210	2.81	2.95	2.81	2.92	13186538	39334836.00
20140211	2.91	2.93	2.87	2.88	8566898	25484948.00
20140212	2.88	2.92	2.87	2.91	7443968	22146300.00
20140213	2.91	3.17	2.89	3.01	29839241	93628040.00
20140214	2.97	3.00	2.93	2.99	17273000	52468284.00
20140217	3.02	3.06	2.99	3.04	15701808	48759492.00
20140218	3.08	3.16	2.97	3.00	25930316	81662872.00
20140219	3.02	3.14	2.96	3.07	24045939	75099824.00
20140220	3.15	3.38	3.15	3.16	56695146	187931376.00
20140221	3.13	3.13	3.04	3.06	20856152	65671480.00
20140224	3.03	3.04	2.92	2.97	15163979	46301464.00
20140225	2.97	3.00	2.91	2.93	12998241	39407384.00
20140226	2.92	2.99	2.90	2.98	11377085	34481872.00
20140227	2.98	3.05	2.94	2.95	14789937	45535920.00
20140228	2.92	2.99	2.92	2.99	10447359	31678416.00
20140303	2.98	3.04	2.96	3.02	12865060	39816408.00
20140304	3.01	3.01	2.96	3.00	8351241	25560040.00
20140305	3.03	3.12	3.02	3.05	19847937	62575120.00
20140306	3.03	3.07	2.97	3.03	12251997	37955328.00
20140307	3.02	3.05	2.97	2.99	11268290	34730024.00
20140310	2.97	2.97	2.83	2.85	13301585	39713708.00
20140311	2.85	2.88	2.83	2.87	5870851	17215204.00
20140312	2.86	2.87	2.81	2.85	6783586	19751244.00
20140313	2.86	2.88	2.84	2.87	4768526	14034627.00
20140314	2.87	2.89	2.83	2.86	4302313	12618156.00
20140317	2.86	2.91	2.85	2.90	7076264	20959956.00
20140318	2.93	3.00	2.93	2.97	11415964	34808420.00
20140319	2.97	2.97	2.92	2.96	4694243	14170833.00
20140320	2.95	2.96	2.90	2.90	5328431	16061070.00
20140321	2.91	2.98	2.88	2.97	7952324	23967774.00
20140324	2.97	3.01	2.95	3.00	10803880	33137380.00
20140325	2.99	3.04	2.98	3.01	9500343	29371268.00
20140326	3.01	3.11	2.98	3.09	14142734	44086908.00
20140327	3.05	3.07	3.01	3.02	13644522	42566352.00
20140328	3.02	3.05	2.97	2.99	11322940	34959436.00
20140331	2.98	3.00	2.93	2.95	6272989	19084242.00
20140401	2.95	2.98	2.94	2.97	3733271	11357439.00
20140402	2.98	3.01	2.97	2.99	6684906	20536892.00
20140403	2.99	3.00	2.93	2.96	5313263	16195550.00
20140404	2.95	3.03	2.94	3.02	9138345	28204878.00
20140408	3.01	3.06	3.00	3.04	10069742	31395964.00
20140409	3.04	3.05	3.02	3.03	7629644	23776852.00
20140410	3.03	3.05	2.99	3.05	10077693	31218156.00
20140411	3.04	3.04	3.01	3.03	7233070	22465922.00
20140414	3.02	3.06	3.02	3.04	6183601	19280112.00
20140415	3.04	3.04	3.00	3.01	5310428	16416089.00
20140416	3.00	3.02	2.98	3.00	4793175	14749911.00
20140417	3.01	3.01	2.98	2.98	4084253	12536525.00
20140418	2.98	3.00	2.96	2.99	4284675	13107330.00
20140421	2.97	2.99	2.94	2.94	5693126	17356908.00
20140422	2.94	2.95	2.91	2.95	4934815	14858944.00
20140423	2.95	2.95	2.90	2.94	3557620	10709848.00
20140424	2.94	2.94	2.91	2.93	3325121	9987925.00
20140425	2.92	2.93	2.87	2.88	5362889	15969320.00
20140428	2.88	2.88	2.82	2.83	7125233	20803224.00
20140429	2.81	2.86	2.80	2.85	3656086	10688568.00
20140430	2.86	2.92	2.84	2.91	4700590	13994750.00
20140505	2.92	2.93	2.88	2.92	4174217	12461263.00
20140506	2.92	2.94	2.88	2.91	4260656	12766784.00
20140507	2.91	2.92	2.86	2.87	3870110	11471235.00
20140508	2.86	2.91	2.84	2.87	3081589	9133714.00
20140509	2.87	2.91	2.86	2.89	3251452	9627216.00
20140512	2.90	2.97	2.89	2.96	9307455	28122508.00
20140513	2.96	2.96	2.92	2.94	4361328	13171310.00
20140514	2.94	2.95	2.93	2.94	1978466	5972388.00
20140515	2.93	2.94	2.87	2.89	5941759	17669868.00
20140516	2.89	2.92	2.87	2.92	3556736	10574475.00
20140519	2.92	2.92	2.88	2.90	2275310	6777683.00
20140520	2.89	2.93	2.88	2.91	3430426	10239076.00
20140521	2.90	2.93	2.87	2.92	3443804	10299073.00
20140522	2.92	2.94	2.91	2.91	3440331	10334542.00
20140523	2.92	2.93	2.90	2.92	3124964	9348119.00
20140526	2.93	2.98	2.92	2.97	5264852	16001794.00
20140527	2.97	2.98	2.94	2.96	4625612	14038597.00
20140528	2.98	2.98	2.94	2.97	4164339	12654534.00
20140529	2.96	2.98	2.94	2.94	4586146	13913405.00
20140530	2.94	2.95	2.91	2.93	3970739	11931812.00
20140603	2.92	2.94	2.92	2.93	3250872	9783390.00
20140604	2.92	2.93	2.88	2.89	3509199	10444302.00
20140605	2.89	2.92	2.88	2.91	2220526	6611758.00
20140606	2.90	2.93	2.89	2.92	3483385	10421873.00
20140609	2.92	2.93	2.90	2.90	2666783	7981976.00
20140610	2.91	2.92	2.89	2.91	2480712	7417610.00
20140611	2.91	2.94	2.90	2.91	2966104	8896109.00
20140612	2.91	2.93	2.87	2.89	4080153	12110008.00
20140613	2.89	2.91	2.87	2.90	4368612	13000587.00
20140616	2.90	2.92	2.89	2.91	3198778	9567665.00
20140617	2.91	2.92	2.89	2.90	3412900	10187884.00
20140618	2.91	2.91	2.87	2.89	4055231	12010572.00
20140619	2.88	2.89	2.82	2.84	5689396	16653366.00
20140620	2.85	2.85	2.82	2.83	3672606	10648645.00
20140623	2.83	2.89	2.83	2.88	3680134	10799358.00
20140624	2.87	2.89	2.86	2.88	2188500	6451799.00
20140625	2.89	2.89	2.86	2.87	1754507	5159065.00
20140626	2.87	2.89	2.86	2.88	2188656	6456101.00
20140627	2.88	2.92	2.87	2.90	5074754	15048168.00
20140630	2.90	2.92	2.89	2.91	4533728	13505170.00
20140701	2.91	2.94	2.90	2.92	5079147	15214386.00
20140702	2.93	2.93	2.90	2.93	4617514	13786300.00
20140703	2.93	3.07	2.91	3.00	16946773	51958956.00
20140704	2.99	2.99	2.95	2.97	8111218	24651858.00
20140707	2.96	3.02	2.96	2.99	5948822	18174350.00
20140708	2.99	2.99	2.95	2.98	4218572	12829823.00
20140709	2.97	2.98	2.92	2.93	5280667	15937029.00
20140710	2.93	2.96	2.93	2.95	6330746	19091192.00
20140711	2.96	2.99	2.95	2.97	6622963	20137464.00
20140714	2.97	3.13	2.97	3.09	31285997	98212896.00
20140715	3.08	3.10	3.03	3.05	15874428	49617284.00
20140716	3.05	3.05	3.02	3.05	9205768	28606176.00
20140717	3.05	3.05	2.99	3.00	8476706	26067552.00
20140718	2.99	3.03	2.98	3.01	5511769	16961092.00
20140721	3.01	3.04	3.00	3.02	7140299	22101904.00
20140722	3.02	3.08	3.01	3.07	14711168	46096540.00
20140723	3.07	3.07	3.02	3.04	9468714	29459700.00
20140724	3.04	3.07	3.02	3.05	8329897	25910760.00
20140725	3.04	3.15	3.03	3.10	18161548	57355076.00
20140728	3.10	3.13	3.09	3.11	18269419	58153612.00
20140729	3.12	3.20	3.09	3.14	21178289	67985880.00
20140730	3.13	3.17	3.11	3.14	15662284	50218920.00
20140731	3.14	3.18	3.11	3.17	14742279	47495548.00
20140801	3.15	3.20	3.11	3.11	19851743	64091932.00
20140804	3.14	3.19	3.11	3.18	18408073	59522628.00
20140805	3.18	3.20	3.15	3.18	11203217	36307616.00
20140806	3.18	3.20	3.14	3.19	14986105	48563040.00
20140807	3.20	3.22	3.14	3.15	13318600	43327424.00
20140808	3.13	3.16	3.11	3.12	11260450	36063824.00
20140811	3.12	3.17	3.12	3.16	9268081	29859820.00
20140812	3.16	3.17	3.13	3.15	9935547	31962476.00
20140813	3.19	3.47	3.16	3.47	111684858	390583168.00
20140814	3.53	3.82	3.49	3.82	110447065	416161216.00
20140819	4.21	4.21	4.21	4.21	10476585	44839784.00
20140820	4.64	4.64	4.64	4.64	19251883	90676368.00
20140821	4.91	4.92	4.43	4.53	174520969	822711616.00
20140822	4.23	4.42	4.18	4.30	116621353	509737312.00
20140825	4.24	4.50	4.09	4.48	113577407	489166944.00
20140826	4.37	4.47	4.25	4.27	72172832	318917920.00
20140827	4.24	4.59	4.19	4.33	81412992	364606144.00
20140828	4.24	4.48	4.14	4.37	58030618	254639136.00
20140829	4.37	4.38	4.11	4.25	53775277	230594688.00
20140901	4.22	4.29	4.19	4.27	38054669	163804176.00
20140902	4.29	4.44	4.22	4.36	59342407	261860288.00
20140903	4.38	4.54	4.32	4.40	55449571	248180800.00
20140904	4.35	4.41	4.27	4.37	46032717	202062224.00
20140905	4.37	4.41	4.29	4.37	47392995	210342672.00
20140909	4.38	4.81	4.34	4.81	127856920	607569792.00
20140910	4.80	4.80	4.59	4.67	82120057	388937632.00
20140911	4.63	4.71	4.53	4.54	59385887	277679200.00
20140912	4.55	4.70	4.54	4.67	52641173	248673296.00
20140915	4.66	4.76	4.63	4.73	38730947	184758896.00
20140916	4.75	4.77	4.51	4.63	40985898	192599904.00
20140917	4.63	4.63	4.49	4.57	22374426	103218592.00
20140918	4.70	4.75	4.55	4.59	25667145	120749072.00
20140919	4.53	4.62	4.48	4.59	19830674	91601904.00
20140922	4.59	4.68	4.56	4.60	22165631	103994432.00
20140923	4.63	4.65	4.54	4.60	16613511	77367104.00
20140924	4.60	4.69	4.54	4.67	30408615	143099312.00
20140925	4.69	5.14	4.66	5.14	85271814	437127680.00
20140926	5.14	5.30	4.94	5.26	83187711	430275392.00
20140929	5.26	5.73	5.08	5.57	67390863	374037696.00
20140930	5.48	5.91	5.42	5.69	51750845	298707104.00
20141008	5.69	5.69	5.54	5.68	32090394	182698208.00
20141009	5.61	5.67	5.43	5.55	46026472	257586192.00
20141010	5.52	5.93	5.43	5.65	51371221	298417248.00
20141013	5.65	5.83	5.58	5.73	29827791	172140448.00
20141014	5.71	6.04	5.64	6.03	47184215	279178208.00
20141015	6.03	6.03	5.73	5.90	32581444	194351712.00
20141016	5.83	5.87	5.49	5.56	31096381	180085264.00
20141017	5.54	5.70	5.25	5.62	32547168	181425248.00
20141020	5.60	5.77	5.54	5.71	17426071	100084720.00
20141021	5.73	5.83	5.53	5.57	21674167	124697248.00
20141022	5.55	5.72	5.47	5.53	16273611	91881624.00
20141023	5.53	5.65	5.39	5.43	22391874	124510592.00
20141024	5.37	5.48	5.22	5.26	22373995	120575408.00
20141027	5.29	5.51	5.29	5.44	22085587	120711088.00
20141028	5.47	5.61	5.38	5.58	21316226	119191448.00
20141029	5.61	5.79	5.50	5.73	34965446	200025296.00
20141030	5.68	5.79	5.63	5.68	26000246	150269680.00
20141031	5.68	5.75	5.59	5.63	19915248	114158336.00
20141103	5.63	5.87	5.61	5.71	28048694	162486928.00
20141104	5.68	5.68	5.56	5.61	20523032	116471552.00
20141105	5.61	5.61	5.39	5.48	27097243	149742592.00
20141106	5.49	5.51	5.28	5.44	20985781	114591128.00
20141107	5.41	5.41	5.27	5.32	25289055	136603616.00
20141110	5.33	5.52	5.32	5.50	23633244	129853400.00
20141111	5.54	5.54	5.10	5.22	25977761	139748992.00
20141112	5.13	5.24	5.11	5.24	14600779	76568168.00
20141113	5.25	5.25	5.13	5.17	13542875	70975768.00
20141114	5.15	5.25	5.09	5.19	17562569	91886448.00
20141117	5.19	5.24	5.14	5.21	12398107	65346348.00
20141118	5.21	5.55	5.21	5.38	36152242	198542720.00
20141119	5.38	5.44	5.23	5.41	16141871	87468536.00
20141120	5.40	5.58	5.32	5.49	23511070	130629128.00
20141121	5.48	5.61	5.40	5.53	24050205	133464160.00
20141124	5.54	5.63	5.47	5.53	31195116	174857408.00
20141125	5.53	5.54	5.42	5.50	24945796	138315248.00
20141126	5.52	5.67	5.44	5.63	33717898	189436928.00
20141127	5.64	5.68	5.53	5.56	23103917	130495304.00
20141128	5.48	5.61	5.44	5.51	30462211	170269536.00
20141201	5.43	5.53	5.31	5.36	32174296	176643104.00
20141202	5.36	5.53	5.31	5.46	22804793	126061160.00
20141203	5.52	5.96	5.45	5.95	70495488	406863584.00
20141204	5.99	6.01	5.84	5.95	55678498	333401248.00
20141205	5.95	5.96	5.35	5.68	45580460	262974464.00
20141208	5.58	5.65	5.43	5.59	33435518	188148384.00
20141209	5.59	5.88	5.43	5.47	47111004	271781664.00
20141210	5.43	5.61	5.38	5.57	20966899	117028728.00
20141211	5.58	5.83	5.52	5.82	41078518	237854576.00
20141212	5.93	5.99	5.72	5.79	39001609	230365952.00
20141215	5.73	5.85	5.63	5.81	27278411	158589408.00
20141216	5.83	6.40	5.82	6.40	84720089	531145856.00
20141217	6.54	6.76	6.32	6.61	119817555	798582336.00
20141218	6.43	6.63	6.28	6.41	53951658	349745536.00
20141219	6.41	6.43	6.12	6.32	51272823	322383424.00
20141222	6.27	6.28	5.68	5.75	71422429	425335744.00
20141223	5.75	5.94	5.66	5.73	30495435	179024448.00
20141224	5.77	5.91	5.72	5.87	22926234	134974624.00
20141225	5.90	5.96	5.78	5.90	24970245	147845920.00
20141226	5.90	6.00	5.78	5.99	35486179	212689376.00
20141229	6.03	6.10	5.74	6.02	49680253	296453952.00
20141230	5.93	6.00	5.71	5.78	28585137	168862336.00
20141231	5.78	5.92	5.74	5.88	26037115	153675072.00
20150105	5.89	6.28	5.81	6.17	65370971	399678816.00
20150106	6.08	6.62	6.00	6.27	65269698	416497664.00
20150107	6.18	6.28	6.04	6.14	32671604	202699392.00
20150108	6.17	6.17	5.93	5.94	25223988	153532288.00
20150109	5.92	6.01	5.85	5.86	18772407	112837360.00
20150112	5.84	5.91	5.79	5.82	15972379	94512240.00
20150113	5.82	5.93	5.82	5.90	11243972	66916288.00
20150114	5.91	5.93	5.69	5.72	18925155	110635664.00
20150115	5.72	5.81	5.72	5.81	9916900	57882960.00
20150116	5.81	5.89	5.78	5.82	14514400	85525824.00
20150119	5.73	5.78	5.23	5.45	30496933	171280672.00
20150120	5.45	5.63	5.45	5.53	13511734	75791952.00
20150121	5.55	5.70	5.43	5.69	17160836	97410488.00
20150122	5.66	5.80	5.65	5.72	14013100	81074392.00
20150123	5.77	5.77	5.62	5.63	15549162	89173656.00
20150126	5.69	5.78	5.68	5.76	21663568	125561424.00
20150127	5.78	6.26	5.78	6.22	68336831	417393696.00
20150128	6.17	6.17	5.83	5.95	53754775	326127040.00
20150129	5.92	6.01	5.81	5.92	21014057	125436192.00
20150130	5.92	5.98	5.73	5.79	18282728	108228616.00
20150202	5.74	5.75	5.61	5.63	20005594	114389648.00
20150203	5.64	5.86	5.61	5.77	29284386	170287088.00
20150204	5.79	5.99	5.73	5.79	33679163	200368784.00
20150205	5.84	5.93	5.63	5.66	22829110	134053352.00
20150206	5.62	5.67	5.52	5.56	17082886	96456352.00
20150209	5.51	5.58	5.42	5.54	9383062	52217632.00
20150210	5.53	5.61	5.48	5.60	8432328	47604192.00
20150211	5.63	5.66	5.59	5.59	7241664	41228440.00
20150212	5.60	5.96	5.58	5.88	26143236	153256720.00
20150213	5.86	6.21	5.84	6.03	48949110	299941696.00
20150216	6.04	6.17	6.01	6.04	27806493	171894256.00
20150217	6.05	6.53	6.05	6.17	48594629	309262944.00
20150225	6.23	6.31	6.01	6.03	22169791	136626064.00
20150226	6.00	6.11	5.85	6.08	35688053	217376560.00
20150227	6.09	6.23	6.05	6.11	26413905	163592240.00
20150302	6.14	6.33	6.05	6.32	48053858	303234144.00
20150303	6.27	6.30	6.12	6.20	33721990	211404032.00
20150304	6.13	6.23	6.13	6.22	25089092	156631680.00
20150305	6.22	6.48	6.20	6.44	54434221	349445184.00
20150306	6.33	6.38	6.19	6.21	26953937	170946544.00
20150309	6.16	6.19	6.02	6.17	21115011	130451232.00
20150310	6.18	6.19	6.05	6.13	22461729	138925312.00
20150311	6.10	6.23	6.00	6.08	24097252	148511840.00
20150312	6.08	6.11	5.93	5.99	37926681	229593776.00
20150313	6.02	6.09	5.99	6.05	24691919	150894112.00
20150316	6.00	6.27	5.97	6.14	54595756	339178400.00
20150317	6.15	6.58	6.08	6.49	101448855	647064832.00
20150318	6.43	6.60	6.37	6.54	68699444	449781312.00
20150319	6.55	6.81	6.46	6.77	81300724	549901184.00
20150320	6.78	6.80	6.58	6.69	55120313	370907584.00
20150323	6.70	7.37	6.59	7.18	124771870	897328768.00
20150324	7.13	7.21	6.75	7.06	87421127	620490688.00
20150325	7.21	7.37	7.03	7.13	91502991	667673792.00
20150326	7.05	7.27	6.85	7.02	58704534	417474400.00
20150327	7.04	7.17	6.94	7.10	51861247	368559136.00
20150330	7.21	7.24	7.03	7.10	54135974	389093408.00
20150331	7.13	7.17	6.89	6.93	49164723	348330624.00
20150401	6.94	7.63	6.94	7.63	195533912	1481558016.00
20150402	7.61	7.72	7.36	7.55	162386996	1237184384.00
20150403	7.45	7.69	7.38	7.60	92743699	709309248.00
20150407	7.73	7.81	7.55	7.64	80063258	617310272.00
20150408	7.63	7.73	7.44	7.65	72233618	553819328.00
20150409	7.59	7.59	7.12	7.30	63331373	469609280.00
20150410	7.30	7.51	7.27	7.40	45179221	337437280.00
20150413	7.42	7.59	7.39	7.53	52595051	398094752.00
20150414	7.52	7.77	7.34	7.67	69135719	528215904.00
20150415	7.69	8.01	7.54	7.60	83241412	651804096.00
20150416	7.47	7.61	6.93	7.59	51090531	386405152.00
20150417	7.61	7.83	7.54	7.74	80951243	627356224.00
20150420	7.73	8.02	7.55	7.98	117477302	924024384.00
20150421	7.92	8.09	7.80	8.00	84607848	678077056.00
20150422	8.03	8.20	7.97	8.05	88897367	723041536.00
20150423	8.11	8.40	7.97	8.23	107029179	882759744.00
20150424	8.14	8.14	7.86	7.95	84602691	681753856.00
20150427	7.93	8.05	7.78	7.96	73311519	587522752.00
20150428	7.96	7.97	7.57	7.64	60435904	471735328.00
20150429	7.63	8.00	7.52	7.86	48690524	381848032.00
20150430	7.96	7.99	7.70	7.73	42198477	333381696.00
20150504	8.51	8.51	8.51	8.51	30469743	261430400.00
20150507	7.93	8.18	7.65	7.69	110349760	873534016.00
20150508	7.69	7.80	7.40	7.75	57265994	439969504.00
20150511	7.87	8.53	7.71	8.53	71179837	594737600.00
20150512	8.91	9.39	8.82	9.39	155330662	1426863232.00
20150513	9.74	10.34	9.74	10.34	57907758	589977024.00
20150515	10.13	11.38	9.49	10.67	211818048	2204178688.00
20150518	10.16	11.14	10.03	10.62	127400924	1370946560.00
20150519	10.36	10.88	10.36	10.66	101949095	1086897152.00
20150520	10.68	11.05	10.50	10.74	116748690	1270237440.00
20150521	10.63	10.83	10.50	10.64	85031690	910048896.00
20150522	10.66	11.43	10.65	10.89	136299124	1517013760.00
20150525	10.77	11.53	10.64	11.48	133451461	1502696960.00
20150526	11.54	11.90	10.83	11.37	127175641	1444949376.00
20150527	11.19	11.32	10.91	11.09	102650871	1141643648.00
20150528	10.98	11.16	9.97	9.97	108550311	1158952192.00
20150529	9.76	10.09	9.21	9.62	91599276	888758144.00
20150601	9.68	10.59	9.68	10.59	84301928	861362560.00
20150602	10.73	10.82	10.43	10.68	83401590	893064192.00
20150603	10.73	11.31	10.59	10.87	98804765	1088748928.00
20150604	10.93	11.02	9.78	10.59	82614643	862388672.00
20150605	10.71	10.98	10.49	10.84	99450020	1076536064.00
20150608	11.08	11.93	10.88	11.93	196946425	2315111168.00
20150609	11.96	12.86	11.43	12.44	217070622	2645607680.00
20150610	12.13	12.41	11.76	12.17	110918779	1353488000.00
20150611	12.01	12.27	11.84	12.12	94550763	1145576960.00
20150612	12.14	12.87	11.86	12.50	134421820	1674853632.00
20150615	12.51	13.20	12.38	12.81	121777669	1575035904.00
20150616	12.43	12.59	11.73	11.88	89409179	1090697472.00
20150617	11.80	12.42	10.88	12.34	103746126	1219630080.00
20150618	12.13	13.13	12.01	12.05	124689389	1582675328.00
20150619	11.43	11.91	10.98	11.11	73297631	843338880.00
20150623	11.13	12.11	10.23	12.08	93777014	1064261248.00
20150624	12.21	13.30	12.03	13.30	174139162	2210539008.00
20150625	13.22	13.38	12.04	12.46	159911975	2080887680.00
20150626	11.75	12.41	11.21	11.21	116083000	1370593408.00
20150629	11.73	12.20	10.38	11.68	145602847	1692231552.00
20150630	11.51	12.82	10.73	12.61	141686168	1688064384.00
20150701	12.41	13.10	11.73	11.81	155520888	1975177984.00
20150702	11.75	11.93	10.62	10.62	113829967	1271361408.00
20150703	9.74	10.41	9.55	9.55	71274626	696379584.00
20150706	10.43	10.43	8.59	8.59	120475010	1110650880.00
20150707	7.93	7.97	7.72	7.72	43591282	340565184.00
20150708	6.94	7.71	6.94	6.94	220027497	1578608000.00
20150709	6.51	7.64	6.51	7.64	59838676	444689600.00
20150710	8.13	8.41	7.92	8.41	50844332	428035488.00
20150713	8.83	9.26	8.43	9.26	87238636	796001856.00
20150714	9.27	9.74	8.91	9.05	86750539	812700480.00
20150715	8.83	8.93	8.14	8.14	54411571	464520064.00
20150716	8.14	8.65	7.58	8.33	44792910	373250656.00
20150717	8.41	9.00	8.34	8.92	45914085	403568576.00
20150720	9.02	9.64	8.73	9.38	67879836	625187136.00
20150721	9.06	9.56	8.98	9.26	57354104	539179968.00
20150722	9.23	10.19	9.06	10.19	94993327	924957120.00
20150723	10.07	10.59	9.90	10.28	89320165	920554752.00
20150724	10.13	10.45	9.50	9.78	68394753	694532736.00
20150727	9.53	10.12	8.80	8.80	61713918	592851904.00
20150728	8.46	9.14	7.95	8.94	71352978	614643200.00
20150729	9.10	9.75	8.63	9.60	52381383	478220960.00
20150730	9.55	9.82	8.95	9.10	51026727	488368096.00
20150731	8.95	9.34	8.91	9.16	35493741	324181504.00
20150803	8.95	9.12	8.25	8.44	37107476	321103072.00
20150804	8.55	9.10	8.46	9.04	33849866	299544544.00
20150805	9.05	9.14	8.65	8.77	32835995	294634592.00
20150806	8.61	9.49	8.51	8.99	50713889	464587584.00
20150807	9.10	9.33	8.95	9.24	40886161	376289888.00
20150810	10.17	10.17	10.17	10.17	18084939	184828080.00
20150811	11.19	11.19	10.95	11.19	126811091	1424252672.00
20150812	10.84	11.63	10.70	11.36	158748891	1798254080.00
20150813	11.14	12.50	11.01	12.50	138649327	1640307456.00
20150814	12.62	13.76	12.11	13.76	162993556	2122890752.00
20150817	13.94	15.14	13.55	15.14	122147064	1768984320.00
20150818	15.94	16.30	13.62	13.62	177553940	2590668800.00
20150819	13.08	14.99	12.62	14.99	196325585	2763716352.00
20150820	14.95	15.35	13.50	13.68	197756012	2868012544.00
20150821	12.95	13.85	12.31	12.31	106432853	1382563968.00
20150824	11.65	12.68	11.07	11.08	156803432	1840867840.00
20150825	10.94	12.08	10.71	11.51	178455561	2049632256.00
20150826	11.33	12.67	10.95	12.30	209713464	2541610496.00
20150827	12.54	12.70	11.20	12.56	181211725	2210482688.00
20150828	12.35	13.82	12.05	13.82	182657305	2405163776.00
20150831	13.60	14.61	13.25	13.33	174097686	2437773824.00
20150901	13.14	13.14	11.99	11.99	92151534	1136215040.00
20150902	10.93	12.43	10.79	10.79	109872367	1233775616.00
20150907	10.83	11.51	9.75	9.94	149496404	1588046208.00
20150908	9.56	10.30	8.95	10.08	115768222	1101610112.00
20150909	9.94	10.78	9.75	10.53	223955165	2313978112.00
20150910	10.03	10.62	9.96	10.09	120043442	1241402240.00
20150911	10.02	10.25	9.63	9.88	98773334	983780800.00
20150914	10.30	10.55	8.89	8.92	143906913	1420353664.00
20150915	8.59	8.60	8.02	8.02	85541127	707315584.00
20150916	7.97	8.83	7.76	8.73	110046983	917718656.00
20150917	8.65	9.41	8.31	8.50	130959417	1153946496.00
20150918	8.60	8.73	8.33	8.51	67664080	578793088.00
20150921	8.36	8.74	8.28	8.70	74317440	642587072.00
20150922	8.74	9.20	8.64	8.88	92160046	830159232.00
20150923	8.60	8.87	8.44	8.49	71608652	618616960.00
20150924	8.57	8.88	8.48	8.79	72334557	630608000.00
20150925	8.65	8.98	8.25	8.37	67904794	588859520.00
20150928	8.45	8.63	8.05	8.58	50361554	428530752.00
20150929	8.26	8.44	8.06	8.16	49711703	411963584.00
20150930	8.49	8.58	8.18	8.25	43321540	363355296.00
20151008	8.65	8.71	8.45	8.60	55755679	481638240.00
20151009	8.61	8.73	8.51	8.65	53726448	467020416.00
20151012	8.68	9.24	8.65	9.13	84144152	761631232.00
20151013	9.05	10.05	8.88	10.03	134766383	1284502912.00
20151014	9.85	9.92	9.39	9.45	103863200	1009002304.00
20151015	9.35	10.05	9.30	9.73	92186089	900512832.00
20151016	9.79	10.13	9.56	9.93	111195803	1105529984.00
20151019	9.91	10.65	9.67	10.46	137376565	1402663168.00
20151020	10.30	10.41	10.01	10.28	85293878	873143616.00
20151021	10.35	10.44	9.25	9.25	97706401	961822912.00
20151022	9.05	9.89	8.98	9.60	83273593	784408128.00
20151023	9.61	9.75	9.36	9.60	75340164	724827904.00
20151026	9.70	10.02	9.37	9.68	88177312	862154176.00
20151027	9.57	9.84	9.17	9.62	67426174	644189440.00
20151028	9.63	9.89	9.42	9.47	66609497	648075712.00
20151029	9.55	9.95	9.50	9.69	72248182	707793280.00
20151030	9.60	9.60	9.22	9.37	55583473	525090688.00
20151102	9.47	9.60	9.15	9.25	46352202	438360032.00
20151103	8.95	9.14	8.66	8.83	67521112	601314752.00
20151104	8.89	9.30	8.77	9.25	62684207	571500416.00
20151105	9.41	9.81	9.30	9.49	99852281	956350592.00
20151106	9.66	9.67	9.41	9.59	79960278	766791232.00
20151109	9.61	10.09	9.46	9.81	110849449	1087372672.00
20151110	9.70	9.76	9.52	9.65	69127235	670704000.00
20151111	9.66	9.90	9.55	9.74	67279072	658631232.00
20151112	9.73	9.73	9.40	9.54	67438961	647830272.00
20151113	9.43	10.50	9.37	10.06	171652833	1732595968.00
20151116	9.75	9.97	9.66	9.91	89848296	886964288.00
20151117	9.98	10.14	9.60	9.68	100186434	996638144.00
20151118	9.70	9.74	9.33	9.38	56554260	541240640.00
20151119	9.39	9.55	9.35	9.55	34538852	328165504.00
20151120	9.59	9.67	9.45	9.55	44648848	427867392.00
20151123	9.53	9.53	9.33	9.36	47919999	453707840.00
20151124	9.36	9.43	9.33	9.41	26644923	251107728.00
20151125	9.40	9.54	9.35	9.51	39020140	370460032.00
20151126	9.51	9.54	9.35	9.36	40113498	379835456.00
20151127	9.36	9.37	8.54	8.71	60077302	541647296.00
20151130	8.73	8.90	8.16	8.79	36534228	317461824.00
20151201	8.79	8.81	8.59	8.73	25373442	221582832.00
20151202	8.75	8.90	8.62	8.85	30670412	270525440.00
20151203	8.85	8.90	8.78	8.89	28539397	253520400.00
20151204	8.83	8.99	8.75	8.82	28879984	256817408.00
20151207	8.80	8.84	8.72	8.78	20390482	179896560.00
20151208	8.80	8.80	8.36	8.41	27921895	240503520.00
20151209	8.41	8.72	8.24	8.55	30255682	258677360.00
20151210	8.65	8.69	8.40	8.44	23283423	199782688.00
20151211	8.38	8.45	8.26	8.37	18429518	154398336.00
20151214	8.40	8.71	8.30	8.66	27892923	238834608.00
20151215	8.61	8.67	8.53	8.58	20689082	179136880.00
20151216	8.57	8.67	8.55	8.56	18898941	163618080.00
20151217	8.59	8.73	8.59	8.72	32946467	287405856.00
20151218	8.72	8.77	8.63	8.70	27541302	240613968.00
20151221	8.67	8.78	8.64	8.76	34225956	300203488.00
20151222	8.74	8.78	8.66	8.74	24421355	213981120.00
20151223	8.76	8.89	8.68	8.73	37485474	330640992.00
20151224	8.74	8.74	8.47	8.57	23353618	201899200.00
20151225	8.57	8.62	8.51	8.60	16438534	141622976.00
20151228	8.61	9.13	8.58	8.68	64898500	578587072.00
20151229	8.64	9.10	8.60	9.09	68475223	617807040.00
20151230	9.20	9.42	8.96	8.99	71321324	658221888.00
20151231	8.88	9.05	8.80	8.81	34395271	308074624.00
20160104	8.81	8.81	7.92	7.93	32527966	272992128.00
20160105	7.46	7.94	7.33	7.64	40322281	311303168.00
20160106	7.65	7.93	7.65	7.83	27884845	218836144.00
20160107	7.67	7.69	7.04	7.05	9920300	72736272.00
20160108	7.22	7.38	6.45	7.08	33638660	239953184.00
20160111	6.94	6.98	6.37	6.38	34047044	228980544.00
20160112	6.38	6.60	6.27	6.50	24962432	161945952.00
20160113	6.57	6.58	6.13	6.23	21361691	138073616.00
20160114	6.00	6.40	5.95	6.35	23611245	147037856.00
20160115	6.34	6.45	5.97	6.06	22957703	144125584.00
20160118	5.96	6.30	5.85	6.15	21136858	130594264.00
20160119	6.14	6.45	6.08	6.41	30708911	195442592.00
20160120	6.35	6.44	6.26	6.30	24209289	154537088.00
20160121	6.21	6.35	6.00	6.02	21094077	131843016.00
20160122	6.11	6.14	5.96	6.10	17330278	106134456.00
20160125	6.17	6.27	6.11	6.18	17428037	108657016.00
20160126	6.12	6.74	6.02	6.34	63201062	403553856.00
20160127	6.27	6.34	5.72	6.06	42584090	258534864.00
20160128	5.97	6.18	5.61	5.64	29320544	175291296.00
20160129	5.65	5.90	5.59	5.81	24591440	142929936.00
20160201	5.81	5.85	5.58	5.67	17844040	103333728.00
20160202	5.67	5.87	5.66	5.83	20468586	119658232.00
20160203	5.74	5.81	5.67	5.79	15891143	92005600.00
20160204	5.79	5.95	5.79	5.88	23145248	137170944.00
20160205	5.89	5.93	5.82	5.82	14486827	85778184.00
20160215	5.60	5.81	5.56	5.75	13929570	79936088.00
20160216	5.76	6.00	5.76	6.00	25233154	150848944.00
20160217	5.96	6.31	5.94	6.14	33199157	204961280.00
20160218	6.18	6.24	6.09	6.13	26721084	165769824.00
20160219	6.14	6.22	6.10	6.16	18956832	117623400.00
20160425	6.78	6.78	6.54	6.55	67779553	455420928.00
20160426	6.45	6.73	6.40	6.63	31938352	212964224.00
20160427	6.67	6.67	6.43	6.45	29512224	193302304.00
20160428	6.45	6.53	6.20	6.33	20771449	132620368.00
20160429	6.25	6.41	6.23	6.30	13552796	86442264.00
20160503	6.32	6.43	6.20	6.42	20607750	132018600.00
20160504	6.39	6.42	6.34	6.36	16556395	106365824.00
20160505	6.36	6.37	6.27	6.32	13636065	86767888.00
20160506	6.34	6.38	6.03	6.05	23779359	148637776.00
20160509	6.03	6.03	5.75	5.78	19320402	114270352.00
20160510	5.77	5.90	5.75	5.82	11214253	65828092.00
20160511	5.86	6.11	5.81	6.03	28275452	171551792.00
20160512	5.99	6.28	5.80	6.18	30219983	185367360.00
20160513	6.11	6.44	6.07	6.28	30439826	193238768.00
20160516	6.29	6.41	6.20	6.40	30974947	196663792.00
20160517	6.40	6.41	6.24	6.24	23910833	152297136.00
20160518	6.16	6.19	5.86	5.96	22985555	139463552.00
20160519	5.96	6.05	5.91	5.94	12207669	73719856.00
20160520	5.92	5.97	5.84	5.96	11229464	67055232.00
20160523	6.05	6.40	5.98	6.37	35555544	221594064.00
20160524	6.33	6.65	6.18	6.33	53308845	343637696.00
20160525	6.33	6.42	6.18	6.20	26642906	169073680.00
20160526	6.20	6.29	6.02	6.21	19213506	119028240.00
20160527	6.21	6.33	6.10	6.18	19708609	123223704.00
20160530	6.15	6.17	5.96	6.04	19043016	116507232.00
20160531	6.02	6.29	6.02	6.27	29364859	183231040.00
20160601	6.28	6.38	6.24	6.33	32057368	204479488.00
20160602	6.35	6.48	6.30	6.36	29848474	191836832.00
20160603	6.35	6.39	6.28	6.32	23092056	146996416.00
20160606	6.31	6.45	6.27	6.33	22971152	146731328.00
20160607	6.30	6.65	6.23	6.64	64751228	422654976.00
20160608	6.58	7.31	6.57	7.14	108516197	767597504.00
20160613	7.05	7.86	6.98	7.86	155020481	1199570944.00
20160614	7.90	8.08	7.53	8.04	123480066	970316736.00
20160615	7.85	8.67	7.74	8.18	121790352	1011311552.00
20160616	8.35	8.94	8.19	8.51	126195305	1086086144.00
20160617	8.45	8.61	8.16	8.22	75921436	638218560.00
20160620	8.17	8.35	8.04	8.26	52649474	433032000.00
20160621	8.34	8.37	7.91	8.02	56355354	462786016.00
20160622	7.97	8.83	7.96	8.83	98381103	841021824.00
20160623	8.83	9.27	8.75	8.84	106337379	963865664.00
20160624	8.88	8.99	8.26	8.59	63492795	549389696.00
20160627	8.46	9.15	8.46	8.90	62364280	560676992.00
20160628	8.81	9.24	8.57	9.02	79366533	711588416.00
20160629	8.93	8.99	8.76	8.95	37292221	333014112.00
20160630	9.00	9.03	8.76	8.87	28469782	252214544.00
20160701	8.84	8.92	8.55	8.57	34860415	302691296.00
20160704	8.40	8.74	8.40	8.59	39117175	335645440.00
20160705	8.55	9.00	8.40	8.99	70725691	613568960.00
20160706	8.90	9.29	8.81	9.15	83815100	763241472.00
20160707	9.42	9.82	9.16	9.20	94320200	894207936.00
20160708	9.01	9.23	8.80	9.02	49631300	446964608.00
20160711	8.98	9.24	8.80	8.85	54948300	493127296.00
20160712	8.89	8.93	8.45	8.82	61733800	536917440.00
20160713	8.80	8.88	8.65	8.75	38094900	333288320.00
20160714	8.73	8.82	8.59	8.69	31798955	275558624.00
20160715	8.69	8.73	8.51	8.57	27066671	231983168.00
20160718	8.60	8.75	8.45	8.67	32689599	281868160.00
20160719	8.62	8.72	8.53	8.63	21992600	189358176.00
20160720	8.59	8.66	8.46	8.48	27266000	233232144.00
20160721	8.48	8.57	8.35	8.53	31135486	263962352.00
20160722	8.55	8.56	8.04	8.24	59662000	492139008.00
20160725	8.24	8.24	7.82	7.91	53257956	426423168.00
20160726	7.90	8.03	7.88	8.01	21551500	172046624.00
20160727	7.97	8.12	7.40	7.66	35856278	280169472.00
20160728	7.69	8.09	7.54	7.93	42404436	333964608.00
20160729	7.93	8.04	7.74	7.80	24366434	191912272.00
20160801	7.71	7.71	7.49	7.64	21776097	165438864.00
20160802	7.64	7.76	7.61	7.70	11197160	86167152.00
20160803	7.77	7.94	7.71	7.89	23865821	187396512.00
20160804	7.90	8.06	7.80	8.04	34471955	274817504.00
20160805	8.04	8.13	7.92	7.95	27523373	221376400.00
20160808	7.91	7.97	7.73	7.95	15923864	125498064.00
20160809	7.95	8.07	7.89	7.96	19147500	152500896.00
20160810	7.99	8.01	7.89	7.91	14647400	116167224.00
20160811	7.89	8.04	7.87	7.96	27370293	218184800.00
20160812	8.05	8.33	8.05	8.22	51275434	420895616.00
20160815	8.23	8.32	8.10	8.27	36231439	297965312.00
20160816	8.26	8.38	8.18	8.34	32715020	271540320.00
20160817	8.35	8.78	8.32	8.57	53603107	461289760.00
20160818	8.52	8.63	8.38	8.41	32242513	272542752.00
20160819	8.42	8.51	8.33	8.41	17341297	145915728.00
20160822	8.41	8.50	8.17	8.18	20374300	169698720.00
20160823	8.22	8.27	8.09	8.14	13908700	113556328.00
20160824	8.17	8.19	8.05	8.11	14279000	115953944.00
20160825	8.14	8.17	8.02	8.15	14875000	120521544.00
20160826	8.15	8.29	8.08	8.10	17087768	139930144.00
20160829	8.10	8.16	8.02	8.10	10789480	87376640.00
20160830	8.05	8.15	8.04	8.12	10933481	88624792.00
20160831	8.15	8.15	8.03	8.08	9690016	78239032.00
20160901	8.07	8.12	7.96	7.98	13056129	104987296.00
20160902	8.00	8.03	7.69	7.78	24022215	187913536.00
20160905	7.73	7.86	7.71	7.80	11375052	88728752.00
20160906	7.80	8.30	7.78	8.22	38447970	310887552.00
20160907	8.38	8.60	8.22	8.24	43207786	363790976.00
20160908	8.24	8.51	8.13	8.44	38131400	319026624.00
20160909	8.57	8.90	8.41	8.44	68264487	591613376.00
20160912	8.11	8.22	7.89	7.94	51143995	409653248.00
20160913	7.98	8.06	7.80	7.91	21667657	171127920.00
20160914	7.90	7.90	7.75	7.86	19020611	148484720.00
20160919	7.86	7.93	7.83	7.90	9501082	74890504.00
20160920	7.91	7.93	7.80	7.84	8335057	65424540.00
20160921	7.83	7.93	7.80	7.87	7432153	58489144.00
20160922	7.92	7.95	7.80	7.89	12583705	99144224.00
20160923	7.90	7.90	7.75	7.79	12296697	95892088.00
20160926	7.75	7.76	7.54	7.56	15859496	120966392.00
20160927	7.56	7.64	7.43	7.59	15360358	115413416.00
20160928	7.61	7.61	7.50	7.55	6898444	52074948.00
20160929	7.58	7.68	7.53	7.57	10730422	81626504.00
20160930	7.55	7.63	7.51	7.59	5658595	42906260.00
20161010	7.65	7.88	7.60	7.86	18187527	141261696.00
20161011	7.85	7.88	7.78	7.86	10791689	84529960.00
20161012	7.81	7.82	7.77	7.80	6450314	50236236.00
20161013	7.80	7.80	7.66	7.73	9958390	76986368.00
20161014	7.70	7.77	7.63	7.74	9640255	74102552.00
20161017	7.71	7.77	7.57	7.62	10900325	83806656.00
20161018	7.60	8.25	7.60	8.00	39894388	317677152.00
20161019	7.97	7.97	7.84	7.88	21560266	170158400.00
20161020	7.84	7.94	7.83	7.85	10237825	80509944.00
20161021	7.82	7.87	7.68	7.76	11559328	89774840.00
20161024	7.76	7.83	7.68	7.81	12495386	97189728.00
20161025	7.81	8.00	7.78	7.88	17112146	135204512.00
20161026	7.85	7.88	7.76	7.78	11586380	90340608.00
20161027	7.80	7.85	7.76	7.80	7291770	56871464.00
20161028	7.78	7.85	7.75	7.78	7716400	60123580.00
20161031	7.77	7.77	7.50	7.62	17725953	134560272.00
20161101	7.63	7.65	7.54	7.63	10675500	81203488.00
20161102	7.63	7.63	7.52	7.53	11310900	85429872.00
20161103	7.53	7.59	7.50	7.55	10553152	79692360.00
20161104	7.55	7.63	7.51	7.54	10916100	82497480.00
20161107	7.55	7.57	7.46	7.50	11724475	87867760.00
20161108	7.51	7.73	7.50	7.57	20014532	151923248.00
20161109	7.50	7.52	7.31	7.40	36424510	269247008.00
20161110	7.41	7.47	7.38	7.46	22473905	166847968.00
20161111	7.45	7.51	7.40	7.49	17284831	129167368.00
20161114	7.51	7.56	7.46	7.53	19322835	145233296.00
20161115	7.53	7.60	7.51	7.60	17830698	134959104.00
20161116	7.61	7.62	7.55	7.58	10738300	81377480.00
20161117	7.57	7.60	7.50	7.55	10169200	76622264.00
20161118	7.55	7.55	7.51	7.52	9171400	68979040.00
20161121	7.50	7.58	7.48	7.55	9950600	75015160.00
20161122	7.54	7.57	7.50	7.55	12815025	96590424.00
20161123	7.55	7.64	7.53	7.55	17209529	130406016.00
20161124	7.56	7.60	7.54	7.57	13809300	104518760.00
20161125	7.57	7.59	7.34	7.50	14901200	111285088.00
20161128	7.50	7.53	7.44	7.48	11782800	88030104.00
20161129	7.47	7.58	7.44	7.50	15242500	114534272.00
20161130	7.47	7.50	7.39	7.41	12482400	92788408.00
20161201	7.40	7.54	7.40	7.48	12801035	95711512.00
20161202	7.46	7.47	7.36	7.37	11666482	86454424.00
20161205	7.35	7.46	7.27	7.30	17069500	125504136.00
20161206	7.33	7.34	7.28	7.29	7145300	52145712.00
20161207	7.31	7.35	7.27	7.34	6518905	47681552.00
20161208	7.33	7.35	7.28	7.29	7217700	52747008.00
20161209	7.29	7.34	7.27	7.28	6888900	50282692.00
20161212	7.28	7.31	6.59	6.79	24263531	169164928.00
20161213	6.77	6.82	6.66	6.80	11194790	75427120.00
20161214	6.80	6.80	6.65	6.67	10239941	68666856.00
20161215	6.66	6.75	6.64	6.68	7988247	53455296.00
20161216	7.10	7.35	6.90	6.94	42702195	302153216.00
20161219	6.93	7.27	6.80	7.08	41113250	289118112.00
20161220	7.00	7.02	6.90	6.98	16496210	114640120.00
20161221	6.98	7.13	6.95	7.06	20282978	142943056.00
20161222	7.12	7.43	7.07	7.26	37240547	269897824.00
20161223	7.21	7.28	7.09	7.12	25481790	182328640.00
20161226	7.07	7.13	6.95	7.12	13646870	95911408.00
20161227	7.10	7.13	6.99	7.04	12090522	85376864.00
20161228	7.05	7.07	6.89	6.93	13902812	96732720.00
20161229	6.88	7.01	6.88	6.92	9311500	64628012.00
20161230	6.93	6.95	6.85	6.88	7572300	52232500.00
20170103	6.87	6.95	6.87	6.92	8385829	57991480.00
20170104	6.94	7.10	6.90	7.10	21972892	154587472.00
20170105	7.11	7.21	7.08	7.11	18483162	131998872.00
20170106	7.09	7.24	7.07	7.19	20012203	143433152.00
20170109	7.15	7.20	7.11	7.18	17055306	122042104.00
20170110	7.15	7.25	7.10	7.12	12780082	91475696.00
20170111	7.08	7.13	6.99	6.99	12034073	84755408.00
20170112	6.99	7.04	6.90	6.91	9430021	65755588.00
20170113	6.92	6.94	6.75	6.82	10353958	70860408.00
20170116	6.83	6.84	6.38	6.68	12095061	80785280.00
20170117	6.67	6.76	6.61	6.76	6950618	46426916.00
20170118	6.76	6.78	6.70	6.72	5097194	34337672.00
20170119	6.67	6.76	6.66	6.69	7362656	49463640.00
20170120	6.66	6.80	6.66	6.79	7131705	48180856.00
20170123	6.78	6.84	6.76	6.82	5948176	40495904.00
20170124	6.88	6.92	6.83	6.85	6238060	42833388.00
20170125	6.82	6.85	6.79	6.82	6338865	43200904.00
20170126	6.79	6.86	6.79	6.85	4730200	32355728.00
20170203	6.84	6.84	6.77	6.80	4328934	29455004.00
20170206	6.80	6.86	6.78	6.85	6129599	41884672.00
20170207	6.85	6.98	6.85	6.91	11429266	79128944.00
20170208	6.90	6.93	6.79	6.92	8547531	58637348.00
20170209	6.90	6.99	6.87	6.97	12724170	88153256.00
20170210	6.97	7.00	6.94	6.97	10206400	71066096.00
20170213	6.98	7.05	6.93	7.05	14383981	100717168.00
20170214	7.03	7.13	6.99	7.12	17170940	121262632.00
20170215	7.09	7.15	7.00	7.04	22273266	157682048.00
20170216	7.04	7.04	6.95	7.02	16223914	113436568.00
20170217	7.00	7.35	6.94	7.16	34238293	243779392.00
20170220	7.24	7.58	7.24	7.37	48031400	355003968.00
20170221	7.30	7.47	7.26	7.32	31041595	227331680.00
20170222	7.32	7.38	7.26	7.35	24151087	176908240.00
20170223	7.33	7.34	7.17	7.22	20980285	151760144.00
20170224	7.20	7.24	7.15	7.23	12196500	87782280.00
20170227	7.26	7.26	7.14	7.15	12647900	91207888.00
20170228	7.14	7.19	7.11	7.16	8989165	64235848.00
20170301	7.16	7.52	7.10	7.31	42452265	311654880.00
20170302	7.27	7.31	7.22	7.24	18720342	135938896.00
20170303	7.24	7.37	7.24	7.30	24085035	176150400.00
20170306	7.32	7.41	7.28	7.36	18379262	135103024.00
20170307	7.33	7.37	7.27	7.31	14492200	106099464.00
20170308	7.30	7.31	7.16	7.22	14023514	101314192.00
20170309	7.19	7.25	7.07	7.09	16636183	118839456.00
20170310	7.10	7.14	7.06	7.08	11640077	82481928.00
20170313	7.07	7.16	7.02	7.13	11021056	78373544.00
20170314	7.12	7.19	7.06	7.09	11898976	84754896.00
20170315	7.08	7.11	7.05	7.06	8701292	61552516.00
20170316	7.07	7.12	7.07	7.11	12454967	88372080.00
20170317	7.14	7.20	7.06	7.09	16769181	119823600.00
20170320	7.11	7.13	7.05	7.12	11702900	82856312.00
20170321	7.11	7.11	7.05	7.06	9785300	69123440.00
20170322	7.04	7.06	6.89	6.94	16296934	113529760.00
20170323	6.91	6.97	6.85	6.89	13942096	96265896.00
20170324	6.87	6.91	6.80	6.90	16443400	112466696.00
20170327	6.95	6.97	6.87	6.91	13297812	91832608.00
20170328	6.91	6.91	6.85	6.86	7764519	53319488.00
20170329	6.86	6.88	6.79	6.81	8128539	55531632.00
20170330	6.80	6.80	6.66	6.67	14582152	97789360.00
20170331	6.70	6.92	6.66	6.88	20331633	138555568.00
20170405	6.80	6.91	6.76	6.91	15594571	106917008.00
20170406	6.92	7.06	6.86	6.96	18515773	128682792.00
20170407	6.93	6.97	6.88	6.92	10403267	71997816.00
20170410	6.90	6.97	6.88	6.91	10687105	73924048.00
20170411	6.91	6.94	6.80	6.91	13083000	89860312.00
20170412	6.88	6.96	6.82	6.91	12817066	88630608.00
20170413	6.91	6.95	6.88	6.93	8390101	58027784.00
20170414	6.92	6.92	6.81	6.82	8952557	61393952.00
20170417	6.80	6.80	6.70	6.72	9032658	60813776.00
20170418	6.71	6.75	6.56	6.62	12282135	81772568.00
20170419	6.60	6.62	6.46	6.55	9314225	60795056.00
20170420	6.55	6.58	6.50	6.56	6116488	40062512.00
20170421	6.56	6.59	6.45	6.51	5694426	37112520.00
20170424	6.50	6.51	6.31	6.32	8116700	51814720.00
20170425	6.32	6.40	6.31	6.33	5780900	36667528.00
20170426	6.33	6.37	6.30	6.32	6451900	40796032.00
20170427	6.32	6.33	6.14	6.25	11237200	69849808.00
20170428	6.26	6.34	6.23	6.31	5754416	36145448.00
20170502	6.25	6.27	6.19	6.24	5337536	33247404.00
20170503	6.23	6.24	6.14	6.18	8050688	49728424.00
20170504	6.17	6.20	6.10	6.14	5160700	31751040.00
20170505	6.13	6.18	6.09	6.10	5706600	34991100.00
20170508	6.14	6.14	6.07	6.09	5191100	31683640.00
20170509	6.09	6.11	6.01	6.09	5648600	34224112.00
20170510	6.07	6.11	5.97	5.99	6320200	38270960.00
20170511	5.99	5.99	5.73	5.92	10356000	60623144.00
20170512	5.91	5.92	5.77	5.85	6829617	39988768.00
20170515	5.85	5.88	5.84	5.86	3393798	19893156.00
20170516	5.86	5.95	5.77	5.93	6815704	39900580.00
20170517	5.94	5.96	5.90	5.91	9329002	55300520.00
20170518	5.90	5.90	5.77	5.77	9061600	52798440.00
20170519	5.80	5.93	5.75	5.81	14425093	83895216.00
20170522	5.75	5.83	5.75	5.79	7678050	44419776.00
20170523	5.76	5.79	5.57	5.60	10765300	61041080.00
20170524	5.57	5.57	5.43	5.54	7978700	43842072.00
20170525	5.52	5.62	5.50	5.61	9119600	50840636.00
20170526	5.61	5.65	5.55	5.56	7350700	41140844.00
20170531	5.60	5.67	5.60	5.62	7684241	43259808.00
20170601	5.63	5.65	5.52	5.53	7005041	39000388.00
20170602	5.52	5.57	5.45	5.55	6180207	34106036.00
20170605	5.56	5.60	5.54	5.58	6157313	34354116.00
20170606	5.58	5.62	5.58	5.62	5149780	28839354.00
20170607	5.61	5.70	5.59	5.69	8096176	45815664.00
20170608	5.69	5.71	5.65	5.69	7013168	39846976.00
20170609	5.69	5.70	5.63	5.65	7589391	42869176.00
20170612	5.64	5.72	5.63	5.64	7472700	42374988.00
20170613	5.75	6.08	5.75	5.98	35314277	209476256.00
20170614	5.90	6.06	5.90	5.96	24906559	148714736.00
20170615	5.92	5.99	5.91	5.93	13170738	78267056.00
20170616	5.93	5.98	5.90	5.93	8222400	48789280.00
20170619	5.92	5.93	5.85	5.91	7967913	46949904.00
20170620	5.92	5.97	5.91	5.93	7838864	46566488.00
20170621	5.96	5.97	5.85	5.88	7437132	43821912.00
20170622	5.88	5.90	5.77	5.77	9560200	55814472.00
20170623	5.75	5.81	5.73	5.79	6007520	34655504.00
20170626	5.78	5.85	5.73	5.85	7507532	43511824.00
20170627	5.84	5.85	5.80	5.82	5919851	34450152.00
20170628	5.82	5.96	5.79	5.88	13352189	78861416.00
20170629	5.87	5.92	5.83	5.86	7819946	45805616.00
20170630	5.86	5.86	5.82	5.85	4006247	23398068.00
20170703	5.85	5.96	5.84	5.93	9195983	54292448.00
20170704	5.92	6.02	5.87	5.94	11260252	66990052.00
20170705	5.91	6.02	5.90	6.00	12741685	76108400.00
20170706	6.02	6.02	5.91	5.95	11708322	69798048.00
20170707	5.96	6.06	5.95	6.04	16314773	98267000.00
20170710	6.01	6.10	5.96	6.08	12897573	77547968.00
20170711	6.03	6.07	5.95	5.96	10525470	63285384.00
数据来源:通达信
