600050 中国联通 日线 前复权
      日期	    开盘	    最高	    最低	    收盘	    成交量	    成交额
20111010	4.89	4.93	4.82	4.87	50081037	256637984.00
20111011	4.98	5.07	4.78	4.84	83948708	433855840.00
20111012	4.83	5.14	4.81	5.11	98673660	520405024.00
20111013	5.05	5.23	5.00	5.08	118199316	636034048.00
20111014	5.07	5.07	4.99	5.05	38331614	202273984.00
20111017	5.05	5.12	5.01	5.08	54527737	289963360.00
20111018	5.05	5.07	4.90	4.95	47072453	246168672.00
20111019	4.96	4.98	4.91	4.95	46945018	243623952.00
20111020	4.96	5.01	4.90	4.91	58139949	302207072.00
20111021	4.92	4.93	4.84	4.86	36765508	188598544.00
20111024	4.86	5.20	4.85	5.17	113737872	601668032.00
20111025	5.15	5.22	5.07	5.17	86648629	469233984.00
20111026	5.14	5.29	5.11	5.23	98453524	537492480.00
20111027	5.21	5.25	5.05	5.10	95326797	512427520.00
20111028	5.14	5.21	5.03	5.19	154804109	830659328.00
20111031	5.15	5.20	5.10	5.19	73285678	395963936.00
20111101	5.14	5.35	5.10	5.25	102327465	565305600.00
20111102	5.20	5.44	5.17	5.43	109596531	612399552.00
20111103	5.47	5.51	5.34	5.39	105119658	594988288.00
20111104	5.45	5.52	5.39	5.44	111055558	633470080.00
20111107	5.40	5.44	5.36	5.38	35628465	201050768.00
20111108	5.41	5.50	5.37	5.38	44331771	251066528.00
20111109	5.40	5.44	4.95	5.22	317291400	1720236288.00
20111110	5.08	5.19	5.06	5.09	167957174	902099008.00
20111111	5.09	5.17	5.01	5.07	69732701	371149888.00
20111114	5.14	5.27	5.12	5.25	75723258	412883136.00
20111115	5.24	5.27	5.19	5.21	40327281	220638528.00
20111116	5.20	5.21	4.97	5.06	78299610	416740960.00
20111117	5.06	5.15	5.00	5.05	53987103	287232864.00
20111118	5.03	5.15	4.98	5.11	54725192	292659008.00
20111121	5.21	5.24	5.13	5.17	75977016	412628576.00
20111122	5.16	5.21	5.13	5.20	44229562	239815408.00
20111123	5.20	5.23	5.12	5.16	42014677	228258368.00
20111124	5.13	5.17	5.06	5.10	28133530	151146720.00
20111125	5.11	5.17	5.07	5.11	26549224	142644112.00
20111128	5.11	5.17	5.04	5.08	29944364	160285184.00
20111129	5.12	5.18	5.10	5.15	33819878	182441648.00
20111130	5.12	5.16	4.96	5.00	48126244	253868416.00
20111201	5.14	5.16	5.04	5.05	63450224	340109568.00
20111202	5.04	5.10	4.95	5.03	38678030	203535424.00
20111205	5.05	5.06	4.79	4.88	62071063	318845472.00
20111206	4.86	4.87	4.74	4.80	34479869	173881536.00
20111207	4.80	4.93	4.80	4.89	37604026	193054496.00
20111208	4.88	4.92	4.82	4.85	32392491	165628336.00
20111209	4.84	4.95	4.81	4.92	32921929	169793984.00
20111212	4.88	4.93	4.82	4.84	27273161	139433360.00
20111213	4.84	4.87	4.77	4.81	40835722	207033408.00
20111214	4.80	4.90	4.78	4.83	19665245	100221384.00
20111215	4.80	4.89	4.57	4.60	57057030	283056352.00
20111216	4.60	4.65	4.52	4.63	48005807	232216528.00
20111219	4.60	4.65	4.48	4.60	46822251	226299616.00
20111220	4.62	4.82	4.62	4.81	86530332	433966400.00
20111221	4.84	4.89	4.78	4.81	45475715	231279184.00
20111222	4.81	4.86	4.76	4.83	67427388	341312192.00
20111223	4.81	4.91	4.78	4.88	32394467	165639744.00
20111226	4.84	4.91	4.80	4.83	22382938	114134264.00
20111227	4.83	4.86	4.79	4.80	27683924	140161840.00
20111228	4.80	4.84	4.77	4.82	29105269	147259264.00
20111229	4.82	5.00	4.80	4.96	49333960	255372944.00
20111230	4.96	5.03	4.94	4.99	37183163	194672960.00
20120104	4.99	5.02	4.82	4.85	41203191	213506064.00
20120105	4.84	4.96	4.73	4.77	71868637	365328544.00
20120106	4.77	4.85	4.74	4.82	37180882	187357856.00
20120109	4.82	4.95	4.73	4.93	74252617	377228672.00
20120110	4.97	5.14	4.97	5.11	154148729	822677184.00
20120111	5.10	5.13	5.05	5.09	56555704	302079904.00
20120112	5.09	5.09	4.87	4.93	140676841	732694784.00
20120113	4.92	4.93	4.75	4.78	158551699	801406208.00
20120116	4.79	4.84	4.75	4.77	64852861	327745408.00
20120117	4.77	4.98	4.72	4.91	85743342	438003328.00
20120118	4.91	4.94	4.80	4.83	64433761	329562432.00
20120119	4.85	4.91	4.81	4.84	85591140	437778688.00
20120120	4.82	4.93	4.75	4.91	126053712	642643008.00
20120130	4.92	4.92	4.72	4.75	152754368	768345472.00
20120131	4.75	4.76	4.56	4.63	127790175	622718336.00
20120201	4.54	4.62	4.52	4.57	108376996	521327200.00
20120202	4.57	4.63	4.54	4.63	81442361	393738080.00
20120203	4.62	4.63	4.54	4.60	108131984	523142368.00
20120206	4.61	4.64	4.55	4.58	96449762	466973088.00
20120207	4.56	4.61	4.52	4.55	97980746	471430400.00
20120208	4.56	4.69	4.52	4.68	124111910	603267776.00
20120209	4.65	4.66	4.60	4.63	88572975	432171744.00
20120210	4.62	4.67	4.61	4.63	68263762	333404736.00
20120213	4.61	4.66	4.60	4.63	61559528	300296576.00
20120214	4.63	4.63	4.57	4.59	40970621	198437136.00
20120215	4.58	4.66	4.57	4.64	90613473	441950368.00
20120216	4.65	4.71	4.62	4.66	89851561	441072704.00
20120217	4.67	4.69	4.61	4.65	49809737	244083792.00
20120220	4.71	4.71	4.65	4.67	88469231	435682208.00
20120221	4.68	4.69	4.61	4.67	57826819	283007968.00
20120222	4.67	4.69	4.61	4.69	152596335	748099456.00
20120223	4.68	4.74	4.64	4.70	153461017	760275584.00
20120224	4.70	4.73	4.67	4.72	151997447	753003328.00
20120227	4.79	4.79	4.73	4.74	178357170	892686272.00
20120228	4.73	4.76	4.71	4.73	95543039	475547616.00
20120229	4.72	4.72	4.63	4.64	130292784	640623936.00
20120301	4.62	4.64	4.57	4.59	150939741	731385536.00
20120302	4.60	4.64	4.57	4.64	184382367	894111424.00
20120305	4.64	4.66	4.47	4.50	455346875	2185441280.00
20120306	4.50	4.50	4.33	4.36	325811572	1510364288.00
20120307	4.31	4.41	4.30	4.38	155078842	716471104.00
20120308	4.37	4.40	4.35	4.38	134852807	624406912.00
20120309	4.40	4.41	4.37	4.40	99670344	462314272.00
20120312	4.40	4.41	4.34	4.37	127746079	589203840.00
20120313	4.37	4.41	4.33	4.40	113342655	523349440.00
20120314	4.41	4.46	4.32	4.35	246439013	1144835968.00
20120315	4.34	4.36	4.27	4.28	147147916	670430272.00
20120316	4.28	4.33	4.27	4.33	94318015	429448192.00
20120319	4.31	4.32	4.27	4.30	131465254	596964992.00
20120320	4.29	4.30	4.22	4.23	138792564	623839744.00
20120321	4.24	4.26	4.20	4.23	85490300	382242784.00
20120322	4.23	4.32	4.20	4.29	145670681	660059840.00
20120323	4.29	4.29	4.21	4.23	84698563	380320512.00
20120326	4.23	4.23	4.20	4.22	62215481	277928192.00
20120327	4.24	4.25	4.22	4.23	58605841	262532416.00
20120328	4.21	4.22	4.07	4.08	127177066	559020800.00
20120329	4.06	4.06	3.93	3.95	113207317	479743232.00
20120330	3.95	3.98	3.89	3.98	101526501	424713472.00
20120405	3.96	4.02	3.94	4.01	83995222	355794208.00
20120406	4.01	4.01	3.94	3.96	70225754	296177120.00
20120409	3.95	3.95	3.90	3.91	53167439	221878928.00
20120410	3.90	3.98	3.89	3.98	75771268	317430464.00
20120411	3.95	3.99	3.93	3.96	58395505	245584576.00
20120412	3.95	4.01	3.94	4.00	84037146	355926272.00
20120413	4.00	4.05	4.00	4.04	74495471	318397888.00
20120416	4.02	4.03	4.00	4.02	39297674	167482080.00
20120417	4.02	4.03	3.98	3.99	37419963	158919072.00
20120418	4.00	4.05	3.98	4.03	62141016	265414464.00
20120419	4.05	4.05	4.00	4.01	43842096	187384880.00
20120420	4.01	4.13	4.00	4.10	124401924	538412928.00
20120423	4.11	4.22	4.08	4.16	147830710	652814400.00
20120424	4.13	4.20	4.06	4.10	118990942	520088640.00
20120425	4.10	4.17	4.09	4.12	65825053	287967168.00
20120426	4.20	4.22	4.12	4.13	112778345	496651776.00
20120427	4.14	4.14	4.07	4.08	59508304	258980112.00
20120502	4.14	4.18	4.09	4.18	109376627	480272224.00
20120503	4.16	4.21	4.15	4.18	63170453	279646016.00
20120504	4.17	4.19	4.14	4.16	69348198	305545248.00
20120507	4.14	4.17	4.10	4.12	72937985	318862912.00
20120508	4.12	4.13	4.08	4.09	87786503	381206656.00
20120509	4.07	4.07	3.97	3.98	88279304	376058112.00
20120510	4.01	4.02	3.96	4.01	51532483	218215424.00
20120511	4.00	4.03	3.98	3.99	30765721	130714424.00
20120514	4.01	4.02	3.94	3.95	66783609	281447712.00
20120515	3.93	3.95	3.90	3.93	57087497	237931600.00
20120516	3.93	3.93	3.89	3.90	65701302	272800224.00
20120517	3.90	3.93	3.89	3.93	54175827	225354800.00
20120518	3.90	3.91	3.86	3.87	65305612	269985664.00
20120521	3.87	3.89	3.83	3.85	43473917	178682672.00
20120522	3.86	3.89	3.86	3.88	40151742	165698576.00
20120523	3.88	3.89	3.84	3.86	32115248	132054088.00
20120524	3.86	3.89	3.84	3.88	41512386	170878816.00
20120525	3.88	3.88	3.83	3.84	42404877	173928688.00
20120528	3.84	3.87	3.81	3.86	50858306	207921760.00
20120530	3.88	3.91	3.85	3.86	79985929	330732160.00
20120531	3.85	3.86	3.83	3.85	39815614	162871312.00
20120601	3.85	3.88	3.84	3.86	33261293	136702464.00
20120604	3.82	3.83	3.73	3.74	84829847	340985984.00
20120605	3.74	3.77	3.72	3.74	34580186	137945920.00
20120606	3.75	3.76	3.69	3.70	52757194	209290608.00
20120607	3.73	3.77	3.67	3.69	43171243	171381616.00
20120608	3.72	3.73	3.65	3.66	39959482	157107232.00
20120611	3.65	3.79	3.64	3.78	81581001	325804032.00
20120612	3.76	3.76	3.68	3.71	45366303	179797040.00
20120613	3.71	3.73	3.67	3.72	48801252	193153184.00
20120614	3.71	3.72	3.67	3.69	39509220	155728448.00
20120615	3.70	3.74	3.69	3.73	37279601	147730544.00
20120618	3.74	3.75	3.70	3.73	32819168	130390256.00
20120619	3.72	3.74	3.69	3.70	25807904	102320872.00
20120620	3.70	3.73	3.68	3.68	33953570	133986024.00
20120621	3.68	3.69	3.58	3.59	61386792	237895920.00
20120625	3.59	3.61	3.54	3.55	44869684	171716320.00
20120626	3.53	3.60	3.50	3.55	45099938	170514800.00
20120627	3.55	3.55	3.47	3.48	43161582	162624000.00
20120628	3.48	3.50	3.43	3.44	47801555	177374256.00
20120629	3.44	3.48	3.41	3.47	45766407	169281552.00
20120702	3.48	3.50	3.45	3.49	36820277	137240288.00
20120703	3.48	3.52	3.47	3.49	32556938	122160208.00
20120704	3.49	3.62	3.49	3.59	85353785	326501184.00
20120705	3.57	3.59	3.52	3.54	46147795	175516224.00
20120706	3.57	3.57	3.46	3.53	61482840	229304352.00
20120709	3.50	3.52	3.37	3.39	69987621	255629088.00
20120710	3.39	3.41	3.35	3.40	35898075	129168624.00
20120711	3.40	3.41	3.36	3.40	36161798	130637056.00
20120712	3.39	3.39	3.27	3.34	110052400	389136768.00
20120713	3.32	3.39	3.30	3.34	43039380	153392160.00
20120716	3.35	3.35	3.22	3.22	62352308	217500624.00
20120717	3.21	3.25	3.20	3.23	43201584	148911920.00
20120718	3.23	3.26	3.19	3.23	41527174	142799728.00
20120719	3.23	3.39	3.21	3.36	118427037	420640928.00
20120720	3.33	3.57	3.32	3.52	209650822	778349632.00
20120723	3.47	3.55	3.44	3.47	81505030	302422784.00
20120724	3.45	3.51	3.41	3.49	64717216	238079184.00
20120725	3.47	3.53	3.43	3.49	69049455	256618624.00
20120726	3.50	3.58	3.47	3.48	84041829	314209536.00
20120727	3.50	3.54	3.48	3.50	53037362	197846192.00
20120730	3.51	3.53	3.42	3.43	47546288	175411904.00
20120731	3.43	3.47	3.34	3.34	60516760	219779072.00
20120801	3.36	3.41	3.33	3.34	51754957	186034400.00
20120802	3.34	3.37	3.31	3.35	32715255	116360800.00
20120803	3.35	3.41	3.34	3.40	34454811	124082120.00
20120806	3.40	3.52	3.39	3.50	63059110	233284016.00
20120807	3.52	3.55	3.48	3.51	43321554	161725872.00
20120808	3.51	3.54	3.49	3.50	35884800	133975280.00
20120809	3.50	3.54	3.48	3.53	38076191	142293024.00
20120810	3.53	3.54	3.48	3.49	33950855	126538648.00
20120813	3.48	3.54	3.46	3.48	44392500	165456128.00
20120814	3.48	3.51	3.45	3.49	33840382	124991472.00
20120815	3.49	3.50	3.43	3.44	28299148	104047472.00
20120816	3.44	3.45	3.41	3.42	21267502	77508768.00
20120817	3.43	3.49	3.43	3.47	38176850	140699264.00
20120820	3.48	3.57	3.46	3.55	101411476	381115616.00
20120821	3.57	3.64	3.56	3.62	88804345	340822112.00
20120822	3.63	3.64	3.58	3.60	45275092	173405584.00
20120823	3.60	3.68	3.58	3.67	67364778	260298720.00
20120824	3.71	3.72	3.64	3.68	98731817	384513888.00
20120827	3.65	3.66	3.54	3.55	70017974	265360080.00
20120828	3.55	3.69	3.50	3.64	92446910	354123840.00
20120829	3.62	3.70	3.60	3.64	63371020	246186240.00
20120830	3.63	3.65	3.56	3.63	50499173	193632048.00
20120831	3.62	3.63	3.55	3.56	52133938	198331360.00
20120903	3.55	3.62	3.55	3.58	56000058	213661488.00
20120904	3.58	3.60	3.51	3.53	44754764	168913120.00
20120905	3.53	3.61	3.52	3.57	41954141	158803152.00
20120906	3.56	3.61	3.54	3.57	30649518	116044360.00
20120907	3.60	3.71	3.56	3.64	156007279	601627328.00
20120910	3.65	3.65	3.60	3.62	84147090	323600192.00
20120911	3.61	3.62	3.53	3.55	91371453	345157376.00
20120912	3.57	3.58	3.50	3.53	70860735	265964368.00
20120913	3.54	3.59	3.53	3.53	82955647	313798880.00
20120914	3.57	3.59	3.55	3.57	66695554	252937488.00
20120917	3.57	3.57	3.48	3.49	55180054	206679856.00
20120918	3.48	3.48	3.37	3.39	61045554	221274208.00
20120919	3.38	3.43	3.37	3.39	39577908	143275504.00
20120920	3.41	3.41	3.28	3.29	61702497	218360096.00
20120921	3.30	3.33	3.28	3.29	36287585	128066240.00
20120924	3.30	3.32	3.24	3.31	45890581	160778720.00
20120925	3.32	3.33	3.29	3.32	29668983	104706504.00
20120926	3.32	3.36	3.30	3.31	29657201	105250704.00
20120927	3.31	3.45	3.29	3.43	112540621	407094688.00
20120928	3.40	3.50	3.38	3.47	94091043	346389632.00
20121008	3.48	3.49	3.38	3.40	47283470	172105696.00
20121009	3.41	3.48	3.41	3.46	50801915	186672384.00
20121010	3.46	3.50	3.44	3.47	46366659	170996192.00
20121011	3.46	3.46	3.42	3.44	28868146	105762320.00
20121012	3.45	3.50	3.44	3.48	38260494	141124512.00
20121015	3.48	3.48	3.41	3.43	24049156	87928672.00
20121016	3.43	3.46	3.41	3.42	44296467	161643312.00
20121017	3.43	3.44	3.38	3.40	34061627	123581272.00
20121018	3.41	3.49	3.40	3.47	55590883	204170976.00
20121019	3.46	3.48	3.44	3.48	34698674	127775344.00
20121022	3.45	3.49	3.42	3.47	51369964	189166688.00
20121023	3.47	3.49	3.43	3.45	42976573	157994208.00
20121024	3.44	3.47	3.43	3.46	30178328	110887920.00
20121025	3.46	3.57	3.44	3.52	115891980	434965408.00
20121026	3.49	3.52	3.36	3.39	98913598	360655424.00
20121029	3.39	3.40	3.35	3.39	32823564	117947680.00
20121030	3.38	3.39	3.32	3.34	49058386	174835856.00
20121031	3.34	3.35	3.30	3.33	28849516	102345176.00
20121101	3.33	3.40	3.33	3.39	59632876	213530144.00
20121102	3.38	3.40	3.35	3.39	43307723	155641712.00
20121105	3.38	3.44	3.36	3.43	52379868	189899584.00
20121106	3.42	3.43	3.37	3.42	47747764	173297840.00
20121107	3.41	3.42	3.36	3.39	25870123	93469216.00
20121108	3.37	3.38	3.30	3.31	42202335	149799264.00
20121109	3.31	3.32	3.21	3.24	71940720	250261744.00
20121112	3.24	3.26	3.22	3.24	83083429	287211040.00
20121113	3.24	3.24	3.17	3.18	51852754	176954880.00
20121114	3.19	3.21	3.16	3.19	40133386	136604128.00
20121115	3.17	3.18	3.11	3.12	44501080	149811488.00
20121116	3.11	3.12	3.04	3.07	64682607	212598848.00
20121119	3.06	3.06	2.95	3.00	95652101	307119712.00
20121120	3.01	3.01	2.97	2.98	40022915	128463464.00
20121121	2.98	3.02	2.96	3.02	51590525	165561264.00
20121122	3.01	3.05	3.00	3.03	35956238	116750896.00
20121123	3.04	3.06	3.00	3.03	44377746	144133568.00
20121126	3.02	3.03	2.98	2.99	27173026	87484944.00
20121127	2.99	3.05	2.98	3.01	50593798	164032768.00
20121128	2.99	3.01	2.94	2.95	42204149	134427376.00
20121129	2.96	2.98	2.93	2.94	38666346	122683928.00
20121130	2.94	2.97	2.93	2.95	52191259	165351072.00
20121203	2.96	3.03	2.96	3.02	75027892	242020800.00
20121204	3.02	3.06	3.00	3.06	46090560	149653584.00
20121205	3.06	3.16	3.03	3.13	88428146	294275232.00
20121206	3.12	3.15	3.10	3.11	46621447	155495568.00
20121207	3.11	3.15	3.09	3.14	67399528	225507680.00
20121210	3.14	3.17	3.11	3.14	90159530	302896448.00
20121211	3.13	3.14	3.09	3.10	60533256	201502496.00
20121212	3.10	3.11	3.08	3.11	44735038	148219120.00
20121213	3.09	3.11	3.08	3.09	31184267	103348816.00
20121214	3.10	3.23	3.09	3.21	125836206	426803616.00
20121217	3.24	3.27	3.15	3.20	154875154	528402400.00
20121218	3.18	3.22	3.15	3.17	97049954	329556768.00
20121219	3.18	3.19	3.14	3.16	77414762	262182352.00
20121220	3.16	3.21	3.15	3.18	97356262	331264256.00
20121221	3.18	3.22	3.16	3.17	86432359	294914368.00
20121224	3.17	3.20	3.16	3.17	38591644	131277848.00
20121225	3.18	3.29	3.16	3.27	135005991	467238880.00
20121226	3.26	3.28	3.23	3.26	64865152	224925280.00
20121227	3.27	3.28	3.22	3.23	99659294	344928448.00
20121228	3.24	3.25	3.20	3.25	86942014	299577120.00
20121231	3.25	3.30	3.22	3.28	126831129	442016512.00
20130104	3.31	3.32	3.25	3.27	128981591	452150880.00
20130107	3.27	3.31	3.26	3.29	59405321	208268864.00
20130108	3.28	3.29	3.25	3.28	74951052	261739616.00
20130109	3.27	3.40	3.25	3.35	162779509	578106752.00
20130110	3.33	3.38	3.30	3.33	102539075	363984992.00
20130111	3.32	3.34	3.22	3.25	111233376	387794528.00
20130114	3.24	3.33	3.23	3.31	106103195	372380128.00
20130115	3.32	3.36	3.30	3.34	113073731	401073728.00
20130116	3.34	3.36	3.28	3.31	102092255	361864192.00
20130117	3.31	3.35	3.29	3.32	63500932	224664496.00
20130118	3.32	3.37	3.30	3.37	107275749	382017856.00
20130121	3.35	3.37	3.32	3.34	108725911	387038592.00
20130122	3.34	3.34	3.26	3.28	129381928	455350976.00
20130123	3.27	3.29	3.26	3.28	58131425	203150080.00
20130124	3.28	3.32	3.24	3.26	97455417	341228096.00
20130125	3.25	3.26	3.22	3.24	58614641	202735232.00
20130128	3.24	3.29	3.23	3.28	75709757	263815920.00
20130129	3.28	3.29	3.26	3.28	87656952	305969728.00
20130130	3.28	3.34	3.26	3.33	153576926	541492608.00
20130131	3.38	3.43	3.38	3.38	237141226	858274816.00
20130201	3.38	3.43	3.35	3.42	133602777	482821952.00
20130204	3.43	3.60	3.38	3.57	275443645	1020021952.00
20130205	3.53	3.59	3.50	3.56	163746676	615935296.00
20130206	3.56	3.57	3.50	3.50	137640533	514584960.00
20130207	3.52	3.56	3.49	3.50	126679733	473915392.00
20130208	3.52	3.55	3.50	3.52	90494974	339144096.00
20130218	3.52	3.53	3.46	3.47	98944759	366537728.00
20130219	3.47	3.48	3.39	3.41	86831430	316236832.00
20130220	3.41	3.43	3.39	3.43	57569747	209199072.00
20130221	3.41	3.41	3.31	3.35	107837418	386321888.00
20130222	3.35	3.36	3.31	3.32	56838897	202220512.00
20130225	3.32	3.37	3.32	3.34	44374376	158021008.00
20130226	3.32	3.33	3.26	3.27	82826030	291348256.00
20130227	3.27	3.30	3.26	3.30	61197288	214224880.00
20130228	3.29	3.35	3.28	3.34	70670366	250161872.00
20130301	3.34	3.35	3.28	3.31	80499752	284421568.00
20130304	3.29	3.32	3.22	3.23	101420199	353522528.00
20130305	3.24	3.26	3.21	3.25	68776543	237539264.00
20130306	3.26	3.36	3.24	3.33	99070651	349813024.00
20130307	3.33	3.33	3.26	3.28	88490172	310794272.00
20130308	3.28	3.31	3.25	3.26	51934596	181560624.00
20130311	3.27	3.27	3.23	3.23	44663395	154792080.00
20130312	3.24	3.27	3.19	3.21	72563354	250405248.00
20130313	3.21	3.22	3.13	3.15	69340593	234141664.00
20130314	3.14	3.17	3.13	3.15	39928030	134475408.00
20130315	3.15	3.20	3.11	3.19	91804126	310342176.00
20130318	3.17	3.18	3.12	3.13	50893324	171265056.00
20130319	3.14	3.15	3.11	3.15	59407071	199034512.00
20130320	3.14	3.21	3.14	3.20	79082111	269510272.00
20130321	3.22	3.23	3.20	3.22	55542806	190611792.00
20130322	3.27	3.35	3.25	3.26	154395710	542485568.00
20130325	3.28	3.32	3.26	3.30	83951130	295202848.00
20130326	3.30	3.42	3.29	3.39	205137662	737286784.00
20130327	3.42	3.43	3.34	3.36	97702904	351149600.00
20130328	3.33	3.36	3.28	3.30	103300821	365318304.00
20130329	3.30	3.36	3.29	3.31	67127550	238349168.00
20130401	3.30	3.37	3.29	3.35	65111696	231490240.00
20130402	3.35	3.41	3.33	3.36	83305871	299377248.00
20130403	3.36	3.46	3.35	3.44	184791701	672815488.00
20130408	3.38	3.42	3.36	3.39	96848488	349840544.00
20130409	3.41	3.42	3.35	3.37	72918638	262537056.00
20130410	3.37	3.39	3.31	3.36	56952428	202992528.00
20130411	3.37	3.39	3.29	3.30	57792579	205082560.00
20130412	3.29	3.31	3.25	3.27	52812859	184491104.00
20130415	3.26	3.29	3.20	3.23	61949411	213974672.00
20130416	3.22	3.25	3.19	3.24	58231614	200334368.00
20130417	3.25	3.28	3.19	3.24	42174434	145521440.00
20130418	3.22	3.27	3.21	3.25	52956284	183177808.00
20130419	3.25	3.33	3.24	3.31	82276635	288709664.00
20130422	3.33	3.38	3.28	3.37	124196264	441770624.00
20130423	3.36	3.37	3.29	3.30	69530992	246339600.00
20130424	3.31	3.43	3.30	3.42	157492423	568288768.00
20130425	3.41	3.45	3.39	3.42	102091703	371551520.00
20130426	3.43	3.45	3.33	3.35	117328713	424861408.00
20130502	3.34	3.39	3.33	3.36	42544705	152308000.00
20130503	3.36	3.44	3.36	3.42	108630811	394674432.00
20130506	3.48	3.59	3.47	3.50	200843393	752929920.00
20130507	3.49	3.53	3.46	3.47	83781356	311288000.00
20130508	3.49	3.52	3.46	3.49	66107200	245309440.00
20130509	3.49	3.50	3.39	3.42	106378761	388325440.00
20130510	3.41	3.44	3.38	3.44	53546220	194478288.00
20130513	3.43	3.46	3.40	3.45	55233596	201777936.00
20130514	3.43	3.44	3.36	3.38	64665653	233519792.00
20130515	3.39	3.41	3.37	3.39	35334007	127659784.00
20130516	3.40	3.50	3.38	3.47	95511664	350717280.00
20130517	3.47	3.51	3.43	3.49	102830853	379719264.00
20130520	3.49	3.55	3.47	3.52	99051956	369904288.00
20130521	3.50	3.52	3.45	3.49	90666253	335794592.00
20130522	3.49	3.56	3.44	3.52	122829837	458325056.00
20130523	3.50	3.53	3.43	3.44	106366076	394264768.00
20130524	3.45	3.48	3.44	3.46	66184070	243497328.00
20130527	3.46	3.57	3.44	3.57	156517087	585379136.00
20130528	3.57	3.64	3.55	3.63	195653934	749507840.00
20130529	3.62	3.65	3.58	3.59	95326507	365110944.00
20130530	3.58	3.63	3.57	3.61	82444938	315741536.00
20130531	3.62	3.65	3.52	3.54	84097382	319477056.00
20130603	3.53	3.60	3.53	3.55	59440008	225054000.00
20130604	3.58	3.58	3.46	3.47	107207522	399137312.00
20130605	3.48	3.49	3.43	3.47	61469331	226199472.00
20130606	3.45	3.46	3.43	3.44	51170032	187546608.00
20130607	3.44	3.46	3.35	3.38	75067684	271624544.00
20130613	3.34	3.35	3.27	3.32	66317216	233613296.00
20130614	3.33	3.36	3.31	3.35	44660751	158964784.00
20130617	3.35	3.36	3.33	3.33	31294246	111527344.00
20130618	3.35	3.36	3.31	3.33	39238608	139515728.00
20130619	3.32	3.33	3.26	3.30	43564748	152830608.00
20130620	3.28	3.28	3.16	3.18	66658198	228626112.00
20130621	3.15	3.19	3.07	3.13	92024901	308485088.00
20130624	3.12	3.15	2.92	3.00	106141522	346668448.00
20130625	2.97	3.00	2.75	2.93	177142040	545747904.00
20130626	2.93	2.93	2.76	2.86	180635791	550380416.00
20130627	2.86	2.94	2.83	2.88	126948551	393895776.00
20130628	2.86	2.92	2.84	2.90	159197115	493461952.00
20130701	2.90	2.91	2.84	2.90	65433488	200223568.00
20130702	2.90	2.90	2.84	2.89	97758738	298573600.00
20130703	2.88	2.95	2.83	2.94	110460122	337551424.00
20130704	2.90	2.95	2.90	2.92	72359285	224684352.00
20130705	2.93	2.94	2.91	2.92	45976147	142727888.00
20130708	2.90	2.90	2.84	2.86	63658239	193762144.00
20130709	2.85	2.89	2.84	2.87	36774861	112035504.00
20130710	2.87	2.97	2.85	2.95	74795304	231669696.00
20130711	2.95	3.09	2.94	3.04	140460885	448479808.00
20130712	3.03	3.09	3.01	3.01	98296634	316275200.00
20130715	3.04	3.10	3.00	3.02	103574878	333922464.00
20130716	3.02	3.03	2.96	3.01	67393003	213881008.00
20130717	3.01	3.02	2.92	2.95	115755982	364296704.00
20130718	2.93	2.94	2.86	2.89	85748124	263154064.00
20130719	2.90	2.96	2.88	2.89	88686570	274919680.00
20130722	2.89	2.94	2.87	2.93	91817633	283947008.00
20130723	2.94	3.01	2.93	3.00	108717578	343327744.00
20130724	2.99	2.99	2.92	2.97	109100851	342130432.00
20130725	2.97	3.00	2.93	2.93	78173943	245669216.00
20130726	2.93	2.93	2.87	2.90	57471810	177123024.00
20130729	2.88	3.04	2.87	3.03	173405940	548042944.00
20130730	3.01	3.05	2.97	3.00	128021257	409215744.00
20130731	3.05	3.05	2.96	2.97	80529072	255848656.00
20130801	2.99	3.03	2.96	3.02	83830696	267339168.00
20130802	3.04	3.05	3.00	3.02	64886811	207923456.00
20130805	3.02	3.03	2.97	3.01	76024403	241621744.00
20130806	3.00	3.09	2.99	3.06	94981068	306507552.00
20130807	3.05	3.10	3.02	3.06	84627682	274113632.00
20130808	3.04	3.07	3.03	3.06	48103688	155387152.00
20130809	3.17	3.21	3.07	3.13	197041335	653368256.00
20130812	3.11	3.19	3.09	3.19	176529295	586500992.00
20130813	3.17	3.23	3.14	3.17	156593318	525175264.00
20130814	3.18	3.18	3.10	3.13	120391636	400395392.00
20130815	3.15	3.16	3.10	3.11	118708116	393082272.00
20130816	3.11	3.44	3.07	3.12	241834685	809634880.00
20130819	3.11	3.15	3.07	3.14	98907686	325081888.00
20130820	3.13	3.15	3.07	3.09	92395764	303562272.00
20130821	3.08	3.10	3.06	3.08	65997302	215038224.00
20130822	3.07	3.11	3.05	3.07	117066295	381401216.00
20130823	3.09	3.09	2.99	3.03	104300229	335692224.00
20130826	3.03	3.07	3.01	3.06	90560369	292058816.00
20130827	3.06	3.07	3.03	3.06	64315965	207482864.00
20130828	3.04	3.06	3.00	3.03	97065601	311317056.00
20130829	3.03	3.04	3.00	3.03	67125641	214802320.00
20130830	3.02	3.09	3.01	3.06	110820044	358544640.00
20130902	3.06	3.09	3.03	3.07	94893646	307260256.00
20130903	3.07	3.09	3.06	3.08	98165469	319473120.00
20130904	3.07	3.09	3.06	3.08	67839433	220608240.00
20130905	3.08	3.08	3.03	3.04	70187428	226245520.00
20130906	3.03	3.09	3.02	3.07	93237640	302483072.00
20130909	3.07	3.15	3.05	3.13	191148231	628308224.00
20130910	3.12	3.20	3.10	3.17	187371778	624588544.00
20130911	3.19	3.27	3.17	3.22	245841593	837531712.00
20130912	3.21	3.31	3.20	3.25	197319409	678478592.00
20130913	3.25	3.27	3.18	3.21	121103334	410890560.00
20130916	3.21	3.27	3.20	3.23	113323917	387138848.00
20130917	3.24	3.25	3.13	3.14	113176101	379215168.00
20130918	3.15	3.34	3.12	3.30	187175354	638906496.00
20130923	3.27	3.29	3.23	3.27	133284793	458833152.00
20130924	3.26	3.26	3.17	3.20	133230744	451703776.00
20130925	3.20	3.21	3.14	3.15	93901990	314565984.00
20130926	3.14	3.15	3.06	3.07	132382295	432675488.00
20130927	3.07	3.15	3.06	3.09	81068838	265757936.00
20130930	3.08	3.11	3.07	3.10	73182974	239315664.00
20131008	3.27	3.43	3.22	3.43	555661015	1952811648.00
20131009	3.42	3.45	3.34	3.39	345571556	1238133120.00
20131010	3.34	3.35	3.24	3.29	236316297	820712064.00
20131011	3.30	3.33	3.28	3.32	164732521	574018816.00
20131014	3.32	3.32	3.27	3.30	115260048	400262048.00
20131015	3.30	3.40	3.27	3.34	178055232	628105344.00
20131016	3.33	3.33	3.22	3.23	124281221	428079072.00
20131017	3.25	3.27	3.20	3.21	77344084	264010016.00
20131018	3.21	3.26	3.19	3.23	58080226	198037568.00
20131021	3.23	3.29	3.20	3.28	92151169	316219968.00
20131022	3.27	3.28	3.22	3.24	69589998	238172048.00
20131023	3.24	3.27	3.18	3.19	88452938	300474272.00
20131024	3.16	3.26	3.15	3.26	116784009	394955680.00
20131025	3.24	3.26	3.15	3.18	114480761	386383072.00
20131028	3.18	3.20	3.15	3.17	77764951	260171008.00
20131029	3.18	3.22	3.11	3.15	155130487	518871296.00
20131030	3.16	3.20	3.15	3.19	85836813	288380576.00
20131031	3.19	3.28	3.17	3.26	139267285	475174592.00
20131101	3.26	3.26	3.22	3.23	56731914	193798192.00
20131104	3.25	3.26	3.20	3.22	52669504	178911264.00
20131105	3.20	3.22	3.16	3.21	64736087	218106896.00
20131106	3.20	3.23	3.18	3.19	58414454	197565264.00
20131107	3.19	3.20	3.14	3.15	54395994	181791408.00
20131108	3.15	3.17	3.11	3.13	55403433	183817696.00
20131111	3.13	3.14	3.08	3.10	42140023	138564864.00
20131112	3.12	3.13	3.10	3.13	49825163	164322128.00
20131113	3.11	3.12	3.03	3.04	85605705	277526720.00
20131114	3.04	3.07	3.02	3.06	53811918	173710320.00
20131115	3.06	3.13	3.05	3.10	90706912	297104768.00
20131118	3.11	3.17	3.09	3.16	111433584	368863360.00
20131119	3.16	3.19	3.13	3.15	64448960	215062112.00
20131120	3.16	3.19	3.14	3.19	78107627	261195664.00
20131121	3.17	3.18	3.13	3.16	62801090	209471488.00
20131122	3.17	3.18	3.13	3.15	67454147	224614496.00
20131125	3.13	3.15	3.11	3.11	81304124	269270272.00
20131126	3.11	3.13	3.10	3.11	54299700	179021104.00
20131127	3.11	3.14	3.09	3.14	57926902	191051968.00
20131128	3.14	3.20	3.12	3.17	132337381	442732992.00
20131129	3.18	3.29	3.15	3.26	227154519	773110208.00
20131202	3.23	3.31	3.19	3.23	174830402	599454400.00
20131203	3.22	3.30	3.19	3.26	103779924	355721440.00
20131204	3.27	3.34	3.25	3.32	180527392	628600768.00
20131205	3.37	3.37	3.23	3.25	231202837	803379264.00
20131206	3.23	3.24	3.20	3.21	86530575	293644192.00
20131209	3.23	3.24	3.18	3.20	86351536	291544864.00
20131210	3.20	3.21	3.18	3.20	51039556	172192192.00
20131211	3.18	3.19	3.13	3.14	69984651	233489312.00
20131212	3.14	3.19	3.14	3.18	66425146	222318368.00
20131213	3.15	3.18	3.14	3.15	53830691	179693040.00
20131216	3.15	3.16	3.09	3.09	65756759	216613456.00
20131217	3.10	3.11	3.06	3.07	52702530	171988656.00
20131218	3.07	3.09	3.05	3.07	43524974	141413152.00
20131219	3.08	3.10	3.05	3.06	72625556	236519872.00
20131220	3.06	3.07	3.01	3.02	74427062	239012512.00
20131223	3.02	3.05	2.98	3.02	45830195	146639872.00
20131224	3.08	3.12	3.01	3.03	75501246	244465616.00
20131225	3.04	3.05	3.01	3.04	41163690	132070176.00
20131226	3.03	3.04	2.98	2.99	39087184	124515504.00
20131227	2.99	3.03	2.98	3.02	48991169	156497056.00
20131230	3.02	3.05	3.01	3.01	44102286	141453184.00
20131231	3.01	3.04	3.01	3.03	41515793	133211040.00
20140102	3.03	3.06	3.02	3.05	51712511	166576800.00
20140103	3.04	3.05	2.97	2.99	63621299	201934144.00
20140106	2.98	2.98	2.89	2.90	71743037	222347312.00
20140107	2.90	2.92	2.89	2.91	38032076	117370136.00
20140108	2.92	2.93	2.84	2.87	70589412	215933328.00
20140109	2.87	2.89	2.84	2.84	42615821	129639680.00
20140110	2.83	2.84	2.80	2.82	63766940	191007008.00
20140113	2.82	2.84	2.80	2.83	37384109	112078552.00
20140114	2.83	2.86	2.81	2.86	40881693	123331160.00
20140115	2.86	2.86	2.81	2.85	43649043	131312872.00
20140116	2.84	2.86	2.82	2.83	52211189	157438736.00
20140117	2.83	2.83	2.80	2.81	38217656	114385776.00
20140120	2.80	2.81	2.78	2.80	43149686	128291392.00
20140121	2.80	2.84	2.79	2.83	39492687	118315520.00
20140122	2.83	2.88	2.81	2.87	74197345	225397136.00
20140123	2.87	2.87	2.83	2.84	56090980	169600160.00
20140124	2.83	2.87	2.81	2.85	77247221	233427152.00
20140127	2.83	2.83	2.80	2.81	62433504	186916960.00
20140128	2.82	2.87	2.81	2.85	60245928	181733728.00
20140129	2.87	2.87	2.84	2.86	42597164	129333488.00
20140130	2.85	2.86	2.81	2.82	46388774	139400304.00
20140207	2.81	2.85	2.81	2.85	38117322	114812896.00
20140210	2.85	2.90	2.85	2.88	98152123	299564416.00
20140211	2.87	2.91	2.85	2.90	113147875	346749824.00
20140212	2.89	2.94	2.88	2.91	95089118	293945760.00
20140213	2.92	2.92	2.88	2.89	68626974	211113264.00
20140214	2.89	2.91	2.88	2.90	67041802	205919504.00
20140217	2.91	2.99	2.89	2.97	139474331	434663232.00
20140218	2.96	2.96	2.90	2.90	98902689	306851008.00
20140219	2.90	2.95	2.90	2.94	76886957	238933296.00
20140220	2.94	2.99	2.93	2.96	133275663	419284384.00
20140221	2.97	2.98	2.91	2.96	83464368	260594624.00
20140224	2.94	2.94	2.85	2.89	107931665	330278272.00
20140225	2.89	2.90	2.80	2.83	91114568	276189760.00
20140226	2.82	2.85	2.81	2.85	51717035	155556448.00
20140227	2.85	2.92	2.83	2.90	106907574	326825792.00
20140228	2.90	2.90	2.85	2.88	94319529	288596992.00
20140303	2.88	3.18	2.87	3.08	499614121	1630748928.00
20140304	3.03	3.16	3.02	3.10	212563477	697966976.00
20140305	3.09	3.11	3.03	3.05	100348958	325457536.00
20140306	3.04	3.08	2.99	3.05	124063390	399284832.00
20140307	3.03	3.14	3.03	3.07	127968197	418160992.00
20140310	3.06	3.09	2.97	2.99	116119425	372265024.00
20140311	2.97	3.00	2.93	2.97	83686026	262979664.00
20140312	2.96	2.96	2.85	2.90	102527520	316626624.00
20140313	2.90	2.96	2.88	2.90	108587071	335467392.00
20140314	2.89	2.90	2.86	2.90	61505851	188102336.00
20140317	2.90	2.91	2.87	2.91	75312812	231499744.00
20140318	2.91	2.92	2.88	2.88	70157183	215375152.00
20140319	2.89	2.90	2.86	2.89	67711657	206961264.00
20140320	2.88	2.88	2.84	2.84	84707810	257330960.00
20140321	2.83	2.92	2.82	2.91	105853014	323357856.00
20140324	2.91	2.96	2.88	2.94	147516026	457240128.00
20140325	2.92	2.94	2.91	2.93	67734756	210019104.00
20140326	2.92	2.94	2.90	2.91	42899154	132988056.00
20140327	2.91	2.92	2.87	2.88	68023562	209011312.00
20140328	2.88	2.93	2.87	2.91	74663347	230032352.00
20140331	2.92	2.92	2.87	2.88	51212392	157328544.00
20140401	2.89	2.90	2.86	2.88	49093839	150211808.00
20140402	2.89	2.92	2.87	2.91	72065604	221898208.00
20140403	2.92	2.92	2.87	2.89	72952784	224473344.00
20140404	2.88	2.90	2.87	2.89	58375482	178719856.00
20140408	2.89	2.95	2.87	2.94	158045991	489956000.00
20140409	2.94	2.95	2.93	2.95	68347816	213200112.00
20140410	2.94	3.01	2.92	2.99	160325911	505227168.00
20140411	2.98	3.00	2.97	2.98	112022448	354317248.00
20140414	2.98	2.98	2.95	2.96	55099344	172995568.00
20140415	2.96	2.96	2.91	2.92	71943045	223689792.00
20140416	2.93	2.95	2.92	2.94	47130926	146796288.00
20140417	2.94	2.97	2.93	2.94	44807349	140242464.00
20140418	2.97	3.00	2.95	2.96	94213116	297014784.00
20140421	2.93	2.96	2.90	2.90	64111055	199155008.00
20140422	2.90	3.18	2.88	2.98	198367592	627962176.00
20140423	2.93	2.95	2.90	2.92	113250472	351758592.00
20140424	2.91	2.94	2.90	2.91	50557861	156811760.00
20140425	2.92	2.93	2.87	2.88	73415785	226471664.00
20140428	2.88	2.89	2.83	2.86	94073484	285546272.00
20140429	2.86	2.90	2.84	2.89	53373402	162948304.00
20140430	2.91	3.02	2.90	3.00	254720359	803448576.00
20140505	2.95	2.97	2.91	2.94	126439915	394239744.00
20140506	2.94	3.01	2.93	2.97	120746212	381753696.00
20140507	2.97	2.99	2.94	2.98	70873022	222758624.00
20140508	2.98	3.06	2.97	3.04	167432851	537219136.00
20140509	3.01	3.09	3.01	3.05	189817238	615902400.00
20140512	3.08	3.12	3.02	3.07	139259971	452252352.00
20140513	3.06	3.30	3.06	3.18	359798653	1214920320.00
20140514	3.17	3.21	3.12	3.14	99346669	331594112.00
20140515	3.13	3.17	3.02	3.06	138062740	450428320.00
20140516	3.05	3.07	3.01	3.06	61977788	199748944.00
20140519	3.05	3.05	3.00	3.03	55004450	176379872.00
20140520	3.01	3.04	2.96	3.01	125276594	396946336.00
20140521	2.99	3.02	2.97	3.02	41080644	130769760.00
20140522	3.03	3.11	3.00	3.03	72368268	234668640.00
20140523	3.03	3.06	3.00	3.04	56676900	181659664.00
20140526	3.05	3.06	3.00	3.02	59871986	191356160.00
20140527	3.06	3.06	3.04	3.04	38576188	122269808.00
20140528	3.04	3.09	3.03	3.08	53466027	170288880.00
20140529	3.09	3.10	3.06	3.06	31717184	101365272.00
20140530	3.06	3.11	3.05	3.10	64715524	206969248.00
20140603	3.09	3.11	3.04	3.04	55671740	177451008.00
20140604	3.05	3.06	3.01	3.03	37232274	117247032.00
20140605	3.03	3.08	3.02	3.06	48299944	152992368.00
20140606	3.06	3.06	3.02	3.04	28339557	89436592.00
20140609	3.03	3.07	3.02	3.03	43074224	136520480.00
20140610	3.04	3.05	2.99	3.05	75054140	236125008.00
20140611	3.04	3.05	3.02	3.04	35113182	110669336.00
20140612	3.03	3.04	3.01	3.02	33451722	105080064.00
20140613	3.02	3.05	3.01	3.03	53325910	168155200.00
20140616	3.04	3.08	3.02	3.08	81350729	258344976.00
20140617	3.07	3.07	3.02	3.04	50465072	159633216.00
20140618	3.04	3.05	3.01	3.03	49894416	157022832.00
20140619	3.03	3.13	3.01	3.04	118986099	377409568.00
20140620	3.04	3.09	3.01	3.06	83742579	264419040.00
20140623	3.06	3.09	3.04	3.04	58982700	187875584.00
20140624	3.04	3.11	3.04	3.10	102630704	329047616.00
20140625	3.08	3.15	3.07	3.12	99203658	320953824.00
20140626	3.12	3.19	3.11	3.16	115726140	379785632.00
20140627	3.18	3.20	3.14	3.18	94185819	309818560.00
20140630	3.20	3.21	3.10	3.11	112273819	366044608.00
20140701	3.12	3.16	3.10	3.15	53615357	173971424.00
20140702	3.14	3.20	3.14	3.17	89964369	296791328.00
20140703	3.17	3.22	3.16	3.21	81618552	271397280.00
20140704	3.21	3.23	3.17	3.19	47275335	156527888.00
20140707	3.19	3.19	3.15	3.18	45344507	149077680.00
20140708	3.18	3.21	3.15	3.19	37983288	125256400.00
20140709	3.18	3.19	3.12	3.14	41907345	137018640.00
20140710	3.14	3.26	3.13	3.24	158269549	529285664.00
20140711	3.22	3.32	3.22	3.28	110435830	376809312.00
20140714	3.28	3.37	3.28	3.31	90986445	313900576.00
20140715	3.31	3.35	3.23	3.24	127241191	430432640.00
20140716	3.22	3.30	3.22	3.25	72908036	247142864.00
20140717	3.26	3.27	3.21	3.22	42561901	142616064.00
20140718	3.21	3.26	3.21	3.24	47329017	159006656.00
20140721	3.24	3.27	3.21	3.23	34767768	116535544.00
20140722	3.22	3.23	3.19	3.22	93937419	313010656.00
20140723	3.22	3.23	3.19	3.20	79545883	264455440.00
20140724	3.21	3.28	3.20	3.26	98135500	329403744.00
20140725	3.26	3.37	3.25	3.37	173292245	596480832.00
20140728	3.38	3.42	3.36	3.40	155500203	546304768.00
20140729	3.39	3.42	3.34	3.39	121407762	425042592.00
20140730	3.40	3.44	3.37	3.42	143367397	505842624.00
20140731	3.41	3.42	3.35	3.41	93859005	329097024.00
20140801	3.39	3.41	3.35	3.35	139018919	487043680.00
20140804	3.35	3.50	3.34	3.48	176088055	627086848.00
20140805	3.46	3.49	3.45	3.48	81758188	293591616.00
20140806	3.46	3.47	3.41	3.45	80152643	285172704.00
20140807	3.44	3.44	3.36	3.37	120551348	423640992.00
20140808	3.38	3.40	3.33	3.38	103278750	359182400.00
20140811	3.38	3.44	3.37	3.42	103404085	364280832.00
20140812	3.41	3.42	3.36	3.37	107667065	376608224.00
20140813	3.38	3.40	3.34	3.38	74146941	258950976.00
20140814	3.37	3.41	3.36	3.37	64017693	224211792.00
20140815	3.36	3.48	3.36	3.46	145344062	516684320.00
20140818	3.46	3.47	3.41	3.45	72287395	257519040.00
20140819	3.45	3.46	3.39	3.45	116530997	412919264.00
20140820	3.43	3.43	3.38	3.40	76601316	269795296.00
20140821	3.40	3.40	3.33	3.36	96589027	335422656.00
20140822	3.35	3.37	3.34	3.37	48603910	168964224.00
20140825	3.36	3.37	3.27	3.31	145537487	497508320.00
20140826	3.29	3.31	3.24	3.26	90329897	307367392.00
20140827	3.26	3.30	3.26	3.28	59296139	201717968.00
20140828	3.28	3.29	3.25	3.26	59833446	202961696.00
20140829	3.28	3.38	3.24	3.34	122677837	422179552.00
20140901	3.33	3.34	3.30	3.33	93770861	322250208.00
20140902	3.33	3.38	3.30	3.37	113478364	391940608.00
20140903	3.38	3.45	3.37	3.43	184767533	654959424.00
20140904	3.44	3.49	3.42	3.46	165244890	590997440.00
20140905	3.46	3.49	3.43	3.47	113080497	405689952.00
20140909	3.48	3.48	3.44	3.45	61661549	220404176.00
20140910	3.45	3.45	3.37	3.40	123171479	433774400.00
20140911	3.40	3.45	3.38	3.41	93595197	330826720.00
20140912	3.40	3.45	3.38	3.44	85188526	301566304.00
20140915	3.42	3.44	3.40	3.43	94515010	334397504.00
20140916	3.43	3.58	3.40	3.45	288000528	1040805376.00
20140917	3.43	3.49	3.40	3.45	143020017	509038272.00
20140918	3.44	3.44	3.40	3.42	88105191	312009344.00
20140919	3.43	3.52	3.41	3.48	146793685	526551296.00
20140922	3.46	3.48	3.37	3.37	131039918	463461632.00
20140923	3.37	3.43	3.37	3.42	104749516	368482176.00
20140924	3.40	3.46	3.38	3.45	143334089	508480192.00
20140925	3.46	3.49	3.42	3.44	108231091	387129792.00
20140926	3.43	3.48	3.41	3.47	112080968	400377824.00
20140929	3.46	3.52	3.44	3.48	143818841	517004960.00
20140930	3.48	3.49	3.44	3.46	126880477	454870944.00
20141008	3.46	3.48	3.43	3.48	102266162	366297376.00
20141009	3.48	3.55	3.46	3.51	189060695	685452224.00
20141010	3.49	3.50	3.45	3.47	138027185	495728704.00
20141013	3.45	3.46	3.41	3.43	104782276	371661856.00
20141014	3.42	3.46	3.40	3.43	86631725	307681600.00
20141015	3.41	3.47	3.40	3.45	98582803	350516320.00
20141016	3.43	3.54	3.41	3.48	251112944	906349120.00
20141017	3.46	3.49	3.40	3.43	188186272	668091392.00
20141020	3.43	3.44	3.40	3.42	108837515	385048864.00
20141021	3.42	3.42	3.36	3.36	133030228	467124096.00
20141022	3.37	3.38	3.34	3.35	88331643	307618400.00
20141023	3.35	3.35	3.28	3.29	94014888	322854688.00
20141024	3.30	3.31	3.29	3.30	59532920	203543984.00
20141027	3.28	3.31	3.24	3.27	83586080	284293888.00
20141028	3.29	3.34	3.28	3.34	68623471	235816880.00
20141029	3.34	3.40	3.32	3.38	140046365	487571232.00
20141030	3.37	3.47	3.36	3.45	255282613	905190528.00
20141031	3.46	3.53	3.44	3.51	329126384	1189129856.00
20141103	3.52	3.60	3.49	3.54	347188595	1271945344.00
20141104	3.52	3.66	3.49	3.60	390440594	1442394368.00
20141105	3.57	3.61	3.52	3.53	190559044	700125312.00
20141106	3.52	3.54	3.46	3.50	207350828	748041024.00
20141107	3.50	3.56	3.46	3.48	214327163	777522368.00
20141110	3.51	3.60	3.49	3.60	280587877	1031339072.00
20141111	3.62	3.86	3.60	3.71	622815140	2380471040.00
20141112	3.67	3.69	3.61	3.66	315834898	1188348672.00
20141113	3.65	3.72	3.60	3.65	321139767	1210804864.00
20141114	3.63	3.65	3.58	3.63	186795065	696777216.00
20141117	3.65	3.68	3.53	3.54	240350527	891783488.00
20141118	3.54	3.54	3.47	3.49	210019635	759563456.00
20141119	3.48	3.52	3.45	3.49	148051695	533423968.00
20141120	3.48	3.49	3.45	3.46	117787077	422734496.00
20141121	3.46	3.52	3.44	3.51	167201288	601384256.00
20141124	3.55	3.60	3.51	3.58	354432569	1303885440.00
20141125	3.57	3.64	3.55	3.63	271127704	1009995584.00
20141126	3.62	3.67	3.59	3.66	244605569	914077888.00
20141127	3.66	3.69	3.61	3.65	268298931	1012156544.00
20141128	3.65	3.82	3.64	3.81	604639998	2345518592.00
20141201	3.88	4.02	3.81	3.82	633354992	2556101632.00
20141202	3.81	4.01	3.79	4.01	450817953	1819214592.00
20141203	4.04	4.14	3.92	4.00	554621340	2306586624.00
20141204	4.02	4.38	4.00	4.35	686658441	2970242048.00
20141205	4.37	4.53	4.13	4.34	757101912	3396448512.00
20141208	4.33	4.79	4.25	4.76	729320976	3501006848.00
20141209	4.68	4.94	4.28	4.33	902429838	4345934848.00
20141210	4.33	4.47	4.15	4.41	489444502	2166221056.00
20141211	4.35	4.47	4.24	4.32	350576701	1566038784.00
20141212	4.32	4.41	4.28	4.35	239819376	1070665024.00
20141215	4.31	4.32	4.16	4.27	339440373	1476491904.00
20141216	4.24	4.42	4.19	4.42	472697896	2095255936.00
20141217	4.40	4.48	4.31	4.42	434586138	1954909696.00
20141218	4.45	4.56	4.41	4.54	478406161	2206782976.00
20141219	4.53	4.91	4.46	4.83	686577706	3297099520.00
20141222	4.92	5.07	4.63	4.78	724853873	3623336448.00
20141223	4.70	4.76	4.48	4.51	399763954	1896371072.00
20141224	4.49	4.55	4.26	4.37	409647219	1843038464.00
20141225	4.38	4.52	4.36	4.50	334490408	1528064128.00
20141226	4.50	4.75	4.47	4.64	390216528	1853233536.00
20141229	4.72	4.82	4.63	4.71	505514383	2451655936.00
20141230	4.68	4.73	4.54	4.72	386654138	1845199872.00
20141231	4.68	4.88	4.60	4.83	514098582	2510339584.00
20150105	4.85	5.27	4.79	5.14	831254419	4274376192.00
20150106	5.04	5.13	4.93	5.05	563469730	2905527296.00
20150107	4.99	5.28	4.97	5.24	615626679	3246405632.00
20150108	5.26	5.26	4.90	4.92	548668471	2829286144.00
20150109	4.88	5.10	4.85	4.86	514900911	2617789184.00
20150112	4.85	4.94	4.64	4.73	410938285	2012298496.00
20150113	4.69	4.78	4.67	4.73	209982807	1018540736.00
20150114	4.72	4.77	4.62	4.65	232159883	1118285952.00
20150115	4.66	4.86	4.63	4.85	303983300	1477892608.00
20150116	4.87	4.93	4.82	4.91	263942000	1321260928.00
20150119	4.62	4.73	4.41	4.42	444211472	2073733888.00
20150120	4.46	4.57	4.39	4.50	290367363	1336615808.00
20150121	4.53	4.73	4.50	4.68	335121596	1585277696.00
20150122	4.69	4.72	4.61	4.69	223912800	1072077120.00
20150123	4.69	4.78	4.64	4.67	250063517	1207768192.00
20150126	4.66	4.72	4.63	4.70	170142815	814861184.00
20150127	4.71	4.71	4.47	4.60	289210758	1362121216.00
20150128	4.55	4.57	4.49	4.51	185397414	861023616.00
20150129	4.43	4.47	4.38	4.43	194423473	884992064.00
20150130	4.46	4.48	4.38	4.40	150083233	682753856.00
20150202	4.33	4.37	4.31	4.32	148683172	663137664.00
20150203	4.33	4.42	4.33	4.41	166743462	747528064.00
20150204	4.41	4.52	4.39	4.41	193027204	883983488.00
20150205	4.51	4.52	4.40	4.42	207053146	950310272.00
20150206	4.37	4.37	4.15	4.23	237929242	1045818368.00
20150209	4.20	4.30	4.19	4.26	115427043	505321824.00
20150210	4.25	4.31	4.24	4.29	109782163	483397088.00
20150211	4.31	4.45	4.27	4.42	164502067	737725184.00
20150212	4.47	4.87	4.43	4.80	585349622	2847857408.00
20150213	4.60	4.82	4.59	4.73	611523124	2956788480.00
20150216	4.73	5.22	4.70	5.22	822815459	4273916928.00
20150217	5.26	5.75	5.21	5.42	977260085	5465817600.00
20150225	5.46	5.46	5.15	5.17	567596796	3057062400.00
20150226	5.15	5.25	4.99	5.23	543662585	2839897600.00
20150227	5.18	5.73	5.12	5.53	759978981	4219332608.00
20150302	5.53	5.61	5.34	5.47	469107101	2615725568.00
20150303	5.40	5.44	5.19	5.24	454886003	2470223104.00
20150304	5.21	5.42	5.17	5.28	372427345	2012317056.00
20150305	5.22	5.22	5.06	5.17	404348862	2125673088.00
20150306	5.16	5.20	5.07	5.09	220461509	1156692480.00
20150309	5.05	5.18	4.94	5.15	260922995	1350865536.00
20150310	5.16	5.18	5.05	5.06	213844825	1117946624.00
20150311	5.06	5.12	5.00	5.04	213754157	1106682880.00
20150312	5.08	5.20	5.04	5.14	273553530	1437555968.00
20150313	5.15	5.18	5.09	5.12	229017673	1201073280.00
20150316	5.05	5.23	5.02	5.22	379615448	2003744896.00
20150317	5.22	5.37	5.20	5.32	420503905	2275048704.00
20150318	5.34	5.42	5.27	5.41	413301745	2263912704.00
20150319	5.44	5.66	5.39	5.52	562778518	3185607936.00
20150320	5.47	5.50	5.38	5.44	437053766	2424771072.00
20150323	5.44	5.53	5.38	5.49	427351368	2383108096.00
20150324	5.46	5.47	5.26	5.37	490427750	2690830592.00
20150325	5.33	5.34	5.21	5.23	387734325	2088450432.00
20150326	5.19	5.37	5.17	5.33	347102053	1881607424.00
20150327	5.31	5.32	5.23	5.27	216673837	1168082048.00
20150330	5.29	5.50	5.27	5.49	502549916	2778886656.00
20150331	5.53	5.55	5.31	5.35	473054389	2626604032.00
20150401	5.34	5.90	5.33	5.90	883125781	5082422784.00
20150402	5.90	5.94	5.69	5.84	844434085	5008799232.00
20150403	5.79	5.91	5.69	5.83	511948904	3026968064.00
20150407	5.83	6.21	5.83	6.01	589434573	3639078400.00
20150408	6.01	6.15	5.87	6.06	547450830	3355444224.00
20150409	6.05	6.06	5.79	5.90	432778096	2610428928.00
20150410	5.87	6.03	5.83	5.99	455573591	2773501696.00
20150413	6.00	6.27	5.96	6.16	518999339	3243487488.00
20150414	6.12	6.15	5.99	6.05	412082637	2549569792.00
20150415	6.01	6.23	5.93	6.03	519636484	3212923392.00
20150416	6.03	6.65	5.98	6.51	913605018	5976368640.00
20150417	6.59	7.16	6.44	6.95	1081251886	7493941760.00
20150420	6.99	7.66	6.69	7.66	1379086847	10394256384.00
20150421	7.88	8.17	7.29	7.88	1359638613	10740528128.00
20150422	7.73	8.12	7.60	7.87	948091609	7592925696.00
20150423	7.82	8.67	7.74	8.67	951021606	8023052288.00
20150424	8.68	9.55	8.54	8.96	1721667884	16033329152.00
20150427	8.79	9.87	8.78	9.87	1535005881	14594803712.00
20150428	9.58	10.62	9.43	10.42	1644112108	16746140672.00
20150429	10.27	10.27	9.65	9.84	965735235	9694209024.00
20150430	9.73	9.73	9.29	9.40	886111607	8526083072.00
20150504	9.23	10.22	9.10	9.82	1059080142	10295324672.00
20150505	9.62	9.66	8.83	8.83	915002974	8529790976.00
20150506	8.80	9.26	8.59	8.88	815547896	7362132992.00
20150507	8.78	9.03	8.26	8.43	621094870	5384858112.00
20150508	8.54	8.67	8.23	8.58	638015612	5487386624.00
20150511	8.67	8.90	8.38	8.82	745398326	6567406080.00
20150512	8.84	9.16	8.71	9.10	843497786	7675782656.00
20150513	9.01	9.02	8.64	8.68	697720228	6231340544.00
20150514	8.78	8.99	8.68	8.74	526037179	4697118720.00
20150515	8.76	8.80	8.22	8.40	559130944	4785442816.00
20150518	8.22	8.40	8.05	8.11	480393335	3979498240.00
20150519	8.13	8.40	8.10	8.38	558067076	4688411648.00
20150520	8.41	8.64	8.24	8.34	711201521	6053091840.00
20150521	8.33	8.61	8.22	8.54	653298631	5595072512.00
20150522	8.57	8.93	8.44	8.90	922995881	8148583936.00
20150525	8.90	9.13	8.78	9.13	873020429	7966479872.00
20150526	9.18	9.22	8.83	9.02	799364943	7281560576.00
20150527	9.01	9.02	8.68	8.77	709396903	6335064576.00
20150528	8.78	9.48	8.66	8.86	1353498644	12414821376.00
20150529	8.93	9.06	8.09	8.46	804426059	6986592768.00
20150601	8.33	8.76	8.28	8.73	589009681	5119573504.00
20150602	8.74	9.14	8.65	9.03	836081383	7536280576.00
20150603	9.08	9.13	8.80	8.94	653526395	5942064640.00
20150604	8.97	9.03	8.16	8.84	610945850	5374809088.00
20150605	8.93	9.19	8.80	9.09	931822277	8517014016.00
20150608	9.23	10.01	9.23	10.01	1233229163	12164706304.00
20150609	10.31	10.55	9.73	10.17	1391311267	14219783168.00
20150610	9.88	10.07	9.72	9.81	689692250	6903376384.00
20150611	9.74	9.83	9.38	9.60	611947228	5920977408.00
20150612	9.60	9.83	9.41	9.63	551173487	5364297216.00
20150615	9.73	9.78	9.10	9.15	616309674	5857726976.00
20150616	9.08	9.08	8.26	8.42	685500983	6037037056.00
20150617	8.42	8.81	8.36	8.74	460025387	4001323264.00
20150618	8.68	8.74	8.29	8.33	366726871	3178290176.00
20150619	8.13	8.34	7.52	7.54	429951111	3494138368.00
20150623	7.58	7.75	7.00	7.66	476527338	3610641408.00
20150624	7.74	8.15	7.68	8.09	600213870	4793034752.00
20150625	8.03	8.07	7.46	7.68	455550254	3637738240.00
20150626	7.38	7.57	6.90	6.90	485620173	3543311360.00
20150629	7.10	7.15	6.20	6.54	621657523	4249646080.00
20150630	6.48	7.21	6.38	7.21	625212855	4349884416.00
20150701	7.21	7.60	7.00	7.09	649317454	4863789056.00
20150702	7.13	7.38	6.67	7.00	538685132	3876537344.00
20150703	6.82	7.34	6.30	6.71	556611820	3851344384.00
20150706	7.39	7.39	6.85	7.16	767109308	5477627392.00
20150707	6.94	7.41	6.52	7.15	917293794	6452241920.00
20150708	6.47	7.13	6.43	6.49	909102370	6145822720.00
20150709	6.00	7.15	5.84	7.15	865887696	5867874304.00
20150710	7.12	7.86	6.89	7.79	982133172	7568492544.00
20150713	7.64	8.15	7.33	7.75	963170268	7527241728.00
20150714	7.49	7.72	7.14	7.23	588943750	4409999872.00
20150715	7.07	7.20	6.60	6.86	524191528	3613059072.00
20150716	6.86	7.09	6.60	6.86	283980169	1969344128.00
20150717	6.94	7.29	6.87	7.15	363616795	2594201344.00
20150720	7.14	7.19	6.95	7.05	350090247	2494802944.00
20150721	6.94	7.18	6.85	7.08	337998535	2401354496.00
20150722	7.00	7.05	6.84	6.94	302688978	2120103808.00
20150723	6.92	7.62	6.89	7.35	659074392	4826752512.00
20150724	7.27	7.56	7.04	7.10	523349454	3869727232.00
20150727	6.94	7.05	6.38	6.38	435683769	2976968192.00
20150728	6.17	6.33	5.75	6.02	466857099	2829050624.00
20150729	6.16	6.38	6.06	6.36	311046051	1935310720.00
20150730	6.29	6.39	6.04	6.11	258227365	1632024320.00
20150731	5.98	6.24	5.98	6.13	202448926	1250596864.00
20150803	6.06	6.23	5.99	6.21	222034168	1357678592.00
20150804	6.21	6.41	6.15	6.38	201958748	1283063680.00
20150805	6.34	6.37	6.15	6.20	162440440	1027921984.00
20150806	6.08	6.19	6.05	6.09	100602234	621822720.00
20150807	6.16	6.31	6.11	6.22	152274722	956172800.00
20150810	6.67	6.85	6.48	6.85	315201255	2148806400.00
20150811	7.11	7.25	6.87	6.97	631885081	4508112384.00
20150812	6.84	7.41	6.78	7.12	486906319	3502525440.00
20150813	7.06	7.21	6.83	7.13	355041149	2520641792.00
20150814	7.14	7.59	7.05	7.36	569006582	4201049600.00
20150817	7.23	7.49	7.07	7.37	423544894	3113397760.00
20150818	7.32	7.50	6.63	6.64	410328735	2920615936.00
20150819	6.47	7.31	6.47	7.31	779187273	5638658048.00
20150820	7.24	8.05	7.15	7.62	1098297573	8477513216.00
20150821	7.53	7.87	6.94	7.29	797888648	5890267136.00
20150824	6.89	7.09	6.56	6.56	527692668	3561166080.00
20150825	5.93	6.28	5.90	5.90	386192043	2341646336.00
20150826	5.89	6.17	5.45	5.52	565022317	3315270656.00
20150827	5.63	5.91	5.32	5.88	400528108	2282470144.00
20150828	5.94	6.46	5.78	6.38	494046236	3036227840.00
20150831	6.17	6.51	5.94	6.49	429702657	2658356992.00
20150901	6.24	6.52	6.04	6.44	533905354	3402836992.00
20150902	6.14	6.49	6.09	6.29	432551228	2761035008.00
20150907	6.40	6.64	6.04	6.11	357374963	2297060864.00
20150908	5.99	6.22	5.80	6.13	203257156	1236207616.00
20150909	6.14	6.39	6.10	6.31	249184257	1574128384.00
20150910	6.19	6.27	6.10	6.20	154070523	962706240.00
20150911	6.10	6.26	6.04	6.15	103913648	645194304.00
20150914	6.29	6.34	5.80	6.22	285029757	1764948864.00
20150915	6.09	6.09	5.86	5.97	139505492	842851904.00
20150916	5.99	6.44	5.87	6.27	220408634	1367427456.00
20150917	6.20	6.54	6.05	6.12	272016345	1731485312.00
20150918	6.12	6.23	6.09	6.13	122805600	762100608.00
20150921	6.07	6.23	6.02	6.19	107292368	667084736.00
20150922	6.19	6.34	6.16	6.24	156666304	986891328.00
20150923	6.13	6.18	5.99	6.02	145848789	894957120.00
20150924	6.05	6.10	5.96	6.04	91412276	556265088.00
20150925	6.17	6.47	6.11	6.24	307100349	1948472448.00
20150928	6.24	6.24	5.97	6.08	146508881	895486528.00
20150929	5.95	6.03	5.86	5.95	105864603	635851840.00
20150930	6.00	6.03	5.93	5.95	80390392	485779552.00
20151008	6.11	6.22	6.03	6.08	142632138	880855680.00
20151009	6.13	6.13	6.01	6.08	119904407	736179200.00
20151012	6.08	6.38	6.08	6.33	287223441	1814564352.00
20151013	6.24	6.33	6.18	6.28	173713543	1095161728.00
20151014	6.28	6.39	6.24	6.27	208645804	1332912512.00
20151015	6.37	6.73	6.35	6.62	371725689	2464358144.00
20151016	6.59	6.89	6.54	6.77	289619313	1967933952.00
20151019	6.75	7.03	6.49	6.60	238269557	1613170432.00
20151020	6.55	6.80	6.50	6.77	188379195	1264162944.00
20151021	6.78	7.13	6.50	6.89	326924171	2267313408.00
20151022	6.67	7.07	6.65	7.03	247513146	1723685632.00
20151023	7.05	7.05	6.78	6.90	213319000	1482656256.00
20151026	6.95	6.99	6.70	6.77	185064960	1269877248.00
20151027	6.73	6.73	6.45	6.71	137800134	917580288.00
20151028	6.62	6.67	6.48	6.53	127856656	847483840.00
20151029	6.56	6.69	6.50	6.58	95743431	635747072.00
20151030	6.58	6.61	6.45	6.55	94715496	624592384.00
20151102	6.47	6.49	6.28	6.29	150494354	972481472.00
20151103	6.33	6.36	6.24	6.27	76822826	487959680.00
20151104	6.28	6.56	6.27	6.55	178822894	1160195968.00
20151105	6.54	7.21	6.50	7.01	670210256	4722152448.00
20151106	6.84	7.03	6.81	6.97	417922546	2909800192.00
20151109	6.86	7.17	6.80	7.00	307611720	2176547840.00
20151110	6.90	6.98	6.84	6.90	200549806	1393778304.00
20151111	6.89	7.00	6.84	6.97	180084240	1261183360.00
20151112	6.97	6.98	6.75	6.78	202119448	1389374848.00
20151113	6.72	6.78	6.61	6.63	125219004	842982080.00
20151116	6.52	6.66	6.47	6.65	111530345	738976384.00
20151117	6.69	6.82	6.61	6.63	140399907	952516288.00
20151118	6.64	6.73	6.56	6.59	92240348	617727040.00
20151119	6.64	6.78	6.62	6.77	115990361	783787456.00
20151120	6.79	6.85	6.70	6.76	133191047	908986624.00
20151123	6.72	6.76	6.59	6.62	104819975	706641088.00
20151124	6.61	6.63	6.51	6.59	77011651	509433184.00
20151125	6.58	6.65	6.52	6.60	114375586	759058688.00
20151126	6.61	6.68	6.54	6.56	121644628	809553536.00
20151127	6.54	6.55	6.05	6.17	180537630	1144577280.00
20151130	6.15	6.26	5.94	6.16	147156948	909185216.00
20151201	6.17	6.20	6.08	6.15	72025181	446352256.00
20151202	6.10	6.39	6.10	6.34	126519134	799115520.00
20151203	6.31	6.42	6.24	6.35	116021257	741066816.00
20151204	6.29	6.30	6.16	6.18	98729627	621500672.00
20151207	6.19	6.24	6.14	6.20	55673933	347928384.00
20151208	6.20	6.21	6.03	6.05	70579311	434182208.00
20151209	6.05	6.11	6.03	6.06	48774394	298850432.00
20151210	6.06	6.10	5.96	6.00	67784467	413637344.00
20151211	5.99	6.01	5.94	5.98	59190935	356907776.00
20151214	5.94	6.18	5.91	6.16	98487323	601342336.00
20151215	6.14	6.20	6.06	6.09	83555166	516350176.00
20151216	6.12	6.27	6.09	6.18	95934256	599159872.00
20151217	6.21	6.29	6.17	6.25	108041187	680540352.00
20151218	6.24	6.39	6.20	6.22	109005320	691046656.00
20151221	6.17	6.34	6.15	6.32	152963664	969640832.00
20151222	6.31	6.37	6.26	6.30	85468857	544189440.00
20151223	6.30	6.33	6.21	6.22	83941200	530920576.00
20151224	6.22	6.31	6.09	6.17	83621243	522043648.00
20151225	6.18	6.20	6.15	6.19	44788043	279525760.00
20151228	6.26	6.50	6.19	6.22	262472136	1679854208.00
20151229	6.15	6.21	6.04	6.15	91885476	566423360.00
20151230	6.15	6.36	6.08	6.26	131019407	826980736.00
20151231	6.19	6.23	6.10	6.12	69238328	430756512.00
20160104	6.12	6.14	5.70	5.74	93856954	564022592.00
20160105	5.62	5.81	5.45	5.66	157250238	897800896.00
20160106	5.67	5.80	5.65	5.70	160064951	925188800.00
20160107	5.67	5.67	5.20	5.24	28897100	160040704.00
20160108	5.36	5.52	5.07	5.40	146306289	794145536.00
20160111	5.33	5.36	4.94	4.97	139703338	727140864.00
20160112	5.03	5.06	4.90	4.97	96726933	486578112.00
20160113	5.02	5.19	4.91	4.93	140074592	714857152.00
20160114	4.74	5.00	4.69	4.95	142167523	697904192.00
20160115	4.92	4.92	4.61	4.66	147687345	710670144.00
20160118	4.56	4.76	4.52	4.66	82148048	386641056.00
20160119	4.66	4.85	4.61	4.81	104953192	505301696.00
20160120	4.75	4.81	4.65	4.70	106360622	508740960.00
20160121	4.63	4.80	4.54	4.55	111196569	526736640.00
20160122	4.61	4.62	4.43	4.60	105609495	485655456.00
20160125	4.60	4.63	4.52	4.56	73029349	338723072.00
20160126	4.53	4.53	4.10	4.10	150088094	656505216.00
20160127	4.12	4.15	3.80	4.02	143994627	584314240.00
20160128	3.93	4.02	3.80	3.82	88427432	351681888.00
20160129	3.85	4.03	3.84	3.99	117026823	469543328.00
20160201	3.97	3.98	3.83	3.90	87061629	345391808.00
20160202	3.89	4.04	3.87	4.00	79525625	321371200.00
20160203	3.95	4.07	3.90	4.01	74129432	298768288.00
20160204	4.04	4.11	4.01	4.06	90792918	374071872.00
20160205	4.06	4.08	3.97	3.98	71603335	292078752.00
20160215	3.88	3.98	3.85	3.95	52615105	209004160.00
20160216	3.99	4.13	3.97	4.11	116031970	480341728.00
20160217	4.10	4.22	4.08	4.18	126133575	533297472.00
20160218	4.22	4.28	4.16	4.21	120060659	514241120.00
20160219	4.18	4.28	4.15	4.20	85013736	361938752.00
20160222	4.24	4.41	4.22	4.38	146625147	642066240.00
20160223	4.37	4.37	4.21	4.28	115018979	499182912.00
20160224	4.24	4.41	4.19	4.39	126804763	553839936.00
20160225	4.33	4.34	3.96	4.01	144117307	610096000.00
20160226	4.06	4.10	4.00	4.05	84080434	346131264.00
20160229	4.04	4.04	3.83	3.96	111980568	443146880.00
20160301	3.96	4.07	3.92	4.02	62866850	254491584.00
20160302	4.06	4.22	4.01	4.19	122053713	511028032.00
20160303	4.18	4.22	4.15	4.20	105126637	446807488.00
20160304	4.18	4.34	4.14	4.31	222069504	958198592.00
20160307	4.29	4.36	4.24	4.30	98707554	429581408.00
20160308	4.28	4.30	4.10	4.29	119402849	506667200.00
20160309	4.18	4.27	4.12	4.26	105267688	446670944.00
20160310	4.19	4.23	4.14	4.16	46828699	198791472.00
20160311	4.12	4.19	4.10	4.18	43041128	181381936.00
20160314	4.22	4.31	4.18	4.24	77494928	334972864.00
20160315	4.23	4.27	4.16	4.24	62450084	267683584.00
20160316	4.23	4.33	4.22	4.30	145546531	632793152.00
20160317	4.30	4.41	4.27	4.35	147805045	651083520.00
20160318	4.35	4.42	4.28	4.33	257700798	1136317824.00
20160321	4.37	4.54	4.34	4.46	248138132	1118309888.00
20160322	4.43	4.46	4.36	4.42	157746112	705102976.00
20160323	4.40	4.46	4.39	4.45	97542610	437937248.00
20160324	4.43	4.43	4.33	4.34	81633551	361780480.00
20160325	4.32	4.35	4.22	4.29	133335786	577789184.00
20160328	4.29	4.33	4.22	4.25	78447824	340423936.00
20160329	4.26	4.26	4.13	4.17	82136358	348641472.00
20160330	4.19	4.31	4.18	4.29	99085700	428307584.00
20160331	4.33	4.42	4.26	4.33	154928616	681078656.00
20160401	4.33	4.51	4.32	4.48	259373475	1163922176.00
20160405	4.44	4.51	4.37	4.48	181348317	816729408.00
20160406	4.44	4.47	4.39	4.43	117341917	526218720.00
20160407	4.44	4.45	4.34	4.35	105596070	468326528.00
20160408	4.31	4.33	4.24	4.28	84893055	368530784.00
20160411	4.30	4.38	4.30	4.35	89382420	393937952.00
20160412	4.34	4.35	4.29	4.32	66793128	292205696.00
20160413	4.34	4.44	4.33	4.38	140541405	627208384.00
20160414	4.41	4.42	4.37	4.41	64749107	288577664.00
20160415	4.41	4.42	4.34	4.36	74845534	331441056.00
20160418	4.33	4.34	4.27	4.29	82430106	358294720.00
20160419	4.31	4.32	4.25	4.27	65611498	284340928.00
20160420	4.28	4.29	3.96	4.13	143700423	602086016.00
20160421	4.09	4.12	4.06	4.09	69130097	287331616.00
20160422	4.05	4.09	3.99	4.07	67761092	278348032.00
20160425	4.05	4.06	3.97	4.02	62503623	253776368.00
20160426	4.02	4.04	3.98	4.03	56597734	230341280.00
20160427	4.04	4.07	4.01	4.03	44162373	180915904.00
20160428	4.03	4.04	3.97	4.01	40911017	166066096.00
20160429	4.00	4.01	3.97	3.98	35993692	145654528.00
20160503	3.99	4.07	3.97	4.06	69226341	283758752.00
20160504	4.04	4.08	4.03	4.06	55759704	229488160.00
20160505	4.05	4.08	4.04	4.06	42533624	175091344.00
20160506	4.06	4.11	3.96	3.96	83784378	342564192.00
20160509	3.94	3.95	3.84	3.86	75488617	296895264.00
20160510	3.84	3.89	3.84	3.87	35152545	138157856.00
20160511	3.88	3.93	3.84	3.88	47742659	188721600.00
20160512	3.86	3.88	3.81	3.87	40328748	157495632.00
20160513	3.87	3.89	3.84	3.85	28068560	110007880.00
20160516	3.85	3.89	3.82	3.88	34254821	134149984.00
20160517	3.87	3.88	3.84	3.86	28934490	113438424.00
20160518	3.85	3.86	3.79	3.82	59321041	230091904.00
20160519	3.82	3.85	3.80	3.81	39622187	153754976.00
20160520	3.78	3.82	3.76	3.81	42425454	163487952.00
20160523	3.81	3.85	3.81	3.84	45727249	178203200.00
20160524	3.84	3.84	3.80	3.81	27836023	107814520.00
20160525	3.83	3.85	3.80	3.81	25917056	100732496.00
20160526	3.81	3.84	3.78	3.82	34790247	134667152.00
20160527	3.82	3.84	3.80	3.81	23823291	92327232.00
20160530	3.81	3.83	3.78	3.83	43684769	168775840.00
20160531	3.80	3.96	3.79	3.94	96305362	381340576.00
20160601	3.93	3.94	3.90	3.91	52271986	208008496.00
20160602	3.91	3.92	3.87	3.90	36830996	145630112.00
20160603	3.90	3.93	3.88	3.91	45584992	180833008.00
20160606	3.91	3.92	3.87	3.90	27133445	107264856.00
20160607	3.90	3.90	3.87	3.88	28801262	113479432.00
20160608	3.89	3.89	3.84	3.86	32769562	128483136.00
20160613	3.83	3.84	3.77	3.78	54676820	211438192.00
20160614	3.76	3.80	3.76	3.80	30754466	118124440.00
20160615	3.77	3.84	3.76	3.82	39189676	151662336.00
20160616	3.81	3.83	3.76	3.78	56514468	217301440.00
20160617	3.78	3.80	3.76	3.78	104495489	401169184.00
20160620	3.78	3.79	3.76	3.78	47311155	181350096.00
20160621	3.79	3.81	3.73	3.76	66429823	254960464.00
20160622	3.75	3.78	3.73	3.77	46904499	178738896.00
20160623	3.77	3.89	3.75	3.78	159696628	619214464.00
20160624	3.79	3.81	3.69	3.76	87377791	333498912.00
20160627	3.73	3.80	3.72	3.79	54835033	210346512.00
20160628	3.79	3.79	3.74	3.79	78949311	301954880.00
20160629	3.79	3.85	3.77	3.80	102566550	396881696.00
20160630	3.82	3.82	3.79	3.81	61800481	235316800.00
20160701	3.82	3.84	3.81	3.82	46174322	176466864.00
20160704	3.81	3.88	3.80	3.87	107807169	415645120.00
20160705	3.87	3.95	3.86	3.91	109305463	427025568.00
20160706	3.89	3.92	3.86	3.91	81489900	317491680.00
20160707	3.91	3.97	3.88	3.94	91441900	358886240.00
20160708	3.94	3.94	3.89	3.91	53668300	210011488.00
20160711	3.91	3.95	3.89	3.90	67144800	263391456.00
20160712	3.90	4.09	3.90	4.05	218443300	872941376.00
20160713	4.06	4.46	4.05	4.34	376992300	1609857280.00
20160714	4.28	4.30	4.21	4.26	141015700	597788096.00
20160715	4.25	4.28	4.21	4.25	86179000	366015744.00
20160718	4.28	4.38	4.22	4.29	150340100	648073664.00
20160719	4.27	4.29	4.18	4.24	86939200	367925024.00
20160720	4.23	4.25	4.20	4.21	51346500	216651520.00
20160721	4.21	4.24	4.18	4.21	58594000	246670592.00
20160722	4.21	4.22	4.16	4.20	59087200	247414992.00
20160725	4.19	4.20	4.15	4.16	33035900	137864224.00
20160726	4.17	4.33	4.16	4.29	113570900	483640448.00
20160727	4.29	4.36	4.15	4.33	207665389	888797568.00
20160728	4.29	4.49	4.26	4.40	158883289	697651584.00
20160729	4.36	4.45	4.25	4.26	94481292	408089184.00
20160801	4.22	4.23	4.14	4.19	57596644	241377600.00
20160802	4.19	4.24	4.18	4.24	22664145	95456032.00
20160803	4.23	4.31	4.22	4.26	53729175	229929056.00
20160804	4.26	4.29	4.20	4.28	40975637	174274000.00
20160805	4.27	4.28	4.21	4.24	24682267	104634104.00
20160808	4.22	4.25	4.19	4.25	34384474	145214480.00
20160809	4.24	4.27	4.21	4.25	37555800	159070160.00
20160810	4.25	4.34	4.25	4.27	51268700	219782592.00
20160811	4.27	4.30	4.21	4.22	28751600	122365624.00
20160812	4.22	4.29	4.21	4.29	44270791	188418272.00
20160815	4.28	4.47	4.27	4.42	177331783	780954048.00
20160816	4.44	4.63	4.43	4.48	202321251	914190464.00
20160817	4.49	4.55	4.40	4.44	72225747	320598432.00
20160818	4.44	4.63	4.41	4.57	167916901	765310016.00
20160819	4.55	4.59	4.47	4.56	104007720	470264352.00
20160822	4.56	4.58	4.44	4.46	62345300	279374752.00
20160823	4.45	4.48	4.38	4.42	58037500	257035520.00
20160824	4.41	4.44	4.37	4.38	42300700	185967328.00
20160825	4.37	4.37	4.29	4.33	56362300	244040992.00
20160826	4.33	4.37	4.30	4.34	49994400	216861840.00
20160829	4.33	4.34	4.21	4.26	77411463	329332704.00
20160830	4.26	4.28	4.25	4.28	39055988	166507984.00
20160831	4.27	4.29	4.25	4.28	34231006	146401152.00
20160901	4.29	4.29	4.22	4.23	57679797	245081824.00
20160902	4.23	4.24	4.21	4.23	35462453	149637200.00
20160905	4.24	4.27	4.22	4.24	31315625	132873216.00
20160906	4.24	4.29	4.20	4.28	61884119	263336016.00
20160907	4.28	4.32	4.26	4.27	53490443	229426112.00
20160908	4.28	4.29	4.25	4.27	30400800	129696632.00
20160909	4.27	4.28	4.23	4.24	36097089	153685872.00
20160912	4.20	4.20	4.09	4.16	76992532	319374016.00
20160913	4.16	4.17	4.12	4.13	27608097	114166632.00
20160914	4.13	4.13	4.08	4.09	34129314	140008224.00
20160919	4.11	4.13	4.09	4.11	25568338	105042392.00
20160920	4.11	4.11	4.06	4.08	29584567	120755784.00
20160921	4.08	4.11	4.07	4.09	28632581	117030152.00
20160922	4.10	4.13	4.09	4.11	33722076	138624736.00
20160923	4.12	4.22	4.12	4.19	83507489	348275712.00
20160926	4.18	4.18	4.09	4.11	42946273	177416656.00
20160927	4.08	4.14	4.08	4.13	24402920	100404144.00
20160928	4.13	4.20	4.11	4.18	45966443	192000272.00
20160929	4.17	4.22	4.16	4.17	25246138	105720688.00
20160930	4.16	4.22	4.14	4.15	28426927	118872128.00
20161010	4.31	4.38	4.26	4.36	186843866	807429504.00
20161011	4.35	4.80	4.32	4.80	461728976	2173404416.00
20161012	4.90	4.93	4.68	4.73	393857060	1888661504.00
20161013	4.71	4.80	4.66	4.72	198197305	938453888.00
20161014	4.71	5.19	4.66	5.17	528327683	2623502336.00
20161017	5.03	5.25	5.00	5.06	378837438	1933542144.00
20161018	5.02	5.24	4.98	5.11	283727977	1451253376.00
20161019	5.12	5.59	5.10	5.30	450714516	2415131904.00
20161020	5.26	5.41	5.22	5.30	241417631	1282339968.00
20161021	5.25	5.45	5.22	5.36	242428372	1292945152.00
20161024	5.36	5.41	5.26	5.33	205876930	1093510656.00
20161025	5.33	5.36	5.18	5.27	243155788	1275220736.00
20161026	5.23	5.36	5.19	5.34	248259875	1312705280.00
20161027	5.30	5.32	5.15	5.18	191890447	996813824.00
20161028	5.17	5.24	5.12	5.13	139430931	720700352.00
20161031	5.12	5.16	5.10	5.13	95818719	491123584.00
20161101	5.13	5.26	5.11	5.19	155058500	803043712.00
20161102	5.17	5.18	5.07	5.09	132333800	675852352.00
20161103	5.18	5.31	5.05	5.27	329061222	1713326720.00
20161104	5.25	5.65	5.23	5.40	414018700	2265343488.00
20161107	5.35	5.44	5.27	5.39	181406771	968898624.00
20161108	5.40	5.42	5.28	5.31	158402707	846865408.00
20161109	5.30	5.33	5.10	5.18	184512213	960536768.00
20161110	5.24	5.29	5.17	5.22	122140675	638454080.00
20161111	5.19	5.37	5.14	5.30	214750285	1133940608.00
20161114	5.49	5.67	5.32	5.55	396774401	2183971584.00
20161115	5.50	5.53	5.38	5.42	186267609	1015486400.00
20161116	5.43	5.80	5.32	5.71	386811400	2165246208.00
20161117	5.64	6.08	5.61	5.97	442323500	2592499200.00
20161118	5.91	6.03	5.85	5.93	257940800	1531429888.00
20161121	5.95	6.01	5.86	5.93	173940900	1029581248.00
20161122	5.93	6.19	5.90	5.98	315251459	1901135104.00
20161123	5.93	5.95	5.77	5.80	233879435	1367208064.00
20161124	5.80	5.85	5.75	5.82	125958400	730459904.00
20161125	5.80	5.93	5.77	5.93	172742000	1012002304.00
20161128	5.96	6.15	5.92	6.05	225597500	1367433984.00
20161129	6.02	6.29	5.97	6.15	328607400	2008851072.00
20161130	6.07	6.77	6.05	6.66	770163900	5079726080.00
20161201	6.76	7.33	6.60	7.33	1025380937	7285614080.00
20161202	7.30	7.37	6.79	6.84	726423404	5111799808.00
20161205	6.55	7.06	6.45	6.78	548972100	3725605632.00
20161206	6.78	6.89	6.50	6.64	348154600	2320169984.00
20161207	6.60	6.63	6.38	6.56	321373900	2090308352.00
20161208	6.65	7.07	6.60	7.01	545165100	3761264384.00
20161209	6.94	7.08	6.75	7.01	403342600	2789163008.00
20161212	7.00	7.28	6.73	6.81	483017114	3362630144.00
20161213	6.72	7.26	6.68	7.23	515162776	3596980480.00
20161214	7.13	7.42	6.83	6.85	668827681	4785520640.00
20161215	6.65	6.84	6.56	6.74	371336587	2490608640.00
20161216	6.70	6.95	6.70	6.79	264593091	1808562944.00
20161219	6.94	7.09	6.82	6.86	258966578	1797654016.00
20161220	6.87	7.12	6.70	7.10	398704242	2781389824.00
20161221	7.15	7.70	7.07	7.37	704067805	5236878848.00
20161222	7.32	7.70	7.26	7.68	508453603	3791750912.00
20161223	7.70	8.05	7.60	7.81	612022035	4805894656.00
20161226	7.70	7.96	7.61	7.81	337864773	2636181760.00
20161227	7.84	7.91	7.44	7.55	428036438	3266973184.00
20161228	7.51	7.70	7.40	7.69	283246727	2136018944.00
20161229	7.62	7.72	7.47	7.54	219205600	1660867200.00
20161230	7.60	7.60	7.22	7.31	294062100	2186000640.00
20170103	7.25	7.56	7.22	7.44	242309682	1802496256.00
20170104	7.40	7.48	7.30	7.43	200961390	1485577216.00
20170105	7.39	7.86	7.37	7.84	360215383	2729253888.00
20170106	7.75	7.87	7.62	7.68	281331645	2179101184.00
20170109	7.66	7.78	7.51	7.71	226365421	1728236672.00
20170110	7.67	7.80	7.52	7.54	215227388	1651324672.00
20170111	7.48	7.52	6.79	6.90	495884855	3564886016.00
20170112	6.78	6.87	6.53	6.67	355840469	2381433344.00
20170113	6.60	6.80	6.58	6.63	204052786	1365346048.00
20170116	6.59	6.68	6.20	6.59	424163796	2715749120.00
20170117	6.50	6.60	6.41	6.56	192415186	1252544128.00
20170118	6.58	6.74	6.57	6.62	172841505	1149535872.00
20170119	6.55	6.60	6.22	6.27	267173546	1707333504.00
20170120	6.25	6.39	6.15	6.31	187092114	1178177152.00
20170123	6.30	6.39	6.28	6.35	132429737	837732928.00
20170124	6.34	6.39	6.30	6.32	125220090	793778496.00
20170125	6.30	6.63	6.25	6.59	270571827	1753400448.00
20170126	6.50	6.61	6.45	6.54	172325201	1123602432.00
20170203	6.51	6.62	6.51	6.52	107866825	707326720.00
20170206	6.51	6.54	6.35	6.52	173138635	1114724480.00
20170207	6.48	6.60	6.42	6.50	133645619	872058688.00
20170208	6.49	6.84	6.45	6.79	332572977	2219559168.00
20170209	6.75	6.82	6.72	6.79	189759117	1285649664.00
20170210	6.78	6.95	6.74	6.78	204197412	1394771840.00
20170213	6.72	6.87	6.70	6.84	140567513	955550848.00
20170214	6.83	6.88	6.75	6.82	123748001	843027520.00
20170215	6.83	6.83	6.71	6.73	127693669	863136320.00
20170216	6.74	6.78	6.66	6.73	130121487	872013248.00
20170217	6.69	6.71	6.48	6.50	210522605	1385918848.00
20170220	6.45	6.59	6.41	6.54	125281100	815792896.00
20170221	6.52	6.68	6.50	6.59	132291567	872815296.00
20170222	6.57	6.64	6.53	6.59	94923070	624041408.00
20170223	6.58	6.61	6.52	6.55	84847924	556561920.00
20170224	6.55	7.20	6.53	7.08	477607900	3291843072.00
20170227	7.00	7.13	6.93	7.03	255205100	1795962240.00
20170228	7.03	7.06	6.84	7.03	212496616	1480183424.00
20170301	6.99	7.40	6.97	7.19	370078678	2670789120.00
20170302	7.19	7.34	7.08	7.12	201578789	1449065984.00
20170303	7.06	7.18	6.98	7.08	169184814	1194010240.00
20170306	7.05	7.29	6.99	7.21	175698996	1254255616.00
20170307	7.37	7.55	7.14	7.16	363822100	2675683840.00
20170308	7.17	7.88	7.11	7.70	677357336	5145684480.00
20170309	7.61	7.85	7.59	7.75	407913942	3154867456.00
20170310	7.75	7.84	7.55	7.78	300778023	2313948160.00
20170313	7.73	7.74	7.35	7.41	426665464	3198445312.00
20170314	7.36	7.48	7.36	7.38	178510978	1322921344.00
20170315	7.38	7.57	7.32	7.48	244810915	1824241536.00
20170316	7.50	7.74	7.45	7.69	311226056	2367201280.00
20170317	7.66	7.96	7.58	7.77	422079211	3288125952.00
20170320	7.78	7.90	7.62	7.77	239122400	1853020032.00
20170321	7.71	7.74	7.62	7.66	147347400	1128639104.00
20170322	7.62	7.74	7.42	7.66	231212796	1750346496.00
20170323	7.66	7.82	7.61	7.79	254643777	1967775488.00
20170324	7.83	7.85	7.62	7.66	254915500	1975096320.00
20170327	7.65	7.71	7.51	7.53	175580529	1331322240.00
20170328	7.52	7.54	7.30	7.44	179087574	1329445248.00
20170329	7.40	7.58	7.36	7.43	160833555	1201165440.00
20170330	7.40	7.55	7.32	7.34	153207268	1139190784.00
20170331	7.32	7.53	7.32	7.47	125692309	934052352.00
20170711	7.47	7.47	7.47	7.47	0	0.00
数据来源:通达信
