600021 上海电力 日线 前复权
      日期	    开盘	    最高	    最低	    收盘	    成交量	    成交额
20111010	3.09	3.12	3.03	3.07	3053531	12702476.00
20111011	3.13	3.21	3.11	3.14	3057278	12937961.00
20111012	3.13	3.33	3.10	3.32	4654298	20222976.00
20111013	3.32	3.47	3.28	3.44	8091385	36123072.00
20111014	3.40	3.44	3.34	3.39	3616949	16155288.00
20111017	3.40	3.43	3.37	3.40	3307294	14822286.00
20111018	3.37	3.38	3.25	3.25	3542001	15530260.00
20111019	3.25	3.31	3.19	3.24	2140832	9258273.00
20111020	3.23	3.23	3.08	3.13	2895608	12197317.00
20111021	3.15	3.17	3.11	3.15	1522985	6430707.00
20111024	3.16	3.22	3.14	3.21	2709376	11549085.00
20111025	3.22	3.30	3.20	3.29	2899415	12583965.00
20111026	3.33	3.41	3.30	3.31	4963989	21975924.00
20111027	3.38	3.75	3.38	3.75	29738975	141946896.00
20111028	3.76	3.87	3.64	3.86	26420323	128132112.00
20111031	3.78	3.95	3.74	3.93	17936243	88481920.00
20111101	3.90	4.19	3.84	4.01	22469136	114963776.00
20111102	3.90	4.02	3.89	4.02	14376054	72413688.00
20111103	4.02	4.06	3.87	3.89	20751519	104799472.00
20111104	3.91	3.97	3.83	3.92	8331032	41446176.00
20111107	3.93	3.95	3.85	3.93	5625787	28037384.00
20111108	3.92	4.38	3.89	4.15	27298234	142788976.00
20111109	4.15	4.24	4.06	4.17	11906880	62021984.00
20111110	4.10	4.20	4.07	4.16	8552092	44640060.00
20111111	4.14	4.21	4.10	4.16	8294589	43451376.00
20111114	4.22	4.37	4.20	4.25	15148107	81223088.00
20111115	4.25	4.42	4.25	4.37	14803901	80563104.00
20111116	4.38	4.40	4.12	4.13	13609307	71924792.00
20111117	4.12	4.20	4.07	4.15	6829945	35584636.00
20111118	4.11	4.15	3.95	3.98	8023717	41060852.00
20111121	4.02	4.04	3.86	3.98	5760200	28932992.00
20111122	3.93	4.09	3.90	4.02	6562471	33459146.00
20111123	4.03	4.24	4.03	4.17	12086782	63425108.00
20111124	4.14	4.22	4.05	4.15	12427658	65237624.00
20111125	4.17	4.24	4.12	4.16	5953527	31315296.00
20111128	4.16	4.20	3.99	4.05	6354751	32620796.00
20111129	4.10	4.16	4.02	4.14	7159318	37107696.00
20111130	4.14	4.21	3.84	4.05	11817013	60138724.00
20111201	4.21	4.21	3.90	4.01	18123298	92974784.00
20111202	3.96	3.96	3.78	3.82	7241332	35736468.00
20111205	3.78	3.82	3.47	3.48	6695381	31410048.00
20111206	3.48	3.58	3.45	3.54	4725617	21762992.00
20111207	3.54	3.57	3.49	3.53	4408205	20267350.00
20111209	3.51	3.78	3.47	3.60	5182375	24497528.00
20111212	3.57	3.62	3.42	3.45	3495407	16010302.00
20111213	3.40	3.43	3.25	3.27	4002669	17535404.00
20111214	3.27	3.40	3.25	3.31	5264078	23282128.00
20111215	3.27	3.53	3.27	3.47	9760238	44074356.00
20111216	3.47	3.51	3.38	3.49	4966959	22464976.00
20111219	3.51	3.62	3.45	3.58	7656079	35307232.00
20111220	3.58	3.67	3.51	3.53	5075112	23564462.00
20111221	3.57	3.61	3.30	3.33	6053346	27262072.00
20111222	3.33	3.33	3.17	3.30	4595016	19930392.00
20111223	3.30	3.48	3.27	3.42	5471850	24597750.00
20111226	3.40	3.76	3.39	3.65	13180476	62153308.00
20111227	3.62	3.76	3.55	3.61	8601753	40785976.00
20111228	3.58	3.59	3.42	3.53	4906690	22364004.00
20111229	3.54	3.64	3.53	3.58	4230730	19748848.00
20111230	3.58	3.72	3.56	3.65	3565781	16901120.00
20120104	3.71	3.72	3.50	3.51	3028170	14173741.00
20120105	3.48	3.59	3.27	3.31	7833926	35005960.00
20120106	3.30	3.42	3.27	3.42	4256630	18818896.00
20120109	3.43	3.63	3.37	3.62	6362331	29423120.00
20120110	3.61	3.77	3.55	3.75	9382865	44657876.00
20120111	3.74	3.75	3.66	3.73	6992017	33416748.00
20120112	3.73	4.07	3.70	3.89	12893070	64731416.00
20120113	3.90	3.97	3.73	3.78	9225278	45319820.00
20120116	3.78	3.86	3.67	3.79	5132489	24947360.00
20120117	3.79	3.97	3.72	3.97	6680770	33156740.00
20120118	3.98	4.02	3.88	3.92	6525898	32800756.00
20120119	3.92	3.97	3.82	3.88	4923483	24453692.00
20120120	3.88	3.94	3.85	3.91	3438455	17143392.00
20120130	3.93	3.93	3.85	3.86	3211891	15961238.00
20120131	3.86	3.87	3.76	3.81	3846434	18747332.00
20120201	3.80	3.83	3.74	3.75	2332148	11325549.00
20120202	3.76	3.80	3.71	3.79	5741970	27662448.00
20120203	3.79	3.84	3.76	3.82	4946139	24176248.00
20120206	3.82	3.94	3.82	3.90	6305032	31404564.00
20120207	3.88	3.90	3.76	3.88	5097969	24996844.00
20120208	3.87	3.97	3.84	3.93	6323733	31640872.00
20120209	3.96	4.01	3.86	3.91	8502917	42729240.00
20120210	3.87	3.92	3.86	3.91	4911984	24393898.00
20120213	3.91	3.94	3.85	3.91	5410616	26943470.00
20120214	3.92	3.92	3.83	3.85	4411642	21759316.00
20120215	3.85	3.91	3.82	3.90	5491176	27236116.00
20120216	3.91	4.06	3.86	4.03	16700343	84252464.00
20120217	4.00	4.04	3.98	4.00	7656151	38921644.00
20120220	4.04	4.11	3.98	4.07	12437359	63915640.00
20120221	4.04	4.12	3.94	4.05	9032714	46032992.00
20120222	4.06	4.08	3.99	4.04	9165822	46817520.00
20120223	4.04	4.05	3.99	4.03	7770579	39561088.00
20120224	3.99	4.05	3.99	4.04	6849347	35007656.00
20120227	4.05	4.09	4.02	4.03	9922973	51031344.00
20120228	3.99	4.03	3.85	3.96	11720527	58810056.00
20120229	3.95	3.95	3.85	3.89	9358684	46487376.00
20120301	3.87	3.90	3.83	3.87	7233630	35776252.00
20120302	3.86	3.92	3.86	3.89	5510813	27409772.00
20120305	3.89	3.94	3.83	3.85	7040557	35007528.00
20120306	3.82	3.87	3.78	3.82	6629346	32416200.00
20120307	3.78	3.85	3.77	3.79	4381369	21434034.00
20120308	3.81	3.86	3.79	3.82	4866013	23879906.00
20120309	3.83	3.97	3.81	3.97	11033344	55079100.00
20120312	3.97	4.01	3.92	3.97	8027259	40486812.00
20120313	3.97	4.01	3.95	4.01	9856647	49934352.00
20120314	4.03	4.05	3.78	3.83	16762099	84767552.00
20120315	3.84	3.86	3.65	3.72	8659929	41835440.00
20120316	3.73	3.84	3.72	3.83	7173003	34874700.00
20120319	3.87	4.01	3.79	3.99	8791970	43985220.00
20120320	3.97	4.11	3.89	3.90	12120558	61565412.00
20120321	3.93	4.01	3.85	4.01	7091758	35531500.00
20120322	4.02	4.12	3.99	4.09	18468092	95240912.00
20120323	4.07	4.07	3.97	4.01	6785493	34530296.00
20120326	4.01	4.12	3.99	4.06	8613502	44350976.00
20120327	4.07	4.08	3.94	3.95	6058310	30727996.00
20120328	3.93	3.95	3.77	3.86	8211771	40401312.00
20120329	3.86	3.96	3.77	3.81	7607941	37573092.00
20120330	3.80	3.82	3.51	3.62	12860726	60884184.00
20120405	3.62	3.78	3.58	3.77	6856160	32781040.00
20120406	3.77	3.80	3.69	3.78	3857189	18590862.00
20120409	3.76	3.79	3.70	3.71	2152097	10371759.00
20120410	3.70	3.74	3.63	3.74	3186236	15156624.00
20120411	3.69	3.73	3.63	3.71	2544980	12122067.00
20120412	3.71	3.79	3.67	3.78	3709996	17923144.00
20120413	3.79	3.83	3.76	3.82	4972882	24247600.00
20120416	3.78	3.82	3.75	3.81	3710382	18034056.00
20120417	3.79	3.83	3.73	3.79	3064016	14882201.00
20120418	3.78	3.83	3.68	3.83	8187220	39613136.00
20120419	3.80	3.80	3.75	3.76	3784760	18344120.00
20120420	3.76	3.82	3.74	3.81	4276559	20852584.00
20120423	3.83	3.84	3.73	3.80	8624153	41995060.00
20120424	3.75	3.81	3.72	3.79	4638400	22484518.00
20120425	3.79	3.85	3.75	3.85	7162839	34954584.00
20120426	3.85	3.99	3.84	3.93	10826174	54121912.00
20120427	3.92	3.96	3.85	3.93	5942019	29614772.00
20120502	3.97	4.02	3.93	4.00	13660661	69011872.00
20120503	3.99	4.02	3.94	4.01	7942753	40261160.00
20120504	3.99	4.01	3.94	4.00	5104051	25809828.00
20120507	3.99	4.06	3.97	4.05	12495760	63720120.00
20120508	4.05	4.10	3.96	3.99	11010339	56269180.00
20120509	3.96	3.97	3.88	3.89	7127405	35614024.00
20120510	3.88	3.95	3.88	3.91	3329211	16617446.00
20120511	3.93	3.93	3.89	3.90	2498900	12464451.00
20120514	3.92	4.03	3.88	3.95	7661522	38669480.00
20120515	3.94	3.97	3.90	3.97	4969924	24925364.00
20120516	3.97	4.04	3.94	3.94	7480236	37956124.00
20120517	3.95	4.00	3.88	3.98	5041227	25387850.00
20120518	3.98	4.01	3.93	4.01	5570853	28171340.00
20120521	4.01	4.08	4.00	4.05	7651230	39185368.00
20120522	4.07	4.09	4.00	4.01	6502355	33185784.00
20120523	4.00	4.01	3.90	3.92	8260490	41422044.00
20120524	3.91	3.96	3.89	3.91	2715138	13584175.00
20120525	3.89	3.91	3.77	3.82	6935811	33950680.00
20120528	3.79	3.85	3.74	3.84	3092596	15098137.00
20120529	3.84	3.92	3.82	3.89	5510936	27323260.00
20120530	3.87	3.92	3.82	3.86	3562876	17592768.00
20120531	3.84	3.98	3.81	3.95	6415052	32085816.00
20120601	3.97	4.06	3.92	4.05	10447353	53112176.00
20120604	3.98	4.11	3.97	4.02	11797932	60352920.00
20120605	4.02	4.25	3.97	4.12	16149476	83895776.00
20120606	4.07	4.21	4.07	4.16	14799378	77398640.00
20120607	4.19	4.24	4.12	4.14	9574580	50213484.00
20120608	4.14	4.22	4.12	4.17	15957226	84161520.00
20120611	4.18	4.24	4.13	4.20	8539928	45020920.00
20120612	4.18	4.18	4.08	4.16	5818532	30316780.00
20120613	4.14	4.49	4.14	4.36	17533604	95229056.00
20120614	4.34	4.56	4.34	4.44	21050568	117170064.00
20120618	4.48	4.52	4.37	4.43	10058167	55595200.00
20120619	4.38	4.45	4.34	4.35	7628455	41761840.00
20120620	4.34	4.37	4.16	4.23	13280155	70518856.00
20120621	4.21	4.33	4.18	4.30	9098791	48714072.00
20120625	4.27	4.45	4.27	4.32	10075968	54893972.00
20120626	4.33	4.37	4.18	4.37	7717526	41547560.00
20120627	4.35	4.56	4.34	4.54	15791100	88101328.00
20120628	4.56	4.58	4.42	4.46	9065402	50733880.00
20120629	4.44	4.51	4.33	4.42	10607262	58364200.00
20120702	4.44	4.60	4.33	4.58	13421339	74842976.00
20120703	4.56	4.62	4.45	4.47	6566238	36966040.00
20120704	4.45	4.52	4.37	4.47	7052700	38952520.00
20120705	4.45	4.48	4.29	4.47	8546527	46754064.00
20120706	4.48	4.54	4.41	4.48	6774293	37620600.00
20120709	4.47	4.57	4.38	4.39	10950888	60719376.00
20120710	4.39	4.45	4.33	4.41	4914454	26588660.00
20120711	4.40	4.57	4.38	4.51	10187434	56346068.00
20120712	4.53	4.55	4.45	4.54	5142935	28407116.00
20120713	4.51	4.57	4.38	4.47	5117045	28238144.00
20120716	4.47	4.56	4.41	4.45	8475028	46940700.00
20120717	4.41	4.42	4.25	4.35	6763215	36139552.00
20120718	4.33	4.43	4.29	4.41	4964877	26813882.00
20120719	4.41	4.51	4.36	4.42	5680376	31014760.00
20120720	4.38	4.46	4.37	4.38	4563828	24740424.00
20120723	4.37	4.38	4.25	4.28	4188918	22320148.00
20120724	4.26	4.37	4.24	4.32	3057123	16354797.00
20120725	4.31	4.34	4.26	4.27	3010855	16024048.00
20120726	4.27	4.30	4.20	4.20	2936800	15490069.00
20120727	4.20	4.23	4.10	4.11	4046891	21028788.00
20120730	4.11	4.12	3.92	3.97	8086541	40604388.00
20120731	3.97	3.98	3.76	3.87	5606508	27448526.00
20120801	3.84	3.98	3.84	3.96	3233140	16103309.00
20120802	3.95	4.02	3.92	3.95	3748524	18770520.00
20120803	3.97	4.18	3.95	4.14	9039044	46492696.00
20120806	4.13	4.23	4.10	4.20	3271361	17075756.00
20120807	4.18	4.19	4.09	4.11	2957456	15265903.00
20120808	4.14	4.22	4.07	4.14	3807284	19655230.00
20120809	4.14	4.16	4.07	4.13	3651623	18750948.00
20120810	4.12	4.16	4.10	4.14	4227475	21770864.00
20120813	4.12	4.14	3.97	4.00	2995600	15241436.00
20120814	4.00	4.06	3.96	4.05	2076405	10467654.00
20120815	3.99	4.04	3.99	4.00	1379973	6963806.00
20120816	3.99	4.08	3.99	4.04	1176461	5962985.00
20120817	4.01	4.06	3.99	4.03	843636	4272038.00
20120820	4.03	4.05	3.99	4.05	988528	4996722.00
20120821	4.05	4.18	4.05	4.12	2042382	10536504.00
20120822	4.12	4.15	4.08	4.12	1247115	6413621.00
20120823	4.11	4.17	4.10	4.12	1996803	10323337.00
20120824	4.10	4.12	4.05	4.05	1027455	5240224.00
20120827	4.03	4.03	3.94	3.95	4924165	24650172.00
20120828	3.95	3.99	3.89	3.92	2111751	10486674.00
20120829	3.92	3.92	3.78	3.86	1485422	7247016.00
20120830	3.86	3.87	3.80	3.87	1386966	6760411.00
20120831	3.87	3.90	3.81	3.81	1306882	6367721.00
20120903	3.81	3.85	3.78	3.83	1868187	9052480.00
20120904	3.85	3.85	3.71	3.79	3504637	16843996.00
20120905	3.79	3.88	3.75	3.84	3240628	15797587.00
20120906	3.86	3.86	3.82	3.84	1137667	5532004.00
20120907	3.86	4.04	3.85	3.95	4385533	21829948.00
20120910	3.96	3.98	3.86	3.90	3846698	18986368.00
20120911	3.89	3.90	3.81	3.85	2154035	10477521.00
20120912	3.88	3.88	3.78	3.81	3746610	18158908.00
20120913	3.84	3.84	3.75	3.77	3130100	15072340.00
20120914	3.76	3.81	3.71	3.74	5246905	24964776.00
20120917	3.74	3.74	3.60	3.64	3437250	16080470.00
20120918	3.61	3.63	3.57	3.60	1789269	8271020.00
20120919	3.61	3.68	3.58	3.68	1618946	7561036.00
20120920	3.68	3.68	3.52	3.53	1877215	8641242.00
20120921	3.53	3.61	3.52	3.56	1369827	6301156.00
20120924	3.54	3.56	3.47	3.54	1640919	7472087.00
20120925	3.52	3.55	3.51	3.53	1021320	4664168.00
20120926	3.53	3.54	3.38	3.41	2148318	9598869.00
20120927	3.41	3.52	3.40	3.49	2199512	9902061.00
20120928	3.49	3.58	3.46	3.57	1905422	8726942.00
20121008	3.57	3.61	3.49	3.52	1631384	7463104.00
20121009	3.52	3.62	3.52	3.60	3015587	13933207.00
20121010	3.60	3.62	3.57	3.60	2234153	10338347.00
20121011	3.65	3.80	3.65	3.71	7480851	35475680.00
20121012	3.72	3.72	3.62	3.64	3309342	15519832.00
20121015	3.65	3.66	3.57	3.61	1844898	8537272.00
20121016	3.60	3.63	3.56	3.57	1780701	8219374.00
20121017	3.59	3.61	3.54	3.57	1656425	7618589.00
20121018	3.58	3.62	3.56	3.61	3721105	17231848.00
20121019	3.62	3.63	3.56	3.57	2390911	11048358.00
20121022	3.57	3.60	3.52	3.59	1752123	8052427.00
20121023	3.59	3.64	3.57	3.60	2686777	12470118.00
20121024	3.60	3.73	3.58	3.69	5923176	27928940.00
20121025	3.72	3.79	3.68	3.72	7636703	36461380.00
20121026	3.71	3.72	3.57	3.64	5479366	25657512.00
20121029	3.62	3.69	3.59	3.67	3577185	16778672.00
20121030	3.71	3.79	3.65	3.67	7259646	34376544.00
20121031	3.67	3.67	3.51	3.58	5840155	26772814.00
20121101	3.56	3.71	3.54	3.68	7132862	33112314.00
20121102	3.67	3.67	3.61	3.64	5123022	23917000.00
20121105	3.63	3.65	3.52	3.56	6766256	31201320.00
20121106	3.56	3.58	3.50	3.53	5012054	22913032.00
20121107	3.54	3.56	3.40	3.51	9512316	42841684.00
20121108	3.46	3.49	3.40	3.41	3538954	15829680.00
20121109	3.41	3.43	3.39	3.41	2556248	11350346.00
20121112	3.41	3.45	3.40	3.44	2423090	10796143.00
20121113	3.44	3.45	3.35	3.37	2879215	12689056.00
20121114	3.37	3.39	3.35	3.37	1683700	7407115.00
20121115	3.36	3.37	3.25	3.25	2341470	10190311.00
20121116	3.27	3.29	3.15	3.20	2394305	10177322.00
20121119	3.21	3.23	3.15	3.20	1719528	7251065.00
20121120	3.22	3.24	3.17	3.19	3315456	14006481.00
20121121	3.20	3.21	3.06	3.17	4807771	19971040.00
20121122	3.13	3.15	3.07	3.10	2887309	11939404.00
20121123	3.10	3.14	3.09	3.12	3234882	13425791.00
20121126	3.12	3.20	3.12	3.18	4284527	17974852.00
20121127	3.18	3.18	3.04	3.12	3251002	13414116.00
20121128	3.11	3.11	3.00	3.03	1960738	7981737.00
20121129	3.03	3.07	3.02	3.03	1370128	5579735.00
20121130	3.03	3.07	3.02	3.05	1431757	5840851.00
20121203	3.05	3.08	3.01	3.01	2289961	9342287.00
20121204	3.03	3.05	2.97	3.05	2804365	11295200.00
20121205	3.05	3.31	3.03	3.25	7884073	33272432.00
20121206	3.24	3.33	3.16	3.28	7298103	31222740.00
20121207	3.26	3.36	3.22	3.32	7169189	31149846.00
20121210	3.32	3.36	3.30	3.34	4619038	20129272.00
20121211	3.32	3.32	3.24	3.26	4524966	19474364.00
20121212	3.26	3.29	3.23	3.27	1262003	5409659.00
20121213	3.26	3.27	3.20	3.21	1726375	7370564.00
20121214	3.23	3.35	3.21	3.33	6495804	28144530.00
20121217	3.32	3.40	3.31	3.37	7058623	30967596.00
20121218	3.37	3.40	3.30	3.34	5498093	24086456.00
20121219	3.33	3.34	3.28	3.31	4913191	21320052.00
20121220	3.30	3.32	3.27	3.31	4022122	17382884.00
20121221	3.32	3.35	3.29	3.31	4931442	21429464.00
20121224	3.30	3.33	3.28	3.33	3658034	15862371.00
20121225	3.32	3.41	3.29	3.40	7789899	34329240.00
20121226	3.42	3.44	3.37	3.42	7178214	31836284.00
20121227	3.42	3.55	3.40	3.52	11510916	52093108.00
20121228	3.51	3.57	3.46	3.53	6881254	31211168.00
20121231	3.52	3.68	3.49	3.61	7608538	35057040.00
20130104	3.65	3.67	3.53	3.57	6992437	32316272.00
20130107	3.57	3.58	3.51	3.54	3592989	16429436.00
20130108	3.47	3.54	3.47	3.52	5321325	24163708.00
20130109	3.52	3.58	3.51	3.55	6492188	29722088.00
20130110	3.55	3.57	3.50	3.54	7412405	33794456.00
20130111	3.53	3.54	3.41	3.44	9453336	42452084.00
20130114	3.43	3.69	3.41	3.64	16149979	74237376.00
20130115	3.74	3.96	3.73	3.83	23907808	116400168.00
20130116	3.79	3.80	3.62	3.71	19274397	91179944.00
20130117	3.69	3.75	3.62	3.67	7794540	36798664.00
20130118	3.68	3.77	3.68	3.76	9015813	43069080.00
20130121	3.76	3.79	3.71	3.74	7369372	35193484.00
20130122	3.74	3.76	3.61	3.63	9363270	43960936.00
20130123	3.63	3.65	3.58	3.63	5135454	23826296.00
20130124	3.67	3.70	3.54	3.56	7654897	35652948.00
20130125	3.60	3.62	3.54	3.56	3319442	15255340.00
20130128	3.57	3.65	3.57	3.64	6878909	31930956.00
20130129	3.66	3.71	3.64	3.67	7607913	35780128.00
20130130	3.67	3.71	3.64	3.69	5634937	26509122.00
20130131	3.69	3.79	3.65	3.78	13300685	63426336.00
20130201	3.77	3.78	3.70	3.76	8197950	39153492.00
20130204	3.80	3.83	3.71	3.73	9742480	46626184.00
20130205	3.70	3.77	3.66	3.76	7979666	37868752.00
20130206	3.75	3.78	3.72	3.75	5907844	28218390.00
20130207	3.73	3.75	3.69	3.73	5367173	25517830.00
20130208	3.72	3.78	3.72	3.76	7145990	34202480.00
20130218	3.78	3.79	3.72	3.76	8535191	40759520.00
20130219	3.76	3.76	3.67	3.68	6363667	30117908.00
20130220	3.69	3.72	3.65	3.71	4034578	19019884.00
20130221	3.69	3.69	3.60	3.64	6496066	30419416.00
20130222	3.64	3.65	3.60	3.60	3708300	17266612.00
20130225	3.60	3.65	3.59	3.65	4710185	21903890.00
20130226	3.64	3.66	3.54	3.56	4920177	22796316.00
20130227	3.56	3.60	3.53	3.56	2969746	13648867.00
20130228	3.57	3.63	3.55	3.61	4456531	20598416.00
20130301	3.61	3.67	3.59	3.67	5317125	24796972.00
20130304	3.66	3.66	3.51	3.52	8090283	37320684.00
20130305	3.52	3.60	3.49	3.58	4791163	21964296.00
20130306	3.58	3.70	3.57	3.68	7939825	37212004.00
20130307	3.68	3.75	3.65	3.72	10972491	52006888.00
20130308	3.73	3.80	3.71	3.73	8948267	42728632.00
20130311	3.76	3.78	3.71	3.75	7050780	33729876.00
20130312	3.76	3.90	3.66	3.80	16576875	79776360.00
20130313	3.80	3.80	3.68	3.74	6501713	30891536.00
20130314	3.72	3.73	3.64	3.68	4725235	22238166.00
20130315	3.68	3.69	3.58	3.66	7210076	33681344.00
20130318	3.65	3.67	3.61	3.63	3719274	17339244.00
20130319	3.65	3.76	3.64	3.76	8041026	38086068.00
20130320	3.75	3.79	3.72	3.78	11765255	56411300.00
20130321	3.79	3.79	3.72	3.75	6232234	29874300.00
20130322	3.76	3.81	3.73	3.75	5546308	26620972.00
20130325	3.75	3.78	3.71	3.73	4845040	23086612.00
20130326	3.72	3.72	3.60	3.62	6778430	31623206.00
20130327	3.62	3.65	3.59	3.63	5497485	25562496.00
20130328	3.60	3.60	3.47	3.49	6317773	28766188.00
20130329	3.49	3.54	3.49	3.51	2839143	12886167.00
20130401	3.49	3.55	3.49	3.54	3494630	15886082.00
20130402	3.55	3.58	3.49	3.51	2494637	11365367.00
20130403	3.52	3.55	3.49	3.54	2184959	9934140.00
20130408	3.51	3.52	3.46	3.50	3141637	14180326.00
20130409	3.53	3.53	3.49	3.53	3366209	15304198.00
20130410	3.53	3.53	3.48	3.50	3250091	14696289.00
20130411	3.51	3.54	3.47	3.50	3098215	14068057.00
20130412	3.52	3.60	3.52	3.54	4334426	19869048.00
20130415	3.53	3.53	3.43	3.47	2895934	13017880.00
20130416	3.43	3.46	3.41	3.44	4320382	19287484.00
20130417	3.46	3.47	3.44	3.47	1626758	7293029.00
20130418	3.45	3.50	3.44	3.47	1884310	8474172.00
20130419	3.48	3.59	3.46	3.58	5729771	26262744.00
20130422	3.55	3.60	3.54	3.59	3363453	15504782.00
20130423	3.56	3.56	3.42	3.45	7466052	33730120.00
20130424	3.45	3.49	3.40	3.47	4892522	21867068.00
20130425	3.47	3.47	3.40	3.42	2903914	12948971.00
20130426	3.41	3.44	3.34	3.37	4121481	18226040.00
20130502	3.37	3.43	3.36	3.39	2316686	10228145.00
20130503	3.40	3.47	3.40	3.42	3390744	15167213.00
20130506	3.44	3.49	3.43	3.47	3894504	17480514.00
20130507	3.44	3.49	3.44	3.48	2571933	11574010.00
20130508	3.49	3.55	3.49	3.54	4953218	22566352.00
20130509	3.53	3.53	3.47	3.49	3697505	16744149.00
20130510	3.50	3.53	3.48	3.51	2332502	10585192.00
20130513	3.52	3.56	3.51	3.56	3719842	17005712.00
20130514	3.52	3.55	3.42	3.47	2959657	13348419.00
20130515	3.48	3.49	3.40	3.44	3653013	16299767.00
20130516	3.42	3.48	3.39	3.47	5259323	23488628.00
20130517	3.47	3.53	3.44	3.52	6541951	29664480.00
20130520	3.52	3.61	3.51	3.59	10944572	50279248.00
20130521	3.60	3.69	3.55	3.68	11975848	55792888.00
20130522	3.67	3.69	3.60	3.62	9578031	44760744.00
20130523	3.62	3.62	3.54	3.56	7228319	33206684.00
20130524	3.55	3.59	3.52	3.57	3999410	18322718.00
20130527	3.57	3.57	3.50	3.55	3979299	18171148.00
20130528	3.55	3.68	3.51	3.67	8222586	38157272.00
20130529	3.65	3.67	3.63	3.65	5768344	27006484.00
20130530	3.65	3.68	3.62	3.65	4802261	22462162.00
20130531	3.64	3.69	3.62	3.64	4308175	20178728.00
20130603	3.64	3.67	3.61	3.62	5521846	25812786.00
20130604	3.62	3.64	3.56	3.58	3758644	17325972.00
20130605	3.58	3.60	3.56	3.58	2250149	10362512.00
20130606	3.55	3.57	3.52	3.54	2263534	10348581.00
20130607	3.54	3.60	3.44	3.47	3087301	14027222.00
20130613	3.44	3.44	3.14	3.21	5452004	23202152.00
20130614	3.23	3.23	3.17	3.21	3446240	14571357.00
20130617	3.29	3.29	3.17	3.20	4008304	17023990.00
20130618	3.19	3.23	3.18	3.20	2804499	11876307.00
20130619	3.20	3.20	3.14	3.18	2166224	9078234.00
20130620	3.16	3.19	2.98	3.01	2916325	12068555.00
20130621	2.99	3.14	2.98	3.13	3743913	15330674.00
20130624	3.12	3.12	2.99	3.07	4311571	17575584.00
20130625	3.04	3.10	2.87	3.08	4787242	19253672.00
20130626	3.08	3.11	3.03	3.07	1552243	6344959.00
20130627	3.09	3.14	3.04	3.09	5782950	23781930.00
20130628	3.08	3.16	3.04	3.09	4349672	17960024.00
20130701	3.07	3.14	3.06	3.11	2282439	9425627.00
20130702	3.11	3.12	3.04	3.09	2996449	12264122.00
20130703	3.07	3.08	2.96	3.01	4120050	16575919.00
20130704	3.01	3.05	2.95	3.03	3567160	14407265.00
20130705	3.04	3.06	3.01	3.04	2226917	9047895.00
20130708	3.00	3.00	2.88	2.92	2740076	10884460.00
20130709	2.92	3.04	2.91	3.04	3642241	14623452.00
20130710	3.06	3.09	2.99	3.09	5072644	20655648.00
20130711	3.09	3.23	3.07	3.21	8822321	36921072.00
20130712	3.21	3.23	3.13	3.18	6706180	28274188.00
20130715	3.20	3.23	3.16	3.20	4199350	17743326.00
20130716	3.18	3.22	3.17	3.22	3774890	15971925.00
20130717	3.26	3.26	3.15	3.16	3119308	12699570.00
20130718	3.15	3.18	3.13	3.14	2273827	9172193.00
20130719	3.15	3.18	3.07	3.08	3233000	12929229.00
20130722	3.08	3.12	3.05	3.11	1737204	6904156.00
20130723	3.12	3.19	3.11	3.19	2746727	11116374.00
20130724	3.18	3.18	3.12	3.14	1853362	7468310.00
20130725	3.16	3.17	3.12	3.13	1937659	7788754.00
20130726	3.12	3.16	3.12	3.14	1757340	7062065.00
20130729	3.12	3.14	3.02	3.04	4775090	18818304.00
20130730	3.04	3.10	3.02	3.07	2488637	9809237.00
20130731	3.08	3.15	3.07	3.12	3429024	13703257.00
20130801	3.13	3.17	3.10	3.17	2584238	10401469.00
20130802	3.18	3.19	3.13	3.15	3224339	13002353.00
20130805	3.15	3.17	3.13	3.17	2351338	9478657.00
20130806	3.15	3.25	3.13	3.25	7295758	29731642.00
20130807	3.22	3.22	3.17	3.18	5422297	22122592.00
20130808	3.18	3.20	3.16	3.18	2908182	11798543.00
20130809	3.19	3.20	3.15	3.18	2714872	11014467.00
20130812	3.19	3.26	3.19	3.26	7225933	29671954.00
20130813	3.26	3.29	3.24	3.25	5431817	22479024.00
20130814	3.25	3.27	3.23	3.25	4236666	17495472.00
20130815	3.25	3.27	3.23	3.23	3850236	15914766.00
20130816	3.22	3.32	3.18	3.20	5287491	21787244.00
20130819	3.17	3.20	3.14	3.20	4234054	17144016.00
20130820	3.19	3.22	3.15	3.15	3309560	13433341.00
20130821	3.16	3.18	3.14	3.18	2234899	9024923.00
20130822	3.17	3.17	3.15	3.17	2628068	10612117.00
20130823	3.19	3.20	3.10	3.15	5668781	22891860.00
20130826	3.15	3.24	3.12	3.24	9333134	38106844.00
20130827	3.23	3.41	3.22	3.36	14567298	61265428.00
20130828	3.35	3.49	3.25	3.43	20697419	88636680.00
20130829	3.44	3.47	3.33	3.36	8538988	36314484.00
20130830	3.36	3.65	3.36	3.51	20938729	92089080.00
20130902	3.53	3.60	3.39	3.43	11485542	49783620.00
20130903	3.41	3.44	3.37	3.40	6888127	29495620.00
20130904	3.40	3.46	3.37	3.40	7391085	31659874.00
20130905	3.40	3.42	3.32	3.33	5908623	24973450.00
20130906	3.35	3.42	3.32	3.41	6729632	28724068.00
20130909	3.44	3.52	3.39	3.43	16127939	69942096.00
20130910	3.46	3.68	3.45	3.62	30705278	137370496.00
20130911	3.70	3.71	3.51	3.54	30897780	138038688.00
20130912	3.55	3.60	3.51	3.58	19591555	86923432.00
20130913	3.57	3.59	3.48	3.51	13295904	58498360.00
20130916	3.53	3.54	3.44	3.46	8866313	38562856.00
20130917	3.46	3.46	3.36	3.37	7384597	31568334.00
20130918	3.37	3.44	3.36	3.43	4684305	20068818.00
20130923	3.43	3.49	3.39	3.48	8689174	37642212.00
20130924	3.47	3.54	3.42	3.49	10337020	45067656.00
20130925	3.48	3.51	3.40	3.43	9895779	42882760.00
20130926	3.41	3.41	3.30	3.33	8176242	34526716.00
20130927	3.34	3.39	3.27	3.38	3707252	15681020.00
20130930	3.39	3.45	3.36	3.43	5491409	23587640.00
20131008	3.43	3.47	3.36	3.46	5983756	25763566.00
20131009	3.44	3.46	3.39	3.45	5346988	22966942.00
20131010	3.48	3.50	3.41	3.43	7841655	33941268.00
20131011	3.45	3.53	3.41	3.51	10740272	46879984.00
20131014	3.51	3.58	3.49	3.57	20416992	90442264.00
20131015	3.73	4.02	3.70	4.02	48642317	233937088.00
20131016	4.14	4.51	4.13	4.51	106462573	565944640.00
20131017	4.51	4.54	4.24	4.38	50069252	263090432.00
20131018	4.31	4.35	4.10	4.23	37141931	188487296.00
20131021	4.28	4.74	4.24	4.74	92320336	496781024.00
20131022	4.87	5.17	4.62	4.70	78223430	451761440.00
20131023	4.63	4.96	4.40	4.91	54043239	299622336.00
20131024	4.86	5.32	4.86	5.24	63652877	385243808.00
20131025	5.13	5.22	4.81	4.91	40117034	236715648.00
20131028	4.88	5.30	4.69	4.86	29589336	172979232.00
20131029	4.82	5.22	4.62	5.03	37656168	218356160.00
20131030	4.97	5.22	4.80	5.09	35792519	213361136.00
20131031	4.94	4.97	4.49	4.52	42637073	237007056.00
20131101	4.54	4.60	4.41	4.55	16308299	87927504.00
20131104	4.58	4.68	4.54	4.57	10940405	59950608.00
20131105	4.57	4.78	4.50	4.76	23829087	133073816.00
20131106	4.75	4.76	4.50	4.61	29430586	162008464.00
20131107	4.56	4.56	4.42	4.46	18843568	100995592.00
20131108	4.45	4.45	4.25	4.30	17036113	88549568.00
20131111	4.27	4.43	4.25	4.29	13152568	68574024.00
20131112	4.33	4.35	4.21	4.29	11309969	58368304.00
20131113	4.29	4.30	4.16	4.18	10900499	55570692.00
20131114	4.18	4.25	4.07	4.21	17233730	86748760.00
20131115	4.28	4.61	4.25	4.38	34654614	183657536.00
20131118	4.38	4.58	4.34	4.54	22620456	120671856.00
20131119	4.48	4.57	4.39	4.52	17840983	95888680.00
20131120	4.51	4.52	4.36	4.43	13172013	69683576.00
20131121	4.43	4.43	4.25	4.34	11829381	61299360.00
20131122	4.31	4.34	4.24	4.33	8691292	44957864.00
20131125	4.32	4.32	4.24	4.26	6985078	35945508.00
20131126	4.26	4.31	4.24	4.28	6621650	34147944.00
20131127	4.28	4.44	4.25	4.37	14068654	74074352.00
20131128	4.38	4.45	4.32	4.39	11231646	59209680.00
20131129	4.41	4.55	4.41	4.47	13408562	71977432.00
20131202	4.49	4.77	4.43	4.61	33451925	183940848.00
20131203	4.62	4.81	4.57	4.77	26267813	147394096.00
20131204	4.77	4.83	4.62	4.76	22938280	129276584.00
20131205	4.72	4.79	4.68	4.70	13168936	73893824.00
20131206	4.72	4.72	4.58	4.68	7644020	42340096.00
20131209	4.69	4.73	4.61	4.63	7729173	42695344.00
20131210	4.63	4.78	4.63	4.67	11185397	62582624.00
20131211	4.66	4.66	4.44	4.48	9173800	49490396.00
20131212	4.45	4.50	4.35	4.39	9055615	47925676.00
20131213	4.39	4.49	4.32	4.47	9278453	49144744.00
20131216	4.44	4.46	4.28	4.34	8154571	42612412.00
20131217	4.34	4.36	4.21	4.22	7318168	37869420.00
20131218	4.22	4.30	4.19	4.30	4889467	25052180.00
20131219	4.30	4.33	4.21	4.22	4091773	21049460.00
20131220	4.22	4.29	4.04	4.08	8117209	40551984.00
20131223	4.09	4.11	3.95	3.99	4894798	23920184.00
20131224	4.00	4.10	4.00	4.04	4057016	19993656.00
20131225	4.05	4.09	3.95	4.00	6620943	32290380.00
20131226	4.01	4.02	3.92	3.96	4559562	22086952.00
20131227	3.95	3.98	3.86	3.97	13968853	66922052.00
20131230	3.99	4.00	3.85	3.88	11745837	56050288.00
20131231	3.87	3.88	3.74	3.76	21005158	98026992.00
20140102	3.78	3.81	3.70	3.75	12947426	59929872.00
20140103	3.74	3.83	3.73	3.77	13378278	62419944.00
20140106	3.78	3.81	3.72	3.74	8479194	39298880.00
20140107	3.74	3.81	3.65	3.78	8562172	39787288.00
20140108	3.78	3.80	3.69	3.73	5307706	24481244.00
20140109	3.73	3.78	3.64	3.68	7061797	32645016.00
20140110	3.68	3.68	3.55	3.56	6095001	27247432.00
20140113	3.59	3.60	3.47	3.54	5554461	24480260.00
20140114	3.53	3.62	3.51	3.61	10818369	47893028.00
20140115	3.62	3.63	3.53	3.62	8104244	36117500.00
20140116	3.61	3.86	3.61	3.78	13271137	61731244.00
20140117	3.75	3.76	3.62	3.64	7051669	32178612.00
20140120	3.63	3.67	3.42	3.54	8356439	36881244.00
20140121	3.51	3.58	3.50	3.53	9869922	43573416.00
20140122	3.55	3.71	3.50	3.71	17478549	78400624.00
20140123	3.70	3.98	3.70	3.82	28602970	136013280.00
20140124	3.77	3.87	3.75	3.82	14880157	69981840.00
20140127	3.80	3.86	3.59	3.60	27889030	127445936.00
20140128	3.62	3.67	3.57	3.63	11143957	50100124.00
20140129	3.62	3.67	3.59	3.62	7676148	34602624.00
20140130	3.62	3.63	3.55	3.59	5134213	22889364.00
20140207	3.58	3.62	3.52	3.61	5195454	23151040.00
20140210	3.61	3.74	3.59	3.73	24542459	112417752.00
20140211	3.73	3.78	3.67	3.73	27100344	124463088.00
20140212	3.74	3.82	3.71	3.81	23178676	107429744.00
20140213	3.79	3.81	3.73	3.73	18544410	86091720.00
20140214	3.74	3.82	3.72	3.82	15646430	72868016.00
20140217	3.83	3.87	3.79	3.85	17701853	83374992.00
20140218	3.86	3.87	3.72	3.78	24862839	115707672.00
20140219	3.77	3.85	3.74	3.80	20212266	94414424.00
20140220	3.81	4.02	3.80	3.94	52064770	250069184.00
20140221	4.02	4.02	3.76	3.80	28356910	134281968.00
20140224	3.70	3.75	3.57	3.61	22320116	100771816.00
20140225	3.62	3.70	3.48	3.51	16071054	71982384.00
20140226	3.52	3.55	3.45	3.54	8900493	39010648.00
20140227	3.54	3.98	3.51	3.86	40142288	188658928.00
20140228	3.77	3.97	3.76	3.91	37249932	177186208.00
20140303	3.89	4.17	3.84	4.02	44340911	217131200.00
20140304	4.00	4.07	3.87	4.06	25613242	123553552.00
20140305	4.09	4.23	3.95	4.04	40224661	200707488.00
20140306	4.00	4.04	3.89	3.93	22617023	109086608.00
20140307	3.93	4.00	3.89	3.96	17386321	83931744.00
20140310	3.90	3.94	3.59	3.61	22633839	104889936.00
20140311	3.59	3.71	3.54	3.70	14305507	64467268.00
20140312	3.67	3.71	3.57	3.68	11029818	49937148.00
20140313	3.94	4.10	3.84	3.93	34771406	167095744.00
20140314	3.84	3.91	3.77	3.84	20998415	99132944.00
20140317	3.84	3.88	3.77	3.88	10860905	51310104.00
20140318	3.89	4.10	3.81	3.98	29772452	144037360.00
20140319	3.94	4.02	3.89	3.96	19860809	96077664.00
20140320	3.92	3.95	3.79	3.79	19482065	92289312.00
20140321	3.77	3.97	3.73	3.96	19157053	91146232.00
20140324	4.00	4.05	3.92	3.98	23331103	113454848.00
20140325	3.99	4.25	3.97	4.13	46671123	234361728.00
20140326	4.11	4.11	4.01	4.05	20618192	101620944.00
20140327	4.04	4.14	3.97	3.98	22484803	111409104.00
20140328	3.98	4.08	3.95	3.98	14008160	68628112.00
20140331	3.99	4.02	3.88	3.93	12918968	62345972.00
20140401	3.91	3.97	3.90	3.94	9082944	43711520.00
20140402	3.95	3.97	3.92	3.95	10817923	52173532.00
20140403	3.95	3.99	3.88	3.90	9728469	46817104.00
20140404	3.88	3.92	3.84	3.91	12510778	59501368.00
20140408	3.88	4.01	3.86	4.01	16161666	78279920.00
20140409	4.01	4.04	3.97	4.01	11507707	56187548.00
20140410	4.01	4.07	3.98	4.04	17756887	87092160.00
20140411	4.03	4.06	4.00	4.04	13816141	67815064.00
20140414	4.04	4.07	3.99	4.03	9681182	47461084.00
20140415	4.02	4.02	3.94	3.95	11075390	53762504.00
20140416	3.93	3.96	3.90	3.93	7727962	37191984.00
20140417	3.92	3.96	3.91	3.95	6495907	31263372.00
20140418	3.94	3.96	3.91	3.94	5392730	25968080.00
20140421	3.91	3.94	3.84	3.91	7933470	37889320.00
20140422	3.88	3.90	3.80	3.88	6513957	30832532.00
20140423	3.88	3.91	3.82	3.87	5155321	24474154.00
20140424	3.86	3.87	3.79	3.80	5195271	24445480.00
20140425	3.78	3.80	3.64	3.64	8932968	41050576.00
20140428	3.64	3.67	3.51	3.53	8479863	37699280.00
20140429	3.50	3.62	3.49	3.60	6783813	30118988.00
20140430	3.60	3.60	3.54	3.56	5668104	25254320.00
20140505	3.60	3.60	3.51	3.58	5892798	26096712.00
20140506	3.59	3.63	3.56	3.58	7120988	31814724.00
20140507	3.58	3.58	3.49	3.52	6397513	28214836.00
20140508	3.52	3.57	3.49	3.52	5629967	24836336.00
20140509	3.52	3.52	3.47	3.50	4876076	21308932.00
20140512	3.53	3.62	3.51	3.61	11123012	49549840.00
20140513	3.60	3.61	3.57	3.59	4846809	21644930.00
20140514	3.59	3.60	3.54	3.55	6737300	29926624.00
20140515	3.55	3.56	3.45	3.47	8885069	38846360.00
20140516	3.46	3.48	3.44	3.47	5230664	22706084.00
20140519	3.47	3.47	3.38	3.42	7072393	30366892.00
20140520	3.42	3.45	3.41	3.43	3614471	15587680.00
20140521	3.42	3.45	3.38	3.45	3353793	14438649.00
20140522	3.45	3.48	3.42	3.43	5539051	23988056.00
20140523	3.43	3.47	3.41	3.46	4042778	17458792.00
20140526	3.46	3.50	3.45	3.48	4962769	21622122.00
20140527	3.48	3.49	3.45	3.45	3206097	13941863.00
20140528	3.47	3.51	3.43	3.50	5483153	23871070.00
20140529	3.49	3.50	3.42	3.44	7465417	32317676.00
20140530	3.45	3.47	3.43	3.45	3598854	15571645.00
20140603	3.44	3.47	3.44	3.44	2922585	12675512.00
20140604	3.45	3.46	3.40	3.42	2695209	11599427.00
20140605	3.42	3.51	3.41	3.47	4328826	18787144.00
20140606	3.45	3.47	3.44	3.46	3267782	14144628.00
20140609	3.45	3.46	3.42	3.43	2902454	12547706.00
20140610	3.44	3.46	3.41	3.45	3467944	14972242.00
20140611	3.45	3.47	3.44	3.47	3956546	17169172.00
20140612	3.48	3.57	3.46	3.56	15062377	66383108.00
20140613	3.55	3.57	3.52	3.56	5596488	24777008.00
20140616	3.56	3.57	3.52	3.55	6354791	28065152.00
20140617	3.55	3.56	3.49	3.50	4696631	20636756.00
20140618	3.50	3.51	3.48	3.49	4252634	18591500.00
20140619	3.49	3.52	3.37	3.40	6851182	29657580.00
20140620	3.40	3.44	3.38	3.42	2754048	11839251.00
20140623	3.43	3.45	3.39	3.41	4167027	17896112.00
20140624	3.41	3.43	3.39	3.42	2878797	12341845.00
20140625	3.42	3.42	3.38	3.40	3988173	17049860.00
20140626	3.40	3.44	3.40	3.44	4500226	19375264.00
20140627	3.44	3.48	3.42	3.46	6068448	26306244.00
20140630	3.46	3.49	3.46	3.49	4683000	20402294.00
20140701	3.49	3.50	3.46	3.47	4606538	20069106.00
20140702	3.48	3.49	3.45	3.49	4433566	19291144.00
20140703	3.48	3.52	3.47	3.52	7316465	32093876.00
20140704	3.52	3.53	3.48	3.51	5465255	23977222.00
20140707	3.51	3.56	3.49	3.51	8924676	39371004.00
20140708	3.53	3.57	3.48	3.57	10456422	46189204.00
20140709	3.55	3.56	3.49	3.50	6555848	28887108.00
20140710	3.50	3.68	3.47	3.57	18938229	84457296.00
20140711	3.56	3.63	3.54	3.61	11537003	51707472.00
20140714	3.61	3.64	3.60	3.63	7797683	35091988.00
20140715	3.64	3.65	3.60	3.64	6769932	30477168.00
20140716	3.63	3.79	3.63	3.77	22623951	104142664.00
20140717	3.78	3.79	3.67	3.71	12762338	58501736.00
20140718	3.79	3.88	3.72	3.75	16528349	77007808.00
20140721	3.72	3.79	3.67	3.68	8204210	37678608.00
20140722	3.69	3.75	3.67	3.71	8206553	37728144.00
20140723	3.73	3.75	3.69	3.71	8744447	40257440.00
20140724	3.71	3.73	3.67	3.71	16251109	74349808.00
20140725	3.70	3.78	3.69	3.77	11214529	51822768.00
20140728	3.80	3.94	3.79	3.93	23630373	112113912.00
20140729	3.95	3.96	3.90	3.92	17937831	86068464.00
20140730	3.95	3.95	3.88	3.90	12703969	58320368.00
20140731	3.90	3.93	3.89	3.93	8653211	39712160.00
20140801	3.92	4.00	3.86	3.88	18308778	84527576.00
20140804	3.89	3.97	3.88	3.96	11973617	55152772.00
20140805	3.95	3.99	3.92	3.99	15233150	70508784.00
20140806	3.98	4.00	3.95	3.99	16745338	77817016.00
20140807	3.98	4.00	3.89	3.90	16703898	77228648.00
20140808	3.90	3.92	3.87	3.90	9897361	45260008.00
20140811	3.90	3.94	3.88	3.94	11601406	53300980.00
20140812	3.93	3.93	3.88	3.92	10501530	48130244.00
20140813	3.91	3.95	3.88	3.94	17230056	79229808.00
20140814	3.93	3.93	3.87	3.88	12753138	58411568.00
20140815	3.87	3.93	3.87	3.91	9363416	42929612.00
20140818	3.91	3.95	3.91	3.94	15790428	72734720.00
20140819	3.94	4.00	3.93	4.00	20321839	94218456.00
20140820	3.99	4.02	3.96	4.00	14557100	67933536.00
20140821	4.00	4.01	3.91	3.94	13143766	60785876.00
20140822	3.95	4.07	3.92	4.02	20098664	93960768.00
20140825	4.02	4.04	3.95	3.99	17541000	82083048.00
20140826	3.98	4.03	3.90	3.94	16988642	79168136.00
20140827	3.93	3.95	3.88	3.90	10646993	48879056.00
20140828	3.96	4.01	3.91	3.93	14919478	69224320.00
20140829	3.91	3.96	3.90	3.96	7206052	33215158.00
20140901	3.96	3.99	3.94	3.98	11105395	51607184.00
20140902	3.99	4.02	3.97	4.02	16839642	78836272.00
20140903	4.02	4.10	4.00	4.06	29882196	141437408.00
20140904	4.07	4.09	4.04	4.08	18207891	86446584.00
20140905	4.09	4.12	4.05	4.11	21980148	104709264.00
20140909	4.11	4.15	4.09	4.12	18566219	89038768.00
20140910	4.10	4.12	4.05	4.10	17972967	85674760.00
20140911	4.08	4.17	4.05	4.12	21525156	103420040.00
20140912	4.12	4.31	4.09	4.25	35705981	175204976.00
20140915	4.23	4.30	4.20	4.26	22068570	108578952.00
20140916	4.26	4.37	4.11	4.15	37023117	183535792.00
20140917	4.16	4.19	4.10	4.19	19106838	92392536.00
20140918	4.18	4.23	4.14	4.21	16468998	80320080.00
20140919	4.21	4.23	4.16	4.22	13366990	65231336.00
20140922	4.22	4.24	4.14	4.15	15576353	75871816.00
20140923	4.14	4.21	4.14	4.20	11458624	55665592.00
20140924	4.18	4.28	4.16	4.28	19454887	95724016.00
20140925	4.28	4.41	4.28	4.32	32989976	166011008.00
20140926	4.31	4.44	4.31	4.37	23023032	116743288.00
20140929	4.38	4.45	4.37	4.40	16342229	82985168.00
20140930	4.40	4.42	4.35	4.39	14772056	74718552.00
20141008	4.41	4.42	4.36	4.41	15232021	77311960.00
20141009	4.41	4.46	4.40	4.46	21659606	110792592.00
20141010	4.45	4.50	4.38	4.49	22584257	115337720.00
20141013	4.49	4.49	4.40	4.46	15709243	80457824.00
20141014	4.46	4.48	4.37	4.39	15670045	79941104.00
20141015	4.39	4.44	4.38	4.42	15754358	80141472.00
20141016	4.40	4.46	4.36	4.40	17794166	90813200.00
20141017	4.41	4.41	4.26	4.28	15953469	79806560.00
20141020	4.30	4.35	4.28	4.34	9892007	49425272.00
20141021	4.34	4.60	4.32	4.54	45501589	236845504.00
20141022	4.53	4.53	4.36	4.38	22121550	113414440.00
20141023	4.38	4.38	4.20	4.23	18491297	91671424.00
20141024	4.25	4.28	4.23	4.25	7882515	38891824.00
20141027	4.24	4.29	4.20	4.24	8969566	44215488.00
20141028	4.24	4.43	4.23	4.40	14841972	74615048.00
20141029	4.41	4.55	4.41	4.49	26671561	137558928.00
20141030	4.42	4.82	4.37	4.66	63191579	333064320.00
20141031	4.63	4.78	4.54	4.66	44276527	236512640.00
20141103	4.70	4.72	4.60	4.64	28011172	149433072.00
20141104	4.64	4.74	4.54	4.71	38185161	204122832.00
20141105	4.79	4.96	4.65	4.68	53676478	294642400.00
20141106	4.75	4.92	4.73	4.83	44072125	242537488.00
20141107	4.97	5.38	4.93	5.38	80916516	482182496.00
20141110	5.22	5.68	5.14	5.61	123323308	748534976.00
20141111	5.52	5.58	5.28	5.41	78726972	482103936.00
20141112	5.42	6.02	5.39	6.02	122527107	799534016.00
20141113	5.92	6.47	5.80	5.82	103899055	705062528.00
20141114	5.89	6.05	5.59	5.90	55635518	361786272.00
20141117	5.82	5.98	5.63	5.82	44158302	286887008.00
20141118	5.82	5.82	5.62	5.74	34287543	219271984.00
20141119	5.71	6.38	5.68	6.30	84517035	574980928.00
20141120	6.10	6.83	6.07	6.38	83227572	593120832.00
20141121	6.43	6.59	6.22	6.47	37255204	263583264.00
20141124	6.51	6.65	6.31	6.49	45489971	326369792.00
20141125	6.42	6.87	6.36	6.80	54509989	400865888.00
20141126	6.80	7.05	6.61	6.75	43987566	329328320.00
20141127	6.76	6.76	6.47	6.58	42567514	307657216.00
20141128	6.46	6.73	6.42	6.53	28670770	207419664.00
20141201	6.52	6.52	6.17	6.18	48206386	335768800.00
20141202	6.20	6.32	6.11	6.25	57881559	397696224.00
20141203	6.22	6.37	6.09	6.32	54074946	374021728.00
20141205	6.74	6.74	6.17	6.42	73548636	529650368.00
20141208	6.37	6.73	6.22	6.72	71334906	514786496.00
20141209	6.62	7.44	6.57	6.81	112549348	870364352.00
20141210	6.83	7.18	6.53	7.11	70869138	541541184.00
20141211	7.32	7.45	7.11	7.18	49962334	396113312.00
20141212	7.17	7.21	6.83	6.99	39432826	301797792.00
20141215	6.99	7.10	6.69	7.02	31765938	241126464.00
20141216	7.01	7.09	6.87	7.02	28434675	217174048.00
20141217	6.97	7.00	6.77	6.90	30520125	230697888.00
20141218	6.97	7.01	6.78	6.89	31581000	239055840.00
20141219	6.86	7.48	6.68	7.13	64378402	497230016.00
20141222	7.11	7.76	7.09	7.61	107240905	879067968.00
20141223	7.58	7.58	6.78	6.88	53552393	417114848.00
20141224	6.83	7.07	6.52	6.71	40761731	304699808.00
20141225	6.70	6.91	6.57	6.87	26495263	196620656.00
20141226	6.97	7.34	6.97	7.10	55102018	429026720.00
20141229	7.08	7.32	6.95	7.04	43764523	342042400.00
20141230	7.12	7.17	6.66	6.72	31449330	235834192.00
20141231	6.77	7.22	6.72	7.13	54586898	419409568.00
20150105	7.18	7.59	7.12	7.53	81524854	660740224.00
20150106	7.54	7.54	7.22	7.41	40859376	327889312.00
20150107	7.40	8.22	7.25	8.22	104426645	896104000.00
20150108	8.12	8.62	7.78	8.04	101125300	897617856.00
20150109	7.87	8.36	7.76	7.82	56065399	485507584.00
20150112	7.77	7.77	7.39	7.49	35349977	290136224.00
20150113	7.49	7.77	7.47	7.57	24474557	202275728.00
20150114	7.56	7.63	7.24	7.35	29866666	241324848.00
20150115	7.40	7.52	7.32	7.50	21241200	172346960.00
20150116	7.67	7.95	7.51	7.71	52916500	443363968.00
20150119	7.32	7.70	6.92	7.24	41384426	334388512.00
20150120	7.22	7.43	7.22	7.36	26196813	210111632.00
20150121	7.37	7.77	7.31	7.72	32124887	264733744.00
20150122	7.72	7.87	7.56	7.82	32834300	274797248.00
20150123	7.82	8.37	7.78	8.23	80417416	709420800.00
20150126	8.32	9.12	8.23	9.12	100184131	952441408.00
20150127	9.13	9.30	8.75	9.28	70042918	681254464.00
20150128	9.20	10.28	9.04	9.95	95227840	1001214528.00
20150129	10.22	11.01	10.00	11.01	83640624	955826496.00
20150130	11.59	12.18	11.21	11.30	186764049	2324036096.00
20150202	10.33	11.05	10.10	10.54	119758449	1332047104.00
20150203	10.62	11.54	10.62	11.05	113948372	1336240384.00
20150204	11.82	12.22	11.63	12.22	158725440	2020263168.00
20150205	12.32	13.51	11.73	13.17	181398259	2458296576.00
20150206	12.72	13.25	11.82	11.98	123718486	1616203008.00
20150209	11.36	11.62	10.71	10.78	108637917	1265196672.00
20150210	10.70	11.44	10.68	11.30	89086463	1040842240.00
20150211	11.14	11.27	10.83	10.97	78202333	910439616.00
20150212	10.86	11.12	10.64	10.95	72381287	836597120.00
20150213	11.00	11.90	10.86	11.55	111469235	1333730304.00
20150216	11.82	12.18	11.54	11.73	98438938	1230471936.00
20150217	11.55	11.72	11.40	11.52	50228622	612249152.00
20150225	11.52	11.89	11.09	11.74	57323688	700816832.00
20150226	11.58	11.78	11.43	11.74	50766956	625731072.00
20150227	11.75	12.52	11.75	12.26	90080923	1162294656.00
20150302	12.31	12.61	11.93	12.50	80656874	1045665472.00
20150303	12.44	12.91	12.12	12.27	78573498	1030169344.00
20150304	12.17	12.49	12.03	12.24	57236713	738512384.00
20150305	12.11	12.23	11.68	11.81	51510004	647527360.00
20150306	11.83	12.16	11.68	11.75	39599196	499412960.00
20150309	11.77	11.92	11.23	11.80	34688950	427338336.00
20150310	11.81	12.01	11.57	11.79	35183412	438675168.00
20150311	11.78	11.85	11.46	11.67	35117139	432642656.00
20150312	11.80	11.87	11.52	11.61	34577924	426103872.00
20150313	11.64	11.71	11.46	11.65	34741921	426191904.00
20150316	11.65	12.01	11.59	11.87	57639140	721841088.00
20150317	11.91	12.28	11.78	12.19	73596437	938368256.00
20150318	12.24	12.32	12.02	12.21	63826070	818798976.00
20150319	12.21	13.50	12.03	13.50	166127752	2287742464.00
20150320	13.76	14.31	13.50	14.28	158633378	2316128256.00
20150323	14.70	15.78	13.84	15.77	143435138	2192615936.00
20150324	15.62	17.07	14.92	16.48	181688796	3097878784.00
20150325	16.12	16.37	15.72	15.79	99788409	1658470784.00
20150326	15.83	16.16	15.02	15.29	90167291	1471682688.00
20150327	15.32	15.69	15.02	15.35	55198290	887176704.00
20150330	15.47	16.42	15.32	16.14	85178665	1422106496.00
20150331	16.12	16.13	15.44	15.56	68120887	1112479360.00
20150401	15.55	15.88	15.37	15.71	49961622	815718208.00
20150402	15.66	15.94	15.43	15.68	57874072	945671552.00
20150403	15.63	15.79	15.33	15.60	52431142	851230016.00
20150407	15.64	16.61	15.52	16.16	93995166	1580550656.00
20150408	16.21	16.40	15.53	15.90	64322191	1066757056.00
20150409	15.90	16.11	14.91	15.56	60305040	972897344.00
20150410	15.53	15.88	15.18	15.72	49283250	806664832.00
20150413	15.72	16.32	15.49	16.31	92388979	1534742656.00
20150414	16.30	18.01	16.00	18.01	136333977	2447883264.00
20150415	18.49	19.01	17.81	18.00	128355024	2453481216.00
20150416	17.82	19.87	16.92	19.87	135962803	2694383616.00
20150417	20.82	21.92	19.83	19.89	181508337	3899096832.00
20150420	19.32	20.94	18.52	19.27	122961977	2511027968.00
20150421	18.98	19.72	18.35	19.42	78627120	1539345536.00
20150422	19.47	20.41	19.47	19.83	78702500	1622769280.00
20150423	19.83	19.94	19.13	19.27	73061920	1462272512.00
20150424	19.28	19.81	18.92	19.40	60834004	1218247424.00
20150427	19.82	21.41	19.34	21.41	109968692	2325560576.00
20150428	22.32	23.57	21.52	22.88	160340690	3734817024.00
20150429	22.22	24.82	21.12	23.35	123917424	2921112576.00
20150430	23.25	25.75	22.67	25.75	128043475	3278783232.00
20150504	25.52	28.39	24.69	28.39	146492627	4119615232.00
20150505	28.92	29.26	25.48	25.48	140644316	3825581568.00
20150506	24.39	27.21	23.19	24.95	135478045	3492677632.00
20150507	23.52	24.62	22.39	22.39	80783505	1932929664.00
20150508	22.88	23.19	22.00	23.12	76458612	1791235200.00
20150511	23.32	25.31	23.32	24.83	87554683	2208288000.00
20150512	25.16	27.38	25.16	27.38	90605554	2467547904.00
20150513	28.46	28.82	26.20	26.35	129509611	3643069952.00
20150514	26.32	29.05	25.77	29.05	125230977	3611344384.00
20150515	29.01	32.02	28.02	31.60	158440596	4797417472.00
20150518	30.23	32.96	29.82	31.05	124904534	4046251008.00
20150519	31.04	31.82	30.09	30.92	75218709	2374696192.00
20150520	30.93	32.76	30.52	31.28	75957327	2448059136.00
20150521	31.43	31.92	29.74	31.61	93869284	2956888832.00
20150522	31.72	32.20	30.93	31.59	80725914	2602714112.00
20150525	31.62	33.18	31.62	32.31	109703130	3610955008.00
20150526	32.32	34.62	31.72	33.22	113718094	3830181632.00
20150527	32.32	34.15	31.67	32.41	95069556	3165374464.00
20150528	32.37	32.82	29.10	29.10	96817304	3074519808.00
20150529	28.77	29.68	26.23	27.96	74994052	2159698688.00
20150601	30.31	30.82	27.96	30.82	80418619	2509150464.00
20150602	33.12	33.82	31.20	32.25	116374966	3873406464.00
20150603	31.32	31.77	30.15	31.00	81704811	2574206464.00
20150604	30.13	30.84	27.92	30.20	62927628	1906889216.00
20150605	31.20	31.75	29.32	30.41	60145457	1883922560.00
20150608	30.35	30.36	29.32	29.82	50940722	1552448512.00
20150609	30.02	32.32	30.02	31.83	88159872	2791729920.00
20150610	30.62	30.80	29.87	30.11	57318377	1774033664.00
20150611	29.92	29.92	28.32	28.98	69235664	2052348032.00
20150612	29.01	29.64	28.32	28.65	58877597	1734595072.00
20150615	28.62	29.81	26.82	28.38	99370780	2860973568.00
20150616	27.91	28.83	27.02	27.33	44670398	1276337536.00
20150617	27.12	27.82	25.34	27.56	63477453	1732598528.00
20150618	27.32	27.46	25.73	25.77	45170205	1233916416.00
20150619	25.47	25.50	23.13	23.13	49507071	1241466880.00
20150623	22.92	22.97	20.75	22.55	57314955	1282886272.00
20150624	22.67	24.82	22.63	24.72	89132371	2205982720.00
20150625	24.71	25.81	23.30	24.03	81636241	2090352128.00
20150626	23.32	23.38	21.56	21.56	42564801	979342464.00
20150629	22.02	23.15	19.34	19.34	63916039	1347128064.00
20150630	18.82	20.65	17.34	20.42	75707644	1488039040.00
20150701	20.32	21.17	18.31	18.32	65350496	1348499712.00
20150702	18.51	18.77	16.42	16.42	53861615	953716352.00
20150703	14.83	16.40	14.71	14.71	56722657	888736128.00
20150706	16.25	16.25	13.17	16.25	158773781	2520549376.00
20150707	16.12	17.77	15.05	16.62	123153488	2154246656.00
20150708	14.89	16.00	14.89	14.91	100723325	1575865344.00
20150709	14.91	16.47	14.91	16.47	92108195	1529121792.00
20150710	16.97	18.19	16.83	18.19	61774110	1145095296.00
20150713	19.52	20.08	18.70	20.08	87225402	1756550400.00
20150714	20.08	21.70	19.23	19.87	124059332	2619035904.00
20150715	19.25	19.32	17.82	17.82	69226983	1319428992.00
20150716	17.28	18.78	16.03	17.95	75956747	1394687488.00
20150717	18.02	19.56	17.77	19.18	75218020	1455833088.00
20150720	19.25	20.52	18.94	20.13	88476399	1802560000.00
20150721	19.82	20.82	19.32	20.18	80671908	1680105344.00
20150722	19.87	21.47	18.91	20.78	100036271	2059838336.00
20150723	20.52	21.57	20.26	21.19	101457495	2176624640.00
20150724	21.30	22.53	19.57	20.68	106077813	2338567168.00
20150727	19.77	20.77	18.57	18.57	71026998	1432616960.00
20150728	17.49	18.96	16.67	17.50	80625358	1445534080.00
20150729	17.87	19.29	17.37	19.29	57995441	1086149248.00
20150730	19.21	21.09	18.87	19.93	92216079	1893006336.00
20150731	19.52	20.27	19.07	19.74	62008255	1247382656.00
20150803	19.37	19.57	17.72	17.85	44133187	832903424.00
20150804	17.89	19.68	17.89	19.68	45457583	878553600.00
20150805	19.87	20.27	18.89	19.38	56615634	1140248832.00
20150806	18.75	19.77	18.55	19.02	33343237	652180800.00
20150807	19.29	20.08	19.22	19.81	53832997	1084677632.00
20150810	20.51	21.77	20.41	21.55	83584682	1802379264.00
20150811	21.77	22.07	21.08	21.27	83349423	1834891008.00
20150812	21.00	21.37	20.77	20.88	49642353	1064799168.00
20150813	20.85	23.01	20.65	23.01	111818361	2511167488.00
20150814	23.62	23.92	22.45	22.59	106707786	2499159552.00
20150817	22.36	24.89	22.17	24.42	117804036	2877656064.00
20150818	24.02	24.09	21.94	21.94	108982726	2532464896.00
20150819	20.57	23.02	20.07	22.50	77307259	1686640384.00
20150820	21.82	22.37	20.25	20.30	53443927	1163333632.00
20150821	20.05	21.90	19.01	20.46	75578172	1579266432.00
20150824	18.87	19.45	18.37	18.37	40271110	762427328.00
20150825	16.49	17.03	16.49	16.49	48138463	818521280.00
20150826	16.56	17.22	14.80	14.86	53318137	884162752.00
20150827	15.07	15.90	13.73	15.58	48010112	745170368.00
20150828	15.97	17.18	15.77	17.17	51757008	869605056.00
20150831	17.20	17.20	16.10	16.17	40230682	680949312.00
20150901	16.26	16.67	14.72	14.99	40919795	657828480.00
20150902	13.87	15.57	13.67	14.08	41581627	620592192.00
20150907	14.45	15.07	14.12	14.25	31333918	470999296.00
20150908	14.37	15.30	13.92	15.17	30980853	467367264.00
20150909	15.27	16.37	15.09	16.32	50697661	818334144.00
20150910	15.82	16.83	15.62	15.86	45775621	758493312.00
20150911	15.75	16.15	15.49	15.94	28756801	467672032.00
20150914	16.29	16.46	14.30	14.32	41781011	653177152.00
20150915	13.84	14.26	12.85	12.87	34953506	486714336.00
20150916	13.06	14.20	12.85	14.20	40413116	564991424.00
20150917	14.20	14.87	13.55	13.73	47317258	702361536.00
20150918	13.97	14.16	13.53	13.89	27399946	389670496.00
20150921	13.79	14.87	13.57	14.86	39599707	587511168.00
20150922	14.95	15.05	14.37	14.79	38005561	577489152.00
20150923	14.37	14.74	14.27	14.48	26042993	389206720.00
20150924	14.48	15.08	14.43	14.86	28402911	432035840.00
20150925	14.67	15.14	14.17	14.29	28549267	430429888.00
20150928	14.38	14.52	14.02	14.37	13791982	202677376.00
20150929	14.12	14.31	13.88	13.93	15977301	231373280.00
20150930	14.07	14.16	13.82	13.95	12174640	175455088.00
20151008	14.47	14.97	14.29	14.69	23662912	356866976.00
20151009	14.75	14.82	14.47	14.78	25326550	382792736.00
20151012	14.97	15.85	14.76	15.55	43022624	680405440.00
20151013	15.60	15.97	15.38	15.66	41830977	675365248.00
20151014	15.63	15.91	15.47	15.62	36271831	584526848.00
20151015	15.52	16.67	15.38	16.47	51805134	858427968.00
20151016	16.56	16.64	16.13	16.59	53114017	894430592.00
20151019	16.59	16.96	16.07	16.23	44416258	750841280.00
20151020	16.33	16.55	16.07	16.50	33369238	559729280.00
20151021	16.53	16.65	14.81	14.83	47274679	765079552.00
20151022	14.63	15.33	14.53	15.28	31527753	486037632.00
20151023	15.30	15.48	14.98	15.41	30134237	473011904.00
20151026	15.75	15.92	15.39	15.60	32522971	522228288.00
20151027	15.54	15.54	14.67	15.50	27044469	422481792.00
20151028	15.34	15.91	15.33	15.50	31531987	506606720.00
20151029	15.60	15.76	15.33	15.46	23933197	381271168.00
20151030	15.47	15.54	15.08	15.22	17879418	281229792.00
20151102	14.88	15.42	14.75	14.86	17727106	273744832.00
20151103	14.82	15.02	14.67	14.80	13190845	201013616.00
20151104	14.82	15.51	14.81	15.48	40707936	637389824.00
20151105	15.59	16.78	15.34	16.23	77310892	1277804288.00
20151106	16.23	16.45	16.07	16.35	50585062	842584128.00
20151109	16.28	16.75	16.27	16.48	53942366	913854080.00
20151110	16.46	16.46	16.07	16.38	40826580	682938880.00
20151111	16.45	16.87	16.36	16.80	46141340	787425536.00
20151112	16.92	16.92	16.35	16.47	36195100	614172416.00
20151113	16.27	16.88	16.17	16.43	44848365	764306368.00
20151116	15.88	16.35	15.88	16.33	25480829	421449312.00
20151117	16.51	16.82	16.23	16.37	39330371	668485696.00
20151118	16.47	16.52	15.88	15.97	21257104	353108416.00
20151119	16.14	16.22	15.81	16.21	17436231	286259904.00
20151120	16.20	16.32	16.02	16.17	21272429	352683424.00
20151123	16.07	16.31	15.85	15.95	20960836	345745056.00
20151124	15.87	15.96	15.61	15.79	17055336	275486464.00
20151125	15.76	15.95	15.67	15.89	17990801	291870016.00
20151126	15.89	15.97	15.69	15.73	18626742	302355488.00
20151127	15.66	15.86	14.52	14.68	27897409	439318272.00
20151130	15.06	15.46	14.40	15.24	26650189	412404128.00
20151201	15.47	15.47	14.84	15.05	16383052	253459616.00
20151202	15.05	15.68	14.71	15.53	24717300	385949408.00
20151203	15.46	15.56	15.24	15.55	19352082	306029312.00
20151204	15.47	15.47	15.07	15.10	16575749	259564416.00
20151207	15.25	15.32	14.92	15.03	12733680	197409376.00
20151208	15.00	15.03	14.57	14.59	16230348	245640176.00
20151209	14.55	14.72	14.44	14.62	9891312	148833328.00
20151210	14.64	14.72	14.50	14.52	11190535	168164464.00
20151211	14.52	14.62	14.37	14.39	13171138	196269536.00
20151214	14.22	15.12	14.17	14.95	16739405	253053200.00
20151215	14.91	14.91	14.62	14.67	11202608	170055616.00
20151216	14.69	14.82	14.58	14.61	8643409	130566048.00
20151217	14.65	15.24	14.65	14.92	19302976	297754464.00
20151218	14.96	15.05	14.84	14.96	13582329	208599968.00
20151221	14.96	15.25	14.85	15.16	19710048	305958048.00
20151222	15.16	15.27	14.93	15.03	13455322	208327472.00
20151223	15.10	15.12	14.77	14.80	14942704	229532160.00
20151224	14.58	14.73	14.42	14.57	13908399	208128688.00
20151225	14.62	14.68	14.53	14.66	8372887	125812640.00
20151228	14.70	14.74	14.42	14.43	10983541	164598816.00
20151229	14.43	14.54	14.42	14.54	6442798	96068872.00
20151230	14.53	14.57	14.43	14.49	7216550	107610312.00
20151231	14.49	14.49	14.22	14.29	13014309	192247264.00
20160104	14.28	14.37	12.87	12.90	10257020	145973184.00
20160105	12.57	13.23	12.16	12.67	18389905	241078112.00
20160106	12.72	13.12	12.72	13.11	12536221	168017088.00
20160107	12.92	12.92	11.78	11.84	3318800	42567168.00
20160108	12.27	12.47	11.08	12.08	18119860	226405584.00
20160111	11.74	12.07	10.97	11.02	14868873	178069456.00
20160112	11.01	11.66	10.98	11.44	13612338	159380208.00
20160113	11.56	11.69	10.92	10.94	10331187	121420976.00
20160114	10.60	11.21	10.52	11.15	11577676	130865088.00
20160115	11.07	11.13	10.33	10.42	11748291	130903848.00
20160118	10.22	10.61	10.08	10.45	11408532	123703216.00
20160119	10.48	11.01	10.34	10.91	13188755	147276448.00
20160120	10.92	12.04	10.82	11.72	31048745	370381184.00
20160121	11.27	11.57	10.77	10.81	20474480	238726496.00
20160122	11.00	11.18	10.69	10.96	11510866	130851576.00
20160125	11.01	11.23	10.95	11.03	8820930	101316768.00
20160126	10.91	10.91	9.88	9.91	15231125	164700016.00
20160127	9.92	10.05	9.07	9.64	14278336	141766720.00
20160128	9.55	9.71	9.08	9.09	10867549	106700272.00
20160129	9.09	9.53	9.09	9.39	10815254	106093664.00
20160201	9.43	9.47	8.92	9.07	8606410	82750288.00
20160202	9.08	9.59	9.08	9.46	10430434	102388584.00
20160203	9.30	9.51	9.08	9.41	8367529	81182136.00
20160204	9.56	9.67	9.53	9.57	11597813	116198632.00
20160205	9.72	9.89	9.52	9.59	12187946	123312736.00
20160215	9.20	9.53	9.09	9.43	7612744	74254408.00
20160216	9.49	10.03	9.49	9.88	15048356	153919568.00
20160217	9.88	10.33	9.82	10.25	19557240	206154192.00
20160218	10.21	10.37	10.13	10.19	18072056	192873744.00
20160219	10.19	10.22	9.95	10.06	12640328	132487176.00
20160222	10.21	10.35	10.13	10.27	15399747	164336800.00
20160223	10.58	10.84	10.36	10.47	25900092	285726112.00
20160224	10.29	11.56	10.24	11.56	47237951	542373696.00
20160225	12.08	12.42	11.18	11.55	79121955	977066048.00
20160226	11.72	12.10	10.87	11.73	57849951	697201152.00
20160229	11.47	11.47	10.51	10.53	37626214	417647072.00
20160301	10.52	10.75	10.09	10.58	24886015	271377952.00
20160302	10.59	11.45	10.40	11.21	34261783	391269728.00
20160303	11.20	11.77	10.94	11.34	39225897	459474112.00
20160304	11.17	11.27	10.60	10.91	29064008	332409376.00
20160307	10.96	11.20	10.87	11.05	14699136	168662368.00
20160308	11.06	11.06	10.33	10.96	20582531	228248976.00
20160309	10.58	10.76	10.45	10.67	13483363	148608512.00
20160310	10.62	10.72	10.38	10.39	8649443	94593200.00
20160311	10.19	10.38	10.17	10.27	7748128	82816000.00
20160314	10.42	10.69	10.41	10.54	12955654	142647088.00
20160315	10.52	10.72	10.27	10.66	14338444	156744384.00
20160316	10.66	10.74	10.53	10.63	15269012	169308208.00
20160317	10.64	10.96	10.55	10.84	14770611	165244688.00
20160318	10.82	11.23	10.79	11.09	28687533	329052288.00
20160321	11.22	11.69	11.10	11.56	34506889	411109280.00
20160322	11.55	11.64	11.20	11.47	27057436	320414784.00
20160323	11.37	11.50	11.26	11.42	14361613	169538032.00
20160324	11.37	12.00	11.18	11.44	28433288	341602528.00
20160325	11.32	11.56	11.23	11.40	12985073	153289424.00
20160328	11.41	11.52	11.27	11.32	12861514	152150528.00
20160329	11.28	11.37	10.81	10.87	16141364	184343728.00
20160330	10.99	11.16	10.95	11.15	14192217	163178944.00
20160331	11.20	11.38	11.18	11.23	16895799	197867536.00
20160401	11.21	11.23	10.96	11.16	11127724	128208328.00
20160405	11.16	11.42	11.07	11.37	20447770	240062032.00
20160406	11.39	11.53	11.28	11.40	16917928	200306880.00
20160407	11.44	11.50	11.18	11.23	12560976	147718448.00
20160408	11.16	11.16	10.87	11.00	10916810	124833848.00
20160411	11.09	11.33	11.09	11.18	11336734	131890528.00
20160412	11.19	11.22	10.98	11.07	8188260	94074280.00
20160413	11.16	11.55	11.15	11.32	23301271	274588640.00
20160414	11.41	11.41	11.26	11.36	12172006	143066160.00
20160415	11.37	11.43	11.27	11.34	10813926	127221144.00
20160418	11.30	11.30	11.09	11.12	8569173	99169776.00
20160419	11.18	11.23	11.05	11.14	6645360	76768904.00
20160420	11.16	11.25	10.29	10.75	16608404	185955232.00
20160421	10.65	10.74	10.57	10.60	7939965	87902712.00
20160422	10.55	10.57	10.43	10.56	5711918	62503028.00
20160425	10.56	10.57	10.32	10.45	4691565	50980780.00
20160426	10.40	10.55	10.40	10.52	4590215	50118244.00
20160427	10.55	10.62	10.47	10.48	4674307	51256268.00
20160428	10.48	10.55	10.37	10.41	4947666	53677544.00
20160429	10.40	10.47	10.32	10.40	3090173	33507638.00
20160503	10.34	10.75	10.34	10.71	8243579	91150544.00
20160504	10.72	10.75	10.59	10.65	6066890	67396528.00
20160505	10.65	10.67	10.57	10.65	4827448	53344592.00
20160506	10.69	10.70	10.18	10.21	9975792	108275096.00
20160509	10.21	10.21	9.82	9.83	8192120	84792416.00
20160510	9.83	9.95	9.79	9.89	4551424	46949424.00
20160511	9.92	9.96	9.78	9.81	5671193	58380776.00
20160512	9.76	10.37	9.50	10.20	16860005	176544000.00
20160513	10.32	10.75	10.20	10.60	27276887	300560800.00
20160516	10.72	10.99	10.52	10.69	17230187	192260944.00
20160517	10.55	10.64	10.36	10.39	11314526	122930688.00
20160518	10.33	10.33	9.85	10.15	10294447	108159952.00
20160519	10.08	10.20	10.01	10.10	7123571	74990568.00
20160520	9.99	10.07	9.86	10.06	7598108	79006856.00
20160523	10.09	10.12	10.00	10.08	6028156	63244548.00
20160524	10.08	10.08	9.87	9.93	5659944	58641220.00
20160525	9.98	10.03	9.84	9.89	4513234	46760936.00
20160526	9.88	9.97	9.76	9.91	4932727	50695192.00
20160527	9.92	9.94	9.82	9.86	4145800	42713896.00
20160530	9.85	9.87	9.77	9.82	4430535	45428720.00
20160531	9.79	10.13	9.79	10.13	13015020	136507456.00
20160601	10.13	10.14	10.05	10.07	10167224	106932672.00
20160602	10.07	10.11	9.99	10.08	7262580	76092496.00
20160603	10.09	10.11	10.00	10.10	8475796	88927792.00
20160606	10.10	10.32	10.07	10.12	7634613	80876480.00
20160607	10.12	10.16	9.99	10.02	6368201	66712520.00
20160608	10.04	10.05	9.89	9.94	6154464	64008176.00
20160613	9.81	9.91	9.62	9.64	8877595	90748712.00
20160614	9.63	9.75	9.59	9.67	6510974	65578132.00
20160615	9.66	9.86	9.60	9.81	7781342	79353432.00
20160616	9.82	10.06	9.75	9.87	9875730	102197504.00
20160617	9.87	9.98	9.78	9.84	6924425	71422680.00
20160620	9.87	9.91	9.75	9.80	3866416	39561992.00
20160621	9.87	9.91	9.78	9.80	5659422	58146532.00
20160622	9.78	9.86	9.74	9.85	5332858	54549652.00
20160623	9.87	9.89	9.76	9.78	4351904	44517192.00
20160624	9.82	9.83	9.49	9.64	8001655	80710112.00
20160627	9.60	9.76	9.56	9.75	4885191	49521168.00
20160628	9.72	9.83	9.68	9.82	6451209	65846828.00
20160629	9.82	10.11	9.81	9.95	11244501	116796888.00
20160630	9.91	10.00	9.82	9.84	6029916	62129848.00
20160701	9.84	9.98	9.82	9.90	6577853	67911344.00
20160704	9.85	10.05	9.80	10.05	10702721	111510736.00
20160705	10.11	10.86	10.06	10.69	32598900	356181824.00
20160706	10.57	10.57	10.34	10.48	17391600	189036976.00
20160707	10.42	10.42	10.26	10.35	11712800	126234792.00
20160708	10.35	10.48	10.25	10.28	8435500	90766888.00
20160711	10.28	10.41	10.24	10.32	9553300	102884016.00
20160712	10.31	10.60	10.16	10.59	20026000	217024864.00
20160713	10.60	10.71	10.51	10.56	17063800	188081152.00
20160714	10.54	10.55	10.42	10.48	9561300	104202336.00
20160715	10.63	10.81	10.53	10.57	17832600	197971984.00
20160718	10.59	10.75	10.50	10.71	13560900	150313664.00
20160719	10.76	11.32	10.64	10.89	25330100	289798432.00
20160720	10.77	10.87	10.66	10.71	14265000	159233232.00
20160721	10.70	10.82	10.67	10.69	9809700	109534184.00
20160722	10.70	10.74	10.44	10.48	11838000	130150064.00
20160725	10.43	10.66	10.43	10.63	7329000	80769672.00
20160726	10.63	10.71	10.60	10.71	8098300	89840640.00
20160727	10.77	10.80	10.24	10.60	16220382	178299360.00
20160728	10.54	10.98	10.47	10.97	20495775	229242064.00
20160729	10.92	10.95	10.74	10.77	14617218	161043296.00
20160801	10.65	10.72	10.43	10.49	10193911	109054024.00
20160802	10.48	10.69	10.47	10.66	7455477	80283720.00
20160803	10.62	10.99	10.56	10.97	17893228	196971552.00
20160804	10.94	10.99	10.74	10.95	11623960	128486352.00
20160805	10.87	10.97	10.74	10.79	7787928	85852544.00
20160808	10.76	11.06	10.71	11.05	15997626	178336192.00
20160809	11.03	11.13	10.95	11.05	11491700	128716968.00
20160810	11.03	11.03	10.82	10.84	13006900	144087904.00
20160811	10.82	10.91	10.67	10.69	10052335	110098912.00
20160812	10.67	10.85	10.66	10.84	7623487	83306904.00
20160815	10.83	11.12	10.82	11.04	20787812	232459360.00
20160816	11.07	11.30	11.02	11.14	24134872	273768128.00
20160817	11.07	11.20	10.98	11.09	12344218	138878480.00
20160818	11.04	11.14	11.00	11.01	10240481	115087936.00
20160819	11.06	11.07	10.92	11.03	7777329	86887160.00
20160822	11.03	11.35	10.98	11.20	24633800	280429888.00
20160823	11.17	11.75	11.13	11.55	41479600	484789888.00
20161212	12.72	12.72	12.72	12.72	3309999	42698988.00
20161213	13.99	13.99	13.00	13.62	84774937	1152750464.00
20161214	13.29	13.51	12.83	12.99	46666047	622402176.00
20161215	12.82	13.18	12.52	12.72	39980844	519085088.00
20161216	12.63	12.88	12.39	12.47	30795204	392325248.00
20161219	12.33	12.71	12.29	12.58	24857711	316522432.00
20161220	12.59	12.60	11.87	12.05	32045672	393349696.00
20161221	12.07	12.29	11.94	12.11	24838315	305654560.00
20161222	12.08	12.99	12.07	12.84	43189651	555179584.00
20161223	12.73	12.74	12.44	12.58	23039434	293103520.00
20161226	12.57	12.57	12.06	12.38	16654676	207529184.00
20161227	12.32	12.38	12.12	12.20	15436436	191140176.00
20161228	12.23	12.38	12.10	12.22	13121800	162751232.00
20161229	12.17	12.23	11.88	11.94	13640700	166201376.00
20161230	11.92	12.03	11.82	11.96	13282500	160534880.00
20170103	11.89	12.14	11.88	12.02	8570809	104596616.00
20170104	12.00	12.10	11.91	12.07	10766527	131310680.00
20170105	11.96	12.09	11.94	12.08	10547445	128499032.00
20170106	12.12	13.00	12.11	12.74	43801788	564119808.00
20170109	12.65	13.69	12.65	13.43	47271017	630517696.00
20170110	13.30	13.61	13.15	13.33	32925802	444429120.00
20170111	13.27	13.27	12.82	12.94	21171557	279149792.00
20170112	12.92	13.07	12.69	12.95	16500236	215400768.00
20170113	12.82	13.22	12.78	12.98	17410800	229654000.00
20170116	13.16	13.25	12.01	13.14	27206258	356987712.00
20170117	12.95	13.23	12.83	13.08	13420176	177682288.00
20170118	13.06	13.07	12.72	12.75	14476006	188748000.00
20170119	12.80	12.95	12.72	12.75	9012041	117153440.00
20170120	12.72	12.90	12.68	12.76	10033916	130039544.00
20170123	12.80	12.94	12.74	12.87	8806788	114690528.00
20170124	12.88	12.90	12.69	12.80	7269739	94216096.00
20170125	12.78	12.78	12.50	12.52	10611583	135419776.00
20170126	12.55	12.61	12.38	12.45	8870198	112180176.00
20170203	12.47	12.52	12.28	12.51	5586367	70279688.00
20170206	12.51	12.72	12.43	12.63	10932881	139811664.00
20170207	12.64	13.02	12.63	13.00	17956001	234796160.00
20170208	12.98	12.98	12.77	12.92	11835398	154362336.00
20170209	12.92	13.02	12.76	12.90	15375498	200527712.00
20170210	12.89	13.05	12.80	12.92	20256182	265762384.00
20170213	12.97	13.11	12.82	13.07	23483669	308686304.00
20170214	13.07	13.07	12.84	12.89	12960679	169614064.00
20170215	12.87	13.42	12.85	13.36	48615912	654791488.00
20170216	13.41	13.50	13.19	13.30	24633134	331814624.00
20170217	13.27	13.40	12.92	12.94	20867197	277119168.00
20170220	12.91	13.09	12.90	13.06	12454900	163810528.00
20170221	13.05	13.13	12.94	13.06	12245127	161602016.00
20170222	13.00	13.07	12.93	13.02	10554850	138994704.00
20170223	13.00	13.02	12.74	12.77	15937847	207738400.00
20170224	12.72	12.74	12.47	12.61	20835700	265691680.00
20170227	12.62	12.82	12.55	12.70	15517300	199818048.00
20170228	12.59	12.81	12.59	12.64	11834095	152436176.00
20170301	12.64	12.75	12.60	12.74	7724153	99595864.00
20170302	12.74	12.78	12.60	12.61	6501264	83480480.00
20170303	12.63	12.72	12.57	12.69	7726680	99247088.00
20170306	12.72	12.92	12.64	12.88	11658221	151732880.00
20170307	12.92	13.01	12.80	12.87	10418300	136116208.00
20170308	12.88	12.90	12.72	12.74	6381607	82636152.00
20170309	12.69	12.73	12.37	12.45	13722751	173524496.00
20170310	12.53	12.53	12.27	12.30	9106417	113779424.00
20170313	12.31	12.43	12.07	12.41	8459026	105369688.00
20170314	12.35	12.46	12.27	12.36	6521500	81787704.00
20170315	12.37	12.38	12.17	12.22	6668420	82814696.00
20170316	12.22	12.47	12.20	12.33	9583775	120342536.00
20170317	12.33	12.43	12.13	12.19	9542706	118423360.00
20170320	12.19	12.25	12.02	12.06	8715500	106936472.00
20170321	12.06	12.19	12.04	12.07	9921300	121845752.00
20170322	12.06	12.06	11.84	11.84	11447342	138438512.00
20170323	11.87	11.94	11.78	11.83	9658047	116033712.00
20170324	11.88	11.97	11.80	11.95	12547400	151148256.00
20170327	11.91	12.01	11.90	11.96	7535840	91452968.00
20170328	11.95	11.96	11.80	11.82	7954227	95589248.00
20170329	11.82	11.88	11.78	11.80	7724583	92674240.00
20170330	11.84	12.32	11.78	12.24	32523663	399184544.00
20170331	12.25	12.57	12.01	12.14	29204072	364480160.00
20170405	12.04	12.42	11.83	12.32	17977216	221814976.00
20170406	12.22	12.57	12.20	12.38	19526104	246584128.00
20170407	12.35	12.75	12.31	12.61	29716988	378953344.00
20170410	12.52	12.70	12.39	12.59	18226603	231856000.00
20170411	12.53	12.65	12.27	12.59	17607300	223089184.00
20170412	12.56	12.75	12.39	12.68	16915800	216435744.00
20170413	12.57	12.76	12.52	12.72	13564462	174333744.00
20170414	12.72	12.74	12.45	12.51	10421450	132672152.00
20170417	12.51	12.69	12.30	12.67	9254350	116928184.00
20170418	12.65	12.66	12.27	12.45	9310398	117944040.00
20170419	12.33	12.43	12.02	12.39	11776597	145586032.00
20170420	12.32	12.47	12.12	12.29	7165434	89242904.00
20170421	12.28	12.81	12.24	12.77	25207052	322089344.00
20170424	12.81	13.09	12.62	12.90	35612500	463398144.00
20170425	12.92	13.07	12.68	12.98	25522200	335250880.00
20170426	12.94	13.03	12.67	12.83	19160000	250408800.00
20170427	12.82	12.86	12.53	12.81	11904300	153605872.00
20170428	12.63	12.88	12.59	12.83	13693668	177580448.00
20170502	12.80	12.86	12.35	12.36	13527038	172164224.00
20170503	12.28	12.30	12.00	12.12	13571380	166579920.00
20170504	12.04	12.27	12.02	12.11	6790700	83708576.00
20170505	12.02	12.40	12.02	12.19	8384200	104188952.00
20170508	12.20	12.30	12.10	12.29	5634400	69902424.00
20170509	12.28	12.67	12.23	12.48	12699100	161481184.00
20170510	12.44	12.48	12.13	12.36	7846700	97772936.00
20170511	12.27	12.53	12.13	12.47	11332900	142372576.00
20170512	12.53	12.66	12.42	12.45	5359683	68046032.00
20170515	12.57	12.63	12.36	12.57	6672731	84678944.00
20170516	12.51	12.67	12.43	12.65	7871872	100631192.00
20170517	12.62	12.69	12.56	12.59	7280706	93293752.00
20170518	12.54	12.55	12.20	12.41	6976600	87528400.00
20170519	12.30	12.82	12.22	12.69	10077224	128841296.00
20170522	12.58	12.70	12.42	12.69	8697215	110900952.00
20170523	12.68	12.68	12.27	12.62	14121000	178943024.00
20170524	12.50	12.56	12.36	12.54	5079700	64297420.00
20170525	12.47	12.58	12.39	12.52	4721100	59914632.00
20170526	12.56	12.67	12.49	12.58	7026500	89745632.00
20170531	12.59	12.79	12.52	12.77	10464956	134735728.00
20170601	12.77	12.87	12.61	12.85	20153366	261651600.00
20170602	12.82	12.88	12.53	12.67	10396039	134002416.00
20170605	12.60	13.07	12.59	13.05	19972542	262049232.00
20170606	13.01	13.01	12.86	12.90	10809171	141614912.00
20170607	12.91	12.97	12.82	12.92	10653627	139197632.00
20170608	12.92	12.92	12.78	12.88	6532129	85061864.00
20170609	12.92	12.94	12.62	12.63	10877872	140361424.00
20170612	12.61	12.72	12.53	12.65	6162300	78875576.00
20170613	12.59	12.67	12.37	12.43	13094034	165832480.00
20170614	12.45	12.45	12.02	12.16	18834871	232595600.00
20170615	12.16	12.21	12.08	12.16	8786975	108264968.00
20170616	12.15	12.26	12.13	12.18	5212900	64562212.00
20170619	12.13	12.25	12.09	12.20	5334382	65918340.00
20170620	12.23	12.24	12.15	12.19	4002128	49466088.00
20170621	12.23	12.37	12.17	12.34	6824457	84997936.00
20170622	12.38	12.47	12.33	12.40	9012265	113333616.00
20170623	12.35	12.42	12.20	12.33	7055270	86826840.00
20170626	12.41	12.41	12.25	12.33	5499070	67767648.00
20170627	12.38	12.38	12.22	12.24	5959047	73147792.00
20170628	12.25	12.30	12.05	12.08	8321945	101139352.00
20170629	12.09	12.15	12.00	12.04	8865733	106979536.00
20170630	12.05	12.14	12.03	12.09	5962600	72115952.00
20170703	12.11	12.17	12.10	12.16	3623422	43961328.00
20170704	12.15	12.24	12.05	12.22	7054702	85693720.00
20170705	12.18	12.22	12.14	12.16	4071269	49543456.00
20170706	12.22	12.35	12.15	12.19	8127954	99324096.00
20170707	12.16	12.25	12.04	12.17	8601912	104523408.00
20170710	12.15	12.15	12.07	12.09	6172784	74651624.00
20170711	12.09	12.11	12.02	12.05	5280000	63666216.00
数据来源:通达信
