600083 博信股份 日线 前复权
      日期	    开盘	    最高	    最低	    收盘	    成交量	    成交额
20111010	7.21	7.24	7.10	7.18	712960	5096194.00
20111011	7.30	7.34	7.07	7.16	714002	5137366.00
20111012	7.08	7.34	7.05	7.34	1125568	8178247.00
20111013	7.34	7.48	7.26	7.44	1051208	7806366.00
20111014	7.41	7.47	7.30	7.36	703808	5189850.00
20111017	7.32	7.55	7.32	7.46	897250	6699617.00
20111018	7.48	7.64	7.35	7.40	1825151	13692709.00
20111019	7.33	7.52	7.33	7.40	465051	3446411.00
20111020	7.40	7.44	7.03	7.03	1466862	10427670.00
20111021	7.04	7.08	6.92	6.99	579261	4048981.00
20111024	7.00	7.08	6.68	6.99	1212412	8356859.00
20111025	6.99	7.15	6.98	7.14	1105705	7827629.00
20111026	7.11	7.21	7.00	7.13	878400	6262442.00
20111027	7.17	7.21	7.09	7.14	585193	4175119.00
20111028	7.18	7.25	7.00	7.21	805863	5776255.00
20111031	7.13	7.22	7.10	7.16	970446	6937489.00
20111101	7.16	7.19	7.06	7.15	826247	5895891.00
20111102	7.07	7.20	7.01	7.20	1365604	9706520.00
20111103	7.20	7.34	7.15	7.21	1527530	11059778.00
20111104	7.22	7.36	7.21	7.32	1384042	10057304.00
20111107	7.32	7.42	7.25	7.31	1193132	8743174.00
20111108	7.35	7.35	7.18	7.23	840380	6077593.00
20111109	7.22	7.28	7.16	7.27	1227270	8849364.00
20111110	7.20	7.28	7.10	7.16	1159463	8293781.00
20111111	7.18	7.26	7.10	7.16	918094	6558201.00
20111114	7.18	7.27	7.15	7.26	1251477	9045877.00
20111115	7.29	7.58	7.18	7.51	5857673	43365980.00
20111116	7.47	7.50	7.33	7.37	2075201	15346845.00
20111117	7.40	7.47	7.33	7.39	1017308	7540620.00
20111118	7.39	7.76	7.39	7.59	6736777	51559120.00
20111121	7.51	7.59	7.21	7.21	2881360	20895332.00
20111122	7.05	7.27	6.87	7.25	4153541	29445282.00
20111123	7.23	7.26	7.10	7.10	1121499	8019192.00
20111124	7.06	7.08	6.88	7.04	1465089	10244198.00
20111125	7.03	7.05	6.95	7.04	894320	6251727.00
20111128	7.08	7.08	6.95	6.98	566069	3953424.00
20111129	7.02	7.05	6.98	7.02	574172	4020736.00
20111130	7.02	7.07	6.67	6.71	1494399	10127691.00
20111201	6.86	6.93	6.78	6.79	1134534	7775099.00
20111202	6.84	6.84	6.45	6.45	1721100	11249141.00
20111205	6.46	6.46	6.19	6.27	1049208	6633651.00
20111206	6.28	6.32	5.96	5.96	2045970	12282797.00
20111207	5.95	5.95	5.66	5.66	4713159	26814006.00
20111208	5.64	5.64	5.38	5.48	4832278	26204796.00
20111209	5.40	5.45	5.27	5.30	2013686	10764946.00
20111212	5.26	5.42	5.26	5.34	1353386	7238288.00
20111213	5.29	5.34	5.07	5.07	1691701	8625124.00
20111214	5.07	5.07	4.82	4.82	2657747	12873272.00
20111215	4.63	4.70	4.58	4.58	1751312	8056152.00
20111216	4.40	4.45	4.35	4.40	3205780	14007240.00
20111219	4.40	4.40	4.18	4.33	2915900	12360624.00
20111220	4.31	4.55	4.25	4.54	3432396	15494071.00
20111221	4.52	4.65	4.31	4.31	2754007	12309375.00
20111222	4.20	4.20	4.09	4.09	2789470	11463299.00
20111223	4.01	4.24	4.00	4.13	1456567	6024413.00
20111226	4.13	4.29	4.06	4.20	1047565	4388284.00
20111227	4.19	4.19	4.01	4.08	866016	3532799.00
20111228	4.00	4.10	3.94	4.09	1499443	6023898.00
20111229	4.09	4.22	4.04	4.18	989470	4113140.00
20111230	4.18	4.37	4.14	4.36	2164949	9276049.00
20120104	4.37	4.40	4.25	4.32	1889929	8135855.00
20120105	4.30	4.30	4.10	4.10	1199810	4963367.00
20120106	3.93	4.25	3.93	4.20	2172324	8939146.00
20120109	4.20	4.40	4.10	4.35	2314261	9816731.00
20120110	4.29	4.50	4.25	4.46	3579549	15804366.00
20120111	4.43	4.52	4.40	4.45	1865822	8317438.00
20120112	4.41	4.52	4.40	4.47	1025117	4586609.00
20120113	4.46	4.48	4.25	4.27	1445902	6252351.00
20120116	4.27	4.27	4.10	4.11	485699	2033292.00
20120117	4.08	4.32	4.07	4.32	1587678	6716207.00
20120118	4.32	4.54	4.31	4.43	2871997	12706650.00
20120119	4.45	4.63	4.33	4.54	3128606	14072787.00
20120120	4.59	4.67	4.53	4.57	1242266	5712868.00
20120130	4.63	4.79	4.51	4.69	1274640	5949609.00
20120131	4.65	4.88	4.65	4.81	1487763	7112274.00
20120201	4.79	4.99	4.72	4.76	1953530	9491798.00
20120202	4.73	4.76	4.60	4.75	1615568	7563832.00
20120203	4.75	4.99	4.75	4.99	3292345	16119479.00
20120206	4.98	5.14	4.97	5.03	2884925	14586804.00
20120207	4.97	5.06	4.78	4.84	2217513	10797646.00
20120208	4.88	4.97	4.73	4.95	2024653	9878460.00
20120209	4.96	5.07	4.89	4.98	2064582	10316917.00
20120210	4.94	5.03	4.92	5.00	1603165	7972370.00
20120213	4.97	5.21	4.91	5.13	2391050	12268510.00
20120214	5.17	5.38	5.15	5.29	3471819	18316502.00
20120215	5.26	5.55	5.21	5.50	3378370	18385648.00
20120216	5.52	5.63	5.30	5.40	3660608	19824560.00
20120217	5.40	5.54	5.30	5.46	2347077	12736953.00
20120220	5.49	5.56	5.40	5.47	1446388	7921251.00
20120221	5.47	5.51	5.29	5.45	1620089	8744897.00
20120222	5.44	5.56	5.38	5.50	1858263	10199799.00
20120223	5.49	5.54	5.38	5.52	3033062	16594118.00
20120224	5.59	5.62	5.51	5.56	1860281	10372142.00
20120227	5.52	5.61	5.50	5.50	1958534	10847117.00
20120228	5.60	5.67	5.41	5.45	2560321	14105091.00
20120229	5.45	5.49	5.28	5.30	1910550	10287160.00
20120301	5.23	5.42	5.20	5.41	1754935	9284843.00
20120302	5.36	5.50	5.30	5.45	2054789	11118145.00
20120305	5.42	5.53	5.42	5.46	1754928	9616772.00
20120306	5.45	5.52	5.38	5.50	2579918	14131595.00
20120307	5.44	5.50	5.25	5.34	1312054	7109854.00
20120308	5.39	5.44	5.33	5.40	1224871	6598026.00
20120309	5.38	5.57	5.38	5.56	4154705	22832804.00
20120312	5.56	5.80	5.54	5.73	4149339	23593216.00
20120313	5.80	5.81	5.65	5.72	2561187	14698213.00
20120314	5.76	5.77	5.43	5.43	3614885	20198332.00
20120315	5.31	5.39	5.16	5.16	3016369	15744389.00
20120316	5.16	5.42	5.16	5.42	1731370	9204646.00
20120319	5.50	5.68	5.44	5.62	2617179	14688518.00
20120320	5.60	5.64	5.44	5.45	1615899	8935446.00
20120321	5.45	5.58	5.38	5.50	1436061	7874619.00
20120322	5.45	5.55	5.43	5.53	1134051	6243278.00
20120323	5.50	5.81	5.48	5.81	3393878	19611512.00
20120326	5.89	5.89	5.56	5.57	3829744	21921608.00
20120327	5.50	5.58	5.40	5.49	1498962	8240456.00
20120328	5.42	5.49	5.22	5.22	2400709	12685169.00
20120329	5.22	5.48	5.16	5.48	2749315	14836332.00
20120330	5.47	5.68	5.25	5.31	3248001	17919256.00
20120405	5.32	5.58	5.22	5.58	2625470	14525902.00
20120406	5.52	5.86	5.52	5.65	3887150	22265328.00
20120409	5.70	5.93	5.63	5.93	4261612	25121836.00
20120410	5.74	5.90	5.63	5.82	4888608	27865964.00
20120411	5.73	5.80	5.53	5.69	2765673	15753418.00
20120412	5.69	5.88	5.69	5.81	2457408	14239173.00
20120413	5.85	5.99	5.65	5.85	4089472	23707676.00
20120416	5.80	6.14	5.75	6.01	4436756	26684524.00
20120417	5.99	6.18	5.91	6.02	3414316	20748400.00
20120418	6.00	6.13	5.93	6.10	3832384	23195816.00
20120419	6.09	6.23	6.00	6.06	2718175	16582517.00
20120420	6.08	6.12	5.88	6.05	3881775	23272384.00
20120423	6.05	6.05	5.75	5.75	3903442	22602372.00
20120424	5.69	5.69	5.46	5.48	3531308	19337604.00
20120426	5.56	5.69	5.49	5.56	2498079	13915834.00
20120427	5.56	5.56	5.28	5.28	3674001	19475652.00
20120502	5.02	5.04	5.02	5.02	1826400	9168660.00
20120503	4.77	4.77	4.77	4.77	558000	2661660.00
20120504	4.56	4.77	4.54	4.67	5452839	25370800.00
20120507	4.61	4.90	4.61	4.90	4581880	22109866.00
20120508	4.98	5.11	4.89	4.93	4339017	21546372.00
20120509	4.93	5.08	4.82	4.97	2661022	13163113.00
20120510	4.98	5.07	4.97	5.02	2398020	12033695.00
20120511	5.00	5.08	4.97	5.00	1788078	8980000.00
20120514	5.06	5.06	4.85	4.94	2743695	13601056.00
20120515	4.98	4.98	4.76	4.89	2552139	12378402.00
20120516	4.85	4.93	4.73	4.80	2367400	11395328.00
20120517	4.75	4.84	4.75	4.81	1945044	9335224.00
20120518	4.80	4.80	4.65	4.70	2224383	10485922.00
20120521	4.67	4.77	4.63	4.65	1124290	5273731.00
20120522	4.70	4.75	4.65	4.75	1013848	4764169.00
20120523	4.70	4.86	4.70	4.77	1718569	8221843.00
20120524	4.73	4.81	4.65	4.67	1319800	6233867.00
20120525	4.68	4.69	4.44	4.45	2603211	11736067.00
20120528	4.45	4.46	4.23	4.42	2135625	9201558.00
20120529	4.39	4.58	4.33	4.53	1486190	6698457.00
20120530	4.54	4.60	4.47	4.59	892257	4061178.00
20120531	4.50	4.71	4.48	4.66	1450984	6762644.00
20120601	4.67	4.72	4.61	4.65	586100	2734279.00
20120604	4.59	4.59	4.42	4.47	1092122	4892220.00
20120605	4.46	4.58	4.46	4.58	999903	4526312.00
20120606	4.63	4.73	4.59	4.70	1594916	7480683.00
20120607	4.73	4.88	4.72	4.79	1887493	9052787.00
20120608	4.79	4.84	4.63	4.65	1428293	6750707.00
20120611	4.62	4.78	4.62	4.71	725407	3425957.00
20120612	4.67	4.95	4.67	4.85	1759533	8548015.00
20120613	4.86	4.92	4.83	4.89	1342720	6538143.00
20120614	4.83	4.94	4.81	4.82	1265174	6141071.00
20120615	4.86	4.99	4.83	4.89	1649864	8108650.00
20120618	4.90	5.07	4.90	5.02	2007778	10055942.00
20120619	5.05	5.06	4.98	5.05	1548562	7765841.00
20120620	5.08	5.25	5.04	5.12	1961791	10091040.00
20120621	5.10	5.38	5.02	5.31	3899349	20595228.00
20120625	5.28	5.28	5.04	5.04	2911752	14988065.00
20120626	5.00	5.04	4.85	4.98	1907247	9390868.00
20120627	5.00	5.23	5.00	5.23	3420772	17801122.00
20120629	5.00	5.34	4.98	5.21	3033393	15831080.00
20120702	5.21	5.39	5.15	5.27	1462932	7740288.00
20120703	5.27	5.36	5.19	5.27	1331796	7000051.00
20120704	5.28	5.33	5.15	5.16	1490465	7801107.00
20120705	5.11	5.17	4.96	5.03	1155606	5816844.00
20120706	5.03	5.17	5.01	5.16	920583	4679544.00
20120709	5.08	5.22	4.91	5.04	840152	4302527.00
20120710	5.05	5.19	4.94	5.12	1237111	6288229.00
20120711	5.07	5.15	5.04	5.10	683704	3479451.00
20120712	5.09	5.11	5.01	5.10	1283770	6499642.00
20120713	5.09	5.32	5.03	5.28	1417611	7337882.00
20120716	5.18	5.35	5.02	5.05	2394916	12342554.00
20120717	5.01	5.22	4.86	5.18	1410371	7177301.00
20120718	5.20	5.22	5.08	5.21	920124	4740509.00
20120719	5.21	5.30	5.18	5.21	2089998	10957559.00
20120720	5.18	5.25	5.10	5.24	1495031	7729455.00
20120723	5.13	5.25	5.13	5.22	1007859	5236657.00
20120724	5.19	5.29	5.15	5.26	1309848	6848977.00
20120725	5.26	5.28	5.15	5.22	1034933	5393089.00
20120726	5.13	5.26	5.12	5.20	1049244	5480592.00
20120727	5.20	5.23	4.95	4.96	2089231	10580204.00
20120730	4.71	4.71	4.71	4.71	158600	747006.00
20120731	4.47	4.47	4.47	4.47	59200	264624.00
20120801	4.25	4.25	4.25	4.25	1113200	4731100.00
20120802	4.04	4.20	4.04	4.04	3736924	15159366.00
20120803	3.94	4.09	3.90	4.05	2382856	9494450.00
20120806	4.04	4.16	3.96	4.15	2333937	9495157.00
20120807	4.11	4.36	4.11	4.36	1872640	7979693.00
20120808	4.36	4.46	4.27	4.38	1448216	6309295.00
20120809	4.38	4.59	4.32	4.58	1896052	8555570.00
20120810	4.59	4.68	4.53	4.57	1611754	7407140.00
20120813	4.57	4.60	4.35	4.57	1666331	7459134.00
20120814	4.56	4.63	4.45	4.57	984639	4458079.00
20120815	4.55	4.63	4.52	4.62	858289	3944026.00
20120816	4.56	4.63	4.39	4.39	1583592	7063476.00
20120817	4.39	4.42	4.26	4.33	913790	3944055.00
20120820	4.34	4.42	4.21	4.37	812149	3517685.00
20120821	4.43	4.59	4.39	4.55	2486821	11249949.00
20120822	4.54	4.78	4.51	4.75	3272578	15345267.00
20120823	4.80	4.95	4.73	4.89	4747818	22891388.00
20120824	4.81	4.82	4.65	4.65	1893200	8839988.00
20120827	4.42	4.59	4.42	4.57	2574408	11557692.00
20120828	4.50	4.54	4.42	4.49	1952500	8735155.00
20120829	4.49	4.49	4.32	4.35	1113050	4890264.00
20120830	4.36	4.39	4.13	4.18	1716798	7223903.00
20120831	4.13	4.39	4.12	4.34	959555	4107468.00
20120903	4.32	4.43	4.25	4.34	893928	3899916.00
20120904	4.32	4.42	4.32	4.36	640750	2797870.00
20120905	4.36	4.36	4.25	4.33	779079	3353901.00
20120906	4.34	4.37	4.30	4.36	781659	3392613.00
20120907	4.42	4.54	4.35	4.48	1586911	7079514.00
20120910	4.49	4.54	4.45	4.52	1346896	6061793.00
20120911	4.48	4.56	4.47	4.54	1282679	5807829.00
20120912	4.54	4.60	4.53	4.57	1100126	5014556.00
20120913	4.58	4.62	4.47	4.48	790050	3589952.00
20120914	4.52	4.56	4.50	4.55	817900	3705186.00
20120917	4.51	4.55	4.36	4.45	1401350	6208419.00
20120918	4.43	4.45	4.31	4.39	726000	3181833.00
20120919	4.39	4.45	4.39	4.43	484029	2140454.00
20120920	4.45	4.46	4.21	4.23	1623121	7162427.00
20120921	4.24	4.40	4.24	4.33	752636	3259926.00
20120924	4.30	4.39	4.24	4.38	630595	2722046.00
20120925	4.33	4.51	4.33	4.44	741562	3299956.00
20120926	4.43	4.47	4.32	4.33	951398	4147988.00
20120927	4.36	4.55	4.33	4.55	2242476	10101137.00
20120928	4.57	4.60	4.49	4.58	1263645	5741724.00
20121008	4.53	4.59	4.50	4.53	1141990	5168872.00
20121009	4.53	4.62	4.53	4.57	985230	4507327.00
20121010	4.57	4.65	4.56	4.62	1468614	6756904.00
20121011	4.62	4.78	4.59	4.65	1697591	7941043.00
20121012	4.63	4.71	4.62	4.68	894623	4186208.00
20121015	4.58	4.84	4.56	4.78	2011661	9534469.00
20121016	4.80	4.82	4.68	4.71	1301109	6161138.00
20121017	4.71	4.74	4.57	4.66	1060233	4936909.00
20121018	4.60	4.74	4.60	4.71	588900	2767673.00
20121019	4.68	4.86	4.66	4.81	1751855	8402314.00
20121022	4.81	4.89	4.73	4.81	1234710	5953853.00
20121023	4.83	4.83	4.67	4.73	1451172	6893413.00
20121024	4.74	4.86	4.67	4.85	1178339	5661726.00
20121025	4.83	4.96	4.61	4.64	1908748	9045617.00
20121026	4.62	4.70	4.44	4.53	2052893	9407633.00
20121029	4.53	4.57	4.49	4.56	739252	3343656.00
20121030	4.56	4.65	4.53	4.62	846160	3894848.00
20121031	4.63	4.77	4.63	4.71	1185314	5572625.00
20121101	4.69	4.78	4.69	4.72	1589698	7526525.00
20121102	4.74	4.76	4.69	4.74	1004440	4750174.00
20121105	4.74	4.85	4.70	4.84	1764340	8496002.00
20121106	4.84	4.87	4.70	4.80	1286320	6137726.00
20121107	4.81	4.84	4.75	4.80	764992	3667606.00
20121108	4.75	4.76	4.66	4.71	1894600	8919938.00
20121109	4.68	4.95	4.65	4.81	2692830	13089666.00
20121112	4.84	4.89	4.73	4.80	788044	3770846.00
20121113	4.80	4.83	4.69	4.73	1068400	5071499.00
20121114	4.71	4.72	4.67	4.70	646532	3032450.00
20121115	4.71	4.72	4.66	4.69	781994	3662878.00
20121116	4.69	4.76	4.66	4.69	1040200	4880813.00
20121119	4.68	4.71	4.53	4.70	774340	3594223.00
20121120	4.64	4.73	4.64	4.72	438486	2058121.00
20121121	4.69	4.88	4.69	4.80	1417030	6828673.00
20121122	4.82	4.87	4.77	4.80	731799	3521106.00
20121123	4.79	4.86	4.73	4.80	1009199	4831306.00
20121126	4.82	4.82	4.75	4.80	561403	2692111.00
20121127	4.74	4.80	4.58	4.59	1190298	5542185.00
20121128	4.58	4.60	4.43	4.47	990180	4446182.00
20121129	4.45	4.55	4.41	4.47	766100	3429444.00
20121130	4.41	4.52	4.41	4.50	638249	2859229.00
20121203	4.35	4.52	4.35	4.47	436240	1944415.00
20121204	4.41	4.47	4.37	4.43	837240	3694892.00
20121205	4.38	4.56	4.38	4.51	806027	3624029.00
20121206	4.50	4.65	4.49	4.64	2185199	10022359.00
20121207	4.64	4.75	4.59	4.68	1515040	7094315.00
20121210	4.64	4.72	4.64	4.67	1358584	6360628.00
20121211	4.65	4.83	4.64	4.68	1220284	5783898.00
20121212	4.71	4.80	4.69	4.74	580424	2753074.00
20121213	4.73	4.77	4.64	4.70	598543	2812252.00
20121214	4.66	4.86	4.66	4.80	2639684	12655569.00
20121217	4.83	4.83	4.73	4.79	1064712	5085359.00
20121218	4.81	4.90	4.71	4.83	3140462	15156861.00
20121219	4.77	4.86	4.75	4.78	1032401	4951001.00
20121220	4.78	4.80	4.70	4.76	893592	4239720.00
20121221	4.74	4.79	4.63	4.69	888900	4185516.00
20121224	4.65	4.73	4.62	4.70	613700	2875890.00
20121225	4.66	4.75	4.65	4.71	1009014	4758565.00
20121226	4.71	4.76	4.65	4.69	2363671	11090840.00
20121227	4.71	4.92	4.67	4.91	5251612	25452456.00
20121228	4.85	5.00	4.80	4.84	3234369	15841496.00
20121231	4.82	5.00	4.79	4.98	3094181	15240305.00
20130104	4.90	4.97	4.73	4.82	1984195	9450767.00
20130107	4.79	5.06	4.75	5.00	1955050	9641574.00
20130108	5.00	5.14	4.96	5.13	2011169	10212783.00
20130109	5.11	5.39	5.07	5.23	2529270	13237274.00
20130110	5.20	5.35	5.15	5.17	1615512	8439896.00
20130111	5.19	5.29	5.12	5.17	1295269	6720982.00
20130114	5.17	5.43	5.15	5.43	2426807	12945237.00
20130115	5.44	5.65	5.40	5.44	2282191	12543844.00
20130116	5.65	5.71	5.50	5.68	4165398	23582160.00
20130117	5.61	5.84	5.56	5.67	3215463	18326550.00
20130118	5.62	5.80	5.53	5.72	1794060	10223135.00
20130121	5.75	6.01	5.71	6.01	3564416	21060630.00
20130122	6.10	6.28	6.01	6.21	4343417	26836008.00
20130123	6.22	6.35	5.90	6.00	5253976	31728880.00
20130124	5.91	6.06	5.70	6.05	3470540	20431468.00
20130125	6.06	6.16	6.03	6.14	3274681	19936276.00
20130201	6.29	6.49	5.76	5.79	11331282	69743008.00
20130204	5.64	5.77	5.46	5.48	5540035	30812648.00
20130205	5.43	5.86	5.43	5.67	3835752	21816372.00
20130206	5.61	5.68	5.36	5.62	3425115	18915876.00
20130207	5.53	5.65	5.53	5.63	2040743	11412924.00
20130208	5.63	5.77	5.58	5.71	1411990	8025819.00
20130218	5.76	5.80	5.67	5.72	1721638	9847677.00
20130219	5.78	5.78	5.56	5.60	1280300	7212704.00
20130220	5.60	5.66	5.50	5.64	874371	4900141.00
20130221	5.61	6.20	5.61	6.20	9910357	60647184.00
20130222	6.13	6.32	5.99	6.00	7040538	43336396.00
20130225	5.92	6.21	5.92	6.11	2799176	17044746.00
20130226	6.05	6.19	6.01	6.02	2315260	14098601.00
20130227	6.01	6.39	6.01	6.38	3706685	23023340.00
20130228	6.44	6.44	6.20	6.31	2738660	17216246.00
20130301	6.29	6.48	6.23	6.43	1943705	12405236.00
20130304	6.37	6.90	6.21	6.51	3243995	21259184.00
20130305	6.43	6.70	6.43	6.58	2799430	18427268.00
20130306	6.55	6.59	6.38	6.56	2590264	16791376.00
20130307	6.51	6.65	6.40	6.43	2534675	16572400.00
20130308	6.30	6.45	6.24	6.26	1957792	12340289.00
20130311	6.37	6.45	6.26	6.30	1177610	7459547.00
20130312	6.39	6.39	5.90	6.00	2660857	16261479.00
20130313	6.00	6.19	5.93	6.14	1468890	8898818.00
20130314	6.19	6.20	6.07	6.12	826301	5070367.00
20130315	6.15	6.40	6.10	6.15	1527760	9562717.00
20130318	6.13	6.29	6.11	6.18	1357444	8387847.00
20130319	6.16	6.23	6.02	6.08	851058	5213026.00
20130320	6.03	6.25	6.03	6.23	1477556	9121652.00
20130321	6.24	6.63	6.24	6.44	2639420	16935616.00
20130322	6.37	6.56	6.35	6.42	1558797	10017150.00
20130325	6.48	6.48	6.33	6.36	828600	5284173.00
20130326	6.32	6.52	6.30	6.49	1513509	9701221.00
20130327	6.46	6.67	6.37	6.49	1600392	10443118.00
20130328	6.45	6.45	6.30	6.32	1234109	7876518.00
20130329	6.32	6.39	6.26	6.27	660438	4165513.00
20130401	6.25	6.34	6.20	6.23	676100	4231435.00
20130402	6.30	6.39	6.15	6.19	841848	5252816.00
20130403	6.18	6.21	6.03	6.04	1558672	9506752.00
20130408	6.04	6.04	5.81	6.02	1219936	7227803.00
20130409	6.06	6.16	6.01	6.07	522677	3177442.00
20130410	6.10	6.24	6.07	6.12	631715	3876082.00
20130411	6.12	6.17	6.04	6.05	478194	2912748.00
20130412	6.17	6.23	6.08	6.09	941822	5793607.00
20130415	6.10	6.16	5.94	6.04	806626	4844151.00
20130416	6.00	6.01	5.72	5.86	2250734	13135203.00
20130417	5.87	6.07	5.67	5.70	1593000	9156326.00
20130418	5.60	5.73	5.60	5.64	1158183	6568068.00
20130419	5.64	5.76	5.64	5.72	1968988	11230209.00
20130422	5.75	5.87	5.68	5.86	1912581	11091248.00
20130423	5.86	5.86	5.67	5.67	958801	5491421.00
20130424	5.62	5.75	5.60	5.74	940887	5344079.00
20130425	5.71	5.83	5.61	5.65	827166	4746506.00
20130426	5.74	5.74	5.60	5.66	537681	3053288.00
20130502	5.69	5.80	5.68	5.76	939942	5414524.00
20130503	5.71	5.83	5.71	5.78	773529	4482164.00
20130506	5.75	5.94	5.75	5.92	1077809	6352611.00
20130507	5.92	6.05	5.87	5.95	1057407	6299262.00
20130508	5.93	6.03	5.91	5.94	766751	4562866.00
20130509	5.89	5.99	5.79	5.84	1129098	6634147.00
20130510	5.81	5.92	5.76	5.86	778854	4547179.00
20130513	5.93	5.93	5.84	5.89	528000	3107540.00
20130514	5.90	5.90	5.74	5.82	1077099	6246712.00
20130515	5.73	5.85	5.73	5.84	483024	2810597.00
20130516	5.85	5.88	5.76	5.87	957175	5583072.00
20130517	5.85	6.46	5.85	6.46	8626833	55446396.00
20130520	6.37	6.58	6.30	6.44	6890437	44533528.00
20130521	6.42	6.66	6.41	6.51	3667557	23853476.00
20130522	6.37	6.52	6.32	6.41	2899305	18573928.00
20130523	6.37	6.43	6.24	6.31	2407017	15174712.00
20130524	6.32	6.45	6.27	6.43	1831587	11624997.00
20130527	6.42	6.55	6.37	6.47	2028639	13113507.00
20130528	6.48	6.56	6.42	6.53	2783578	18097510.00
20130529	6.56	7.18	6.53	7.03	8085602	56131504.00
20130530	6.90	7.28	6.88	7.11	6012107	42783040.00
20130531	7.11	7.11	6.90	6.93	2429881	16905956.00
20130603	6.99	7.26	6.98	7.12	2985394	21297400.00
20130604	7.12	7.25	7.01	7.08	3325793	23735478.00
20130605	7.06	7.20	6.86	6.97	2422070	16934188.00
20130606	6.97	7.17	6.87	6.99	2424513	16920670.00
20130607	6.95	7.06	6.71	6.79	1696947	11610768.00
20130613	6.79	6.79	6.40	6.66	2470498	16354832.00
20130614	6.74	6.81	6.63	6.72	1150800	7744907.00
20130624	6.60	6.79	6.14	6.25	2835633	18031316.00
20130625	6.20	6.37	5.63	6.03	2405180	14165455.00
20130626	5.95	6.18	5.84	6.06	2029710	12196406.00
20130627	6.06	6.13	5.80	5.82	2234800	13278942.00
20130628	5.80	5.86	5.63	5.73	2055689	11805916.00
20130701	5.73	6.15	5.64	6.04	931741	5469167.00
20130702	6.09	6.20	5.97	6.11	783588	4789573.00
20130703	6.05	6.16	6.01	6.16	1250796	7604780.00
20130704	6.10	6.27	6.10	6.17	1120850	6952579.00
20130705	6.13	6.26	6.10	6.11	864300	5345234.00
20130708	6.06	6.16	5.86	5.99	3293242	19833240.00
20130709	5.91	6.09	5.91	6.07	810349	4880775.00
20130710	6.10	6.25	6.03	6.22	594348	3646554.00
20130711	6.27	6.48	6.25	6.29	1799159	11465721.00
20130712	6.31	6.41	6.23	6.38	1012070	6395494.00
20130715	6.38	6.53	6.27	6.35	990220	6289773.00
20130716	6.28	6.65	6.27	6.62	1436652	9195747.00
20130717	6.55	6.69	6.42	6.47	2928541	19325572.00
20130718	6.42	6.60	6.32	6.43	651700	4195605.00
20130719	6.40	6.47	6.25	6.29	932398	5935687.00
20130729	6.39	6.41	6.10	6.12	1391422	8696795.00
20130730	6.10	6.21	6.00	6.15	605315	3696242.00
20130731	6.08	6.30	6.08	6.29	1323673	8160187.00
20130801	6.29	6.62	6.25	6.54	1663029	10754433.00
20130802	6.55	6.60	6.45	6.51	1108485	7224946.00
20130805	6.58	6.60	6.51	6.58	895315	5868633.00
20130806	6.60	6.65	6.49	6.61	894564	5876612.00
20130807	6.63	6.63	6.52	6.53	991935	6516505.00
20130808	6.52	6.55	6.50	6.54	488154	3185899.00
20130809	6.56	6.66	6.51	6.58	939653	6184967.00
20130812	6.66	7.00	6.56	6.86	1707926	11654920.00
20130813	6.78	6.90	6.71	6.81	696559	4736286.00
20130814	6.88	6.88	6.61	6.68	1339504	9030301.00
20130815	6.77	6.77	6.51	6.51	1001550	6621065.00
20130816	6.51	6.67	6.41	6.55	1182233	7770575.00
20130819	6.53	6.64	6.50	6.64	835047	5491964.00
20130820	6.58	6.73	6.51	6.61	752652	4991288.00
20130821	6.60	6.75	6.58	6.74	623988	4159461.00
20130822	6.81	6.82	6.65	6.71	582701	3906540.00
20130823	6.78	6.78	6.50	6.73	1004836	6696189.00
20130826	6.73	6.76	6.63	6.74	1969131	13179366.00
20130827	6.76	6.77	6.66	6.74	1043301	7005309.00
20130828	6.73	6.73	6.53	6.57	1503376	9915886.00
20130829	6.55	6.63	6.44	6.58	1671872	10903096.00
20130830	6.59	6.67	6.39	6.43	1546984	10125865.00
20130902	6.43	6.56	6.33	6.54	1102175	7134772.00
20130903	6.54	6.64	6.46	6.61	983931	6462125.00
20130904	6.53	6.67	6.52	6.54	545700	3579530.00
20130905	6.55	6.76	6.51	6.75	1353761	8968123.00
20130906	6.72	6.88	6.68	6.85	1949920	13281145.00
20130909	6.84	6.98	6.73	6.89	2018160	13921592.00
20130910	6.82	6.98	6.82	6.92	2030374	14022767.00
20130911	6.90	6.98	6.71	6.82	1267117	8681735.00
20130912	6.82	6.88	6.71	6.83	1183099	8061492.00
20130913	6.78	7.24	6.77	7.20	4519304	32068724.00
20130916	7.22	7.70	7.14	7.20	5065909	37533736.00
20130917	7.22	7.43	7.07	7.26	3022411	22012406.00
20130918	7.27	7.48	7.18	7.39	1682339	12321786.00
20130923	7.39	8.13	7.29	8.12	9604510	77067632.00
20130924	7.96	8.08	7.80	7.87	4437659	35027776.00
20130925	7.89	7.95	7.56	7.58	2978876	23149316.00
20130926	7.58	7.65	7.28	7.30	3247885	24234764.00
20130927	7.25	7.53	7.25	7.43	1524753	11332515.00
20130930	7.40	7.58	7.32	7.35	1604127	11917252.00
20131008	7.36	7.60	7.21	7.60	2246143	16710517.00
20131009	7.59	7.97	7.51	7.92	3413679	26698420.00
20131010	7.89	8.10	7.70	7.83	3981243	31636788.00
20131011	7.82	7.98	7.80	7.85	2078719	16405923.00
20131014	7.81	7.85	7.60	7.69	1602402	12349679.00
20131015	7.68	7.83	7.45	7.45	2249949	17061584.00
20131016	7.45	7.60	7.30	7.40	1909699	14131299.00
20131017	7.47	7.55	7.40	7.46	1294695	9663794.00
20131018	7.49	8.21	7.49	7.84	2708494	21437484.00
20131021	7.78	8.16	7.78	8.02	2293297	18436380.00
20131022	8.03	8.05	7.80	7.87	1583098	12511873.00
20131023	7.80	7.99	7.59	7.60	1803094	13925159.00
20131024	7.55	7.63	7.48	7.58	965680	7306192.00
20131025	7.55	8.17	7.55	7.82	3126646	24575234.00
20131028	7.70	8.19	7.70	8.02	2798275	22480158.00
20131029	8.01	8.31	7.70	8.02	3928751	31759516.00
20131030	8.00	8.79	7.88	8.65	6243776	52107132.00
20131031	8.51	8.55	8.18	8.28	5573405	46362024.00
20131101	8.28	8.30	7.91	8.12	2379134	19252600.00
20131104	8.12	8.48	8.12	8.37	2284156	19063036.00
20131105	8.37	8.37	8.00	8.24	2210068	17956956.00
20131106	8.18	8.18	7.95	8.01	1933395	15591343.00
20131107	7.99	8.11	7.95	8.10	1446071	11609799.00
20131108	8.09	8.18	7.85	7.92	2043093	16348570.00
20131111	7.74	8.19	7.74	8.17	3310070	26723516.00
20131112	8.16	8.38	8.15	8.19	3057122	25294548.00
20131113	8.17	8.26	8.04	8.06	1622126	13219805.00
20131114	8.01	8.09	7.88	8.06	1685525	13494190.00
20131115	8.02	8.27	8.00	8.16	3163918	25851878.00
20131118	8.27	8.27	8.08	8.17	2405111	19637940.00
20131119	8.17	8.17	8.00	8.09	2713450	21895344.00
20131120	8.09	8.38	8.01	8.36	3267007	26786048.00
20131121	8.40	8.40	8.17	8.20	1878818	15499201.00
20131122	8.15	8.23	8.03	8.05	2312401	18671688.00
20131125	8.05	8.13	7.87	7.93	1775207	14176557.00
20131126	7.85	7.99	7.70	7.95	2602660	20419910.00
20131127	7.95	7.96	7.81	7.92	1405589	11089257.00
20131128	7.87	8.00	7.84	7.92	1152283	9148247.00
20131129	7.93	8.06	7.82	7.93	2011428	16005674.00
20131202	7.84	7.84	7.19	7.32	5423324	40145060.00
20131203	7.27	7.38	6.97	7.32	2490023	17782146.00
20131204	7.32	7.53	7.21	7.52	2183164	16200411.00
20131205	7.52	7.60	7.38	7.46	972688	7268251.00
20131206	7.36	7.50	7.36	7.45	504637	3761855.00
20131209	7.50	7.51	7.38	7.48	666045	4968512.00
20131210	7.50	7.50	7.20	7.34	1479049	10821307.00
20131211	7.25	7.37	7.01	7.14	1894950	13482697.00
20131212	7.10	7.22	7.00	7.15	846012	6021119.00
20131213	7.15	7.24	7.11	7.15	889576	6387319.00
20131216	7.11	7.18	7.00	7.10	1224613	8641318.00
20131217	7.10	7.10	6.89	6.89	1244000	8676392.00
20131218	6.87	6.99	6.85	6.99	582619	4034852.00
20131219	6.99	7.07	6.91	6.95	495693	3466450.00
20131220	7.00	7.02	6.88	6.90	591668	4095937.00
20131223	6.85	6.95	6.45	6.66	1751504	11637272.00
20131224	6.66	6.80	6.61	6.70	496150	3333691.00
20131225	6.70	6.82	6.68	6.81	628191	4258675.00
20131226	6.81	6.81	6.61	6.70	1474033	9880582.00
20131227	6.50	6.77	6.49	6.77	1697933	11411377.00
20131230	6.77	7.44	6.52	7.18	2464612	17826436.00
20131231	6.99	7.24	6.99	7.02	1423029	10106726.00
20140102	7.03	7.15	6.96	7.13	1108539	7873196.00
20140103	7.09	7.15	6.90	7.01	932271	6549025.00
20140106	7.08	7.08	6.61	6.74	1298889	8819887.00
20140107	6.73	6.74	6.60	6.69	838170	5585109.00
20140108	6.68	6.73	6.45	6.50	1753139	11464121.00
20140109	6.50	6.62	6.27	6.41	884200	5699857.00
20140110	6.38	6.56	6.25	6.47	1316947	8392353.00
20140113	6.42	6.76	6.35	6.58	1139600	7393154.00
20140114	6.71	7.13	6.71	6.88	3030394	20813624.00
20140115	6.80	6.88	6.62	6.78	1297972	8743990.00
20140116	6.73	6.76	6.63	6.69	1723018	11539654.00
20140117	6.69	6.69	6.48	6.50	703184	4615926.00
20140120	6.45	6.62	6.41	6.42	472295	3062257.00
20140121	6.44	6.73	6.43	6.70	984247	6547252.00
20140122	6.62	6.80	6.61	6.78	874804	5903911.00
20140123	6.78	6.92	6.63	6.80	1412320	9678742.00
20140124	6.74	6.91	6.73	6.83	1028124	7059903.00
20140127	6.83	7.22	6.83	6.98	2061544	14583065.00
20140128	6.95	7.15	6.88	7.03	1286177	8992258.00
20140129	6.94	7.13	6.85	7.02	691519	4838220.00
20140130	7.02	7.09	6.96	7.04	594471	4172698.00
20140207	7.04	7.09	6.86	7.09	554894	3886999.00
20140210	7.17	7.35	7.09	7.31	1957818	14134947.00
20140211	7.48	7.49	7.24	7.29	964342	7053219.00
20140212	7.21	7.36	7.21	7.33	1390668	10144927.00
20140213	7.28	7.38	7.23	7.28	1284599	9368904.00
20140214	7.36	7.36	7.22	7.35	1383472	10117193.00
20140217	7.32	7.39	7.27	7.35	1313262	9631980.00
20140218	7.35	7.38	7.28	7.35	1132861	8300272.00
20140219	7.30	7.45	7.30	7.34	1288956	9503324.00
20140220	7.40	7.40	7.10	7.10	1680952	12161858.00
20140221	7.10	7.16	7.02	7.08	1155944	8194450.00
20140224	7.08	7.10	6.90	6.98	1197642	8323857.00
20140225	6.99	7.00	6.70	6.75	1347093	9250018.00
20140226	6.72	6.84	6.63	6.81	970445	6518808.00
20140227	6.79	6.95	6.76	6.76	788249	5404806.00
20140228	6.70	7.02	6.70	7.00	908030	6150948.00
20140303	7.01	7.19	6.98	7.16	1537710	10965540.00
20140304	7.24	7.30	7.01	7.15	1772325	12702633.00
20140305	7.05	7.30	7.02	7.21	1509852	10856302.00
20140306	7.17	7.20	7.03	7.18	1224062	8691297.00
20140307	7.20	7.25	7.10	7.21	978286	7012172.00
20140310	7.18	7.18	6.89	6.97	988086	6972057.00
20140311	6.96	7.05	6.68	6.98	762528	5257266.00
20140312	6.98	7.03	6.85	6.99	618649	4297150.00
20140313	7.01	7.20	7.01	7.12	834191	5956482.00
20140314	7.01	7.15	7.01	7.11	915931	6478993.00
20140317	7.11	7.26	7.03	7.23	1388387	9950489.00
20140318	7.29	7.29	7.19	7.21	1003139	7258789.00
20140319	7.02	7.27	7.02	7.21	1415554	10204013.00
20140320	7.28	7.49	7.20	7.24	3485653	25693556.00
20140321	7.21	7.33	7.13	7.31	2637553	19127606.00
20140324	7.35	7.60	7.30	7.58	4797328	36007624.00
20140325	7.58	7.58	7.45	7.52	2908749	21817364.00
20140326	7.54	7.57	7.36	7.50	1405981	10465761.00
20140327	7.46	7.49	7.36	7.37	1576727	11667011.00
20140328	7.31	7.46	7.24	7.42	1193223	8760798.00
20140331	7.39	7.48	7.06	7.06	1647400	11870800.00
20140401	7.08	7.17	7.06	7.16	1158438	8240615.00
20140402	7.16	7.50	7.15	7.18	1536444	11137196.00
20140403	7.13	7.25	7.07	7.13	711878	5078218.00
20140404	7.24	7.29	7.12	7.26	1284986	9266433.00
20140408	7.15	7.29	7.06	7.25	829061	6006172.00
20140409	7.26	7.30	7.20	7.27	1129694	8206947.00
20140410	7.27	7.32	7.20	7.27	1117303	8113562.00
20140411	7.25	7.31	7.22	7.28	1240520	9018518.00
20140414	7.28	7.43	7.20	7.40	2067280	15127260.00
20140415	7.38	7.42	7.30	7.39	1475065	10857150.00
20140416	7.39	7.41	7.28	7.32	1498590	10983454.00
20140417	7.30	7.35	7.22	7.26	1423047	10343075.00
20140418	7.20	7.27	7.14	7.21	1450523	10450031.00
20140421	7.20	7.20	7.03	7.03	1533822	10916685.00
20140422	7.04	7.10	6.93	7.06	1225305	8604333.00
20140423	7.10	7.15	7.04	7.07	633688	4487306.00
20140424	7.10	7.10	6.96	7.05	401229	2820083.00
20140425	7.08	7.10	6.97	7.00	1056590	7419515.00
20140428	7.00	7.00	6.69	6.75	1536270	10410479.00
20140429	6.71	6.85	6.66	6.81	776354	5228326.00
20140430	6.80	6.98	6.74	6.96	704484	4853454.00
20140505	6.81	7.01	6.81	7.01	494894	3431434.00
20140506	7.00	7.09	6.91	6.95	566125	3946104.00
20140507	6.86	6.95	6.76	6.82	443230	3034669.00
20140508	6.73	6.92	6.73	6.86	336199	2309138.00
20140509	6.86	6.96	6.80	6.87	408244	2792824.00
20140512	6.87	7.06	6.80	7.05	918161	6366472.00
20140513	6.99	7.08	6.93	6.96	959453	6709484.00
20140514	6.95	6.98	6.81	6.91	973785	6703664.00
20140515	6.84	6.93	6.77	6.84	568921	3889901.00
20140516	6.76	6.87	6.76	6.78	533085	3621921.00
20140519	6.77	6.78	6.59	6.73	635638	4237899.00
20140520	6.73	6.76	6.55	6.71	1131484	7490995.00
20140521	6.67	6.72	6.55	6.64	949399	6277576.00
20140522	6.61	6.67	6.56	6.58	1139785	7519215.00
20140523	6.58	6.66	6.57	6.63	594388	3939092.00
20140526	6.63	6.84	6.63	6.75	1399815	9426815.00
20140527	6.76	6.83	6.71	6.72	422265	2857617.00
20140528	6.72	6.87	6.72	6.81	875030	5972351.00
20140529	6.80	6.89	6.75	6.77	520006	3549270.00
20140530	6.77	6.87	6.77	6.83	714470	4873420.00
20140603	6.88	6.89	6.81	6.85	610659	4169559.00
20140604	6.87	6.87	6.65	6.78	779786	5281872.00
20140605	6.72	6.84	6.70	6.81	543987	3694874.00
20140606	6.81	6.84	6.74	6.84	860500	5836296.00
20140609	6.81	6.88	6.72	6.74	672750	4567606.00
20140610	6.74	6.82	6.72	6.81	618687	4196067.00
20140611	6.82	6.84	6.77	6.82	794216	5410792.00
20140612	6.82	6.95	6.80	6.86	1129728	7769928.00
20140613	6.85	7.00	6.83	6.92	850506	5886476.00
20140616	6.90	7.02	6.90	6.97	1143100	7991376.00
20140617	6.98	7.00	6.85	6.91	739620	5111342.00
20140618	6.88	7.00	6.88	6.92	680352	4718359.00
20140619	6.92	6.92	6.67	6.69	779706	5264029.00
20140620	6.68	6.83	6.62	6.82	694857	4653904.00
20140623	6.89	6.89	6.62	6.83	664672	4526466.00
20140624	6.80	6.87	6.76	6.79	851440	5783528.00
20140625	6.77	6.82	6.72	6.79	1094919	7417981.00
20140626	6.79	6.83	6.78	6.82	932035	6344695.00
20140627	6.80	7.33	6.77	7.12	3266729	23064412.00
20140630	7.00	7.18	6.98	7.11	1659939	11816719.00
20140701	7.18	7.19	7.05	7.14	1132312	8081469.00
20140702	7.12	7.30	7.12	7.23	1430417	10351052.00
20140703	7.20	7.28	7.17	7.24	872332	6314776.00
20140704	7.24	7.29	7.16	7.28	1197063	8663409.00
20140707	7.30	7.30	7.15	7.23	1572315	11372247.00
20140708	7.23	7.23	7.12	7.15	1721721	12324043.00
20140709	7.15	7.18	7.08	7.08	809074	5762939.00
20140710	7.08	7.12	7.02	7.07	1189156	8415465.00
20140711	7.07	7.16	7.02	7.10	1250918	8901303.00
20140714	7.10	7.25	7.08	7.14	2311529	16557958.00
20140715	7.14	7.65	7.14	7.50	5626895	41838900.00
20140716	7.50	7.50	7.31	7.40	2876453	21245814.00
20140717	7.35	7.41	7.25	7.30	1175156	8593238.00
20140718	7.30	7.47	7.25	7.43	1912735	14141812.00
20140721	7.42	7.44	7.20	7.25	901896	6562359.00
20140722	7.27	7.35	7.20	7.34	2810313	20370288.00
20140723	7.29	7.29	7.13	7.17	2102742	15103589.00
20140724	7.20	7.23	7.07	7.18	1108833	7938979.00
20140725	7.17	7.26	7.10	7.13	2168290	15489971.00
20140728	7.16	7.25	7.12	7.23	2894547	20847654.00
20140729	7.23	7.35	7.23	7.30	1762009	12865054.00
20140730	7.29	7.35	7.24	7.29	1585228	11560218.00
20140731	7.32	7.36	7.28	7.35	2138046	15648345.00
20140801	7.35	7.36	7.22	7.23	1864802	13617207.00
20140804	7.25	7.39	7.17	7.37	2656103	19428304.00
20140805	7.37	7.39	7.28	7.37	2290247	16785840.00
20140806	7.37	7.48	7.33	7.39	2334731	17324620.00
20140807	7.40	7.49	7.36	7.40	2280882	16913484.00
20140808	7.44	8.04	7.40	7.82	7626295	59368884.00
20140811	7.70	7.83	7.65	7.81	3324772	25761398.00
20140812	7.79	7.89	7.71	7.84	2544221	19825562.00
20140813	7.80	7.87	7.71	7.85	1719183	13398381.00
20140814	7.83	7.88	7.69	7.69	1969655	15298234.00
20140815	7.71	7.94	7.70	7.83	2292425	17946460.00
20140818	7.83	8.00	7.77	7.94	2440036	19274676.00
20140819	7.93	8.53	7.88	8.24	5568529	45946300.00
20140820	8.24	8.38	8.16	8.20	3055285	25164888.00
20140821	8.26	8.26	8.11	8.21	2167354	17675594.00
20140822	8.15	8.32	8.15	8.21	2213616	18225012.00
20140825	8.21	8.54	8.18	8.27	2598652	21720660.00
20140826	8.30	8.33	7.91	8.01	3431734	27721294.00
20140827	8.00	8.18	7.97	8.14	1620600	13073443.00
20140828	8.16	8.36	8.01	8.08	2264699	18520044.00
20140829	8.06	8.25	8.06	8.16	1697300	13820237.00
20140901	8.11	8.46	8.11	8.43	2750493	22982072.00
20140902	8.43	8.66	8.35	8.65	4129381	35040788.00
20140903	8.62	8.93	8.57	8.71	3451077	30231012.00
20140904	8.66	8.90	8.65	8.78	3418820	29960012.00
20140905	8.78	8.93	8.60	8.91	4050392	35496544.00
20140909	8.89	9.20	8.80	9.12	3938734	35645120.00
20140910	9.10	9.30	9.00	9.18	3308183	30385576.00
20140911	9.18	9.40	8.75	8.97	5946730	54044944.00
20140912	8.99	9.27	8.83	9.27	2836989	25855528.00
20140915	9.27	9.44	9.02	9.30	4134872	38184640.00
20140916	9.29	9.30	8.80	8.85	3923337	35743768.00
20140917	8.81	8.99	8.71	8.89	3366775	29780520.00
20140918	8.90	9.13	8.80	9.11	3627139	32625872.00
20140919	9.11	9.46	9.00	9.30	3499842	32564108.00
20140922	9.18	9.24	8.93	9.06	3398149	30858146.00
20140923	9.11	9.18	8.97	9.07	4093999	37053800.00
20140924	9.05	9.16	9.03	9.10	3012824	27410368.00
20140925	9.13	9.23	8.99	9.12	3551997	32292740.00
20140926	9.12	9.30	9.03	9.23	3537654	32609166.00
20140929	9.25	9.70	9.15	9.69	5923133	56118436.00
20140930	9.70	10.27	9.69	10.03	6046174	60749848.00
20141008	9.91	10.09	9.85	10.00	3528963	35126704.00
20141009	10.00	10.29	9.95	10.18	4445171	45125728.00
20141010	10.18	10.68	10.00	10.52	6300028	65571360.00
20141013	10.55	10.62	10.13	10.55	4620456	47774052.00
20141014	10.31	10.55	10.16	10.26	3675045	37849440.00
20141015	10.18	10.49	10.18	10.42	3745161	38883552.00
20141016	10.40	10.45	10.17	10.22	2983668	30729140.00
20141017	10.16	10.30	9.68	10.10	5986129	59869784.00
20141020	9.98	10.42	9.98	10.21	3415677	34955900.00
20141021	10.12	10.35	10.02	10.24	2076893	21097904.00
20141022	10.27	10.33	10.06	10.08	2172294	22150654.00
20141023	10.07	10.10	9.73	9.87	2279370	22603456.00
20141024	9.80	10.05	9.80	9.87	1973895	19592616.00
20141027	9.87	10.14	9.68	10.07	2267589	22657348.00
20141028	10.07	10.35	10.03	10.29	2829313	29036428.00
20141029	10.35	10.45	10.25	10.42	3788161	39224248.00
20141030	10.40	10.70	10.39	10.60	4248098	44689416.00
20141031	10.65	11.60	10.43	11.43	7848294	86892072.00
20141103	11.34	11.57	11.17	11.46	4641204	52608072.00
20141104	11.38	11.72	11.29	11.44	3317563	38256712.00
20141105	11.32	11.54	11.10	11.40	3796458	42885584.00
20141106	11.42	11.90	11.21	11.71	4513346	52627452.00
20141107	11.76	11.77	11.48	11.69	3332875	38686672.00
20141110	11.51	11.61	11.26	11.28	3079474	35010016.00
20141111	11.28	11.30	10.40	10.47	7215781	77667104.00
20141112	10.46	10.83	10.43	10.82	3217705	34162224.00
20141113	10.79	10.95	10.49	10.58	2907064	31037660.00
20141114	10.55	10.63	10.43	10.57	2318600	24385512.00
20141117	10.57	10.88	10.38	10.67	2484012	26355346.00
20141118	10.71	11.26	10.65	11.21	3807775	41971016.00
20141119	11.27	11.70	11.05	11.49	4290564	49187864.00
20141120	11.41	11.78	11.30	11.60	3253517	37581416.00
20141121	11.67	11.73	11.40	11.48	2368521	27317250.00
20141124	11.50	11.63	11.23	11.46	4402138	50178932.00
20141125	11.48	11.95	11.27	11.74	4103989	47421096.00
20141126	11.65	12.15	11.50	11.99	4531090	53937288.00
20141127	12.05	12.59	11.95	12.44	5437347	66912280.00
20141128	12.64	12.64	12.23	12.40	4423559	54753756.00
20141201	12.42	12.66	12.03	12.10	3215860	39431824.00
20141202	12.08	12.22	11.86	12.12	2289131	27708148.00
20141203	12.10	12.21	11.47	11.97	5170169	60527672.00
20141204	12.00	12.10	11.60	11.88	3980721	46991976.00
20141205	12.00	12.00	10.69	10.93	8435406	94013736.00
20141208	10.79	11.38	10.57	10.85	4890854	53420112.00
20141209	10.68	10.69	9.88	9.89	7391826	76488360.00
20141210	9.80	10.47	9.76	10.31	3909033	39841508.00
20141211	10.00	10.35	10.00	10.20	4296059	43634856.00
20141212	10.20	11.22	10.03	11.22	11315869	123884240.00
20141215	11.21	11.55	10.88	11.48	7877078	88760880.00
20141216	11.15	12.20	11.15	11.61	7732096	90847376.00
20141217	11.47	12.40	11.10	12.27	12279005	144831968.00
20141218	12.10	12.36	11.83	11.97	4494029	54342552.00
20141219	11.93	12.15	11.35	11.66	4150082	48320420.00
20141222	11.39	11.70	10.66	11.33	7141707	79067880.00
20141223	11.03	11.19	10.80	10.87	2010480	22038846.00
20141224	10.88	11.31	10.85	11.29	2141646	23800388.00
20141225	11.27	11.27	11.03	11.18	3343000	37223976.00
20141226	11.05	11.25	11.02	11.22	1818012	20234660.00
20141229	11.21	11.21	10.80	10.89	2790467	30653956.00
20141230	10.76	10.99	10.30	10.44	2514176	26621208.00
20141231	10.44	10.65	10.44	10.61	2236912	23728810.00
20150105	10.60	10.98	10.55	10.81	2577643	27650836.00
20150106	10.76	10.99	10.50	10.97	2480504	26843042.00
20150107	10.98	11.47	10.98	11.30	3362075	38030884.00
20150108	11.22	11.45	11.16	11.19	2258306	25445276.00
20150109	11.25	11.44	11.10	11.14	2646204	29883192.00
20150112	11.23	11.23	10.59	10.74	2496594	26730400.00
20150113	10.80	11.08	10.55	10.92	1700406	18318460.00
20150114	10.92	10.94	10.60	10.78	1770770	19139368.00
20150115	10.79	10.84	10.70	10.79	1879800	20222974.00
20150116	10.79	10.89	10.63	10.84	1781600	19202026.00
20150119	10.65	11.18	10.43	11.00	3779665	41482496.00
20150120	11.10	11.88	11.08	11.70	6198460	71792864.00
20150529	12.87	12.87	12.87	12.87	1264003	16267719.00
20150601	14.16	14.16	14.16	14.16	360691	5107385.00
20150602	15.58	15.58	15.58	15.58	350912	5467209.00
20150603	17.14	17.14	17.14	17.14	1013346	17368750.00
20150604	18.85	18.85	18.80	18.85	31566103	594968000.00
20150605	18.90	19.73	17.90	18.77	32625894	607422656.00
20150608	18.98	19.27	18.01	18.05	21939467	406239872.00
20150609	18.06	18.65	17.85	18.56	16426831	300209760.00
20150610	18.46	19.41	18.22	18.89	24231631	457986976.00
20150611	18.85	20.64	18.13	19.96	20635617	401696960.00
20150612	19.79	21.96	19.63	21.47	20854569	432972448.00
20150615	21.92	23.00	20.58	20.84	19756829	429500096.00
20150616	20.50	20.50	19.19	19.46	15332702	301965600.00
20150617	19.46	20.36	18.49	20.06	14015799	271667968.00
20150618	19.80	19.99	18.40	18.70	10688564	208052288.00
20150619	18.10	18.45	16.83	16.83	9538887	167035296.00
20150623	16.66	17.20	15.38	16.40	9137795	148653232.00
20150624	16.53	17.45	16.53	17.25	12751107	215499888.00
20150625	17.41	18.18	16.77	16.95	9447632	164649088.00
20150626	15.99	17.49	15.26	15.26	13269427	212719696.00
20150629	15.60	15.97	13.73	13.73	11300979	163507824.00
20150630	13.85	15.10	12.41	15.10	15428575	212129536.00
20150701	14.70	15.50	13.59	13.59	9725326	143336416.00
20150702	13.59	14.02	12.23	12.23	11091205	144849392.00
20150703	11.65	12.37	11.01	11.01	14368467	163473152.00
20150706	12.11	12.11	9.91	9.91	14987149	161206544.00
20150707	9.05	9.35	8.92	8.92	4574900	41002288.00
20150708	8.03	8.03	8.03	8.03	375900	3018477.00
20150709	7.23	8.83	7.23	8.83	12018406	96200816.00
20150710	9.01	9.71	8.93	9.71	4221504	39986720.00
20150713	10.60	10.68	10.10	10.68	9623253	101672672.00
20150714	11.30	11.75	11.23	11.75	19021614	222248512.00
20150715	11.50	11.97	10.58	10.58	14994764	168651024.00
20150716	9.81	11.60	9.68	11.57	9592073	103010712.00
20150717	11.50	12.50	11.21	12.14	8502014	102226984.00
20150720	12.14	13.19	11.93	13.15	11035321	138333088.00
20150721	12.89	13.70	12.50	13.26	8930591	118478832.00
20150722	13.20	13.70	12.66	13.44	8785356	115397856.00
20150723	13.30	14.78	13.18	14.73	10054340	142539648.00
20150724	14.50	14.94	14.10	14.17	8785793	127120984.00
20150727	13.78	14.53	12.75	12.75	11078494	150211104.00
20150728	12.00	13.10	11.48	12.07	8406343	101190136.00
20150729	12.80	13.10	11.70	13.08	5038654	62665072.00
20150730	13.06	13.49	12.50	12.69	6325797	83439008.00
20150731	12.34	13.00	12.33	12.97	6142684	77946664.00
20150803	12.70	13.19	11.82	11.93	4447007	55504276.00
20150804	12.03	13.12	12.00	13.01	5022022	63475396.00
20150805	12.91	13.44	12.62	12.76	4601590	60019360.00
20150806	12.60	13.33	12.50	12.96	4485601	58253208.00
20150807	13.20	13.66	12.96	13.47	4505970	60444712.00
20150810	13.88	14.56	13.52	14.24	5722469	80821920.00
20150811	14.25	14.65	14.10	14.38	6392378	91986656.00
20150812	14.91	15.50	14.50	14.80	9283455	138856832.00
20150813	14.51	14.96	13.91	14.88	6830296	99518232.00
20150814	14.87	15.50	14.60	15.33	10322263	155312896.00
20150817	15.34	15.65	14.95	15.58	8342714	128175064.00
20150818	15.50	15.50	14.02	14.02	10301709	153826928.00
20150819	13.67	14.71	13.10	14.58	7366173	102666992.00
20150820	14.00	15.20	14.00	14.56	5111926	75567792.00
20150821	14.20	14.74	13.51	13.56	4809199	67610856.00
20150824	12.65	12.98	12.20	12.20	2426485	29969592.00
20150825	10.98	11.15	10.98	10.98	8004594	87971520.00
20150826	10.25	11.34	9.88	9.93	6780245	71458408.00
20150827	10.49	10.59	9.70	10.46	5390574	55140200.00
20150828	10.51	11.51	10.51	11.51	6484189	72392368.00
20150831	11.45	11.45	10.57	10.66	5477767	60396372.00
20150901	10.66	10.88	9.70	10.30	4078498	41645444.00
20150902	9.75	10.78	9.58	9.73	3103608	31416242.00
20150907	9.95	10.44	9.90	10.03	2527500	25622148.00
20150908	10.03	10.67	9.96	10.62	4154397	42979312.00
20150909	10.68	11.26	10.50	10.99	6593706	71760960.00
20150910	10.81	10.99	10.52	10.63	3845000	41302756.00
20150911	10.79	10.94	10.56	10.88	3401700	36675236.00
20150914	11.97	11.97	11.45	11.73	22692426	269631648.00
20150915	11.02	11.20	10.56	10.56	13771405	146801680.00
20150916	10.23	11.58	10.23	11.31	12713149	137861536.00
20150917	11.10	11.33	10.23	10.29	11215588	122599808.00
20150918	10.42	10.68	10.20	10.53	5378125	55971000.00
20150921	10.20	10.85	10.07	10.78	5717848	60467136.00
20150922	10.81	11.51	10.68	11.25	8660523	96129280.00
20150923	10.99	11.08	10.66	10.87	5748836	62672324.00
20150924	10.83	11.45	10.82	11.18	4967883	55472100.00
20150925	11.10	11.17	10.67	10.78	4048801	44084132.00
20150928	10.78	11.80	10.78	11.73	8134477	93005832.00
20150929	11.31	12.58	11.25	11.86	7950089	94785952.00
20150930	11.86	12.23	11.66	11.73	3975889	47275684.00
20151008	12.19	12.83	11.81	12.53	6922080	85872184.00
20151009	12.53	13.12	12.11	12.97	5915581	76023848.00
20151012	12.98	13.98	12.97	13.74	6709427	90790656.00
20151013	13.71	14.41	13.50	14.23	6590785	92562992.00
20151014	14.00	14.30	13.75	13.80	4257903	59689184.00
20151015	13.75	14.20	13.75	14.08	3192570	44809684.00
20151016	14.05	15.38	14.05	15.21	9185996	136279440.00
20151019	15.23	15.61	14.62	14.83	5110520	77015864.00
20151020	14.80	15.45	14.80	15.00	4456614	67082192.00
20151021	15.10	15.11	13.50	13.82	7268958	104487560.00
20151022	13.83	14.98	13.60	14.83	5366682	76692632.00
20151023	14.82	15.19	14.53	14.89	5707242	84954480.00
20151026	15.38	15.38	14.75	15.08	5304274	79983448.00
20151027	15.14	15.20	14.50	15.10	4479383	66752212.00
20151028	15.10	15.30	14.38	14.60	4310666	64070528.00
20151029	14.68	15.05	14.52	14.83	3073187	45549308.00
20151030	14.85	16.00	14.71	15.48	6993990	109237648.00
20151116	17.03	17.03	17.03	17.03	154900	2637947.00
20151117	18.73	18.73	18.73	18.73	496900	9306937.00
20151118	19.10	19.99	18.73	19.25	18616978	358762400.00
20151119	19.07	20.60	18.51	19.91	16111086	312500512.00
20151120	19.65	20.35	19.41	19.87	11652839	231447296.00
20151123	19.59	21.05	19.59	20.39	9571118	194088752.00
20151124	20.31	20.40	19.83	20.14	6396358	128100432.00
20151125	20.12	21.12	20.02	20.58	6892925	142208304.00
20151126	20.65	22.25	20.27	21.80	13156934	283475168.00
20151127	21.78	22.88	20.91	21.11	14477244	316757728.00
20151130	20.69	22.22	20.30	22.20	10321324	221828672.00
20151201	22.26	23.00	21.50	22.15	6842183	152226592.00
20151202	21.90	22.48	19.94	20.73	6104480	128356224.00
20151203	20.71	21.65	19.52	21.30	6726017	139268656.00
20151204	21.02	21.45	20.23	21.02	5035002	105781104.00
20151207	21.01	21.49	20.54	21.26	3993017	84168928.00
20151208	21.20	22.20	21.08	21.93	5365756	116995688.00
20151209	22.00	24.12	21.50	24.12	8717879	199924688.00
20151210	23.60	25.30	22.95	24.90	11926788	286423008.00
20151211	24.43	24.90	23.35	23.51	6568542	156551680.00
20151214	22.97	23.49	22.61	23.18	3702070	85359792.00
20151215	23.18	24.20	23.02	23.83	2808097	66660544.00
20151216	23.85	24.42	23.50	23.51	4349174	103402208.00
20151217	23.53	24.20	23.38	24.02	4089987	97249208.00
20151218	23.77	25.70	23.66	25.46	6394130	158184112.00
20151221	25.44	25.45	24.36	24.45	4213119	104290032.00
20151222	24.02	24.50	23.50	24.00	3876820	93108336.00
20151223	23.95	24.42	23.80	23.94	2993737	72224032.00
20151224	23.74	24.28	23.53	24.21	3767414	90142032.00
20151225	24.23	24.49	23.58	23.70	4291904	102773904.00
20151228	23.61	23.88	22.36	22.51	6325686	145325248.00
20151229	22.55	22.68	20.70	22.38	5594367	121407488.00
20151230	22.22	23.44	21.83	22.99	2979345	68153016.00
20151231	23.10	23.60	22.31	22.64	2663350	61285576.00
20160104	22.80	22.98	20.68	20.71	2094818	44945772.00
20160105	19.69	22.50	19.60	21.34	6337971	135583152.00
20160106	21.34	22.00	21.00	21.66	3252574	70115472.00
20160107	21.00	21.49	19.49	19.49	697101	14047464.00
20160108	20.10	20.49	18.18	19.76	4950731	97806584.00
20160111	19.85	20.29	17.78	17.78	5895476	110648000.00
20160112	17.90	18.28	16.85	17.98	2993905	53276148.00
20160113	18.00	18.42	16.20	16.30	4996024	86509656.00
20160114	15.68	17.19	15.01	16.76	6629623	104806736.00
20160115	16.50	17.00	15.15	15.52	4197978	67270096.00
20160118	14.82	16.48	14.63	15.88	5541269	85056832.00
20160119	15.65	17.36	15.65	17.26	5503810	91213640.00
20160120	17.43	18.54	17.00	18.33	5248784	93799264.00
20160121	17.90	19.30	17.52	17.70	5150612	95838040.00
20160122	18.22	18.46	17.22	18.25	3883284	69274296.00
20160125	18.60	18.67	17.80	18.19	2432653	44407956.00
20160126	18.00	18.20	16.37	16.45	4163237	71777632.00
20160127	16.40	17.79	15.01	17.04	5740628	92864632.00
20160128	16.56	17.47	15.78	16.06	3479522	58671840.00
20160129	16.04	17.50	15.81	17.09	3362243	56378468.00
20160201	17.07	17.93	16.81	17.58	3035317	52864796.00
20160202	17.58	18.65	17.50	18.61	3382954	62131968.00
20160203	18.51	18.96	18.20	18.90	2501907	46261512.00
20160204	18.99	19.40	18.60	18.88	3727231	70419304.00
20160205	18.88	19.13	18.27	18.78	1776363	33335660.00
20160215	17.92	18.87	17.92	18.55	1540000	28566570.00
20160216	18.74	19.30	18.65	19.17	3264987	61971272.00
20160217	19.29	19.32	18.72	18.97	1571808	29911466.00
20160218	18.96	19.99	18.90	19.05	2503777	48657640.00
20160219	19.07	19.43	18.56	18.91	2542799	48198212.00
20160222	18.87	18.98	18.11	18.84	5826566	107799688.00
20160223	18.77	18.77	17.82	18.17	4849367	88344808.00
20160224	18.02	18.55	17.78	18.53	3694641	67747168.00
20160225	18.38	18.42	16.68	16.89	4015890	70191000.00
20160226	16.88	17.95	16.62	17.34	2443892	41990496.00
20160229	17.21	17.21	15.61	15.77	3287787	51887912.00
20160301	15.80	16.19	15.33	15.96	2589801	41418348.00
20160302	15.98	16.70	15.55	16.62	4181791	67935896.00
20160303	16.53	16.78	16.33	16.56	3559915	59041320.00
20160304	16.50	16.90	15.70	16.58	3599010	59565080.00
20160307	16.66	17.12	16.52	16.58	2314768	38888484.00
20160308	16.80	16.84	15.52	16.63	2334167	37879920.00
20160309	16.40	18.29	16.08	18.29	7784508	138505664.00
20160310	18.46	18.54	17.73	18.16	4880061	88678960.00
20160311	18.13	18.29	17.11	18.17	3160490	56108536.00
20160314	18.22	19.30	18.12	18.93	6506122	122502008.00
20160315	18.62	20.70	18.62	20.31	5329576	104162168.00
20160316	20.33	21.73	19.81	20.27	5617824	116133352.00
20160317	20.00	20.80	19.64	20.30	5971590	121074472.00
20160318	20.08	20.78	19.88	20.45	5215162	106758392.00
20160321	20.70	21.11	20.40	20.88	5884513	121657440.00
20160322	20.48	21.32	20.30	20.50	5104375	106768160.00
20160323	21.20	22.00	20.90	21.72	6994208	149148544.00
20160324	21.60	21.60	20.55	20.59	4134882	86655496.00
20160325	20.31	20.89	20.27	20.60	2316625	47639984.00
20160328	20.62	21.50	20.35	20.58	3712830	77892856.00
20160329	20.45	20.78	19.48	19.79	2227333	44574664.00
20160330	20.21	20.55	20.06	20.53	1822996	37007860.00
20160331	20.55	20.76	20.30	20.45	1873312	38371568.00
20160401	20.51	20.51	20.00	20.34	1495500	30329692.00
20160405	20.31	21.60	20.30	21.52	3996244	84808432.00
20160406	21.25	22.30	21.11	21.72	4268514	93409320.00
20160407	21.72	22.00	20.80	20.95	3217358	68140352.00
20160408	20.78	20.88	20.35	20.61	1865834	38289400.00
20160411	20.66	21.50	20.66	20.85	2056223	43357516.00
20160412	20.81	21.50	20.35	21.44	3062744	64098508.00
20160413	21.43	23.58	21.23	23.58	10682431	244957888.00
20160414	23.80	24.00	23.19	23.44	3783077	88946816.00
20160415	23.50	23.80	23.10	23.76	2660699	62452008.00
20160418	23.70	26.14	22.61	26.14	7349544	180180128.00
20160419	26.57	28.74	25.22	28.11	11519191	306879680.00
20160421	26.50	27.40	25.35	25.51	6376748	169181216.00
20160422	25.46	26.46	24.28	25.35	4357239	110518792.00
20160425	25.15	26.20	24.50	25.64	3299329	84717320.00
20160426	25.49	26.58	24.88	26.35	3349693	85376096.00
20160427	26.15	26.78	24.81	25.05	3388434	88124088.00
20160428	25.31	25.55	23.70	25.34	4128725	101842176.00
20160429	25.00	25.67	24.80	25.20	1846696	46757100.00
20160503	25.20	25.93	25.10	25.76	2244490	57477684.00
20160504	26.00	26.46	25.45	25.64	2836650	73631248.00
20160505	25.48	25.98	25.15	25.81	1968708	50183888.00
20160506	25.71	26.17	23.23	23.73	3941552	96739200.00
20160509	23.30	23.30	21.36	21.36	5378671	116064800.00
20160510	21.29	21.50	20.40	20.65	3012233	62551256.00
20160511	20.80	21.00	19.82	19.90	2497472	50932032.00
20160512	20.00	20.00	18.51	19.35	2711355	51752040.00
20160513	19.40	19.77	19.00	19.70	2095965	40785984.00
20160516	19.91	20.68	19.51	20.62	2686062	54470544.00
20160517	20.55	21.00	20.30	20.40	2026455	41676180.00
20160518	19.10	20.68	19.00	20.38	3118667	60486488.00
20160519	19.83	21.47	19.72	20.75	3616389	74406200.00
20160520	20.30	20.74	20.21	20.42	1756831	36027640.00
20160523	20.50	20.66	20.20	20.44	1653102	33727684.00
20160524	20.31	20.63	19.68	19.69	1506610	30127048.00
20160525	20.00	20.00	19.10	19.44	1397442	27430660.00
20160526	19.44	19.86	19.06	19.74	1463322	28457108.00
20160527	19.59	20.70	19.59	20.64	2389536	48203872.00
20160530	20.40	21.14	20.00	20.89	2677054	54853864.00
20160531	20.88	21.63	20.55	21.39	7664586	161570624.00
20160601	21.07	21.38	20.90	20.97	4010804	84585656.00
20160602	20.90	20.93	20.39	20.68	3492867	72033120.00
20160603	20.56	20.88	20.49	20.54	2909910	60138676.00
20160606	20.75	20.98	20.41	20.95	2823168	58444980.00
20160607	20.96	21.14	20.16	20.23	3046099	62622224.00
20160608	20.01	20.23	19.20	19.51	3741899	73217672.00
20160613	19.30	19.87	18.30	18.39	2782851	53661616.00
20160614	18.16	18.78	18.16	18.50	1991268	36924388.00
20160615	18.10	19.22	18.09	18.92	2339956	44138240.00
20160616	19.09	19.50	18.87	19.13	2136760	40937792.00
20160617	19.32	21.04	18.83	20.72	5487198	110863344.00
20160620	20.01	20.88	19.50	20.37	5494680	109750512.00
20160621	20.28	20.98	19.75	20.63	4569012	92330224.00
20160622	20.41	21.50	20.30	21.37	4821875	100425784.00
20160623	21.34	21.49	19.23	19.50	10199449	207410576.00
20160624	19.29	20.15	18.15	19.76	7073669	135153024.00
20160627	19.50	20.24	19.20	19.80	4493239	89504680.00
20160628	20.00	20.49	19.78	20.07	3991096	80371136.00
20160629	20.05	20.38	19.88	20.06	2872346	57872164.00
20160630	20.20	20.27	19.90	19.98	2415648	48501264.00
20160701	20.00	20.35	19.82	20.08	2269046	45576292.00
20160704	20.08	20.36	19.91	20.27	2364931	47758832.00
20160705	20.45	20.50	20.18	20.50	3569026	72616936.00
20160706	20.50	20.98	20.29	20.83	3891700	80696352.00
20160707	20.80	21.18	20.60	20.63	2887200	60360880.00
20160708	20.65	20.69	20.00	20.21	2086600	42284064.00
20160711	20.27	20.43	20.09	20.10	1656100	33505882.00
20160712	20.11	20.29	19.70	20.09	1684800	33696312.00
20160713	20.20	20.30	20.02	20.19	1704000	34374660.00
20160714	20.25	21.00	20.10	20.96	3645900	75449488.00
20160715	20.85	21.31	20.68	20.69	3045900	63802096.00
20160718	20.68	21.02	20.30	20.93	2560000	53229312.00
20160719	20.90	20.90	20.35	20.67	1726400	35561160.00
20160720	20.65	20.87	20.50	20.60	1110900	22946384.00
20160721	20.56	20.69	20.41	20.43	1410200	28959648.00
20160722	20.43	20.58	20.16	20.48	1159200	23661552.00
20160725	20.48	20.88	20.22	20.83	2855700	58913152.00
20160726	20.88	21.08	20.60	20.85	2080600	43278884.00
20160727	20.85	20.98	19.61	19.70	2522446	50983504.00
20160728	19.51	19.88	19.28	19.61	1427808	28015696.00
20160729	19.55	19.85	19.50	19.81	929101	18263376.00
20160801	19.68	19.79	18.30	19.14	1116143	21334724.00
20160802	18.78	19.70	18.78	19.50	1148411	22328616.00
20160803	19.50	19.71	19.23	19.27	1141322	22266468.00
20160804	19.27	19.39	18.98	19.05	1588139	30309066.00
20160805	19.15	19.32	19.03	19.18	1751771	33545960.00
20160808	19.12	19.47	19.09	19.31	1148454	22196298.00
20160809	19.31	19.43	19.18	19.27	1212700	23393212.00
20160810	19.08	19.35	19.08	19.19	1001000	19272652.00
20160811	19.19	19.28	19.02	19.13	1142516	21881350.00
20160812	19.09	19.22	19.02	19.14	692942	13266486.00
20160815	19.16	19.71	19.12	19.38	1181196	22892032.00
20160816	19.48	19.58	19.35	19.41	1258443	24452524.00
20160817	19.42	19.47	19.13	19.39	1087041	20987992.00
20160818	19.50	20.23	19.31	20.03	2637300	52350916.00
20160819	19.90	20.00	19.64	19.79	1135637	22455832.00
20160822	19.62	19.97	19.38	19.43	1026300	20020192.00
20160823	19.38	19.43	19.20	19.28	991100	19115068.00
20160824	19.28	19.39	19.19	19.22	772900	14899414.00
20160825	19.18	19.31	18.91	19.07	928100	17673028.00
20160826	19.07	19.47	19.07	19.28	900700	17357400.00
20160829	19.24	19.60	19.24	19.48	1168424	22739290.00
20160830	19.61	19.62	19.01	19.30	992301	19176940.00
20160831	19.39	19.50	19.05	19.42	1005182	19465250.00
20160901	19.45	19.72	19.35	19.36	1024360	20021952.00
20160902	19.36	19.53	19.01	19.18	1252659	24134786.00
20160905	19.15	19.52	19.15	19.43	1249971	24188156.00
20160906	19.58	19.58	19.24	19.48	1160193	22541934.00
20160907	19.56	19.66	19.30	19.55	2978286	58089408.00
20160908	19.98	20.88	19.75	20.31	3712600	75599312.00
20160909	20.12	20.63	20.00	20.56	2864242	58166584.00
20160912	20.02	20.37	19.55	19.57	2681605	53330472.00
20160913	19.66	19.94	19.40	19.81	1477923	29034144.00
20160914	19.70	20.39	19.55	20.30	2789657	56337876.00
20160919	20.40	20.70	19.93	20.13	2247083	45521248.00
20160920	20.01	21.30	19.91	21.14	4661156	96502928.00
20160921	21.00	21.21	20.70	21.18	3730249	78226144.00
20160922	21.19	21.50	20.84	20.93	3171414	66885892.00
20160923	20.85	21.13	20.51	20.68	2148050	44526876.00
20160926	20.75	21.31	20.55	21.12	4391562	92509760.00
20160927	20.95	21.19	20.55	20.92	2505378	51979432.00
20160928	20.80	21.13	20.24	20.29	2176774	45021740.00
20160929	20.29	20.47	20.10	20.41	2167991	43973716.00
20160930	20.26	20.52	20.23	20.44	1214000	24757408.00
20161010	20.85	20.86	20.29	20.80	3100118	63861220.00
20161011	20.81	20.96	20.63	20.85	2110337	43789576.00
20161012	20.85	21.50	20.71	21.41	5481094	116419856.00
20161013	21.55	21.69	21.08	21.50	4097058	87554640.00
20161014	22.12	22.16	21.43	21.54	4423170	96344856.00
20161017	21.45	21.67	21.01	21.09	2856495	60532256.00
20161018	21.14	21.28	21.03	21.22	2140630	45335248.00
20161019	21.16	21.45	21.16	21.26	2252386	47993132.00
20161020	21.24	21.29	20.90	21.02	1889507	39723392.00
20161021	21.02	21.20	20.77	21.09	1997370	41927520.00
20161024	21.05	21.34	21.05	21.24	1496204	31726264.00
20161025	21.24	21.85	21.17	21.75	3989187	86228696.00
20161026	21.70	21.94	21.42	21.87	2644584	57596208.00
20161027	21.80	23.30	21.65	23.01	6131564	139042128.00
20161028	22.78	23.19	22.51	23.01	4023736	91780584.00
20161031	23.10	23.10	22.31	22.64	2835600	64274744.00
20161101	22.60	22.96	22.40	22.83	2262800	51472352.00
20161102	22.83	23.09	22.41	22.66	2283800	52052192.00
20161103	22.58	23.09	22.46	22.67	2208479	50451796.00
20161104	22.67	22.89	22.21	22.23	1799700	40401860.00
20161107	22.28	22.97	22.19	22.92	2145948	48763236.00
20161108	22.89	23.16	22.71	22.87	1577637	36227804.00
20161109	22.87	22.87	22.20	22.37	1423456	32067760.00
20161110	22.87	22.99	22.61	22.75	1217896	27770984.00
20161111	22.88	23.01	22.68	22.92	1479411	33864344.00
20161114	22.90	23.99	22.20	23.79	2898763	68227552.00
20161115	23.78	23.82	23.34	23.52	1621724	38239224.00
20161116	23.52	23.89	23.05	23.59	1242400	29204652.00
20161117	23.60	25.95	23.32	24.59	4388800	108420600.00
20161118	24.26	25.23	24.26	24.91	3636700	90474848.00
20161121	24.63	25.10	24.42	24.49	2029300	50295908.00
20161122	24.46	24.83	24.00	24.30	1960956	47733668.00
20161123	24.24	25.90	24.20	25.72	3604302	90248864.00
20161124	25.35	26.33	25.11	25.20	2974200	76094896.00
20161125	25.19	25.20	23.70	24.74	2412400	59100676.00
20161128	24.74	24.94	24.31	24.33	1205300	29517470.00
20161129	24.20	24.60	23.70	23.80	1619500	39099880.00
20161130	23.65	23.89	22.46	23.30	2970500	68396288.00
20161201	23.17	24.08	23.10	23.44	1572666	37209264.00
20161202	23.65	23.65	22.68	23.15	1233871	28543668.00
20161205	22.54	23.17	22.54	22.93	814000	18730008.00
20161206	22.79	23.48	22.79	23.05	651300	15112313.00
20161207	23.38	23.38	23.02	23.33	706300	16436127.00
20161208	23.38	23.60	23.10	23.18	867300	20187944.00
20161209	23.22	24.75	23.18	24.24	2264100	54457840.00
20161212	24.01	24.04	23.02	23.24	1941970	45552772.00
20161213	23.16	23.20	22.70	23.07	941446	21622970.00
20161214	23.07	23.39	23.00	23.12	838997	19435388.00
20161215	23.12	23.37	22.80	23.14	844100	19546262.00
20161216	23.16	23.58	23.14	23.32	1107393	25859060.00
20161219	23.15	23.42	22.71	23.09	986116	22792090.00
20161220	23.02	24.00	23.02	23.98	1858103	43622428.00
20161221	23.97	24.09	23.73	24.00	1028438	24560912.00
20161222	24.00	24.65	23.70	24.60	2389629	58399372.00
20161223	24.40	24.58	23.88	24.24	1479725	35670512.00
20161226	24.24	25.44	23.44	24.85	2681897	66180032.00
20161227	24.65	24.96	24.31	24.72	1834122	45216672.00
20161228	24.60	25.20	24.50	24.62	1307126	32612714.00
20161229	24.62	24.90	24.18	24.47	964200	23525782.00
20161230	24.47	24.70	24.20	24.51	1122800	27525364.00
20170103	24.20	24.81	24.16	24.27	1345200	32738528.00
20170104	24.27	24.54	23.98	24.37	1190940	28809456.00
20170105	24.33	24.35	23.91	23.99	1187871	28571242.00
20170106	23.99	24.11	23.85	23.87	796910	19075200.00
20170109	23.87	24.38	23.68	24.21	1032230	24912020.00
20170110	24.22	24.36	24.03	24.13	1033223	25038698.00
20170111	24.24	24.29	24.04	24.13	1150431	27785348.00
20170112	24.19	24.28	23.82	23.88	637269	15367396.00
20170113	23.93	24.07	23.84	23.87	982574	23542780.00
20170116	23.87	23.95	21.48	21.65	5360890	117285504.00
20170117	21.39	22.30	20.86	22.04	1945226	41834440.00
20170118	21.95	22.58	21.95	22.41	946099	21257360.00
20170119	22.02	23.28	22.00	23.01	1666086	38063176.00
20170120	22.84	22.84	22.54	22.71	687315	15573606.00
20170123	22.99	22.99	22.47	22.67	426800	9702174.00
20170124	23.01	23.01	22.39	22.62	507500	11442588.00
20170125	22.72	22.72	22.40	22.57	260129	5862972.00
20170126	22.58	22.96	22.37	22.84	370974	8371295.00
20170203	22.84	23.03	22.65	22.70	221338	5050360.00
20170206	22.98	22.98	22.63	22.90	460706	10514371.00
20170207	22.90	23.04	22.41	22.58	351900	8007953.00
20170208	22.44	22.87	22.44	22.84	313630	7129428.00
20170209	22.99	23.03	22.80	22.99	915169	21010556.00
20170210	23.16	23.16	22.78	23.04	674965	15450164.00
20170213	22.97	23.11	22.60	22.87	687728	15750115.00
20170214	22.78	24.88	22.70	24.01	2673876	64147680.00
20170215	23.70	23.86	23.18	23.23	1378266	32338820.00
20170216	23.00	23.30	23.00	23.07	648161	14982116.00
20170217	23.07	23.07	20.76	21.77	1658701	36753080.00
20170220	21.60	21.80	19.98	21.40	3647500	75471664.00
20170221	21.01	21.30	20.51	21.07	1742901	36642384.00
20170222	21.00	21.35	21.00	21.30	1568334	33260336.00
20170223	21.41	21.50	20.96	21.04	1008516	21324808.00
20170224	21.04	21.20	20.89	20.97	1141500	24004262.00
20170227	20.97	21.30	20.85	20.95	1048800	22075712.00
20170228	20.89	21.26	20.79	21.24	1011640	21273536.00
20170301	21.24	21.77	21.05	21.51	1656960	35474132.00
20170302	21.52	21.78	21.37	21.63	1529083	33078854.00
20170303	21.63	22.12	21.40	21.97	1895233	41471020.00
20170317	21.48	21.97	20.35	20.84	4149918	86543936.00
20170320	20.59	20.59	19.94	20.12	3078800	62306844.00
20170321	20.10	20.10	19.43	19.66	4555200	89235632.00
20170322	19.57	19.62	18.51	18.83	6748528	127087248.00
20170323	18.75	18.81	18.11	18.18	7241498	132706576.00
20170324	18.24	18.35	17.65	17.83	6830300	122123328.00
20170327	17.83	18.41	17.60	18.38	9004399	162497952.00
20170328	18.22	18.70	18.13	18.62	6315647	116979920.00
20170329	18.71	18.71	18.13	18.39	3092293	56597568.00
20170330	18.29	18.29	17.41	17.69	3973984	70441584.00
20170331	17.57	19.02	17.30	18.83	3908990	70064904.00
20170405	18.45	18.68	18.35	18.47	3115185	57680720.00
20170406	18.39	18.51	18.11	18.16	2471086	45078152.00
20170407	18.20	18.36	18.00	18.06	2294349	41570184.00
20170410	18.06	18.42	17.80	18.23	2795746	51075896.00
20170411	18.13	18.32	17.71	18.01	2291800	41193660.00
20170412	18.10	18.29	17.93	18.01	1482900	26868664.00
20170413	18.02	18.19	17.78	18.04	1338002	23996084.00
20170414	18.10	18.10	17.70	17.73	1062300	19004230.00
20170417	17.73	17.83	17.53	17.60	1071045	18936354.00
20170418	17.50	17.60	16.30	16.35	1946180	33157088.00
20170419	16.43	16.45	15.39	15.63	2976827	46705632.00
20170420	15.65	15.77	15.02	15.31	2187896	33745184.00
20170421	15.50	15.63	15.15	15.22	1256100	19302144.00
20170424	15.22	15.30	13.70	13.70	2665900	38123076.00
20170425	13.60	14.32	13.60	14.11	2032300	28547220.00
20170426	14.21	14.54	14.15	14.24	1314000	18855504.00
20170427	14.47	14.47	13.35	13.78	2199700	30440170.00
20170428	13.90	14.22	13.71	14.07	2127701	29784764.00
20170502	14.00	14.52	13.98	14.03	1991176	28334798.00
20170503	14.11	14.24	13.99	14.09	1020388	14372805.00
20170504	14.09	14.19	13.24	14.09	1133100	15809994.00
20170505	14.32	14.59	14.11	14.13	2280300	32846020.00
20170508	13.91	13.91	13.36	13.41	2055400	27970006.00
20170509	13.40	13.54	13.04	13.29	1858900	24661656.00
20170510	13.36	13.50	13.09	13.11	997900	13276180.00
20170511	13.12	13.12	12.20	12.58	1642900	20665176.00
20170512	12.66	12.79	12.26	12.42	1113392	13843625.00
20170515	12.43	12.65	12.39	12.60	1027940	12856011.00
20170516	12.65	13.46	12.46	13.22	2156018	28083928.00
20170517	13.12	13.33	13.00	13.25	1248143	16490065.00
20170518	13.15	13.46	12.92	13.06	1210800	15962397.00
20170519	13.06	13.14	12.62	12.77	1282801	16395989.00
20170522	12.75	12.90	12.25	12.47	1861279	23436148.00
20170523	12.45	12.45	11.78	11.90	1762200	21229060.00
20170524	11.89	11.95	11.36	11.93	1216800	14196307.00
20170525	11.97	12.30	11.75	11.99	1911200	22949164.00
20170526	12.05	12.28	12.02	12.10	1117300	13549131.00
20170531	12.15	12.37	12.01	12.16	1201940	14671941.00
20170601	12.10	12.10	11.46	11.76	1618700	19023040.00
20170602	11.76	12.06	11.38	12.00	1335843	15589003.00
20170605	12.07	12.20	11.90	11.99	1163456	13981466.00
20170606	12.01	12.09	11.82	11.99	1084892	12984061.00
20170607	12.06	12.38	12.00	12.34	1989019	24332614.00
20170608	12.29	12.69	12.18	12.43	1832176	22887164.00
20170609	12.25	12.54	12.14	12.44	1629996	20032834.00
20170612	12.39	12.40	12.02	12.06	1443600	17489980.00
20170613	12.72	12.85	12.35	12.58	3225482	40606308.00
20170614	12.48	12.58	12.28	12.39	1984097	24650296.00
20170615	12.41	13.20	12.41	12.92	3779144	48532924.00
20170616	12.96	13.17	12.73	13.08	2205534	28597356.00
20170619	12.99	13.29	12.96	13.23	1940069	25517464.00
20170620	13.20	14.40	13.15	13.60	3311820	45544184.00
20170621	13.60	13.85	13.33	13.58	1924735	26103344.00
20170622	13.59	13.60	12.82	12.84	1891574	24921176.00
20170623	13.02	13.20	12.76	13.00	1557961	20220004.00
20170626	12.92	13.34	12.73	13.19	1360334	17879568.00
20170627	13.30	13.74	13.12	13.18	1865307	24898968.00
20170628	13.21	13.31	12.91	12.95	1411679	18449746.00
20170629	13.17	13.28	13.04	13.07	971700	12757366.00
20170630	12.99	13.26	12.86	13.20	1147056	15091630.00
20170711	13.20	13.20	13.20	13.20	0	0.00
数据来源:通达信
