600093 易见股份 日线 前复权
      日期	    开盘	    最高	    最低	    收盘	    成交量	    成交额
20111010	5.64	5.69	5.58	5.59	1237235	7013659.00
20111011	5.75	5.79	5.44	5.50	2855394	16116559.00
20111012	5.50	5.74	5.45	5.71	3489716	19824624.00
20111013	5.69	5.81	5.63	5.80	4234000	24591210.00
20111014	5.82	5.82	5.70	5.78	2694836	15624808.00
20111017	5.79	5.83	5.76	5.78	2459443	14346484.00
20111018	5.73	5.96	5.60	5.67	7447397	43770148.00
20111019	5.67	5.81	5.67	5.79	3330898	19283144.00
20111020	5.80	5.80	5.52	5.56	3230853	18209912.00
20111021	5.58	5.80	5.56	5.72	5362153	30805824.00
20111024	5.74	5.93	5.73	5.92	7316828	42940160.00
20111025	5.89	6.11	5.81	6.02	9358424	56588720.00
20111026	5.97	6.27	5.93	6.24	15753884	97395808.00
20111027	6.20	6.30	6.11	6.27	17456370	108884032.00
20111028	6.24	6.71	6.14	6.56	23283683	148360736.00
20111031	6.47	6.60	6.35	6.59	9619005	62493240.00
20111101	6.59	6.73	6.45	6.62	23651333	156318224.00
20111102	6.53	6.60	6.32	6.57	20296784	132732032.00
20111103	6.57	6.93	6.45	6.58	22781634	151579744.00
20111104	6.60	6.81	6.43	6.48	13701512	89814200.00
20111107	6.44	6.55	6.30	6.32	7944434	50804208.00
20111108	6.32	6.43	6.28	6.32	5094788	32565044.00
20111109	6.36	6.41	6.20	6.34	5834692	37010868.00
20111110	6.25	6.31	6.21	6.23	4899366	30832328.00
20111111	6.25	6.39	6.22	6.32	6494716	41361920.00
20111114	6.36	6.43	6.32	6.42	6242087	40150472.00
20111115	6.42	6.44	6.34	6.41	5161278	33184936.00
20111116	6.37	6.43	6.04	6.06	8512723	53132016.00
20111117	6.08	6.11	5.94	5.99	5376014	32577876.00
20111118	5.98	5.98	5.81	5.83	4439948	26327708.00
20111121	5.85	5.94	5.84	5.93	2574271	15252118.00
20111122	5.93	5.93	5.79	5.90	2559652	15090230.00
20111123	5.94	5.97	5.86	5.87	2277534	13561344.00
20111124	5.84	5.89	5.73	5.79	2318492	13551222.00
20111125	5.79	5.86	5.69	5.72	1620994	9427758.00
20111128	5.74	5.90	5.74	5.84	2650669	15573959.00
20111129	5.89	6.00	5.87	5.95	3488419	20846568.00
20111130	5.91	5.95	5.49	5.61	4140548	23738700.00
20111201	5.78	5.84	5.67	5.68	3692298	21379542.00
20111202	5.68	5.69	5.50	5.53	2455766	13754395.00
20111205	5.54	5.54	5.36	5.37	1983226	10857954.00
20111206	5.38	5.42	5.28	5.36	1536129	8269730.00
20111207	5.36	5.43	5.35	5.42	1378610	7493891.00
20111208	5.39	5.52	5.30	5.46	2151405	11725056.00
20111209	5.41	5.45	5.36	5.39	1119321	6089768.00
20111212	5.39	5.44	5.29	5.30	1277250	6913263.00
20111213	5.29	5.29	4.96	4.97	2940749	15040328.00
20111214	4.94	5.07	4.88	4.89	1943167	9746894.00
20111215	4.88	4.89	4.52	4.58	3302644	15509889.00
20111216	4.60	4.77	4.57	4.76	2217221	10416980.00
20111219	4.76	4.77	4.57	4.75	1999496	9430409.00
20111220	4.72	4.81	4.67	4.68	1916618	9184205.00
20111221	4.74	4.79	4.53	4.53	1899735	8932501.00
20111222	4.47	4.52	4.22	4.42	3332857	14664589.00
20111223	4.40	4.51	4.36	4.44	1673249	7509876.00
20111226	4.44	4.58	4.40	4.46	3165293	14359976.00
20111227	4.41	4.47	4.28	4.28	1888732	8351984.00
20111228	4.27	4.34	4.12	4.29	2429336	10344832.00
20111229	4.28	4.36	4.23	4.31	1680988	7319580.00
20111230	4.29	4.42	4.29	4.40	1903526	8414637.00
20120104	4.46	4.46	4.28	4.30	1872680	8293334.00
20120105	4.29	4.29	4.04	4.08	1848918	7804104.00
20120106	4.05	4.09	3.86	4.06	2637418	10578679.00
20120109	4.07	4.33	3.99	4.29	2639974	11203444.00
20120110	4.31	4.50	4.29	4.48	4671277	20942482.00
20120111	4.43	4.53	4.40	4.49	3974514	17871484.00
20120112	4.46	4.56	4.42	4.46	2781152	12591102.00
20120113	4.45	4.50	4.24	4.28	2758837	12132220.00
20120116	4.22	4.32	4.18	4.20	1402964	6028960.00
20120117	4.22	4.46	4.19	4.44	2134384	9378114.00
20120118	4.43	4.53	4.32	4.35	2059851	9220477.00
20120119	4.36	4.52	4.36	4.43	2222755	9972776.00
20120120	4.44	4.55	4.43	4.55	3284473	14973165.00
20120130	4.58	4.63	4.50	4.50	3467527	15927032.00
20120131	4.57	4.64	4.53	4.60	4006970	18530532.00
20120201	4.60	4.80	4.56	4.69	6534656	30996144.00
20120202	4.76	4.98	4.76	4.97	9820747	48081508.00
20120203	4.94	4.97	4.85	4.91	8097050	39969276.00
20120206	4.91	4.92	4.83	4.87	4854120	23805700.00
20120207	4.86	4.89	4.73	4.77	3969924	19252912.00
20120208	4.76	4.88	4.73	4.87	3975289	19309988.00
20120209	4.91	4.91	4.83	4.85	5730075	28107952.00
20120210	4.84	4.93	4.83	4.88	4790153	23567296.00
20120213	4.83	4.91	4.79	4.88	3572372	17498688.00
20120214	4.88	4.91	4.83	4.89	2801527	13754403.00
20120215	4.86	4.97	4.85	4.96	5776794	28699662.00
20120216	4.96	5.09	4.94	5.04	7080493	35814320.00
20120217	5.06	5.08	4.90	4.94	3986440	19969018.00
20120220	5.03	5.03	4.91	4.92	3706741	18562236.00
20120221	4.92	4.98	4.84	4.97	3588737	17772044.00
20120222	4.96	5.04	4.93	5.03	5238607	26415574.00
20120223	5.05	5.13	5.01	5.05	5558416	28338652.00
20120224	5.06	5.10	4.98	5.09	5903155	30060504.00
20120227	5.09	5.20	5.08	5.10	6834168	35467384.00
20120228	5.06	5.31	5.01	5.21	9113900	47241112.00
20120229	5.17	5.21	5.06	5.06	5294274	27307924.00
20120301	5.05	5.10	4.99	5.07	3003729	15322855.00
20120302	5.06	5.15	5.06	5.15	4188784	21634824.00
20120305	5.16	5.23	5.12	5.16	5483825	28585400.00
20120306	5.15	5.16	5.02	5.04	4268972	21787304.00
20120307	4.96	5.08	4.94	4.98	4178389	21132676.00
20120308	5.01	5.08	5.01	5.06	3072724	15629225.00
20120309	5.11	5.20	5.08	5.17	6490423	33718272.00
20120312	5.20	5.28	5.15	5.27	8166213	42977808.00
20120313	5.25	5.80	5.22	5.76	25193322	141226944.00
20120314	5.66	5.66	5.36	5.39	19149031	107620424.00
20120315	5.31	5.60	5.16	5.56	14207871	77850464.00
20120316	5.58	6.04	5.49	5.93	19202130	110979568.00
20120319	5.76	5.92	5.73	5.85	26067217	152022240.00
20120320	5.77	5.77	5.52	5.53	9547318	53846480.00
20120321	5.52	5.60	5.37	5.60	6142298	34151972.00
20120322	5.59	5.59	5.41	5.51	3573150	19834832.00
20120323	5.49	5.53	5.39	5.43	3295968	18069002.00
20120326	5.44	5.47	5.14	5.20	5800611	30910360.00
20120327	5.25	5.26	5.06	5.07	5203321	27035164.00
20120328	5.01	5.08	4.74	4.76	6156144	30078516.00
20120329	4.75	4.75	4.61	4.65	3582054	16914466.00
20120330	4.70	4.83	4.59	4.79	4527499	21424284.00
20120405	4.76	5.01	4.75	4.95	5016886	24583712.00
20120406	4.91	5.00	4.85	4.91	3596396	17899368.00
20120409	4.90	4.93	4.69	4.72	2678198	13094927.00
20120410	4.69	4.87	4.63	4.86	3131291	14992913.00
20120411	4.79	4.90	4.72	4.86	2801268	13647305.00
20120412	4.86	5.01	4.86	4.96	5019200	25022044.00
20120413	4.97	5.10	4.94	5.04	5726144	29072208.00
20120416	5.01	5.27	4.98	5.19	7398863	38451888.00
20120417	5.19	5.20	5.01	5.02	5732817	29398348.00
20120419	5.13	5.17	5.07	5.09	4981875	25720336.00
20120420	5.08	5.16	5.04	5.14	4712228	24278472.00
20120423	5.13	5.14	4.99	5.00	4676870	23837012.00
20120424	4.96	5.04	4.73	4.90	5158528	25426304.00
20120425	4.90	5.04	4.85	5.03	4283574	21477776.00
20120426	5.04	5.20	5.02	5.13	5776318	29720398.00
20120427	5.10	5.14	4.97	5.02	3458250	17569904.00
20120502	5.05	5.14	5.02	5.10	3812571	19510348.00
20120503	5.10	5.10	4.96	5.03	4841026	24465784.00
20120504	5.02	5.10	4.99	5.10	3517795	17918056.00
20120507	5.08	5.08	4.96	5.05	3644782	18420372.00
20120508	5.02	5.08	4.95	5.05	4098692	20734724.00
20120509	5.01	5.01	4.85	4.89	4555193	22601836.00
20120510	4.88	4.93	4.86	4.91	2448836	12074493.00
20120511	4.91	4.95	4.86	4.86	2232247	11030083.00
20120514	4.94	4.94	4.85	4.86	1932876	9515179.00
20120515	4.84	4.88	4.81	4.87	1963731	9599092.00
20120516	4.87	4.92	4.84	4.85	1911715	9408411.00
20120517	4.84	4.92	4.77	4.90	2453164	12008894.00
20120518	4.86	4.89	4.80	4.83	1634822	7968832.00
20120521	4.77	4.84	4.71	4.80	1672710	8061113.00
20120522	4.83	4.86	4.79	4.85	1263448	6144633.00
20120523	4.82	4.85	4.76	4.77	1735395	8379561.00
20120524	4.77	4.80	4.72	4.75	1816420	8724479.00
20120525	4.74	4.77	4.65	4.68	1967946	9307792.00
20120528	4.65	4.72	4.50	4.71	2455327	11435458.00
20120529	4.67	4.81	4.67	4.79	2392230	11488420.00
20120530	4.78	4.82	4.76	4.80	1802673	8704204.00
20120531	4.76	4.83	4.75	4.81	1889851	9142899.00
20120601	4.81	4.83	4.76	4.77	1550918	7491397.00
20120604	4.69	4.70	4.55	4.57	2256647	10507012.00
20120605	4.61	4.61	4.52	4.55	985427	4532208.00
20120607	4.58	4.61	4.52	4.56	2689838	12345389.00
20120608	4.57	4.60	4.51	4.54	1592809	7315384.00
20120611	4.52	4.64	4.51	4.61	1973636	9111475.00
20120612	4.58	4.61	4.52	4.55	1073418	4938551.00
20120613	4.56	4.62	4.53	4.61	1518292	7023393.00
20120614	4.61	4.68	4.58	4.65	2623453	12277260.00
20120615	4.68	4.68	4.59	4.63	1975345	9250551.00
20120626	5.10	5.10	5.10	5.10	5547191	28512562.00
20120627	5.35	5.61	5.27	5.61	36878889	204347936.00
20120628	5.05	5.65	5.05	5.50	20798465	115082832.00
20120629	5.41	5.61	5.31	5.44	11882737	65122208.00
20120702	5.44	5.50	5.26	5.41	12893246	69718112.00
20120703	5.32	5.91	5.31	5.77	21336342	118789304.00
20120704	5.67	5.67	5.44	5.47	14757610	82432976.00
20120705	5.48	5.53	5.35	5.37	7986410	43708712.00
20120706	5.41	5.43	5.06	5.28	9014506	47349072.00
20120709	5.28	5.42	5.16	5.25	7447493	39726092.00
20120710	5.17	5.33	5.12	5.18	5248866	27692712.00
20120711	5.21	5.45	5.19	5.32	8196492	44230880.00
20120712	5.25	5.34	5.12	5.30	8616327	45354144.00
20120713	5.28	5.34	5.12	5.15	6316457	33179372.00
20120716	5.11	5.15	4.87	4.89	7077674	35569000.00
20120717	4.90	4.95	4.73	4.94	3249277	15908109.00
20120718	4.89	5.06	4.85	5.05	3980767	19987176.00
20120719	5.05	5.13	4.98	5.01	4898118	24928900.00
20120720	4.98	5.09	4.97	4.99	2574241	13045663.00
20120723	4.94	5.13	4.86	5.03	3997470	20284368.00
20120724	5.03	5.04	4.88	5.01	3064845	15363735.00
20120725	5.01	5.03	4.88	4.89	2455989	12262686.00
20120726	4.87	5.21	4.86	5.20	8692305	44577928.00
20120727	5.19	5.50	5.13	5.31	8957987	48118024.00
20120730	5.29	5.30	5.03	5.10	4134069	21419668.00
20120731	5.00	5.00	4.69	4.83	4876606	23909380.00
20120801	4.83	5.00	4.80	4.94	2379180	11799401.00
20120802	4.88	4.98	4.86	4.90	1527651	7568840.00
20120803	4.84	4.94	4.82	4.92	1918648	9467814.00
20120806	4.95	5.13	4.87	5.10	3397941	17168234.00
20120807	5.10	5.19	5.06	5.13	4047868	20858820.00
20120808	5.13	5.13	5.03	5.10	3450531	17644728.00
20120809	5.12	5.31	5.07	5.26	6597197	34793336.00
20120810	5.24	5.26	5.17	5.20	2822698	14806013.00
20120813	5.20	5.32	5.11	5.13	5012616	26313954.00
20120814	5.12	5.27	5.06	5.25	3833478	20025246.00
20120815	5.21	5.22	5.06	5.09	3209168	16604219.00
20120816	5.06	5.17	5.04	5.08	1810339	9291780.00
20120817	5.04	5.11	4.99	5.03	1480272	7527700.00
20120820	5.04	5.21	4.99	5.16	3208728	16489974.00
20120821	5.17	5.21	5.11	5.17	3455999	17995408.00
20120822	5.21	5.23	5.06	5.11	2275513	11797948.00
20120823	5.13	5.45	5.11	5.28	7660024	41114728.00
20120824	5.22	5.34	5.12	5.14	3639665	19174308.00
20120827	5.15	5.24	5.06	5.11	2636700	13611655.00
20120828	5.15	5.22	5.08	5.20	2387003	12434370.00
20120829	5.19	5.39	5.17	5.24	4738240	25256896.00
20120830	5.19	5.31	5.00	5.11	3371752	17471184.00
20120831	5.06	5.15	5.01	5.13	1734017	8884559.00
20120903	5.12	5.23	5.08	5.22	3159574	16511220.00
20120904	5.22	5.24	5.12	5.13	2122526	11074062.00
20120905	5.13	5.22	5.08	5.18	2280691	11859001.00
20120906	5.19	5.30	5.16	5.28	2884474	15164725.00
20120907	5.31	5.41	5.21	5.38	7057475	38069436.00
20120910	5.39	5.40	5.30	5.36	5264430	28330848.00
20120911	5.35	5.55	5.29	5.41	6569589	35977160.00
20120912	5.35	5.52	5.35	5.44	4181939	22874024.00
20120913	5.43	5.47	5.29	5.32	3355938	18150504.00
20120914	5.31	5.41	5.29	5.32	2273507	12210372.00
20120917	5.29	5.35	5.09	5.11	2969735	15596003.00
20120918	5.13	5.17	5.06	5.08	1878490	9675939.00
20120919	5.09	5.13	5.05	5.12	1517570	7781028.00
20120920	5.12	5.12	4.94	4.96	2858499	14473701.00
20120921	4.95	5.07	4.94	4.99	1087636	5498854.00
20120924	4.96	5.00	4.84	4.96	1852264	9158617.00
20120925	4.98	5.02	4.79	4.84	2271005	11191982.00
20120926	4.83	4.86	4.71	4.72	1637060	7851391.00
20120927	4.73	4.85	4.69	4.80	1838545	8859463.00
20120928	4.80	4.90	4.77	4.86	1402091	6863885.00
20121008	4.86	4.91	4.81	4.85	1159725	5673084.00
20121009	4.85	4.97	4.85	4.96	1706596	8478669.00
20121010	4.96	5.07	4.94	5.06	2274135	11543945.00
20121011	5.07	5.07	4.96	4.97	1609589	8104163.00
20121012	4.99	5.01	4.91	4.97	1244169	6218007.00
20121015	4.97	4.97	4.77	4.86	1945099	9482433.00
20121016	4.86	4.90	4.82	4.85	1236350	6049298.00
20121017	4.88	4.92	4.85	4.92	1003070	4943887.00
20121018	4.93	5.02	4.92	4.99	2043264	10259168.00
20121019	4.97	5.02	4.94	4.99	1272857	6386999.00
20121022	4.96	5.00	4.89	4.98	1121922	5595213.00
20121023	4.97	5.02	4.92	4.93	813572	4068894.00
20121024	4.95	4.99	4.91	4.95	1034043	5168023.00
20121025	4.95	4.99	4.85	4.86	1376498	6827141.00
20121026	4.86	4.87	4.76	4.82	1416429	6874085.00
20121029	4.82	4.83	4.77	4.82	654769	3168174.00
20121030	4.84	4.87	4.78	4.80	649000	3148748.00
20121031	4.81	4.82	4.74	4.79	808931	3895414.00
20121101	4.76	4.95	4.76	4.91	1391847	6854603.00
20121102	4.93	4.94	4.88	4.93	767075	3798936.00
20121105	4.92	4.96	4.91	4.95	966341	4812518.00
20121106	4.93	4.96	4.82	4.96	1247867	6148379.00
20121107	4.93	4.96	4.89	4.91	1066701	5294089.00
20121108	5.08	5.41	5.07	5.41	9981962	54055840.00
20121109	5.45	5.45	5.10	5.20	14538038	76744600.00
20121112	5.12	5.32	5.10	5.24	9341812	49113584.00
20121113	5.17	5.29	5.08	5.25	6736966	35154992.00
20121114	5.17	5.23	4.89	4.99	6049312	30950890.00
20121115	4.87	4.93	4.66	4.88	3443311	16847638.00
20121116	4.84	4.86	4.72	4.80	2139749	10329067.00
20121119	4.76	4.86	4.74	4.84	1241318	6009730.00
20121120	4.84	4.89	4.82	4.84	1252060	6121946.00
20121121	4.85	4.88	4.65	4.83	3254523	15587349.00
20121122	4.78	4.81	4.71	4.72	1474514	7062692.00
20121123	4.72	4.80	4.68	4.75	1483900	7117577.00
20121126	4.76	4.76	4.63	4.70	1121030	5317631.00
20121127	4.69	4.70	4.46	4.50	2097200	9632753.00
20121128	4.51	4.51	4.34	4.36	1206053	5359434.00
20121129	4.36	4.41	4.30	4.31	736050	3244712.00
20121130	4.30	4.44	4.30	4.41	1572709	6979784.00
20121203	4.41	4.47	4.27	4.31	956050	4229368.00
20121204	4.27	4.36	4.20	4.35	1404460	6066408.00
20121205	4.33	4.65	4.32	4.49	2298637	10445463.00
20121206	4.48	4.53	4.45	4.46	945288	4266003.00
20121207	4.43	4.61	4.43	4.55	2087722	9602598.00
20121210	4.56	4.72	4.53	4.70	3137080	14648606.00
20121211	4.66	4.69	4.59	4.62	1558953	7294164.00
20121212	4.62	4.68	4.56	4.62	1373202	6388389.00
20121213	4.66	4.67	4.50	4.51	1786367	8205068.00
20121214	4.51	4.71	4.50	4.68	2450483	11489654.00
20121217	4.69	4.76	4.68	4.71	1962942	9315590.00
20121218	4.71	4.81	4.64	4.70	2180726	10414120.00
20121219	4.71	4.71	4.65	4.68	1752352	8263708.00
20121220	4.67	4.67	4.57	4.65	1844989	8603539.00
20121221	4.65	4.71	4.61	4.68	1681753	7912240.00
20121224	4.63	4.76	4.63	4.71	1881899	8954014.00
20121225	4.67	4.89	4.67	4.85	4735491	23103612.00
20121226	4.81	4.89	4.77	4.88	2663007	13002086.00
20121227	4.88	5.05	4.84	4.85	4497526	22441540.00
20121228	5.02	5.34	5.02	5.18	10806510	56608608.00
20121231	5.10	5.33	5.06	5.30	8209642	43096480.00
20130104	5.20	5.32	5.09	5.12	4328635	22448924.00
20130107	5.11	5.13	5.04	5.08	3060445	15666132.00
20130108	5.10	5.14	5.05	5.13	2401649	12330033.00
20130109	5.13	5.16	5.06	5.10	3321815	17043680.00
20130110	5.09	5.16	5.04	5.10	2287541	11746086.00
20130111	5.10	5.11	4.89	4.90	3619390	18171848.00
20130114	4.89	5.02	4.76	4.99	3802210	18992224.00
20130115	4.99	5.14	4.98	5.12	5366702	27504748.00
20130116	5.09	5.22	5.07	5.16	5029548	26062964.00
20130117	5.15	5.16	5.06	5.12	2701325	13886961.00
20130118	5.11	5.24	5.11	5.22	4547149	23734308.00
20130121	5.22	5.28	5.18	5.23	2985339	15705815.00
20130122	5.22	5.25	5.08	5.19	3039541	15811303.00
20130123	5.21	5.24	5.08	5.13	2366601	12301566.00
20130124	5.12	5.21	5.01	5.04	3390904	17409848.00
20130125	5.04	5.07	5.00	5.06	1437228	7304213.00
20130128	5.08	5.18	5.07	5.14	2303401	11946695.00
20130129	5.16	5.20	5.12	5.20	2338783	12159489.00
20130130	5.16	5.36	5.14	5.34	6381132	33890080.00
20130131	5.31	5.35	5.21	5.33	3402657	18100516.00
20130201	5.32	5.43	5.22	5.33	5318205	28594552.00
20130204	5.36	5.40	5.24	5.31	2310591	12312200.00
20130205	5.26	5.36	5.21	5.34	2570051	13692802.00
20130206	5.34	5.41	5.32	5.35	2156970	11641182.00
20130207	5.33	5.38	5.31	5.34	1427690	7690597.00
20130208	5.37	5.71	5.33	5.66	6437147	35880472.00
20130218	5.64	5.78	5.51	5.68	5204287	29591556.00
20130219	5.69	5.69	5.52	5.59	3193871	17917460.00
20130220	5.57	5.71	5.52	5.68	2628076	14833296.00
20130221	5.76	5.76	5.51	5.65	4447939	25206734.00
20130222	5.57	5.66	5.55	5.56	2128051	11974047.00
20130225	5.56	5.70	5.53	5.64	2232062	12575781.00
20130226	5.64	5.66	5.53	5.57	2122800	11967716.00
20130227	5.53	5.62	5.42	5.44	2330217	12890515.00
20130228	5.50	5.66	5.39	5.59	3517270	19582252.00
20130301	5.60	5.63	5.53	5.57	2061266	11543128.00
20130304	5.57	5.57	5.34	5.45	4291530	23417010.00
20130305	5.45	5.45	5.35	5.38	4615259	25023128.00
20130306	5.41	5.55	5.35	5.49	5682742	31102978.00
20130307	5.48	5.53	5.39	5.44	2453657	13472369.00
20130308	5.44	5.58	5.40	5.46	2620450	14543252.00
20130311	5.49	5.50	5.42	5.43	1470956	8081364.00
20130312	5.49	5.51	5.19	5.26	3138598	16791568.00
20130313	5.28	5.32	5.14	5.26	1616196	8510428.00
20130314	5.22	5.31	5.19	5.24	791709	4187334.00
20130315	5.21	5.32	5.21	5.23	1323399	7030599.00
20130318	5.23	5.32	5.20	5.21	1409701	7470591.00
20130319	5.23	5.38	5.21	5.33	2058826	11016081.00
20130320	5.29	5.41	5.29	5.39	2307997	12466605.00
20130321	5.39	5.46	5.36	5.44	2001460	10926608.00
20130322	5.50	5.81	5.50	5.60	6862899	39044536.00
20130325	5.55	5.67	5.46	5.49	4386092	24533854.00
20130326	5.48	5.53	5.41	5.50	2198239	12151537.00
20130327	5.48	5.60	5.48	5.52	2112156	11780187.00
20130328	5.56	5.68	5.42	5.60	6094275	34291980.00
20130329	5.61	5.63	5.49	5.54	2732501	15307907.00
20130401	5.51	5.69	5.46	5.68	2987945	16895964.00
20130402	5.68	5.75	5.61	5.74	3966228	22732960.00
20130403	5.77	5.79	5.57	5.60	4853921	27593718.00
20130408	5.56	5.59	5.35	5.55	2550628	14100342.00
20130409	5.54	5.64	5.53	5.63	1481138	8320219.00
20130410	5.60	5.70	5.59	5.69	1721816	9786709.00
20130411	5.68	5.71	5.62	5.64	1701167	9692958.00
20130412	5.61	5.66	5.54	5.55	1855600	10428334.00
20130415	5.52	5.58	5.49	5.53	1084476	6050234.00
20130416	5.49	5.56	5.43	5.54	1131266	6259512.00
20130417	5.53	5.56	5.47	5.56	1085718	6034948.00
20130418	5.54	5.57	5.49	5.54	917387	5107546.00
20130419	5.54	5.79	5.52	5.75	4882171	28181756.00
20130422	5.71	6.15	5.68	6.06	11107855	66726200.00
20130423	6.04	6.05	5.81	5.87	5680118	33889296.00
20130424	5.90	6.42	5.88	6.14	10314177	64464716.00
20130425	6.08	6.53	6.08	6.38	13297049	85263232.00
20130426	6.32	6.55	6.11	6.14	8495547	54078488.00
20130502	6.15	6.46	5.94	6.43	6277644	39109336.00
20130503	6.40	6.60	6.36	6.44	5811100	37740628.00
20130506	6.49	6.54	6.31	6.37	5549383	35633024.00
20130507	6.33	6.44	6.25	6.28	4108087	26030974.00
20130508	6.33	6.39	6.26	6.34	3275262	20837860.00
20130509	6.34	6.40	6.12	6.27	4802992	30267544.00
20130510	6.26	6.53	6.19	6.46	5599027	36137372.00
20130513	6.52	6.52	6.33	6.37	2709555	17441216.00
20130514	6.37	6.37	6.12	6.16	4353415	27171894.00
20130515	6.16	6.26	6.14	6.26	1962076	12281150.00
20130516	6.26	6.45	6.18	6.39	3036997	19397436.00
20130517	6.40	6.51	6.35	6.41	3796467	24553340.00
20130520	6.41	6.86	6.36	6.75	6160627	41193344.00
20130521	6.72	6.80	6.67	6.77	3805071	25775276.00
20130522	6.78	6.80	6.54	6.59	3823129	25602924.00
20130523	6.54	6.64	6.41	6.48	3201883	20998728.00
20130524	6.48	6.59	6.46	6.58	2485153	16331687.00
20130527	6.57	6.70	6.53	6.69	2929456	19586956.00
20130528	6.70	6.75	6.55	6.57	3580972	23881632.00
20130529	6.56	6.63	6.41	6.49	5634529	36754932.00
20130530	6.47	6.50	6.21	6.38	7496303	47562052.00
20130531	6.34	6.52	6.33	6.44	4454660	28827410.00
20130603	6.44	6.62	6.44	6.48	3903351	25682200.00
20130604	6.47	6.53	6.26	6.36	2389714	15326347.00
20130605	6.32	6.40	6.30	6.37	1548192	9896344.00
20130606	6.34	6.41	6.27	6.28	1733120	11086885.00
20130607	6.33	6.41	6.19	6.26	1889540	11970914.00
20130613	6.24	6.24	5.97	6.12	2111127	12911093.00
20130614	6.20	6.65	6.20	6.44	4543307	29681908.00
20130617	6.42	6.65	6.36	6.55	4675580	30720860.00
20130618	6.59	6.60	6.47	6.55	2496507	16404169.00
20130619	6.53	6.75	6.42	6.71	5591409	37196316.00
20130620	6.68	6.81	6.33	6.37	4281769	28178746.00
20130621	6.26	6.44	6.14	6.35	2822741	17817596.00
20130624	6.29	6.36	5.76	5.91	4504504	27440628.00
20130625	5.94	6.03	5.32	5.91	4309121	24684628.00
20130626	5.86	6.08	5.80	5.96	2417536	14483126.00
20130627	6.05	6.05	5.81	5.84	1981600	11780242.00
20130628	5.81	5.93	5.57	5.91	1832645	10738139.00
20130701	5.86	6.04	5.76	6.02	1693151	10173117.00
20130702	5.99	6.05	5.92	6.03	2161113	13034088.00
20130703	6.03	6.03	5.80	5.90	1999019	11832634.00
20130704	5.91	5.96	5.81	5.88	1719388	10174788.00
20130705	5.87	6.00	5.82	5.96	2063851	12305190.00
20130708	5.87	5.91	5.63	5.67	1821185	10580810.00
20130709	5.66	5.74	5.46	5.61	2296716	12971287.00
20130710	5.62	5.74	5.48	5.73	1516728	8659522.00
20130711	5.74	5.95	5.73	5.84	2275583	13455279.00
20130712	5.85	5.93	5.79	5.85	1298920	7677421.00
20130715	5.84	5.91	5.82	5.89	1700276	10072989.00
20130716	5.89	5.99	5.71	5.97	2043556	12047903.00
20130717	5.98	6.00	5.83	5.83	1573169	9338731.00
20130718	5.83	5.90	5.62	5.76	1104346	6420547.00
20130719	5.76	5.86	5.67	5.67	1341639	7775215.00
20130722	5.66	5.97	5.57	5.88	1765111	10296478.00
20130723	5.84	6.03	5.83	5.94	2107667	12638407.00
20130724	5.94	6.00	5.86	5.93	1125962	6685032.00
20130725	5.89	5.95	5.82	5.82	1694683	10026412.00
20130726	5.78	5.83	5.68	5.77	1014792	5871064.00
20130729	5.77	5.77	5.49	5.60	2497442	14088818.00
20130730	5.68	5.91	5.60	5.77	2325835	13490601.00
20130731	5.72	5.84	5.72	5.75	756861	4396250.00
20130801	5.71	5.91	5.69	5.87	2500559	14621632.00
20130802	5.86	5.99	5.81	5.91	2223507	13226173.00
20130805	5.94	5.94	5.82	5.91	1288949	7628297.00
20130806	5.90	6.01	5.87	5.99	2181419	13124137.00
20130807	5.99	6.00	5.86	5.87	1695475	10130028.00
20130808	5.84	5.96	5.82	5.92	1184927	7065013.00
20130809	5.96	5.98	5.89	5.94	1410275	8418756.00
20130812	5.98	6.06	5.91	6.05	1847394	11170767.00
20130813	6.04	6.09	6.02	6.04	1719580	10460833.00
20130814	6.04	6.11	5.99	6.02	1694889	10333750.00
20130815	6.01	6.02	5.89	5.91	1791800	10753134.00
20130816	5.91	5.99	5.80	5.88	2840998	16751848.00
20130819	5.87	6.01	5.77	5.96	2070984	12276392.00
20130820	5.96	6.01	5.89	5.91	1737567	10409477.00
20130821	5.91	5.96	5.87	5.92	995847	5928500.00
20130822	5.89	5.96	5.86	5.94	1770594	10559391.00
20130823	5.94	5.97	5.82	5.92	1467737	8706483.00
20130826	5.85	5.94	5.85	5.93	1876401	11182620.00
20130827	5.94	6.04	5.90	5.96	2839227	17109608.00
20130828	5.91	6.13	5.91	6.10	4130819	25200944.00
20130829	6.08	6.63	6.05	6.40	12753361	82328032.00
20130830	6.38	6.54	6.27	6.30	5986096	38569080.00
20130902	6.33	6.41	6.19	6.32	2900342	18322404.00
20130903	6.32	6.54	6.32	6.45	4860047	31539662.00
20130904	6.44	6.48	6.31	6.43	2398872	15396936.00
20130905	6.45	6.46	6.25	6.30	2805986	17790396.00
20130906	6.27	6.34	6.19	6.31	2975037	18754134.00
20130909	6.26	6.35	6.24	6.29	2314448	14701671.00
20130910	6.28	6.43	6.26	6.36	2987356	19119038.00
20130911	6.37	6.47	6.26	6.38	3998273	25597714.00
20130912	6.41	6.42	6.22	6.24	2990493	18889740.00
20130913	6.24	6.34	6.19	6.27	1821726	11496406.00
20130916	6.27	6.59	6.27	6.57	5940857	38613304.00
20130917	6.54	6.74	5.96	6.53	10893625	71953152.00
20130918	6.48	6.50	6.35	6.43	2992886	19299622.00
20130923	6.45	6.54	6.32	6.49	2715580	17523346.00
20130924	6.43	6.49	6.33	6.42	2817171	18067426.00
20130925	6.38	6.44	6.28	6.40	2594410	16616004.00
20130926	6.34	6.40	6.18	6.19	2325586	14655740.00
20130927	6.23	6.40	6.20	6.29	1744797	11016616.00
20130930	6.27	6.54	6.27	6.49	2763519	17844112.00
20131008	6.47	6.62	6.33	6.56	4799393	31389380.00
20131009	6.52	6.60	6.48	6.52	2159003	14167357.00
20131010	6.49	6.56	6.38	6.49	2953489	19251016.00
20131011	6.49	6.69	6.46	6.66	7150459	47693580.00
20131014	6.66	6.96	6.61	6.82	8245188	56278056.00
20131015	6.81	6.94	6.75	6.87	3541164	24298264.00
20131016	6.86	6.86	6.59	6.70	4117835	27722772.00
20131017	6.69	6.76	6.56	6.57	2224992	14892372.00
20131018	6.59	6.71	6.51	6.58	1906435	12694077.00
20131021	6.59	6.73	6.52	6.68	4600074	30568296.00
20131022	6.66	6.70	6.57	6.62	2089018	13922506.00
20131023	6.66	6.68	6.36	6.42	3043539	19835538.00
20131024	6.38	6.41	6.23	6.29	2236389	14179762.00
20131025	6.30	6.44	6.22	6.25	2393283	15202933.00
20131028	6.27	6.38	6.23	6.35	1258254	7989019.00
20131029	6.34	6.41	5.85	6.15	4588245	28109448.00
20131030	6.25	6.25	6.06	6.20	1685725	10403276.00
20131031	6.31	6.66	6.31	6.36	5880198	38218844.00
20131101	6.27	6.37	6.16	6.28	1906585	11973847.00
20131104	6.28	6.31	6.14	6.19	2365293	14770762.00
20131105	6.15	6.29	6.06	6.25	2113303	13126886.00
20131106	6.25	6.27	6.11	6.15	1565600	9744065.00
20131107	6.14	6.26	6.10	6.17	1896240	11823738.00
20131108	6.12	6.18	5.96	6.03	1879650	11450060.00
20131111	6.03	6.08	5.96	6.05	592045	3598012.00
20131112	6.07	6.26	6.04	6.17	1295599	8015108.00
20131113	6.14	6.20	6.04	6.04	1017900	6241991.00
20131114	6.08	6.14	6.04	6.09	990502	6068803.00
20131115	6.06	6.21	6.06	6.15	2175281	13458314.00
20131118	6.16	6.24	6.11	6.21	2214122	13794931.00
20131119	6.25	6.25	6.17	6.25	1487323	9288960.00
20131120	6.26	6.31	6.17	6.31	2331726	14639109.00
20131121	6.27	6.45	6.25	6.37	3859193	24671160.00
20131122	6.37	6.41	6.24	6.27	1805805	11433248.00
20131125	6.24	6.31	6.19	6.25	1385835	8733306.00
20131126	6.22	6.30	6.17	6.23	1842755	11559692.00
20131127	6.21	6.27	6.20	6.24	1508879	9469943.00
20131128	6.24	6.30	6.20	6.26	3493791	21927650.00
20131129	6.26	6.29	6.23	6.26	1828969	11511023.00
20131202	6.21	6.21	5.82	5.85	5641785	33833964.00
20131203	5.81	5.95	5.75	5.94	2142161	12630178.00
20131204	5.93	6.03	5.91	6.00	2193791	13230987.00
20131205	6.01	6.01	5.94	5.95	1532600	9211621.00
20131206	5.95	6.00	5.95	5.97	1418395	8513112.00
20131209	5.97	6.03	5.94	5.95	1354628	8147701.00
20131210	5.96	5.99	5.90	5.91	1351851	8070260.00
20131211	5.91	5.92	5.84	5.88	1339827	7936918.00
20131212	5.86	5.94	5.76	5.90	1965639	11639786.00
20131213	5.86	5.92	5.84	5.87	1303444	7707054.00
20131216	5.90	5.91	5.71	5.72	2155963	12566478.00
20131217	5.71	5.77	5.68	5.70	1161526	6694523.00
20131218	5.70	5.74	5.64	5.70	1286704	7369083.00
20131219	5.69	5.73	5.53	5.55	1488201	8456422.00
20131220	5.67	6.10	5.67	5.76	6352992	37425580.00
20131223	5.65	5.90	5.56	5.85	4262012	24692456.00
20131224	5.85	5.99	5.78	5.91	3482870	20748796.00
20131225	5.91	5.99	5.83	5.96	2525019	15005827.00
20131226	5.95	5.97	5.83	5.86	2112885	12540437.00
20131227	5.86	5.94	5.83	5.90	1423679	8468513.00
20131230	5.91	5.94	5.77	5.83	1534779	9013700.00
20131231	5.81	5.88	5.79	5.85	1087932	6396798.00
20140102	5.79	5.86	5.79	5.85	920472	5405540.00
20140103	5.79	5.89	5.78	5.87	1274586	7483146.00
20140106	5.88	5.91	5.79	5.80	1472456	8662255.00
20140107	5.78	5.81	5.72	5.74	943968	5467606.00
20140108	5.74	5.79	5.68	5.71	1153375	6649679.00
20140109	5.68	5.74	5.67	5.69	725310	4161427.00
20140110	5.69	5.70	5.55	5.55	1258537	7099305.00
20140113	5.54	5.67	5.46	5.54	927102	5196547.00
20140114	5.54	5.63	5.49	5.62	744244	4163682.00
20140115	5.61	5.74	5.57	5.73	753800	4309857.00
20140116	5.68	5.74	5.63	5.65	721936	4133193.00
20140117	5.62	5.64	5.50	5.52	1014563	5681173.00
20140120	5.52	5.65	5.51	5.60	1012106	5691734.00
20140121	5.60	5.71	5.58	5.69	730645	4171382.00
20140122	5.70	5.79	5.66	5.78	968280	5603217.00
20140123	5.82	5.82	5.69	5.74	1209604	6986228.00
20140124	5.82	5.90	5.76	5.87	1492855	8791490.00
20140127	5.84	5.87	5.74	5.82	1058305	6185714.00
20140128	5.82	5.85	5.74	5.76	1446394	8402015.00
20140129	5.72	5.84	5.72	5.83	758263	4426987.00
20140130	5.86	5.94	5.81	5.89	1049803	6213311.00
20140207	5.87	5.93	5.80	5.92	1311714	7745996.00
20140210	5.94	6.08	5.89	6.06	2340580	14111532.00
20140211	6.06	6.08	5.95	6.01	3013405	18228328.00
20140212	6.01	6.05	5.96	6.01	2132482	12890099.00
20140213	5.99	6.05	5.92	5.92	2092807	12614967.00
20140214	5.91	6.01	5.91	6.01	1606078	9654342.00
20140217	6.04	6.33	5.98	6.32	8959143	56124196.00
20140218	6.32	6.62	6.23	6.43	12016867	78150872.00
20140219	6.43	6.64	6.33	6.55	7479423	48973592.00
20140220	6.52	6.71	6.38	6.54	6334232	41928776.00
20140221	6.55	6.58	6.45	6.57	2803431	18376324.00
20140224	6.49	6.80	6.49	6.67	6770396	45433552.00
20140225	6.68	6.71	6.21	6.26	6275800	40696808.00
20140226	6.22	6.45	6.19	6.40	3480214	22269548.00
20140227	6.40	6.46	6.24	6.27	2955145	18906600.00
20140228	6.24	6.34	6.19	6.34	2168631	13664900.00
20140303	6.34	6.39	6.28	6.39	2128709	13602551.00
20140304	6.32	6.51	6.26	6.47	2393798	15427543.00
20140305	6.46	6.82	6.44	6.64	6237515	41841192.00
20140306	6.66	6.69	6.51	6.63	2522941	16830902.00
20140307	6.62	6.67	6.38	6.49	3744231	24500572.00
20140310	6.46	6.48	6.14	6.21	3455674	21756852.00
20140311	6.21	6.26	6.12	6.26	1417562	8811671.00
20140312	6.26	6.27	6.05	6.11	1870397	11524271.00
20140313	6.12	6.26	6.06	6.07	2121705	13098914.00
20140314	6.07	6.17	6.06	6.14	1423990	8768560.00
20140317	6.08	6.24	6.07	6.18	2108268	13085061.00
20140318	6.18	6.36	6.16	6.26	3840450	24230156.00
20140319	6.30	6.30	6.16	6.27	1276689	8011369.00
20140320	6.27	6.29	6.09	6.13	2487558	15544812.00
20140321	6.09	6.46	6.07	6.28	2567826	16008631.00
20140324	6.28	6.38	6.20	6.34	3330985	21155088.00
20140325	6.34	6.39	6.27	6.34	1975702	12593055.00
20140326	6.36	6.38	6.28	6.36	1638019	10429421.00
20140327	6.34	6.34	6.22	6.23	1439106	9105161.00
20140328	6.26	6.26	6.07	6.13	2175480	13467198.00
20140331	6.13	6.18	6.05	6.09	1258508	7721306.00
20140401	6.09	6.16	6.08	6.15	1336899	8238233.00
20140402	6.20	6.20	6.08	6.12	1285127	7943016.00
20140403	6.10	6.20	6.10	6.15	1719127	10626960.00
20140404	6.12	6.28	6.11	6.27	2044059	12797569.00
20140408	6.24	6.36	6.21	6.31	2916203	18439194.00
20140409	6.31	6.39	6.29	6.35	3000985	19164722.00
20140410	6.34	6.38	6.27	6.32	1997902	12694575.00
20140411	6.33	6.36	6.27	6.34	1268422	8073807.00
20140414	6.34	6.36	6.29	6.36	1612482	10282342.00
20140415	6.35	6.61	6.26	6.27	5418194	34865916.00
20140416	6.26	6.36	6.21	6.29	3540134	22303128.00
20140417	6.30	6.48	6.20	6.45	5277920	33696348.00
20140418	6.41	7.10	6.40	7.10	24198052	168679776.00
20140421	7.12	7.24	6.95	7.22	20213964	144622592.00
20140422	7.07	7.24	6.95	7.16	12545506	89638512.00
20140423	7.13	7.30	7.01	7.17	28922734	208790368.00
20140424	7.06	7.37	6.81	7.02	20871844	149298912.00
20140425	6.96	7.20	6.66	6.68	15459588	107226784.00
20140428	6.61	6.66	6.29	6.32	9678218	62929456.00
20140429	6.30	6.43	6.21	6.39	5069959	32341730.00
20140430	6.34	6.60	6.33	6.47	7494004	49098068.00
20140505	6.41	6.83	6.36	6.72	7078819	46997096.00
20140506	6.68	6.84	6.60	6.81	8829933	59598024.00
20140507	6.79	6.81	6.52	6.53	9784987	66215620.00
20140508	6.42	6.83	6.41	6.82	7342893	49397016.00
20140509	6.89	6.89	6.71	6.80	5709439	39058828.00
20140512	6.84	7.01	6.76	6.85	7718975	53156688.00
20140513	6.85	6.85	6.48	6.54	9255944	61503872.00
20140514	6.55	6.69	6.49	6.58	3842514	25583804.00
20140515	6.59	6.61	6.30	6.32	5938262	38190452.00
20140516	6.27	6.38	6.20	6.30	3371688	21296500.00
20140519	6.30	6.37	6.20	6.27	2523709	15927076.00
20140520	6.28	6.33	6.13	6.18	3504273	21871240.00
20140521	6.18	6.19	5.97	6.16	3110148	19047138.00
20140522	6.18	6.23	6.08	6.18	2235727	13904460.00
20140523	6.16	6.20	6.07	6.20	2343326	14477415.00
20140526	6.21	6.22	6.14	6.22	2419719	15040699.00
20140527	6.21	6.21	6.03	6.06	3961070	24350240.00
20140528	6.06	6.17	6.06	6.13	2322984	14318201.00
20140529	6.15	6.21	6.11	6.16	3247202	20093480.00
20140530	6.15	6.16	6.07	6.09	2639375	16198722.00
20140603	6.10	6.16	6.09	6.11	1263890	7787356.00
20140604	6.11	6.11	5.94	6.03	2718370	16412654.00
20140605	6.04	6.06	5.97	6.06	1821259	11043602.00
20140606	6.04	6.06	5.98	6.06	2802645	16942080.00
20140609	6.05	6.05	5.96	5.99	2552731	15397219.00
20140610	5.97	6.01	5.86	5.98	2196229	13156292.00
20140611	5.98	5.99	5.91	5.95	2359686	14130914.00
20140612	5.95	6.03	5.91	6.02	2030182	12243997.00
20140613	6.02	6.08	5.97	6.07	2379808	14460826.00
20140616	6.07	6.11	6.03	6.09	1742628	10658145.00
20140617	6.09	6.09	5.98	5.99	2515229	15227760.00
20140618	5.96	6.03	5.96	5.99	1574529	9500179.00
20140619	5.99	6.02	5.86	5.88	1739398	10384866.00
20140620	5.88	5.91	5.82	5.88	972464	5743659.00
20140623	5.88	5.96	5.88	5.93	910751	5428685.00
20140624	5.93	5.97	5.90	5.95	1226346	7335942.00
20140625	5.96	5.96	5.86	5.91	1230265	7308412.00
20140626	5.91	5.99	5.91	5.98	1788616	10726601.00
20140627	5.94	6.04	5.94	6.00	1997538	12065223.00
20140630	6.03	6.10	6.00	6.08	2507522	15276324.00
20140701	6.06	6.11	6.05	6.08	1776961	10873374.00
20140702	6.12	6.12	5.98	6.10	2043738	12529907.00
20140703	6.06	6.12	6.03	6.11	3150698	19286148.00
20140704	6.11	6.11	6.03	6.09	2720701	16608237.00
20140707	6.09	6.21	6.06	6.21	4045675	25085092.00
20140708	6.20	6.20	6.12	6.20	2194105	13599077.00
20140709	6.20	6.20	6.04	6.07	2877887	17760308.00
20140710	6.05	6.11	6.05	6.08	1683652	10305549.00
20140711	6.10	6.20	6.09	6.16	2406800	14934026.00
20140714	6.16	6.36	6.16	6.30	5082767	32156322.00
20140715	6.26	6.33	6.21	6.32	3067919	19372862.00
20140716	6.32	6.38	6.25	6.37	3666807	23319596.00
20140717	6.34	6.36	6.24	6.30	2679788	16950924.00
20140718	6.31	6.35	6.28	6.33	2892758	18380828.00
20140721	6.34	6.34	6.21	6.24	2376673	14944105.00
20140722	6.23	6.32	6.21	6.27	1804690	11400736.00
20140723	6.27	6.38	6.25	6.38	4457372	28365946.00
20140724	6.42	6.44	6.27	6.31	3253395	20677588.00
20140725	6.29	6.34	6.24	6.31	2670456	16912586.00
20140728	6.32	6.39	6.31	6.36	4511748	28849516.00
20140729	6.35	6.42	6.32	6.35	5313870	34068904.00
20140730	6.36	6.38	6.27	6.34	4565787	29030664.00
20140731	6.33	6.46	6.30	6.43	6888156	44256656.00
20140801	6.41	6.62	6.38	6.44	9342621	60965488.00
20140804	6.44	6.53	6.43	6.52	5656140	36976444.00
20140805	6.53	6.55	6.44	6.54	4587775	29981466.00
20140806	6.52	6.54	6.45	6.52	3514928	22983164.00
20140807	6.52	6.62	6.43	6.46	6095181	40026444.00
20140808	6.47	6.51	6.40	6.49	3833940	24887856.00
20140811	6.49	6.62	6.43	6.56	6661276	43834280.00
20140812	6.56	6.68	6.53	6.67	6786265	45247560.00
20140813	6.69	6.69	6.57	6.67	4291749	28596888.00
20140814	6.64	6.70	6.54	6.55	5558437	37005380.00
20140815	6.54	6.79	6.53	6.73	6491408	43570824.00
20140818	6.74	6.98	6.72	6.87	8618080	59498824.00
20140819	6.84	6.98	6.81	6.89	6487193	44979088.00
20140820	6.86	7.06	6.86	6.99	6745693	47317396.00
20140821	6.97	7.11	6.93	7.10	7514559	52926288.00
20140822	7.08	7.22	6.95	6.99	8986019	63680344.00
20140825	6.99	6.99	6.77	6.93	8587710	59333248.00
20140826	6.88	6.93	6.73	6.91	6324703	43355412.00
20140925	7.61	7.61	7.61	7.61	508459	3889711.00
20140926	8.38	8.38	8.38	8.38	1183787	9967487.00
20140929	9.22	9.22	9.22	9.22	2298921	21288008.00
20140930	10.15	10.15	10.15	10.15	2220435	22626232.00
20141008	11.17	11.17	11.17	11.17	1410171	15808017.00
20141009	12.29	12.29	12.29	12.29	2665793	32869228.00
20141010	13.52	13.52	12.71	13.01	106475808	1419162880.00
20141013	13.02	13.26	12.31	12.47	47892314	612945216.00
20141014	12.34	12.54	12.12	12.24	36046678	444457984.00
20141015	12.31	12.43	12.08	12.26	23922182	294238688.00
20141016	12.10	12.31	11.90	11.97	17896155	216543392.00
20141017	11.81	12.00	10.77	10.93	36420500	408917408.00
20141020	10.96	11.22	10.87	11.06	20132807	223090576.00
20141021	11.05	11.21	10.89	11.10	16845873	186972336.00
20141022	11.06	11.09	10.55	10.60	16666328	180769824.00
20141023	10.56	10.74	10.51	10.65	9579473	102290608.00
20141024	10.68	10.73	10.52	10.57	6007458	64096216.00
20141027	10.56	11.14	10.53	10.90	15581303	170091840.00
20141028	10.85	11.09	10.74	11.07	23541517	259378304.00
20141029	11.12	11.38	11.03	11.27	19657151	221589152.00
20141030	11.31	11.58	11.06	11.35	35642796	403873472.00
20141031	11.27	11.45	11.09	11.18	12548043	141038160.00
20141103	11.15	11.30	11.03	11.19	19027887	214241456.00
20141104	11.12	11.30	10.98	11.16	9954322	111072984.00
20141105	11.26	11.73	11.11	11.63	27831700	319263584.00
20141106	11.45	11.59	11.04	11.13	30544790	347208256.00
20141107	11.02	11.17	10.72	10.77	17794944	196218896.00
20141110	10.77	10.85	10.62	10.77	6760761	72681840.00
20141111	10.78	10.89	10.49	10.73	12605110	135422048.00
20141112	10.73	10.80	10.61	10.75	9524708	102603744.00
20141113	10.71	10.72	10.19	10.31	15088394	157320784.00
20141114	10.31	10.42	10.13	10.23	10377819	107572216.00
20141117	10.25	10.81	10.25	10.38	7877321	82267576.00
20141118	10.37	10.41	10.18	10.31	4380964	45208008.00
20141119	10.49	10.75	10.36	10.60	10953028	116136344.00
20141120	10.52	11.04	10.33	10.75	17302326	186579728.00
20141121	10.67	10.82	10.59	10.65	7642916	81890848.00
20141124	10.71	11.00	10.55	10.82	9630977	104205720.00
20141125	10.76	10.90	10.66	10.78	7273645	78644912.00
20141126	10.75	10.94	10.51	10.65	10476677	112618256.00
20141127	10.66	10.80	10.53	10.78	11248220	120342624.00
20141128	10.76	11.42	10.71	10.89	27630074	306394656.00
20141201	10.76	10.84	10.54	10.79	10186984	109061032.00
20141202	10.73	10.91	10.73	10.81	8988886	97525984.00
20141203	10.79	11.01	10.54	10.94	13033296	140851264.00
20141204	10.91	11.14	10.83	10.96	12263908	134987568.00
20141205	10.88	10.95	9.96	10.83	16661629	177520224.00
20141208	10.67	10.88	10.52	10.67	8444172	90263624.00
20141209	10.64	10.70	10.13	10.21	14030345	147329600.00
20141210	10.16	10.43	10.09	10.36	6786769	69815792.00
20141211	10.31	10.41	10.16	10.39	9437405	97676464.00
20141212	10.41	10.49	10.33	10.46	6136665	64177144.00
20141215	10.46	11.45	10.44	11.15	29239590	319493856.00
20141216	11.01	11.46	10.87	10.99	27764054	307672096.00
20141217	10.89	11.11	10.53	10.81	17974507	195839792.00
20141218	10.71	10.99	10.68	10.79	13533047	147052992.00
20141219	10.79	10.86	10.23	10.26	11638952	122565080.00
20141222	10.14	10.15	9.23	9.23	14161912	135351536.00
20141223	8.96	9.17	8.78	8.92	10687341	96461752.00
20141224	8.96	9.11	8.94	9.08	4083530	37080316.00
20141225	9.11	9.35	9.05	9.33	10127887	93377960.00
20141226	9.20	9.44	9.19	9.35	8413080	78321928.00
20141229	9.31	9.46	8.74	8.82	9758254	88439680.00
20141230	8.76	8.93	8.46	8.58	6175071	53985380.00
20141231	8.59	8.71	8.45	8.65	5777786	49766348.00
20150105	8.68	8.95	8.49	8.91	7324647	63980456.00
20150106	8.81	9.12	8.69	8.98	7128228	63675272.00
20150107	8.94	9.34	8.87	9.10	8251912	75554528.00
20150108	9.27	9.40	9.01	9.10	8770570	80920048.00
20150109	9.06	9.19	8.90	8.92	4353640	39761056.00
20150112	8.88	9.17	8.72	9.03	10942116	98967664.00
20150113	9.05	9.16	8.95	9.14	7190711	65521436.00
20150114	9.10	9.73	9.05	9.41	17864739	169066608.00
20150115	9.41	9.43	9.22	9.32	5641600	52647640.00
20150116	9.30	9.35	9.20	9.24	4312800	40091176.00
20150119	9.13	9.24	8.70	8.83	5619625	50760328.00
20150120	8.85	9.11	8.77	9.09	4759233	42810608.00
20150121	9.09	9.54	9.04	9.47	10933934	103085656.00
20150122	9.52	9.94	9.37	9.83	13277500	129022520.00
20150123	9.76	9.83	9.56	9.65	8180023	79451360.00
20150126	9.69	9.90	9.61	9.82	10909354	107052744.00
20150127	9.89	10.11	9.56	9.87	9608584	95669752.00
20150128	10.10	10.86	10.05	10.33	33483185	356918240.00
20150129	9.98	10.14	9.64	9.80	18041902	178851120.00
20150130	9.74	9.90	9.69	9.81	9160488	90119088.00
20150202	9.71	9.87	9.62	9.80	4628064	45500956.00
20150203	9.90	10.28	9.77	10.08	12037949	121908704.00
20150204	10.15	10.73	10.08	10.39	17981462	187959440.00
20150205	10.44	11.07	10.15	10.73	23001914	247300400.00
20150206	10.66	10.85	10.26	10.30	8540322	89992536.00
20150209	10.27	10.43	9.94	9.96	7233017	73643280.00
20150210	9.86	10.08	9.83	10.08	4154981	41497468.00
20150211	10.39	10.40	10.11	10.21	6063847	62381948.00
20150212	10.20	10.27	9.94	10.17	7336615	74157704.00
20150213	10.17	10.34	10.04	10.33	7831655	80370824.00
20150216	10.34	10.61	10.29	10.52	8509288	89408256.00
20150217	10.63	10.70	10.35	10.54	8709767	91784992.00
20150225	11.60	11.60	11.31	11.60	24100773	280186816.00
20150226	11.66	12.15	11.43	11.88	42400285	500907072.00
20150227	11.87	12.34	11.53	12.23	25985678	310868512.00
20150302	12.08	13.46	11.96	13.46	35971639	464170240.00
20150303	13.45	14.81	13.12	14.19	43273528	620862400.00
20150304	14.01	14.76	13.74	14.25	29125925	416047520.00
20150305	14.24	15.68	14.00	15.68	32147352	485800384.00
20150306	15.74	16.15	14.66	14.93	34112480	521977856.00
20150309	15.72	16.43	14.91	16.43	38243446	608101248.00
20150310	16.65	16.88	16.00	16.07	23994326	394603872.00
20150311	15.97	16.08	14.96	15.33	26394722	405914048.00
20150312	15.13	15.33	14.55	15.04	19751522	296197088.00
20150313	15.01	15.35	14.89	15.18	12937073	196571296.00
20150316	15.45	15.76	15.25	15.48	18036960	280623488.00
20150317	15.54	16.08	15.01	15.99	23455964	365541568.00
20150318	16.05	16.07	15.64	15.89	13896857	220590736.00
20150319	15.64	15.73	15.21	15.35	17090446	264964112.00
20150320	15.25	15.62	15.10	15.20	17348191	266644912.00
20150323	15.22	16.08	14.95	15.95	28705093	447279072.00
20150324	15.81	15.89	14.88	15.47	23456599	363602432.00
20150325	15.45	17.02	15.19	17.02	39889516	649590144.00
20150326	17.01	17.01	15.46	15.57	30160352	487106912.00
20150327	15.54	15.86	15.09	15.60	16491819	254471472.00
20150330	15.60	15.60	15.26	15.37	11829568	182323632.00
20150331	15.33	16.10	15.20	15.45	15904409	249092624.00
20150401	15.43	16.05	15.18	15.66	12893710	203031840.00
20150402	15.92	16.77	15.92	16.22	18520846	302088768.00
20150403	16.04	17.85	15.97	17.85	25305606	434575712.00
20150407	18.47	19.62	18.28	18.74	26121778	492157504.00
20150408	18.75	18.94	17.26	18.07	23529419	426531232.00
20150409	18.46	18.96	16.98	17.74	23717197	428965376.00
20150410	17.34	19.52	17.34	18.93	29366452	544001024.00
20150413	19.29	19.84	18.66	18.99	21796920	417596288.00
20150414	18.63	18.66	17.93	18.02	20434272	373185408.00
20150415	17.82	18.22	17.21	17.22	14685276	261059776.00
20150416	16.95	17.63	16.73	17.17	12026937	207241104.00
20150417	17.44	17.54	17.02	17.15	10497088	181224496.00
20150420	16.96	17.14	16.27	16.30	14481203	242899856.00
20150421	16.18	17.19	16.09	17.15	10789022	181439888.00
20150422	17.23	17.77	17.16	17.39	12661200	221363952.00
20150423	17.54	17.54	16.96	17.14	11535609	198475904.00
20150424	17.06	17.36	16.64	17.18	8828384	150991888.00
20150427	17.17	18.35	17.13	18.13	23660773	422114208.00
20150428	18.14	18.15	16.98	17.11	12914319	225515056.00
20150429	17.11	17.61	16.77	17.28	8967068	155613840.00
20150430	17.28	18.31	17.28	17.50	15513887	277548832.00
20150504	17.51	17.74	16.84	17.34	10030827	174248608.00
20150505	17.36	17.43	16.09	16.21	13541191	227126528.00
20150506	16.26	16.54	15.47	15.59	8442218	136331936.00
20150507	15.61	15.73	15.11	15.39	8463369	130699312.00
20150508	15.69	16.60	15.64	16.28	10939425	176226720.00
20150511	16.46	17.13	16.39	16.93	11608807	195934784.00
20150512	16.94	17.39	16.86	17.04	11349655	194494240.00
20150513	16.86	18.75	16.67	18.75	24024002	438148928.00
20150514	19.46	19.46	18.17	18.78	26311240	495109024.00
20150515	18.60	18.73	17.98	18.17	14132703	258267888.00
20150518	17.96	18.64	17.74	18.21	15334779	279220800.00
20150519	18.36	19.01	18.21	18.34	13963084	258892576.00
20150520	18.39	19.65	18.16	18.75	22794743	433175328.00
20150521	18.75	20.63	18.68	20.63	23269448	466647424.00
20150522	21.07	22.51	20.64	21.95	29567993	639223424.00
20150525	21.47	24.15	21.36	23.71	30035471	700000256.00
20150526	23.76	24.81	23.24	23.86	24589539	589487680.00
20150527	23.70	23.72	22.51	23.29	24732228	571144192.00
20150528	23.29	24.91	21.86	21.96	24462626	579168064.00
20150529	21.77	23.15	20.96	22.74	21114985	475809920.00
20150601	23.37	25.02	23.31	25.02	10816375	269519744.00
20150602	26.96	27.53	26.82	27.53	4744667	129798664.00
20150603	30.24	30.28	25.78	26.74	31034651	867241152.00
20150604	26.74	28.61	24.66	28.15	23534205	639538880.00
20150605	28.27	29.52	26.78	27.50	22069463	614157440.00
20150608	27.65	28.31	26.46	26.75	18239498	497066080.00
20150609	26.26	27.38	25.96	26.88	12596932	337795296.00
20150610	26.77	29.29	26.26	28.59	21084034	598049792.00
20150611	28.46	29.02	27.76	28.66	13443044	382471200.00
20150612	28.96	30.96	28.66	29.51	15429901	459137184.00
20150615	29.46	29.51	27.66	28.01	12283399	351394976.00
20150616	27.86	27.86	25.21	25.66	12807167	338935712.00
20150617	25.41	26.32	23.77	25.85	13281622	333989408.00
20150618	25.57	25.61	23.92	24.01	15327946	378475072.00
20150619	23.55	23.84	21.73	21.91	11339655	257302272.00
20150623	21.84	23.01	19.86	22.97	14542156	315341024.00
20150624	22.96	23.75	21.86	22.89	13607931	309997536.00
20150625	22.96	23.23	20.61	20.85	14051401	309552416.00
20150626	19.09	19.86	18.76	18.76	10405735	198453904.00
20150629	19.11	19.44	16.88	16.88	17980361	312660704.00
20150630	16.16	18.57	15.19	18.26	21045128	347770112.00
20150701	17.96	19.11	16.43	16.43	20966275	385276512.00
20150702	15.96	17.27	14.78	14.78	18963346	289602624.00
20150703	13.76	15.04	13.30	13.30	17220123	236166128.00
20150706	14.63	14.63	11.97	11.97	31712347	423585280.00
20150707	10.96	11.47	10.77	10.77	17589625	193042304.00
20150713	11.85	11.85	11.85	11.85	482407	5735819.00
20150714	13.04	13.04	13.04	13.04	270042	3532149.00
20150715	14.35	14.35	12.86	13.19	46836402	648364032.00
20150716	12.37	14.01	11.96	13.28	24066244	316629504.00
20150717	13.31	14.53	13.17	14.24	36950479	512835488.00
20150720	14.33	15.67	14.04	15.67	35982095	531637856.00
20150721	15.21	16.42	14.88	16.26	33115938	526273792.00
20150722	16.05	16.32	15.27	15.82	24687797	392221408.00
20150723	15.69	16.45	15.52	16.17	21393371	342889664.00
20150724	16.14	16.45	15.17	15.49	24680236	396578080.00
20150727	14.96	15.68	13.94	13.94	20880774	311871488.00
20150728	12.61	13.92	12.54	12.62	32606420	419339488.00
20150729	12.91	13.46	12.04	13.35	21796871	278957024.00
20150730	13.24	13.42	12.61	12.77	23130153	304741088.00
20150731	12.54	12.64	11.54	11.64	17926434	218700736.00
20150803	11.41	12.45	11.22	11.80	19402050	229899920.00
20150804	11.91	12.91	11.84	12.89	20422681	253785616.00
20150805	13.01	13.39	12.56	13.12	24902582	325136608.00
20150806	12.86	13.90	12.62	13.84	21373713	289730304.00
20150807	14.08	14.71	13.62	14.38	25684996	363877408.00
20150810	14.41	15.41	14.06	15.03	23283028	345307520.00
20150811	15.25	15.77	14.96	15.09	21140991	325438464.00
20150812	14.86	15.34	14.46	14.78	15217729	227201824.00
20150813	14.78	15.04	14.26	15.02	12625831	186934576.00
20150814	15.03	15.93	15.03	15.75	20326275	316741984.00
20150817	15.46	16.31	15.45	16.29	19937100	319895136.00
20150818	16.46	16.86	14.66	14.66	26615610	414961024.00
20150819	13.97	14.87	13.19	14.69	19965438	277912160.00
20150820	14.50	15.24	13.95	14.71	15571761	226449968.00
20150821	14.26	14.37	13.24	13.24	12344686	169801152.00
20150824	12.01	12.46	11.91	11.91	18090016	216752384.00
20150825	10.72	11.13	10.72	10.72	14282999	154274192.00
20150826	10.92	11.24	9.92	10.26	16484935	175928416.00
20150827	10.66	11.16	10.25	11.13	14162438	153516720.00
20150828	11.35	12.13	11.27	12.09	13492724	157470976.00
20150831	12.03	12.03	11.26	11.52	12437611	144340784.00
20150901	11.44	11.96	10.76	11.14	14207227	162936432.00
20150902	10.76	11.81	10.27	10.94	12712996	143526272.00
20150907	11.27	11.99	11.27	11.56	15296524	178893152.00
20150908	11.46	12.45	11.38	12.39	10620191	126317504.00
20150909	12.56	12.96	12.27	12.86	13278868	169223232.00
20150910	12.57	12.82	12.28	12.32	7905153	99954712.00
20150911	12.34	12.69	12.26	12.64	7543819	94583144.00
20150914	12.71	12.81	11.37	11.37	11425005	134833952.00
20150915	11.03	11.48	10.23	10.23	9474399	100986936.00
20150916	10.32	11.26	10.12	11.24	13361610	141636976.00
20150917	10.96	11.61	10.86	10.87	11831052	133700840.00
20150918	10.94	11.24	10.76	11.06	6762052	74374272.00
20150921	10.97	11.96	10.78	11.94	10988419	127662600.00
20150922	12.15	12.96	12.13	12.87	14078986	178547824.00
20150923	12.48	12.73	12.06	12.41	9252298	115605376.00
20150924	12.48	12.76	12.06	12.50	8998977	112314000.00
20150925	12.48	12.48	11.49	11.70	6711507	80381216.00
20150928	11.68	12.56	11.47	12.47	6701020	81110128.00
20150929	12.06	12.46	11.98	12.15	3856809	47275428.00
20150930	12.44	12.51	12.08	12.36	3658054	45341576.00
20151008	12.81	13.13	12.66	12.90	8301674	107652240.00
20151009	12.89	13.56	12.81	13.45	9272774	123660736.00
20151012	13.46	14.41	13.36	13.93	12927651	181822784.00
20151013	13.96	14.51	13.68	14.31	8763105	125422864.00
20151014	14.26	14.28	13.64	13.65	8614768	119883760.00
20151015	13.76	14.25	13.62	14.21	8406027	118321944.00
20151016	14.36	14.46	13.87	14.25	6958230	98915736.00
20151019	14.26	14.34	13.66	13.98	6809578	95692248.00
20151020	14.03	15.38	13.79	15.38	19691042	293546304.00
20151021	15.76	16.14	14.14	14.79	22708340	349642944.00
20151022	14.87	16.27	14.87	16.27	32627440	523961472.00
20151023	17.41	17.90	16.46	17.90	30985964	533894720.00
20151026	17.84	17.84	16.66	17.15	18210254	314394912.00
20151027	16.86	16.96	15.44	16.77	20136534	328014144.00
20151028	16.55	16.63	15.60	16.18	13692843	221747216.00
20151029	16.20	16.82	16.12	16.33	12342750	203553152.00
20151030	16.11	16.61	15.61	16.40	13411488	217318016.00
20151102	15.96	16.51	15.77	15.87	10947196	176668992.00
20151103	15.88	16.79	15.88	16.37	12091767	199573568.00
20151104	16.60	17.45	16.50	17.36	14460424	248071120.00
20151105	17.27	17.62	16.68	17.27	14994300	256749968.00
20151106	17.16	18.88	17.13	18.43	15594036	286312512.00
20151109	18.21	20.28	17.99	20.09	17866863	347803648.00
20151110	19.71	21.07	19.46	20.23	17365732	351093504.00
20151111	19.87	21.86	19.87	21.27	18304502	381920832.00
20151112	20.98	21.25	20.31	20.66	11106299	230889136.00
20151113	20.15	20.65	19.11	19.13	13322864	265117840.00
20151116	18.23	20.14	18.21	19.57	11134031	215410448.00
20151117	19.66	20.61	19.29	19.64	9589947	193214656.00
20151118	19.66	19.84	18.14	18.52	8614013	163549152.00
20151119	18.35	19.62	18.35	19.55	10234381	195210064.00
20151120	19.56	20.14	19.47	19.93	9313281	184836256.00
20151123	19.67	19.67	18.56	18.82	14285393	272376512.00
20151124	18.89	19.03	17.79	18.45	14529393	264977888.00
20151125	18.34	18.39	17.81	18.33	21597438	391155488.00
20151126	18.66	20.11	18.40	19.43	26802285	516747712.00
20151127	19.25	19.25	17.48	17.48	17778469	326196608.00
20151130	17.25	17.55	15.81	16.90	18560731	309801056.00
20151201	16.55	17.13	16.32	17.10	10745607	180484640.00
20151202	16.94	16.96	15.91	16.48	7687575	126769640.00
20151203	16.54	17.10	16.54	17.05	8754226	148210128.00
20151204	16.92	17.01	16.54	16.84	8724448	146523696.00
20151207	16.73	17.06	16.56	16.88	7890535	132740576.00
20151208	16.76	17.65	16.64	17.17	11961790	205454720.00
20151209	16.97	17.11	16.11	16.49	8519565	142143648.00
20151210	16.48	16.87	16.06	16.61	6808162	112876688.00
20151211	16.60	16.86	16.46	16.47	5344529	89288840.00
20151214	16.31	16.66	15.82	16.35	10434863	168570640.00
20151215	16.35	16.96	16.27	16.49	9741852	161831376.00
20151216	16.58	17.16	16.38	16.95	12605176	212797328.00
20151217	17.07	17.34	16.96	17.27	18644989	319856704.00
20151218	17.64	18.01	17.47	17.53	18721200	331777216.00
20151221	17.28	17.60	17.27	17.55	8615843	150110128.00
20151222	17.72	18.24	17.70	17.83	11832043	212440592.00
20151223	17.76	18.00	17.26	17.40	9777700	172263392.00
20151224	17.47	17.49	16.82	17.00	11382960	193967648.00
20151225	17.01	17.33	16.96	17.24	6454677	110886456.00
20151228	17.25	17.31	16.46	16.47	10831006	183018288.00
20151229	16.41	16.70	16.11	16.46	8387589	137307968.00
20151230	16.47	16.74	16.32	16.63	6480706	107196880.00
20151231	16.66	16.66	16.21	16.33	6332369	104108368.00
20160104	16.18	16.25	14.69	14.70	7282787	113999008.00
20160105	13.97	14.59	13.23	13.88	11782456	164540464.00
20160106	13.96	14.26	13.84	14.16	7993337	112502488.00
20160107	13.95	13.95	12.74	12.74	2461100	32504676.00
20160108	12.96	13.16	11.53	12.64	10364860	131077544.00
20160111	12.25	13.12	11.54	11.83	9309136	115428944.00
20160112	11.93	12.14	11.64	11.98	6845876	81902064.00
20160113	12.06	12.25	11.64	11.68	7655982	92592768.00
20160114	11.17	12.20	11.08	12.13	8568387	100754664.00
20160115	12.00	12.44	11.46	11.64	7455010	89678976.00
20160118	11.35	12.32	11.17	12.19	9260548	111324896.00
20160119	12.22	12.66	12.02	12.59	6709362	83383768.00
20160120	12.61	12.98	12.53	12.68	10156602	130282264.00
20160121	12.41	13.06	12.25	12.27	7443576	95032960.00
20160122	12.50	13.38	12.27	13.18	12282074	158157120.00
20160125	13.16	13.44	12.96	13.37	9050618	119485112.00
20160126	13.13	13.40	12.03	12.05	8516587	109777680.00
20160127	12.44	13.26	12.44	13.26	29973490	395230752.00
20160128	12.96	13.52	11.93	12.06	26986055	345417696.00
20160129	12.21	12.66	11.48	12.39	13155485	160604080.00
20160201	12.41	12.49	11.81	12.37	10047283	123232448.00
20160202	12.35	13.04	12.27	12.88	8670967	111269904.00
20160203	12.70	12.88	12.36	12.71	7186469	90945800.00
20160204	12.82	13.21	12.74	13.02	10422269	136029392.00
20160205	13.15	13.30	12.87	13.02	7263304	95453368.00
20160215	12.39	13.21	12.39	13.13	5713344	73505696.00
20160216	13.16	13.78	13.16	13.72	7492112	101811536.00
20160217	13.72	13.84	13.34	13.73	7186540	97850736.00
20160218	13.73	14.04	13.55	13.62	6205361	85763472.00
20160219	13.60	13.70	13.36	13.51	5696266	77294576.00
20160222	13.65	14.13	13.54	13.97	8157175	113289768.00
20160223	13.96	13.96	13.46	13.63	6483016	88877968.00
20160224	13.64	13.87	13.46	13.79	5703957	78276896.00
20160225	13.71	13.79	12.41	12.42	9132853	118515464.00
20160226	12.43	12.60	11.77	12.10	5601942	68444104.00
20160229	12.04	12.09	11.04	11.30	4832169	55082208.00
20160301	11.27	11.92	11.09	11.67	4599029	52866656.00
20160302	11.68	12.51	11.56	12.32	5718869	69224184.00
20160303	12.28	12.58	12.06	12.12	6107728	75439096.00
20160304	11.98	12.17	11.31	11.55	5899811	69697584.00
20160307	11.82	12.06	11.59	11.85	4957696	59306720.00
20160308	11.96	12.01	11.36	11.86	4907658	57417636.00
20160309	11.71	11.72	11.36	11.51	3796392	43958976.00
20160310	11.46	11.66	11.36	11.40	2978125	34437092.00
20160311	11.21	11.57	11.21	11.46	3092876	35549176.00
20160314	11.66	12.08	11.57	11.97	7128734	85416096.00
20160315	11.93	12.26	11.88	11.90	4387682	52865372.00
20160316	12.01	12.08	11.67	11.75	3058534	36346080.00
20160317	11.75	12.23	11.75	12.13	5236647	63456508.00
20160318	12.20	12.75	12.08	12.64	7554298	95162928.00
20160321	12.91	13.16	12.82	12.90	6815919	88651648.00
20160322	12.88	12.88	12.56	12.78	7051992	90249280.00
20160323	12.76	12.98	12.61	12.89	6869830	88073760.00
20160324	12.80	13.31	12.52	12.89	9921393	128402248.00
20160325	12.84	12.93	12.57	12.77	5964839	76131648.00
20160328	12.79	13.11	12.64	12.72	4249537	54967428.00
20160329	12.76	12.85	12.09	12.31	8632005	106782216.00
20160330	12.35	12.94	12.31	12.86	6271897	79589400.00
20160331	12.86	13.09	12.84	12.87	6722471	87281240.00
20160401	12.91	13.49	12.79	13.34	11764106	154935040.00
20160405	13.33	14.07	13.19	13.85	12201190	167499632.00
20160406	13.91	13.91	13.56	13.76	7341587	100724320.00
20160407	13.73	13.84	13.15	13.26	7556904	101790776.00
20160408	13.26	13.61	13.03	13.52	6812975	90679688.00
20160411	13.56	13.97	13.41	13.63	7893451	108942568.00
20160412	13.66	14.09	13.58	14.01	11683610	162646896.00
20160413	13.82	14.46	13.81	14.02	12496531	177919568.00
20160414	14.02	14.13	13.81	13.93	7524217	105160848.00
20160415	13.96	14.26	13.94	14.05	6808315	96233656.00
20160418	13.93	14.46	13.67	14.19	8838504	125010560.00
20160419	14.04	14.21	13.84	13.95	4954916	69440080.00
20160420	13.95	14.07	12.79	13.21	7833074	105558952.00
20160421	13.21	13.53	13.14	13.18	5029088	67191496.00
20160422	13.19	13.62	13.03	13.57	4085221	54777832.00
20160425	13.72	13.87	13.14	13.28	8385646	113656528.00
20160426	13.26	13.39	12.95	13.24	6364736	83892632.00
20160427	13.25	13.43	13.14	13.28	5070264	67683440.00
20160428	13.37	13.37	12.97	13.24	5458563	72125680.00
20160429	13.21	13.35	13.07	13.19	3929787	52078160.00
20160503	13.23	13.29	12.66	13.28	10949124	143537728.00
20160504	13.21	13.27	12.98	13.05	8685529	114104848.00
20160505	13.09	13.85	12.98	13.68	10812703	144828864.00
20160506	13.66	14.04	13.02	13.05	13651978	186570688.00
20160509	12.68	12.90	12.16	12.74	9278213	117120080.00
20160510	12.71	12.98	12.57	12.75	4641796	59454340.00
20160511	12.84	12.91	12.45	12.47	5192653	65729768.00
20160512	12.26	12.66	12.08	12.54	4762984	59320832.00
20160513	12.51	12.55	12.09	12.26	6184844	76258000.00
20160516	12.22	12.44	12.13	12.39	4396248	54327712.00
20160517	12.39	12.44	12.14	12.27	4665404	57313048.00
20160518	12.16	12.41	12.01	12.16	4069550	49830568.00
20160519	12.16	12.54	12.11	12.37	5211588	64740636.00
20160520	12.31	12.74	12.21	12.62	6174282	77890144.00
20160523	12.75	13.06	12.74	12.79	7369766	95279024.00
20160524	12.74	13.03	12.62	12.90	4527635	58100340.00
20160525	12.90	13.09	12.69	12.81	3783186	48978616.00
20160526	12.76	12.90	12.43	12.67	3297049	41595436.00
20160527	12.56	12.76	12.54	12.60	1621819	20576818.00
20160530	12.51	12.71	12.28	12.49	2390912	30060652.00
20160531	12.49	13.00	12.49	12.98	6697604	86266392.00
20160601	12.95	13.21	12.83	12.90	6178978	80608664.00
20160602	13.00	13.04	12.82	12.96	4233641	54778960.00
20160603	12.97	13.04	12.82	12.95	5702047	73882888.00
20160606	12.97	13.03	12.66	12.77	6026589	77464832.00
20160607	12.76	12.79	12.58	12.72	4099209	52157628.00
20160608	12.70	12.72	12.51	12.61	4052652	51228928.00
20160613	12.46	12.53	11.84	11.86	6062997	74612200.00
20160614	11.96	11.99	11.75	11.95	3748769	44666392.00
20160615	11.87	12.30	11.76	12.17	4725595	57450468.00
20160616	12.13	12.34	11.86	11.92	5504752	66805424.00
20160617	11.95	12.22	11.92	12.05	4227451	51326100.00
20160620	12.05	12.29	11.99	12.22	3645545	44574152.00
20160621	12.24	12.39	12.08	12.21	3608975	44258244.00
20160622	12.13	12.28	12.09	12.25	1980984	24244368.00
20160623	12.26	12.34	12.16	12.27	2954329	36269216.00
20160624	12.20	12.30	11.67	11.96	4162649	50133256.00
20160627	11.86	12.29	11.84	12.23	4077931	49601808.00
20160628	12.17	12.45	12.17	12.43	4996278	61814784.00
20160629	12.46	12.60	12.33	12.36	3549286	44268172.00
20160630	12.39	12.44	12.28	12.37	2506326	31049204.00
20160701	12.45	12.56	12.26	12.37	3719601	46357488.00
20160704	12.28	12.88	12.19	12.82	7750912	98532576.00
20160705	12.83	13.11	12.81	12.93	6604722	86009176.00
20160706	12.91	13.03	12.70	12.93	4613200	59717240.00
20160707	12.87	13.47	12.86	13.29	9273200	122841408.00
20160708	13.33	13.46	13.14	13.39	6259400	83736312.00
20160711	14.36	14.36	13.73	13.85	18043100	253778880.00
20160712	14.00	14.10	13.56	13.86	10574500	146344784.00
20160713	13.76	13.86	13.54	13.74	11236400	154280432.00
20160714	13.74	13.74	13.54	13.63	6109200	83344832.00
20160715	13.66	13.84	13.56	13.62	5746800	78496472.00
20160718	13.59	13.69	13.24	13.30	7911800	105871568.00
20160719	13.27	13.45	13.18	13.44	5414000	72168544.00
20160720	13.36	13.48	13.35	13.37	3813100	51161840.00
20160721	13.38	14.24	13.30	14.00	17239516	239632688.00
20160722	13.90	14.36	13.83	14.05	12096400	170537632.00
20160725	14.02	14.11	13.72	13.81	5656200	78376416.00
20160726	13.76	13.95	13.73	13.92	4898500	67700536.00
20160727	13.92	14.05	13.02	13.24	9109058	122977712.00
20160728	13.23	13.52	13.12	13.51	5163934	69042688.00
20160729	13.47	13.57	13.13	13.23	3857471	51496008.00
20160801	13.25	13.25	12.60	12.72	6159368	79196720.00
20160802	12.73	12.87	12.63	12.74	3074525	39115116.00
20160803	12.75	12.79	12.61	12.69	3489106	44298488.00
20160804	12.69	12.93	12.63	12.89	3062099	39171316.00
20160805	12.90	12.92	12.65	12.82	3479185	44528612.00
20160808	12.75	13.18	12.71	13.11	4755316	61933000.00
20160809	13.05	13.17	13.00	13.13	2656000	34799496.00
20160810	13.15	13.20	13.00	13.05	3076700	40224512.00
20160811	12.95	12.98	12.69	12.71	3165213	40614524.00
20160812	12.70	12.83	12.51	12.82	3501572	44471104.00
20160815	12.82	13.14	12.72	13.09	5973482	77665352.00
20160816	13.10	13.20	13.07	13.19	4566894	59985500.00
20160817	13.20	13.40	13.15	13.24	4234510	56238936.00
20160818	13.20	13.37	13.18	13.35	4911423	65234756.00
20160819	13.40	13.48	13.25	13.44	3556826	47415984.00
20160822	13.44	13.59	13.22	13.39	5251900	70536032.00
20160823	13.45	13.48	13.08	13.12	6733500	88713504.00
20160824	13.08	13.21	13.02	13.16	2603800	34185144.00
20160825	13.11	13.44	12.80	13.35	5616200	74163952.00
20160826	13.40	13.42	13.28	13.38	5321800	71075048.00
20160829	13.29	13.63	13.29	13.53	5239084	70756968.00
20160830	13.47	13.95	13.47	13.92	10349610	142674176.00
20160831	13.93	14.04	13.76	13.92	12076712	167851600.00
20160901	13.88	13.97	13.80	13.81	9684336	134487568.00
20160902	13.78	13.93	13.51	13.86	5376280	73658056.00
20160905	13.90	14.11	13.72	13.77	6829156	94831520.00
20160906	13.78	14.06	13.68	13.95	7169268	99787832.00
20160907	14.03	14.89	13.81	14.45	16820007	240533472.00
20160908	14.45	14.83	14.37	14.61	12559300	182927168.00
20160909	14.60	14.80	14.41	14.60	10668211	155700960.00
20160912	14.05	14.35	13.82	13.83	10369684	146031888.00
20160913	14.01	14.03	13.71	13.92	4551469	63148752.00
20160914	13.81	13.88	13.56	13.71	4213226	57693120.00
20160919	13.70	13.86	13.67	13.84	3214311	44282996.00
20160920	13.84	14.07	13.74	13.96	4400554	61437272.00
20160921	13.95	14.03	13.82	13.90	3445791	47998216.00
20160922	14.07	14.36	13.90	14.29	7188100	101706464.00
20160923	14.38	14.59	14.11	14.13	5612439	80603304.00
20160926	14.13	14.34	13.84	14.10	7242243	102118000.00
20160927	13.97	14.35	13.95	14.30	3669950	51871824.00
20160928	14.23	14.55	14.22	14.37	5902406	85158736.00
20160929	14.40	14.47	14.20	14.26	3890229	55587776.00
20160930	14.34	14.34	14.14	14.28	3153449	44858840.00
20161010	14.53	14.53	14.18	14.46	6212984	89206760.00
20161011	14.43	14.58	14.26	14.51	6724679	96986200.00
20161012	14.41	14.53	14.30	14.34	5124820	73774160.00
20161013	14.30	14.37	14.06	14.13	4977274	70675072.00
20161014	14.15	14.22	13.95	14.16	2734835	38535976.00
20161017	14.29	14.50	14.19	14.25	5355926	76995232.00
20161018	14.10	14.50	14.10	14.37	4666221	66925248.00
20161019	14.35	14.65	14.33	14.38	3853485	55799276.00
20161020	14.42	14.64	14.30	14.62	5421191	78641040.00
20161021	14.66	14.66	14.30	14.36	3863364	55793068.00
20161024	14.37	14.54	14.30	14.37	4828311	69419488.00
20161025	14.37	14.60	14.35	14.58	5096604	73891176.00
20161026	14.60	15.39	14.53	15.18	13142236	197082448.00
20161027	15.01	15.14	14.85	14.98	5038591	75397352.00
20161028	15.00	15.63	14.90	15.38	11444708	175068512.00
20161031	15.36	15.90	15.16	15.66	12337056	192029808.00
20161101	15.55	15.94	15.35	15.56	8258100	129016776.00
20161102	15.61	15.79	15.25	15.27	7386900	114403592.00
20161103	15.28	15.45	15.05	15.33	7426985	113248888.00
20161104	15.30	15.89	15.24	15.80	10283100	161066640.00
20161107	15.85	16.18	15.66	15.87	6992450	111629480.00
20161108	15.87	16.05	15.65	15.73	4115336	64878256.00
20161109	15.70	16.05	15.40	15.73	7815537	123466376.00
20161110	15.93	16.38	15.68	16.22	10078968	162083888.00
20161111	16.22	16.28	16.01	16.23	4834035	78083808.00
20161114	16.24	16.30	16.01	16.14	4273713	68870416.00
20161115	16.13	16.50	16.01	16.18	4158455	67609832.00
20161116	16.19	16.30	15.81	15.90	5386600	85978744.00
20161117	15.92	15.94	15.61	15.66	3696000	58055248.00
20161118	15.78	15.90	15.68	15.73	3161800	49982124.00
20161121	15.73	15.96	15.60	15.95	3908300	61894524.00
20161122	15.94	16.05	15.81	16.02	2886362	45985504.00
20161123	16.00	16.08	15.28	15.34	8468100	131729208.00
20161124	15.43	15.55	15.20	15.36	5746800	88392360.00
20161125	15.30	15.38	14.95	15.34	4063700	61453400.00
20161128	15.15	15.55	15.15	15.38	5097900	78533240.00
20161129	15.32	15.38	15.06	15.11	4528700	68830456.00
20161130	15.26	16.62	15.20	15.62	10280100	162020944.00
20161201	15.62	15.69	15.18	15.31	6061312	93553872.00
20161202	15.36	15.36	14.73	14.79	5138554	76899856.00
20161205	14.61	14.99	14.50	14.73	2221700	32805684.00
20161206	14.73	14.78	14.58	14.62	1950800	28613804.00
20161207	14.63	15.05	14.62	14.92	2337800	34543364.00
20161208	14.92	15.01	14.80	14.91	3790500	56549800.00
20161209	15.00	15.10	14.75	14.89	2943100	43820240.00
20161212	14.96	15.01	13.75	13.96	7753250	109893328.00
20161213	13.99	14.16	13.67	13.99	4726618	65596644.00
20161214	14.00	14.00	13.29	13.35	5544700	75518840.00
20161215	13.31	13.55	13.31	13.49	3526917	47440012.00
20161216	13.65	13.99	13.51	13.78	2992592	41225800.00
20161219	13.82	13.95	13.75	13.76	2894914	40075688.00
20161220	13.72	13.83	13.52	13.60	2233961	30522662.00
20161221	13.64	13.94	13.64	13.83	3146359	43531992.00
20161222	13.85	13.85	13.50	13.67	2275161	31086516.00
20161223	13.70	13.87	13.59	13.68	1940707	26609296.00
20161226	13.69	13.75	13.65	13.74	2823465	38695360.00
20161227	13.89	14.44	13.86	14.31	6527865	92865016.00
20161228	14.23	14.40	14.10	14.36	3463958	49349076.00
20161229	14.24	14.56	14.21	14.49	4880200	70675936.00
20161230	14.47	14.70	14.43	14.50	4605100	67037516.00
20170103	14.41	14.50	14.06	14.15	8081291	114344320.00
20170104	14.14	14.20	13.89	14.03	8190612	114533872.00
20170105	14.06	14.06	13.91	14.00	5617013	78507856.00
20170106	13.93	14.04	13.67	13.73	4879674	67318736.00
20170109	13.62	13.83	13.52	13.79	3461372	47328816.00
20170110	13.74	13.96	13.62	13.94	3343131	46241840.00
20170111	13.93	13.98	13.68	13.70	2493725	34515404.00
20170112	13.64	13.78	13.53	13.64	2529551	34471988.00
20170113	13.55	13.86	13.55	13.79	3223754	44280892.00
20170116	13.79	13.87	12.41	12.70	6050991	78803384.00
20170117	12.62	12.93	12.55	12.85	2558038	32558324.00
20170118	12.85	12.85	12.59	12.70	3776389	47934208.00
20170119	12.96	13.07	12.49	12.58	5994218	76444032.00
20170120	12.58	12.85	12.58	12.82	4589301	58513552.00
20170123	12.95	13.05	12.83	12.97	2922441	37916296.00
20170124	12.97	13.15	12.97	13.02	2887713	37700280.00
20170125	12.99	13.11	12.90	13.06	2529365	32953912.00
20170126	13.11	13.24	13.06	13.18	1490135	19626392.00
20170203	13.23	13.28	13.06	13.24	1780085	23441520.00
20170206	13.23	13.44	13.16	13.42	3132351	41665784.00
20170207	13.42	13.46	13.21	13.34	4788242	63807664.00
20170208	13.34	13.41	13.21	13.38	2955352	39311632.00
20170209	13.32	13.58	13.30	13.49	3367759	45438076.00
20170210	13.52	13.62	13.41	13.48	1994573	26911254.00
20170213	13.46	13.46	13.24	13.34	4455929	59341500.00
20170214	13.34	13.52	13.29	13.49	2729202	36696656.00
20170215	13.46	13.54	13.12	13.22	3150357	42008748.00
20170216	13.12	13.33	13.12	13.31	2056911	27232580.00
20170217	13.31	13.37	13.03	13.07	2747957	36150956.00
20170220	13.13	13.29	13.12	13.26	2737700	36174584.00
20170221	13.25	13.54	13.25	13.52	3658343	49270600.00
20170222	13.52	13.56	13.41	13.53	2456871	33159004.00
20170223	13.62	13.86	13.58	13.64	4502160	61812072.00
20170224	13.65	13.70	13.38	13.51	5011600	67588712.00
20170227	13.54	13.64	13.39	13.50	3964000	53455808.00
20170228	13.46	13.62	13.41	13.57	3424683	46340320.00
20170301	13.58	13.70	13.45	13.53	6151562	83521160.00
20170302	13.52	13.60	13.24	13.27	3552873	47755928.00
20170303	13.26	13.47	13.07	13.42	4350966	57621032.00
20170306	13.36	13.74	13.34	13.70	4903761	66660148.00
20170307	13.70	14.11	13.62	14.00	7524500	104508368.00
20170308	14.00	14.12	13.88	13.97	3805736	53213852.00
20170309	13.90	14.04	13.65	13.91	3433774	47533252.00
20170310	13.85	14.18	13.70	13.74	4627269	64799568.00
20170313	13.75	14.30	13.65	14.27	8772470	123301928.00
20170314	14.26	14.42	14.06	14.18	4845152	68964448.00
20170315	13.90	13.98	13.77	13.90	5818756	80709344.00
20170316	13.83	14.22	13.83	14.09	4020296	56658888.00
20170317	14.09	14.47	14.01	14.15	6530943	93201672.00
20170320	14.17	14.30	14.05	14.27	3726700	52769276.00
20170321	14.46	14.51	14.15	14.30	5621700	80352608.00
20170322	14.29	14.39	14.07	14.21	4747660	67467408.00
20170323	14.25	14.35	13.98	14.24	4487468	63492936.00
20170324	14.19	14.22	14.00	14.13	4307100	60677556.00
20170327	14.13	14.33	14.05	14.12	3552443	50229384.00
20170328	14.09	14.17	13.87	13.88	4262988	59702408.00
20170329	13.94	14.02	13.81	13.95	2932790	40873544.00
20170330	13.95	13.95	13.60	13.62	3463271	47591088.00
20170331	13.65	13.86	13.56	13.63	2677094	36654736.00
20170405	13.63	13.95	13.60	13.90	2970282	41185748.00
20170406	13.83	13.99	13.83	13.92	2673046	37168528.00
20170407	13.93	14.28	13.90	14.23	4849122	68398240.00
20170410	14.23	14.30	14.07	14.26	4335394	61551304.00
20170411	14.23	14.50	14.07	14.42	6007500	86043992.00
20170412	14.48	14.87	14.27	14.40	7454500	109359136.00
20170413	14.40	14.65	14.12	14.14	5524341	79044048.00
20170414	14.18	14.26	13.92	13.96	3820238	53575568.00
20170417	13.96	14.08	13.75	14.00	2462412	34316108.00
20170418	14.01	14.01	13.71	13.72	2445779	33919848.00
20170419	13.72	13.81	13.10	13.23	4778828	63806888.00
20170420	13.30	13.44	12.97	13.09	2785344	36727948.00
20170421	13.14	13.17	12.70	13.05	4762652	61549456.00
20170424	13.00	13.14	12.62	13.07	2904900	37494840.00
20170425	13.05	13.19	12.91	12.94	2157400	28210304.00
20170426	12.91	13.09	12.80	12.96	2349000	30330396.00
20170427	12.99	13.46	12.96	13.28	3984400	52358512.00
20170428	13.45	13.45	13.16	13.19	3154914	41877156.00
20170502	13.15	13.42	13.06	13.20	3135404	41358692.00
20170503	13.25	13.26	13.01	13.08	2741436	36004256.00
20170504	13.01	13.28	13.01	13.24	2731300	36029800.00
20170505	13.17	13.35	13.10	13.23	2675200	35425696.00
20170508	13.22	13.27	12.96	12.98	2271200	29779800.00
20170509	12.98	13.26	12.60	13.24	2916900	37705404.00
20170510	13.26	13.28	12.40	12.57	3445800	44244744.00
20170511	12.59	12.74	12.41	12.71	3112700	39243860.00
20170512	12.76	12.91	12.63	12.84	1500447	19150974.00
20170515	12.81	13.02	12.81	12.84	2582005	33355730.00
20170612	14.12	14.12	13.51	13.71	17574100	242512864.00
20170613	13.57	13.66	13.34	13.52	7608151	102474144.00
20170614	13.41	13.61	13.35	13.35	4727639	63471328.00
20170615	13.37	13.47	13.23	13.38	3408551	45465824.00
20170616	13.36	13.45	13.23	13.28	2314179	30739780.00
20170619	13.27	13.28	13.15	13.20	3037893	40050084.00
20170620	13.21	13.25	13.06	13.12	3380261	44432548.00
20170621	13.11	13.27	13.06	13.25	2685826	35389164.00
20170622	13.26	13.30	13.12	13.13	3034701	40187988.00
20170623	13.10	13.17	12.89	13.04	2270626	29586676.00
20170626	12.99	13.14	12.98	13.11	2805778	36654152.00
20170627	13.14	13.16	13.08	13.09	1707480	22413636.00
20170628	13.09	13.13	12.96	13.06	2817864	36760628.00
20170629	13.13	13.16	13.06	13.11	2733457	35860096.00
20170630	13.12	13.55	13.09	13.43	6839592	91416480.00
20170703	13.48	13.53	13.24	13.44	2877990	38482892.00
20170704	13.40	13.44	13.30	13.34	2381123	31817588.00
20170705	13.40	13.40	13.31	13.36	2386900	31852356.00
20170706	13.37	13.46	13.31	13.40	2896033	38797488.00
20170707	13.40	13.46	13.33	13.45	2326361	31236304.00
20170710	13.44	13.69	13.38	13.51	4171391	56511380.00
20170711	13.52	13.60	13.37	13.40	2438710	32888028.00
数据来源:通达信
