600038 中直股份 日线 前复权
      日期	    开盘	    最高	    最低	    收盘	    成交量	    成交额
20111010	21.85	22.77	21.57	22.10	4698966	108583344.00
20111011	22.41	22.65	21.59	21.98	3141224	72663704.00
20111012	21.55	22.45	21.54	22.00	3032429	70201704.00
20111013	22.14	22.84	22.06	22.29	2430561	56947608.00
20111014	22.19	22.38	21.09	21.52	3023708	68211272.00
20111017	21.76	22.49	21.53	22.44	2182030	50140864.00
20111018	22.23	22.29	21.59	21.96	4639412	106930704.00
20111019	22.00	22.11	20.59	20.62	3128355	69217984.00
20111020	20.58	20.58	18.46	18.83	7344145	144668336.00
20111021	18.63	19.79	18.39	18.48	1832101	35971540.00
20111024	18.69	18.89	18.01	18.71	3608329	70635960.00
20111025	18.73	20.48	18.57	20.05	4315296	88727216.00
20111026	19.89	20.58	19.58	19.68	7670652	159777728.00
20111027	19.74	19.97	19.26	19.50	3268108	67339408.00
20111028	19.70	19.95	19.50	19.88	2524445	52395640.00
20111031	19.98	20.54	19.88	20.08	3615448	76478536.00
20111101	20.27	20.27	19.70	19.89	2203581	46225176.00
20111102	19.49	20.09	19.36	20.09	1997855	41465288.00
20111103	20.21	20.48	20.05	20.08	3797849	80798632.00
20111104	20.19	20.37	20.10	20.29	2719610	57826212.00
20111107	20.26	20.69	20.21	20.51	2635189	56664712.00
20111108	20.51	20.64	19.79	19.83	2179440	46029136.00
20111109	19.88	21.10	19.88	20.33	5109530	110179088.00
20111110	20.01	20.73	20.01	20.23	3074054	65840264.00
20111111	20.23	20.38	19.89	20.25	1766501	37364760.00
20111114	20.38	21.13	20.25	20.70	3093701	67290768.00
20111115	20.91	21.49	20.78	20.82	2968399	65381232.00
20111116	20.85	20.90	20.37	20.70	3057764	66070504.00
20111117	20.71	21.29	20.62	21.13	3652747	80254184.00
20111118	20.95	21.09	20.39	20.55	2015170	43677544.00
20111121	20.57	20.57	19.79	20.35	1221263	25763464.00
20111122	20.14	20.22	19.60	20.09	1556925	32698828.00
20111123	20.04	20.39	19.77	19.79	955817	19982908.00
20111124	19.54	20.03	19.30	19.95	948800	19759490.00
20111125	19.92	20.04	19.48	19.55	532890	11038311.00
20111128	19.55	19.77	19.50	19.61	730409	15049749.00
20111129	19.81	21.07	19.64	20.96	2913855	62873000.00
20111130	20.79	21.40	20.09	20.54	2605183	56889680.00
20111201	21.04	21.49	20.59	20.85	2520959	55630252.00
20111202	20.53	20.88	19.90	20.32	1241195	26649350.00
20111205	20.02	20.48	19.68	20.08	1609697	34124588.00
20111206	19.81	20.20	19.39	20.10	1230453	25498732.00
20111207	20.10	20.74	19.81	20.68	1730527	37302956.00
20111208	20.49	20.79	20.10	20.56	1166355	25047546.00
20111209	20.37	20.78	19.82	19.86	2031817	43165040.00
20111212	19.91	19.91	19.02	19.30	1761517	35812620.00
20111213	19.28	19.28	18.29	18.59	1943255	38236504.00
20111214	18.31	18.79	18.31	18.39	438674	8561001.00
20111215	18.39	18.49	16.60	17.59	2880403	53098860.00
20111216	17.23	17.85	17.23	17.82	2882519	53604360.00
20111219	17.93	18.97	17.32	18.35	3806422	73532640.00
20111220	18.39	18.56	17.79	17.92	1394116	26946620.00
20111221	18.11	18.11	17.00	17.28	1372613	25430208.00
20111222	17.01	17.11	16.49	16.58	2232271	39608472.00
20111223	16.32	16.87	16.28	16.53	1269958	22456600.00
20111226	16.99	16.99	16.29	16.33	914881	15975156.00
20111227	16.11	16.63	15.89	16.09	1232109	21309510.00
20111228	16.09	16.38	15.47	16.09	1159047	19634668.00
20111229	16.07	16.29	15.69	15.92	899150	15312592.00
20111230	16.14	16.44	15.94	16.41	1608871	27689192.00
20120104	16.50	16.98	16.01	16.05	1343614	23636234.00
20120105	15.81	15.94	14.99	15.39	1437411	23747236.00
20120106	15.38	15.39	14.49	15.16	994444	15844797.00
20120109	15.27	15.84	14.98	15.82	1377649	22750992.00
20120110	15.84	16.60	15.82	16.57	1491710	25903230.00
20120111	16.68	16.87	16.37	16.66	1639726	28913378.00
20120112	16.55	16.99	16.55	16.70	1319466	23475354.00
20120113	16.86	16.86	15.74	16.05	1342367	23026152.00
20120116	15.79	15.93	15.20	15.24	678648	11210550.00
20120117	15.21	16.20	15.19	16.19	1125241	18871292.00
20120118	16.18	16.54	15.90	15.94	1806011	31052028.00
20120119	15.89	16.22	15.65	16.07	1064595	18122592.00
20120120	16.16	16.46	16.02	16.41	1097806	18975090.00
20120130	16.56	16.77	16.08	16.16	1005921	17382866.00
20120131	16.14	16.26	15.79	15.99	895869	15175655.00
20120201	15.81	16.12	15.61	15.68	725790	12228777.00
20120202	15.69	16.02	15.64	16.01	798964	13516852.00
20120203	15.99	16.61	15.87	16.56	1847824	32089386.00
20120206	16.57	16.66	16.38	16.52	1323608	23173488.00
20120528	18.27	18.27	18.27	18.27	1585908	30576306.00
20120529	20.20	20.20	19.23	19.53	33260205	693816512.00
20120530	19.32	19.32	18.67	18.72	11169697	221689072.00
20120531	18.43	19.15	18.35	18.53	7483037	147538128.00
20120601	18.40	18.63	18.07	18.30	6000362	115604640.00
20120604	17.89	17.97	17.14	17.18	6615349	122738416.00
20120605	17.21	17.54	17.00	17.30	4187485	76593312.00
20120606	17.37	17.50	17.03	17.19	2924783	53352412.00
20120607	17.38	17.42	16.74	16.78	3674058	66403236.00
20120608	16.95	17.58	16.50	17.25	6853756	123797568.00
20120611	17.19	17.78	17.10	17.63	5506933	102067720.00
20120612	17.50	17.76	17.19	17.60	3504723	64889376.00
20120613	17.97	18.06	17.49	17.76	4518147	84579256.00
20120614	17.79	17.79	17.36	17.40	3850072	71419528.00
20120615	17.40	17.51	16.74	16.89	3959449	71716528.00
20120619	16.96	17.47	16.80	16.89	4628311	83868472.00
20120620	16.89	17.14	16.45	16.54	3689683	65252152.00
20120621	16.59	16.66	16.07	16.28	2697742	46701604.00
20120625	16.43	16.56	16.03	16.23	2332533	40255548.00
20120626	16.39	16.84	16.27	16.64	4884210	85911784.00
20120627	16.59	16.75	16.12	16.14	3646807	63612920.00
20120628	16.53	16.53	15.37	15.45	4974627	83659904.00
20120629	15.51	15.83	15.29	15.68	3331823	55254628.00
20120702	15.79	15.94	15.51	15.62	3009370	50355176.00
20120703	15.62	15.93	15.54	15.79	2685384	44894864.00
20120704	15.89	16.58	15.67	16.34	5807523	99612640.00
20120705	16.16	16.37	15.85	16.10	3534361	60280160.00
20120706	16.29	16.49	15.64	16.42	4108708	70546232.00
20120709	16.39	16.68	15.96	16.00	3722468	64428712.00
20120710	15.99	16.20	15.80	16.01	2689323	45684432.00
20120711	16.17	16.22	15.85	16.13	2616878	44620868.00
20120712	16.49	16.64	16.17	16.46	4768195	83011536.00
20120713	16.59	16.73	16.13	16.19	3195988	55612212.00
20120716	16.19	16.19	15.13	15.40	4612520	76063768.00
20120717	15.19	15.77	15.09	15.51	3700068	60605268.00
20120718	15.59	15.70	15.27	15.62	2987843	49275320.00
20120719	15.50	15.97	15.43	15.70	3858715	64593096.00
20120720	15.58	15.68	15.29	15.40	1878811	30998428.00
20120723	15.18	15.46	14.86	15.30	2659125	43128760.00
20120724	15.37	15.48	15.02	15.33	3327694	54102248.00
20120725	15.28	15.43	14.95	15.12	2750614	44476108.00
20120726	15.05	15.34	14.85	14.95	2719060	43662176.00
20120727	15.08	15.14	14.49	14.67	3321701	52089036.00
20120730	14.61	14.95	14.11	14.27	3202451	49468168.00
20120731	14.25	14.25	13.20	13.46	4260695	61450816.00
20120801	13.25	13.63	13.25	13.42	2702777	39023452.00
20120802	13.29	13.47	12.83	13.01	3910029	54924832.00
20120803	13.17	13.36	12.93	13.26	3707927	52319000.00
20120806	13.17	13.85	13.04	13.68	5373789	77899328.00
20120807	13.79	13.87	13.65	13.74	2843650	41948728.00
20120808	13.70	13.84	13.49	13.59	2401425	35197748.00
20120809	13.59	13.97	13.50	13.91	3127651	46264128.00
20120810	13.89	14.34	13.82	14.21	4520112	68261080.00
20120813	14.19	14.37	13.77	13.91	2795421	41848544.00
20120814	13.79	14.06	13.17	13.92	3415549	49674632.00
20120815	13.78	14.26	13.69	14.02	4112476	61448736.00
20120816	14.07	14.37	13.93	13.99	3041630	45639612.00
20120817	13.79	14.04	13.56	13.75	2592814	37848544.00
20120820	13.71	13.88	13.37	13.79	3679006	53340000.00
20120821	13.65	14.17	13.57	14.11	5267542	78223240.00
20120822	14.24	14.28	13.94	14.04	3309040	49642264.00
20120823	13.89	14.24	13.75	14.11	3466454	51737208.00
20120824	14.16	15.46	14.13	14.93	11930595	189013920.00
20120827	14.79	14.97	14.34	14.69	5896859	91496576.00
20120828	14.47	15.28	14.47	15.04	6691470	106423992.00
20120829	15.19	15.33	14.89	15.03	4809679	76822608.00
20120830	15.09	15.53	14.20	14.74	6000446	95108240.00
20120831	14.79	14.96	14.38	14.90	4119027	64088008.00
20120903	14.99	15.16	14.75	14.97	3924129	62313644.00
20120904	15.06	15.12	14.60	14.77	3658082	57443552.00
20120905	14.79	15.74	14.63	15.45	9118247	148384896.00
20120906	15.39	15.78	15.27	15.67	4713211	77448440.00
20120907	15.69	16.37	15.60	16.00	6919925	116450240.00
20120910	15.87	16.55	15.79	16.35	6165950	106026360.00
20120911	16.89	16.94	16.28	16.37	7438242	129951616.00
20120912	16.44	16.91	16.15	16.69	7726865	134752368.00
20120913	16.89	18.45	16.60	18.08	19365378	362645344.00
20120914	17.97	18.29	17.25	17.80	17372272	325146912.00
20120917	17.69	18.05	16.97	16.99	5718914	105204152.00
20120918	17.23	17.23	16.30	16.43	6143610	107375584.00
20120919	16.43	16.86	16.22	16.53	4639152	80762520.00
20120920	16.59	16.97	15.89	16.01	4333446	75100128.00
20120921	15.97	15.97	14.67	14.74	5859046	93219768.00
20120924	14.73	15.24	14.67	14.87	4321054	68369264.00
20120925	14.87	14.89	14.22	14.54	6685646	102973968.00
20120926	14.42	14.63	13.74	13.94	5060497	75898240.00
20120927	13.97	14.44	13.81	14.28	4563384	68840096.00
20120928	14.24	14.54	14.12	14.51	3784570	57955424.00
20121008	14.54	15.19	14.40	15.09	6837897	107394192.00
20121009	15.07	15.65	14.84	15.56	6635572	107354416.00
20121010	15.41	16.05	15.37	15.48	5161894	85541920.00
20121011	15.54	15.79	15.11	15.16	3720299	60697948.00
20121012	15.35	15.56	14.81	15.35	3478455	55802604.00
20121015	15.27	15.59	14.98	15.28	3403099	55083572.00
20121016	15.39	15.46	15.01	15.33	2779220	44929296.00
20121017	15.27	15.46	15.15	15.24	1460406	23613908.00
20121018	15.24	15.93	15.17	15.70	3966406	65168144.00
20121019	15.67	15.87	15.58	15.70	2640709	43928256.00
20121022	15.67	15.97	15.55	15.86	3225385	53792660.00
20121023	15.90	16.33	15.18	15.20	5493645	90724824.00
20121024	14.95	15.16	14.72	14.78	3123766	49435120.00
20121025	14.91	15.04	14.70	14.71	1651342	25996734.00
20121026	14.56	14.69	14.00	14.33	1915110	29236544.00
20121029	14.27	14.46	13.95	14.19	2673857	40162620.00
20121030	14.18	14.57	14.08	14.41	4065641	61787768.00
20121031	14.38	14.56	14.27	14.39	1824420	27937396.00
20121101	14.44	15.58	14.41	15.23	7359961	117031280.00
20121102	15.24	15.47	14.99	15.01	5162604	82989952.00
20121105	15.07	15.48	15.01	15.33	4941337	79966264.00
20121106	15.37	15.58	14.89	15.24	3483143	56016636.00
20121107	15.23	15.54	15.14	15.39	3825265	62274592.00
20121108	15.24	15.77	14.80	15.12	3831508	61649700.00
20121109	14.99	15.35	14.89	15.24	3031454	48693760.00
20121112	15.43	15.86	15.38	15.72	8466788	140314304.00
20121113	15.79	16.09	15.49	15.56	7939486	132565232.00
20121114	15.59	15.88	15.31	15.78	7523147	124606736.00
20121115	15.71	15.86	14.49	14.82	6421393	105083872.00
20121116	14.68	14.68	14.12	14.47	5377043	82270624.00
20121119	14.64	15.19	14.48	14.95	5156639	81348496.00
20121120	14.93	15.17	14.70	14.84	3413559	53842296.00
20121121	14.84	15.00	14.30	14.86	3770664	58874544.00
20121122	14.87	15.03	14.54	14.67	2946407	46224692.00
20121123	14.74	14.97	14.54	14.62	3669055	57451240.00
20121126	14.99	15.24	14.75	15.01	5886296	93765656.00
20121127	15.01	15.03	14.42	14.51	3435307	53443596.00
20121128	14.59	14.59	14.05	14.32	3142195	47686032.00
20121129	14.37	14.76	14.19	14.35	4295040	65928948.00
20121130	14.37	14.53	14.24	14.47	2175450	33271068.00
20121203	14.56	14.56	13.81	14.13	3520590	53088676.00
20121204	14.14	14.57	13.91	14.37	4501909	68021216.00
20121205	14.37	15.04	14.22	14.82	6643307	103952096.00
20121206	15.54	16.38	15.16	15.44	12002310	199774384.00
20121207	15.39	15.97	15.27	15.84	8553916	141057232.00
20121210	15.84	16.23	15.62	15.97	7477236	125623936.00
20121211	15.84	16.07	15.59	15.85	6440615	107570456.00
20121212	15.88	15.91	15.44	15.70	4474886	74034728.00
20121213	15.67	15.82	15.35	15.47	4360828	71904336.00
20121214	15.45	16.24	15.45	16.09	8438705	141891984.00
20121217	16.29	16.87	16.06	16.73	9341323	161927008.00
20121218	16.54	16.76	16.33	16.55	7027275	122752928.00
20121219	16.59	16.87	16.39	16.68	6450313	113234800.00
20121220	16.54	16.71	16.25	16.58	4130198	71800992.00
20121221	16.56	16.74	16.01	16.05	6761328	116866712.00
20121224	15.89	16.09	15.74	15.85	4389692	73842608.00
20121225	15.87	16.31	15.75	16.25	5717665	96976992.00
20121226	16.21	16.45	16.10	16.40	4669499	80023328.00
20121227	16.41	17.14	16.31	16.75	9441279	167527760.00
20121228	16.60	16.86	16.45	16.71	5234284	91940104.00
20121231	16.65	18.46	16.65	17.91	12415552	231420976.00
20130104	17.94	18.07	17.37	17.63	6693959	123730320.00
20130107	17.63	18.67	17.49	18.01	11228315	214274176.00
20130108	18.09	18.91	17.91	18.42	9086445	176091200.00
20130109	18.35	18.54	17.59	17.92	6881220	130392368.00
20130110	17.93	18.37	17.89	18.16	4209514	80200416.00
20130111	18.14	19.01	18.14	18.40	10150931	198616096.00
20130114	18.18	20.33	18.08	20.33	15159628	311699808.00
20130115	20.59	21.99	20.03	20.08	18506493	402002944.00
20130116	20.33	20.87	19.65	20.79	11468417	241883872.00
20130117	20.58	20.58	18.79	18.97	10203703	208509456.00
20130118	18.89	19.56	18.89	19.11	5458883	109658576.00
20130121	18.50	21.11	18.50	21.11	15659528	331172192.00
20130122	21.44	21.49	20.07	20.32	11912181	255387664.00
20130123	20.09	22.44	19.89	21.36	15803370	353100192.00
20130124	21.39	22.19	20.89	21.62	14873688	336195296.00
20130125	21.60	21.60	20.54	20.94	6791197	148897856.00
20130128	21.59	22.58	21.55	21.75	10738160	245817728.00
20130129	21.54	21.66	20.89	21.33	8839200	195925168.00
20130130	21.29	21.89	20.90	21.35	7111594	158216496.00
20130131	21.19	21.45	20.59	20.64	5637587	122788304.00
20130201	20.59	21.29	20.50	20.98	5070079	110663440.00
20130204	21.19	21.87	21.19	21.40	5288147	118574824.00
20130205	21.39	21.39	20.59	21.03	3567345	77917760.00
20130206	21.15	21.82	21.15	21.50	4126002	92575040.00
20130207	21.39	23.69	21.30	22.95	10937453	256156176.00
20130208	22.69	23.47	22.51	23.39	5867632	140508864.00
20130218	23.49	25.74	22.99	24.95	10182691	257493792.00
20130219	24.79	25.94	24.12	24.17	11220226	291006592.00
20130220	24.09	25.69	23.92	25.17	7120046	183943968.00
20130221	25.08	26.48	24.75	26.09	11389377	303588320.00
20130222	25.99	26.53	25.47	25.68	6488783	173863456.00
20130225	25.68	25.99	24.49	25.02	6772600	175741936.00
20130226	25.03	27.09	24.50	26.63	9671795	259720512.00
20130227	26.23	27.06	26.02	26.51	6979108	191596896.00
20130228	26.42	26.54	25.67	26.28	6030920	162799552.00
20130301	26.20	28.11	26.20	27.01	7539520	213354256.00
20130304	27.37	27.75	26.46	27.11	6878165	192619936.00
20130305	27.09	27.46	26.37	27.24	4634490	128986216.00
20130306	27.47	28.07	26.68	27.04	5394459	152389600.00
20130307	27.07	27.09	25.30	25.55	7618536	204496928.00
20130308	25.62	25.99	25.07	25.36	5250489	137926320.00
20130311	25.53	26.49	25.27	25.80	4936870	132484816.00
20130312	25.69	25.93	24.00	24.48	8232238	210154576.00
20130313	24.39	24.44	22.59	23.36	10012552	241690752.00
20130314	23.14	23.87	22.97	23.37	4714183	114696296.00
20130315	23.29	24.23	22.79	23.49	7008282	171239968.00
20130318	23.15	23.57	22.61	23.00	5451636	130175640.00
20130319	22.89	23.57	22.67	23.54	5321852	127691504.00
20130320	23.59	24.36	23.59	24.17	7774989	194501728.00
20130321	24.20	25.19	24.00	24.97	9698925	248888816.00
20130322	24.97	25.55	24.39	25.48	9609013	248721824.00
20130325	25.68	26.07	25.10	25.40	7282007	191730784.00
20130326	25.10	25.10	23.90	24.32	6213462	157620576.00
20130327	24.08	25.08	24.00	24.94	6001145	154535328.00
20130328	24.64	24.64	23.09	23.34	5647170	140571776.00
20130329	24.04	24.64	23.45	23.84	4741159	117971264.00
20130401	23.84	24.87	23.62	24.15	5584702	141082816.00
20130402	23.99	24.27	22.87	22.97	6207171	150860816.00
20130403	23.09	23.69	22.17	23.30	6617798	158136880.00
20130408	22.59	24.09	22.59	23.89	6468067	158724176.00
20130409	23.94	24.73	23.55	24.22	7078124	177695920.00
20130410	24.29	24.52	23.61	24.17	5972375	149532512.00
20130411	24.10	24.37	23.79	23.98	3513007	87680256.00
20130412	23.83	24.24	23.33	23.40	3470437	85242952.00
20130415	23.15	23.40	22.61	22.76	3172693	75517560.00
20130416	22.77	23.24	22.52	22.98	3002679	71639000.00
20130417	22.99	23.38	22.88	23.09	2600078	62313244.00
20130418	22.97	23.57	22.85	23.12	2682443	64673248.00
20130419	23.59	24.01	23.09	23.78	4364408	106996376.00
20130422	23.74	24.59	23.72	24.55	6667912	168056832.00
20130423	24.59	24.64	23.79	24.07	5182416	129918352.00
20130424	24.18	24.68	23.85	24.63	6408641	162255168.00
20130425	24.66	24.79	22.89	23.06	7215328	180471888.00
20130426	22.97	23.27	22.45	22.84	4561549	107859624.00
20130502	22.69	23.39	22.67	23.17	1928090	46102440.00
20130503	23.17	24.04	23.09	23.84	3803508	93680488.00
20130506	23.97	24.36	23.80	24.17	3901317	97597712.00
20130507	24.10	24.32	23.79	24.01	2680894	66820932.00
20130508	24.04	24.59	23.92	24.28	4114588	103393544.00
20130509	24.34	25.07	24.12	24.89	8884577	226464160.00
20130510	25.04	25.39	24.81	25.05	6516983	169857760.00
20130513	25.27	26.59	25.19	26.17	9795550	264236400.00
20130514	26.29	26.29	25.52	25.98	6506540	174285264.00
20130515	26.07	27.05	25.72	25.79	7613853	206932768.00
20130516	25.80	26.57	25.44	26.31	6187973	167277104.00
20130517	26.18	26.66	25.88	26.21	5140708	139666560.00
20130520	26.21	26.56	25.96	26.51	6346524	172852256.00
20130521	26.47	27.23	26.22	27.08	7194132	199986240.00
20130522	26.98	26.98	25.43	25.54	7876006	212964800.00
20130523	25.63	26.43	25.49	25.70	5401781	145403472.00
20130524	25.88	26.46	25.88	26.31	4412900	119773432.00
20130527	26.44	27.24	26.39	27.18	6447284	180242944.00
20130528	27.18	27.71	26.49	26.95	5401366	150962416.00
20130529	27.59	28.22	27.38	27.46	9335290	268147488.00
20130530	27.29	27.47	26.79	27.08	4534864	126735224.00
20130531	27.09	27.23	26.44	26.45	3859266	106855216.00
20130603	26.16	26.72	26.07	26.25	4108098	112265920.00
20130604	26.30	26.57	25.49	25.62	3555807	95469232.00
20130605	25.61	25.79	24.97	25.10	2965166	77476856.00
20130606	25.02	25.64	24.87	24.98	2566994	66918240.00
20130607	24.97	25.19	24.39	24.99	2558248	65803544.00
20130613	24.92	24.92	23.10	24.01	2570591	63600140.00
20130614	24.25	24.70	23.63	24.42	2828406	70500600.00
20130617	24.57	25.20	24.27	25.05	2745852	70309496.00
20130618	25.27	25.83	25.24	25.49	4598265	120791720.00
20130619	25.25	25.25	24.63	25.09	2483143	63726548.00
20130620	25.02	25.02	23.23	23.24	4726888	117042608.00
20130621	22.85	23.13	21.77	22.48	5722497	132169024.00
20130624	22.33	22.70	20.16	20.91	4991479	109715304.00
20130625	21.05	21.93	19.55	21.79	7883258	172716464.00
20130626	21.73	22.50	21.28	22.42	5457489	124177944.00
20130627	22.35	22.73	21.16	21.19	4334773	98357296.00
20130628	20.99	22.08	20.75	21.67	4186002	93073192.00
20130701	21.77	22.15	21.37	22.04	2275648	51438200.00
20130702	22.04	22.71	21.75	22.51	4409504	101756184.00
20130703	22.43	22.69	21.70	22.49	3708860	85123800.00
20130704	22.55	23.21	22.20	22.92	4974405	117301720.00
20130705	22.92	23.30	22.53	22.55	3263111	76965312.00
20130708	22.15	22.15	21.14	21.16	3513160	78315448.00
20130709	21.35	21.70	21.13	21.28	2062929	45554720.00
20130710	21.35	22.13	21.15	21.73	2882064	64523012.00
20130711	21.86	23.03	21.63	22.54	4508241	104241152.00
20130712	22.55	22.85	22.20	22.24	3136305	72993024.00
20130715	22.14	22.88	22.14	22.73	4105612	95774784.00
20130716	22.75	23.42	22.56	23.18	5789838	137653248.00
20130717	23.20	23.70	22.65	22.99	5373113	127812016.00
20130718	22.73	23.20	22.53	22.87	3117118	73418952.00
20130719	23.10	23.10	21.74	21.75	3221494	74425920.00
20130722	21.67	22.40	21.43	22.34	2868216	65190736.00
20130723	22.34	22.90	22.15	22.79	3041943	71173736.00
20130724	22.72	22.95	22.31	22.60	2562493	59889168.00
20130725	22.60	23.23	22.46	22.51	3248751	76624744.00
20130726	22.45	22.81	21.95	22.27	2646576	61007704.00
20130729	22.25	22.72	22.05	22.32	1877690	43230264.00
20130730	22.29	22.67	21.96	22.32	1891009	43743392.00
20130731	22.22	22.80	22.22	22.74	2764057	64461864.00
20130801	22.75	23.47	22.62	23.31	5764382	137352384.00
20130809	23.47	25.61	23.35	24.24	8901578	225096048.00
20130812	24.24	24.71	23.62	24.35	4717312	116715064.00
20130813	24.25	24.83	24.01	24.68	4491681	112916032.00
20130814	24.68	25.10	24.30	24.38	3963873	100596512.00
20130815	24.39	24.59	23.83	23.96	3041029	75456056.00
20130816	23.73	24.21	23.18	23.47	2594088	63333500.00
20130819	23.24	23.99	23.12	23.75	2139492	52219848.00
20130820	23.73	24.05	23.41	23.43	1722809	42094400.00
20130821	23.43	23.92	23.26	23.90	1369435	33343212.00
20130822	23.93	23.94	23.49	23.60	1407048	34383108.00
20130823	23.66	24.03	23.17	23.79	2739937	66736156.00
20130826	23.85	24.20	23.60	24.16	3306396	81594640.00
20130827	24.08	24.80	23.91	24.68	3811853	95901808.00
20130828	24.83	26.24	24.75	25.76	11380219	299838752.00
20130829	25.75	25.75	24.73	24.78	5311805	137250000.00
20130830	24.51	24.75	23.89	24.48	4123670	103188368.00
20130902	24.75	26.22	24.75	25.54	6930206	182134160.00
20130903	25.28	26.03	25.10	25.69	4245471	112460704.00
20130904	25.69	27.54	25.69	26.91	11631595	319407456.00
20130905	26.93	27.21	26.46	26.67	7069466	194586832.00
20130906	27.09	27.73	26.78	27.20	7211022	201733264.00
20130909	27.35	28.95	26.84	27.87	12654213	361434176.00
20130910	27.75	27.91	27.35	27.60	5955635	168665488.00
20130911	28.05	29.05	26.25	26.59	13277971	382373184.00
20130912	26.33	27.06	25.81	26.30	6944967	188329520.00
20130913	26.25	26.43	25.79	26.29	2873977	76920528.00
20130916	26.31	26.69	25.95	26.26	3054291	82464080.00
20130917	26.50	26.50	25.90	25.95	2429571	65185100.00
20130918	26.01	26.83	25.83	26.27	2616547	70948984.00
20130923	26.43	26.54	26.07	26.42	2392328	64710500.00
20130924	26.52	27.03	26.28	26.94	4563974	125387784.00
20130925	27.04	27.15	26.37	26.45	3494745	95952496.00
20130926	26.31	26.62	24.95	25.05	4625628	122559328.00
20130927	25.75	26.23	25.06	25.26	3621943	95912528.00
20130930	25.40	25.60	24.96	24.99	2130988	55177460.00
20131008	24.94	26.12	24.41	25.82	3628007	94180480.00
20131009	25.45	26.23	25.35	26.01	2252878	60027692.00
20131010	25.93	26.72	25.20	25.40	5025223	134192920.00
20131011	25.65	26.23	25.44	25.70	2236585	59186076.00
20131014	25.85	26.54	25.67	26.24	3723911	99971840.00
20131015	26.33	26.64	25.97	26.23	2465522	66483696.00
20131016	26.05	26.45	25.17	25.37	2479814	65290032.00
20131017	25.65	25.70	24.85	25.13	3317206	85992992.00
20131018	25.23	25.60	25.05	25.16	2045195	53136112.00
20131021	25.25	26.22	25.11	26.11	3713777	98365664.00
20131022	26.05	26.55	25.70	25.82	2377195	63474744.00
20131023	25.82	26.40	25.60	26.05	2867347	76604400.00
20131024	26.05	26.10	25.72	25.76	2062038	54735636.00
20131025	26.24	26.24	25.08	25.34	2288974	60057968.00
20131028	25.27	25.83	25.10	25.53	2069817	53983392.00
20131029	25.75	25.85	23.90	24.09	4831242	123014808.00
20131030	24.03	24.85	23.83	24.30	2711398	67553800.00
20131031	24.25	24.35	23.16	23.46	3777308	91787928.00
20131101	23.47	23.62	22.95	23.24	1832100	43883480.00
20131104	23.25	23.75	23.05	23.52	1933946	46693860.00
20131105	23.57	23.99	23.05	23.75	2042767	49560952.00
20131106	23.67	24.12	23.54	23.70	1600325	39255248.00
20131107	23.80	24.03	23.05	23.47	2262261	54697152.00
20131108	23.43	23.47	22.85	23.17	1615306	38512656.00
20131111	23.25	23.39	22.87	23.10	1747135	41717208.00
20131112	23.05	23.44	23.02	23.12	1398358	33457880.00
20131113	23.55	24.43	23.43	23.58	5769733	141558320.00
20131114	23.55	24.74	23.26	24.45	5289603	131656608.00
20131115	24.37	25.92	24.15	25.21	7336656	190114416.00
20131118	25.94	27.09	25.49	26.74	10082301	275412480.00
20131119	29.49	29.49	27.65	27.98	18239245	536112672.00
20131120	28.15	30.75	27.05	30.17	16046262	480650336.00
20131121	29.59	29.70	28.06	28.25	10866579	321798432.00
20131122	28.55	29.53	27.95	28.05	7544450	221648016.00
20131125	28.83	29.53	28.15	28.43	10530377	312657536.00
20131126	28.20	28.75	27.37	27.72	6654929	190575920.00
20131127	27.75	28.58	27.75	28.53	6611558	191967968.00
20131128	28.65	29.23	28.27	28.37	6111700	179742128.00
20131129	28.38	30.05	28.35	29.46	11069354	334411456.00
20131202	29.15	29.15	26.94	27.46	8903827	257178816.00
20131203	27.45	28.61	27.18	28.35	4836963	139064304.00
20131204	28.24	28.71	27.92	28.26	4068162	118118992.00
20131205	28.30	28.89	28.09	28.32	4720879	138188928.00
20131206	28.10	28.35	27.47	27.76	3004466	85835456.00
20131209	27.80	28.23	27.62	28.02	2304558	66071336.00
20131210	27.99	28.75	27.70	28.74	4982132	144733568.00
20131211	28.69	28.69	28.12	28.32	2390213	69460696.00
20131212	28.22	28.31	27.45	27.51	4121786	117565432.00
20131213	27.31	27.72	26.95	27.32	2027075	56901744.00
20131216	27.49	27.49	26.54	26.68	2372232	65624888.00
20131217	26.85	27.59	26.55	27.12	2984362	83084928.00
20131218	27.12	27.45	26.70	26.98	1751414	48507584.00
20131219	27.15	27.43	26.35	26.57	2006825	55620820.00
20131220	26.55	27.02	26.23	26.56	1994286	54393504.00
20131223	26.57	27.73	26.21	27.17	4185373	116886888.00
20131224	27.44	27.54	26.37	26.72	3997400	110906208.00
20131225	26.85	27.10	26.36	26.97	2592368	71289216.00
20131226	27.02	27.02	25.91	26.16	3177617	86401008.00
20131227	26.16	26.65	26.15	26.50	1803053	49054360.00
20131230	26.51	26.93	26.45	26.77	1838113	50461412.00
20131231	26.75	26.95	26.43	26.74	1427864	39317588.00
20140102	26.85	27.83	26.62	27.65	3951280	111151416.00
20140103	27.55	28.00	27.25	27.87	2897945	82186448.00
20140106	27.75	27.75	26.40	26.79	3847592	107222392.00
20140107	27.03	27.20	26.55	26.85	1863428	51340996.00
20140108	26.86	27.12	26.61	26.67	2381021	65703216.00
20140109	26.69	27.04	25.75	25.93	2310146	62672008.00
20140110	25.85	26.13	25.54	25.56	2083056	55340904.00
20140113	25.75	25.75	25.21	25.57	1860064	48788680.00
20140114	25.60	25.91	25.31	25.72	2244800	59056744.00
20140115	25.63	26.75	25.55	26.19	3360833	90737008.00
20140116	25.95	26.45	25.92	26.04	1458617	39188600.00
20140117	25.93	26.20	25.26	25.78	2655865	70008888.00
20140120	25.69	25.85	24.93	25.03	2819608	73571984.00
20140121	25.25	25.40	24.96	25.29	1457971	37854068.00
20140122	25.25	26.53	25.05	26.17	3145551	83837928.00
20140123	26.13	26.53	25.91	26.10	1807062	48662376.00
20140124	26.11	26.24	25.89	26.14	2762319	74064680.00
20140127	26.17	26.62	26.07	26.25	3015625	81874480.00
20140128	26.14	26.25	25.51	25.73	2149764	57157836.00
20140129	25.90	26.75	25.90	26.68	4315699	117174792.00
20140130	26.68	28.05	26.60	27.38	5268307	148918704.00
20140207	27.36	28.24	27.16	27.85	4402581	125599976.00
20140210	27.85	28.43	27.57	28.19	5949429	171474992.00
20140211	28.21	28.23	27.60	28.01	5002928	143018272.00
20140212	28.15	28.53	27.75	28.19	3444200	99163008.00
20140213	28.15	28.21	27.45	27.46	4260712	121409672.00
20140214	27.35	28.05	27.28	27.78	2488428	70883656.00
20140217	27.93	29.15	27.85	28.80	6772324	199011872.00
20140218	28.75	28.92	28.17	28.56	3736547	109258944.00
20140219	28.55	28.70	27.93	28.00	2936145	84877376.00
20140220	28.20	28.25	27.37	27.60	2722512	77779736.00
20140221	27.60	28.04	27.38	27.60	1598455	45398196.00
20140224	27.61	27.65	26.95	27.21	2708763	75796576.00
20140225	27.16	27.51	25.25	25.51	4147512	111920784.00
20140226	25.28	25.69	24.96	25.47	2794209	72804936.00
20140227	25.58	26.19	25.45	25.52	2816548	74754592.00
20140228	25.54	25.90	25.05	25.81	2298327	60240392.00
20140303	25.97	26.95	25.97	26.78	3689697	100239944.00
20140304	26.83	27.12	26.31	26.97	3387494	92969072.00
20140305	26.63	27.23	26.32	26.72	2724248	74488256.00
20140306	26.60	26.84	25.79	26.00	2684491	72006384.00
20140307	26.04	26.41	25.60	25.74	2503161	66679544.00
20140310	25.60	25.60	24.45	24.54	3085915	79259048.00
20140311	24.73	24.91	23.95	24.15	2380186	59765328.00
20140312	24.20	24.38	23.55	24.00	2898493	71187480.00
20140313	24.00	25.03	23.88	24.86	3987939	100183984.00
20140314	24.93	25.20	24.20	24.46	2330838	58964540.00
20140317	24.49	24.70	24.33	24.53	2674149	67520280.00
20140318	24.53	24.57	24.15	24.20	2072680	51987312.00
20140319	24.33	24.59	23.92	24.43	3167141	79002432.00
20140320	24.45	24.91	24.00	24.06	3275869	82652728.00
20140321	24.23	24.72	23.63	24.53	4015359	100161288.00
20140324	24.47	24.94	24.22	24.64	4467173	112819736.00
20140325	24.65	25.03	24.43	24.92	2981840	75899136.00
20140326	24.95	25.01	24.57	24.75	2503130	63737380.00
20140327	24.74	25.45	24.38	25.26	5318535	136803472.00
20140328	25.55	26.21	25.49	25.96	8637331	229737296.00
20140331	25.96	26.55	24.79	24.82	5348759	139121952.00
20140401	24.85	25.53	24.65	25.32	2789596	72275488.00
20140402	25.15	25.52	24.82	25.19	2281317	58919648.00
20140403	25.25	25.43	24.40	24.43	3344168	85547888.00
20140404	24.45	24.92	24.45	24.63	2551131	64819248.00
20140408	24.64	25.61	24.55	25.53	6099452	158184960.00
20140409	25.55	25.92	25.12	25.25	3682687	95935936.00
20140410	25.25	25.50	25.14	25.31	2104767	54808640.00
20140411	25.25	25.44	25.14	25.18	1972042	51233924.00
20140414	25.23	25.34	25.08	25.32	1501141	39037496.00
20140415	25.77	26.04	25.24	25.34	4902821	129118760.00
20140416	25.14	25.58	25.14	25.38	2286493	59594000.00
20140417	25.40	25.41	24.96	24.98	2174578	56229064.00
20140418	24.97	24.97	24.60	24.80	2051129	52308692.00
20140421	24.62	25.14	24.40	24.42	2731684	69706704.00
20140422	24.51	24.67	24.05	24.38	2072068	51855144.00
20140423	24.40	25.05	24.25	24.85	2724591	69332384.00
20140424	25.00	25.19	24.68	24.90	2714649	69596192.00
20140425	24.89	24.97	24.34	24.39	1483272	37593320.00
20140428	24.45	24.45	23.36	23.57	1860030	45561312.00
20140429	23.65	24.01	23.46	23.90	1430134	35011952.00
20140430	23.83	24.08	23.53	23.82	1275490	31178564.00
20140505	23.83	24.19	23.59	23.96	1809720	44364836.00
20140506	23.74	24.05	23.68	23.82	1752011	43022636.00
20140507	23.75	23.75	23.32	23.57	1130413	27449746.00
20140508	23.60	23.95	23.37	23.62	1610492	39304036.00
20140509	23.62	23.83	23.06	23.58	2089662	50433200.00
20140512	23.80	24.25	23.59	24.22	3086979	76378856.00
20140513	24.10	24.30	23.92	24.14	1833598	45536928.00
20140514	24.19	24.72	23.97	24.41	2859653	71654432.00
20140515	24.50	25.04	24.15	24.43	3448562	87374832.00
20140516	24.47	24.73	24.11	24.56	2427991	61178092.00
20140519	24.95	25.03	24.11	24.26	2259357	57027132.00
20140520	24.26	24.48	23.87	24.41	3539040	88320232.00
20140521	24.50	24.89	24.34	24.62	2734224	69170600.00
20140522	24.72	24.80	24.23	24.42	2591522	65280360.00
20140523	24.50	24.59	24.03	24.18	1679362	41927936.00
20140526	24.53	24.74	24.37	24.64	3352443	84839952.00
20140527	24.51	24.72	24.25	24.27	2108622	53108456.00
20140528	24.41	24.59	24.15	24.55	2487534	62474464.00
20140529	24.55	24.64	24.25	24.27	1649942	41556528.00
20140530	24.43	24.73	24.18	24.58	2888223	72995536.00
20140603	24.65	24.71	24.36	24.51	2464098	62252408.00
20140604	24.45	24.59	23.97	24.19	2232395	55668856.00
20140605	24.19	24.42	24.03	24.29	1664230	41499136.00
20140606	24.17	24.41	23.99	24.21	1215963	30267796.00
20140609	24.23	24.52	24.04	24.31	2955838	73894096.00
20140610	24.35	24.63	24.20	24.53	3363144	84578696.00
20140611	24.53	24.85	24.40	24.79	3679956	93659872.00
20140612	24.70	25.18	24.65	24.75	3998658	102726712.00
20140613	24.80	25.12	24.66	24.91	3220418	82657592.00
20140616	25.05	25.33	24.79	25.22	4814989	124281832.00
20140617	25.24	25.42	24.70	24.73	3257452	83753648.00
20140618	24.85	25.73	24.75	25.29	7631832	199413888.00
20140619	25.40	25.55	24.67	24.87	3895822	100881776.00
20140620	24.83	25.10	24.55	25.00	2806318	71543248.00
20140623	25.00	25.51	24.95	25.28	3705764	96136480.00
20140624	25.35	25.93	25.25	25.82	6520869	171946384.00
20140625	25.80	25.87	25.43	25.51	3862507	101670992.00
20140626	25.60	25.85	25.50	25.66	4343383	114567408.00
20140627	25.65	25.75	25.42	25.51	4313145	113453160.00
20140630	25.61	27.40	25.49	27.08	13187368	359308928.00
20140701	26.88	26.95	26.31	26.40	6760048	184220336.00
20140702	27.25	28.48	27.25	27.61	15073047	430528672.00
20140703	27.05	27.75	27.03	27.25	6133850	171884112.00
20140704	27.45	28.35	27.15	28.01	10572647	303039904.00
20140707	28.65	28.75	28.05	28.24	10157281	296547936.00
20140708	28.85	28.85	27.45	27.84	7371144	210944016.00
20140709	27.93	28.82	27.35	27.65	9689540	280123104.00
20140710	27.65	27.94	27.06	27.10	5359308	150766144.00
20140711	27.25	28.20	26.95	27.66	7323443	208158912.00
20140715	27.74	28.11	26.76	27.58	8082237	227985120.00
20140716	27.30	27.40	26.22	26.38	5703240	156234336.00
20140717	26.31	26.54	26.10	26.38	2812770	76097376.00
20140718	26.53	26.73	26.25	26.36	2648024	72115320.00
20140721	26.55	26.55	25.81	26.20	3520330	94729856.00
20140722	26.16	26.68	25.95	26.37	3025483	81892008.00
20140723	26.54	26.93	26.37	26.54	3722744	101784960.00
20140724	26.73	26.91	25.95	26.34	3741676	101015576.00
20140725	26.35	26.59	26.06	26.48	2428034	65882492.00
20140728	26.45	27.54	26.45	27.26	5723446	159166816.00
20140729	27.26	27.92	27.25	27.58	5786782	163830976.00
20140730	27.57	28.04	27.34	27.52	5498834	156132368.00
20140731	27.36	27.72	27.22	27.65	4423235	124726992.00
20140801	27.72	28.47	27.45	27.62	9296272	266489392.00
20140804	27.64	28.03	27.42	27.68	5018781	142666176.00
20140805	27.70	27.71	27.31	27.56	3222745	90990888.00
20140806	27.57	28.50	27.26	28.07	7958245	229108672.00
20140807	28.35	28.68	27.96	28.31	7347031	212978560.00
20140808	28.64	30.05	28.25	29.50	11063196	333261888.00
20140811	29.55	29.94	29.22	29.61	5827569	176247792.00
20140812	29.60	29.70	29.11	29.25	3931348	118227408.00
20140813	29.18	29.64	28.50	29.28	5506535	163919184.00
20140814	29.20	29.64	28.99	29.02	5163855	154918272.00
20140815	29.29	29.42	28.93	29.30	3058968	91098128.00
20140818	29.40	29.77	29.05	29.47	4337535	129912336.00
20140819	29.48	29.68	29.26	29.53	3598561	108258304.00
20140820	29.38	30.34	29.32	29.93	7487758	228123104.00
20140821	29.93	30.08	29.43	29.62	3504889	106473696.00
20140822	29.48	29.95	29.25	29.29	3916308	118073248.00
20140825	29.36	29.88	28.87	29.14	3847238	114580832.00
20140826	29.15	29.18	28.41	28.93	3157834	92680168.00
20140827	29.18	30.26	28.94	29.84	8818396	268018624.00
20140828	29.78	29.86	28.66	28.89	5125324	153039648.00
20140829	28.89	29.75	28.79	29.45	4759581	141614624.00
20140901	29.98	30.83	29.78	30.57	9560361	296002624.00
20140902	31.08	32.66	30.20	32.01	15836913	507184512.00
20140903	32.01	32.38	31.46	32.32	10252927	334202656.00
20140904	32.22	34.46	31.69	33.34	14254894	482696416.00
20140905	33.08	33.33	32.53	32.86	6752103	226300032.00
20140909	33.26	34.52	33.21	33.67	7507323	258377872.00
20140910	33.41	34.76	33.19	34.13	6457593	224736256.00
20140911	33.84	34.67	32.76	33.16	6695223	228766064.00
20140912	33.16	33.91	32.89	33.46	6488089	220793312.00
20140915	33.54	34.96	33.38	34.61	7837316	273321536.00
20140916	34.40	34.58	31.89	32.29	9570235	322974016.00
20140917	32.43	32.65	31.59	32.21	4130296	134814016.00
20140918	32.23	32.71	31.78	32.48	2067453	68027088.00
20140919	32.49	33.16	32.03	33.02	4257651	141851488.00
20140922	32.94	32.94	32.03	32.12	2718478	89370768.00
20140923	32.18	33.33	32.13	32.93	6062388	202890288.00
20140924	33.06	36.29	32.91	35.66	11218244	398021792.00
20140925	35.38	36.99	35.38	35.68	8767825	321110304.00
20140926	36.07	36.30	34.48	34.84	5775023	205867344.00
20140929	34.68	35.76	34.45	34.94	4849702	172395808.00
20140930	34.98	34.98	34.30	34.58	3825596	134609216.00
20141008	34.53	35.88	34.53	35.57	6442825	231872384.00
20141009	35.89	37.46	35.77	37.37	10473842	390832288.00
20141010	36.77	37.88	36.39	36.75	5630844	211473024.00
20141013	36.68	37.53	35.42	37.39	5394660	199762400.00
20141014	38.23	40.71	37.71	39.20	12210812	488826368.00
20141015	38.90	41.07	38.03	40.32	9433904	377982752.00
20141016	39.73	41.04	38.26	38.29	7944859	319340288.00
20141017	37.68	38.78	37.27	37.97	7322085	282200704.00
20141020	38.23	38.46	37.29	37.88	4894079	188310608.00
20141021	37.86	38.80	37.36	37.52	6529783	252456672.00
20141022	37.48	38.88	36.73	37.74	7562183	291827648.00
20141023	37.49	37.85	36.75	37.07	5519587	209093424.00
20141024	37.26	37.63	36.63	37.06	3470031	130826928.00
20141027	37.08	37.88	36.89	37.59	3815690	145487104.00
20141028	37.63	39.28	37.59	39.02	8479079	332520832.00
20141029	39.15	40.57	38.99	40.28	12356456	500683072.00
20141030	40.27	40.31	38.18	38.66	8735830	347952416.00
20141031	39.13	39.87	37.76	38.27	7105482	277226752.00
20141103	38.24	38.91	37.94	38.32	4832140	188808784.00
20141104	38.63	38.97	37.69	38.07	4466641	174178944.00
20141105	37.83	38.73	37.48	37.74	3761187	145026880.00
20141106	37.66	37.84	36.74	36.91	5730677	215834224.00
20141107	36.87	37.86	35.90	36.34	6283329	236274240.00
20141110	36.52	36.76	34.08	35.17	11493724	407274080.00
20141111	35.19	35.27	33.23	33.54	8883327	308634560.00
20141112	34.73	36.86	34.73	36.30	14605046	530854336.00
20141113	35.53	36.08	34.38	34.87	8025094	286100448.00
20141114	34.67	35.88	33.78	35.63	7445274	266650464.00
20141117	35.88	36.57	35.18	36.01	8114664	297827520.00
20141118	35.63	36.08	34.80	35.21	7446214	266802992.00
20141119	35.08	35.47	34.31	34.99	5634755	200710624.00
20141120	34.88	35.32	34.55	34.96	4411589	157581888.00
20141121	35.13	35.31	34.77	35.22	5802895	207205408.00
20141124	35.63	35.63	34.56	34.70	12715391	451848096.00
20141125	34.68	35.01	34.48	34.94	7886057	279081664.00
20141126	34.93	35.94	34.57	35.88	18029586	652249280.00
20141127	36.00	37.11	35.76	36.89	16829284	625654848.00
20141128	36.96	38.05	35.79	36.12	14868792	555679424.00
20141201	35.68	35.78	34.85	35.49	10349355	371882368.00
20141202	35.38	36.63	35.24	36.22	14184618	522554144.00
20141203	36.28	37.11	35.18	37.01	17435794	639896832.00
20141204	36.59	37.93	36.59	37.64	15689295	599436480.00
20141205	38.68	41.38	35.65	41.34	33966380	1358632064.00
20141208	43.37	45.54	42.39	45.25	32614922	1477110528.00
20141209	45.38	45.38	40.66	40.66	25915744	1135374208.00
20141210	40.38	42.37	37.48	41.29	19021037	785230784.00
20141211	40.78	41.74	39.91	40.74	13335149	554485760.00
20141212	40.64	41.01	39.66	39.74	10055772	409439840.00
20141215	37.48	40.74	37.36	40.39	15898671	637512384.00
20141216	40.28	42.26	39.38	40.96	11105021	465111936.00
20141217	40.95	40.96	38.88	39.34	8976516	360787680.00
20141218	38.99	42.16	38.98	40.87	11144175	461754720.00
20141219	40.38	40.81	38.80	39.43	8309469	333299136.00
20141222	39.78	39.78	35.43	35.86	14088806	534100672.00
20141223	35.88	37.07	35.38	35.44	8340797	307645280.00
20141224	35.51	36.97	35.51	36.66	6260994	232054496.00
20141225	36.68	38.01	36.18	37.29	4816247	181319568.00
20141226	38.27	38.57	37.19	37.88	7910719	303590048.00
20141229	37.74	38.47	36.84	37.80	8105486	308834368.00
20141230	37.58	37.97	35.79	36.06	6379995	238654560.00
20141231	36.59	37.44	36.57	37.00	5714674	214951120.00
20150105	37.56	38.03	36.40	37.42	6915156	262901792.00
20150106	37.57	40.87	37.41	40.17	14715340	590819712.00
20150107	39.83	40.23	38.95	39.57	9124240	366252192.00
20150108	39.98	40.17	38.33	38.90	7492678	298838976.00
20150109	38.78	39.53	37.89	38.03	6636653	261109024.00
20150112	37.59	37.59	35.28	35.54	12184243	446142816.00
20150113	35.54	36.88	35.54	35.95	5462793	201282432.00
20150114	35.50	36.75	35.50	36.31	5043515	186082304.00
20150115	36.33	37.18	36.07	36.94	5035500	187656064.00
20150116	36.84	37.26	36.28	36.86	4829400	180245616.00
20150119	36.08	37.96	35.28	35.82	8557244	320925152.00
20150120	36.13	37.68	36.13	37.37	6333589	238677712.00
20150121	37.66	40.23	37.66	39.70	14619167	587462784.00
20150122	39.72	43.73	38.88	43.73	24158500	1030842560.00
20150123	44.36	44.54	42.38	43.04	17760118	784311168.00
20150126	43.93	44.66	42.69	44.03	11563241	513148448.00
20150127	44.18	44.37	42.15	43.03	8085913	355153440.00
20150128	42.41	42.87	40.93	42.06	10972856	463528480.00
20150129	41.38	42.05	41.01	41.51	3768783	159138288.00
20150130	42.18	42.93	41.48	41.52	6673210	286337920.00
20150202	41.12	42.90	40.43	42.11	6652645	284511744.00
20150203	42.14	42.88	41.55	42.39	6350026	272518784.00
20150204	42.82	46.69	42.68	46.69	25191773	1172327296.00
20150205	45.51	47.51	45.34	45.85	13897548	650597056.00
20150206	45.63	46.51	44.54	45.44	7156967	329135392.00
20150209	45.18	46.44	44.58	45.25	5407311	248787568.00
20150210	45.18	45.38	44.15	44.74	4385083	198596992.00
20150211	44.91	45.69	43.76	45.12	6474635	294230624.00
20150212	45.08	47.26	44.88	46.86	8755541	412031968.00
20150213	46.96	48.04	46.38	47.05	8528559	409151552.00
20150216	47.28	47.67	46.50	46.92	5626592	267525536.00
20150217	46.85	46.87	46.04	46.56	4555003	214107472.00
20150225	46.38	48.76	46.08	47.00	7533565	359985216.00
20150226	46.73	46.78	45.54	46.15	5902851	275837792.00
20150227	46.25	48.67	46.19	46.77	10130566	486777024.00
20150302	46.77	46.81	45.28	46.24	12487237	578511936.00
20150303	45.76	47.76	45.41	47.37	12713518	603425600.00
20150304	48.18	50.24	48.18	49.56	17815891	888604544.00
20150305	48.86	49.38	47.38	48.17	8744159	425353216.00
20150306	48.18	48.37	46.63	48.10	5387053	258422736.00
20150309	48.18	48.18	46.98	47.89	6280613	301555200.00
20150310	47.46	47.86	47.04	47.66	5892632	282500672.00
20150311	47.76	49.76	46.31	49.42	14587612	703460992.00
20150312	48.79	50.38	48.48	49.21	13844342	689569920.00
20150313	49.50	49.58	47.26	47.55	13975481	681274816.00
20150316	47.88	48.02	47.08	47.79	19006327	913836608.00
20150317	47.68	47.99	46.91	47.12	26241400	1262454528.00
20150318	46.78	47.33	46.53	47.23	20114475	955860224.00
20150319	47.18	47.19	46.57	46.94	12703403	603210112.00
20150320	46.95	47.44	46.76	47.36	11947211	570157184.00
20150323	47.48	47.73	47.08	47.26	15373831	737553472.00
20150324	47.23	47.98	46.36	47.04	17097268	817768768.00
20150325	47.02	47.02	45.88	46.20	13967998	656891328.00
20150326	45.78	47.92	45.78	47.43	18908120	904455488.00
20150327	47.44	47.68	46.53	47.02	9724964	463185056.00
20150330	47.01	47.38	46.39	47.16	11867251	563650560.00
20150331	46.78	47.48	46.34	46.85	15198181	722401408.00
20150401	46.82	47.35	46.58	47.08	12514144	595657600.00
20150402	47.18	47.33	46.50	47.04	10154672	482367648.00
20150403	46.73	48.18	46.58	48.06	18565046	894917760.00
20150407	48.14	48.36	47.61	48.21	16281893	791666240.00
20150408	48.44	48.66	46.48	46.92	13568741	654206976.00
20150409	46.88	46.88	42.68	44.65	14064928	641152320.00
20150410	44.36	46.27	44.09	45.37	10507687	482895840.00
20150413	46.36	46.48	45.38	46.10	10030026	466927296.00
20150414	45.91	46.86	45.28	45.94	12256361	571397568.00
20150415	45.93	45.93	43.79	43.82	10271591	464699840.00
20150416	43.08	45.31	42.93	44.97	11094403	501443136.00
20150417	45.05	47.20	45.05	46.51	16803424	789435968.00
20150420	45.48	48.08	45.48	47.67	22737974	1090109056.00
20150421	47.78	51.89	47.78	48.87	32182993	1615079552.00
20150422	49.06	49.33	48.16	49.14	19479971	964097216.00
20150423	49.38	49.63	47.53	48.26	14339069	703323840.00
20150424	48.32	50.37	47.76	48.63	17881720	891887040.00
20150427	48.48	51.10	48.48	49.61	18281860	919309440.00
20150428	49.36	49.82	46.98	47.16	13305240	645418176.00
20150429	47.11	49.18	46.61	48.32	9934117	483897728.00
20150430	48.61	49.80	48.44	49.22	16958930	846333504.00
20150504	49.33	52.88	49.33	52.85	22809355	1187677696.00
20150505	53.28	53.38	51.08	51.46	18054221	951009536.00
20150506	51.64	53.15	50.82	51.64	14832551	781621184.00
20150507	51.98	53.33	48.31	49.17	14281794	743139840.00
20150508	49.30	51.24	48.46	51.11	13136042	658617280.00
20150511	53.28	53.31	51.27	52.08	16528015	873088128.00
20150512	52.06	56.18	51.43	55.46	22761634	1240523264.00
20150513	54.38	57.82	53.97	56.83	22342909	1269901952.00
20150514	56.58	58.17	55.08	55.12	14826495	847659584.00
20150515	55.38	60.69	55.38	60.69	24490218	1445110528.00
20150518	62.33	66.82	60.38	65.27	26059623	1701672320.00
20150519	65.38	69.46	63.89	65.63	18663062	1258206464.00
20150520	65.36	72.26	65.36	69.25	16510360	1167286528.00
20150521	71.28	72.59	68.50	70.84	13204379	938029696.00
20150522	71.50	72.32	65.98	70.04	14769385	1025701824.00
20150525	69.13	77.11	67.38	77.11	23839485	1788092800.00
20150526	80.18	84.88	78.44	84.88	26134568	2178934016.00
20150527	87.43	92.56	82.39	85.38	23219952	2062458112.00
20150528	85.26	87.53	76.78	76.84	20549853	1679289600.00
20150529	76.38	82.36	73.89	80.22	16564009	1317241600.00
20150601	79.38	85.37	78.28	83.50	15422381	1276549888.00
20150602	83.66	87.17	80.38	82.92	14237099	1189618432.00
20150603	82.73	82.73	75.98	78.18	15497292	1224645760.00
20150604	77.27	77.33	70.38	74.52	15130482	1122587008.00
20150605	76.28	79.26	74.12	76.12	14473034	1126061696.00
20150608	76.13	76.13	72.25	74.21	11471547	850141184.00
20150609	73.94	76.98	73.27	75.63	9095627	692602048.00
20150610	75.20	80.39	74.19	77.62	14260409	1120283392.00
20150611	77.28	79.36	76.28	78.54	11407597	894314880.00
20150612	79.28	79.56	76.88	78.35	11948218	938742528.00
20150615	79.68	81.38	74.38	75.69	15622915	1247459328.00
20150616	74.08	74.08	68.33	69.30	12548343	891492864.00
20150617	68.88	71.30	64.68	70.28	9608016	666838720.00
20150618	70.41	71.68	66.88	67.37	8223271	578521984.00
20150619	66.91	69.18	62.38	64.70	11259654	749881792.00
20150623	66.28	71.23	61.88	71.23	17647532	1186543488.00
20150624	71.96	75.88	71.93	74.94	22754706	1697184896.00
20150625	74.94	76.37	67.38	69.29	16163184	1188223872.00
20150626	66.18	66.56	62.30	62.30	13581261	874508544.00
20150629	64.38	64.73	56.01	56.58	17600642	1050010560.00
20150630	54.38	62.08	50.86	61.33	21189572	1184132352.00
20150701	60.88	64.32	55.38	55.70	17282595	1068947584.00
20150702	56.88	57.88	50.07	50.53	15310185	821780736.00
20150703	49.38	53.98	45.59	47.35	14749475	730280704.00
20150706	52.15	52.15	42.74	46.71	20223627	976730304.00
20150707	43.48	45.38	41.98	41.98	19084897	819634432.00
20150708	37.72	37.72	37.72	37.72	6388000	244915920.00
20150709	33.90	41.54	33.90	41.54	20633827	803441728.00
20150710	43.02	45.74	43.02	45.74	8427046	384781984.00
20150713	50.36	50.36	48.02	50.36	15343604	775645504.00
20150714	53.47	55.44	50.97	55.44	27039402	1484369664.00
20150715	53.22	54.27	49.85	49.85	19210779	989836224.00
20150716	49.52	53.47	44.83	51.01	18915503	960468864.00
20150717	51.29	56.16	51.29	56.16	22147606	1231272576.00
20150720	59.52	61.82	57.78	61.82	32081398	1973474048.00
20150721	60.52	64.38	58.55	61.59	21647813	1342001280.00
20150722	60.52	67.07	60.05	65.99	22287626	1458738304.00
20150723	66.00	69.40	63.50	67.93	17703201	1175458944.00
20150724	67.42	72.31	66.52	69.44	16915898	1192865920.00
20150727	68.04	71.00	62.45	62.45	21307891	1431377536.00
20150728	56.16	66.54	56.16	59.96	25586816	1518014976.00
20150729	61.13	66.00	57.32	66.00	21816042	1349983104.00
20150730	67.26	71.48	63.52	65.32	29314427	2032965888.00
20150731	63.62	66.52	58.74	59.12	18894098	1184642048.00
20150803	56.33	58.02	53.16	53.16	22162895	1207264512.00
20150804	52.62	58.52	52.62	58.52	25321959	1426056320.00
20150805	59.65	60.72	56.02	57.38	22605462	1335977984.00
20150806	55.52	58.00	54.52	55.39	13220492	747081728.00
20150807	56.52	58.62	55.77	58.54	16744130	960713280.00
20150810	59.52	64.42	59.03	63.25	19512862	1216055424.00
20150811	63.25	64.47	60.82	62.35	18120329	1139970560.00
20150812	65.24	66.59	63.03	63.33	23223859	1523703680.00
20150813	62.12	64.32	59.50	63.86	16990024	1059852544.00
20150814	64.52	65.04	63.03	63.39	14443955	929821440.00
20150817	62.85	67.02	62.40	65.31	19428597	1277417728.00
20150818	65.32	65.33	58.73	58.73	18025288	1113154432.00
20150819	55.02	60.20	53.10	58.46	15828100	904606976.00
20150820	57.50	57.52	53.02	53.15	14087924	787653888.00
20150821	52.47	56.53	50.08	51.73	15778246	850144128.00
20150824	49.52	50.92	46.51	46.51	9055372	431737024.00
20150825	41.81	42.91	41.81	41.81	14349901	609841088.00
20150826	41.67	42.52	37.58	37.58	19845515	793129280.00
20150827	37.96	40.95	35.52	40.73	19068104	755856896.00
20150828	42.12	44.85	42.12	44.85	23001563	1026151104.00
20150831	46.11	47.12	43.53	46.60	27428179	1263855360.00
20150901	44.52	45.06	41.89	42.28	18217502	782319808.00
20150902	39.22	43.52	38.52	40.94	15091284	622843648.00
20150907	42.50	43.49	38.80	38.91	9780145	407521376.00
20150908	38.02	40.51	35.08	40.19	13427072	507653280.00
20150909	40.52	43.27	39.62	42.40	15106315	636834432.00
20150910	41.52	44.90	41.02	42.83	11819349	517187328.00
20150911	42.32	43.72	40.65	41.79	8495618	360670944.00
20150914	42.52	43.00	37.56	37.56	9733304	388196768.00
20150915	36.52	37.42	33.92	34.11	9760881	351675232.00
20150916	34.72	37.57	33.82	37.57	10092239	363274560.00
20150917	38.34	40.63	37.52	37.62	13788514	550158336.00
20150918	37.50	39.41	37.50	38.81	8569181	333987328.00
20150921	38.82	42.52	38.52	42.49	12154237	506903488.00
20150922	42.62	44.87	42.13	43.22	13654940	602877632.00
20150923	42.02	43.82	41.12	41.82	12482747	531916992.00
20150924	42.02	43.32	41.73	42.26	9369512	403032000.00
20150925	42.02	43.02	41.20	41.53	10715126	456780992.00
20150928	41.77	42.28	39.40	41.19	6367562	262777728.00
20150929	39.96	40.67	39.32	39.38	5354683	215586336.00
20150930	39.78	43.02	39.78	41.97	11145417	469076288.00
20151008	44.52	45.47	43.51	44.35	11058277	499960128.00
20151009	44.52	47.67	44.35	46.11	11027148	519047680.00
20151012	47.51	49.52	46.09	46.31	33399275	1584884480.00
20151013	45.32	48.07	45.13	47.39	14970560	707350656.00
20151014	48.12	49.01	46.53	46.66	11515179	556599808.00
20151015	46.50	48.50	45.82	48.12	10484332	500385216.00
20151016	48.52	50.32	48.18	49.88	13260866	660713664.00
20151019	50.32	50.32	47.48	47.73	11864209	582011456.00
20151020	47.77	48.71	47.32	48.41	10924508	529830336.00
20151021	48.12	49.70	43.62	44.07	13069157	618050368.00
20151022	44.52	46.39	43.32	45.75	10833594	491899904.00
20151023	46.33	47.70	45.32	47.08	11151414	524278624.00
20151026	48.51	50.10	47.81	49.26	17278524	851897088.00
20151027	49.92	53.52	47.20	52.88	17998834	914019008.00
20151028	53.02	53.02	49.32	49.71	10924137	562670592.00
20151029	50.05	52.01	49.04	50.43	10395084	529999744.00
20151030	50.32	51.00	48.98	49.33	8519778	427894304.00
20151102	49.32	50.01	47.40	48.32	11291819	557547776.00
20151103	48.52	49.00	47.03	47.94	6231779	302094240.00
20151104	48.03	50.50	48.03	50.14	11125698	553831936.00
20151105	50.11	53.04	49.40	49.53	20415552	1047249216.00
20151106	50.02	51.97	49.42	51.30	13188502	675912640.00
20151109	51.40	51.82	50.17	51.31	11000014	568569024.00
20151110	51.32	53.02	50.52	51.52	12512091	653697408.00
20151111	51.54	51.97	50.83	51.89	10809861	560454272.00
20151112	51.82	52.89	51.18	52.22	11559196	607257088.00
20151113	51.47	51.62	49.52	49.87	10190242	519050752.00
20151116	48.52	50.99	48.47	50.69	6657181	337258688.00
20151117	51.02	55.52	51.02	53.34	22063387	1185929856.00
20151118	53.33	53.52	51.02	51.33	8295577	438539040.00
20151119	51.58	53.50	51.52	53.02	9520028	506717824.00
20151120	53.18	58.22	53.18	56.13	14811010	840004864.00
20151123	56.14	61.79	56.14	59.62	19327296	1166379904.00
20151124	59.20	60.02	56.92	59.39	8134045	475778176.00
20151125	63.82	63.82	60.19	60.97	13331780	830568448.00
20151126	59.91	62.79	58.67	61.20	10612446	646822464.00
20151127	62.02	62.40	55.03	57.02	17009084	998807040.00
20151130	56.02	57.90	52.53	55.36	12685857	702581632.00
20151201	54.51	56.30	54.11	55.04	8870957	493791296.00
20151202	55.10	55.48	52.05	54.77	6312172	342932640.00
20151203	55.12	57.00	54.64	56.73	7297527	409519872.00
20151204	56.10	56.79	54.57	54.86	5315508	297974016.00
20151207	54.71	55.73	53.93	55.05	5485955	302999968.00
20151208	54.03	54.46	52.07	52.57	7759232	413977056.00
20151209	52.56	53.55	51.52	53.05	8028190	425503648.00
20151210	52.53	53.30	51.67	52.24	5336437	281512768.00
20151211	51.78	52.96	51.78	52.38	5194421	275549632.00
20151214	51.77	53.62	51.02	53.30	6014872	318181152.00
20151215	53.53	55.01	52.92	54.39	5625829	307732064.00
20151216	54.32	54.62	53.53	54.18	4604727	251049248.00
20151217	54.33	55.27	54.00	54.79	6279084	347286368.00
20151218	54.72	54.95	53.12	53.38	5866220	318760800.00
20151221	53.42	54.51	53.10	53.82	6363231	344691392.00
20151222	53.83	54.42	52.54	53.57	5718328	307721376.00
20151223	53.52	53.82	53.03	53.33	4917310	264722016.00
20151224	53.32	53.32	51.30	52.08	5515536	288939808.00
20151225	52.02	52.67	51.62	52.09	4183166	220023184.00
20151228	52.62	52.71	51.53	51.56	4928175	259791008.00
20151229	51.12	52.01	50.87	51.85	3889792	201353408.00
20151230	51.87	53.17	51.37	52.55	6306417	332038176.00
20151231	52.42	53.02	52.19	52.25	4052400	215095872.00
20160104	53.92	54.17	47.04	48.92	6737327	356270848.00
20160105	47.12	50.62	46.42	49.42	8623972	425015776.00
20160106	49.56	50.50	48.92	50.08	6467823	325025952.00
20160107	47.63	49.32	45.07	45.36	1500635	71244672.00
20160108	46.08	46.82	41.02	45.09	7046228	322068544.00
20160111	44.17	44.42	40.53	40.53	8072635	342296736.00
20160112	40.58	41.37	37.52	39.19	6807362	272219488.00
20160113	38.58	40.04	37.60	38.13	4452681	175887408.00
20160114	36.52	41.52	36.12	41.19	8692888	343976288.00
20160115	41.02	43.22	40.52	41.24	9272663	392878592.00
20160118	39.72	43.12	39.54	43.01	6705388	282214016.00
20160119	42.25	45.02	41.57	44.40	9591906	421033792.00
20160120	43.91	45.03	42.80	42.88	7142323	316077600.00
20160121	41.82	42.74	39.72	40.50	7961846	334522624.00
20160122	41.03	41.93	39.65	41.26	5818786	240829024.00
20160125	41.52	43.15	41.43	41.73	5143902	219663760.00
20160126	41.37	42.44	38.10	38.59	6380635	259360544.00
20160127	39.01	39.12	35.12	38.83	9187898	342533280.00
20160128	37.57	38.82	35.82	37.24	5370123	203649984.00
20160129	37.17	39.51	36.02	38.66	5984028	231010032.00
20160201	38.72	38.82	36.32	37.43	5716995	218053408.00
20160202	37.71	40.90	37.57	39.44	6678907	268270992.00
20160203	38.67	41.42	38.52	40.92	6502439	265213584.00
20160204	40.73	42.74	40.73	42.03	5540836	235470032.00
20160205	42.07	42.50	41.32	41.70	3260649	138331760.00
20160215	40.32	43.08	40.17	42.48	4582320	195667568.00
20160216	42.51	44.31	42.51	44.05	5114150	226021712.00
20160217	44.70	46.15	44.05	45.50	7306312	335300864.00
20160218	44.85	45.49	44.02	44.88	4097125	184637616.00
20160219	44.48	45.21	43.88	44.70	5412437	243629456.00
20160222	45.07	45.31	44.13	44.83	4872694	219905552.00
20160223	44.88	44.88	43.43	43.67	3396666	151190464.00
20160224	43.68	44.38	42.54	43.65	3512686	154436064.00
20160225	43.62	43.62	39.24	39.58	6224516	258726288.00
20160226	40.12	40.52	38.77	40.23	4916103	198683776.00
20160229	40.22	40.22	36.32	37.43	7291430	276223712.00
20160301	37.52	39.32	36.52	38.46	5919617	229385600.00
20160302	38.42	41.27	38.03	40.75	6620780	264114976.00
20160303	40.68	41.52	40.23	40.28	5649059	232927568.00
20160304	40.02	40.90	37.99	39.95	5702262	228423520.00
20160307	39.52	40.51	39.42	39.75	4921090	199280016.00
20160308	39.57	39.57	37.74	39.27	3964503	155057744.00
20160309	38.47	40.02	38.12	38.77	3808905	150626864.00
20160310	38.77	38.95	38.00	38.31	3232740	125635368.00
20160311	38.02	39.02	37.52	38.46	3113277	120460432.00
20160314	38.94	40.51	38.62	39.85	6310799	253007392.00
20160315	39.72	39.92	38.92	39.14	3058928	121540704.00
20160316	39.32	39.42	38.22	38.64	3675031	144851840.00
20160317	38.82	40.77	38.67	39.98	5923727	238425680.00
20160318	40.07	41.72	39.89	41.37	5989595	249419856.00
20160321	42.05	42.70	41.43	42.46	6785171	288848288.00
20160322	42.32	44.02	41.79	42.64	8637001	376137664.00
20160323	42.52	43.01	42.02	42.54	5321023	228587920.00
20160324	42.47	43.28	42.04	42.50	7700279	332923584.00
20160325	42.32	44.67	42.12	43.28	10457024	462582656.00
20160328	44.02	44.38	42.18	42.38	6686518	292065536.00
20160329	42.07	42.48	40.62	41.22	3372294	141226256.00
20160330	41.64	43.02	41.64	42.85	5273578	226720320.00
20160331	43.02	43.78	42.42	43.04	6468409	281399968.00
20160401	42.65	43.13	42.03	42.38	3891426	167389120.00
20160405	42.38	43.92	41.92	43.52	4395940	191583920.00
20160406	43.32	43.89	42.82	43.50	4827320	212001552.00
20160407	43.42	43.62	42.00	42.12	6242744	268715744.00
20160408	41.67	42.32	40.02	41.21	5055195	211315104.00
20160411	41.55	42.53	41.55	41.89	5327605	226493568.00
20160412	41.82	42.26	41.23	41.57	3229133	136034288.00
20160413	41.87	44.28	41.55	43.76	12189142	532091456.00
20160414	43.72	44.74	43.52	44.57	9321517	416599360.00
20160415	44.42	45.04	43.54	43.70	6196828	277337536.00
20160418	43.42	43.42	42.50	42.81	3598889	155760960.00
20160419	43.24	43.47	42.40	42.89	3203304	138802016.00
20160420	42.92	43.63	40.02	41.08	7478789	315407200.00
20160421	40.87	41.17	40.32	40.40	3176727	130976776.00
20160422	39.92	41.00	39.82	40.47	2595995	105835152.00
20160425	40.17	40.69	39.74	40.30	2524214	103136408.00
20160426	40.05	40.67	39.94	40.51	2013168	82010592.00
20160427	40.72	40.88	39.81	39.93	2473578	100864104.00
20160428	39.92	40.20	38.67	39.24	5308937	210750752.00
20160429	39.02	39.45	38.44	39.07	6938066	274256416.00
20160503	39.11	40.81	38.75	40.73	5992772	241794384.00
20160504	40.44	40.67	39.94	40.33	3570661	145657888.00
20160505	40.82	41.00	40.12	40.31	5074721	208609072.00
20160506	40.24	40.37	38.02	38.10	6182723	245244016.00
20160509	38.10	38.10	36.73	37.15	5768402	217822400.00
20160510	37.37	37.72	37.02	37.30	2491972	94340520.00
20160511	37.64	37.81	37.02	37.19	2701204	102529272.00
20160512	36.70	38.09	36.53	37.74	4400877	167664832.00
20160513	37.52	38.27	37.03	37.43	2735017	104382752.00
20160516	37.20	37.72	37.02	37.70	2582174	97745792.00
20160517	37.77	38.72	37.25	38.14	4953652	190375872.00
20160518	38.42	38.77	37.25	38.15	5192481	200925008.00
20160519	37.83	38.36	37.50	37.75	4112976	157703472.00
20160520	37.48	38.51	37.17	37.92	4735149	181031504.00
20160523	37.95	38.32	37.53	38.03	4003875	153649088.00
20160524	38.13	38.13	37.21	37.36	2972228	112900648.00
20160525	37.50	37.69	37.03	37.10	2090172	79017744.00
20160526	37.08	37.51	36.50	37.37	3446247	128602560.00
20160527	37.12	38.00	36.94	37.39	3983550	151365728.00
20160530	37.15	37.82	36.72	37.43	2364405	89289584.00
20160531	37.42	39.01	37.42	38.96	6792991	264045888.00
20160601	38.92	39.78	38.52	39.10	6985157	277995328.00
20160602	39.02	39.92	38.82	39.67	5312319	211495984.00
20160603	39.70	39.82	39.15	39.34	4748526	189506128.00
20160606	39.52	39.79	38.63	38.92	4445855	176026864.00
20160607	38.92	39.21	38.63	39.12	2732662	107634288.00
20160608	38.97	39.47	38.72	39.07	4608956	182301120.00
20160613	38.51	39.09	37.37	37.41	4627140	179680304.00
20160614	37.32	37.70	36.87	37.13	3230501	121505736.00
20160615	36.69	38.02	36.54	37.83	4215811	160618288.00
20160616	37.79	38.49	37.31	37.98	4681097	179661744.00
20160617	38.30	38.92	37.98	38.36	5625930	218673632.00
20160620	39.02	39.09	38.06	38.57	5317210	207647184.00
20160621	38.63	39.32	38.28	38.73	5640081	221737024.00
20160622	38.84	38.84	38.10	38.62	4649310	180800224.00
20160623	38.62	39.24	38.10	38.91	5801341	227177664.00
20160624	38.66	39.00	37.12	38.04	4569958	176775760.00
20160627	38.07	40.62	38.07	40.36	12548214	501967968.00
20160628	39.82	41.02	39.77	40.17	7031682	286853408.00
20160629	40.49	41.85	40.49	40.82	8677425	361861856.00
20160630	40.91	41.22	40.40	41.00	4426563	182816080.00
20160701	41.18	42.72	40.80	41.72	7931258	337089600.00
20160704	41.04	45.72	41.02	44.66	16651874	733141824.00
20160705	44.92	49.17	44.92	46.52	24959421	1190093824.00
20160706	45.98	46.68	45.57	46.18	11122700	517669312.00
20160707	46.16	46.16	44.67	45.64	8561600	392176416.00
20160708	45.50	46.53	44.82	45.27	7460800	344565248.00
20160711	46.28	47.52	44.97	45.34	12069000	566268928.00
20160712	45.31	46.36	44.67	46.22	8699500	399391104.00
20160713	47.47	48.12	45.12	45.67	12076900	565588736.00
20160714	45.52	45.99	44.47	45.47	9453500	431341024.00
20160715	45.11	45.20	43.96	44.11	7235900	324737984.00
20160718	44.22	44.51	43.36	43.51	6455400	285594944.00
20160719	43.83	44.01	43.37	43.96	4082100	180273920.00
20160720	44.05	44.23	43.64	43.97	3677300	162286432.00
20160721	43.97	44.47	43.67	44.15	4081700	181127184.00
20160722	44.55	45.07	44.22	44.41	6490200	291277792.00
20160725	44.27	44.71	43.65	43.97	3604700	160226576.00
20160726	43.82	44.33	43.68	44.19	4249300	187920896.00
20160727	44.35	44.71	41.79	42.70	6779955	294890208.00
20160728	42.68	43.28	41.14	41.90	6003927	253562768.00
20160729	41.78	42.10	41.27	41.91	3055012	127861672.00
20160801	41.77	41.77	39.78	40.01	4717912	192366080.00
20160802	40.02	40.92	40.02	40.80	2874669	117142256.00
20160803	40.63	41.10	40.40	40.93	2372810	97401072.00
20160804	41.02	41.16	40.68	40.92	3154488	129885304.00
20160805	40.97	41.18	40.42	40.59	2571784	105479904.00
20160808	40.59	42.47	40.05	42.30	5287138	220778016.00
20160809	42.07	42.25	41.59	42.21	3526800	148640496.00
20160810	42.25	42.36	41.77	41.78	2004200	84628992.00
20160811	41.75	41.87	40.78	40.82	2208829	91619176.00
20160812	40.87	42.21	40.83	41.66	2272239	94621848.00
20160815	41.47	43.23	41.47	42.79	4312585	184262096.00
20160816	43.22	43.92	42.83	42.93	4875866	212728032.00
20160817	42.77	44.24	42.60	43.75	5050634	222181696.00
20160818	43.42	43.75	42.99	43.29	2341690	102085248.00
20160819	43.27	43.59	42.48	43.27	2375789	102901120.00
20160822	43.27	43.45	42.60	42.67	1847600	79880280.00
20160823	42.77	43.01	42.27	42.52	1907200	81837472.00
20160824	42.53	43.14	42.29	42.94	2958000	127314328.00
20160825	42.67	42.67	42.07	42.44	2344600	99740224.00
20160826	42.44	42.63	42.07	42.47	3951600	168044576.00
20160829	42.82	43.22	42.27	42.35	2858638	122549592.00
20160830	42.17	43.73	42.16	43.28	7497311	325091200.00
20160831	42.97	44.41	42.92	44.21	7473109	330067808.00
20160901	44.06	45.17	43.41	43.45	5828609	259661104.00
20160902	43.45	43.91	42.73	43.06	2985347	129624112.00
20160905	43.37	43.65	42.77	43.24	3107682	134894880.00
20160906	43.17	43.87	42.52	43.82	3355821	146046608.00
20160907	43.87	44.72	43.58	43.86	4591213	204019152.00
20160908	43.65	44.22	43.65	43.86	2290600	101143408.00
20160909	43.77	44.02	43.07	43.12	2901756	127338344.00
20160912	42.57	42.67	41.79	42.19	3224745	136975152.00
20160913	42.28	42.47	41.87	42.00	1450074	61386524.00
20160914	41.79	42.62	41.66	42.30	2253704	95511400.00
20160919	42.31	42.56	41.55	41.98	2434187	102710192.00
20160920	42.06	42.16	41.37	41.45	1800075	75295688.00
20160921	41.45	41.95	41.42	41.50	1633068	68314744.00
20160922	41.62	42.17	41.58	42.02	1953461	82446992.00
20160923	42.02	42.08	41.70	41.80	1026322	43152624.00
20160926	41.68	41.69	40.34	40.80	2236870	92002080.00
20160927	40.77	40.77	39.68	40.26	2851169	114900424.00
20160928	40.31	40.77	39.72	40.55	2483542	100653472.00
20160929	40.43	40.69	40.17	40.24	1312498	53355488.00
20160930	40.22	40.63	40.08	40.42	1145951	46655148.00
20161010	40.47	41.76	40.17	41.72	3188638	132648152.00
20161011	41.73	42.45	41.49	41.94	2875242	121506168.00
20161012	41.77	42.31	41.60	42.05	2638138	111768792.00
20161013	42.06	42.16	41.70	41.80	1452737	61190528.00
20161014	41.63	41.85	41.05	41.63	2054169	85590368.00
20161017	41.64	42.17	40.77	40.86	3000404	124995288.00
20161018	40.86	41.95	40.86	41.74	2460438	102636800.00
20161019	42.11	42.56	41.66	42.20	3916888	166204000.00
20161020	42.20	42.32	41.86	41.88	1646234	69594696.00
20161021	41.87	42.37	41.60	41.69	1398469	58868732.00
20161024	41.67	43.39	41.67	43.24	6756068	291386688.00
20161025	43.12	43.18	42.73	42.96	2188466	94355648.00
20161026	42.97	42.97	42.34	42.66	2218344	94896000.00
20161027	42.49	43.88	42.49	43.44	4399917	191821984.00
20161028	43.76	44.31	43.07	43.11	4427979	195218864.00
20161031	42.88	43.13	42.55	42.96	1818802	78327352.00
20161101	43.11	43.33	42.54	42.86	2235400	96130024.00
20161102	42.77	42.95	42.05	42.49	2253200	96089192.00
20161103	42.47	43.27	42.05	42.88	4625320	198229952.00
20161104	42.92	42.92	41.27	41.93	5374700	226648512.00
20161107	41.73	42.13	41.52	41.77	2294648	96378224.00
20161108	41.97	42.72	41.79	42.56	3608204	153411712.00
20161109	42.39	42.60	41.39	41.93	2658677	112324040.00
20161110	42.39	42.95	42.15	42.65	2595554	111069880.00
20161111	42.62	43.63	42.47	43.16	3178774	137962624.00
20161114	42.99	43.54	42.75	43.27	2717207	117818480.00
20161115	43.19	43.47	42.95	43.44	2842367	123744624.00
20161116	43.44	43.59	43.11	43.15	1767300	77005656.00
20161117	43.42	44.65	43.42	44.02	6739900	298806624.00
20161118	43.80	44.77	43.67	44.18	4763900	212766608.00
20161121	44.09	44.97	43.71	44.76	5394200	240485952.00
20161122	44.73	45.46	44.44	45.31	7182534	323946016.00
20161123	45.35	45.95	44.67	45.43	5969387	272296672.00
20161124	45.38	45.75	44.37	44.50	3890200	175539616.00
20161125	44.49	44.87	43.75	44.39	3023900	134337344.00
20161128	44.68	45.65	44.68	45.30	5232400	237808480.00
20161129	45.47	47.44	44.83	44.91	10272800	477500768.00
20161130	45.07	46.23	43.77	46.19	6263700	284222560.00
20161201	45.79	46.25	45.60	45.89	2677424	123379872.00
20161202	45.94	46.96	44.63	44.70	4373986	200268128.00
20161205	44.47	46.76	44.17	45.90	7223300	334448928.00
20161206	45.92	46.25	45.07	45.54	3363400	153664208.00
20161207	45.51	45.87	45.00	45.76	4302900	196597008.00
20161208	45.91	45.98	44.72	44.85	3178200	144278352.00
20161209	44.77	44.82	43.52	43.57	5084600	225353120.00
20161212	43.87	44.84	43.15	43.21	6117532	271303680.00
20161213	42.77	44.87	42.77	44.44	6571209	292003552.00
20161214	44.35	46.26	44.24	45.53	6559943	299342368.00
20161215	45.77	47.14	44.78	46.56	10335213	481257792.00
20161216	46.10	46.46	45.74	46.35	3400214	157568688.00
20161219	46.37	47.25	45.83	46.43	4451827	208154352.00
20161220	46.72	47.15	45.61	45.82	3928999	183166400.00
20161221	46.07	47.50	45.61	47.36	7727914	363007296.00
20161222	47.37	47.37	46.77	47.02	3660425	172875408.00
20161223	46.77	47.89	46.42	46.51	4505165	214182240.00
20161226	46.37	46.51	45.17	46.38	4594127	211087520.00
20161227	46.12	46.33	45.59	46.03	3053577	141097232.00
20161228	45.97	47.51	45.80	46.39	5230187	245913872.00
20161229	46.38	47.74	46.14	47.38	5917800	280658048.00
20161230	47.44	48.37	46.97	48.19	6097600	291920576.00
20170103	47.93	51.49	47.77	50.09	13125130	657772352.00
20170104	49.77	51.04	49.62	50.34	7592537	383485760.00
20170105	50.24	53.52	49.85	52.55	12874516	676158464.00
20170106	51.99	53.63	50.89	50.99	11769810	615472576.00
20170109	50.90	52.69	50.32	51.95	10962545	568578240.00
20170110	51.76	53.53	50.30	50.60	10231190	533984128.00
20170111	50.28	51.66	49.87	50.65	6765065	344569600.00
20170112	50.27	50.71	48.87	49.24	7623688	379104096.00
20170113	49.27	50.27	48.87	49.43	7024251	350308704.00
20170116	49.07	50.63	46.77	49.13	9817104	486265824.00
20170117	48.92	52.27	48.77	51.88	9605344	489129376.00
20170118	51.57	52.57	51.08	52.36	7019964	365473056.00
20170119	52.07	52.17	50.95	51.40	4963635	256732848.00
20170120	51.26	52.06	50.57	51.49	5104098	262355248.00
20170123	51.77	52.51	50.37	50.63	6422608	331157600.00
20170124	50.29	51.08	50.16	50.72	4186540	212668560.00
20170125	50.32	50.95	49.07	49.96	6568980	328450432.00
20170126	49.90	51.76	49.67	51.74	5613066	286285568.00
20170203	51.67	52.89	51.19	51.95	5496802	288162848.00
20170206	51.77	53.92	51.70	53.79	7745512	412245184.00
20170207	53.65	53.92	52.68	53.43	5307179	283331072.00
20170208	53.20	55.33	52.92	54.79	8498517	464843168.00
20170209	54.28	54.93	53.99	54.88	5285972	288663968.00
20170210	54.80	54.85	53.08	53.15	8199392	441765120.00
20170213	53.37	53.65	52.88	53.43	4101307	219336224.00
20170214	53.19	54.03	52.57	52.68	4521779	242038480.00
20170215	52.41	53.57	52.30	53.15	4204647	223464576.00
20170216	52.88	54.46	52.59	53.46	5966907	321741056.00
20170217	53.12	53.65	52.33	52.37	6437378	341143360.00
20170220	52.37	52.89	51.47	52.06	8435300	439906112.00
20170221	52.13	53.46	51.75	53.42	6848283	360694176.00
20170222	53.37	53.37	52.17	52.33	5291677	279711264.00
20170223	51.98	52.37	49.59	50.20	13290563	675954368.00
20170224	49.82	50.93	49.82	50.70	5866300	297183680.00
20170227	50.61	51.10	50.25	50.39	3756200	190967520.00
20170228	50.44	51.28	50.42	50.84	3663447	187190368.00
20170301	50.88	51.73	50.87	51.06	6121099	315928832.00
20170302	50.79	51.05	50.34	50.74	3373806	171663984.00
20170303	50.55	51.59	50.40	50.68	4556621	233464560.00
20170306	50.68	53.27	50.20	52.76	9737102	507121760.00
20170307	51.77	52.67	51.48	52.41	6706600	350040800.00
20170308	52.47	54.02	52.19	53.11	9516757	510080320.00
20170309	52.77	53.11	52.38	52.89	4275564	226076608.00
20170310	52.77	53.44	52.08	52.21	4321388	228535840.00
20170313	52.17	52.52	51.99	52.45	3304311	173703440.00
20170314	52.65	53.57	52.36	53.32	5770282	307067296.00
20170315	53.36	53.37	51.43	51.73	7382216	387378496.00
20170316	51.43	51.84	50.84	51.82	8644549	444978720.00
20170317	51.73	51.85	50.44	50.70	5342434	275154912.00
20170320	50.62	51.24	49.90	50.44	5126600	260742800.00
20170321	50.32	50.82	50.12	50.31	3859800	195412992.00
20170322	50.16	50.16	48.78	49.01	7889974	390342688.00
20170323	48.97	49.72	48.97	49.52	4560518	226439312.00
20170324	49.57	49.65	48.98	49.42	3463600	171323168.00
20170327	49.40	50.43	49.36	50.26	5012088	252345760.00
20170328	50.27	50.87	50.04	50.10	2996983	151770544.00
20170329	50.11	50.61	49.34	49.40	5322789	267477744.00
20170330	49.25	49.88	48.48	48.76	4643193	229268032.00
20170331	48.94	50.14	48.87	49.77	5835070	291154176.00
20170405	49.77	50.52	48.27	50.31	4500477	226886528.00
20170406	50.34	50.73	49.87	49.96	4064764	205545888.00
20170407	49.89	51.44	49.89	51.21	7201026	369236576.00
20170410	51.57	51.97	50.80	51.48	6928810	357504736.00
20170411	51.76	53.76	51.11	53.37	13269600	701832960.00
20170412	52.97	54.47	52.46	52.59	8541700	458533760.00
20170413	52.77	53.24	50.97	51.32	6680119	346185344.00
20170414	51.32	51.85	50.78	50.86	4343307	223401552.00
20170417	50.76	50.76	49.27	49.72	3740988	187120672.00
20170418	49.82	50.20	49.51	49.74	2172720	108655296.00
20170419	49.50	49.95	48.27	48.67	4257514	209235264.00
20170420	48.64	49.15	46.94	47.73	5140742	247974656.00
20170421	47.77	48.02	46.97	47.26	2944293	140259440.00
20170424	47.36	47.48	46.26	46.28	2826000	132782816.00
20170425	46.59	46.71	45.72	46.49	3387500	157387136.00
20170426	46.56	46.90	46.38	46.62	2895500	135733584.00
20170427	46.54	47.43	45.15	47.10	4649800	216153888.00
20170428	46.80	47.45	46.77	47.39	2407941	114156824.00
20170502	47.31	47.31	46.27	46.84	3092457	145227872.00
20170503	46.37	47.43	46.29	47.40	3328647	157358112.00
20170504	47.27	47.27	45.77	45.79	4685800	217479840.00
20170505	45.89	46.06	42.72	42.75	8397600	370163072.00
20170508	42.27	43.37	41.39	41.95	4664000	198548016.00
20170509	41.78	43.91	41.62	43.57	7115400	308372672.00
20170510	43.67	44.36	43.12	43.14	4466800	196076880.00
20170511	42.80	43.89	42.12	43.62	3215400	139760080.00
20170512	43.76	44.12	42.97	43.12	2079646	90861192.00
20170515	43.12	45.07	43.12	44.26	4037203	180282416.00
20170516	44.26	44.57	43.60	44.48	2459112	108934464.00
20170517	44.02	45.76	44.02	45.40	4131457	188372912.00
20170518	45.37	45.94	44.57	44.64	3133700	142320256.00
20170519	44.63	45.12	43.81	44.43	1910726	85034336.00
20170522	43.93	44.70	43.78	43.94	2356071	104648320.00
20170523	44.00	44.27	41.07	41.30	3297100	140972560.00
20170524	41.29	42.02	39.80	41.74	4018200	165301408.00
20170525	41.92	42.20	40.29	41.94	4776800	197419840.00
20170526	41.58	42.25	40.76	40.82	3715000	154806784.00
20170531	41.32	42.12	40.77	40.86	2206261	91556248.00
20170601	40.78	41.16	39.27	39.32	2891616	117093896.00
20170602	39.32	39.87	37.87	39.81	6623997	258621664.00
20170605	39.81	41.77	39.81	40.77	5194853	213645200.00
20170606	41.06	42.41	40.83	41.72	4434981	186241216.00
20170607	41.76	42.57	41.76	42.43	5374055	228110576.00
20170608	42.35	42.35	41.64	42.03	3996598	168551696.00
20170609	42.03	42.18	41.71	42.12	2898927	122274520.00
20170612	42.02	42.02	40.39	40.84	4922500	202997312.00
20170613	40.57	42.12	40.47	41.96	4755302	198106336.00
20170614	41.77	43.00	41.38	42.59	7168219	306253888.00
20170615	42.45	44.04	42.23	43.44	7171190	313829152.00
20170616	43.44	44.10	42.88	43.80	3718823	162840544.00
20170619	43.67	45.47	43.67	44.82	6017441	272338560.00
20170620	44.89	45.23	44.47	44.72	3075247	138379104.00
20170621	45.03	45.65	43.98	44.35	4240037	190212480.00
20170622	44.27	44.37	43.07	43.11	5183313	227052528.00
20170623	43.47	44.15	42.81	43.82	5190111	226828784.00
20170626	44.00	45.02	43.20	45.01	6132941	272082528.00
20170627	45.28	45.40	44.71	44.78	4838064	217840784.00
20170628	44.83	44.96	43.76	44.11	3920639	172954912.00
20170629	44.06	45.65	43.94	45.59	6032175	271428352.00
20170630	45.61	46.07	45.10	45.77	4782375	218419792.00
20170703	46.00	46.04	45.30	45.92	3111674	141816096.00
20170704	45.85	45.89	45.33	45.72	3357464	152998816.00
20170705	45.72	45.87	45.05	45.64	3827597	173697616.00
20170706	45.63	45.96	44.78	45.45	4737201	214774608.00
20170707	45.30	45.79	44.80	45.43	4444156	201127616.00
20170710	45.53	46.90	44.73	44.80	7137743	325147968.00
20170711	44.50	44.51	43.07	43.16	6598509	289144800.00
数据来源:通达信
